21.0,1.2952632,0.8762778,9.600749,0.0061086523,-0.014660766,-0.0012217305
21.0,1.115698,0.92176765,9.627085,0.1600467,0.1282817,-0.07696902
60.0,1.0486604,0.770933,9.68694,-0.05497787,-0.22724187,-0.27000242
60.0,1.0726024,0.6536171,9.7084875,-0.12339478,-0.4166101,-0.2919936
60.0,1.2258313,0.6464345,9.653421,-0.015882496,0.35430184,0.08674286
60.0,1.3072342,0.7589619,9.588778,-0.040317107,0.36774087,0.09773844
101.0,1.2473791,0.7469909,9.629479,-0.0842994,0.2003638,0.05497787
101.0,1.2785037,0.7206547,9.722853,-0.11728613,0.034208454,0.019547688
101.0,1.283292,0.6488287,9.701305,-0.12461651,0.039095376,0.03176499
101.0,1.3263878,0.5793968,9.725247,-0.112399206,0.036651913,0.02321288
110.0,1.3215994,0.641646,9.710882,-0.09896017,0.029321533,0.0036651916
119.0,1.316811,0.7206547,9.660604,-0.10995574,0.02076942,-0.02687807
131.0,1.2737153,0.6799533,9.65821,-0.13194689,0.040317107,-0.04886922
139.0,1.2354081,0.49799395,9.653421,-0.13561209,0.04642576,-0.02321288
149.0,1.2617443,0.47405192,9.701305,-0.11362094,0.036651913,0.007330383
159.0,1.2617443,0.62249243,9.674969,-0.09285152,0.03176499,0.009773844
171.0,1.2497733,0.61530983,9.595961,-0.09285152,0.028099801,-0.0036651916
179.0,1.2593501,0.58897364,9.610326,-0.10751228,0.019547688,-0.014660766
190.0,1.316811,0.62249243,9.648633,-0.12583824,0.017104227,-0.05009095
199.0,1.2138603,0.5650316,9.64145,-0.12950343,0.021991149,-0.05375614
210.0,1.13964,0.47644615,9.665392,-0.119729586,0.009773844,-0.02565634
219.0,1.3096284,0.48123455,9.619903,-0.1160644,-0.0012217305,-0.012217305
231.0,1.3239936,0.62488663,9.605537,-0.15027285,-0.012217305,-0.030543262
240.0,1.2761095,0.6847417,9.543288,-0.21746802,-0.021991149,-0.073303826
250.0,1.2785037,0.6679823,9.55047,-0.29932398,-0.029321533,-0.1001819
260.0,1.2090719,0.6368576,9.476251,-0.38973203,-0.047647487,-0.112399206
271.0,1.460463,0.5793968,9.507375,-0.48991394,-0.05131268,-0.13805555
281.0,1.520318,0.5554548,9.334992,-0.6267477,-0.040317107,-0.1685988
293.0,2.1308396,0.4237737,8.556877,-0.6963864,0.02443461,-0.17470746
301.0,1.8794483,0.17956513,9.385271,-0.6365216,0.04642576,-0.105068825
310.0,1.3120226,0.7398083,9.239224,-0.766025,-0.02443461,-0.064751714
320.0,1.2904748,1.0606314,8.920795,-1.0861185,-0.03176499,-0.1966986
331.0,1.5490485,0.9720459,8.89446,-1.4990633,0.009773844,-0.3408628
340.0,1.7932571,0.7182605,8.875306,-1.8985692,0.039095376,-0.3921755
352.0,1.8770541,0.2753332,8.748413,-2.234545,0.058643065,-0.37751472
360.0,1.8267759,-0.033518825,8.6813755,-2.525317,0.06963864,-0.3652974
371.0,1.6711528,-0.3184288,8.65025,-2.8075366,0.09040806,-0.39706242
380.0,1.6112977,-0.59376204,8.671799,-3.0750957,0.12339478,-0.46303585
392.0,1.5921441,-0.78529817,8.6095495,-3.286455,0.15393804,-0.5412266
401.0,1.484405,-0.9552865,8.487445,-3.4049628,0.18081611,-0.61208695
412.0,1.3000516,-1.2425907,8.365341,-3.4306192,0.18936823,-0.66828656
421.0,1.1875241,-1.4317327,8.231265,-3.4147367,0.14660765,-0.70616025
431.0,1.1444284,-1.4796166,7.872135,-3.40985,0.11728613,-0.73426
441.0,0.9888053,-1.697489,7.587225,-3.4513886,0.112399206,-0.7733554
451.0,0.9648633,-1.7860745,7.4028716,-3.5295794,0.096516706,-0.8222246
461.0,1.0821792,-2.2888567,7.3166804,-3.6065483,0.105068825,-0.87109387
472.0,1.2042835,-3.052607,7.457938,-3.6334264,0.14294247,-0.90408057
481.0,1.4341269,-4.0940847,7.714118,-3.571118,0.172264,-0.9101892
492.0,1.6496049,-5.195418,8.075643,-3.3915238,0.18325958,-0.8943067
501.0,1.8076223,-6.3350577,8.475474,-3.0983086,0.17715092,-0.8686504
511.0,1.8124107,-7.0221934,8.683769,-2.7708848,0.12705997,-0.8210029
521.0,1.8100165,-7.086837,8.707711,-2.4996605,0.07819075,-0.7623598
532.0,1.7501614,-6.9168487,8.578424,-2.316401,0.062308256,-0.7171558
540.0,1.7717092,-6.789956,8.425196,-2.234545,0.0720821,-0.67073005
551.0,1.7717092,-6.9647326,8.26239,-2.221106,0.087964594,-0.59986967
561.0,1.7788919,-7.2592196,8.087613,-2.2223277,0.10140363,-0.5204572
571.0,1.7286136,-7.536947,7.929596,-2.2101104,0.1160644,-0.45448375
581.0,1.5658079,-7.668628,7.807492,-2.1734586,0.15027285,-0.3921755
597.0,1.5634137,-7.711724,7.8146744,-2.1734586,0.15027285,-0.3921755
604.0,1.5155296,-7.728483,7.759608,-2.1355848,0.16493362,-0.3481932
613.0,1.541866,-8.0445175,7.678205,-2.058616,0.18081611,-0.28099802
624.0,1.5059528,-8.377312,7.675811,-1.9230038,0.20525073,-0.21135938
635.0,1.4077905,-8.439561,7.7093296,-1.7458528,0.22479841,-0.1563815
645.0,1.3192052,-8.3821,7.630321,-1.5662584,0.24312437,-0.1160644
655.0,1.2976574,-8.190564,7.524976,-1.4025466,0.27977628,-0.042760566
664.0,1.2378023,-7.9224133,7.129933,-1.4147639,0.30787608,0.0012217305
674.0,1.163582,-7.8745294,6.9886746,-1.4147639,0.3408628,0.030543262
685.0,1.1300632,-8.066066,6.861782,-1.3927728,0.37751472,0.05375614
696.0,1.1133038,-8.42759,6.885724,-1.3439035,0.42394048,0.08307768
704.0,1.0702082,-8.62152,6.9503675,-1.2412782,0.47403142,0.10629055
716.0,1.0534488,-8.686164,7.074866,-1.0897835,0.5119051,0.12461651
724.0,1.0319009,-8.643068,7.079654,-0.9456194,0.5448918,0.15271631
734.0,0.9792285,-8.540117,7.055712,-0.8454375,0.5852089,0.1881465
745.0,0.92416185,-8.566454,6.967127,-0.8051204,0.6206391,0.2321288
754.0,0.89064306,-8.616732,6.658275,-0.80878556,0.6658431,0.27488935
762.0,0.80924016,-8.65025,6.5385647,-0.8405506,0.7098254,0.30787608
775.0,0.6751649,-8.6334915,6.3781533,-0.8906415,0.75991637,0.3371976
785.0,0.58657944,-8.815451,6.2129536,-0.93951076,0.8014552,0.376293
794.0,0.47884035,-9.0429,6.129156,-0.956615,0.8210029,0.41905355
802.0,0.30645782,-9.217676,6.0022635,-0.9236283,0.8503244,0.46670106
813.0,0.23223756,-9.44752,5.973533,-0.82711154,0.86009824,0.51923543
822.0,0.2873042,-9.629479,5.923255,-0.68539083,0.86620694,0.5693264
833.0,0.2896984,-9.598354,5.791574,-0.52534413,0.8698721,0.6169739
842.0,0.2705448,-9.648633,5.7365074,-0.3652974,0.86620694,0.66339964
852.0,0.24899697,-9.552865,5.5976434,-0.23701571,0.86498517,0.71593404
861.0,0.21547815,-9.397242,5.4899044,-0.1685988,0.86620694,0.7733554
873.0,0.12689269,-9.334992,5.327099,-0.13683382,0.86498517,0.8222246
883.0,0.1316811,-9.354146,5.233725,-0.11728613,0.86620694,0.86254174
895.0,0.06703765,-9.392453,5.2265425,-0.089186326,0.86254174,0.89675015
904.0,0.0,-9.28232,5.0757074,-0.043982297,0.86254174,0.9260717
914.0,-0.08619126,-9.179369,5.1475334,0.0,0.86009824,0.95417154
923.0,-0.16280572,-9.081207,5.0876784,0.034208454,0.8527679,0.98471475
934.0,-0.16998832,-8.987833,4.9344497,0.059864793,0.8454375,1.0140363
945.0,-0.35194764,-8.880095,4.9296613,0.080634214,0.8258898,1.0433578
956.0,-0.4213795,-8.944737,4.7261543,0.089186326,0.8210029,1.070236
965.0,-0.5410896,-8.836999,4.656722,0.096516706,0.81000733,1.0934488
975.0,-0.6631939,-8.78672,4.572925,0.11484267,0.79779,1.1166617
985.0,-0.6631939,-8.750807,4.5896845,0.14538592,0.77579886,1.1398746
997.0,-0.8283938,-8.767567,4.5681367,0.17959438,0.75625116,1.1679744
1005.0,-0.91937345,-8.853758,4.709395,0.21991149,0.7476991,1.1911873
1016.0,-0.9911995,-8.863335,4.817134,0.27855456,0.73426,1.2046263
1025.0,-1.1420342,-8.865729,4.8099513,0.37140608,0.72326446,1.219287
1036.0,-1.2808979,-8.7532015,4.841076,0.48991394,0.7147123,1.2351695
1045.0,-1.3742718,-8.597578,4.8386817,0.59131753,0.7086037,1.2425
1055.0,-1.5035586,-8.303091,4.900931,0.65240407,0.6976081,1.2425
1068.0,-1.6663644,-8.099585,4.9057193,0.6731735,0.6914995,1.2437216
1075.0,-1.7860745,-7.9750857,4.900931,0.6719518,0.6792821,1.2547172
1111.0,-1.8531121,-7.797915,5.032612,0.6597345,0.6731735,1.269378
1111.0,-2.0111294,-7.9008656,5.1116204,0.6450737,0.6646214,1.2803736
1111.0,-2.0973208,-7.809886,5.023035,0.6230826,0.66339964,1.2803736
1112.0,-2.2529438,-7.5345526,5.080496,0.5864306,0.66950834,1.2632693
1121.0,-2.44448,-7.350199,5.197812,0.535118,0.67073005,1.2339478
1132.0,-2.6001031,-7.117962,5.2504845,0.48991394,0.657291,1.2070698
1142.0,-2.7581203,-7.0102224,5.3701944,0.47647488,0.6462954,1.1826351
1153.0,-2.9520507,-7.0006456,5.3701944,0.48502702,0.63285637,1.1618657
1161.0,-3.016694,-6.921637,5.3606176,0.50579643,0.6218608,1.1447614
1171.0,-3.0933087,-6.8881183,5.2840033,0.5375614,0.6096435,1.128879
1181.0,-3.2752678,-6.7205243,5.2241483,0.55833083,0.6035349,1.110553
1193.0,-3.4165258,-6.6271505,5.245696,0.54367006,0.59864795,1.0885619
1201.0,-3.5577838,-6.6606693,5.1523223,0.51923543,0.58276546,1.070236
1211.0,-3.7325604,-6.5864487,5.1259856,0.5131268,0.5717699,1.0567969
1221.0,-3.8953662,-6.55293,5.140351,0.52778757,0.55955255,1.0384709
1231.0,-4.098873,-6.4140663,5.140351,0.5571091,0.5412266,1.0177015
1241.0,-4.232949,-6.4858923,5.209783,0.5876524,0.51923543,1.0067059
1252.0,-4.2880154,-6.5577183,5.267244,0.63163465,0.5021312,1.0091494
1261.0,-4.271256,-6.483498,5.398925,0.6939429,0.48747048,1.0067059
1271.0,-4.378995,-6.3901243,5.3725886,0.77213365,0.47036624,0.99082345
1281.0,-4.5178585,-6.253655,5.315128,0.8222246,0.45814893,0.98471475
1292.0,-4.5322237,-6.208165,5.3127337,0.8258898,0.4569272,0.99204516
1301.0,-4.5537715,-6.3063273,5.281609,0.8173377,0.45570546,0.9944886
1317.0,-4.685453,-6.397307,5.2169657,0.8197812,0.45204028,0.9896017
1321.0,-4.771644,-6.4164605,5.2983685,0.8405506,0.45204028,0.98715824
1558.0,-4.8099513,-6.1195793,5.281609,0.8723156,0.45081854,0.9944886
1558.0,-4.88896,-5.98311,5.3247046,0.89675015,0.45081854,1.0091494
1558.0,-4.9224787,-5.9663506,5.446809,0.9077458,0.453262,1.0189233
1558.0,-4.900931,-5.9639564,5.530606,0.91751957,0.45570546,1.0250319
1558.0,-4.9296613,-5.9280434,5.5377884,0.93951076,0.46670106,1.0323622
1558.0,-4.999093,-5.7628436,5.5162406,0.96883225,0.47525316,1.0372492
1558.0,-5.056554,-5.485116,5.5018754,0.9639453,0.47891834,1.0482447
1558.0,-5.106832,-5.401319,5.437232,0.92485,0.48747048,1.0629056
1558.0,-5.2983685,-5.4420204,5.398925,0.88697636,0.49113566,1.0690142
1558.0,-5.3606176,-5.451597,5.4324436,0.86498517,0.4972443,1.0677924
1558.0,-5.530606,-5.3845596,5.533,0.88086766,0.5021312,1.065349
1558.0,-5.6120086,-5.142745,5.497087,0.93218035,0.49480084,1.0677924
1558.0,-5.6527104,-4.771644,5.485116,0.95172805,0.48747048,1.078788
1558.0,-5.695806,-4.5394063,5.473145,0.9101892,0.49113566,1.0897835
1558.0,-5.8466406,-4.6136265,5.4922986,0.8063421,0.4886922,1.0824533
1558.0,-5.9759274,-4.5920787,5.803545,0.82711154,0.47769663,1.0812315
1558.0,-6.10282,-4.426879,5.901707,0.90041536,0.45814893,1.0861185
1558.0,-6.0884547,-4.1395745,5.93762,0.9761627,0.4447099,1.0958922
1558.0,-6.0022635,-3.7900212,5.851429,1.0201449,0.44104472,1.1044444
1558.0,-6.0621185,-3.5673606,5.741296,1.0213667,0.4447099,1.1081096
1558.0,-6.181829,-3.4500446,5.626374,0.9896017,0.46181414,1.105666
1558.0,-6.2991447,-3.430891,5.683835,0.956615,0.46670106,1.0897835
1558.0,-6.445191,-3.3638535,5.717354,0.95172805,0.4654793,1.070236
1692.0,-6.5936313,-3.1771057,5.729325,0.97127575,0.44593164,1.0567969
1692.0,-6.6103907,-2.954445,5.746084,0.9932669,0.41905355,1.0519099
1692.0,-6.493075,-2.7150247,5.7508726,0.9957104,0.39828414,1.0519099
1692.0,-6.3805475,-2.4827871,5.6239796,0.9627236,0.38240165,1.0482447
1692.0,-6.2871737,-2.4899697,5.60722,0.90285885,0.376293,1.047023
1692.0,-6.3350577,-2.5019407,5.518635,0.8417723,0.38240165,1.0396926
1692.0,-6.5098343,-2.396596,5.494693,0.79779,0.38728857,1.0238101
1692.0,-6.7253127,-2.3008277,5.619191,0.77824235,0.37995818,1.0079277
1692.0,-6.849811,-2.123657,5.674258,0.79045963,0.3640757,0.9993755
1692.0,-6.8785415,-2.0039468,5.659893,0.8185594,0.3408628,1.0005972
1692.0,-6.8522053,-1.7669208,5.717354,0.86132,0.3213151,0.9981538
1692.0,-6.754043,-1.5825673,5.659893,0.9016371,0.2968805,0.98837996
1693.0,-6.6486983,-1.4820108,5.566519,0.91996306,0.27977628,0.9810496
1693.0,-6.679823,-1.4221559,5.4922986,0.9114109,0.27855456,0.97494096
1704.0,-6.835446,-1.3503298,5.523423,0.90041536,0.27855456,0.9627236
1712.0,-6.9599442,-1.4293385,5.602432,0.8979719,0.26633725,0.95172805
1722.0,-6.9862804,-1.2785037,5.7389016,0.8979719,0.26267207,0.9492846
1771.0,-7.065289,-1.2162545,5.877765,0.9211848,0.2602286,0.93951076
1771.0,-7.103596,-1.1563994,5.896919,0.97249746,0.25778514,0.9101892
1771.0,-7.2089415,-1.0989386,5.8322754,1.0433578,0.25167647,0.874759
1771.0,-7.1610575,-0.842759,5.825093,1.0995574,0.24801129,0.85154617
1797.0,-7.2328835,-0.7350199,5.722142,1.1093313,0.24190263,0.8503244
1798.0,-7.2328835,-0.545878,5.674258,1.0861185,0.24556783,0.8527679
1798.0,-7.2448545,-0.48362875,5.7628436,1.0482447,0.24678956,0.8564331
1803.0,-7.2209125,-0.60573304,5.753267,1.0103711,0.25534168,0.86009824
1812.0,-7.252037,-0.4237737,5.7149596,0.9932669,0.27488935,0.8698721
1830.0,-7.359776,-0.37110126,5.659893,0.99082345,0.2846632,0.8881981
1835.0,-7.326257,-0.2896984,5.650316,0.97494096,0.29810223,0.9016371
1842.0,-7.3525934,-0.21787235,5.710171,0.9431759,0.30176744,0.9077458
1853.0,-7.3286514,-0.23942018,5.592855,0.9101892,0.31031954,0.9053023
1862.0,-7.369353,-0.021547815,5.542577,0.893085,0.3213151,0.8918633
1872.0,-7.5704656,0.25857377,5.463568,0.90041536,0.31764993,0.8772025
1993.0,-7.654263,0.60812724,5.4180784,0.9089675,0.2968805,0.874759
1993.0,-7.5321584,0.90021986,5.3582234,0.88453287,0.27977628,0.8857546
1993.0,-7.4962454,1.0151415,5.2887917,0.8381071,0.2773328,0.8979719
1993.0,-7.429208,1.0941502,5.149928,0.8038987,0.28710666,0.8881981
1993.0,-7.524976,1.2066777,5.068525,0.8002335,0.30176744,0.86376345
1993.0,-7.6853876,1.3383588,5.1379566,0.8197812,0.3005457,0.8491027
1993.0,-7.6351094,1.400608,5.2049947,0.84665924,0.28710666,0.8539896
1993.0,-7.5968018,1.5945383,5.1523223,0.86498517,0.27855456,0.86620694
1993.0,-7.5465236,1.7836803,5.21936,0.84788096,0.28344148,0.874759
1993.0,-7.515399,1.9512744,5.073313,0.81245077,0.27855456,0.86254174
1993.0,-7.5584946,2.1045034,5.0134583,0.75625116,0.2846632,0.8405506
1993.0,-7.615956,2.2385786,4.853047,0.70371675,0.29077184,0.8173377
2002.0,-7.675811,2.4971523,4.757279,0.6621779,0.28588495,0.8038987
2013.0,-7.690176,2.6024973,4.76925,0.625526,0.2761111,0.8051204
2022.0,-7.6231384,2.6479871,4.747702,0.59498274,0.28099802,0.8051204
2033.0,-7.565677,2.7605145,4.745308,0.5852089,0.2932153,0.79290307
2042.0,-7.654263,2.7389667,4.7285485,0.61208695,0.2968805,0.77579886
2053.0,-7.529764,2.8179753,4.642357,0.6462954,0.2968805,0.75991637
2062.0,-7.505822,2.8993783,4.6662993,0.65484756,0.30665436,0.7464773
2074.0,-7.405266,3.0382419,4.6112323,0.6426302,0.30909783,0.7293731
2082.0,-7.48188,3.2010477,4.6232033,0.61208695,0.30298916,0.71837753
2095.0,-7.501034,3.2609026,4.5681367,0.5534439,0.30787608,0.7147123
2104.0,-7.513005,3.3327289,4.39336,0.48380527,0.3115413,0.6963864
2113.0,-7.52737,3.53863,4.1922474,0.44348818,0.31031954,0.6646214
2122.0,-7.603985,3.572149,4.1299977,0.41538838,0.30176744,0.63529986
2133.0,-7.551312,3.5242648,4.0294414,0.37995818,0.2846632,0.6010914
2144.0,-7.575254,3.6727054,4.0174704,0.35796702,0.2565634,0.55833083
2156.0,-7.5441294,3.8546648,4.0462008,0.36163223,0.22479841,0.52290064
2164.0,-7.429208,3.9576154,3.9791632,0.3848451,0.20647246,0.50335294
2174.0,-7.216124,3.9240966,4.0677485,0.42149702,0.19181168,0.47891834
2184.0,-7.264008,3.892972,4.122815,0.4642576,0.17470746,0.4605924
2229.0,-7.28795,3.9743748,4.003105,0.51068336,0.16371189,0.4569272
2229.0,-7.441179,3.9839516,4.084508,0.5375614,0.14660765,0.453262
2229.0,-7.4866686,4.012682,4.0581717,0.54000485,0.119729586,0.44104472
2229.0,-7.4723034,3.9145198,4.110844,0.54367006,0.09773844,0.41783184
2253.0,-7.441179,3.9815574,4.060566,0.5644395,0.081855945,0.39095375
2253.0,-7.469909,4.039018,4.015076,0.5876524,0.06963864,0.37751472
2253.0,-7.5082164,4.146757,3.9480386,0.6010914,0.061086524,0.3726278
2266.0,-7.479486,4.146757,3.9312792,0.6035349,0.05375614,0.36041048
2275.0,-7.4124484,4.2066126,3.940856,0.61086524,0.043982297,0.34697145
2285.0,-7.326257,4.1659107,3.9073372,0.6291912,0.043982297,0.3555236
2295.0,-7.3286514,4.295198,4.0557775,0.6291912,0.043982297,0.3555236
2304.0,-7.350199,4.3167458,4.132392,0.6230826,0.061086524,0.35918877
2315.0,-7.381324,4.3646297,4.060566,0.6072,0.06719518,0.35308012
2325.0,-7.563283,4.4460325,4.036624,0.56321776,0.07941248,0.33841935
2337.0,-7.5321584,4.3646297,3.9959226,0.52656585,0.080634214,0.34208453
2345.0,-7.443573,4.4723687,3.9624038,0.48747048,0.07819075,0.34330627
2356.0,-7.371747,4.5178585,3.9671922,0.4447099,0.08307768,0.34208453
2366.0,-7.3669586,4.6016555,3.9001546,0.41172317,0.09285152,0.33353242
2378.0,-7.3071036,4.711789,3.8786068,0.39461896,0.12583824,0.32253686
2386.0,-7.3047094,4.685453,3.9360676,0.39461896,0.16371189,0.31887165
2401.0,-7.2951326,4.6902413,3.9839516,0.41783184,0.19303341,0.31764993
2406.0,-7.323863,4.6232033,4.0198646,0.44837508,0.21380283,0.32253686
2419.0,-7.4627266,4.6040497,3.9671922,0.4569272,0.22235495,0.3213151
2429.0,-7.4483614,4.759673,3.9001546,0.43860126,0.21624629,0.31520647
2437.0,-7.405266,4.8027687,3.6607344,0.4007276,0.21135938,0.3042109
2449.0,-7.371747,4.9416323,3.6128504,0.34574974,0.21502456,0.28588495
2461.0,-7.381324,5.1547165,3.6248214,0.28710666,0.21746802,0.2724459
2468.0,-7.3166804,5.2145715,3.5051112,0.24312437,0.22357668,0.26145032
2479.0,-7.28795,5.1642933,3.5290532,0.22602014,0.23579398,0.24801129
2489.0,-7.3885064,5.011064,3.4931402,0.24556783,0.23579398,0.23335053
2499.0,-7.357382,5.0637364,3.4955344,0.29443705,0.23335053,0.23090707
