71.0,2.327164,0.19153613,9.588778,0.0061086523,-0.014660766,-0.0012217305
71.0,1.1851299,-0.60333884,9.911995,0.15515977,0.12950343,-0.061086524
71.0,1.2785037,-0.4381389,9.849746,0.062308256,-0.22602014,-0.25411993
71.0,1.5849615,-0.107739076,9.85214,-0.09407325,-0.408058,-0.3005457
71.0,1.9440918,0.11971009,9.691729,-0.017104227,0.37384954,-0.039095376
113.0,1.9752164,-0.08619126,9.662998,-0.10751228,0.39706242,-0.02687807
113.0,1.8291701,-0.21068975,9.667787,-0.22724187,0.24801129,0.034208454
113.0,1.6543933,-0.320823,9.607931,-0.312763,0.10262536,0.008552114
113.0,1.5969325,-0.35913026,9.5385,-0.3640757,0.09773844,-0.081855945
118.0,1.6807296,-0.36631286,9.435549,-0.40683624,0.09285152,-0.16982053
131.0,1.6041151,-0.5434838,9.416395,-0.45204028,0.09162979,-0.17592919
138.0,1.5897499,-0.58657944,9.471462,-0.48991394,0.087964594,-0.14172074
149.0,1.5155296,-0.7541735,9.473856,-0.5216789,0.08674286,-0.12950343
159.0,1.4772224,-0.82121116,9.442732,-0.54733527,0.07941248,-0.15027285
169.0,1.5179238,-0.93134445,9.349358,-0.5729916,0.06352998,-0.17348573
180.0,1.436521,-1.0223241,9.320627,-0.5925393,0.05009095,-0.17959438
191.0,1.4053963,-1.0654198,9.308656,-0.625526,0.03176499,-0.16737708
199.0,1.3982137,-1.1994951,9.3661175,-0.66828656,0.017104227,-0.15271631
210.0,1.3503298,-1.4053963,9.325416,-0.70249504,0.009773844,-0.14660765
220.0,1.340753,-1.5466543,9.279925,-0.71959925,-0.0061086523,-0.15149458
231.0,1.3599066,-1.5610195,9.334992,-0.7134906,-0.019547688,-0.15271631
240.0,1.3599066,-1.5969325,9.299079,-0.70616025,-0.032986723,-0.14905111
251.0,1.3958195,-1.6160861,9.339781,-0.7171558,-0.04153884,-0.13927728
259.0,1.3958195,-1.6448165,9.291897,-0.7489208,-0.043982297,-0.13072516
269.0,1.3718776,-1.7142484,9.351752,-0.78801614,-0.042760566,-0.12461651
280.0,1.328782,-1.8339585,9.315839,-0.8356637,-0.039095376,-0.12095132
290.0,1.3599066,-2.0254946,9.308656,-0.8881981,-0.037873644,-0.11484267
300.0,1.3694834,-2.1906946,9.229648,-0.93584555,-0.040317107,-0.10751228
311.0,1.484405,-2.3247697,9.277532,-0.9798279,-0.04153884,-0.103847094
319.0,1.4413095,-2.4899697,9.287108,-1.0067059,-0.035430185,-0.10262536
331.0,1.5179238,-2.6743233,9.385271,-1.0067059,-0.028099801,-0.10751228
340.0,1.5155296,-2.6431987,9.411607,-0.9737192,-0.021991149,-0.11362094
350.0,1.4867992,-2.633622,9.416395,-0.9224065,-0.02076942,-0.12095132
360.0,1.5107412,-2.5833437,9.339781,-0.88331115,-0.02565634,-0.1282817
371.0,1.4987702,-2.540248,9.344569,-0.8686504,-0.032986723,-0.13316862
380.0,1.4700398,-2.6719291,9.354146,-0.88697636,-0.034208454,-0.13194689
390.0,1.6208745,-2.741361,9.390059,-0.9334021,-0.021991149,-0.12217305
400.0,1.5921441,-2.753332,9.507375,-1.0005972,-0.0036651916,-0.1160644
410.0,1.6567876,-2.5474305,9.514558,-1.0983357,0.008552114,-0.1160644
420.0,1.70946,-2.6120741,9.586384,-1.2253957,0.030543262,-0.12705997
432.0,1.8195933,-2.858677,9.67018,-1.3487904,0.081855945,-0.13683382
440.0,1.8004397,-3.1555579,9.662998,-1.428203,0.13927728,-0.13683382
451.0,1.6160861,-3.5577838,9.643845,-1.4355333,0.17348573,-0.12705997
460.0,1.5777789,-3.7493198,9.531317,-1.3939945,0.18936823,-0.11728613
470.0,1.5658079,-3.8498764,9.473856,-1.3341297,0.19547687,-0.11362094
480.0,1.5227122,-3.7924154,9.485827,-1.2742649,0.20158553,-0.12461651
491.0,1.6065093,-3.691859,9.392453,-1.2119566,0.20647246,-0.14660765
500.0,1.5490485,-3.5889084,9.277532,-1.1765264,0.21380283,-0.1685988
510.0,1.6280571,-3.5769374,9.203311,-1.1948525,0.22724187,-0.18692477
522.0,1.5849615,-3.7852328,9.069236,-1.2425,0.26633725,-0.19547687
534.0,1.5801731,-4.0533834,9.083601,-1.2803736,0.30787608,-0.19914207
542.0,1.5131354,-4.225766,9.085996,-1.287704,0.33108896,-0.20769419
554.0,1.5131354,-4.249708,9.0237465,-1.2583824,0.34697145,-0.22479841
563.0,1.496376,-4.4244847,9.028535,-1.2266175,0.35796702,-0.23945917
574.0,1.42455,-4.6232033,8.896853,-1.2070698,0.3652974,-0.24312437
583.0,1.3982137,-4.783615,8.762778,-1.2046263,0.37140608,-0.2406809
593.0,1.2976574,-4.9775453,8.647857,-1.2229522,0.38606682,-0.2406809
601.0,1.2689269,-5.159505,8.626308,-1.2437216,0.408058,-0.24312437
615.0,1.1971009,-5.3558292,8.66701,-1.2437216,0.4288274,-0.24556783
627.0,1.1420342,-5.568913,8.554482,-1.2131784,0.44104472,-0.23701571
634.0,1.1731589,-5.662287,8.523358,-1.1557571,0.44593164,-0.21135938
644.0,1.067814,-5.827487,8.588001,-1.0824533,0.453262,-0.17837265
652.0,1.0510546,-6.0262055,8.573636,-1.0042624,0.46914452,-0.14538592
664.0,1.043872,-6.093243,8.511387,-0.91874135,0.48502702,-0.119729586
674.0,0.9744401,-6.045359,8.532935,-0.8332202,0.49846604,-0.105068825
682.0,0.90979666,-5.997475,8.3868885,-0.7684685,0.50823987,-0.096516706
694.0,0.8882488,-6.0501475,8.329428,-0.7305948,0.52290064,-0.08307768
703.0,0.89782566,-6.0477533,8.276755,-0.7098254,0.54244834,-0.062308256
712.0,0.8523358,-6.1219735,8.204929,-0.6927212,0.56199604,-0.037873644
723.0,0.8523358,-6.133945,8.183381,-0.6817256,0.58276546,-0.014660766
736.0,0.7398083,-6.3206925,8.259995,-0.6768387,0.6072,0.004886922
743.0,0.6679823,-6.447585,8.243237,-0.6646214,0.63407815,0.021991149
752.0,0.6488287,-6.4619503,8.180987,-0.63285637,0.65484756,0.039095376
763.0,0.50278234,-6.483498,8.073248,-0.5839872,0.66950834,0.05497787
774.0,0.4165911,-6.471527,8.054094,-0.54367006,0.6805039,0.06841691
784.0,0.38067806,-6.4523735,7.989451,-0.52534413,0.6939429,0.0842994
793.0,0.36391866,-6.4667387,7.9607205,-0.5204572,0.7122689,0.105068825
803.0,0.2801216,-6.4308257,7.967903,-0.5155703,0.7367035,0.1282817
814.0,0.093373865,-6.4978633,8.0445175,-0.4972443,0.75625116,0.15149458
823.0,0.035913024,-6.5601125,7.917625,-0.46792278,0.7770206,0.17592919
833.0,-0.11252748,-6.706159,7.8505874,-0.43249258,0.79412484,0.1966986
843.0,-0.11731588,-6.6415157,7.728483,-0.39461896,0.8038987,0.22113322
855.0,-0.18914193,-6.7013707,7.630321,-0.35918877,0.8063421,0.24923302
864.0,-0.25617957,-6.619968,7.419631,-0.32620203,0.80756384,0.27977628
872.0,-0.29448682,-6.7324953,7.477092,-0.30298916,0.81000733,0.30176744
883.0,-0.35673606,-6.7492547,7.4244194,-0.28710666,0.81245077,0.31642818
894.0,-0.48841715,-6.739678,7.536947,-0.2761111,0.8173377,0.3286455
903.0,-0.5410896,-6.7971387,7.4723034,-0.26145032,0.8185594,0.34208453
914.0,-0.59615624,-6.825869,7.5321584,-0.24190263,0.8136725,0.3555236
923.0,-0.6847417,-6.8761473,7.40766,-0.22602014,0.8026769,0.376293
934.0,-0.6679823,-6.9288197,7.398083,-0.204029,0.79534656,0.39828414
943.0,-0.82121116,-7.144298,7.302315,-0.17592919,0.79412484,0.42149702
954.0,-0.7613561,-7.1275387,7.3310456,-0.14294247,0.79290307,0.44593164
964.0,-0.8451532,-7.2065473,7.381324,-0.10140363,0.7965683,0.46914452
975.0,-0.94570965,-7.1347213,7.285556,-0.036651913,0.79412484,0.49113566
984.0,-1.0726024,-7.007828,7.381324,0.035430185,0.78801614,0.5119051
993.0,-1.1228806,-7.026982,7.2927384,0.08674286,0.7806858,0.53878313
1004.0,-1.1827357,-7.005434,7.3909006,0.11362094,0.7806858,0.5681047
1013.0,-1.1827357,-6.969521,7.369353,0.13439035,0.7819075,0.59131753
1024.0,-1.2378023,-6.8426285,7.371747,0.15515977,0.7819075,0.6047566
1036.0,-1.3096284,-6.7708025,7.302315,0.16982053,0.78801614,0.6267477
1042.0,-1.3623008,-6.789956,7.297527,0.16982053,0.78801614,0.6267477
1054.0,-1.5035586,-6.7851677,7.240066,0.1563815,0.79779,0.6462954
1063.0,-1.5993267,-6.7229185,7.189788,0.16371189,0.8002335,0.65484756
1073.0,-1.7070658,-6.7348895,7.2328835,0.18692477,0.8051204,0.67073005
1083.0,-1.7190368,-6.7564373,7.204153,0.2321288,0.8038987,0.6914995
1095.0,-1.7669208,-6.7085533,7.299921,0.28344148,0.8014552,0.7086037
1163.0,-1.7764976,-6.6893997,7.347805,0.32986724,0.79534656,0.71959925
1163.0,-1.9033904,-6.4643445,7.264008,0.3494149,0.79045963,0.72326446
1163.0,-2.0111294,-6.2464724,7.2831616,0.32986724,0.78801614,0.7244862
1163.0,-2.087744,-6.1411276,7.153875,0.28344148,0.79290307,0.7293731
1163.0,-2.243367,-6.1195793,7.03177,0.23090707,0.79412484,0.7367035
1163.0,-2.3463178,-6.1626754,7.053318,0.18081611,0.79290307,0.74281216
1163.0,-2.5306711,-6.2704144,6.9719152,0.14905111,0.7855727,0.75136423
1172.0,-2.597709,-6.256049,7.0245876,0.13805555,0.77946407,0.7635816
1182.0,-2.755726,-6.126762,7.00304,0.16126843,0.7623598,0.7733554
1190.0,-2.801216,-6.090849,7.0581064,0.21380283,0.74281216,0.7770206
1201.0,-2.8562827,-6.0836663,7.103596,0.2724459,0.7281514,0.77457714
1212.0,-2.9400797,-6.05733,6.9886746,0.31398472,0.71593404,0.77457714
1221.0,-3.0597897,-5.949591,6.9240313,0.34574974,0.70738196,0.77457714
1232.0,-3.040636,-5.8226986,6.943185,0.36651915,0.6927212,0.7696902
1241.0,-3.0933087,-5.6886234,6.8689647,0.3652974,0.6768387,0.77091193
1252.0,-3.1483753,-5.5282116,6.8282633,0.344528,0.6597345,0.7867944
1262.0,-3.1747115,-5.554548,6.8330517,0.32375857,0.64873886,0.8063421
1274.0,-3.3279405,-5.707777,6.8091097,0.31887165,0.6401868,0.8136725
1283.0,-3.4763808,-5.9567738,6.8522053,0.3371976,0.63285637,0.81122905
1293.0,-3.5577838,-6.0740895,6.8929067,0.3933972,0.6267477,0.81000733
1304.0,-3.58412,-5.9926867,6.9886746,0.49235737,0.61453044,0.8185594
1313.0,-3.58412,-5.7604494,7.0341644,0.6230826,0.59742624,0.8368854
1322.0,-3.5745432,-5.4444146,7.00304,0.7440339,0.58276546,0.8564331
1336.0,-3.655946,-5.1666875,6.931214,0.81489426,0.57787853,0.86376345
1344.0,-3.7852328,-4.9559975,6.9144545,0.8210029,0.57787853,0.86132
1353.0,-3.9264908,-4.747702,6.8545995,0.77457714,0.57787853,0.8539896
1363.0,-4.084508,-4.63278,6.775591,0.6914995,0.58032197,0.8503244
1374.0,-4.1611223,-4.4580035,6.742072,0.6035349,0.58276546,0.8503244
1384.0,-4.2999864,-4.5274353,6.7372837,0.5216789,0.5839872,0.8491027
1395.0,-4.426879,-4.6375685,6.7684083,0.44348818,0.58276546,0.84421575
1404.0,-4.4125137,-4.673482,6.7851677,0.39095375,0.5839872,0.8405506
1414.0,-4.4723687,-4.6710877,6.849811,0.39095375,0.57787853,0.8356637
1424.0,-4.534618,-4.5202527,6.8450227,0.43493605,0.5705481,0.83199847
1435.0,-4.596867,-4.450821,6.8929067,0.49235737,0.5656612,0.82833326
1444.0,-4.697424,-4.249708,6.9743094,0.5338962,0.56077427,0.82833326
1456.0,-4.7788267,-4.074931,6.9719152,0.54000485,0.5558874,0.83199847
1464.0,-4.8722005,-3.9624038,6.9144545,0.52534413,0.55833083,0.8332202
1474.0,-5.0421886,-3.9121256,6.8402343,0.50701815,0.5510005,0.8258898
1484.0,-5.1379566,-3.8259344,6.7684083,0.4813618,0.54367006,0.816116
1495.0,-5.3007627,-3.6583402,6.682217,0.4569272,0.5363397,0.81000733
1504.0,-5.29358,-3.5577838,6.6510925,0.44226643,0.52534413,0.8038987
1515.0,-5.2385135,-3.4739866,6.730101,0.43127087,0.50946164,0.8002335
1524.0,-5.2887917,-3.5338416,6.7492547,0.42271876,0.5009095,0.79534656
1534.0,-5.329493,-3.572149,6.811504,0.41416663,0.49235737,0.79045963
1543.0,-5.365406,-3.5003228,6.8929067,0.41172317,0.4886922,0.7831292
1554.0,-5.494693,-3.4931402,6.8545995,0.43860126,0.48380527,0.77824235
1566.0,-5.686229,-3.3063924,6.777985,0.49357912,0.47403142,0.77579886
1576.0,-5.7628436,-3.181894,6.8162923,0.5448918,0.4642576,0.77457714
1584.0,-5.7365074,-3.13401,6.730101,0.55955255,0.45570546,0.77824235
1594.0,-5.6527104,-3.0358477,6.6630635,0.53878313,0.44715336,0.784351
1604.0,-5.6766524,-3.1028855,6.667852,0.52412236,0.44593164,0.7806858
1614.0,-5.7604494,-2.9831753,6.670246,0.5216789,0.44837508,0.7672467
1625.0,-5.901707,-2.9472623,6.543353,0.52534413,0.44348818,0.752586
1636.0,-6.0285997,-2.873042,6.495469,0.52778757,0.43127087,0.752586
1644.0,-6.0477533,-2.6910827,6.543353,0.52412236,0.4166101,0.7623598
1655.0,-6.0645127,-2.5234885,6.5720835,0.52534413,0.40194935,0.77091193
1665.0,-5.959168,-2.420538,6.6056023,0.5290093,0.38606682,0.77824235
1676.0,-5.997475,-2.303222,6.682217,0.53023106,0.37995818,0.77946407
1686.0,-6.045359,-2.360683,6.667852,0.54733527,0.38606682,0.7696902
1695.0,-6.090849,-2.336741,6.5577183,0.5717699,0.3848451,0.752586
1705.0,-6.1219735,-2.2146366,6.4547677,0.58032197,0.37995818,0.74281216
1714.0,-6.232107,-2.1068976,6.4499793,0.57910025,0.37384954,0.73792523
1725.0,-6.339846,-1.9967642,6.4044895,0.5705481,0.36285394,0.7318166
1737.0,-6.4882865,-1.7310078,6.289568,0.5558874,0.36041048,0.72082096
1744.0,-6.603208,-1.532289,6.2728086,0.54367006,0.35918877,0.70738196
1756.0,-6.600814,-1.3742718,6.3446345,0.5375614,0.35430184,0.70371675
1764.0,-6.567295,-1.4293385,6.543353,0.5204572,0.344528,0.7098254
1775.0,-6.555324,-1.541866,6.6079965,0.48991394,0.34330627,0.7122689
1784.0,-6.6103907,-1.4437037,6.579266,0.47036624,0.3494149,0.6988298
1794.0,-6.7468605,-1.292869,6.5361705,0.48258355,0.35308012,0.6792821
1804.0,-6.885724,-1.1420342,6.4404025,0.5021312,0.35430184,0.6743952
1817.0,-6.969521,-1.0199299,6.4427967,0.49357912,0.35308012,0.6805039
1826.0,-6.8689647,-0.9624691,6.315904,0.46181414,0.3481932,0.689056
1836.0,-6.7827735,-1.0151415,6.2728086,0.41783184,0.3371976,0.68416905
1844.0,-6.766014,-0.9600749,6.361394,0.41783184,0.3371976,0.68416905
1856.0,-6.7133417,-1.0821792,6.3925185,0.4447099,0.33841935,0.6719518
1866.0,-6.7588315,-1.0319009,6.4140663,0.50823987,0.32986724,0.6621779
1876.0,-6.7971387,-0.92176765,6.435614,0.5839872,0.31764993,0.6658431
1885.0,-6.751649,-0.91219085,6.4547677,0.64996064,0.30665436,0.6805039
1895.0,-6.694188,-0.93613285,6.3805475,0.6743952,0.29932398,0.7098254
1906.0,-6.528988,-0.91937345,6.3302693,0.5656612,0.32253686,0.77213365
1915.0,-6.612785,-0.94570965,6.3589997,0.5155703,0.3371976,0.784351
1925.0,-6.739678,-0.8475474,6.2991447,0.4972443,0.35063666,0.78801614
1938.0,-6.849811,-0.6679823,6.2249246,0.5131268,0.35185838,0.79045963
1945.0,-6.95755,-0.50757074,6.160281,0.5448918,0.3359759,0.7965683
1955.0,-6.919243,-0.260968,6.042965,0.5681047,0.32742378,0.8026769
1966.0,-6.9407907,-0.02873042,5.8945246,0.59131753,0.3200934,0.8026769
1975.0,-6.933608,0.14604631,5.8322754,0.61575216,0.31520647,0.79901177
1985.0,-6.955156,0.22026655,5.770026,0.6291912,0.3213151,0.8038987
1996.0,-6.9982514,0.35913026,5.791574,0.6206391,0.32986724,0.80878556
2005.0,-7.1395097,0.48362875,5.837064,0.59131753,0.33353242,0.81000733
2016.0,-7.038953,0.51475334,5.7963624,0.548557,0.32375857,0.8063421
2025.0,-7.015011,0.6751649,5.791574,0.4972443,0.31520647,0.79901177
2036.0,-7.0221934,0.79726917,5.722142,0.44837508,0.31398472,0.79168135
2043.0,-6.969521,0.8451532,5.657499,0.4166101,0.3200934,0.77824235
2056.0,-7.1131735,0.89543146,5.6431336,0.4007276,0.3323107,0.766025
2067.0,-7.228095,0.9983821,5.6982,0.38362336,0.34574974,0.75502944
2075.0,-7.264008,1.1013328,5.6790466,0.37018433,0.35430184,0.7440339
2094.0,-7.261614,1.115698,5.6670756,0.3640757,0.35185838,0.73426
2094.0,-7.201759,1.13964,5.6120086,0.37018433,0.3481932,0.7244862
2104.0,-7.1610575,1.2593501,5.6239796,0.38728857,0.34574974,0.72082096
2164.0,-7.1706343,1.3383588,5.6527104,0.41905355,0.33841935,0.71837753
2164.0,-7.029376,1.2737153,5.5856724,0.4642576,0.33353242,0.7122689
2164.0,-7.0605006,1.3575124,5.556942,0.516792,0.3408628,0.70249504
2164.0,-7.091625,1.3982137,5.5521536,0.5766568,0.35796702,0.689056
2164.0,-7.180211,1.6328455,5.48751,0.64873886,0.3726278,0.6731735
2164.0,-7.1730285,1.6639702,5.4061074,0.7305948,0.37873647,0.6646214
2172.0,-7.192182,1.6663644,5.363012,0.81122905,0.3885103,0.6585127
2183.0,-7.2831616,1.8866309,5.3366756,0.8918633,0.40194935,0.64873886
2193.0,-7.2352777,1.9656396,5.281609,0.9773844,0.39950588,0.6365216
2203.0,-7.216124,2.0446482,5.17387,1.0519099,0.39095375,0.63041294
2214.0,-7.2448545,2.2242134,5.12838,1.1068878,0.3885103,0.63285637
2223.0,-7.1466923,2.4827871,4.96318,1.1349876,0.38606682,0.6426302
2235.0,-7.1490865,2.5570073,4.9536033,1.1301007,0.38728857,0.65240407
2246.0,-7.2664022,2.6839,4.759673,1.0873401,0.39584067,0.6536258
2252.0,-7.3669586,2.9783869,4.709395,1.0164797,0.40561453,0.6401868
2263.0,-7.477092,2.9975405,4.7189717,0.9272934,0.4092797,0.6267477
2275.0,-7.489063,3.13401,4.642357,0.8210029,0.40194935,0.6230826
2283.0,-7.465121,3.2465374,4.6112323,0.7122689,0.3921755,0.6267477
2295.0,-7.457938,3.229778,4.6902413,0.6084218,0.38362336,0.63041294
2304.0,-7.433996,3.217807,4.721366,0.5314528,0.37140608,0.6291912
2314.0,-7.3286514,3.2585084,4.8626237,0.47769663,0.37995818,0.6291912
2324.0,-7.395689,3.2800562,4.7860093,0.45814893,0.38362336,0.63163465
2335.0,-7.3071036,3.3997664,4.7500963,0.4569272,0.38973203,0.63041294
2344.0,-7.489063,3.5290532,4.584896,0.47036624,0.40683624,0.6267477
2356.0,-7.5321584,3.5410242,4.5872903,0.5021312,0.4202753,0.6230826
2364.0,-7.565677,3.6511576,4.5537715,0.5363397,0.4251622,0.625526
2375.0,-7.5824366,3.727772,4.355053,0.5546656,0.41905355,0.63529986
2384.0,-7.563283,3.9911342,4.405331,0.5558874,0.43004912,0.643852
2395.0,-7.4842744,4.0797195,4.27365,0.55955255,0.4288274,0.6462954
2406.0,-7.5345526,4.1659107,4.1156325,0.5558874,0.43004912,0.6450737
2418.0,-7.603985,4.3287168,4.0438066,0.54000485,0.43493605,0.6365216
2426.0,-7.5465236,4.3718123,3.9552212,0.5326745,0.43004912,0.6230826
2438.0,-7.5561004,4.55856,3.904943,0.5314528,0.4202753,0.61575216
2447.0,-7.4723034,4.5801077,3.928885,0.5412266,0.42271876,0.6096435
2456.0,-7.433996,4.7165775,3.9001546,0.548557,0.42760566,0.6010914
2466.0,-7.4028716,4.699818,3.7325604,0.54244834,0.42271876,0.5864306
2476.0,-7.4004774,4.7189717,3.6391866,0.5363397,0.4202753,0.56321776
2487.0,-7.4028716,4.8985367,3.4691982,0.5375614,0.42149702,0.5375614
2497.0,-7.433996,4.9176903,3.41892,0.5326745,0.41050145,0.52290064
2506.0,-7.469909,5.0661306,3.2704794,0.50946164,0.39584067,0.516792
2517.0,-7.455544,5.1690817,3.3135753,0.46914452,0.3848451,0.51068336
