98.0,-0.09816227,-3.241749,8.937555,0.1600467,0.11362094,-0.1001819
131.0,-0.20829555,-3.4045548,8.99741,0.0061086523,-0.21380283,-0.21746802
131.0,-0.272939,-3.4356794,9.011775,-0.13316862,-0.3811799,-0.312763
131.0,-0.17238252,-3.3542767,9.057265,-0.09896017,0.43371433,0.013439035
131.0,-0.12210429,-3.5003228,9.062054,-0.19303341,0.47158796,-0.0036651916
131.0,-0.07182605,-3.4261026,9.054871,-0.25411993,0.32498032,-0.06352998
131.0,-0.11492168,-3.359065,8.911219,-0.26389378,0.15882497,-0.13194689
131.0,-0.08379706,-3.229778,8.884883,-0.28344148,0.17959438,-0.16737708
131.0,-0.093373865,-3.1675289,8.882488,-0.32620203,0.18692477,-0.20525073
131.0,-0.059855044,-3.169923,8.836999,-0.39706242,0.18936823,-0.22357668
153.0,-0.0047884034,-3.2393548,8.839393,-0.48624873,0.2003638,-0.23457226
153.0,0.04309563,-3.3446999,8.719683,-0.5766568,0.20158553,-0.25289822
153.0,0.023942016,-3.4835634,8.571242,-0.67073005,0.22113322,-0.2761111
160.0,0.011971008,-3.550601,8.564059,-0.75625116,0.23579398,-0.30298916
170.0,0.05746084,-3.5553896,8.504205,-0.8454375,0.24801129,-0.32620203
180.0,-0.0023942017,-3.5889084,8.468291,-0.95417154,0.26145032,-0.34208453
192.0,0.019153614,-3.7972038,8.3629465,-1.0751228,0.27855456,-0.35430184
200.0,-0.023942016,-4.048595,8.374918,-1.1924089,0.29077184,-0.37140608
210.0,-0.06703765,-4.235343,8.259995,-1.2925909,0.30298916,-0.39706242
220.0,-0.14604631,-4.3718123,8.178593,-1.359786,0.312763,-0.43127087
230.0,-0.19871874,-4.5872903,8.080431,-1.3988814,0.3213151,-0.45448375
242.0,-0.2657564,-4.8578353,8.085219,-1.4147639,0.32986724,-0.45937067
251.0,-0.24899697,-5.142745,8.075643,-1.4086553,0.33108896,-0.45937067
260.0,-0.32321724,-5.4539914,7.979874,-1.3744467,0.32742378,-0.4728097
270.0,-0.33997664,-5.6239796,7.917625,-1.3121386,0.32375857,-0.50335294
280.0,-0.35194764,-5.7149596,7.759608,-1.2229522,0.3115413,-0.5375614
291.0,-0.33518824,-5.8226986,7.735666,-1.1191051,0.30787608,-0.5497787
300.0,-0.4141969,-5.9902925,7.6255326,-1.0177015,0.30665436,-0.5326745
311.0,-0.45250413,-6.114791,7.565677,-0.9334021,0.30298916,-0.50701815
320.0,-0.51475334,-6.241684,7.565677,-0.87109387,0.3005457,-0.49357912
330.0,-0.4309563,-6.457162,7.4746976,-0.829555,0.2919936,-0.4813618
340.0,-0.5554548,-6.481104,7.4842744,-0.81489426,0.28344148,-0.47036624
350.0,-0.6464345,-6.495469,7.443573,-0.81489426,0.27488935,-0.46792278
360.0,-0.62488663,-6.576872,7.3669586,-0.81245077,0.26267207,-0.4642576
371.0,-0.6560113,-6.775591,7.33344,-0.8014552,0.25167647,-0.4361578
380.0,-0.7613561,-6.907272,7.285556,-0.7831292,0.2443461,-0.3885103
391.0,-0.78529817,-7.1371155,7.345411,-0.7452556,0.23945917,-0.35308012
400.0,-0.7350199,-7.180211,7.321469,-0.689056,0.23579398,-0.33353242
410.0,-0.7781156,-7.2831616,7.3310456,-0.63285637,0.23335053,-0.30909783
420.0,-0.85473,-7.357382,7.326257,-0.59986967,0.23090707,-0.26633725
431.0,-0.80205756,-7.431602,7.275979,-0.6133087,0.24190263,-0.21013765
440.0,-0.7230489,-7.503428,7.431602,-0.6609562,0.26145032,-0.16737708
451.0,-0.7469909,-7.6111674,7.479486,-0.7244862,0.2919936,-0.14294247
462.0,-0.8834604,-7.8625584,7.6255326,-0.7831292,0.32498032,-0.11728613
471.0,-0.8714894,-8.14268,7.668628,-0.816116,0.36163223,-0.073303826
481.0,-0.8714894,-8.453926,7.762002,-0.8014552,0.40194935,-0.018325957
493.0,-0.80684596,-8.774749,7.797915,-0.7318166,0.4373795,0.039095376
501.0,-0.7445967,-9.0716305,7.9128366,-0.61575216,0.47891834,0.10262536
512.0,-0.6344634,-9.284714,8.106767,-0.46792278,0.5363397,0.17592919
522.0,-0.5626374,-9.442732,8.073248,-0.31398472,0.6206391,0.2565634
532.0,-0.7206547,-9.516952,8.183381,-0.172264,0.7134906,0.35308012
542.0,-1.0247183,-9.246407,8.329428,-0.12339478,0.8344419,0.43860126
556.0,-1.271321,-9.038112,8.26239,-0.15149458,0.9602802,0.49113566
563.0,-1.3239936,-9.028535,8.212111,-0.21380283,1.0433578,0.5510005
574.0,-1.4700398,-9.095572,8.082825,-0.26633725,1.1215485,0.6414085
583.0,-1.5777789,-9.124303,7.9224133,-0.2846632,1.1997393,0.7305948
595.0,-1.6998832,-9.016563,7.8170686,-0.2846632,1.2767084,0.79779
603.0,-1.8626889,-8.985439,7.759608,-0.29810223,1.346347,0.8784242
615.0,-2.1308396,-8.76996,7.762002,-0.31520647,1.4245378,0.98837996
624.0,-2.3319526,-8.647857,7.69257,-0.31398472,1.4966198,1.0885619
634.0,-2.5498247,-8.492233,7.632715,-0.30665436,1.5430456,1.1582005
644.0,-2.6910827,-8.008605,7.4268136,-0.3115413,1.5870279,1.2253957
655.0,-2.885013,-7.654263,7.2831616,-0.30543262,1.6212363,1.2779301
664.0,-3.0142999,-7.5968018,7.1945763,-0.2773328,1.6163495,1.3158038
677.0,-2.96881,-7.7907324,6.955156,-0.25411993,1.609019,1.382999
683.0,-3.0238767,-7.917625,6.5696893,-0.20647246,1.6126842,1.473407
696.0,-3.1890767,-7.8410106,6.4763155,-0.05497787,1.6236799,1.5406022
703.0,-3.5075054,-7.5465236,6.301539,0.204029,1.6383406,1.5711454
715.0,-3.70383,-7.1490865,6.0118403,0.48991394,1.6310102,1.5858061
724.0,-3.9193082,-6.703765,5.8322754,0.7367035,1.5980235,1.6065756
736.0,-4.012682,-6.315904,5.729325,0.91751957,1.5784758,1.6432275
743.0,-4.1826706,-5.9926867,5.681441,1.0201449,1.5540411,1.6847663
756.0,-4.3358994,-5.8825536,5.638345,1.0323622,1.5234979,1.7104226
765.0,-4.417302,-5.805939,5.2887917,1.001819,1.4819591,1.7275269
774.0,-4.55856,-5.7269306,5.207389,1.0030408,1.4330899,1.7348573
784.0,-4.84347,-5.590461,5.207389,1.0409144,1.4062119,1.72264
798.0,-5.183447,-5.3438582,5.17387,1.1252137,1.346347,1.6859881
804.0,-5.3486466,-5.195418,5.4659624,1.1472049,1.328021,1.690875
813.0,-5.9064956,-5.056554,5.4899044,1.1997393,1.3158038,1.6994271
824.0,-5.851429,-4.8817773,5.60722,1.2620476,1.3023647,1.704314
835.0,-5.659893,-4.697424,5.523423,1.3121386,1.282817,1.7018706
845.0,-5.686229,-4.522647,5.1116204,1.3585643,1.2620476,1.6884315
854.0,-5.7963624,-4.3406878,4.6902413,1.428203,1.2620476,1.6762142
863.0,-6.05733,-3.9456444,4.3885717,1.4978416,1.2730432,1.6603317
874.0,-6.2847795,-3.6056678,4.1132383,1.505172,1.2632693,1.6432275
882.0,-6.2871737,-3.2273839,4.050989,1.4220943,1.2339478,1.6310102
893.0,-6.301539,-2.918532,3.8379054,1.2596041,1.1777482,1.6212363
903.0,-6.337452,-2.7748797,3.6128504,1.0629056,1.097114,1.613906
913.0,-6.411672,-2.6839,3.2848446,0.87964594,0.9932669,1.6102408
922.0,-6.4858923,-2.7006595,3.1627405,0.72326446,0.8698721,1.6114625
931.0,-6.3302693,-2.6360161,3.157952,0.6047566,0.7367035,1.6029104
942.0,-6.3111157,-2.72939,2.8993783,0.5412266,0.5864306,1.5858061
952.0,-6.217742,-2.741361,2.44448,0.5338962,0.42638394,1.5601498
963.0,-6.3709707,-2.5929205,2.0254946,0.5510005,0.27488935,1.5222762
973.0,-6.5361705,-2.2170308,1.7956513,0.5448918,0.10629055,1.4758505
982.0,-6.540959,-1.8219875,1.4628572,0.47036624,-0.06352998,1.4343116
994.0,-6.5026517,-1.3072342,1.4149733,0.3494149,-0.26267207,1.4074335
1002.0,-6.4763155,-1.1252748,1.5131354,0.19058995,-0.4728097,1.3988814
1013.0,-6.2871737,-1.1851299,1.7836803,-0.014660766,-0.6743952,1.4025466
1023.0,-6.0621185,-1.3958195,2.1643584,-0.21624629,-0.8735373,1.3927728
1044.0,-6.0262055,-1.7549498,2.6312277,-0.344528,-1.078788,1.3548992
1044.0,-5.7724204,-2.030283,3.052607,-0.3652974,-1.2730432,1.3011429
1095.0,-5.686229,-2.1643584,3.454833,-0.29443705,-1.4538593,1.251052
1095.0,-5.5258174,-2.3702598,3.8355112,-0.17837265,-1.5906931,1.2168436
1096.0,-5.4204726,-2.5091233,4.1060557,-0.064751714,-1.709201,1.1924089
1096.0,-5.379771,-2.348712,4.31914,0.052534413,-1.8228219,1.1691961
1096.0,-5.41329,-2.0733786,4.537012,0.18203785,-1.9168952,1.1569787
1102.0,-5.4061074,-1.5490485,4.817134,0.27366763,-1.9938642,1.1655309
1112.0,-5.3199162,-1.0462662,5.149928,0.28344148,-2.0659463,1.1924089
1123.0,-5.2289367,-0.6895301,5.4085016,0.22602014,-2.1062634,1.2217305
1133.0,-5.183447,-0.45729253,5.6766524,0.1441642,-2.1526892,1.2278391
1143.0,-5.0996494,-0.39025488,6.054936,0.04520403,-2.1856759,1.205848
1154.0,-5.097255,-0.59376204,6.4404025,-0.04642576,-2.2015584,1.1667526
1163.0,-4.903325,-0.8571242,6.6606693,-0.07086037,-2.211332,1.1154399
1173.0,-4.7907977,-0.9768343,6.9000893,-0.028099801,-2.2296581,1.0592403
1184.0,-4.620809,-0.82121116,7.1849995,0.04642576,-2.2455406,1.0128145
1195.0,-4.4939165,-0.39983168,7.493851,0.12583824,-2.257758,0.9932669
1202.0,-4.249708,0.021547815,7.714118,0.18936823,-2.2687535,0.9969321
1215.0,-3.9935284,0.32561144,7.9631147,0.20280726,-2.26631,1.0079277
1223.0,-3.799598,0.5386954,8.034941,0.14294247,-2.2455406,1.0103711
1236.0,-3.620033,0.61530983,8.420407,0.037873644,-2.2272146,0.9859365
1244.0,-3.514688,0.4309563,8.588001,-0.07086037,-2.1820107,0.9431759
1254.0,-3.3423057,0.08619126,8.839393,-0.16615535,-2.130698,0.90041536
1262.0,-3.25372,-0.46926352,9.504981,-0.23823744,-2.0879374,0.8588765
1276.0,-2.920926,-0.91219085,9.988609,-0.26267207,-2.0341814,0.8185594
1283.0,-2.6743233,-1.1851299,10.230424,-0.22479841,-1.9914207,0.7867944
1294.0,-2.5139117,-0.8451532,10.2495775,-0.13683382,-1.9425515,0.7538077
1303.0,-2.3894134,-0.22744916,10.141838,-0.034208454,-1.8985692,0.7134906
1313.0,-2.3894134,0.58657944,9.907207,0.02687807,-1.8594738,0.66339964
1323.0,-2.3798366,0.89543146,9.847352,0.029321533,-1.7971655,0.6218608
1335.0,-2.1811178,0.89064306,9.765948,0.004886922,-1.7287487,0.59620446
1344.0,-2.1188686,0.7015011,9.758766,-0.03176499,-1.6762142,0.5729916
1354.0,-1.9321208,0.6440403,9.947908,-0.05497787,-1.6212363,0.5338962
1364.0,-1.8171991,0.49320555,9.947908,-0.028099801,-1.5735888,0.4813618
1374.0,-1.721431,0.47405192,10.457873,0.021991149,-1.5283848,0.42760566
1383.0,-1.4939818,0.40701428,10.742783,0.089186326,-1.4807373,0.37507126
1398.0,-1.2976574,0.33279404,10.754754,0.18081611,-1.4245378,0.33108896
1404.0,-1.1923125,0.4309563,10.726024,0.2724459,-1.3695599,0.29932398
1414.0,-1.1994951,0.59136784,10.749966,0.3323107,-1.3048081,0.2687807
1424.0,-1.3479356,0.8451532,10.647015,0.3286455,-1.2339478,0.23335053
1435.0,-1.3694834,0.89303726,10.699687,0.2602286,-1.1618657,0.19914207
1444.0,-1.3072342,0.7374141,10.79785,0.18692477,-1.0800097,0.17104226
1456.0,-1.2856863,0.6344634,10.864887,0.15515977,-1.0005972,0.15271631
1466.0,-1.3335704,0.5626374,10.848128,0.15882497,-0.91996306,0.13683382
1475.0,-1.2282255,0.50996494,10.867282,0.16982053,-0.8503244,0.119729586
1484.0,-1.3742718,0.48602295,10.783484,0.172264,-0.7770206,0.1001819
1497.0,-1.4221559,0.5410896,10.3692875,0.17592919,-0.7293731,0.080634214
1504.0,-1.127669,0.45729253,10.757148,0.20280726,-0.6731735,0.057421334
1517.0,-1.5275006,0.94570965,12.040441,0.2565634,-0.548557,0.05131268
1525.0,-1.7405846,1.5131354,12.509704,0.28344148,-0.37507126,0.062308256
1534.0,-1.3072342,1.3958195,12.447454,0.20280726,-0.29932398,0.013439035
1544.0,-1.2066777,1.0271125,12.555194,0.111177474,-0.18936823,-0.04153884
1555.0,-1.4317327,1.1755531,12.23437,0.0720821,-0.04520403,-0.059864793
1565.0,-1.6065093,1.661576,11.659762,-0.017104227,0.014660766,-0.09040806
1577.0,-1.6783354,1.7788919,11.109096,-0.14538592,0.09896017,-0.13805555
1585.0,-1.661576,1.5298948,10.9103775,-0.24556783,0.17592919,-0.16737708
1596.0,-1.5251064,1.2904748,10.869676,-0.36163223,0.30543262,-0.15149458
1604.0,-1.2641385,1.0845734,11.03727,-0.36163223,0.30543262,-0.15149458
1616.0,-1.0726024,0.6440403,11.492168,-0.35918877,0.37873647,-0.14538592
1626.0,-0.92416185,0.34237084,11.920731,-0.29077184,0.4813618,-0.14905111
1636.0,-1.0606314,0.41180268,12.459426,-0.17470746,0.61086524,-0.15882497
1644.0,-1.5514427,0.4213795,13.017275,0.034208454,0.9053023,-0.21135938
1656.0,-1.460463,0.4165911,12.964602,0.06963864,1.0458013,-0.25411993
1666.0,-1.4341269,0.7302315,12.650962,0.04886922,1.1826351,-0.29932398
1676.0,-1.5945383,1.1348516,12.277467,-0.043982297,1.3133603,-0.33841935
1684.0,-1.8531121,1.0606314,11.944673,-0.19914207,1.4563028,-0.35796702
1698.0,-2.0039468,0.56982,11.810597,-0.36896262,1.6261233,-0.3494149
1704.0,-2.0853498,-0.033518825,11.722012,-0.45448375,1.7922786,-0.32620203
1716.0,-2.2242134,-0.46208093,11.542446,-0.41050145,1.91323,-0.29810223
1725.0,-2.3798366,-0.51714754,11.511322,-0.27366763,2.0244074,-0.27855456
1735.0,-2.5809495,-0.19153613,11.305421,-0.087964594,2.1282544,-0.27366763
1745.0,-2.6479871,0.031124622,11.020511,0.08307768,2.2198844,-0.27366763
1755.0,-2.7509377,0.1604115,10.666168,0.20769419,2.3102922,-0.2761111
1764.0,-2.8179753,0.14844051,10.230424,0.267559,2.406809,-0.27977628
1776.0,-3.0262709,0.14844051,9.742006,0.26511553,2.4911084,-0.28955013
1786.0,-3.2202013,0.260968,9.227253,0.23945917,2.5595255,-0.30787608
1797.0,-3.560178,0.16759412,8.889671,0.20647246,2.6169467,-0.32253686
1805.0,-3.6703112,0.079008654,8.477868,0.1563815,2.6548204,-0.31764993
1818.0,-3.7253778,-0.1316811,8.082825,0.10140363,2.6780334,-0.28588495
1825.0,-3.8402996,-0.2801216,7.8984714,0.07819075,2.6890287,-0.24678956
1836.0,-3.9312792,-0.24420857,7.5465236,0.11484267,2.6963592,-0.21991149
1845.0,-4.146757,-0.19871874,7.3071036,0.18325958,2.6841419,-0.20525073
1856.0,-4.2401314,-0.10295067,6.7684083,0.24190263,2.6597073,-0.1966986
1866.0,-4.4340615,0.047884032,6.4284315,0.27855456,2.6254988,-0.1966986
1877.0,-4.6375685,-0.055066638,6.167464,0.30176744,2.5827382,-0.204029
1885.0,-4.865018,-0.11492168,5.901707,0.3213151,2.5375342,-0.2125811
1898.0,-4.9943047,-0.1388637,5.559336,0.32253686,2.4678955,-0.21624629
1906.0,-5.1810527,-0.20590134,5.351041,0.3115413,2.39337,-0.21013765
1916.0,-5.3007627,-0.25378537,4.9559975,0.31887165,2.3139575,-0.2003638
1925.0,-5.523423,-0.09816227,4.807557,0.35185838,2.2198844,-0.19425514
1938.0,-5.74369,0.21787235,4.687847,0.37384954,2.1135938,-0.19547687
1945.0,-5.853823,0.34237084,4.630386,0.37751472,2.0109684,-0.19547687
1956.0,-5.9543796,0.1388637,4.560954,0.376293,1.9144517,-0.18570304
1965.0,-6.0884547,-0.06464344,4.4005427,0.36163223,1.8228219,-0.1685988
1976.0,-6.2608376,-0.12689269,4.268862,0.32620203,1.7201965,-0.16982053
1986.0,-6.4763155,-0.08140286,4.074931,0.2883284,1.6077974,-0.19792034
1998.0,-6.622362,-0.14844051,3.8905778,0.2443461,1.4990633,-0.22113322
2005.0,-6.7133417,-0.16519992,3.7732618,0.17837265,1.3732251,-0.22357668
2016.0,-6.8569937,-0.1412579,3.7110126,0.10873401,1.2473868,-0.22235495
2026.0,-7.019799,-0.16519992,3.679888,0.056199603,1.1410962,-0.21868975
2036.0,-7.1490865,-0.40701428,3.6104562,0.02687807,1.033584,-0.20158553
2051.0,-7.3190746,-0.47405192,3.5410242,0.014660766,0.9260717,-0.17715092
2055.0,-7.4603324,-0.49559975,3.5553896,0.030543262,0.81000733,-0.1600467
2117.0,-7.501034,-0.4381389,3.5314474,0.059864793,0.6951646,-0.14782938
2117.0,-7.687782,-0.30166942,3.3518825,0.081855945,0.5766568,-0.12583824
2118.0,-7.771579,-0.30406362,3.2465374,0.089186326,0.46303585,-0.105068825
2118.0,-7.9822683,-0.17238252,3.1052797,0.080634214,0.3371976,-0.09285152
2118.0,-8.078036,-0.19871874,2.9592333,0.04520403,0.21502456,-0.07941248
2118.0,-8.121132,-0.110133275,2.8802247,-0.012217305,0.07696902,-0.061086524
2123.0,-8.123527,-0.016759412,2.885013,-0.080634214,-0.06963864,-0.04153884
2134.0,-8.010999,0.031124622,2.822764,-0.13316862,-0.21624629,-0.029321533
2145.0,-8.037335,0.06943185,2.7844565,-0.15515977,-0.3408628,-0.018325957
2154.0,-8.008605,0.15083471,2.9712043,-0.15882497,-0.47036624,-0.002443461
2164.0,-7.9104424,0.19632454,3.1603463,-0.15515977,-0.59986967,0.0036651916
2175.0,-7.7452426,0.18195933,3.3662477,-0.14782938,-0.72326446,0.010995574
2184.0,-7.6949644,0.14844051,3.5362358,-0.14538592,-0.8381071,0.021991149
2196.0,-7.73806,0.22744916,3.7110126,-0.16737708,-0.9431759,0.02687807
2204.0,-7.675811,0.260968,3.8379054,-0.204029,-1.0372492,0.02321288
2215.0,-7.565677,0.17477672,4.0054994,-0.2565634,-1.1301007,0.02321288
2225.0,-7.501034,0.16519992,4.261679,-0.32986724,-1.2168436,0.032986723
2237.0,-7.36217,0.1340753,4.333505,-0.41050145,-1.2974777,0.042760566
2245.0,-7.261614,0.016759412,4.3718123,-0.4813618,-1.3646729,0.04886922
2255.0,-7.062895,-0.08619126,4.4101195,-0.5497787,-1.4367551,0.061086524
2265.0,-7.067683,-0.16759412,4.5801077,-0.6035349,-1.5137241,0.06963864
2276.0,-6.8881183,-0.107739076,4.936844,-0.6389651,-1.5711454,0.07452556
2286.0,-6.631939,-0.1316811,5.3199162,-0.65484756,-1.6676621,0.087964594
2298.0,-6.4260373,-0.05746084,5.485116,-0.675617,-1.7311921,0.103847094
2307.0,-6.2512608,-0.15801731,5.8203044,-0.70005155,-1.7873917,0.11484267
2317.0,-6.133945,-0.49320555,6.157887,-0.7281514,-1.8325957,0.12339478
2326.0,-6.0022635,-0.7350199,6.253655,-0.74036866,-1.8716911,0.1282817
2338.0,-5.755661,-1.0630256,6.5601125,-0.74036866,-1.91323,0.14049901
2346.0,-5.6000376,-0.8738836,6.88333,-0.7330383,-1.9572122,0.14782938
2358.0,-5.3127337,-0.7302315,7.1993647,-0.6792821,-2.0146337,0.14782938
2366.0,-5.1571107,-0.7278373,7.5106106,-0.59620446,-2.0378466,0.16493362
2376.0,-5.0134583,-0.8619126,7.867347,-0.5180137,-2.0415115,0.20891592
2386.0,-4.912902,-1.091756,8.26239,-0.45448375,-2.026851,0.25778514
2397.0,-4.841076,-1.1971009,8.552089,-0.39706242,-1.9999728,0.2932153
2406.0,-4.687847,-1.3383588,8.65025,-0.33964106,-1.9840903,0.31398472
2418.0,-4.5992613,-1.1348516,8.839393,-0.27977628,-1.971873,0.3213151
2426.0,-4.501099,-0.8690952,8.791509,-0.21868975,-1.9498819,0.31764993
2437.0,-4.3766007,-0.61530983,8.566454,-0.17592919,-1.9278907,0.31642818
2445.0,-4.2784386,-0.48602295,8.4587145,-0.17959438,-1.9046779,0.32498032
2457.0,-4.134786,-0.557849,8.439561,-0.19547687,-1.8716911,0.33841935
2466.0,-3.9480386,-0.78529817,8.523358,-0.2003638,-1.8411479,0.3567453
2478.0,-3.787627,-1.0414777,8.856153,-0.20647246,-1.8191566,0.37873647
2486.0,-3.4644098,-1.0295067,9.227253,-0.20647246,-1.7935003,0.3933972
2498.0,-3.2465374,-0.7757214,9.514558,-0.16493362,-1.7189748,0.37507126
2506.0,-3.086126,-0.78050977,9.715671,-0.13439035,-1.65911,0.3481932
