18.0,-0.25378537,-0.5410896,10.09156,0.0061086523,-0.014660766,-0.0012217305
58.0,-0.14844051,-0.58657944,9.876082,0.15760323,0.12461651,-0.06719518
58.0,0.17956513,-0.6488287,9.725247,0.040317107,-0.28955013,-0.2687807
58.0,0.30166942,-0.7015011,9.65821,-0.18936823,-0.41172317,-0.31887165
58.0,0.19393034,-0.6751649,9.545682,-0.18570304,0.38240165,0.02076942
101.0,0.06464344,-0.62967503,9.531317,-0.3555236,0.39095375,0.002443461
101.0,0.019153614,-0.49559975,9.409213,-0.58032197,0.18570304,-0.08552113
101.0,0.11252748,-0.34476504,9.387665,-0.7623598,0.013439035,-0.1685988
101.0,0.3184288,-0.44532153,9.531317,-0.9236283,0.02565634,-0.18325958
101.0,0.36631286,-0.6392518,9.605537,-1.0690142,0.036651913,-0.19547687
109.0,0.36631286,-0.89543146,9.648633,-1.1679744,0.059864793,-0.23090707
119.0,0.33518824,-1.1420342,9.7084875,-1.2021828,0.08552113,-0.29077184
130.0,0.31124622,-1.3599066,9.65821,-1.2046263,0.10629055,-0.35918877
139.0,0.31603462,-1.5107412,9.706094,-1.2034045,0.13927728,-0.41905355
150.0,0.37110126,-1.5179238,9.639056,-1.2241739,0.17837265,-0.47403142
159.0,0.4213795,-1.4652514,9.691729,-1.2644911,0.23090707,-0.5412266
170.0,0.5434838,-1.6280571,9.636662,-1.3060299,0.2846632,-0.59498274
179.0,0.48841715,-1.8363527,9.583989,-1.3854424,0.3371976,-0.625526
191.0,0.39264908,-1.8674773,9.536105,-1.4880677,0.40561453,-0.6536258
199.0,0.30166942,-2.078167,9.696517,-1.600467,0.4569272,-0.67073005
212.0,0.1340753,-2.2385786,9.617508,-1.709201,0.48380527,-0.6597345
220.0,0.1364695,-2.5115175,9.651027,-1.8069394,0.52778757,-0.6133087
229.0,0.035913024,-2.837129,9.797073,-1.8863518,0.57787853,-0.5375614
239.0,-0.050278235,-3.265691,9.861717,-1.9437732,0.59986967,-0.45448375
251.0,-0.1412579,-3.5769374,9.854534,-1.9792033,0.61941737,-0.40317106
260.0,-0.23942018,-3.7732618,9.921572,-1.9853121,0.6719518,-0.35918877
270.0,-0.4285621,-3.8833952,10.0269165,-1.9767599,0.71837753,-0.30176744
279.0,-0.6536171,-4.173094,10.259154,-1.9694295,0.766025,-0.24556783
289.0,-0.7517793,-4.331111,10.481815,-1.9743165,0.8356637,-0.19425514
300.0,-0.91219085,-4.5082817,10.81461,-2.0195205,0.91629785,-0.12339478
311.0,-1.0893618,-4.7429137,10.994174,-2.1087067,0.9822713,-0.02076942
321.0,-1.2665327,-5.1116204,10.94629,-2.1734586,1.065349,0.08307768
330.0,-1.4508862,-5.583278,10.979809,-2.0598376,1.2290609,0.27855456
340.0,-1.8650831,-6.3350577,10.943896,-1.9413297,1.3035865,0.37995818
352.0,-1.9895816,-6.5002575,11.077971,-1.7849482,1.3658947,0.46914452
360.0,-2.0446482,-6.813898,11.077971,-1.5735888,1.423316,0.54611355
372.0,-2.1308396,-7.019799,10.778696,-1.3426818,1.4929546,0.6169739
380.0,-2.2601264,-7.079654,10.520123,-1.1533136,1.5833627,0.6768387
391.0,-2.396596,-6.969521,10.158598,-1.0690142,1.65911,0.7147123
400.0,-2.5378537,-6.8043213,9.89763,-1.0946705,1.7421877,0.75869465
411.0,-2.6886885,-6.6965823,9.562442,-1.1826351,1.8167132,0.84421575
420.0,-2.80361,-6.919243,9.263166,-1.2559389,1.8692477,0.9615019
432.0,-3.0023289,-7.299921,8.961497,-1.2779301,1.8973475,1.0763446
440.0,-3.1028855,-7.620744,8.688558,-1.2571607,1.9022343,1.1728612
452.0,-3.2225955,-7.989451,8.439561,-1.1533136,1.8961257,1.2534955
461.0,-3.2632968,-8.47308,8.300697,-0.9077458,1.8887954,1.3329079
471.0,-3.3159695,-8.89446,8.133103,-0.50701815,1.9205604,1.4074335
480.0,-3.383007,-8.796297,7.9750857,0.004886922,1.9792033,1.4440855
492.0,-3.4739866,-8.394072,7.773973,0.5204572,2.0292943,1.4343116
500.0,-3.5458126,-7.711724,7.433996,0.9016371,2.0610592,1.4220943
511.0,-3.6511576,-6.9982514,6.9647326,1.0958922,2.0647244,1.428203
520.0,-3.7732618,-6.375759,6.3446345,1.1252137,2.0769417,1.4538593
532.0,-3.8881836,-6.0764837,6.0142345,1.0360274,2.1062634,1.505172
544.0,-4.122815,-5.872977,5.899313,0.86132,2.117259,1.5699236
555.0,-4.4125137,-5.7245364,5.9424086,0.6927212,2.0964894,1.6236799
564.0,-4.5537715,-5.5617304,5.9878983,0.5864306,2.0622811,1.6749926
572.0,-4.6782703,-5.628768,5.8945246,0.54733527,2.0317378,1.7287487
584.0,-4.7907977,-5.5521536,5.849035,0.5766568,2.021964,1.749518
594.0,-4.915296,-5.3582234,5.7029886,0.643852,2.0158553,1.7470746
605.0,-5.0182467,-5.17387,5.6120086,0.65240407,2.0024164,1.7434094
614.0,-5.197812,-4.9320555,5.506664,0.59620446,1.9963076,1.7446312
621.0,-5.4061074,-4.771644,5.439626,0.5045747,2.008525,1.7605137
631.0,-5.6670756,-4.5178585,5.3965306,0.4129449,2.0207422,1.7971655
642.0,-5.872977,-4.5896845,5.2744265,0.29932398,2.01219,1.844813
653.0,-5.9807158,-4.4244847,5.12838,0.16371189,1.9938642,1.8851302
662.0,-6.105214,-4.367024,4.9200845,0.014660766,1.9633209,1.926669
674.0,-6.169858,-4.2042184,4.709395,-0.13316862,1.9352211,1.9706513
683.0,-6.327875,-4.189853,4.663905,-0.2443461,1.9058995,2.0048597
692.0,-6.4763155,-4.185065,4.7405195,-0.26389378,1.8484782,2.0280726
704.0,-6.6391215,-4.2904096,4.673482,-0.15027285,1.767844,2.0549507
714.0,-6.600814,-4.5082817,4.594473,0.07696902,1.704314,2.0781636
724.0,-6.540959,-4.333505,4.4364557,0.3885103,1.6603317,2.0744984
734.0,-6.4164605,-4.280833,4.2185836,0.67073005,1.613906,2.0842721
744.0,-6.3182983,-4.0174704,3.9073372,0.8527679,1.6029104,2.0916026
755.0,-6.265626,-3.4524388,3.8115692,0.98349303,1.600467,2.07572
762.0,-6.3685765,-3.0597897,3.454833,1.0042624,1.5735888,2.0781636
773.0,-6.612785,-2.5761611,3.205836,0.89675015,1.5650368,2.0879374
784.0,-6.8905125,-2.1021092,3.071761,0.7293731,1.536937,2.0818288
795.0,-7.017405,-1.6950948,3.0454245,0.54244834,1.4856243,2.0830505
804.0,-7.1347213,-1.5107412,2.9113493,0.3555236,1.4013249,2.1050417
813.0,-7.177817,-1.3431472,2.80361,0.21135938,1.3121386,2.1233675
824.0,-7.086837,-1.3934253,2.743755,0.16615535,1.2534955,2.1294763
833.0,-7.132327,-1.5610195,2.6288335,0.23945917,1.2327261,2.122146
843.0,-7.237672,-1.4652514,2.707842,0.39095375,1.2168436,2.085494
855.0,-7.5082164,-1.0199299,2.552219,0.54244834,1.1899655,2.0280726
862.0,-7.759608,-0.37588966,2.4875755,0.6426302,1.1325442,1.9963076
873.0,-7.764396,0.21547815,2.1452048,0.657291,1.0641272,1.9975294
885.0,-7.8170686,0.6967127,1.910573,0.61819565,1.0262536,2.017077
893.0,-7.8649526,0.90740246,1.9033904,0.57787853,0.95294976,2.0146337
901.0,-7.881712,0.94570965,1.8555063,0.5815437,0.88208944,1.9547688
914.0,-7.9104424,0.8858546,1.7741034,0.7012733,0.86254174,1.8545868
924.0,-7.920019,0.8355764,1.6472107,0.9297369,0.84421575,1.7482964
933.0,-8.159439,1.0127473,1.4820108,1.1630874,0.81489426,1.6615535
944.0,-8.159439,1.4149733,1.1803415,1.3255776,0.77457714,1.6016886
955.0,-8.26239,1.8339585,0.9744401,1.3878858,0.73548174,1.5491543
964.0,-8.317456,2.3104045,0.7206547,1.3671165,0.69027776,1.491733
974.0,-8.350976,2.7820623,0.6775591,1.2718215,0.63163465,1.4391985
983.0,-8.394072,3.0023289,0.51714754,1.110553,0.56688297,1.409877
994.0,-8.429984,3.1411927,0.47884035,0.91874135,0.50946164,1.3988814
1003.0,-8.3821,3.0119057,0.34476504,0.7476991,0.46792278,1.396438
1013.0,-8.487445,2.9113493,0.45250413,0.657291,0.44348818,1.3817772
1024.0,-8.492233,2.791639,0.46686932,0.6646214,0.38362336,1.3500122
1035.0,-8.463503,2.813187,0.24420857,0.71959925,0.3200934,1.2889256
1043.0,-8.461109,3.1627405,0.02873042,0.766025,0.2883284,1.2156218
1054.0,-8.571242,3.6894648,-0.09816227,0.74036866,0.25167647,1.1435398
1061.0,-8.693346,4.3861775,-0.21547815,0.657291,0.19303341,1.0751228
1073.0,-8.540117,4.7884035,-0.16759412,0.5326745,0.112399206,1.0091494
1101.0,-8.418014,4.9224787,-0.16759412,0.42760566,0.064751714,0.9431759
1101.0,-8.35337,4.759673,-0.31364042,0.3652974,0.029321533,0.88453287
1107.0,-8.456321,4.570531,-0.25857377,0.32620203,-0.009773844,0.8173377
1110.0,-8.50181,4.584896,-0.23463176,0.32375857,-0.052534413,0.73548174
1120.0,-8.542512,4.6662993,-0.2657564,0.3359759,-0.09896017,0.643852
1130.0,-8.48984,4.747702,-0.40462008,0.33108896,-0.1282817,0.55833083
1140.0,-8.453926,4.793192,-0.35673606,0.20158553,-0.18081611,0.42271876
1152.0,-8.525752,4.9057193,-0.1604115,0.20158553,-0.18081611,0.42271876
1161.0,-8.556877,4.903325,-0.11731588,0.14172074,-0.22113322,0.3567453
1170.0,-8.513782,4.673482,-0.038307227,0.11728613,-0.25289822,0.2919936
1180.0,-8.556877,4.5992613,0.09816227,0.10873401,-0.26633725,0.24190263
1191.0,-8.604761,4.4723687,0.34955344,0.12705997,-0.28221974,0.20280726
1200.0,-8.722076,4.4484267,0.5315128,0.22357668,-0.3042109,0.17715092
1211.0,-8.789114,4.333505,0.82599956,0.23945917,-0.2932153,0.19425514
1220.0,-8.942344,4.4125137,1.1324574,0.24556783,-0.2687807,0.19792034
1230.0,-9.100361,4.4364557,1.1707647,0.25900686,-0.23945917,0.18692477
1241.0,-9.279925,4.6016555,1.2449849,0.28099802,-0.2003638,0.17348573
1252.0,-9.3733,4.8626237,1.1971009,0.29565877,-0.16615535,0.172264
1260.0,-9.409213,5.1259856,1.1324574,0.28344148,-0.13194689,0.17959438
1272.0,-9.380483,5.377377,1.1252748,0.25900686,-0.10262536,0.17959438
1280.0,-9.229648,5.4444146,1.1683705,0.23090707,-0.07452556,0.1685988
1294.0,-9.160215,5.451597,1.091756,0.21013765,-0.039095376,0.14660765
1300.0,-9.102755,5.4444146,0.9816227,0.21013765,-0.013439035,0.10873401
1311.0,-9.083601,5.4659624,0.94092125,0.20769419,0.004886922,0.065973446
1320.0,-8.920795,5.499481,0.8403648,0.19181168,-0.013439035,0.014660766
1332.0,-8.858546,5.6359506,0.7541735,0.16371189,-0.036651913,-0.043982297
1355.0,-8.683769,5.5401826,0.6584055,0.111177474,-0.04520403,-0.08674286
1355.0,-8.568848,5.463568,0.58418524,0.029321533,-0.047647487,-0.10873401
1361.0,-8.571242,5.2720323,0.5626374,-0.061086524,-0.040317107,-0.12950343
1371.0,-8.5473,4.987122,0.58897364,-0.13439035,-0.036651913,-0.16371189
1389.0,-8.511387,4.795586,0.7038953,-0.204029,-0.043982297,-0.20280726
1395.0,-8.504205,4.6351743,0.78290397,-0.29077184,-0.05131268,-0.23579398
1401.0,-8.583213,4.6351743,0.7637503,-0.3921755,-0.073303826,-0.26267207
1411.0,-8.590396,4.5633483,0.80684596,-0.48258355,-0.095294975,-0.2883284
1421.0,-8.513782,4.4580035,0.8283938,-0.5448918,-0.12095132,-0.30909783
1431.0,-8.3629465,4.4460325,0.878672,-0.5717699,-0.13805555,-0.3323107
1485.0,-8.250419,4.1371803,1.0055647,-0.5534439,-0.14049901,-0.35796702
1485.0,-8.197746,4.1491513,1.1923125,-0.49235737,-0.13316862,-0.38362336
1485.0,-8.133103,3.8618474,1.2425907,-0.4092797,-0.1282817,-0.39828414
1485.0,-8.200141,3.5122938,1.2952632,-0.32375857,-0.112399206,-0.40317106
1485.0,-8.276755,3.3662477,1.3311762,-0.21868975,-0.10873401,-0.4166101
1517.0,-8.276755,3.2154129,1.3575124,-0.119729586,-0.10751228,-0.43860126
1518.0,-8.312668,3.2202013,1.2737153,-0.06963864,-0.10751228,-0.4605924
1518.0,-8.346188,3.383007,1.30484,-0.09162979,-0.09896017,-0.47891834
1538.0,-8.377312,3.6367924,1.3239936,-0.15027285,-0.112399206,-0.5131268
1538.0,-8.439561,3.857059,1.2593501,-0.21624629,-0.13683382,-0.5497787
1552.0,-8.3629465,3.8235402,1.2354081,-0.29810223,-0.1563815,-0.5656612
1552.0,-8.365341,3.4979286,1.352724,-0.3481932,-0.16249016,-0.56688297
1562.0,-8.334216,3.1004913,1.3575124,-0.2773328,-0.15515977,-0.57543504
1575.0,-8.322245,2.6671407,1.472434,-0.095294975,-0.13683382,-0.5815437
1587.0,-8.425196,2.504335,1.6591818,0.11484267,-0.1282817,-0.5729916
1602.0,-8.429984,2.4516625,1.6927006,0.267559,-0.14538592,-0.5571091
1602.0,-8.504205,2.7485435,1.6424223,0.32620203,-0.16737708,-0.5510005
1613.0,-8.549694,3.1052797,1.4293385,0.27122417,-0.19303341,-0.5546656
1628.0,-8.549694,3.2992098,1.3479356,0.12217305,-0.20891592,-0.55833083
1635.0,-8.513782,3.3327289,1.3192052,-0.030543262,-0.21868975,-0.5742133
1644.0,-8.542512,3.0334535,1.3718776,-0.09773844,-0.22602014,-0.59742624
1656.0,-8.516175,2.6240451,1.436521,-0.07086037,-0.22113322,-0.6059783
1662.0,-8.53054,2.3654714,1.5849615,0.015882496,-0.21868975,-0.59986967
1674.0,-8.611943,2.44448,1.661576,0.14049901,-0.23457226,-0.59620446
1681.0,-8.599973,2.5833437,1.6927006,0.25778514,-0.26267207,-0.59864795
1692.0,-8.540117,2.6120741,1.6639702,0.31520647,-0.26633725,-0.6047566
1701.0,-8.580819,2.6647465,1.5801731,0.30665436,-0.26389378,-0.6133087
1711.0,-8.78672,2.6551697,1.5107412,0.23701571,-0.26389378,-0.61208695
1721.0,-8.8777,2.6886885,1.5729905,0.10873401,-0.2846632,-0.6047566
1731.0,-8.860941,2.7748797,1.553837,-0.040317107,-0.312763,-0.6096435
1745.0,-8.736442,2.6384103,1.7501614,-0.15149458,-0.3200934,-0.6230826
1762.0,-8.66701,2.2960393,1.8650831,-0.1685988,-0.312763,-0.6426302
1762.0,-8.678981,1.982399,1.9057846,-0.0720821,-0.29932398,-0.657291
1782.0,-8.801085,1.5969325,2.0350714,0.096516706,-0.2919936,-0.65118235
1782.0,-8.820239,1.5993267,2.0446482,0.2687807,-0.29810223,-0.6291912
1791.0,-8.805874,1.7908629,2.0087352,0.36896262,-0.31031954,-0.61208695
1801.0,-8.7532015,1.982399,1.9656396,0.35185838,-0.32253686,-0.6096435
1813.0,-8.767567,2.2290018,2.0207062,0.22602014,-0.33353242,-0.61941737
1822.0,-8.748413,2.171541,1.9297266,0.05131268,-0.3408628,-0.6365216
1832.0,-8.784326,2.099715,1.8890251,-0.1160644,-0.34330627,-0.64996064
1843.0,-8.78672,1.8962077,2.0231004,-0.22724187,-0.33841935,-0.64996064
1913.0,-8.858546,1.5682021,2.0829554,-0.26145032,-0.34574974,-0.6401868
1913.0,-8.813056,1.3982137,2.1859062,-0.20280726,-0.34574974,-0.6291912
1913.0,-8.822633,1.3718776,2.267309,-0.09162979,-0.34208453,-0.6096435
1913.0,-8.89446,1.3790601,2.3247697,0.012217305,-0.344528,-0.5864306
1913.0,-8.825027,1.508347,2.2936451,0.056199603,-0.35796702,-0.56321776
1913.0,-8.710106,1.6424223,2.3223755,0.009773844,-0.37018433,-0.5534439
1913.0,-8.724471,1.685518,2.4061728,-0.0842994,-0.37384954,-0.57787853
1921.0,-8.7532015,1.5801731,2.4732103,-0.16249016,-0.37140608,-0.6206391
1938.0,-8.813056,1.6184803,2.4157495,-0.19303341,-0.3652974,-0.64751714
1945.0,-8.803479,1.4700398,2.4612393,-0.19547687,-0.36651915,-0.64751714
1952.0,-8.803479,1.2785037,2.4971523,-0.19058995,-0.3481932,-0.63529986
1962.0,-8.7771435,1.1755531,2.552219,-0.18448131,-0.33841935,-0.6291912
1974.0,-8.765172,1.0271125,2.681506,-0.16249016,-0.3323107,-0.6389651
1987.0,-8.671799,0.8619126,2.7964275,-0.10873401,-0.31764993,-0.65118235
1994.0,-8.743625,0.842759,2.9041667,-0.042760566,-0.312763,-0.6462954
2002.0,-8.832211,0.89543146,2.861071,-0.002443461,-0.3213151,-0.63163465
2012.0,-8.848969,1.0055647,2.7724855,-0.0012217305,-0.33475417,-0.6230826
2022.0,-8.884883,0.8331822,2.7988217,-0.04520403,-0.33841935,-0.6218608
2033.0,-8.834604,0.78290397,2.8203697,-0.096516706,-0.3371976,-0.6377433
2045.0,-8.789114,0.6799533,2.932897,-0.13439035,-0.32620203,-0.657291
2054.0,-8.813056,0.521936,2.980781,-0.12583824,-0.32375857,-0.6560693
2063.0,-8.779537,0.49320555,3.0909145,-0.10751228,-0.3200934,-0.64996064
2072.0,-8.880095,0.38307226,3.13401,-0.089186326,-0.3042109,-0.6291912
2082.0,-8.913613,0.31364042,3.2441432,-0.07696902,-0.3042109,-0.6096435
2092.0,-8.889671,0.17717093,3.2225955,-0.0720821,-0.30665436,-0.6047566
2102.0,-8.963891,0.19393034,3.2345665,-0.07941248,-0.30176744,-0.6084218
2115.0,-8.803479,0.20829555,3.2609026,-0.11728613,-0.30787608,-0.6084218
2123.0,-8.863335,0.23702596,3.1747115,-0.17715092,-0.29565877,-0.61208695
2134.0,-8.851364,0.24899697,3.110068,-0.2284636,-0.28221974,-0.6218608
2143.0,-8.793902,0.04309563,3.217807,-0.2602286,-0.27488935,-0.6267477
2155.0,-8.829816,-0.25857377,3.323152,-0.23579398,-0.2687807,-0.63529986
2164.0,-8.844181,-0.4309563,3.4691982,-0.13194689,-0.27000242,-0.6389651
2174.0,-8.825027,-0.60333884,3.5553896,0.004886922,-0.26633725,-0.6243043
2189.0,-8.813056,-0.5410896,3.5649664,0.105068825,-0.27122417,-0.6047566
2194.0,-8.825027,-0.34237084,3.4715924,0.13316862,-0.267559,-0.59131753
2203.0,-8.860941,-0.17477672,3.3686419,0.089186326,-0.26633725,-0.5900958
2218.0,-8.913613,-0.16759412,3.3279405,0.0061086523,-0.28221974,-0.5888741
2222.0,-8.829816,-0.25378537,3.2632968,-0.064751714,-0.28099802,-0.59864795
2235.0,-8.801085,-0.4237737,3.3734303,-0.07574729,-0.28344148,-0.6059783
2244.0,-8.813056,-0.51235914,3.5075054,-0.043982297,-0.28221974,-0.593761
2255.0,-8.832211,-0.60573304,3.4644098,0.017104227,-0.2846632,-0.5766568
2263.0,-8.836999,-0.5530606,3.5075054,0.0720821,-0.28955013,-0.5510005
2275.0,-8.690952,-0.6895301,3.6655228,0.07696902,-0.29077184,-0.52778757
2284.0,-8.664616,-0.7158663,3.6343982,0.042760566,-0.27977628,-0.5326745
2295.0,-8.635885,-0.78290397,3.596091,0.004886922,-0.28221974,-0.55955255
2304.0,-8.564059,-0.8882488,3.7086184,-0.02443461,-0.2761111,-0.5705481
2315.0,-8.635885,-0.8738836,3.643975,-0.030543262,-0.26511553,-0.56077427
2324.0,-8.750807,-1.0103531,3.608062,-0.014660766,-0.267559,-0.54367006
2335.0,-8.7771435,-1.1324574,3.7229836,-0.009773844,-0.267559,-0.52534413
2345.0,-8.717288,-1.1875241,3.8043866,-0.02687807,-0.27366763,-0.51923543
2358.0,-8.508993,-1.091756,3.7588966,-0.05131268,-0.26267207,-0.5338962
2367.0,-8.4347725,-0.9935937,3.7780502,-0.089186326,-0.2406809,-0.5338962
2376.0,-8.422802,-1.2090719,3.9121256,-0.12950343,-0.21746802,-0.52534413
2385.0,-8.4347725,-1.3623008,3.9432502,-0.13805555,-0.20769419,-0.52656585
2397.0,-8.623915,-1.448492,3.904943,-0.119729586,-0.20647246,-0.516792
2406.0,-8.616732,-1.5634137,4.0533834,-0.1160644,-0.2125811,-0.48624873
2417.0,-8.580819,-1.6448165,3.9576154,-0.10995574,-0.21624629,-0.47525316
2426.0,-8.542512,-1.6304513,3.904943,-0.087964594,-0.22479841,-0.48380527
2437.0,-8.42759,-1.4820108,3.9552212,-0.09040806,-0.22357668,-0.47158796
2445.0,-8.422802,-1.5586253,3.9001546,-0.12583824,-0.20647246,-0.46303585
2457.0,-8.499416,-1.4556746,3.8977604,-0.15393804,-0.18448131,-0.47525316
2467.0,-8.463503,-1.5753847,4.072537,-0.17104226,-0.17592919,-0.47525316
2477.0,-8.516175,-1.6759412,4.0438066,-0.16126843,-0.18203785,-0.46303585
2487.0,-8.413225,-1.8483237,4.1515455,-0.1282817,-0.17837265,-0.4447099
2497.0,-8.403648,-1.8794483,4.0653543,-0.11484267,-0.18203785,-0.41905355
