34.0,-1.9177556,0.78529817,9.866506,-0.029321533,0.07574729,-0.02443461
34.0,-2.0111294,0.6967127,9.739613,0.16982053,0.10873401,-0.08307768
136.0,-2.0278888,0.7086837,9.6845455,0.05009095,-0.31398472,-0.267559
136.0,-2.0638018,0.8499416,9.605537,-0.09285152,-0.42760566,-0.3042109
136.0,-2.0853498,0.90500826,9.502586,0.007330383,0.35308012,0.040317107
136.0,-2.1212628,0.90740246,9.464279,-0.039095376,0.37140608,0.07086037
136.0,-2.1883004,0.8882488,9.370906,-0.09162979,0.19303341,0.043982297
136.0,-2.2936451,0.7781156,9.375694,-0.12095132,0.034208454,-0.014660766
136.0,-2.327164,0.7469909,9.363723,-0.13805555,0.030543262,-0.035430185
136.0,-2.267309,0.60094464,9.275137,-0.15027285,0.02687807,-0.042760566
136.0,-2.3080103,0.5626374,9.409213,-0.15393804,0.02687807,-0.028099801
136.0,-2.2625206,0.39504328,9.469068,-0.14172074,0.029321533,-0.014660766
139.0,-2.3463178,0.41180268,9.504981,-0.10995574,0.035430185,-0.014660766
214.0,-2.3391352,0.4357447,9.512163,-0.06352998,0.04153884,-0.019547688
214.0,-2.540248,0.31603462,9.452309,-0.017104227,0.047647487,-0.014660766
214.0,-2.6527755,0.20111294,9.323022,0.014660766,0.05009095,0.018325957
214.0,-2.360683,0.08140286,9.255983,0.017104227,0.039095376,0.05497787
214.0,-2.2505496,0.20590134,9.397242,-0.0061086523,0.030543262,0.062308256
214.0,-2.645593,0.29209262,9.241618,-0.03176499,0.04153884,0.037873644
214.0,-2.3798366,0.17477672,9.358934,-0.015882496,0.04886922,0.02687807
222.0,-2.2505496,0.37828386,9.560047,-0.015882496,0.04520403,0.036651913
254.0,-2.2840683,0.4405331,9.627085,-0.04642576,0.06719518,0.07086037
254.0,-2.2888567,0.46447513,9.622296,-0.062308256,0.07819075,0.07819075
254.0,-2.348712,0.3878607,9.615114,-0.08307768,0.09407325,0.080634214
260.0,-2.384625,0.3878607,9.516952,-0.12339478,0.10995574,0.09040806
268.0,-2.3223755,0.24660277,9.380483,-0.17959438,0.11484267,0.103847094
278.0,-2.420538,0.33279404,9.294291,-0.2406809,0.11484267,0.10995574
288.0,-2.4061728,0.2633622,9.294291,-0.29077184,0.11484267,0.103847094
301.0,-2.4995465,0.25617957,9.186552,-0.32742378,0.10995574,0.10140363
308.0,-2.6240451,0.19153613,9.193734,-0.3481932,0.09896017,0.111177474
319.0,-2.669535,0.12928689,9.179369,-0.3567453,0.08552113,0.12950343
328.0,-2.6719291,0.0,9.215282,-0.35308012,0.07086037,0.14905111
338.0,-2.6791117,-0.18195933,9.234436,-0.33108896,0.056199603,0.172264
349.0,-2.669535,-0.2657564,9.263166,-0.28588495,0.043982297,0.19792034
358.0,-2.6791117,-0.3184288,9.31105,-0.21502456,0.03176499,0.22113322
368.0,-2.6264393,-0.25378537,9.32781,-0.13561209,0.02076942,0.24190263
379.0,-2.6599581,-0.1316811,9.260772,-0.06352998,0.010995574,0.26145032
388.0,-2.5761611,-0.05746084,9.241618,-0.017104227,0.004886922,0.27977628
400.0,-2.6120741,0.031124622,9.251195,-0.0036651916,-0.0012217305,0.29565877
408.0,-2.6144683,0.059855044,9.301474,-0.014660766,-0.0036651916,0.30665436
418.0,-2.4899697,0.0,9.349358,-0.034208454,-0.0036651916,0.312763
429.0,-2.5019407,0.038307227,9.461885,-0.04886922,0.0,0.31520647
440.0,-2.3822308,0.05267244,9.485827,-0.043982297,0.007330383,0.3200934
450.0,-2.3702598,-0.04070143,9.449914,-0.035430185,0.015882496,0.33353242
459.0,-2.4396915,-0.04070143,9.454702,-0.04153884,0.029321533,0.34697145
469.0,-2.4277205,0.011971008,9.320627,-0.06352998,0.04153884,0.35430184
479.0,-2.4612393,0.074220255,9.291897,-0.09040806,0.05009095,0.35063666
489.0,-2.4612393,0.04309563,9.215282,-0.119729586,0.056199603,0.33841935
501.0,-2.4612393,0.1340753,9.150639,-0.1563815,0.056199603,0.33108896
509.0,-2.3056161,0.1436521,9.16261,-0.1966986,0.052534413,0.33353242
519.0,-2.336741,0.09816227,9.078813,-0.23945917,0.04642576,0.344528
529.0,-2.3654714,0.02873042,9.112331,-0.27977628,0.04153884,0.36041048
539.0,-2.3223755,-0.107739076,9.138668,-0.30909783,0.03176499,0.37751472
549.0,-2.3080103,-0.16280572,9.021352,-0.3115413,0.018325957,0.39706242
560.0,-2.255338,-0.21787235,8.959103,-0.2919936,0.0,0.4129449
570.0,-2.3654714,-0.18435353,8.889671,-0.25900686,-0.02443461,0.4251622
581.0,-2.2601264,-0.11971009,8.815451,-0.22113322,-0.04886922,0.43493605
592.0,-2.291251,-0.21068975,8.774749,-0.18692477,-0.080634214,0.4447099
602.0,-2.099715,-0.12928689,8.791509,-0.12095132,-0.15271631,0.4886922
610.0,-2.1667526,-0.16759412,8.884883,-0.12095132,-0.15271631,0.4886922
623.0,-2.066196,-0.045489833,8.918402,-0.07696902,-0.19303341,0.5143485
631.0,-2.135628,0.23942018,9.121908,-0.028099801,-0.23335053,0.54244834
641.0,-2.0278888,0.32800564,9.349358,0.008552114,-0.26633725,0.5729916
651.0,-2.018312,0.29209262,9.660604,0.02076942,-0.29443705,0.6059783
661.0,-2.0901382,0.40701428,9.873688,-0.009773844,-0.30665436,0.63529986
673.0,-2.3223755,0.6488287,10.579977,-0.15760323,-0.30543262,0.643852
684.0,-2.4061728,0.90740246,10.960655,-0.24678956,-0.28344148,0.63285637
692.0,-2.6839,1.0103531,11.298238,-0.34697145,-0.24312437,0.63041294
703.0,-3.0550013,1.055843,11.6669445,-0.46914452,-0.18203785,0.64996064
712.0,-3.277662,0.9959879,12.157756,-0.6230826,-0.10995574,0.689056
723.0,-3.4332852,0.7158663,12.557588,-0.8197812,-0.02565634,0.73792523
731.0,-3.5553896,0.48602295,12.811374,-1.0396926,0.07086037,0.7892379
742.0,-3.4524388,0.35194764,12.806585,-1.2534955,0.17715092,0.83077675
751.0,-3.4045548,0.37110126,12.861651,-1.4294246,0.2932153,0.8491027
762.0,-3.2489316,0.24181437,12.780249,-1.5528195,0.43004912,0.8552113
772.0,-3.107674,-0.007182605,12.825739,-1.6798794,0.59498274,0.8686504
784.0,-3.1028855,-0.4285621,12.670115,-1.8729129,0.79779,0.88453287
795.0,-2.9592333,-0.8475474,12.528857,-2.112372,1.0177015,0.88208944
806.0,-3.064578,-1.2473791,12.586318,-2.3652701,1.2608259,0.8527679
812.0,-3.1268275,-1.5562311,12.433089,-2.5827382,1.4856243,0.7867944
824.0,-2.9783869,-2.135628,11.834539,-2.7391198,1.6737708,0.7305948
832.0,-2.8754363,-2.743755,11.370064,-2.864958,1.8985692,0.73914695
842.0,-2.8538885,-3.5745432,10.828975,-2.8686233,2.1245892,0.8344419
852.0,-2.930503,-4.027047,10.362105,-2.765998,2.3102922,0.9578367
864.0,-2.956839,-4.036624,9.969456,-2.5937338,2.4593434,1.033584
874.0,-2.9999347,-4.098873,9.390059,-2.3518312,2.5937338,1.0604621
883.0,-2.822764,-4.3382936,8.707711,-2.0207422,2.7134633,1.1044444
891.0,-2.932897,-4.661511,8.1881695,-1.5662584,2.8160887,1.2046263
904.0,-3.1842883,-4.5274353,7.6829934,-1.0311406,2.8918362,1.3084733
913.0,-3.5362358,-3.6032736,7.2711906,-0.53023106,2.950479,1.3231341
925.0,-3.964798,-2.5306711,6.897695,-0.09407325,3.0066788,1.2095132
933.0,-4.1922474,-1.4628572,6.1746464,0.26267207,3.0335567,1.0384709
943.0,-4.3023806,-0.7086837,5.097255,0.45448375,3.010344,0.9260717
951.0,-4.3143516,-0.40462008,4.2305546,0.49113566,2.9529226,0.88208944
961.0,-4.3957543,-0.6943185,3.383007,0.4373795,2.8637362,0.8454375
971.0,-4.4220905,-1.3599066,2.755726,0.31887165,2.7391198,0.7684685
982.0,-4.7429137,-1.661576,2.0350714,0.23701571,2.5937338,0.6658431
993.0,-5.0374002,-1.7022774,1.4173675,0.26267207,2.4007003,0.56688297
1002.0,-5.3079453,-1.4580688,1.292869,0.34208453,2.1649065,0.4801401
1013.0,-5.365406,-1.4652514,1.0941502,0.3848451,1.8826867,0.4007276
1023.0,-5.092467,-1.7022774,0.8690952,0.4202753,1.5503759,0.37384954
1042.0,-4.654328,-2.1452048,1.0630256,0.5497787,1.1704178,0.43249258
1042.0,-4.0773253,-2.0638018,1.2282255,0.8014552,0.6963864,0.4447099
1058.0,-3.4213142,-1.0989386,0.9720459,1.105666,0.13439035,0.36163223
1113.0,-2.89459,-0.2633622,0.7613561,1.3720033,-0.41050145,0.28099802
1113.0,-2.7724855,0.050278235,0.63206923,1.5418239,-0.9285152,0.23335053
1113.0,-3.0382419,0.12210429,-0.016759412,1.6468927,-1.4355333,0.15760323
1113.0,-3.2920272,0.0,-0.6967127,1.7531832,-1.9608774,0.10751228
1113.0,-3.301604,-0.0047884034,-1.0390835,1.8716911,-2.4801128,0.12705997
1113.0,-2.932897,0.10055647,-0.81163436,1.9816469,-2.9773571,0.18692477
1119.0,-2.4277205,0.47644615,0.320823,2.0549507,-3.4245105,0.2321288
1129.0,-2.0015526,0.9672575,1.8579005,2.0891593,-3.811799,0.24801129
1139.0,-1.6759412,1.4173675,3.1028855,2.098933,-4.1331143,0.23579398
1150.0,-1.6472107,1.7669208,4.8147397,2.0793853,-4.4067817,0.23945917
1162.0,-1.9129672,2.0350714,7.07726,1.9816469,-4.5912633,0.26511553
1170.0,-2.2768857,2.2122424,9.129091,1.8851302,-4.714658,0.21868975
1180.0,-2.6599581,2.2744915,12.028469,1.8203784,-4.7720795,0.1600467
1190.0,-2.9017725,2.0350714,15.516821,1.7348573,-4.691445,0.17837265
1201.0,-3.5338416,2.0638018,19.184738,1.6982054,-4.445877,0.23945917
1211.0,-4.4220905,2.3894134,22.012291,1.5809193,-4.0927973,0.3200934
1222.0,-6.682217,4.63278,20.90138,0.9627236,-3.7140608,0.42271876
1230.0,-7.630321,7.275979,17.585411,-0.4251622,-3.5124753,0.48258355
1240.0,-6.0405707,7.666234,16.146496,-1.8509218,-3.068987,0.52290064
1249.0,-2.1571758,5.9783216,16.385916,-2.638938,-2.324953,0.52412236
1263.0,1.3575124,0.14604631,10.0987425,-2.7904325,-1.4453071,0.31398472
1271.0,4.4795513,-4.8458643,25.019407,-2.021964,-0.6927212,0.34697145
1283.0,1.1204864,-9.109938,24.272417,-2.162463,0.38728857,0.9492846
1292.0,-3.086126,-8.573636,23.400927,-2.7586675,1.7104226,0.8368854
1304.0,-5.693412,-4.661511,19.756952,-2.510656,2.403144,-0.6169739
1312.0,-6.2129536,-0.9504981,16.618155,-1.4807373,2.5460863,-1.5100589
1323.0,-5.4563856,0.5410896,16.105795,-0.9993755,2.7354546,-1.2351695
1332.0,-4.343082,0.4381389,14.415488,-1.319469,3.249803,-0.44104472
1344.0,-3.4500446,-1.6711528,12.717999,-1.640784,3.8227947,0.09896017
1352.0,-3.2609026,-3.9624038,11.140221,-1.3060299,4.2076397,0.26511553
1362.0,-3.5242648,-3.655946,9.330204,-0.42638394,4.350582,0.172264
1371.0,-3.4739866,-1.6711528,6.933608,0.37384954,4.293161,-0.080634214
1382.0,-3.2872388,-0.16280572,4.189853,0.8038987,4.1966443,-0.3213151
1393.0,-3.1723173,0.12928689,1.1923125,0.8405506,4.048815,-0.40317106
1405.0,-3.6607344,-0.79248077,-1.1468226,0.5656612,3.8191295,-0.32253686
1413.0,-4.781221,-2.2481554,-2.5881321,0.13316862,3.549127,-0.13561209
1423.0,-5.758055,-3.5482068,-2.719813,-0.20769419,3.2620203,0.09040806
1430.0,-5.839458,-3.6727054,-1.8004397,-0.31887165,2.9077187,0.25900686
1443.0,-4.596867,-1.8818425,-0.32800564,-0.2406809,2.4324653,0.37751472
1454.0,-1.8698715,0.48123455,0.05746084,-0.21135938,1.8118263,0.48502702
1466.0,1.2808979,1.5753847,0.80205756,-0.28955013,1.2034045,0.57910025
1474.0,1.9632454,1.3599066,1.42455,-0.4569272,0.54611355,0.5925393
1484.0,-0.40940848,-0.6847417,1.2785037,-0.42760566,-0.2125811,0.5143485
1491.0,-1.5298948,-2.6623523,0.5482722,0.103847094,-1.0372492,0.49968776
1505.0,-1.6639702,-3.1794999,-0.39983168,1.8521434,-2.6364944,0.80756384
1513.0,-1.99437,-1.8866309,-0.60573304,1.8521434,-2.6364944,0.80756384
1524.0,-2.372654,-0.5626374,1.0965444,2.1905627,-3.957185,0.73914695
1532.0,-2.0566192,-0.38307226,4.2521024,1.9975294,-4.4751987,0.66828656
1544.0,-1.5705963,0.016759412,7.2711906,1.7837266,-4.746423,0.6010914
1555.0,-2.2290018,0.91219085,10.821792,1.568702,-4.756197,0.43127087
1562.0,-3.7972038,2.0829554,10.986992,1.2205088,-4.6755624,0.16737708
1576.0,-4.8722005,2.2840683,12.150574,0.83077675,-4.682893,0.059864793
1585.0,-5.482722,1.6663644,13.548787,0.42271876,-4.5265117,0.2846632
1591.0,-5.45878,1.0989386,12.864046,-0.16982053,-4.1758747,0.5839872
1606.0,-5.7867856,2.7940333,9.825804,-1.0372492,-3.8093557,0.70371675
1612.0,-4.450821,4.2281604,8.099585,-1.9706513,-3.5882225,0.5705481
1623.0,-1.6208745,3.4284968,6.945579,-2.3383923,-3.2559118,0.34574974
1635.0,2.4995465,-0.34955344,6.631939,-2.1050417,-2.8771753,0.20280726
1646.0,4.0533834,-5.6335564,10.673351,-1.4147639,-2.4178047,0.31398472
1653.0,3.4021606,-10.000581,18.495209,-0.50579643,-1.8008307,0.8527679
1663.0,1.1994951,-10.012551,19.007566,-0.1685988,-0.8918633,1.2046263
1675.0,-1.1755531,-5.7389016,19.706675,0.21868975,-0.2919936,0.103847094
1685.0,-3.7660792,1.0007763,19.83596,1.174083,0.056199603,-1.4782939
1694.0,-4.3861775,5.231331,17.427395,1.8106046,0.04642576,-1.8154916
1705.0,-2.9903579,4.76925,14.846445,1.6982054,0.05375614,-0.8906415
1715.0,-1.4413095,2.1332338,12.5743475,0.8136725,0.21135938,0.17104226
1725.0,-0.6967127,-0.016759412,10.819398,-0.19547687,0.31887165,0.39950588
1734.0,-1.1899183,-0.7541735,10.0269165,-0.86132,0.36285394,-0.032986723
1744.0,-2.0590134,-0.47644615,9.694122,-1.1691961,0.39584067,-0.37384954
1752.0,-2.1547816,-0.4213795,9.382876,-1.1447614,0.34574974,-0.3005457
1764.0,-1.6280571,-0.79487497,9.069236,-0.8552113,0.24923302,-0.05497787
1774.0,-1.0295067,-0.7493851,8.78672,-0.44837508,0.15760323,0.06719518
1785.0,-0.92655605,-0.031124622,8.614338,-0.09040806,0.09040806,0.019547688
1792.0,-1.1755531,0.7374141,8.693346,0.14905111,0.062308256,-0.056199603
1805.0,-1.3455414,0.90979666,8.832211,0.28221974,0.04642576,-0.035430185
1812.0,-1.4676456,0.51235914,8.987833,0.32253686,0.035430185,0.05497787
1824.0,-1.4389153,0.055066638,9.11712,0.29565877,0.02443461,0.10995574
1835.0,-1.4820108,-0.15322891,9.210494,0.23457226,0.004886922,0.07819075
1843.0,-1.4628572,0.01436521,9.299079,0.1600467,-0.018325957,0.0
1855.0,-1.4915876,-0.031124622,9.361329,0.064751714,-0.039095376,-0.057421334
1862.0,-1.4772224,-0.2777274,9.485827,-0.040317107,-0.05009095,-0.06719518
1873.0,-1.388637,-0.5482722,9.579201,-0.12583824,-0.056199603,-0.05009095
1884.0,-1.4676456,-0.93613285,9.68694,-0.16371189,-0.062308256,-0.02565634
1894.0,-1.532289,-1.0295067,9.883265,-0.14660765,-0.06352998,-0.004886922
1905.0,-1.4867992,-1.0941502,9.9550905,-0.08552113,-0.061086524,0.009773844
1914.0,-1.4700398,-1.0606314,9.967062,-0.021991149,-0.06719518,0.02443461
1924.0,-1.520318,-0.93134445,10.060435,0.02076942,-0.059864793,0.02443461
1934.0,-1.5586253,-0.89782566,10.117896,0.05497787,-0.04520403,0.012217305
1946.0,-1.5490485,-0.7541735,10.103531,0.07452556,-0.034208454,0.0036651916
1954.0,-1.5035586,-0.6631939,10.1226845,0.07574729,-0.02076942,0.0061086523
1962.0,-1.436521,-0.5602432,10.09156,0.06719518,-0.002443461,0.009773844
1973.0,-1.3982137,-0.5410896,10.065224,0.056199603,0.007330383,0.010995574
1983.0,-1.3311762,-0.4237737,9.986216,0.04153884,0.018325957,0.012217305
1995.0,-1.3144168,-0.39743748,9.933543,0.03176499,0.029321533,0.02076942
2007.0,-1.3694834,-0.44771573,9.82341,0.028099801,0.029321533,0.034208454
2012.0,-1.3263878,-0.44532153,9.751583,0.03176499,0.02321288,0.04520403
2037.0,-1.3910311,-0.51714754,9.758766,0.04520403,0.021991149,0.05497787
2037.0,-1.3814543,-0.50278234,9.706094,0.07452556,0.018325957,0.061086524
2045.0,-1.3790601,-0.48841715,9.643845,0.1160644,0.013439035,0.058643065
2074.0,-1.3862427,-0.45489833,9.586384,0.15271631,0.004886922,0.057421334
2075.0,-1.3718776,-0.44532153,9.562442,0.172264,0.002443461,0.059864793
2075.0,-1.3838485,-0.4381389,9.605537,0.18081611,0.0,0.056199603
2134.0,-1.3694834,-0.29448682,9.643845,0.18692477,-0.0061086523,0.047647487
2134.0,-1.4101849,-0.260968,9.605537,0.18448131,-0.010995574,0.043982297
2134.0,-1.4293385,-0.17956513,9.528923,0.172264,-0.015882496,0.040317107
2135.0,-1.460463,-0.23223756,9.512163,0.14905111,-0.018325957,0.04153884
2135.0,-1.4197617,-0.11492168,9.512163,0.118507855,-0.015882496,0.047647487
2135.0,-1.3910311,-0.2777274,9.49301,0.096516706,-0.018325957,0.05009095
2140.0,-1.5107412,-0.29448682,9.52174,0.08674286,-0.012217305,0.04520403
2150.0,-1.5705963,-0.24420857,9.504981,0.089186326,-0.018325957,0.037873644
2160.0,-1.4987702,-0.4141969,9.481039,0.09407325,-0.013439035,0.029321533
2170.0,-1.4460979,-0.45010993,9.471462,0.112399206,-0.008552114,0.029321533
2181.0,-1.4460979,-0.4357447,9.471462,0.13316862,-0.014660766,0.036651913
2190.0,-1.520318,-0.2801216,9.423578,0.14782938,-0.014660766,0.032986723
2203.0,-1.5873557,-0.22266077,9.43076,0.15393804,-0.017104227,0.02565634
2211.0,-1.6256629,-0.09816227,9.356541,0.14660765,-0.019547688,0.030543262
2220.0,-1.5682021,-0.107739076,9.416395,0.13072516,-0.017104227,0.043982297
2232.0,-1.5131354,0.0047884034,9.399636,0.112399206,-0.021991149,0.043982297
2243.0,-1.5394717,0.0047884034,9.40203,0.095294975,-0.02687807,0.039095376
2253.0,-1.4652514,-0.14604631,9.490616,0.07696902,-0.02321288,0.037873644
2262.0,-1.4437037,-0.15083471,9.433155,0.07086037,-0.02076942,0.036651913
2273.0,-1.4748282,-0.21787235,9.428367,0.0720821,-0.019547688,0.036651913
2283.0,-1.448492,-0.18914193,9.5385,0.07696902,-0.018325957,0.034208454
2294.0,-1.4580688,-0.20350714,9.445126,0.08552113,-0.017104227,0.029321533
2307.0,-1.4939818,-0.20590134,9.457097,0.09285152,-0.02687807,0.030543262
2312.0,-1.5131354,-0.23223756,9.449914,0.09285152,-0.02687807,0.030543262
2322.0,-1.4173675,-0.11492168,9.466674,0.10140363,-0.029321533,0.03176499
2334.0,-1.4221559,-0.1436521,9.485827,0.10751228,-0.035430185,0.029321533
2344.0,-1.3000516,-0.12928689,9.545682,0.105068825,-0.04520403,0.029321533
2356.0,-1.2880806,-0.12689269,9.552865,0.09285152,-0.036651913,0.029321533
2366.0,-1.2617443,-0.16759412,9.504981,0.081855945,-0.034208454,0.030543262
2373.0,-1.2354081,-0.23942018,9.55047,0.058643065,-0.029321533,0.028099801
2383.0,-1.2856863,-0.23942018,9.545682,0.05131268,-0.021991149,0.02687807
2393.0,-1.3000516,-0.34955344,9.526528,0.04886922,-0.02321288,0.029321533
2406.0,-1.2761095,-0.2681506,9.504981,0.05131268,-0.02321288,0.028099801
2413.0,-1.2593501,-0.272939,9.543288,0.05131268,-0.019547688,0.03176499
2424.0,-1.2425907,-0.25378537,9.543288,0.04520403,-0.019547688,0.036651913
2433.0,-1.3072342,-0.21308395,9.55047,0.040317107,-0.02076942,0.040317107
2442.0,-1.292869,-0.25139117,9.548077,0.034208454,-0.02443461,0.043982297
2454.0,-1.3144168,-0.25617957,9.595961,0.030543262,-0.02565634,0.04642576
2465.0,-1.2545617,-0.20111294,9.61272,0.032986723,-0.028099801,0.04520403
2475.0,-1.3024458,-0.22505496,9.643845,0.037873644,-0.028099801,0.04153884
2487.0,-1.2904748,-0.24420857,9.701305,0.04153884,-0.02687807,0.04153884
2495.0,-1.2449849,-0.15801731,9.689334,0.04520403,-0.02565634,0.039095376
2506.0,-1.2617443,-0.06703765,9.660604,0.04642576,-0.02565634,0.03176499
2515.0,-1.3455414,0.02633622,9.643845,0.040317107,-0.02321288,0.02687807
2521.0,-1.3479356,0.050278235,9.615114,0.02565634,-0.017104227,0.02687807
2533.0,-1.2737153,0.074220255,9.55047,0.007330383,-0.0061086523,0.02565634
2546.0,-1.3215994,0.021547815,9.555259,-0.002443461,-0.0036651916,0.021991149
2553.0,-1.3862427,0.033518825,9.569624,-0.0061086523,0.002443461,0.018325957
2564.0,-1.3479356,0.0023942017,9.519346,-0.0012217305,0.0012217305,0.017104227
2573.0,-1.3239936,0.021547815,9.560047,0.0061086523,0.0,0.014660766
2584.0,-1.3431472,0.062249243,9.545682,0.015882496,0.0012217305,0.007330383
2593.0,-1.3718776,0.06703765,9.531317,0.02565634,0.0061086523,0.0012217305
2605.0,-1.3838485,0.007182605,9.572019,0.029321533,0.004886922,0.0012217305
2612.0,-1.3503298,0.050278235,9.560047,0.028099801,0.004886922,0.0
2622.0,-1.4030021,0.12928689,9.555259,0.02565634,0.004886922,-0.007330383
2632.0,-1.376666,0.1412579,9.610326,0.019547688,0.0061086523,-0.012217305
2644.0,-1.3383588,0.06464344,9.579201,0.013439035,0.0061086523,-0.009773844
2653.0,-1.352724,0.038307227,9.605537,0.013439035,0.0061086523,-0.008552114
2667.0,-1.3623008,-0.0023942017,9.631873,0.013439035,0.004886922,-0.009773844
2675.0,-1.340753,-0.05267244,9.662998,0.018325957,0.004886922,-0.013439035
2685.0,-1.3383588,-0.12928689,9.672575,0.02565634,0.009773844,-0.010995574
2696.0,-1.3479356,-0.009576807,9.665392,0.032986723,0.0061086523,-0.0036651916
2706.0,-1.3742718,-0.021547815,9.653421,0.037873644,0.004886922,-0.002443461
2714.0,-1.4173675,0.02633622,9.665392,0.042760566,0.0036651916,-0.0061086523
2726.0,-1.4532804,-0.038307227,9.634268,0.039095376,-0.0012217305,-0.002443461
2734.0,-1.4317327,-0.0047884034,9.600749,0.03176499,-0.0036651916,0.0036651916
2747.0,-1.3503298,-0.055066638,9.5385,0.02443461,-0.007330383,0.004886922
2754.0,-1.3192052,-0.019153614,9.5385,0.018325957,-0.007330383,0.0036651916
2766.0,-1.3311762,-0.04070143,9.55047,0.010995574,-0.012217305,0.0036651916
2776.0,-1.3215994,-0.02633622,9.471462,0.002443461,-0.018325957,0.004886922
2786.0,-1.328782,0.033518825,9.507375,-0.0061086523,-0.018325957,0.004886922
2794.0,-1.3790601,0.016759412,9.497798,-0.009773844,-0.019547688,0.0036651916
2807.0,-1.2497733,0.05267244,9.461885,-0.012217305,-0.02076942,0.0012217305
2815.0,-1.3359646,-0.045489833,9.622296,-0.013439035,-0.021991149,0.0
2826.0,-1.3958195,-0.1340753,9.607931,-0.007330383,-0.018325957,0.0012217305
2833.0,-1.400608,-0.20350714,9.660604,0.0036651916,-0.019547688,0.004886922
2845.0,-1.3383588,-0.12689269,9.677363,0.019547688,-0.02076942,0.004886922
2855.0,-1.283292,-0.20590134,9.7324295,0.037873644,-0.02076942,0.0036651916
2865.0,-1.352724,-0.15562311,9.730036,0.05131268,-0.017104227,0.007330383
2876.0,-1.3263878,-0.11252748,9.710882,0.057421334,-0.018325957,0.012217305
2886.0,-1.316811,-0.1340753,9.734824,0.056199603,-0.014660766,0.014660766
2895.0,-1.3575124,-0.062249243,9.694122,0.05131268,-0.010995574,0.014660766
2905.0,-1.271321,-0.08379706,9.758766,0.040317107,-0.007330383,0.018325957
2915.0,-1.3455414,-0.038307227,9.679757,0.032986723,-0.0036651916,0.02076942
2924.0,-1.3215994,-0.1316811,9.655815,0.03176499,0.002443461,0.02076942
2934.0,-1.3359646,0.009576807,9.605537,0.034208454,-0.0012217305,0.02321288
2946.0,-1.3383588,0.031124622,9.662998,0.032986723,-0.0012217305,0.02321288
2956.0,-1.3551182,0.01436521,9.572019,0.028099801,0.0061086523,0.02687807
2966.0,-1.2641385,-0.079008654,9.459491,0.02687807,0.007330383,0.03176499
2973.0,-1.3503298,0.0023942017,9.473856,0.028099801,0.0061086523,0.035430185
2985.0,-1.3551182,0.12928689,9.409213,0.03176499,0.0012217305,0.03176499
2995.0,-1.3934253,0.055066638,9.414001,0.032986723,-0.002443461,0.02687807
3007.0,-1.3359646,0.11252748,9.40203,0.02687807,-0.0061086523,0.030543262
