21.0,-2.8491,0.050278235,9.519346,0.004886922,-0.015882496,0.0012217305
88.0,-2.9520507,-0.045489833,9.531317,0.16493362,0.12339478,-0.04886922
88.0,-2.9496565,-0.12210429,9.540894,-0.030543262,-0.25289822,-0.27366763
88.0,-2.9472623,-0.107739076,9.569624,-0.080634214,-0.3933972,-0.31520647
88.0,-2.8754363,-0.107739076,9.500193,0.05131268,0.4007276,0.05497787
88.0,-2.882619,-0.08619126,9.370906,0.04153884,0.43127087,0.056199603
88.0,-2.89459,0.016759412,9.344569,0.012217305,0.27000242,-0.028099801
88.0,-2.89459,-0.04309563,9.23683,-0.018325957,0.118507855,-0.10140363
130.0,-2.8491,-0.110133275,9.224859,-0.036651913,0.12950343,-0.1001819
130.0,-2.8538885,-0.18435353,9.186552,-0.04886922,0.13439035,-0.09162979
134.0,-2.861071,-0.16519992,9.193734,-0.06719518,0.14538592,-0.08552113
134.0,-2.96881,-0.30166942,9.198523,-0.0842994,0.15882497,-0.087964594
137.0,-2.9352913,-0.272939,9.153033,-0.09407325,0.16615535,-0.089186326
143.0,-2.9712043,-0.272939,9.129091,-0.09407325,0.17104226,-0.087964594
153.0,-3.040636,-0.32561144,9.095572,-0.07941248,0.17348573,-0.09040806
163.0,-3.0119057,-0.22266077,9.009381,-0.07574729,0.16737708,-0.089186326
174.0,-3.0885203,-0.24660277,8.918402,-0.10140363,0.172264,-0.07941248
183.0,-3.2082303,-0.45250413,8.829816,-0.14538592,0.17715092,-0.06719518
197.0,-3.2585084,-0.5506664,8.920795,-0.18448131,0.17959438,-0.059864793
203.0,-3.301604,-0.7110779,8.856153,-0.19792034,0.17592919,-0.052534413
213.0,-3.3806129,-0.80924016,8.966286,-0.17959438,0.16126843,-0.040317107
223.0,-3.3063924,-0.7445967,8.932767,-0.1441642,0.13805555,-0.034208454
234.0,-3.3446999,-0.6440403,8.872911,-0.10262536,0.11728613,-0.035430185
246.0,-3.3518825,-0.5650316,8.848969,-0.064751714,0.089186326,-0.032986723
254.0,-3.4404678,-0.545878,8.863335,-0.035430185,0.06963864,-0.02321288
264.0,-3.2704794,-0.60573304,8.7532015,-0.010995574,0.052534413,-0.008552114
275.0,-3.311181,-0.5482722,8.743625,-0.0061086523,0.028099801,0.008552114
284.0,-3.3303347,-0.50278234,8.746018,-0.02321288,0.009773844,0.021991149
294.0,-3.3542767,-0.37110126,8.813056,-0.037873644,-0.007330383,0.02443461
304.0,-3.2944214,-0.40940848,8.863335,-0.04520403,-0.02321288,0.030543262
314.0,-3.2130187,-0.45968673,8.942344,-0.05375614,-0.037873644,0.047647487
324.0,-3.2680852,-0.5482722,8.918402,-0.06719518,-0.043982297,0.065973446
334.0,-3.193865,-0.47405192,8.961497,-0.07086037,-0.04520403,0.0720821
344.0,-3.2728736,-0.46926352,8.9519205,-0.058643065,-0.058643065,0.062308256
354.0,-3.2393548,-0.34955344,9.038112,-0.04520403,-0.06963864,0.057421334
364.0,-3.3063924,-0.37349546,9.018958,-0.04886922,-0.0720821,0.06352998
376.0,-3.229778,-0.2896984,9.030929,-0.05131268,-0.07941248,0.06963864
384.0,-3.2202013,-0.36870706,9.100361,-0.04642576,-0.07574729,0.06963864
394.0,-3.1364043,-0.45250413,9.157822,-0.037873644,-0.080634214,0.0720821
404.0,-3.157952,-0.4357447,9.220071,-0.029321533,-0.0842994,0.07819075
414.0,-3.0621839,-0.33518824,9.23683,-0.019547688,-0.08552113,0.081855945
424.0,-2.9831753,-0.33997664,9.3421755,-0.007330383,-0.0842994,0.07819075
435.0,-3.0095115,-0.48123455,9.332599,-0.0036651916,-0.07452556,0.07452556
444.0,-2.954445,-0.5410896,9.363723,-0.012217305,-0.06352998,0.07452556
454.0,-3.0597897,-0.50757074,9.457097,-0.02076942,-0.052534413,0.0720821
464.0,-3.0358477,-0.37110126,9.531317,-0.010995574,-0.04520403,0.058643065
475.0,-2.9999347,-0.25139117,9.524135,0.012217305,-0.04886922,0.042760566
484.0,-3.0262709,-0.17477672,9.471462,0.014660766,-0.047647487,0.040317107
496.0,-3.0502129,-0.15562311,9.428367,-0.012217305,-0.035430185,0.04642576
505.0,-3.0238767,-0.19871874,9.346964,-0.04642576,-0.018325957,0.043982297
515.0,-3.098097,-0.20590134,9.425972,-0.06841691,-0.013439035,0.03176499
525.0,-3.074155,-0.33279404,9.421184,-0.07574729,-0.004886922,0.02565634
535.0,-2.9903579,-0.60573304,9.397242,-0.06352998,0.0036651916,0.030543262
544.0,-3.0909145,-0.62249243,9.392453,-0.02443461,0.0,0.034208454
556.0,-3.1028855,-0.51475334,9.32781,0.039095376,-0.008552114,0.029321533
565.0,-2.96881,-0.37110126,9.267955,0.095294975,-0.02565634,0.021991149
578.0,-2.992752,-0.25617957,9.141062,0.10629055,-0.034208454,0.015882496
586.0,-2.9376855,-0.19871874,9.14585,0.10629055,-0.034208454,0.015882496
597.0,-2.9041667,-0.1316811,9.066842,0.0842994,-0.030543262,0.008552114
607.0,-2.9137435,-0.22984336,8.983045,0.058643065,-0.02565634,0.002443461
619.0,-2.8658595,-0.16998832,8.959103,0.034208454,-0.021991149,0.0
627.0,-2.8658595,-0.24660277,8.9040365,0.017104227,-0.018325957,-0.004886922
639.0,-2.8682537,-0.29688102,8.935161,0.0061086523,-0.02321288,-0.007330383
648.0,-2.944868,-0.35673606,8.9519205,-0.014660766,-0.03176499,-0.007330383
659.0,-3.0214825,-0.30645782,8.937555,-0.014660766,-0.040317107,-0.013439035
667.0,-2.9520507,-0.22266077,8.995016,-0.013439035,-0.05497787,-0.017104227
679.0,-2.9999347,-0.29927522,8.942344,-0.02565634,-0.06352998,-0.018325957
685.0,-2.9520507,-0.34476504,8.937555,-0.04886922,-0.065973446,-0.015882496
696.0,-2.9879637,-0.40701428,8.963891,-0.07452556,-0.065973446,-0.013439035
707.0,-2.980781,-0.38067806,9.021352,-0.09407325,-0.0720821,-0.015882496
718.0,-2.992752,-0.45010993,9.153033,-0.10140363,-0.07819075,-0.02076942
727.0,-2.9712043,-0.46447513,9.232041,-0.09407325,-0.08552113,-0.015882496
740.0,-2.980781,-0.51714754,9.344569,-0.07696902,-0.09162979,-0.004886922
747.0,-2.954445,-0.58657944,9.385271,-0.052534413,-0.095294975,0.007330383
759.0,-3.0023289,-0.4285621,9.512163,-0.02443461,-0.09407325,0.013439035
767.0,-3.0334535,-0.23223756,9.619903,0.002443461,-0.09162979,0.013439035
780.0,-2.9161377,-0.088585466,9.648633,0.009773844,-0.0842994,0.019547688
785.0,-3.0813377,0.04309563,9.7324295,-0.014660766,-0.059864793,0.029321533
799.0,-3.2513258,0.2753332,10.103531,-0.057421334,-0.028099801,0.032986723
806.0,-3.430891,0.61291564,10.5440645,-0.10873401,0.012217305,0.032986723
816.0,-3.5673606,1.0486604,11.058818,-0.17715092,0.047647487,0.036651913
828.0,-3.8259344,1.2665327,11.662156,-0.2773328,0.09896017,0.056199603
839.0,-3.8953662,1.5705963,12.200851,-0.4202753,0.1881465,0.07941248
848.0,-4.060566,1.661576,12.569559,-0.5717699,0.29932398,0.09162979
859.0,-4.072537,1.5179238,13.074736,-0.69027776,0.43371433,0.08307768
868.0,-4.381389,1.3862427,13.460202,-0.7489208,0.5888741,0.059864793
880.0,-4.735731,1.4820108,14.2143755,-0.7440339,0.7538077,0.034208454
888.0,-4.9105077,1.7142484,14.999674,-0.6927212,0.9334021,-0.0012217305
899.0,-4.9655743,1.697489,15.485697,-0.66950834,1.1264355,-0.039095376
906.0,-4.757279,1.4891934,15.598224,-0.70738196,1.3402383,-0.064751714
919.0,-4.7405195,1.1563994,15.705963,-0.79901177,1.5784758,-0.07819075
928.0,-4.8219223,1.0223241,15.629349,-0.90041536,1.8423696,-0.08307768
938.0,-5.0613422,0.78050977,15.88074,-0.99082345,2.117259,-0.07574729
947.0,-5.2648497,0.2777274,15.964537,-1.0946705,2.3958135,-0.03176499
956.0,-5.403713,-0.5626374,15.665261,-1.2266175,2.6670377,0.058643065
966.0,-5.3223104,-1.5634137,15.270219,-1.3793337,2.9358184,0.17470746
979.0,-5.3366756,-2.6431987,14.985309,-1.4990633,3.196047,0.30176744
988.0,-5.3701944,-4.0414124,14.927848,-1.5381587,3.4428365,0.4642576
998.0,-5.3438582,-5.995081,14.640543,-1.4709635,3.689626,0.70249504
1007.0,-5.3701944,-8.02297,14.563929,-1.3048081,3.8960986,1.0103711
1032.0,-5.2002063,-9.89763,14.302961,-1.0592403,4.0964622,1.3048081
1032.0,-4.867412,-11.465832,13.43626,-0.66828656,4.310265,1.563815
1038.0,-4.548983,-12.217611,12.193669,-0.20769419,4.4751987,1.8826867
1098.0,-4.378995,-12.193669,10.5919485,0.2919936,4.59615,2.3139575
1098.0,-4.134786,-12.035652,9.109938,0.7733554,4.7061057,2.7550023
1098.0,-3.7301662,-11.657368,7.6111674,1.1007792,4.8417177,3.1520646
1098.0,-3.3925838,-11.121067,5.717354,1.2266175,4.9846606,3.630983
1098.0,-3.3327289,-9.763555,4.0797195,1.1398746,5.087286,4.183205
1098.0,-3.3063924,-8.468291,2.4612393,0.8063421,5.1410418,4.6425757
1105.0,-3.4404678,-7.1634517,0.61530983,0.14905111,5.176472,5.0066514
1115.0,-3.7110126,-6.253655,-1.0726024,-0.7330383,5.1666985,5.4147096
1126.0,-3.8498764,-6.493075,-1.6879122,-1.5063937,5.0836205,5.905845
1136.0,-3.7373488,-7.2568254,-1.2737153,-1.9926424,4.8857,6.486167
1146.0,-2.9759927,-6.7372837,-0.20829555,-2.0793853,4.564385,7.0823717
1157.0,-1.6472107,-5.461174,-0.19153613,-1.4611896,4.0927973,7.49776
1166.0,0.062249243,-4.0318356,-1.0845734,0.021991149,3.4880404,7.678576
1178.0,1.5849615,-2.4708161,-2.7269957,1.958434,2.9126055,7.729889
1186.0,3.110068,-0.21787235,-4.5418005,3.6725218,2.5619688,7.7030106
1196.0,4.1515455,2.3582888,-5.841852,4.805066,2.470339,7.588168
1206.0,4.685453,5.2840033,-7.2687964,5.2473326,2.488665,7.479434
1219.0,4.6040497,8.566454,-8.690952,5.0665164,2.4911084,7.3743653
1228.0,3.9432502,12.969391,-9.52174,4.418999,2.4507914,7.098254
1236.0,2.6120741,18.988413,-11.415554,3.5796704,2.2883012,6.4299674
1246.0,0.5315128,27.59557,-13.230358,2.6939158,2.0024164,5.3377404
1256.0,-2.0805612,34.682407,-13.740324,1.8008307,1.6285667,3.980398
1268.0,-4.249708,32.010475,-13.400347,1.0616838,1.3219124,2.8393016
1279.0,-4.211401,29.194895,-12.79222,0.32986724,0.784351,2.42147
1288.0,-3.5553896,29.259539,-12.555194,0.09773844,-0.13194689,1.2486086
1296.0,-2.8060043,30.133423,-12.071565,0.6609562,-0.8246681,-1.2486086
1306.0,-0.9672575,28.852524,-11.128249,1.1337659,-1.3365731,-3.3744197
1317.0,1.067814,25.151089,-10.3692875,1.0445796,-1.9193386,-4.2479568
1326.0,2.1859062,21.267694,-9.842564,0.8185594,-2.4630086,-4.647463
1338.0,2.542642,18.478449,-9.251195,0.6597345,-2.814867,-5.16792
1347.0,2.5713725,17.575834,-9.028535,0.46914452,-3.1117475,-5.78245
1359.0,2.3319526,17.06587,-8.508993,0.20280726,-3.4868188,-6.315125
1368.0,2.4492683,16.424223,-7.5848308,-0.064751714,-3.8716638,-6.6511006
1380.0,3.169923,14.135366,-6.339846,-0.36896262,-4.2186356,-6.8233647
1389.0,4.0677485,11.2312,-5.183447,-0.71959925,-4.492303,-6.903999
1400.0,4.525041,8.750807,-3.8283286,-1.1032226,-4.6951103,-7.0237284
1409.0,4.654328,6.5098343,-2.3056161,-1.3658947,-4.7439795,-7.358483
1418.0,4.6351743,4.3957543,-1.4269443,-1.4013249,-4.691445,-7.755545
1427.0,4.5920787,2.5570073,-2.4061728,-1.3353515,-4.718323,-8.019439
1439.0,5.1930237,1.6448165,-2.0566192,-1.0348058,-4.840496,-8.144055
1447.0,7.3071036,0.6368576,-0.44771573,-0.47525316,-4.937013,-8.208807
1458.0,10.623073,-1.3024458,0.91697925,0.2602286,-4.978552,-8.205142
1468.0,15.203181,-3.9456444,3.265691,0.9822713,-5.1569242,-8.120843
1479.0,20.312407,-10.996569,8.437167,3.2424726,-5.375614,-7.507534
1489.0,24.109612,-22.041021,15.952566,3.2424726,-5.375614,-7.507534
1498.0,15.401899,-17.120935,11.032481,10.268644,-4.1551056,-8.450709
1509.0,8.336611,-11.365275,8.475474,12.872152,-3.1325169,-8.031656
1519.0,0.49559975,-6.5122285,7.3885064,11.671191,-2.172237,-6.7635
1529.0,-7.1107793,-4.936844,3.3399115,7.3401566,-1.6688838,-5.7311378
1537.0,-14.738706,-2.315193,3.952827,1.5210545,-0.52656585,-4.2797217
1547.0,-13.998898,-3.2465374,9.7563715,-3.9852848,0.9114109,-1.3084733
1558.0,-6.3709707,-10.292673,12.210428,-7.330383,0.73914695,2.366492
1569.0,-1.9632454,-15.725117,11.829751,-7.687128,0.44348818,4.5350637
1581.0,-1.3790601,-11.370064,10.850522,-5.013982,0.40317106,3.9290853
1587.0,-4.7309427,-5.1690817,8.564059,-0.6218608,-0.25045475,1.4269812
1598.0,-8.7125,0.94570965,6.919243,2.3359487,-0.6206391,-0.50946164
1610.0,-10.520123,4.654328,5.195418,2.4422393,-0.64873886,-0.79779
1620.0,-8.710106,3.4955344,4.426879,1.2583824,-0.71959925,-0.032986723
1628.0,-6.543353,-0.9672575,5.473145,0.09162979,-0.84299403,0.6585127
1639.0,-5.482722,-5.2768207,7.675811,-0.61208695,-0.7367035,0.60231316
1646.0,-5.530606,-6.5505357,9.560047,-0.7635816,-0.5705481,0.04642576
1658.0,-6.445191,-4.9919105,10.582372,-0.3115413,-0.49846604,-0.24923302
1669.0,-7.290344,-3.0789435,10.15381,0.516792,-0.5314528,-0.07086037
1680.0,-7.053318,-1.5993267,9.210494,1.0482447,-0.6035349,0.17470746
1689.0,-6.531382,-0.7302315,8.664616,0.9211848,-0.5522222,0.2932153
1700.0,-6.203377,-0.6703765,8.358158,0.40561453,-0.39095375,0.33108896
1710.0,-6.373365,-1.0223241,8.1642275,-0.11728613,-0.20647246,0.30298916
1719.0,-6.655881,-1.3814543,7.8050976,-0.49480084,-0.062308256,0.21991149
1728.0,-6.8905125,-1.8387469,7.690176,-0.6988298,0.03176499,0.12217305
1739.0,-6.8210807,-2.4636335,7.5680714,-0.7696902,0.10262536,0.043982297
1748.0,-6.7109475,-2.96881,7.577648,-0.766025,0.13561209,0.007330383
1760.0,-6.646304,-2.8562827,7.5345526,-0.7086037,0.15149458,-0.004886922
1769.0,-6.682217,-2.528277,7.4483614,-0.5925393,0.14294247,-0.014660766
1780.0,-6.6415157,-2.4660277,7.2424603,-0.48258355,0.11484267,-0.007330383
1789.0,-6.727707,-2.3439236,7.1466923,-0.44837508,0.09285152,0.02321288
1799.0,-6.612785,-2.552219,6.8929067,-0.47769663,0.08307768,0.06352998
1808.0,-6.6079965,-2.870648,6.655881,-0.47769663,0.08674286,0.09896017
1819.0,-6.619968,-2.7940333,6.3925185,-0.40683624,0.080634214,0.12217305
1830.0,-6.615179,-2.669535,6.3063273,-0.31398472,0.062308256,0.13561209
1840.0,-6.6750345,-2.480393,6.325481,-0.2443461,0.056199603,0.14172074
1850.0,-6.6846113,-2.1859062,6.4308257,-0.21991149,0.04642576,0.13439035
1860.0,-6.6654577,-2.0566192,6.5122285,-0.23823744,0.047647487,0.10995574
1869.0,-6.76362,-2.1164744,6.55293,-0.25900686,0.056199603,0.07941248
1882.0,-6.7612257,-2.030283,6.493075,-0.2443461,0.057421334,0.05009095
1888.0,-6.682217,-2.1308396,6.3206925,-0.2003638,0.043982297,0.028099801
1899.0,-6.670246,-2.2098482,6.179435,-0.15271631,0.037873644,0.0061086523
1911.0,-6.679823,-2.255338,6.2871737,-0.11728613,0.05131268,-0.02565634
1917.0,-6.679823,-2.123657,6.4140663,-0.07696902,0.06719518,-0.059864793
1929.0,-6.7229185,-2.2385786,6.3350577,-0.018325957,0.07941248,-0.06963864
1940.0,-6.7085533,-2.3822308,6.2249246,0.02076942,0.081855945,-0.05009095
1951.0,-6.622362,-2.3343468,6.1411276,0.013439035,0.07819075,-0.02076942
1959.0,-6.6391215,-2.2409728,6.0884547,-0.021991149,0.081855945,-0.012217305
1971.0,-6.694188,-2.1571758,6.2129536,-0.05497787,0.081855945,-0.028099801
1981.0,-6.7468605,-2.0470424,6.136339,-0.07086037,0.09162979,-0.05009095
1989.0,-6.7923503,-2.1284454,6.0621185,-0.065973446,0.09407325,-0.061086524
2001.0,-6.8067155,-2.3056161,6.042965,-0.05497787,0.08674286,-0.061086524
2008.0,-6.7109475,-2.4540567,5.9759274,-0.04886922,0.09407325,-0.061086524
2023.0,-6.727707,-2.4157495,5.875371,-0.043982297,0.09040806,-0.06719518
2042.0,-6.706159,-2.4181437,5.849035,-0.047647487,0.081855945,-0.07696902
2042.0,-6.789956,-2.3319526,6.0405707,-0.06719518,0.0842994,-0.0842994
2048.0,-6.8043213,-2.4420857,6.0405707,-0.09896017,0.073303826,-0.09407325
2057.0,-6.71813,-2.6360161,6.0597243,-0.1282817,0.058643065,-0.1001819
2120.0,-6.7492547,-2.8083985,6.019023,-0.13805555,0.057421334,-0.10751228
2120.0,-6.751649,-2.834735,5.9998693,-0.096516706,0.06352998,-0.1160644
2120.0,-6.8091097,-2.8658595,5.813122,-0.018325957,0.06963864,-0.12583824
2120.0,-6.847417,-2.8060043,5.7604494,0.030543262,0.059864793,-0.1282817
2120.0,-6.76362,-2.633622,5.8945246,0.0061086523,0.05375614,-0.12583824
2120.0,-6.71813,-2.741361,5.932832,-0.058643065,0.05375614,-0.12950343
2126.0,-6.7851677,-2.906561,5.925649,-0.112399206,0.07086037,-0.13805555
2136.0,-6.7731967,-3.1675289,5.961562,-0.111177474,0.073303826,-0.14538592
2146.0,-6.8665705,-3.1651347,5.877765,-0.057421334,0.059864793,-0.14294247
2157.0,-6.859388,-3.0478187,5.899313,0.021991149,0.058643065,-0.13194689
2166.0,-6.8881183,-3.0334535,5.9160724,0.095294975,0.037873644,-0.12095132
2178.0,-6.83784,-2.9376855,5.8226986,0.10751228,0.02687807,-0.112399206
2186.0,-6.813898,-2.8203697,5.765238,0.057421334,0.029321533,-0.10995574
2196.0,-6.7085533,-2.8993783,5.837064,-0.02565634,0.037873644,-0.11362094
2207.0,-6.691794,-2.9879637,5.8921304,-0.119729586,0.04642576,-0.11362094
2217.0,-6.6486983,-3.1842883,5.8921304,-0.20647246,0.04886922,-0.112399206
2228.0,-6.7971387,-3.229778,5.9448028,-0.24678956,0.058643065,-0.11484267
2240.0,-6.8905125,-3.2992098,6.1004257,-0.21624629,0.06963864,-0.118507855
2249.0,-6.919243,-3.4261026,5.9878983,-0.12705997,0.056199603,-0.10995574
2260.0,-6.885724,-3.4763808,5.8681884,-0.032986723,0.036651913,-0.0842994
2271.0,-6.955156,-3.205836,5.8586116,0.017104227,0.019547688,-0.059864793
2282.0,-6.8809357,-3.0310593,5.7149596,-0.028099801,-0.0061086523,-0.043982297
2290.0,-6.7564373,-2.9472623,5.6551046,-0.028099801,-0.0061086523,-0.043982297
2301.0,-6.777985,-3.004723,5.6646814,-0.10751228,-0.0036651916,-0.037873644
2308.0,-6.8426285,-3.2393548,5.911284,-0.19058995,0.012217305,-0.036651913
2319.0,-6.907272,-3.4117374,5.995081,-0.2284636,0.009773844,-0.037873644
2330.0,-6.861782,-3.514688,6.0477533,-0.19792034,0.0061086523,-0.030543262
2340.0,-6.7851677,-3.2441432,6.0477533,0.002443461,-0.028099801,0.014660766
2351.0,-6.691794,-3.193865,5.920861,0.07452556,-0.035430185,0.035430185
2362.0,-6.7612257,-3.1028855,5.813122,0.096516706,-0.040317107,0.042760566
2369.0,-6.7684083,-3.1771057,5.829881,0.08552113,-0.034208454,0.03176499
2381.0,-6.813898,-3.193865,5.8634,0.07086037,-0.03176499,0.015882496
2389.0,-6.835446,-3.265691,5.837064,0.07696902,-0.028099801,0.007330383
2399.0,-6.777985,-3.2800562,5.853823,0.118507855,-0.036651913,0.0061086523
2411.0,-6.8043213,-3.181894,5.707777,0.16615535,-0.043982297,0.009773844
2422.0,-6.9288197,-2.9879637,5.7245364,0.18692477,-0.04886922,0.018325957
2427.0,-6.8522053,-2.9759927,5.791574,0.15027285,-0.056199603,0.03176499
2440.0,-6.7444663,-3.1555579,5.861006,0.057421334,-0.05375614,0.042760566
2451.0,-6.5960255,-3.371036,5.9663506,-0.02443461,-0.04153884,0.042760566
2460.0,-6.7564373,-3.526659,5.973533,-0.034208454,-0.029321533,0.037873644
2470.0,-6.8785415,-3.4572272,5.9663506,0.021991149,-0.02443461,0.034208454
2482.0,-6.871359,-3.2609026,5.8705826,0.089186326,-0.03176499,0.04153884
2489.0,-6.8785415,-3.110068,5.8083334,0.12217305,-0.035430185,0.057421334
2499.0,-6.8162923,-2.8443117,5.901707,0.112399206,-0.04642576,0.061086524
2509.0,-6.694188,-2.60968,5.961562,0.028099801,-0.05375614,0.052534413
2521.0,-6.7133417,-2.72939,6.0285997,-0.11728613,-0.034208454,0.04153884
2531.0,-6.7372837,-3.0454245,6.131551,-0.24190263,0.0036651916,0.029321533
2540.0,-6.8162923,-3.2728736,6.241684,-0.2761111,0.02565634,0.009773844
2550.0,-6.8402343,-3.4165258,6.1866174,-0.21013765,0.021991149,-0.008552114
2561.0,-6.847417,-3.2944214,6.143522,-0.1001819,0.004886922,-0.012217305
2570.0,-6.8426285,-3.0885203,6.105214,-0.009773844,-0.002443461,-0.009773844
2580.0,-6.825869,-2.8993783,6.081272,0.04153884,-0.009773844,-0.015882496
2589.0,-6.6965823,-2.9592333,6.169858,0.05131268,-0.013439035,-0.03176499
2601.0,-6.7229185,-2.906561,6.217742,0.037873644,-0.007330383,-0.043982297
2611.0,-6.703765,-3.0071173,6.126762,0.021991149,-0.0061086523,-0.04642576
2621.0,-6.6630635,-3.0933087,5.9424086,0.0012217305,-0.010995574,-0.040317107
2629.0,-6.6606693,-3.086126,6.0142345,-0.02687807,-0.004886922,-0.039095376
2640.0,-6.631939,-3.1771057,6.0884547,-0.05375614,0.004886922,-0.04153884
2649.0,-6.6774287,-3.1244333,6.1195793,-0.07086037,0.0061086523,-0.04642576
2660.0,-6.658275,-3.2010477,6.227319,-0.065973446,0.010995574,-0.052534413
2669.0,-6.6175733,-3.1842883,6.117185,-0.037873644,0.013439035,-0.05497787
2682.0,-6.682217,-3.1866825,6.0980315,-0.0036651916,0.010995574,-0.047647487
2690.0,-6.64391,-3.169923,6.081272,0.02687807,0.008552114,-0.037873644
2701.0,-6.7013707,-3.1364043,6.0525417,0.039095376,-0.0036651916,-0.030543262
2711.0,-6.6750345,-3.1435869,6.114791,0.02687807,-0.010995574,-0.028099801
2721.0,-6.7109475,-3.1004913,6.131551,0.008552114,0.0,-0.02565634
2730.0,-6.6606693,-3.2585084,6.2368956,0.0036651916,0.0036651916,-0.02076942
2740.0,-6.6630635,-3.2609026,6.241684,0.021991149,-0.002443461,-0.012217305
2749.0,-6.7324953,-3.107674,6.1243677,0.057421334,-0.007330383,-0.0036651916
2759.0,-6.727707,-2.980781,6.0046577,0.08552113,-0.009773844,-0.002443461
2769.0,-6.7731967,-2.908955,5.995081,0.07452556,-0.014660766,-0.004886922
2781.0,-6.7133417,-2.980781,6.0477533,0.012217305,-0.009773844,-0.010995574
2789.0,-6.6965823,-3.181894,6.208165,-0.052534413,0.0,-0.02565634
2800.0,-6.6846113,-3.3375173,6.256049,-0.0720821,0.0012217305,-0.04642576
2811.0,-6.7205243,-3.2465374,6.2847795,-0.03176499,0.008552114,-0.058643065
2821.0,-6.703765,-3.145981,6.1866174,0.042760566,0.0,-0.05131268
2830.0,-6.703765,-3.0358477,6.078878,0.089186326,-0.012217305,-0.030543262
2841.0,-6.7013707,-3.0597897,6.0836663,0.07696902,-0.009773844,-0.009773844
2850.0,-6.71813,-3.1364043,6.184223,0.012217305,0.0036651916,-0.0012217305
2860.0,-6.71813,-3.3327289,6.4499793,-0.065973446,0.02076942,-0.012217305
2869.0,-6.670246,-3.394978,6.543353,-0.09407325,0.021991149,-0.02321288
2881.0,-6.7229185,-3.5075054,6.531382,-0.058643065,0.019547688,-0.021991149
2889.0,-6.5984197,-3.4691982,6.399701,0.013439035,0.015882496,-0.0061086523
2901.0,-6.540959,-3.2752678,6.3925185,0.06719518,0.018325957,0.010995574
2910.0,-6.5457473,-3.1866825,6.2584434,0.065973446,0.036651913,0.017104227
2920.0,-6.50744,-3.1004913,6.301539,0.02443461,0.059864793,0.010995574
2930.0,-6.483498,-3.217807,6.3661823,-0.019547688,0.06963864,0.002443461
2940.0,-6.4427967,-3.2752678,6.3805475,-0.04886922,0.07696902,0.0036651916
2950.0,-6.600814,-3.2800562,6.363788,-0.043982297,0.064751714,0.017104227
2962.0,-6.612785,-3.2034419,6.205771,-0.019547688,0.065973446,0.03176499
2969.0,-6.5577183,-3.0813377,6.045359,-0.002443461,0.05497787,0.04886922
2981.0,-6.4787097,-2.956839,5.98311,-0.02076942,0.052534413,0.07452556
2990.0,-6.4643445,-2.9496565,5.9759274,-0.064751714,0.06352998,0.09407325
3002.0,-6.5696893,-3.040636,5.971139,-0.10140363,0.080634214,0.09040806
