28.0,-2.9352913,-0.37110126,9.181764,0.004886922,-0.015882496,0.0012217305
77.0,-2.932897,-0.6871359,9.351752,0.15760323,0.12339478,-0.07574729
77.0,-2.755726,-0.7206547,9.40203,-0.03176499,-0.29443705,-0.3005457
77.0,-2.717419,-0.5793968,9.296685,-0.09040806,-0.42760566,-0.2846632
77.0,-2.8323407,-0.33518824,9.277532,0.010995574,0.3408628,0.07696902
77.0,-2.8754363,-0.35434186,9.251195,-0.028099801,0.34574974,0.10262536
122.0,-2.8419175,-0.4261679,9.155427,-0.06352998,0.15027285,0.07819075
122.0,-2.717419,-0.49799395,9.153033,-0.07086037,-0.019547688,0.04153884
122.0,-2.7605145,-0.47884035,9.234436,-0.065973446,-0.019547688,0.04153884
129.0,-2.873042,-0.4261679,9.284714,-0.058643065,-0.014660766,0.034208454
129.0,-2.8682537,-0.35434186,9.361329,-0.05497787,-0.012217305,0.040317107
130.0,-2.7868507,-0.41180268,9.442732,-0.057421334,-0.014660766,0.061086524
153.0,-2.7940333,-0.2657564,9.416395,-0.059864793,-0.02565634,0.080634214
153.0,-2.7700913,-0.20590134,9.325416,-0.06963864,-0.02443461,0.08552113
160.0,-2.7820623,-0.095768064,9.315839,-0.08552113,-0.02076942,0.08307768
170.0,-2.822764,-0.11971009,9.275137,-0.10751228,-0.018325957,0.080634214
181.0,-2.8179753,-0.07182605,9.251195,-0.13072516,-0.013439035,0.07696902
190.0,-2.861071,-0.16280572,9.217676,-0.15393804,-0.010995574,0.065973446
202.0,-2.846706,-0.20350714,9.272743,-0.16982053,-0.009773844,0.05009095
210.0,-2.8299465,-0.25139117,9.31105,-0.16982053,-0.009773844,0.034208454
221.0,-2.822764,-0.31364042,9.382876,-0.15027285,-0.010995574,0.02321288
231.0,-2.8083985,-0.2873042,9.346964,-0.1160644,-0.013439035,0.015882496
241.0,-2.801216,-0.36391866,9.275137,-0.080634214,-0.015882496,0.008552114
252.0,-2.7365725,-0.32800564,9.308656,-0.05131268,-0.017104227,-0.0012217305
262.0,-2.741361,-0.37588966,9.284714,-0.030543262,-0.010995574,-0.009773844
271.0,-2.815581,-0.37349546,9.315839,-0.021991149,-0.0036651916,-0.018325957
283.0,-2.825158,-0.38307226,9.344569,-0.02076942,-0.0012217305,-0.032986723
292.0,-2.8395233,-0.4285621,9.308656,-0.02076942,0.008552114,-0.04886922
302.0,-2.9113493,-0.5410896,9.397242,-0.013439035,0.0012217305,-0.057421334
311.0,-2.9257145,-0.6703765,9.423578,0.010995574,-0.007330383,-0.052534413
323.0,-2.8419175,-0.59855044,9.416395,0.058643065,-0.018325957,-0.037873644
331.0,-2.837129,-0.6488287,9.49301,0.11728613,-0.039095376,-0.021991149
341.0,-2.7820623,-0.5315128,9.586384,0.17104226,-0.05375614,-0.009773844
352.0,-2.7820623,-0.34955344,9.665392,0.20891592,-0.06352998,-0.0036651916
361.0,-2.705448,-0.110133275,9.849746,0.2284636,-0.062308256,-0.002443461
371.0,-2.6024973,0.08619126,9.907207,0.2284636,-0.05497787,-0.0036651916
383.0,-2.5594015,0.25617957,10.0269165,0.20280726,-0.037873644,-0.0036651916
391.0,-2.5091233,0.45010993,10.340557,0.14294247,-0.0061086523,0.0012217305
401.0,-2.5210943,0.4381389,10.642226,0.04642576,0.043982297,0.007330383
411.0,-2.4301147,0.60573304,11.142614,-0.10629055,0.1001819,0.017104227
421.0,-2.3894134,0.6895301,11.777079,-0.31887165,0.17715092,0.039095376
431.0,-2.2122424,0.7398083,12.50731,-0.56688297,0.27855456,0.07086037
443.0,-2.111686,0.48602295,12.995727,-0.8393288,0.4166101,0.112399206
451.0,-2.1523874,0.12689269,13.297397,-1.1545353,0.5815437,0.16982053
462.0,-2.267309,-0.18674773,13.558364,-1.536937,0.75625116,0.24556783
471.0,-2.6288335,-0.6536171,13.883976,-1.9559906,0.9627236,0.31764993
483.0,-2.7724855,-0.8379706,13.687651,-2.3689353,1.1667526,0.37995818
492.0,-2.8682537,-1.4867992,13.757083,-2.7794368,1.3744467,0.45814893
503.0,-3.0358477,-2.2098482,13.491326,-3.19116,1.6065756,0.593761
512.0,-3.5122938,-3.2345665,13.237541,-3.6468656,1.8704693,0.79045963
522.0,-4.0797195,-4.5154643,13.196839,-4.129449,2.1355848,1.0323622
532.0,-4.534618,-5.4324436,12.897565,-4.5399504,2.2809708,1.3048081
543.0,-4.7165775,-6.7708025,12.368446,-4.691445,2.389705,1.5992452
553.0,-5.1810527,-8.240842,11.669339,-4.528955,2.453235,1.8594738
564.0,-5.3606176,-9.076419,11.298238,-4.2491784,2.5167649,2.1429152
573.0,-5.5138464,-9.507375,10.6877165,-3.940081,2.538756,2.4459045
584.0,-5.580884,-8.851364,10.113108,-3.513697,2.5375342,2.6890287
594.0,-5.6120086,-7.8410106,9.631873,-2.9578094,2.5082128,2.8515189
603.0,-5.7245364,-7.1873937,9.004593,-2.3860397,2.4740043,3.015231
614.0,-5.889736,-6.8569937,8.202535,-1.9046779,2.430022,3.2559118
624.0,-5.81791,-6.591237,7.5944076,-1.518611,2.3677137,3.540575
633.0,-5.674258,-6.5218053,7.015011,-1.1594223,2.289523,3.79836
645.0,-5.6359506,-6.1866174,6.5385647,-0.7696902,2.2015584,4.0146065
654.0,-5.717354,-5.6527104,6.0884547,-0.33841935,2.1160371,4.170988
663.0,-5.7867856,-5.389348,5.403713,0.11728613,2.0305161,4.261396
674.0,-5.8586116,-5.094861,4.757279,0.5338962,1.9413297,4.384791
686.0,-6.0262055,-4.584896,4.1060557,0.9077458,1.8570304,4.579046
695.0,-6.0501475,-3.6224272,3.596091,1.3048081,1.772731,4.754975
703.0,-6.155493,-2.3702598,2.908955,1.749518,1.6664404,4.863709
715.0,-6.4140663,-1.1228806,2.1811178,2.1661282,1.5980235,4.92113
723.0,-6.5936313,0.60812724,1.7501614,2.4593434,1.5968018,4.900361
733.0,-6.8186865,2.3678656,1.1468226,2.5497515,1.577254,4.8295007
744.0,-7.0341644,3.964798,0.641646,2.438574,1.5357152,4.825835
753.0,-7.16824,4.8985367,0.320823,2.2516494,1.4648548,4.883257
765.0,-7.0126166,5.3558292,-0.30885202,2.067168,1.3304645,4.9345694
775.0,-6.519411,6.0501475,-0.51714754,1.9596558,1.1704178,4.9309044
784.0,-6.0740895,7.965509,-0.2657564,2.01219,1.0567969,4.81484
794.0,-6.191406,10.891224,-0.04070143,2.2406538,1.0299188,4.5216246
806.0,-7.005434,15.571888,0.25857377,2.579073,1.0421361,4.0182714
814.0,-7.8266454,18.545486,0.272939,2.7391198,1.0005972,3.25469
823.0,-8.180987,18.550274,0.5554548,2.5692992,0.9773844,2.5130997
834.0,-7.237672,17.82962,1.079785,1.9168952,0.88331115,2.1771238
845.0,-6.4499793,18.32043,1.0965444,1.251052,0.7489208,1.6701056
855.0,-6.1866174,20.202274,0.46686932,1.0128145,0.70249504,0.56688297
864.0,-6.1100025,22.316355,-0.17238252,1.0250319,0.6817256,-0.7012733
875.0,-6.0525417,23.70978,-1.1875241,0.91507614,0.5852089,-1.6957619
886.0,-5.650316,22.936453,-2.0135236,0.16493362,0.22968534,-3.2656856
893.0,-5.00867,17.187975,-2.231396,0.16493362,0.22968534,-3.2656856
904.0,-3.3566709,14.863204,-2.8299465,-0.09285152,-0.09285152,-4.937013
915.0,-2.8514943,13.496115,-2.5378537,0.35918877,-0.16615535,-5.744577
926.0,-2.8993783,12.457031,-2.1499932,1.047023,-0.15882497,-6.373768
935.0,-2.9951463,11.056423,-1.5275006,1.7971655,-0.21135938,-6.863682
943.0,-2.89459,9.533711,-0.9864111,2.430022,-0.37995818,-7.261966
954.0,-2.3319526,7.639898,-0.2825158,2.941927,-0.6719518,-7.6248198
964.0,-1.3575124,6.136339,1.0031705,3.3609805,-1.0445796,-7.874053
974.0,1.0534488,3.6990416,2.7102363,3.6334264,-1.5503759,-7.897266
986.0,4.027047,0.8355764,3.5075054,3.7384953,-2.171015,-8.024326
994.0,6.7612257,-0.3854665,3.643975,3.6248744,-2.5998425,-8.387179
1005.0,9.7084875,0.33997664,4.1419687,3.5124753,-2.8258626,-8.932072
1015.0,13.618219,1.484405,4.3622355,3.4965928,-2.9810224,-9.452529
1023.0,19.07221,-1.6687586,6.129156,3.2424726,-3.2803464,-9.505063
1040.0,25.08884,-15.603012,10.146626,2.379931,-3.9926152,-8.332202
1047.0,28.845343,-26.34819,21.930887,1.1630874,-4.1856484,-6.8123693
1083.0,23.269247,-30.066385,22.323536,2.293188,-2.8674014,-7.1642275
1083.0,13.6732855,-26.132711,7.599196,7.163006,-1.6236799,-8.036543
1083.0,4.175488,-19.754559,-0.94092125,11.094535,-0.52656585,-7.389026
1083.0,-6.090849,-11.669339,-1.4867992,10.740232,0.2883284,-5.9412756
1092.0,-15.334862,-0.39025488,1.6831238,6.805039,0.66950834,-4.690223
1103.0,-14.247894,3.7086184,4.9775453,0.58032197,0.64873886,-2.9211576
1112.0,-5.398925,-1.0654198,9.818622,-5.23145,-0.21013765,-0.5729916
1122.0,-0.61291564,-13.821727,10.196905,-7.9901175,-0.8332202,1.6420058
1133.0,0.3184288,-24.72971,10.529699,-7.58939,-0.49602258,3.5589008
1143.0,0.46686932,-17.60217,10.984597,-4.9565606,-0.14782938,3.6871827
1152.0,-1.2162545,-9.435549,8.379706,-0.5815437,-0.48747048,1.9926424
1164.0,-3.5769374,-3.5290532,6.081272,2.8136454,-0.8210029,0.86254174
1173.0,-6.0836663,1.1875241,5.092467,3.5112534,-0.6230826,0.79534656
1184.0,-7.2544312,3.157952,4.972757,2.20278,-0.3933972,1.1899655
1193.0,-6.373365,1.42455,6.2345014,0.21746802,-0.5338962,1.4941764
1204.0,-5.3606176,-2.5091233,8.271967,-1.2754866,-0.63041294,1.1997393
1213.0,-4.7620673,-6.131551,9.856929,-1.8692477,-0.5290093,0.29932398
1225.0,-4.9775453,-7.881712,10.5919485,-1.6358972,-0.40561453,-0.6536258
1233.0,-6.0357823,-7.443573,11.032481,-0.75747293,-0.3005457,-0.93828905
1244.0,-6.727707,-6.155493,11.145009,0.46914452,-0.2968805,-0.54000485
1254.0,-6.1507044,-4.5753193,10.484209,1.5357152,-0.43860126,-0.1001819
1263.0,-5.046977,-3.3039982,9.61272,1.9804251,-0.516792,0.064751714
1274.0,-4.4436383,-2.3247697,8.916007,1.7715092,-0.4007276,0.07941248
1286.0,-4.3957543,-1.9776106,8.348581,1.1691961,-0.18692477,0.05131268
1293.0,-4.6399627,-2.2122424,7.8050976,0.4129449,0.02321288,-0.03176499
1305.0,-4.8362875,-2.837129,7.4387846,-0.33353242,0.19547687,-0.17592919
1316.0,-4.9440265,-3.7086184,7.1395097,-0.9639453,0.3371976,-0.33841935
1325.0,-5.109226,-4.5178585,6.9024835,-1.3707817,0.45448375,-0.44226643
1335.0,-5.2049947,-5.245696,6.6846113,-1.505172,0.52290064,-0.4569272
1345.0,-5.353435,-5.626374,6.4499793,-1.4123205,0.53023106,-0.42638394
1355.0,-5.2863975,-5.827487,6.3781533,-1.2180653,0.49602258,-0.3933972
1365.0,-5.0421886,-5.9184666,6.351817,-1.0213667,0.43371433,-0.3652974
1374.0,-4.8267107,-5.9519854,6.2464724,-0.8417723,0.36285394,-0.32498032
1385.0,-4.745308,-5.7963624,6.2488666,-0.6414085,0.29810223,-0.267559
1395.0,-4.7189717,-5.4204726,6.1100025,-0.408058,0.23579398,-0.20647246
1406.0,-4.951209,-5.094861,6.0740895,-0.18325958,0.18936823,-0.1441642
1414.0,-4.8817773,-4.948815,6.042965,-0.019547688,0.14172074,-0.0842994
1425.0,-4.891354,-4.9559975,5.896919,0.058643065,0.09162979,-0.035430185
1435.0,-4.8745947,-5.159505,5.8562174,0.080634214,0.04886922,-0.004886922
1445.0,-4.9679685,-5.2121773,5.722142,0.095294975,0.028099801,-0.008552114
1455.0,-5.094861,-5.281609,5.7867856,0.13683382,0.02321288,-0.029321533
1466.0,-5.209783,-5.2768207,5.8586116,0.2003638,0.02565634,-0.037873644
1474.0,-5.3199162,-5.0613422,5.81791,0.25900686,0.017104227,-0.021991149
1487.0,-5.303157,-4.975151,5.731719,0.27855456,0.010995574,0.004886922
1493.0,-5.269638,-4.927267,5.7987566,0.24801129,0.014660766,0.02321288
1505.0,-5.3007627,-4.912902,5.813122,0.17959438,0.030543262,0.02443461
1514.0,-5.3725886,-5.12838,5.7987566,0.111177474,0.057421334,0.017104227
1527.0,-5.494693,-5.2049947,5.8107276,0.07086037,0.07452556,0.009773844
1535.0,-5.5162406,-5.231331,5.779603,0.06352998,0.09407325,0.0061086523
1543.0,-5.595249,-5.149928,5.7245364,0.07696902,0.09040806,0.004886922
1554.0,-5.5737014,-4.9320555,5.6982,0.07696902,0.089186326,0.010995574
1565.0,-5.533,-4.8338933,5.746084,0.047647487,0.08674286,0.015882496
1574.0,-5.5760956,-4.8147397,5.746084,-0.018325957,0.096516706,0.009773844
1586.0,-5.592855,-4.9655743,5.638345,-0.09896017,0.103847094,-0.009773844
1595.0,-5.568913,-5.0900726,5.595249,-0.1685988,0.096516706,-0.032986723
1605.0,-5.5401826,-5.221754,5.6215854,-0.20525073,0.096516706,-0.056199603
1615.0,-5.434838,-5.2959743,5.6335564,-0.19425514,0.09285152,-0.07574729
1625.0,-5.363012,-5.403713,5.671864,-0.14049901,0.0842994,-0.087964594
1634.0,-5.3965306,-5.4779334,5.7508726,-0.061086524,0.08552113,-0.09773844
1647.0,-5.3821654,-5.497087,5.793968,0.014660766,0.087964594,-0.10751228
1654.0,-5.243302,-5.3701944,5.7843914,0.064751714,0.06963864,-0.10629055
1664.0,-5.058948,-5.2265425,5.7389016,0.080634214,0.058643065,-0.08552113
1673.0,-5.094861,-5.1475334,5.631162,0.064751714,0.056199603,-0.057421334
1686.0,-4.9799395,-5.0876784,5.5760956,0.008552114,0.062308256,-0.04153884
1695.0,-5.0038815,-5.073313,5.5377884,-0.080634214,0.06841691,-0.03176499
1705.0,-5.0637364,-5.257667,5.6239796,-0.18325958,0.07696902,-0.02076942
1715.0,-5.097255,-5.3606176,5.7867856,-0.27000242,0.08674286,-0.010995574
1725.0,-5.1379566,-5.5401826,6.0022635,-0.30543262,0.0842994,-0.0036651916
1735.0,-5.2289367,-5.60722,5.995081,-0.28099802,0.0842994,0.0012217305
1744.0,-5.2768207,-5.485116,5.995081,-0.20769419,0.07452556,0.013439035
1753.0,-5.2648497,-5.389348,5.7748146,-0.12950343,0.065973446,0.030543262
1766.0,-5.2385135,-5.2241483,5.686229,-0.09162979,0.056199603,0.04520403
1774.0,-5.2504845,-5.197812,5.57849,-0.11484267,0.047647487,0.05131268
1785.0,-5.279215,-5.233725,5.674258,-0.26633725,0.073303826,0.015882496
1793.0,-5.547365,-5.590461,5.9519854,-0.28710666,0.06841691,-0.012217305
1804.0,-5.547365,-5.770026,5.9878983,-0.23335053,0.057421334,-0.013439035
1815.0,-5.422867,-5.827487,5.93762,-0.12461651,0.037873644,0.008552114
1826.0,-5.303157,-5.6096144,5.93762,-0.007330383,0.018325957,0.02321288
1835.0,-5.3462524,-5.4420204,5.8466406,0.06719518,0.014660766,0.010995574
1846.0,-5.386954,-5.3438582,5.813122,0.07941248,0.007330383,-0.013439035
1855.0,-5.398925,-5.305551,5.8322754,0.037873644,0.009773844,-0.034208454
1865.0,-5.422867,-5.425261,5.899313,-0.02687807,0.014660766,-0.04520403
1873.0,-5.4300494,-5.544971,5.9041014,-0.0720821,0.008552114,-0.05131268
1886.0,-5.305551,-5.6527104,5.9064956,-0.08307768,0.0061086523,-0.047647487
1895.0,-5.269638,-5.710171,5.8562174,-0.059864793,0.004886922,-0.040317107
1904.0,-5.317522,-5.628768,5.923255,-0.019547688,0.0,-0.039095376
1915.0,-5.1810527,-5.556942,5.9400144,0.007330383,0.013439035,-0.04153884
1925.0,-5.17387,-5.5042696,5.9400144,0.015882496,0.014660766,-0.039095376
1935.0,-5.1642933,-5.4563856,5.829881,0.007330383,0.02076942,-0.03176499
1945.0,-5.243302,-5.4922986,5.8562174,-0.012217305,0.02687807,-0.029321533
1953.0,-5.269638,-5.449203,5.805939,-0.05131268,0.037873644,-0.035430185
1964.0,-5.2863975,-5.5377884,5.8562174,-0.10262536,0.05009095,-0.04520403
1974.0,-5.2863975,-5.5521536,5.9280434,-0.15149458,0.052534413,-0.04886922
1986.0,-5.317522,-5.6000376,5.997475,-0.18325958,0.062308256,-0.05375614
1994.0,-5.303157,-5.628768,6.042965,-0.19303341,0.06963864,-0.058643065
2006.0,-5.389348,-5.497087,5.913678,-0.18203785,0.065973446,-0.057421334
2013.0,-5.3438582,-5.5282116,5.9064956,-0.16737708,0.07452556,-0.04153884
2025.0,-5.329493,-5.544971,5.8466406,-0.1685988,0.089186326,-0.021991149
2040.0,-5.3007627,-5.60722,5.78918,-0.19058995,0.10629055,-0.014660766
2043.0,-5.317522,-5.683835,5.746084,-0.2125811,0.12705997,-0.021991149
2100.0,-5.3366756,-5.6335564,5.686229,-0.21380283,0.13194689,-0.035430185
2100.0,-5.2863975,-5.566519,5.571307,-0.204029,0.13927728,-0.042760566
2100.0,-5.281609,-5.580884,5.499481,-0.20158553,0.13683382,-0.039095376
2100.0,-5.269638,-5.583278,5.363012,-0.2125811,0.13927728,-0.035430185
2100.0,-5.2720323,-5.647922,5.33907,-0.22724187,0.13683382,-0.039095376
2104.0,-5.281609,-5.681441,5.3965306,-0.23945917,0.13561209,-0.042760566
2112.0,-5.29358,-5.7365074,5.4300494,-0.25045475,0.1160644,-0.04520403
2124.0,-5.2959743,-5.884948,5.5018754,-0.25411993,0.111177474,-0.04886922
2132.0,-5.2624555,-5.9448028,5.482722,-0.22357668,0.096516706,-0.052534413
2144.0,-5.3127337,-5.93762,5.3678,-0.15760323,0.08307768,-0.05131268
2152.0,-5.267244,-5.9400144,5.3199162,-0.07819075,0.06719518,-0.047647487
2163.0,-5.29358,-5.8346696,5.3318872,-0.02565634,0.05375614,-0.04153884
2173.0,-5.255273,-5.7269306,5.3941364,-0.017104227,0.04520403,-0.035430185
2186.0,-5.267244,-5.758055,5.4922986,-0.043982297,0.040317107,-0.029321533
2194.0,-5.2049947,-5.861006,5.5521536,-0.081855945,0.043982297,-0.02076942
2205.0,-5.2600613,-5.9304376,5.509058,-0.089186326,0.036651913,-0.012217305
2213.0,-5.315128,-5.9160724,5.556942,-0.058643065,0.035430185,-0.002443461
2223.0,-5.2480903,-5.8226986,5.5018754,-0.018325957,0.02565634,0.007330383
2234.0,-5.317522,-5.7365074,5.542577,-0.004886922,0.034208454,0.015882496
2246.0,-5.3678,-5.6982,5.5617304,-0.014660766,0.039095376,0.02076942
2256.0,-5.3127337,-5.7029886,5.6646814,-0.039095376,0.032986723,0.02443461
2264.0,-5.3366756,-5.825093,5.6670756,-0.062308256,0.032986723,0.02687807
2276.0,-5.427655,-5.8466406,5.580884,-0.065973446,0.028099801,0.02443461
2287.0,-5.451597,-5.896919,5.6000376,-0.047647487,0.030543262,0.02443461
2294.0,-5.4659624,-5.829881,5.5737014,-0.019547688,0.030543262,0.03176499
2307.0,-5.494693,-5.657499,5.554548,0.0036651916,0.02076942,0.043982297
2315.0,-5.5042696,-5.686229,5.5377884,0.002443461,0.02076942,0.04642576
2324.0,-5.4803276,-5.686229,5.523423,-0.010995574,0.021991149,0.037873644
2335.0,-5.451597,-5.705383,5.446809,-0.019547688,0.02076942,0.028099801
2344.0,-5.403713,-5.770026,5.485116,-0.02321288,0.02321288,0.02443461
2355.0,-5.4300494,-5.734113,5.4563856,-0.02443461,0.029321533,0.02076942
2367.0,-5.3486466,-5.7508726,5.377377,-0.02565634,0.030543262,0.009773844
2376.0,-5.3247046,-5.849035,5.4085016,-0.028099801,0.032986723,-0.004886922
2385.0,-5.3318872,-5.8107276,5.4061074,-0.02321288,0.029321533,-0.014660766
2395.0,-5.3845596,-5.8226986,5.425261,-0.009773844,0.029321533,-0.017104227
2406.0,-5.3318872,-5.849035,5.353435,0.015882496,0.02687807,-0.012217305
2415.0,-5.422867,-5.841852,5.279215,0.04642576,0.015882496,0.0036651916
2426.0,-5.485116,-5.592855,5.221754,0.06841691,0.013439035,0.019547688
2434.0,-5.473145,-5.590461,5.145139,0.07696902,0.012217305,0.030543262
2446.0,-5.4420204,-5.521029,5.12838,0.062308256,-0.002443461,0.043982297
2455.0,-5.2840033,-5.547365,5.1259856,0.028099801,-0.008552114,0.057421334
2464.0,-5.2983685,-5.5760956,5.0900726,-0.008552114,0.0012217305,0.052534413
2476.0,-5.291186,-5.6551046,5.097255,-0.035430185,0.002443461,0.030543262
2489.0,-5.3127337,-5.722142,5.046977,-0.052534413,0.0036651916,0.010995574
2496.0,-5.29358,-5.710171,5.0421886,-0.062308256,0.017104227,-0.0061086523
2504.0,-5.2720323,-5.734113,5.17387,-0.064751714,0.014660766,-0.029321533
2514.0,-5.303157,-5.861006,5.2480903,-0.06841691,0.012217305,-0.05009095
2525.0,-5.3079453,-5.901707,5.315128,-0.059864793,0.004886922,-0.059864793
2535.0,-5.2768207,-5.839458,5.391742,-0.03176499,-0.004886922,-0.059864793
2545.0,-5.305551,-5.755661,5.3678,0.013439035,-0.019547688,-0.052534413
2555.0,-5.3558292,-5.6431336,5.2983685,0.05009095,-0.036651913,-0.032986723
2566.0,-5.3079453,-5.547365,5.4204726,0.05009095,-0.043982297,-0.008552114
2576.0,-5.2624555,-5.5617304,5.4061074,0.008552114,-0.04642576,0.012217305
2588.0,-5.207389,-5.626374,5.506664,-0.09407325,-0.04520403,0.04886922
2595.0,-5.1786585,-5.734113,5.592855,-0.09407325,-0.04520403,0.04886922
2606.0,-5.2241483,-5.746084,5.6646814,-0.11484267,-0.030543262,0.057421334
2616.0,-5.1571107,-5.793968,5.604826,-0.10751228,-0.02687807,0.059864793
2625.0,-5.197812,-5.719748,5.5521536,-0.09162979,-0.02076942,0.065973446
2634.0,-5.2289367,-5.66947,5.5521536,-0.07941248,-0.009773844,0.07086037
2647.0,-5.2528787,-5.631162,5.521029,-0.07696902,-0.010995574,0.06719518
2656.0,-5.2983685,-5.6910176,5.5976434,-0.0842994,-0.02321288,0.057421334
2667.0,-5.3438582,-5.7389016,5.590461,-0.06963864,-0.02565634,0.058643065
2676.0,-5.3678,-5.6790466,5.647922,-0.036651913,-0.034208454,0.05131268
2687.0,-5.3127337,-5.602432,5.580884,-0.0036651916,-0.039095376,0.039095376
2697.0,-5.4204726,-5.5976434,5.4683566,0.02321288,-0.05009095,0.032986723
2706.0,-5.3606176,-5.57849,5.377377,0.029321533,-0.04153884,0.03176499
2716.0,-5.422867,-5.4922986,5.3606176,0.02076942,-0.02565634,0.018325957
2728.0,-5.4659624,-5.446809,5.403713,-0.0061086523,-0.009773844,-0.004886922
2735.0,-5.4683566,-5.5282116,5.473145,-0.043982297,-0.007330383,-0.02443461
2746.0,-5.379771,-5.765238,5.4539914,-0.06963864,-0.002443461,-0.040317107
2755.0,-5.461174,-5.705383,5.4061074,-0.056199603,-0.004886922,-0.058643065
2764.0,-5.427655,-5.7604494,5.3678,-0.007330383,-0.014660766,-0.08307768
2774.0,-5.4085016,-5.805939,5.351041,0.037873644,-0.015882496,-0.105068825
2787.0,-5.3678,-5.8442464,5.3965306,0.057421334,-0.02076942,-0.118507855
2794.0,-5.2744265,-5.872977,5.583278,0.05497787,-0.015882496,-0.12583824
2804.0,-5.171476,-5.9663506,5.6239796,0.062308256,-0.03176499,-0.12461651
2814.0,-5.106832,-5.997475,5.6766524,0.08307768,-0.036651913,-0.11362094
2824.0,-5.011064,-6.0381765,5.6120086,0.10995574,-0.032986723,-0.09896017
2834.0,-4.9823337,-5.8681884,5.571307,0.12583824,-0.030543262,-0.08307768
2846.0,-5.097255,-5.837064,5.485116,0.103847094,-0.02443461,-0.065973446
2855.0,-5.118803,-5.719748,5.6431336,0.035430185,-0.002443461,-0.04886922
2865.0,-5.1259856,-5.8226986,5.765238,-0.047647487,0.017104227,-0.035430185
2874.0,-5.1571107,-5.8801594,5.8203044,-0.1160644,0.030543262,-0.02076942
2887.0,-5.0876784,-6.0477533,5.853823,-0.14172074,0.03176499,0.0036651916
2895.0,-5.0278234,-6.009446,5.7365074,-0.119729586,0.029321533,0.032986723
2906.0,-4.9679685,-5.93762,5.6239796,-0.07696902,0.02687807,0.05131268
2916.0,-4.876989,-5.779603,5.499481,-0.05375614,0.035430185,0.05375614
2927.0,-4.9583917,-5.729325,5.509058,-0.06841691,0.04153884,0.04886922
2936.0,-5.1020436,-5.6646814,5.604826,-0.118507855,0.05131268,0.04886922
2946.0,-5.2648497,-5.758055,5.74369,-0.16737708,0.056199603,0.05009095
2957.0,-5.303157,-5.813122,5.7269306,-0.17348573,0.04520403,0.056199603
2968.0,-5.303157,-5.805939,5.631162,-0.12217305,0.02565634,0.0720821
2975.0,-5.2720323,-5.825093,5.509058,-0.039095376,0.004886922,0.09162979
2988.0,-5.2265425,-5.681441,5.485116,0.032986723,-0.007330383,0.096516706
2995.0,-5.2385135,-5.5401826,5.410896,0.06352998,-0.004886922,0.07941248
3006.0,-5.3558292,-5.363012,5.449203,0.056199603,0.0,0.05009095
