44.0,4.3861775,2.4157495,8.535329,-0.017104227,-0.029321533,0.015882496
44.0,4.2880154,2.0231004,9.11712,0.14172074,0.13561209,-0.06963864
66.0,4.6351743,0.5243302,8.7292595,-0.029321533,-0.25167647,-0.2761111
66.0,4.4244847,-0.21547815,8.796297,-0.21380283,-0.37995818,-0.29443705
74.0,4.4364557,-0.06464344,8.693346,-0.15027285,0.42638394,0.036651913
80.0,4.489128,0.45968673,8.4587145,-0.14538592,0.4092797,-0.07086037
91.0,4.5753193,0.6847417,8.439561,-0.1001819,0.22113322,-0.172264
100.0,4.5274353,0.7661445,8.274361,-0.05009095,0.021991149,-0.19181168
111.0,4.3718123,0.770933,8.391677,-0.021991149,0.043982297,-0.19425514
120.0,4.3167458,0.7517793,8.523358,-0.030543262,0.0720821,-0.23579398
130.0,4.3718123,0.6536171,8.75799,-0.032986723,0.07696902,-0.25534168
140.0,4.4005427,0.50038815,8.825027,-0.014660766,0.09040806,-0.23701571
151.0,4.1683054,0.50757074,8.935161,0.028099801,0.08307768,-0.20647246
160.0,4.000711,0.5267244,9.002198,0.087964594,0.07819075,-0.19303341
171.0,3.8738184,0.7302315,9.102755,0.2003638,0.05497787,-0.1966986
180.0,3.833117,0.89543146,8.995016,0.2003638,0.05497787,-0.1966986
191.0,3.8307228,1.0319009,8.973468,0.21502456,0.032986723,-0.15760323
200.0,3.787627,1.2282255,8.937555,0.20769419,0.013439035,-0.11362094
212.0,3.763685,1.2641385,9.040505,0.17470746,-0.008552114,-0.07452556
221.0,3.8666358,1.3096284,9.224859,0.11728613,-0.02076942,-0.02687807
230.0,3.9384618,0.8475474,9.272743,-0.010995574,-0.03176499,0.04886922
240.0,3.9815574,0.7302315,9.334992,-0.039095376,-0.02565634,0.06719518
250.0,3.9480386,0.7015011,9.193734,-0.037873644,-0.035430185,0.07696902
260.0,4.086902,0.7613561,8.992621,-0.02565634,-0.05131268,0.07452556
273.0,4.185065,0.90740246,8.851364,-0.02321288,-0.057421334,0.056199603
280.0,4.2880154,0.9600749,8.664616,-0.040317107,-0.052534413,0.03176499
291.0,4.4220905,0.9720459,8.542512,-0.07452556,-0.037873644,0.0
300.0,4.453215,0.8571242,8.576031,-0.11484267,-0.013439035,-0.039095376
310.0,4.486734,0.6512229,8.6334915,-0.14905111,0.02687807,-0.08307768
320.0,4.5394063,0.50757074,8.724471,-0.16493362,0.06841691,-0.13072516
331.0,4.4580035,0.40222588,8.968679,-0.15393804,0.105068825,-0.18570304
340.0,4.5394063,0.34955344,9.045294,-0.12705997,0.1441642,-0.25167647
352.0,4.501099,0.30885202,9.25359,-0.096516706,0.17715092,-0.33964106
361.0,4.5394063,0.7422025,9.56723,-0.096516706,0.21991149,-0.44837508
372.0,4.4556093,1.2449849,9.737218,-0.19792034,0.26511553,-0.5656612
382.0,4.345476,2.042254,10.067618,-0.57910025,0.32375857,-0.6621779
392.0,4.292804,2.8993783,10.702082,-1.536937,0.41172317,-0.59864795
401.0,4.4244847,2.4875755,11.09473,-2.9028316,0.53023106,-0.267559
411.0,4.560954,0.8523358,12.253524,-4.2601743,0.7122689,0.14172074
420.0,4.8865657,-0.7733272,13.828909,-5.4098225,0.95172805,0.3481932
431.0,5.21936,-3.2992098,15.246277,-6.3212337,1.2253957,0.48624873
441.0,4.6495395,-5.6766524,16.510414,-6.637662,1.5894713,0.51923543
452.0,3.691859,-7.1514807,17.824831,-6.056118,1.9669861,0.36774087
461.0,2.6408045,-7.831434,18.660408,-4.97,2.2455406,0.3286455
473.0,2.207454,-8.183381,18.717869,-3.9217548,2.475226,0.52778757
481.0,1.9153614,-8.3150625,18.897434,-3.209486,2.7501154,0.8527679
491.0,1.1803415,-8.12592,19.021933,-2.814867,3.0995302,1.1520919
501.0,0.30406362,-7.788338,18.52394,-2.6487117,3.4171803,1.3939945
512.0,-0.30166942,-7.7069354,18.059464,-2.5668557,3.676187,1.6603317
522.0,-0.6895301,-8.061277,17.762583,-2.4984388,3.9180896,2.0011945
532.0,-0.92895025,-8.645462,17.750612,-2.3872614,4.1184535,2.4007003
542.0,-0.6607997,-9.361329,17.623718,-2.0977113,4.2540655,2.8160887
551.0,-0.36631286,-9.423578,16.713923,-1.5858061,4.359134,3.2290337
561.0,-0.35434186,-8.640674,15.251065,-0.9297369,4.4409904,3.6322048
573.0,-0.58897364,-7.3310456,13.505692,-0.25411993,4.5167375,3.9852848
581.0,-0.9552865,-6.0956373,11.848905,0.33108896,4.569272,4.2919393
592.0,-1.1492168,-5.439626,10.378864,0.77946407,4.5888195,4.564385
604.0,-1.127669,-4.4603977,8.4587145,1.0543534,4.587598,4.7439795
613.0,-1.1324574,-3.4165258,7.4962454,1.174083,4.5191813,4.8307223
623.0,-1.0702082,-2.7485435,6.493075,1.2168436,4.4299946,4.8612657
634.0,-1.3694834,-2.2960393,5.2409077,1.2229522,4.312709,4.8930306
643.0,-1.7046716,-1.9249382,4.5920787,1.2253957,4.1233406,4.938235
655.0,-2.0709844,-1.103727,4.548983,1.2669345,3.8545597,4.935791
663.0,-2.4061728,-0.6871359,4.675876,1.3842206,3.5601227,4.863709
676.0,-2.731784,-0.21787235,4.7500963,1.5564847,3.3108897,4.7378707
684.0,-2.9472623,-0.12449849,4.5872903,1.8191566,3.0897565,4.5497246
695.0,-3.2249897,-0.533907,4.608838,2.1551325,2.8893926,4.298048
704.0,-3.323152,-0.81163436,4.2401314,2.4642303,2.6963592,4.002389
715.0,-3.4500446,-0.6488287,3.6008794,2.6731462,2.5411994,3.6932912
725.0,-3.4691982,-0.31603462,3.3087866,2.856406,2.3823745,3.4061847
734.0,-3.7804444,0.1412579,2.8874073,3.0494392,2.1905627,3.1447344
744.0,-4.0797195,0.24660277,2.5115175,3.1850514,1.9999728,2.8979447
756.0,-4.489128,0.272939,2.384625,3.1874948,1.8203784,2.656042
763.0,-4.709395,0.46208093,2.1787236,2.9956832,1.6346754,2.4178047
776.0,-4.663905,0.6943185,2.018312,2.6658158,1.4343116,2.1868975
784.0,-4.5082817,0.79487497,2.1092918,2.3261747,1.2327261,1.9767599
793.0,-4.4220905,0.51235914,2.2984335,2.0451767,1.0775663,1.7922786
803.0,-4.331111,0.45968673,2.303222,1.8106046,0.95905846,1.6285667
815.0,-4.426879,0.62249243,2.4061728,1.6334536,0.8368854,1.4856243
823.0,-4.5178585,0.6631939,2.645593,1.4929546,0.70616025,1.3707817
833.0,-4.462792,0.6943185,2.681506,1.3585643,0.57910025,1.2705997
844.0,-4.4220905,0.842759,2.731784,1.2229522,0.47647488,1.1777482
854.0,-4.4316673,0.81163436,2.918532,1.1349876,0.3811799,1.0861185
863.0,-4.2664676,1.0606314,3.040636,1.0836749,0.28344148,0.9859365
877.0,-4.4005427,1.7764976,2.9831753,1.0567969,0.1966986,0.89675015
884.0,-4.498705,2.2481554,3.074155,1.0897835,0.13072516,0.8393288
895.0,-4.8338933,2.6671407,3.2010477,1.1545353,0.09285152,0.81122905
903.0,-5.133168,2.9496565,3.1292217,1.1691961,0.05009095,0.7855727
913.0,-5.41329,3.311181,3.074155,1.1459832,0.008552114,0.752586
924.0,-5.628768,3.394978,3.4476504,1.1191051,-0.010995574,0.70616025
935.0,-5.770026,3.2968156,3.58412,1.0763446,-0.018325957,0.65240407
944.0,-5.8203044,3.0933087,3.5314474,1.0201449,-0.035430185,0.6096435
955.0,-6.0525417,3.169923,3.6367924,0.9822713,-0.04153884,0.5815437
965.0,-6.2368956,3.4452562,3.6176388,0.9773844,-0.040317107,0.5693264
975.0,-6.289568,3.478775,3.5290532,1.0103711,-0.04642576,0.56321776
984.0,-6.2512608,3.5913026,3.5242648,1.033584,-0.062308256,0.54733527
996.0,-6.0860605,3.691859,3.3877954,1.0030408,-0.058643065,0.50579643
1005.0,-5.9064956,3.9839516,3.2202013,0.9431759,-0.057421334,0.45081854
1016.0,-5.9687448,4.1491513,3.0334535,0.86498517,-0.047647487,0.40561453
1024.0,-6.1100025,4.1515455,2.8802247,0.7696902,-0.036651913,0.37507126
1035.0,-6.375759,4.1060557,2.7269957,0.6536258,-0.018325957,0.34574974
1043.0,-6.5002575,4.2305546,2.753332,0.516792,-0.010995574,0.3115413
1056.0,-6.469133,4.345476,2.942474,0.37873647,-0.028099801,0.2687807
1084.0,-6.2991447,4.4699745,3.122039,0.26389378,-0.06719518,0.21624629
1084.0,-5.8442464,4.6902413,3.3279405,0.1966986,-0.13561209,0.10629055
1084.0,-5.755661,4.6016555,3.1962593,0.24923302,-0.13927728,0.06719518
1094.0,-5.961562,4.486734,3.0621839,0.31887165,-0.13561209,0.037873644
1103.0,-6.1195793,4.501099,3.074155,0.4092797,-0.12583824,0.009773844
1113.0,-6.241684,4.72376,3.3303347,0.49968776,-0.12461651,-0.02076942
1122.0,-6.2632318,4.9200845,3.2752678,0.5693264,-0.15882497,-0.057421334
1132.0,-6.1770406,5.1642933,3.1004913,0.61086524,-0.19914207,-0.103847094
1142.0,-6.3063273,5.3438582,3.1794999,0.6230826,-0.1966986,-0.13561209
1151.0,-6.679823,5.5162406,3.1723173,0.54733527,-0.15393804,-0.1282817
1163.0,-7.050924,5.547365,3.1794999,0.42394048,-0.12950343,-0.111177474
1174.0,-7.2711906,5.4683566,3.2489316,0.31520647,-0.13072516,-0.119729586
1181.0,-7.419631,5.542577,3.2369606,0.21135938,-0.12095132,-0.14660765
1193.0,-7.536947,5.6335564,3.347094,0.15027285,-0.112399206,-0.17104226
1204.0,-7.680599,5.542577,3.3087866,0.17104226,-0.09407325,-0.17715092
1214.0,-7.795521,5.4420204,3.2609026,0.23945917,-0.08552113,-0.16737708
1223.0,-7.750031,5.5497594,3.2728736,0.3115413,-0.0842994,-0.1600467
1236.0,-7.6973586,5.731719,3.3446999,0.38606682,-0.09162979,-0.1685988
1245.0,-7.7093296,5.781997,3.3734303,0.4373795,-0.0842994,-0.17715092
1255.0,-7.740454,5.8562174,3.2704794,0.46670106,-0.080634214,-0.17592919
1263.0,-7.8410106,5.729325,3.3901896,0.48991394,-0.07086037,-0.15760323
1275.0,-7.860164,5.74369,3.4141316,0.46792278,-0.059864793,-0.13194689
1284.0,-7.726089,5.7365074,3.323152,0.42394048,-0.059864793,-0.12339478
1295.0,-7.7907324,5.734113,3.2992098,0.38606682,-0.056199603,-0.12095132
1304.0,-7.7667904,5.686229,3.205836,0.32986724,-0.039095376,-0.103847094
1314.0,-7.85777,5.595249,3.083732,0.25411993,-0.030543262,-0.080634214
1325.0,-7.893683,5.5737014,2.8299465,0.18448131,-0.03176499,-0.065973446
1335.0,-7.7811556,5.5138464,2.7102363,0.14782938,-0.04520403,-0.05131268
1346.0,-7.7189064,5.4563856,2.8993783,0.12583824,-0.042760566,-0.040317107
1355.0,-7.644686,5.604826,3.004723,0.10140363,-0.036651913,-0.043982297
1364.0,-7.4507556,5.616797,2.9640217,0.089186326,-0.02687807,-0.042760566
1375.0,-7.4842744,5.4803276,2.9903579,0.08552113,-0.007330383,-0.017104227
1385.0,-7.491457,5.5617304,3.074155,0.062308256,0.012217305,0.009773844
1394.0,-7.457938,5.602432,3.064578,0.032986723,0.043982297,0.014660766
1404.0,-7.398083,5.5162406,2.80361,0.018325957,0.047647487,0.004886922
1416.0,-7.3645644,5.4061074,2.767697,0.013439035,0.047647487,0.0
1425.0,-7.323863,5.374983,2.695871,-0.0012217305,0.057421334,-0.004886922
1435.0,-7.3430166,5.415684,2.6288335,-0.013439035,0.06963864,-0.010995574
1445.0,-7.2472486,5.29358,2.6072857,-0.007330383,0.06719518,-0.02321288
1455.0,-7.103596,5.1547165,2.5258827,-0.009773844,0.064751714,-0.036651913
1464.0,-7.055712,5.070919,2.5761611,-0.05375614,0.06963864,-0.052534413
1477.0,-6.9527617,5.195418,2.5330653,-0.111177474,0.062308256,-0.073303826
1485.0,-6.8330517,5.1140146,2.4636335,-0.13683382,0.042760566,-0.095294975
1495.0,-6.8186865,4.9583917,2.3750482,-0.1563815,0.029321533,-0.111177474
1504.0,-6.76362,4.9440265,2.492364,-0.19425514,0.018325957,-0.119729586
1515.0,-6.715736,5.0781016,2.542642,-0.22602014,-0.009773844,-0.12461651
1525.0,-6.6510925,5.133168,2.566584,-0.22357668,-0.034208454,-0.1282817
1537.0,-6.7612257,5.0541596,2.5474305,-0.21746802,-0.034208454,-0.118507855
1545.0,-6.8809357,5.032612,2.7605145,-0.21135938,-0.05131268,-0.1001819
1556.0,-6.9719152,5.185841,2.9999347,-0.19058995,-0.05375614,-0.096516706
1566.0,-7.0221934,5.2768207,3.074155,-0.14049901,-0.06352998,-0.10873401
1578.0,-7.1466923,5.245696,3.1483753,-0.07452556,-0.073303826,-0.103847094
1585.0,-7.393295,5.2049947,3.241749,-0.02687807,-0.06719518,-0.087964594
1595.0,-7.57286,5.291186,3.3279405,-0.0036651916,-0.07086037,-0.09285152
1606.0,-7.6494746,5.3199162,3.2010477,0.0,-0.09407325,-0.118507855
1616.0,-7.6710224,5.2385135,3.1268275,0.02565634,-0.12339478,-0.14049901
1625.0,-7.666234,5.3582234,3.1268275,0.05497787,-0.12705997,-0.15149458
1635.0,-7.7093296,5.5162406,3.3279405,0.0720821,-0.111177474,-0.15760323
1644.0,-7.714118,5.5617304,3.5553896,0.0842994,-0.11484267,-0.16371189
1659.0,-7.785944,5.4803276,3.7588966,0.11362094,-0.10873401,-0.17104226
1668.0,-7.687782,5.363012,3.739743,0.17104226,-0.089186326,-0.172264
1676.0,-7.8027034,5.29358,3.6990416,0.24556783,-0.07452556,-0.16249016
1684.0,-7.771579,5.221754,3.5529952,0.3115413,-0.06719518,-0.1441642
1695.0,-7.726089,5.2241483,3.3877954,0.32742378,-0.06841691,-0.12950343
1705.0,-7.8170686,5.2840033,3.4500446,0.2761111,-0.059864793,-0.13316862
1716.0,-7.788338,5.425261,3.2632968,0.18203785,-0.05497787,-0.14294247
1726.0,-7.7907324,5.315128,3.2872388,0.09896017,-0.06719518,-0.14049901
1735.0,-7.656657,5.1379566,3.241749,0.02321288,-0.06352998,-0.1282817
1746.0,-7.6853876,4.9703627,3.3854012,-0.06719518,-0.040317107,-0.12950343
1755.0,-7.630321,4.8817773,3.5122938,-0.12339478,-0.015882496,-0.13683382
1765.0,-7.668628,4.7788267,3.5936968,-0.12705997,-0.0061086523,-0.12950343
1778.0,-7.6351094,4.7668557,3.6367924,-0.09040806,-0.004886922,-0.11362094
1786.0,-7.565677,4.8123455,3.5338416,-0.032986723,0.002443461,-0.10262536
1795.0,-7.6710224,4.7860093,3.5793316,0.013439035,0.0036651916,-0.089186326
1805.0,-7.675811,4.7764325,3.6774938,0.052534413,0.009773844,-0.073303826
1817.0,-7.6829934,4.7740383,3.4093432,0.10873401,0.004886922,-0.06841691
1825.0,-7.6111674,4.618415,3.3063924,0.204029,0.0036651916,-0.064751714
1836.0,-7.589619,4.6782703,3.229778,0.31031954,0.013439035,-0.05131268
1846.0,-7.651869,4.841076,3.1387985,0.3885103,0.029321533,-0.02687807
1856.0,-7.675811,4.829105,3.0310593,0.41783184,0.042760566,-0.007330383
1865.0,-7.702147,4.5274353,2.9903579,0.39461896,0.058643065,-0.0012217305
1877.0,-7.57286,4.4244847,3.0142999,0.2284636,0.028099801,0.002443461
1886.0,-7.383718,4.675876,3.1914709,0.2284636,0.028099801,0.002443461
1898.0,-7.433996,5.2361193,3.1435869,0.014660766,0.010995574,0.02687807
1904.0,-7.4244194,5.257667,3.0358477,-0.095294975,0.0,0.043982297
1917.0,-7.52737,5.0996494,3.0573955,-0.2003638,-0.004886922,0.05009095
1925.0,-7.371747,5.0613422,3.095703,-0.2443461,-0.013439035,0.037873644
1936.0,-7.2927384,5.0421886,2.9376855,-0.21380283,-0.012217305,0.03176499
1945.0,-7.4986396,5.142745,2.9017725,-0.1441642,0.012217305,0.05497787
1958.0,-7.548918,5.2169657,2.7102363,-0.081855945,0.02687807,0.09285152
1966.0,-7.668628,5.023035,2.6671407,-0.056199603,0.02443461,0.11728613
1977.0,-7.6255326,4.853047,2.6886885,-0.09896017,0.021991149,0.11484267
1985.0,-7.6829934,4.6686935,2.7150247,-0.18936823,0.018325957,0.105068825
1997.0,-7.668628,4.663905,2.8634653,-0.25900686,0.0061086523,0.096516706
2005.0,-7.6015906,4.522647,3.13401,-0.2773328,-0.0061086523,0.09407325
2017.0,-7.5584946,4.608838,3.0430303,-0.25045475,-0.02565634,0.09773844
2026.0,-7.4842744,4.5633483,3.13401,-0.17837265,-0.07452556,0.10751228
2038.0,-7.381324,4.7309427,3.145981,-0.1282817,-0.112399206,0.13194689
2047.0,-7.290344,4.8722005,3.430891,-0.105068825,-0.13805555,0.1441642
2073.0,-7.2807674,5.0014873,3.632004,-0.0842994,-0.14905111,0.1441642
2073.0,-7.302315,5.085284,3.7804444,-0.061086524,-0.15271631,0.16371189
2077.0,-7.3789296,5.2049947,4.050989,-0.017104227,-0.15149458,0.1966986
2085.0,-7.479486,5.281609,4.261679,0.04153884,-0.1563815,0.21624629
2095.0,-7.589619,5.475539,4.295198,0.09896017,-0.1563815,0.22113322
2106.0,-7.6710224,5.616797,4.271256,0.1685988,-0.16249016,0.22479841
2115.0,-7.66384,5.6910176,4.10845,0.22235495,-0.18081611,0.2443461
2124.0,-7.6853876,5.616797,3.9121256,0.23701571,-0.1881465,0.25900686
2137.0,-7.5824366,5.542577,3.9025488,0.2321288,-0.172264,0.2406809
2145.0,-7.66384,5.566519,3.8474822,0.20891592,-0.14294247,0.21135938
2155.0,-7.699753,5.731719,3.7493198,0.17592919,-0.103847094,0.2003638
2165.0,-7.771579,5.7963624,3.715801,0.14782938,-0.0842994,0.19914207
2176.0,-7.735666,5.7125654,3.691859,0.09773844,-0.05009095,0.1881465
2185.0,-7.7548194,5.717354,3.7612908,0.04153884,-0.030543262,0.16126843
2197.0,-7.785944,5.6910176,3.7445314,-0.002443461,-0.004886922,0.13683382
2206.0,-7.7452426,5.57849,3.6487634,0.0012217305,0.013439035,0.12095132
2218.0,-7.6470804,5.4300494,3.6104562,0.064751714,0.030543262,0.111177474
2226.0,-7.431602,5.3678,3.53863,0.12583824,0.035430185,0.10140363
2236.0,-7.4004774,5.2121773,3.3494883,0.13316862,0.043982297,0.0842994
2247.0,-7.204153,5.1930237,3.2130187,0.10751228,0.058643065,0.07574729
2259.0,-7.120356,5.2528787,3.0909145,0.07941248,0.057421334,0.065973446
2266.0,-7.101202,5.3678,3.1627405,0.07696902,0.073303826,0.05009095
2277.0,-7.129933,5.5401826,3.2130187,0.09896017,0.089186326,0.04520403
2286.0,-7.03177,5.6096144,3.1555579,0.12339478,0.095294975,0.05375614
2296.0,-6.9383965,5.547365,2.954445,0.119729586,0.09773844,0.059864793
2307.0,-6.9000893,5.5377884,2.7820623,0.07452556,0.11728613,0.065973446
2319.0,-6.9743094,5.425261,2.7509377,0.014660766,0.14049901,0.07086037
2326.0,-7.043741,5.45878,2.791639,-0.04153884,0.15393804,0.06963864
2337.0,-7.0605006,5.3558292,2.6503813,-0.09407325,0.13683382,0.06841691
2345.0,-6.943185,5.0781016,2.7246015,-0.119729586,0.13194689,0.059864793
2358.0,-6.931214,5.0637364,2.7988217,-0.14294247,0.1441642,0.040317107
2367.0,-7.00304,5.243302,2.8060043,-0.15882497,0.1441642,0.030543262
2380.0,-7.0700774,5.3582234,2.861071,-0.14538592,0.13683382,0.04153884
2385.0,-7.180211,5.374983,2.9113493,-0.118507855,0.1282817,0.062308256
2398.0,-7.192182,5.398925,2.920926,-0.09285152,0.10751228,0.06841691
2407.0,-7.156269,5.4420204,2.8395233,-0.039095376,0.08674286,0.057421334
2417.0,-7.189788,5.533,3.0095115,0.059864793,0.09040806,0.04520403
2426.0,-7.2233067,5.7748146,3.083732,0.15760323,0.09285152,0.056199603
2438.0,-7.2664022,5.8801594,3.0142999,0.22968534,0.10140363,0.08307768
2446.0,-7.273585,6.042965,2.980781,0.26267207,0.10873401,0.096516706
2456.0,-7.3071036,5.9567738,2.966416,0.26267207,0.12217305,0.09285152
2465.0,-7.395689,5.791574,2.7844565,0.22968534,0.1282817,0.089186326
2476.0,-7.3525934,5.686229,2.8538885,0.19303341,0.1160644,0.08552113
2485.0,-7.33344,5.7484784,2.8802247,0.15515977,0.111177474,0.08307768
2500.0,-7.2448545,5.6407394,2.7485435,0.12461651,0.09773844,0.06841691
2506.0,-7.249643,5.595249,2.8083985,0.09162979,0.095294975,0.064751714
2516.0,-7.240066,5.681441,2.8921957,0.05009095,0.096516706,0.06963864
2526.0,-7.201759,5.8346696,2.815581,0.004886922,0.09040806,0.062308256
2537.0,-7.2065473,5.770026,2.8538885,-0.017104227,0.087964594,0.047647487
2546.0,-7.1395097,5.6886234,2.741361,-0.014660766,0.07086037,0.040317107
2559.0,-6.993463,5.657499,2.717419,-0.008552114,0.06963864,0.034208454
2568.0,-6.9383965,5.60722,2.6791117,-0.007330383,0.07452556,0.029321533
2578.0,-7.029376,5.580884,2.5187001,-0.007330383,0.07086037,0.028099801
2587.0,-7.0006456,5.494693,2.585738,0.017104227,0.05497787,0.02321288
2596.0,-7.03177,5.446809,2.60968,0.037873644,0.052534413,0.010995574
2606.0,-6.9982514,5.4444146,2.695871,0.04520403,0.04886922,-0.008552114
2619.0,-7.043741,5.509058,2.765303,0.037873644,0.052534413,-0.019547688
2626.0,-7.038953,5.434838,2.755726,0.021991149,0.05009095,-0.018325957
2638.0,-7.0485296,5.461174,2.7868507,0.012217305,0.04153884,-0.02076942
2646.0,-7.0700774,5.5018754,2.80361,0.004886922,0.035430185,-0.034208454
2657.0,-7.038953,5.4683566,2.7461493,-0.0061086523,0.03176499,-0.042760566
2666.0,-6.9982514,5.497087,2.825158,-0.015882496,0.036651913,-0.04153884
2679.0,-7.192182,5.5162406,2.777274,-0.040317107,0.028099801,-0.037873644
2687.0,-7.1586633,5.5521536,2.7748797,-0.040317107,0.028099801,-0.037873644
2697.0,-7.237672,5.5138464,2.7581203,-0.018325957,0.017104227,-0.05009095
2706.0,-7.2664022,5.6120086,2.743755,0.008552114,0.009773844,-0.05009095
2718.0,-7.2664022,5.662287,2.885013,0.057421334,0.007330383,-0.061086524
2727.0,-7.053318,5.530606,3.0214825,0.05497787,0.009773844,-0.06841691
2739.0,-7.1059904,5.506664,2.9735985,0.032986723,0.02443461,-0.06963864
2747.0,-7.21373,5.494693,2.9831753,0.009773844,0.02687807,-0.07452556
2758.0,-7.201759,5.4539914,2.9352913,-0.019547688,0.017104227,-0.073303826
2768.0,-7.1945763,5.523423,2.944868,-0.042760566,-0.0036651916,-0.073303826
2777.0,-7.249643,5.6000376,2.8993783,-0.058643065,-0.008552114,-0.07819075
2787.0,-7.2328835,5.5282116,2.8060043,-0.05375614,-0.014660766,-0.0720821
2798.0,-7.2209125,5.48751,2.9735985,-0.059864793,-0.009773844,-0.064751714
2806.0,-7.1993647,5.5521536,2.9855695,-0.058643065,0.0,-0.07696902
2818.0,-7.1945763,5.473145,3.1627405,-0.05009095,-0.002443461,-0.081855945
2826.0,-7.192182,5.470751,3.1962593,-0.030543262,-0.002443461,-0.07819075
2838.0,-7.225701,5.556942,3.2154129,-0.015882496,-0.004886922,-0.07574729
2848.0,-7.3047094,5.5042696,3.1986535,0.010995574,0.0012217305,-0.07452556
2859.0,-7.4244194,5.509058,3.2752678,0.04642576,0.007330383,-0.06719518
2866.0,-7.4124484,5.449203,3.0454245,0.09407325,-0.002443461,-0.05497787
2880.0,-7.357382,5.497087,2.89459,0.13194689,-0.009773844,-0.043982297
2887.0,-7.359776,5.619191,2.6862943,0.12583824,-0.007330383,-0.043982297
2897.0,-7.479486,5.5976434,2.822764,0.07574729,0.009773844,-0.04886922
2908.0,-7.4148426,5.5521536,2.779668,0.008552114,0.017104227,-0.05375614
2919.0,-7.2711906,5.379771,2.8634653,-0.039095376,0.019547688,-0.062308256
2927.0,-7.2544312,5.422867,2.8874073,-0.058643065,0.02565634,-0.06352998
2938.0,-7.311892,5.3725886,2.8179753,-0.059864793,0.02687807,-0.052534413
2947.0,-7.302315,5.425261,2.9520507,-0.02687807,0.02076942,-0.04642576
2957.0,-7.237672,5.4779334,2.7868507,0.0061086523,0.008552114,-0.04153884
2970.0,-7.264008,5.595249,2.7269957,0.021991149,0.004886922,-0.034208454
2981.0,-7.323863,5.66947,2.7485435,0.03176499,-0.0036651916,-0.032986723
2989.0,-7.3190746,5.6407394,2.554613,0.047647487,-0.015882496,-0.036651913
2997.0,-7.1993647,5.499481,2.6120741,0.07574729,-0.029321533,-0.040317107
3008.0,-7.2304893,5.363012,2.7341783,0.07574729,-0.02565634,-0.03176499
3019.0,-7.33344,5.4324436,2.7269957,0.036651913,-0.0036651916,-0.032986723
