26.0,5.365406,-1.9608512,7.872135,-0.030543262,0.0012217305,0.014660766
80.0,5.3678,-1.8411411,8.078036,-0.030543262,0.0012217305,0.014660766
80.0,5.511452,-1.8171991,7.9966335,0.1563815,0.11484267,-0.05497787
80.0,5.6000376,-1.8842367,8.063671,0.014660766,-0.2932153,-0.2932153
80.0,5.41329,-2.0254946,8.204929,-0.030543262,-0.376293,-0.24190263
80.0,5.17387,-1.922544,8.24563,0.1563815,0.44593164,0.19303341
80.0,5.121197,-1.0223241,8.307879,0.19425514,0.4361578,0.19058995
133.0,4.8147397,0.30885202,8.051701,0.089186326,0.02076942,-0.19914207
133.0,4.292804,-0.36631286,8.034941,-0.2773328,-0.4361578,-0.79412484
134.0,5.08289,-0.34237084,7.5561004,-0.72204274,-0.6536258,-0.70249504
134.0,6.5840545,-1.472434,7.5824366,-0.91507614,-0.89919364,-0.54367006
134.0,7.299921,-2.755726,7.4028716,-1.1252137,-0.5705481,-0.6389651
162.0,7.177817,-3.7660792,7.314286,-1.0494665,-0.1881465,-0.312763
162.0,6.588843,-4.225766,7.9391727,-0.59742624,0.080634214,0.032986723
162.0,5.7484784,-3.763685,7.967903,-0.08674286,0.3371976,0.09773844
167.0,5.3103395,-2.0254946,8.09719,0.23335053,0.33841935,-0.14172074
178.0,5.485116,-1.3934253,8.291121,0.312763,0.22602014,-0.31642818
187.0,5.741296,-1.0079589,7.9702973,0.312763,0.22602014,-0.31642818
199.0,5.884948,-1.0127473,7.943961,0.105068825,0.19425514,-0.22235495
207.0,5.911284,-1.5275006,7.8146744,-0.07941248,0.2602286,-0.2284636
217.0,5.530606,-2.360683,7.9463553,-0.23457226,0.3885103,-0.3005457
227.0,5.4300494,-2.360683,8.008605,-0.16982053,0.41050145,-0.27366763
237.0,5.4539914,-2.2960393,8.123527,-0.064751714,0.39584067,-0.2284636
247.0,5.499481,-2.1499932,8.1163435,0.04642576,0.3848451,-0.19547687
258.0,5.511452,-1.958457,7.955932,0.118507855,0.344528,-0.17959438
267.0,5.4420204,-1.8650831,7.81228,0.15149458,0.3286455,-0.17959438
279.0,5.3558292,-1.7501614,7.7548194,0.15760323,0.32620203,-0.17837265
287.0,5.231331,-1.7645266,7.8290396,0.13683382,0.32375857,-0.16126843
297.0,5.145139,-1.685518,7.9583263,0.103847094,0.30543262,-0.1441642
307.0,5.1571107,-1.6160861,7.8793178,0.0842994,0.26511553,-0.12950343
319.0,5.2480903,-1.541866,7.9224133,0.056199603,0.22357668,-0.11484267
328.0,5.2840033,-1.5131354,8.025364,-0.002443461,0.19792034,-0.09896017
338.0,5.317522,-1.3862427,8.123527,-0.07452556,0.1881465,-0.09040806
348.0,5.473145,-1.3239936,8.145074,-0.13927728,0.20525073,-0.096516706
358.0,5.4085016,-1.3934253,8.176199,-0.19792034,0.24190263,-0.10140363
369.0,5.3965306,-1.4077905,8.291121,-0.27855456,0.2846632,-0.09773844
380.0,5.386954,-1.4077905,8.391677,-0.37751472,0.3213151,-0.09407325
388.0,5.4420204,-1.4939818,8.643068,-0.49602258,0.3726278,-0.07452556
399.0,5.602432,-1.7046716,8.932767,-0.66339964,0.4202753,-0.047647487
408.0,5.755661,-1.9632454,9.208099,-0.86132,0.47769663,-0.021991149
418.0,5.935226,-2.360683,9.476251,-1.047023,0.5363397,0.02076942
428.0,6.030994,-2.813187,9.607931,-1.1716396,0.6218608,0.07819075
439.0,6.030994,-3.1555579,9.775525,-1.2302825,0.74036866,0.13927728
449.0,5.947197,-3.5194764,10.01734,-1.2754866,0.8906415,0.20891592
458.0,5.746084,-3.691859,10.3453455,-1.4013249,1.073901,0.28710666
468.0,5.5282116,-4.1132383,10.979809,-1.6505579,1.2791518,0.36041048
480.0,5.363012,-4.644751,11.769896,-1.9889772,1.5296066,0.43004912
488.0,5.245696,-5.3701944,12.684481,-2.3225098,1.78617,0.51923543
500.0,5.020641,-6.315904,13.278243,-2.5411994,2.021964,0.64751714
509.0,4.745308,-7.1275387,13.48175,-2.5998425,2.2565362,0.80878556
518.0,4.247314,-7.9942393,13.883976,-2.493552,2.515543,0.9737192
529.0,3.7373488,-8.561666,14.310143,-2.234545,2.7769935,1.1252137
539.0,3.3566709,-8.647857,14.551958,-1.8606955,2.9761355,1.2986995
548.0,3.016694,-8.846576,14.441825,-1.4526376,3.1166344,1.53205
560.0,2.719813,-8.846576,14.350845,-1.128879,3.2876768,1.7800614
568.0,2.5234885,-8.513782,14.55914,-0.9492846,3.4782667,2.0073032
581.0,2.3439236,-8.468291,14.492103,-0.9077458,3.6297612,2.2553146
589.0,2.0446482,-8.772355,13.905523,-0.95417154,3.726278,2.5583036
601.0,1.5179238,-9.076419,13.680469,-0.98471475,3.9156463,2.8319712
610.0,1.1755531,-9.155427,13.618219,-0.9114109,4.1233406,2.992018
622.0,0.9816227,-8.8777,13.31655,-0.70249504,4.2589526,3.0995302
629.0,0.91458505,-8.588001,13.03164,-0.38362336,4.3676863,3.2339206
640.0,0.79726917,-8.104373,12.425907,-0.057421334,4.4678683,3.400076
650.0,0.5722142,-7.608773,11.650186,0.19547687,4.5900416,3.5417967
661.0,0.050278235,-6.8665705,10.833763,0.3555236,4.7390924,3.617544
671.0,-0.46208093,-5.8226986,9.583989,0.43371433,4.891809,3.6297612
683.0,-1.3479356,-4.7740383,8.511387,0.47525316,5.062851,3.604105
690.0,-2.2170308,-3.9863458,7.831434,0.5021312,5.209459,3.5821137
701.0,-2.858677,-3.2465374,7.065289,0.453262,5.2558846,3.6199875
712.0,-3.1531637,-2.7820623,6.600814,0.3213151,5.188689,3.7055085
722.0,-3.0502129,-2.5689783,6.167464,0.19181168,5.010317,3.7788124
731.0,-2.7964275,-2.56419,5.8705826,0.09773844,4.7842965,3.821573
742.0,-2.741361,-2.6671407,5.2840033,0.062308256,4.601037,3.8313468
752.0,-2.8395233,-2.5785553,4.486734,0.12095132,4.4629817,3.8203511
761.0,-3.0765493,-2.2697031,3.9791632,0.25411993,4.3689084,3.7788124
771.0,-3.3423057,-1.8986019,3.478775,0.39706242,4.261396,3.7140608
783.0,-3.6774938,-1.7262194,3.0190883,0.46303585,4.1245623,3.6432004
792.0,-3.9743748,-1.5298948,2.5498247,0.41416663,4.0048327,3.5515707
803.0,-4.2425256,-1.1109096,2.1571758,0.27977628,3.885103,3.4232888
810.0,-4.4460325,-0.7637503,1.8602947,0.0720821,3.717726,3.2974505
821.0,-4.548983,-0.62009823,1.757344,-0.16126843,3.532023,3.2033772
832.0,-4.6279917,-0.48123455,1.5131354,-0.408058,3.3487632,3.1227431
842.0,-4.6471453,-0.40222588,1.0486604,-0.61941737,3.150843,3.0360003
851.0,-4.7261543,-0.3184288,0.92895025,-0.7452556,2.983466,2.9309313
867.0,-4.8386817,-0.23942018,0.59855044,-0.77457714,2.8344147,2.8209758
870.0,-5.0517654,-0.1604115,0.4381389,-0.73914695,2.7134633,2.7085764
883.0,-5.2744265,0.02873042,0.6871359,-0.657291,2.615725,2.579073
891.0,-5.2528787,0.079008654,0.7086837,-0.5363397,2.460565,2.4483478
901.0,-5.106832,0.2705448,0.59615624,-0.41783184,2.271197,2.3286183
913.0,-4.9919105,0.60094464,0.45489833,-0.30787608,2.1038198,2.204002
923.0,-5.032612,0.878672,0.17717093,-0.20280726,1.9840903,2.0659463
931.0,-5.4085016,1.1779473,-0.1412579,-0.12217305,1.9254472,1.9278907
942.0,-5.8083334,1.4413095,-0.29209262,-0.081855945,1.9058995,1.7935003
952.0,-6.145916,1.5634137,-0.320823,-0.07941248,1.8545868,1.6627752
962.0,-6.3063273,1.673547,-0.40222588,-0.10751228,1.7446312,1.5283848
971.0,-6.3925185,1.8219875,-0.34715924,-0.13316862,1.6371188,1.3805555
983.0,-6.5337763,1.9057846,-0.38307226,-0.1001819,1.4672983,1.1142182
992.0,-6.7229185,2.135628,-0.48841715,-0.1001819,1.4672983,1.1142182
1002.0,-6.9527617,2.3774424,-0.5291186,-0.017104227,1.4404203,1.0201449
1010.0,-7.297527,2.4037786,-0.581791,0.064751714,1.4001031,0.9651671
1025.0,-7.7069354,2.5450363,-0.6775591,0.06352998,1.3402383,0.93951076
1040.0,-7.9942393,2.6671407,-0.6967127,-0.02565634,1.2815952,0.89675015
1041.0,-8.23366,3.3183637,-0.61291564,-0.21013765,1.0861185,0.7696902
1102.0,-8.429984,3.4572272,-0.47644615,-0.22357668,1.0005972,0.73792523
1102.0,-8.451532,3.5003228,-0.46208093,-0.16493362,0.91874135,0.7452556
1102.0,-8.597578,3.3446999,-0.56982,-0.064751714,0.8503244,0.77579886
1102.0,-8.688558,3.4476504,-0.7254431,0.064751714,0.7892379,0.79412484
1102.0,-8.880095,3.7014358,-0.7278373,0.20525073,0.71837753,0.7892379
1102.0,-8.810662,3.8402996,-0.92176765,0.32986724,0.6365216,0.7806858
1110.0,-8.901642,4.012682,-1.1348516,0.40194935,0.5644395,0.7696902
1120.0,-8.944737,4.24492,-1.2042835,0.41050145,0.5131268,0.74281216
1130.0,-8.971074,4.43885,-1.2761095,0.37873647,0.46181414,0.7110472
1140.0,-8.913613,4.4843397,-1.4149733,0.3286455,0.39461896,0.6976081
1149.0,-8.832211,4.309563,-1.3383588,0.25045475,0.3481932,0.689056
1161.0,-8.820239,4.177882,-1.4556746,0.13194689,0.28099802,0.6743952
1170.0,-8.738836,4.1395745,-1.340753,0.081855945,0.25411993,0.6169739
1183.0,-8.626308,3.9695864,-1.292869,0.10262536,0.21624629,0.5900958
1191.0,-8.420407,3.8738184,-1.2976574,0.15149458,0.15515977,0.5876524
1202.0,-8.243237,3.9911342,-1.2569559,0.24923302,0.09407325,0.5534439
1213.0,-8.183381,4.1659107,-1.1923125,0.36041048,0.061086524,0.5314528
1223.0,-7.9583263,4.283227,-1.2018893,0.43004912,0.036651913,0.5448918
1232.0,-7.93199,4.271256,-1.3718776,0.43493605,0.013439035,0.5558874
1242.0,-8.046912,4.0198646,-1.2952632,0.38240165,0.009773844,0.5534439
1251.0,-8.281544,3.9001546,-1.316811,0.2687807,0.036651913,0.5338962
1262.0,-8.4347725,3.7924154,-1.4030021,0.17470746,0.05009095,0.48747048
1273.0,-8.327033,3.7732618,-1.4867992,0.15271631,0.02321288,0.45081854
1284.0,-8.238448,3.6583402,-1.7142484,0.15760323,-0.010995574,0.4447099
1292.0,-8.169016,3.7086184,-1.7477672,0.15027285,-0.029321533,0.43860126
1302.0,-8.133103,3.7469256,-1.7429788,0.14660765,-0.008552114,0.40194935
1312.0,-8.192958,3.86903,-1.7310078,0.17104226,0.018325957,0.37384954
1322.0,-8.183381,3.8379054,-1.8052281,0.21135938,0.035430185,0.37384954
1331.0,-8.3629465,4.003105,-1.673547,0.22968534,0.06352998,0.3726278
1343.0,-8.453926,4.120421,-1.5969325,0.22724187,0.10751228,0.35185838
1350.0,-8.602366,4.259285,-1.6783354,0.25045475,0.13683382,0.33841935
1362.0,-8.576031,4.5441947,-1.697489,0.2968805,0.14049901,0.3408628
1371.0,-8.432379,4.5896845,-1.757344,0.35063666,0.13927728,0.34208453
1384.0,-8.487445,4.6375685,-2.018312,0.38606682,0.16737708,0.344528
1390.0,-8.461109,4.6160207,-2.0398598,0.39950588,0.21135938,0.3371976
1403.0,-8.6095495,4.7907977,-2.0685902,0.40439278,0.26633725,0.31764993
1425.0,-8.803479,5.0134583,-2.1045034,0.40194935,0.3200934,0.30176744
1425.0,-8.89446,5.094861,-2.1140802,0.39950588,0.36163223,0.30787608
1430.0,-8.880095,5.0493712,-2.2098482,0.37995818,0.3640757,0.3359759
1440.0,-8.947132,5.0182467,-2.1140802,0.31764993,0.34330627,0.35796702
1450.0,-8.860941,5.0421886,-2.1547816,0.24678956,0.3323107,0.35796702
1461.0,-8.892065,5.159505,-1.982399,0.18692477,0.32253686,0.34697145
1471.0,-8.863335,5.3199162,-2.111686,0.16249016,0.3042109,0.34574974
1481.0,-8.693346,5.3845596,-2.3247697,0.18081611,0.27855456,0.35796702
1491.0,-8.664616,5.3438582,-2.1930888,0.19792034,0.24678956,0.39584067
1501.0,-8.700529,5.315128,-2.2984335,0.17715092,0.23090707,0.41172317
1511.0,-8.695741,5.1571107,-2.2936451,0.15027285,0.22235495,0.39950588
1522.0,-8.499416,5.0182467,-2.2170308,0.13561209,0.19425514,0.40317106
1531.0,-8.348581,4.936844,-2.2170308,0.14172074,0.1563815,0.42271876
1541.0,-8.274361,4.8482585,-2.1380222,0.15149458,0.12461651,0.4361578
1552.0,-8.240842,4.7668557,-2.0709844,0.1563815,0.09285152,0.43860126
1563.0,-8.1642275,4.757279,-2.0374656,0.13927728,0.061086524,0.44715336
1571.0,-8.073248,4.685453,-2.0039468,0.09773844,0.02443461,0.45448375
1584.0,-8.070854,4.6279917,-1.99437,0.028099801,-0.009773844,0.453262
1592.0,-8.0445175,4.6662993,-1.970428,-0.02687807,-0.043982297,0.43860126
1603.0,-7.9822683,4.486734,-1.8770541,-0.05131268,-0.073303826,0.43249258
1613.0,-7.9128366,4.3023806,-1.9177556,-0.05497787,-0.10629055,0.43127087
1623.0,-7.9343843,4.3143516,-1.922544,-0.008552114,-0.11484267,0.42760566
1633.0,-7.905654,4.3861775,-2.0135236,0.052534413,-0.12217305,0.4361578
1644.0,-7.8793178,4.489128,-2.1164744,0.095294975,-0.14538592,0.42638394
1653.0,-7.8625584,4.5920787,-2.3008277,0.11484267,-0.15760323,0.40194935
1663.0,-7.7189064,4.55856,-2.3080103,0.118507855,-0.16371189,0.38973203
1673.0,-7.699753,4.594473,-2.2577322,0.10751228,-0.1685988,0.37384954
1684.0,-7.78355,4.7070007,-2.1906946,0.10140363,-0.14538592,0.35308012
1693.0,-7.872135,4.7429137,-2.1212628,0.096516706,-0.13561209,0.3481932
1704.0,-7.845799,4.9057193,-2.0566192,0.080634214,-0.12950343,0.35185838
1712.0,-7.8410106,4.975151,-2.0111294,0.05375614,-0.12339478,0.34697145
1723.0,-7.764396,5.0996494,-1.8387469,0.037873644,-0.119729586,0.3371976
1733.0,-7.699753,5.1379566,-1.7836803,0.05131268,-0.10995574,0.32986724
1743.0,-7.7907324,5.2983685,-1.8602947,0.08307768,-0.09285152,0.33475417
1753.0,-7.8290396,5.425261,-1.8938135,0.10629055,-0.073303826,0.33475417
1763.0,-7.7572136,5.499481,-1.9847932,0.09896017,-0.057421334,0.31764993
1773.0,-7.800309,5.518635,-2.0326772,0.06963864,-0.04153884,0.28221974
1783.0,-7.795521,5.770026,-1.8794483,0.05009095,-0.019547688,0.25045475
1792.0,-7.78355,5.74369,-1.910573,0.036651913,0.002443461,0.24801129
1803.0,-7.819463,5.755661,-1.8507179,0.02076942,0.009773844,0.2602286
1813.0,-7.7093296,5.8705826,-1.769315,-0.010995574,0.02321288,0.2443461
1824.0,-7.8625584,6.0645127,-1.7429788,-0.02321288,0.043982297,0.21380283
1832.0,-7.7907324,6.0357823,-1.7860745,-0.03176499,0.056199603,0.21991149
1844.0,-7.7428484,6.0381765,-1.8650831,-0.04886922,0.057421334,0.22357668
1853.0,-7.848193,6.0740895,-1.9632454,-0.0720821,0.07696902,0.2003638
1863.0,-7.8386164,5.899313,-2.0470424,-0.065973446,0.10140363,0.18203785
1874.0,-7.9128366,5.6910176,-2.0733786,-0.012217305,0.11728613,0.2003638
1885.0,-8.051701,5.628768,-2.2505496,0.10751228,0.1282817,0.25411993
1894.0,-8.128315,5.547365,-2.291251,0.15393804,0.12705997,0.27000242
1904.0,-8.147469,5.6239796,-2.2577322,0.18325958,0.12095132,0.28710666
1913.0,-8.008605,5.7269306,-2.384625,0.20647246,0.112399206,0.30176744
1922.0,-7.979874,5.877765,-2.3056161,0.22968534,0.10140363,0.32253686
1932.0,-7.9367785,6.033388,-2.2649148,0.24312437,0.087964594,0.344528
1944.0,-7.797915,6.126762,-2.2625206,0.24556783,0.09773844,0.3652974
1955.0,-7.9822683,6.030994,-2.255338,0.2321288,0.12217305,0.39095375
1964.0,-7.905654,5.872977,-2.255338,0.21746802,0.13927728,0.41172317
1974.0,-7.955932,5.779603,-2.3175871,0.20647246,0.14905111,0.42760566
1985.0,-7.9702973,5.7029886,-2.3535004,0.19792034,0.14782938,0.43982297
1993.0,-7.831434,5.8107276,-2.3678656,0.21013765,0.14660765,0.44226643
2005.0,-7.845799,5.8921304,-2.3439236,0.24190263,0.14294247,0.45448375
2013.0,-7.872135,5.813122,-2.3511062,0.25534168,0.15271631,0.4813618
2027.0,-7.785944,5.8322754,-2.303222,0.2602286,0.16249016,0.49480084
2048.0,-7.7428484,5.825093,-2.3822308,0.26633725,0.16371189,0.5021312
2048.0,-7.606379,5.825093,-2.4157495,0.27122417,0.16249016,0.52290064
2052.0,-7.577648,5.8346696,-2.4827871,0.25778514,0.16493362,0.5497787
2105.0,-7.491457,5.6335564,-2.4301147,0.2284636,0.16737708,0.56199604
2105.0,-7.4124484,5.614403,-2.4612393,0.19914207,0.17837265,0.5656612
2105.0,-7.311892,5.547365,-2.3511062,0.18692477,0.17470746,0.5742133
2105.0,-7.261614,5.7005944,-2.3942018,0.20525073,0.17470746,0.5900958
2105.0,-7.2687964,5.805939,-2.372654,0.23823744,0.17837265,0.61575216
2112.0,-7.21373,5.9543796,-2.4253263,0.2565634,0.18081611,0.6401868
2122.0,-7.120356,6.054936,-2.492364,0.25900686,0.18325958,0.64996064
2132.0,-7.1107793,6.0621185,-2.4277205,0.26267207,0.1881465,0.66339964
2141.0,-6.9383965,5.9448028,-2.5594015,0.2687807,0.18325958,0.69027776
2152.0,-6.8545995,5.9424086,-2.6647465,0.27000242,0.18325958,0.70616025
2160.0,-6.7731967,5.9400144,-2.6862943,0.2687807,0.18692477,0.7134906
2170.0,-6.588843,6.081272,-2.705448,0.267559,0.17837265,0.72204274
2183.0,-6.4643445,6.3230867,-2.7581203,0.27488935,0.17470746,0.72692966
2191.0,-6.361394,6.3206925,-2.8682537,0.267559,0.16982053,0.73792523
2202.0,-6.3901243,6.277597,-2.846706,0.23457226,0.17715092,0.74281216
2211.0,-6.2488666,6.0980315,-2.8491,0.19181168,0.19058995,0.7257079
2222.0,-6.3685765,6.0621185,-2.8778305,0.16249016,0.18692477,0.6976081
2233.0,-6.2967505,6.007052,-2.8443117,0.15393804,0.18692477,0.6658431
2244.0,-6.26802,6.2249246,-2.834735,0.17959438,0.18570304,0.6243043
2253.0,-6.1890116,6.3422403,-2.858677,0.23457226,0.18325958,0.6206391
2264.0,-6.1866174,6.385336,-2.908955,0.26511553,0.17470746,0.66339964
2273.0,-6.0262055,6.3542113,-2.9999347,0.24312437,0.16615535,0.68783426
2284.0,-6.045359,6.303933,-3.0909145,0.18570304,0.16249016,0.66706485
2293.0,-5.961562,6.4523735,-3.2130187,0.1600467,0.15271631,0.6365216
2305.0,-5.853823,6.531382,-3.2872388,0.20158553,0.12217305,0.63041294
2312.0,-5.791574,6.811504,-3.2752678,0.25045475,0.10995574,0.63163465
2323.0,-5.686229,6.9240313,-3.4213142,0.26389378,0.10262536,0.6169739
2333.0,-5.5760956,6.9503675,-3.5075054,0.23090707,0.09896017,0.59131753
2344.0,-5.674258,7.0006456,-3.371036,0.15149458,0.111177474,0.5571091
2355.0,-5.662287,7.1227503,-3.3207579,0.047647487,0.13561209,0.5131268
2365.0,-5.5617304,6.931214,-3.277662,-0.02687807,0.13683382,0.47769663
2375.0,-5.530606,6.7085533,-3.2106245,-0.07574729,0.12950343,0.45814893
2386.0,-5.518635,6.7085533,-3.13401,-0.09773844,0.13072516,0.4288274
2394.0,-5.4420204,6.5840545,-3.1196449,-0.08307768,0.12583824,0.4007276
2404.0,-5.2600613,6.612785,-3.1914709,-0.04642576,0.10873401,0.38362336
2414.0,-5.1810527,6.6726403,-3.13401,-0.014660766,0.10873401,0.35430184
2425.0,-5.094861,6.766014,-3.1124623,0.012217305,0.10751228,0.31398472
2433.0,-4.915296,6.789956,-3.2034419,0.042760566,0.103847094,0.27122417
2444.0,-4.817134,6.8929067,-3.083732,0.06352998,0.1160644,0.22724187
2453.0,-4.8745947,7.0341644,-3.229778,0.06719518,0.14049901,0.19058995
2464.0,-4.9559975,6.993463,-3.1651347,0.03176499,0.16493362,0.17592919
2475.0,-5.056554,7.0102224,-3.229778,-0.05375614,0.18936823,0.16615535
2486.0,-5.056554,6.8545995,-3.2369606,-0.15027285,0.204029,0.14660765
2494.0,-5.0541596,6.7708025,-3.122039,-0.21502456,0.21624629,0.13316862
2502.0,-5.0517654,6.7564373,-3.0789435,-0.21380283,0.21991149,0.13561209
2513.0,-5.130774,6.7444663,-3.0071173,-0.1600467,0.2125811,0.15271631
2525.0,-5.185841,6.9407907,-3.1196449,-0.09040806,0.20891592,0.16982053
2535.0,-5.2648497,7.0126166,-3.0885203,-0.039095376,0.20769419,0.19058995
2546.0,-5.329493,7.120356,-3.1986535,-0.03176499,0.19303341,0.20769419
2553.0,-5.2480903,7.297527,-3.2968156,-0.058643065,0.19303341,0.21746802
2562.0,-5.2409077,7.3430166,-3.2154129,-0.105068825,0.1881465,0.2284636
2572.0,-5.2289367,7.441179,-3.241749,-0.15271631,0.18448131,0.23579398
2584.0,-5.149928,7.529764,-3.169923,-0.18692477,0.18570304,0.24312437
2595.0,-5.0996494,7.548918,-3.1148565,-0.18570304,0.18448131,0.24556783
2606.0,-4.996699,7.5920134,-3.0430303,-0.12095132,0.18448131,0.24556783
2614.0,-5.0158525,7.6255326,-3.25372,-0.010995574,0.16615535,0.2565634
2623.0,-4.9536033,7.8386164,-3.3207579,0.10140363,0.15271631,0.2602286
2635.0,-4.9200845,8.106767,-3.502717,0.14660765,0.14049901,0.2602286
2647.0,-4.927267,8.226477,-3.6272156,0.119729586,0.13194689,0.23945917
2657.0,-4.76925,8.121132,-3.5625722,0.07086037,0.12095132,0.21746802
2664.0,-4.7405195,8.008605,-3.5458126,0.034208454,0.10995574,0.21013765
2674.0,-4.663905,7.955932,-3.53863,0.036651913,0.1001819,0.204029
2686.0,-4.6686935,7.9583263,-3.6176388,0.08674286,0.05009095,0.19425514
2693.0,-4.661511,7.965509,-3.6128504,0.08674286,0.05009095,0.19425514
2704.0,-4.594473,7.989451,-3.5673606,0.08552113,0.039095376,0.17470746
2714.0,-4.72376,7.795521,-3.5098996,0.05131268,0.021991149,0.14905111
2725.0,-4.7788267,7.8505874,-3.3662477,0.037873644,0.018325957,0.13072516
2733.0,-4.7788267,7.943961,-3.3877954,0.040317107,-0.0036651916,0.112399206
2745.0,-4.6902413,7.908048,-3.3446999,0.04153884,-0.018325957,0.103847094
2754.0,-4.7285485,7.8266454,-3.2752678,0.030543262,-0.017104227,0.095294975
2764.0,-4.745308,7.740454,-3.2225955,0.036651913,-0.009773844,0.0720821
2777.0,-4.7429137,7.6853876,-3.2848446,0.07696902,-0.0061086523,0.06352998
2786.0,-4.865018,7.7189064,-3.3087866,0.12095132,-0.0012217305,0.061086524
2794.0,-4.8937483,7.752425,-3.3758245,0.15149458,0.009773844,0.047647487
2806.0,-4.915296,7.678205,-3.394978,0.16737708,0.0036651916,0.043982297
2815.0,-4.6902413,7.762002,-3.4811692,0.14538592,0.0012217305,0.042760566
2825.0,-4.7429137,7.6853876,-3.5458126,0.10995574,-0.007330383,0.02443461
2832.0,-4.673482,7.7093296,-3.526659,0.073303826,-0.010995574,0.018325957
2846.0,-4.721366,7.680599,-3.5314474,0.035430185,0.002443461,0.021991149
2853.0,-4.7788267,7.6470804,-3.5817258,-0.0012217305,0.010995574,0.017104227
2865.0,-4.7285485,7.513005,-3.5817258,-0.015882496,-0.0012217305,0.007330383
2876.0,-4.656722,7.433996,-3.5673606,-0.012217305,-0.02076942,0.009773844
2886.0,-4.5920787,7.4028716,-3.5553896,-0.004886922,-0.034208454,0.017104227
2895.0,-4.606444,7.4723034,-3.620033,0.007330383,-0.05009095,0.028099801
2907.0,-4.462792,7.359776,-3.620033,0.019547688,-0.06719518,0.04520403
2914.0,-4.429273,7.321469,-3.5697548,0.036651913,-0.08674286,0.057421334
2925.0,-4.3239284,7.357382,-3.6296098,0.06352998,-0.10751228,0.065973446
2932.0,-4.3742065,7.539341,-3.632004,0.09040806,-0.12583824,0.06841691
2947.0,-4.2904096,7.687782,-3.6894648,0.096516706,-0.15393804,0.056199603
2956.0,-4.211401,7.704541,-3.7373488,0.07941248,-0.18570304,0.02321288
2963.0,-4.0940847,7.8769236,-3.6750996,0.052534413,-0.1881465,-0.013439035
2971.0,-4.1132383,7.8050976,-3.5984852,0.043982297,-0.204029,-0.036651913
2984.0,-4.223372,7.819463,-3.6942532,0.039095376,-0.22113322,-0.05131268
2993.0,-4.450821,7.989451,-3.7373488,0.017104227,-0.20891592,-0.07452556
3005.0,-4.618415,7.9463553,-3.7660792,-0.0036651916,-0.204029,-0.09040806
3012.0,-4.8099513,7.7787614,-3.7660792,-0.028099801,-0.21502456,-0.0842994
