27.0,0.22984336,0.8475474,9.730036,0.0061086523,0.017104227,-0.015882496
41.0,0.22984336,0.8475474,9.730036,0.14782938,0.13072516,-0.064751714
51.0,0.2896984,0.21787235,9.627085,0.0012217305,-0.25778514,-0.25778514
51.0,0.25857377,-0.10295067,9.572019,-0.095294975,-0.40561453,-0.25778514
62.0,0.19871874,0.016759412,9.497798,0.019547688,0.36285394,0.13683382
71.0,0.18195933,0.25617957,9.445126,-0.0036651916,0.35185838,0.2003638
82.0,0.3184288,0.30166942,9.41879,-0.042760566,0.14905111,0.20891592
91.0,0.35673606,0.29927522,9.457097,-0.07574729,-0.02321288,0.17837265
101.0,0.39743748,0.20829555,9.457097,-0.09407325,-0.034208454,0.17470746
111.0,0.34955344,0.21547815,9.557653,-0.10140363,-0.05375614,0.15882497
121.0,0.32800564,0.07182605,9.540894,-0.1001819,-0.07819075,0.14172074
131.0,0.34476504,0.24181437,9.516952,-0.089186326,-0.09896017,0.1282817
142.0,0.44771573,0.30885202,9.543288,-0.06841691,-0.10995574,0.12217305
151.0,0.59136784,0.24420857,9.591172,-0.042760566,-0.12339478,0.12461651
162.0,0.62249243,0.24660277,9.624691,-0.021991149,-0.12461651,0.12705997
172.0,0.7374141,0.25617957,9.679757,-0.007330383,-0.12339478,0.119729586
181.0,0.6560113,0.30406362,9.672575,0.0036651916,-0.12950343,0.10140363
191.0,0.6655881,0.40222588,9.5385,0.0036651916,-0.1282817,0.089186326
203.0,0.62488663,0.39743748,9.603143,-0.0061086523,-0.12705997,0.08674286
212.0,0.6464345,0.4285621,9.655815,-0.019547688,-0.12583824,0.08674286
222.0,0.59615624,0.30645782,9.727641,-0.028099801,-0.12339478,0.080634214
231.0,0.59376204,0.15322891,9.746795,-0.018325957,-0.13072516,0.06719518
242.0,0.61291564,0.12928689,9.85214,0.0036651916,-0.13316862,0.05375614
251.0,0.61052144,0.05267244,9.876082,0.034208454,-0.13316862,0.04520403
264.0,0.6440403,0.055066638,9.919178,0.062308256,-0.14049901,0.042760566
272.0,0.7158663,0.074220255,9.828198,0.08674286,-0.13927728,0.047647487
282.0,0.7134721,0.1340753,9.856929,0.10140363,-0.13194689,0.05375614
291.0,0.80924016,0.009576807,9.94312,0.09162979,-0.12217305,0.064751714
301.0,0.8523358,0.050278235,10.022128,0.057421334,-0.105068825,0.07452556
312.0,0.91937345,-0.12928689,10.192117,0.019547688,-0.07696902,0.07696902
323.0,0.8283938,-0.011971008,10.247183,-0.013439035,-0.059864793,0.07452556
332.0,0.7302315,-0.031124622,10.149021,-0.04642576,-0.04642576,0.073303826
342.0,0.7326257,0.05267244,10.115502,-0.07819075,-0.032986723,0.080634214
351.0,0.7326257,-0.04309563,10.132261,-0.09896017,-0.021991149,0.089186326
363.0,0.7206547,-0.011971008,10.110714,-0.10629055,-0.008552114,0.09285152
373.0,0.6775591,-0.0047884034,10.043676,-0.09773844,-0.0036651916,0.095294975
383.0,0.63206923,0.10534488,9.866506,-0.09040806,0.0,0.10140363
391.0,0.60812724,0.15801731,9.885659,-0.09162979,0.0061086523,0.11362094
402.0,0.581791,0.12928689,9.682152,-0.096516706,0.002443461,0.12461651
411.0,0.61291564,0.110133275,9.710882,-0.09162979,0.0,0.1282817
421.0,0.60333884,0.074220255,9.636662,-0.081855945,-0.0012217305,0.13072516
431.0,0.59855044,0.16759412,9.610326,-0.087964594,-0.009773844,0.13316862
442.0,0.60812724,0.20111294,9.634268,-0.10262536,-0.017104227,0.13316862
452.0,0.5746084,0.15083471,9.548077,-0.09896017,-0.04153884,0.112399206
463.0,0.581791,0.088585466,9.583989,-0.09896017,-0.04153884,0.112399206
472.0,0.5506664,0.055066638,9.483433,-0.09285152,-0.05009095,0.112399206
482.0,0.5746084,-0.05746084,9.488221,-0.08307768,-0.058643065,0.11362094
492.0,0.5602432,-0.15801731,9.385271,-0.061086524,-0.0720821,0.09773844
503.0,0.58657944,-0.12689269,9.31105,-0.032986723,-0.08674286,0.06963864
512.0,0.58418524,-0.1388637,9.3421755,-0.019547688,-0.096516706,0.05497787
525.0,0.7326257,-0.08140286,9.287108,-0.02565634,-0.105068825,0.059864793
534.0,0.6919243,-0.17477672,9.380483,-0.05009095,-0.11484267,0.0720821
544.0,0.7158663,-0.20829555,9.442732,-0.07941248,-0.118507855,0.07574729
554.0,0.7182605,-0.35434186,9.543288,-0.12950343,-0.11728613,0.07941248
568.0,0.6991069,-0.3854665,9.488221,-0.17715092,-0.11484267,0.073303826
575.0,0.7110779,-0.34955344,9.591172,-0.21135938,-0.112399206,0.06352998
584.0,0.7422025,-0.37110126,9.615114,-0.23823744,-0.10751228,0.06719518
595.0,0.7757214,-0.34476504,9.648633,-0.25900686,-0.09773844,0.08674286
605.0,0.6919243,-0.48602295,9.744401,-0.27000242,-0.089186326,0.103847094
614.0,0.62488663,-0.59615624,9.76116,-0.26633725,-0.08552113,0.10751228
625.0,0.7015011,-0.58418524,9.7563715,-0.2602286,-0.07941248,0.10751228
633.0,0.62728083,-0.59855044,9.94312,-0.26145032,-0.081855945,0.12095132
644.0,0.6847417,-0.59376204,9.900024,-0.27977628,-0.08307768,0.14905111
653.0,0.6943185,-0.6751649,10.0029745,-0.3042109,-0.07941248,0.17470746
665.0,0.7469909,-0.80445176,10.158598,-0.3213151,-0.07819075,0.19181168
674.0,0.7781156,-0.8571242,10.254366,-0.35430184,-0.07819075,0.21502456
687.0,0.8810662,-1.0031705,10.19451,-0.42638394,-0.07452556,0.2443461
695.0,0.866701,-0.92416185,10.0987425,-0.52656585,-0.06841691,0.2687807
705.0,0.82121116,-0.7685388,10.053253,-0.657291,-0.062308256,0.29077184
715.0,0.8595184,-0.6679823,10.014946,-0.81245077,-0.056199603,0.32375857
726.0,0.89064306,-0.6919243,10.000581,-0.9627236,-0.04886922,0.36774087
736.0,0.8331822,-0.7517793,10.086772,-1.0763446,-0.04642576,0.41538838
747.0,0.8595184,-0.9816227,10.096349,-1.1325442,-0.061086524,0.45448375
756.0,0.8738836,-1.1061212,10.228029,-1.1362094,-0.06719518,0.47769663
766.0,0.91697925,-1.1755531,10.400413,-1.110553,-0.06719518,0.48747048
774.0,0.92176765,-1.055843,10.498574,-1.0958922,-0.07086037,0.49357912
786.0,0.9888053,-0.9504981,10.563218,-1.1032226,-0.061086524,0.48624873
794.0,1.0414777,-0.7398083,10.649409,-1.1203269,-0.04642576,0.4654793
807.0,1.0510546,-0.47405192,10.757148,-1.1728612,-0.02565634,0.43860126
815.0,0.89303726,-0.08140286,10.900801,-1.3048081,0.004886922,0.4129449
826.0,0.81642276,0.31124622,10.881647,-1.5296066,0.034208454,0.39950588
836.0,0.8331822,0.36631286,10.9822035,-1.7983873,0.07452556,0.3921755
845.0,0.7661445,0.34955344,11.085154,-2.0610592,0.1282817,0.38728857
855.0,0.59615624,0.20590134,11.451467,-2.3115141,0.19303341,0.3885103
869.0,0.39264908,0.10534488,11.856087,-2.6096163,0.25900686,0.39828414
875.0,0.1412579,-0.0023942017,12.167333,-3.0140092,0.3200934,0.408058
886.0,-0.062249243,-0.019153614,12.241553,-3.5381315,0.3933972,0.40683624
896.0,-0.2681506,-0.46447513,12.212823,-4.097684,0.46670106,0.40683624
906.0,-0.45010993,-1.4748282,12.203246,-4.605924,0.5546656,0.42638394
915.0,-0.7134721,-2.882619,12.148179,-5.0029864,0.62796944,0.48380527
926.0,-0.9552865,-4.5298295,12.217611,-5.312084,0.6817256,0.5864306
936.0,-1.1971009,-5.9878983,12.301409,-5.593082,0.72692966,0.68416905
946.0,-1.3838485,-6.7827735,12.186486,-5.8875194,0.7611381,0.71959925
955.0,-1.6065093,-7.608773,11.779472,-6.141639,0.7611381,0.69027776
968.0,-1.8004397,-8.7771435,11.09473,-6.291912,0.73548174,0.68539083
976.0,-1.8555063,-10.218452,10.108319,-6.249151,0.70616025,0.79779
987.0,-1.8195933,-11.865664,9.330204,-5.929058,0.6914995,0.9932669
995.0,-1.6328455,-13.163321,8.659827,-5.3279667,0.66950834,1.1777482
1006.0,-1.2641385,-13.81215,7.687782,-4.522846,0.6597345,1.314582
1015.0,-0.8331822,-13.977349,6.706159,-3.6554177,0.7012733,1.4391985
1027.0,-0.5267244,-13.9198885,5.861006,-2.855184,0.7806858,1.5723672
1035.0,-0.48362875,-13.6493435,5.1930237,-2.225993,0.8405506,1.6872098
1045.0,-0.59376204,-13.278243,4.4077253,-1.7702875,0.8735373,1.7605137
1057.0,-0.6895301,-13.065159,3.8618474,-1.4440855,0.8588765,1.8093829
1079.0,-0.7158663,-12.885593,3.478775,-1.1814134,0.8173377,1.8961257
1079.0,-0.7445967,-12.847286,3.107674,-0.87598073,0.75991637,2.0207422
1086.0,-0.6895301,-12.749125,2.9520507,-0.5204572,0.6914995,2.1551325
1094.0,-0.62009823,-12.1840925,2.767697,-0.20158553,0.6218608,2.2797492
1106.0,-0.641646,-11.463438,2.3295584,0.014660766,0.5326745,2.3591616
1114.0,-0.7374141,-11.051635,1.7884687,0.14294247,0.408058,2.388483
1124.0,-0.80924016,-10.857705,1.4030021,0.28221974,0.27000242,2.403144
1134.0,-1.115698,-10.912771,1.1492168,0.5375614,0.14294247,2.403144
1145.0,-1.4748282,-10.81461,0.9528923,0.9297369,0.008552114,2.3958135
1155.0,-1.6711528,-10.443508,0.81881696,1.3793337,-0.09896017,2.4165828
1167.0,-1.8171991,-9.876082,0.91937345,1.7519615,-0.18448131,2.4483478
1175.0,-1.9273324,-9.009381,0.82121116,1.9620992,-0.26389378,2.460565
1187.0,-1.9297266,-8.4108305,0.8619126,1.9938642,-0.34574974,2.4495697
1195.0,-2.0350714,-7.704541,1.0007763,1.9144517,-0.43127087,2.4019222
1206.0,-2.2098482,-7.237672,1.2569559,1.8350391,-0.52290064,2.3188446
1216.0,-2.4253263,-7.192182,1.5705963,1.8435913,-0.61575216,2.2492058
1227.0,-2.6982653,-7.0964136,1.6831238,1.9889772,-0.7012733,2.221106
1235.0,-2.885013,-7.21373,1.9680338,2.2492058,-0.7672467,2.2308798
1246.0,-2.9113493,-7.249643,2.56419,2.6132815,-0.8344419,2.2137756
1257.0,-2.9352913,-7.1227503,3.1962593,3.0934217,-0.89552844,2.1502457
1270.0,-2.8299465,-6.579266,3.7684734,3.6248744,-0.9016371,2.090381
1275.0,-2.906561,-5.791574,4.120421,4.0610323,-0.8723156,2.0635028
1286.0,-3.071761,-4.771644,4.3766007,4.2626176,-0.86498517,2.043955
1297.0,-3.2561142,-3.881001,4.050989,4.211305,-0.85154617,1.9840903
1306.0,-3.383007,-3.1483753,4.015076,3.9852848,-0.8356637,1.9107865
1316.0,-3.3901896,-2.72939,4.086902,3.7299433,-0.8393288,1.8289305
1324.0,-3.3925838,-2.4612393,4.3957543,3.5613444,-0.84788096,1.7299703
1336.0,-3.3901896,-2.4157495,4.7548847,3.530801,-0.8246681,1.6334536
1347.0,-3.4380736,-2.3750482,5.439626,3.630983,-0.80878556,1.5357152
1355.0,-3.4356794,-1.9201498,6.0262055,3.8411207,-0.74036866,1.3878858
1367.0,-3.6272156,-1.3144168,5.90889,3.8411207,-0.74036866,1.3878858
1376.0,-3.5793316,-0.56982,5.7484784,3.6004398,-0.7110472,1.2534955
1387.0,-3.5075054,0.6440403,5.60722,3.3060026,-0.7049385,1.2021828
1397.0,-3.383007,0.842759,5.853823,3.055548,-0.6914995,1.1301007
1407.0,-3.4141316,0.6775591,6.2368956,2.9712486,-0.6560693,1.0433578
1416.0,-3.5745432,0.23942018,6.6247563,3.1105258,-0.63407815,0.95294976
1426.0,-3.632004,-0.15322891,6.9360023,3.4733799,-0.61941737,0.86620694
1436.0,-3.655946,-0.110133275,6.933608,3.9962804,-0.6010914,0.79901177
1447.0,-3.5673606,0.533907,7.2089415,4.4666467,-0.5742133,0.77946407
1456.0,-3.4476504,1.6998832,6.945579,4.597372,-0.5681047,0.8368854
1469.0,-3.3327289,2.7940333,6.5840545,4.266283,-0.61086524,0.9211848
1483.0,-3.052607,3.7181952,6.2249246,3.602883,-0.6169739,0.9431759
1483.0,-2.9783869,4.1299977,6.054936,2.856406,-0.5656612,0.8552113
1495.0,-3.1675289,3.98874,6.191406,2.2626448,-0.50701815,0.6988298
1507.0,-3.3494883,3.4141316,6.457162,2.003638,-0.44226643,0.55955255
1515.0,-3.4763808,2.7485435,6.8689647,2.157576,-0.41050145,0.49113566
1528.0,-3.4213142,2.1260512,7.273585,2.669481,-0.39828414,0.49480084
1535.0,-3.3159695,1.8148049,7.4842744,3.3695326,-0.3933972,0.54000485
1546.0,-3.1962593,2.5474305,7.350199,3.9144244,-0.38728857,0.6206391
1558.0,-3.0885203,3.9312792,6.9000893,3.9779544,-0.4166101,0.7244862
1568.0,-3.0454245,5.3678,6.4906807,3.4465017,-0.453262,0.77946407
1575.0,-2.882619,6.3805475,6.3829417,2.4642303,-0.44104472,0.7293731
1587.0,-2.743755,7.005434,6.145916,1.3487904,-0.38728857,0.5644395
1595.0,-2.918532,6.885724,6.2608376,0.4654793,-0.30665436,0.35308012
1607.0,-3.3375173,6.2105594,6.5505357,0.059864793,-0.24923302,0.20158553
1617.0,-3.6607344,5.1906295,7.055712,0.15271631,-0.23457226,0.1685988
1627.0,-3.7229836,4.4460325,7.5321584,0.5888741,-0.25289822,0.22968534
1638.0,-3.4620156,4.0581717,7.714118,1.1203269,-0.2602286,0.3200934
1647.0,-3.1723173,4.1539397,7.6494746,1.5467108,-0.2565634,0.3640757
1657.0,-3.0262709,4.6471453,7.513005,1.7776178,-0.21868975,0.3371976
1669.0,-3.1268275,5.48751,7.1969705,1.7849482,-0.17104226,0.31520647
1676.0,-3.1962593,5.8921304,6.823475,1.6041322,-0.13194689,0.35063666
1687.0,-3.347094,5.9184666,6.7109475,1.3756685,-0.10262536,0.38728857
1697.0,-3.3782187,5.559336,6.9862804,1.251052,-0.07574729,0.37384954
1708.0,-3.3854012,5.183447,7.189788,1.3182472,-0.057421334,0.3286455
1716.0,-3.3542767,5.1116204,7.297527,1.5564847,-0.02443461,0.31031954
1727.0,-3.3183637,5.2049947,7.0006456,1.881465,0.0,0.33353242
1736.0,-3.3039982,5.595249,6.5241995,2.1746802,0.029321533,0.37018433
1746.0,-3.3207579,6.045359,6.1626754,2.2883012,0.05009095,0.40194935
1752.0,-3.2513258,6.6486983,5.755661,2.1429152,0.04886922,0.43127087
1767.0,-3.0765493,7.00304,5.351041,1.8435913,0.04642576,0.40683624
1774.0,-3.0334535,7.228095,5.255273,1.5540411,0.06352998,0.3323107
1785.0,-2.954445,7.1275387,5.341464,1.3878858,0.065973446,0.2773328
1795.0,-3.0358477,6.847417,5.4539914,1.4062119,0.064751714,0.25900686
1806.0,-2.9831753,6.7588315,5.386954,1.6163495,0.036651913,0.2565634
1815.0,-3.0023289,6.7109475,4.9823337,1.9291124,0.015882496,0.26267207
1827.0,-3.098097,7.0844426,4.7022123,2.2162192,-0.0012217305,0.28221974
1836.0,-2.96881,7.4124484,4.43885,2.35794,-0.012217305,0.3286455
1845.0,-2.777274,7.467515,4.1299977,2.3335052,-0.010995574,0.35308012
1857.0,-2.7581203,7.630321,3.964798,2.1868975,-0.010995574,0.32986724
1868.0,-2.707842,7.728483,3.8642416,1.9608774,-0.02076942,0.3042109
1877.0,-2.6192567,7.8865004,3.9025488,1.7201965,-0.05131268,0.2687807
1886.0,-2.5953147,8.087613,3.845088,1.5137241,-0.0720821,0.21991149
1898.0,-2.5689783,8.295909,3.9001546,1.359786,-0.08307768,0.17959438
1907.0,-2.4875755,8.214506,3.8067808,1.2852604,-0.09773844,0.14172074
1916.0,-2.4899697,8.070854,3.6008794,1.2180653,-0.11362094,0.13316862
1927.0,-2.707842,8.197746,3.25372,1.1191051,-0.12461651,0.12461651
1937.0,-2.7748797,8.559271,3.0454245,1.0299188,-0.13683382,0.10629055
1947.0,-2.621651,8.456321,2.96881,0.9505063,-0.15393804,0.12461651
1957.0,-2.5139117,8.161834,3.2010477,0.9077458,-0.15149458,0.14905111
1969.0,-2.5306711,7.955932,3.4883518,0.9334021,-0.15515977,0.15027285
1977.0,-2.4708161,8.121132,3.6128504,0.95417154,-0.16249016,0.1600467
1987.0,-2.3822308,8.4587145,3.5075054,0.87598073,-0.1685988,0.18325958
1997.0,-2.4061728,8.683769,3.2800562,0.70005155,-0.15760323,0.16493362
2008.0,-2.2768857,8.913613,3.1794999,0.4972443,-0.13194689,0.1001819
2016.0,-2.3894134,8.846576,3.157952,0.31642818,-0.105068825,0.05375614
2027.0,-2.4779987,8.74123,3.2992098,0.18325958,-0.09162979,0.039095376
2038.0,-2.5474305,8.51857,3.3734303,0.119729586,-0.1001819,0.018325957
2068.0,-2.4971523,8.494628,3.2249897,0.12339478,-0.1001819,-0.017104227
2069.0,-2.4396915,8.578424,3.0454245,0.172264,-0.095294975,-0.035430185
2069.0,-2.456451,8.571242,2.815581,0.2321288,-0.07941248,-0.02565634
2074.0,-2.4181437,8.456321,2.7629087,0.29810223,-0.057421334,-0.019547688
2089.0,-2.3774424,8.319851,2.791639,0.37018433,-0.040317107,-0.028099801
2096.0,-2.5306711,8.307879,2.9376855,0.44837508,-0.04153884,-0.034208454
2107.0,-2.5258827,8.295909,3.0119057,0.5326745,-0.052534413,-0.035430185
2116.0,-2.5689783,8.379706,3.0190883,0.63041294,-0.06963864,-0.02687807
2126.0,-2.5234885,8.520964,2.9592333,0.6914995,-0.09285152,0.0
2136.0,-2.4947581,8.564059,2.815581,0.7110472,-0.10995574,0.009773844
2145.0,-2.4061728,8.6574335,2.885013,0.72692966,-0.111177474,-0.014660766
2155.0,-2.3391352,8.640674,2.7988217,0.77213365,-0.087964594,-0.019547688
2168.0,-2.5809495,8.702923,2.5450363,0.77213365,-0.087964594,-0.019547688
2176.0,-2.717419,8.868123,2.3942018,0.7696902,-0.08307768,-0.013439035
2187.0,-2.7365725,8.956709,2.3343468,0.72692966,-0.081855945,-0.007330383
2197.0,-2.7126305,8.9040365,2.3223755,0.6462954,-0.0842994,0.0036651916
2207.0,-2.753332,8.961497,2.3750482,0.548557,-0.09285152,0.007330383
2216.0,-2.6719291,9.088389,2.4588451,0.43249258,-0.1001819,0.013439035
2227.0,-2.6192567,9.169792,2.5713725,0.24190263,-0.09773844,-0.040317107
2237.0,-2.813187,9.26556,2.6910827,0.19914207,-0.089186326,-0.056199603
2247.0,-2.8275523,9.351752,2.6791117,0.18936823,-0.081855945,-0.05009095
2257.0,-2.8323407,9.131485,2.6862943,0.19547687,-0.073303826,-0.037873644
2267.0,-2.7844565,9.076419,2.7461493,0.204029,-0.058643065,-0.034208454
2277.0,-2.705448,9.097966,2.7820623,0.21868975,-0.043982297,-0.032986723
2288.0,-2.837129,9.222465,2.6886885,0.20647246,-0.040317107,-0.039095376
2298.0,-2.870648,9.378088,2.4492683,0.13439035,-0.029321533,-0.032986723
2308.0,-2.8802247,9.490616,2.3822308,0.02687807,-0.02321288,-0.035430185
2316.0,-2.8395233,9.375694,2.456451,-0.0720821,-0.021991149,-0.04642576
2328.0,-2.7700913,9.105149,2.6144683,-0.12339478,-0.019547688,-0.05497787
2337.0,-2.8634653,9.114726,2.7629087,-0.087964594,-0.019547688,-0.061086524
2348.0,-2.7844565,9.054871,2.9352913,0.017104227,-0.02321288,-0.043982297
2356.0,-2.7964275,9.038112,2.8993783,0.13683382,-0.02443461,-0.009773844
2369.0,-2.741361,9.030929,2.8514943,0.2321288,-0.019547688,0.007330383
2376.0,-2.8083985,8.947132,2.6264393,0.3042109,-0.019547688,0.004886922
2386.0,-2.8083985,8.9998045,2.542642,0.36041048,-0.030543262,0.002443461
2397.0,-2.8682537,8.992621,2.468422,0.41416663,-0.04153884,0.0012217305
2406.0,-2.753332,9.076419,2.3750482,0.47891834,-0.05131268,-0.0036651916
2417.0,-2.717419,9.19134,2.267309,0.5363397,-0.061086524,0.004886922
2428.0,-2.621651,9.306262,2.1380222,0.5510005,-0.06841691,0.02687807
2438.0,-2.554613,9.275137,2.0159178,0.5119051,-0.07086037,0.028099801
2448.0,-2.5761611,9.222465,1.8243817,0.42149702,-0.06719518,0.013439035
2457.0,-2.6408045,9.244013,1.7884687,0.29932398,-0.06719518,-0.0036651916
2470.0,-2.6551697,9.205706,1.7980455,0.18692477,-0.07696902,-0.021991149
2477.0,-2.695871,9.200917,1.8842367,0.105068825,-0.0842994,-0.028099801
2489.0,-2.6791117,9.059659,1.9393034,0.065973446,-0.089186326,-0.02321288
2497.0,-2.717419,8.99741,1.9752164,0.05497787,-0.09407325,-0.012217305
2506.0,-2.5905263,8.987833,1.9800048,0.05497787,-0.105068825,-0.004886922
2518.0,-2.566584,8.9519205,1.8866309,0.052534413,-0.111177474,-0.014660766
2527.0,-2.621651,9.006987,1.8291701,0.030543262,-0.11362094,-0.02321288
2536.0,-2.693477,9.112331,1.7717092,-0.0012217305,-0.118507855,-0.02565634
2549.0,-2.6671407,9.097966,1.8507179,-0.04153884,-0.11728613,-0.015882496
2557.0,-2.7126305,9.076419,1.8483237,-0.07696902,-0.111177474,-0.0061086523
2568.0,-2.6719291,8.9519205,1.9560628,-0.095294975,-0.105068825,0.004886922
2577.0,-2.6312277,8.880095,2.030283,-0.095294975,-0.10629055,0.014660766
2588.0,-2.645593,8.956709,2.0733786,-0.073303826,-0.09285152,0.014660766
2598.0,-2.5833437,9.085996,2.123657,-0.03176499,-0.095294975,0.017104227
2609.0,-2.669535,9.078813,2.1284454,0.007330383,-0.07819075,0.02321288
2618.0,-2.657564,9.078813,2.15957,0.034208454,-0.06841691,0.02321288
2628.0,-2.7629087,9.208099,2.2170308,0.021991149,-0.065973446,0.02687807
2638.0,-2.7700913,9.323022,2.1571758,-0.02443461,-0.058643065,0.018325957
2648.0,-2.669535,9.325416,2.1883004,-0.08307768,-0.042760566,-0.0012217305
2657.0,-2.6384103,9.363723,2.2002714,-0.13439035,-0.02443461,-0.008552114
2668.0,-2.7509377,9.196129,2.291251,-0.15149458,-0.0061086523,-0.012217305
2677.0,-2.7006595,9.143456,2.3894134,-0.13072516,0.0061086523,-0.015882496
2686.0,-2.7389667,9.210494,2.4540567,-0.095294975,0.02076942,-0.008552114
2699.0,-2.705448,9.066842,2.3319526,-0.064751714,0.037873644,0.002443461
2707.0,-2.6527755,9.074024,2.3080103,-0.04642576,0.043982297,0.007330383
2717.0,-2.7269957,9.119514,2.3080103,-0.035430185,0.05375614,0.0061086523
2730.0,-2.7150247,9.0429,2.3942018,-0.015882496,0.059864793,0.007330383
2739.0,-2.7820623,9.081207,2.3558946,0.019547688,0.058643065,0.0061086523
2749.0,-2.7030537,9.169792,2.384625,0.06963864,0.057421334,0.0061086523
2758.0,-2.7461493,9.212888,2.291251,0.12461651,0.058643065,0.004886922
2768.0,-2.6767175,9.188946,2.2146366,0.16982053,0.06352998,0.004886922
2778.0,-2.7365725,9.23683,2.195483,0.21746802,0.065973446,-0.0012217305
2790.0,-2.585738,9.200917,2.2529438,0.27000242,0.07086037,-0.0061086523
2797.0,-2.6192567,9.368511,2.2098482,0.30543262,0.07574729,-0.0036651916
2809.0,-2.6048915,9.334992,2.2218192,0.30787608,0.07696902,-0.002443461
2818.0,-2.6408045,9.289502,2.1332338,0.27488935,0.06963864,-0.009773844
2830.0,-2.6408045,9.294291,2.0494366,0.2284636,0.059864793,-0.02687807
2838.0,-2.6551697,9.272743,2.0350714,0.18936823,0.059864793,-0.039095376
2850.0,-2.7030537,9.385271,1.982399,0.17715092,0.058643065,-0.037873644
2859.0,-2.693477,9.275137,1.9895816,0.18448131,0.05497787,-0.02076942
2871.0,-2.6431987,9.050082,2.0614076,0.1966986,0.062308256,-0.010995574
2879.0,-2.60968,9.018958,1.9847932,0.21746802,0.062308256,-0.017104227
2888.0,-2.633622,9.038112,2.006341,0.23701571,0.065973446,-0.02321288
2898.0,-2.6288335,9.045294,1.9536686,0.25289822,0.062308256,-0.02443461
2910.0,-2.717419,9.126697,1.8986019,0.2565634,0.06352998,-0.02687807
2919.0,-2.7485435,9.208099,1.8986019,0.24312437,0.061086524,-0.021991149
2929.0,-2.7509377,9.184157,1.8148049,0.21624629,0.056199603,-0.014660766
2939.0,-2.693477,9.11712,1.8004397,0.18448131,0.065973446,-0.008552114
2948.0,-2.695871,9.021352,1.757344,0.16493362,0.061086524,-0.010995574
2959.0,-2.789245,9.167398,1.7812861,0.16371189,0.061086524,-0.02565634
2971.0,-2.765303,9.124303,1.8507179,0.16371189,0.061086524,-0.02565634
2978.0,-2.7222073,9.119514,1.8219875,0.18081611,0.056199603,-0.029321533
2989.0,-2.693477,9.119514,1.8411411,0.2003638,0.056199603,-0.028099801
2998.0,-2.7246015,9.174581,1.7860745,0.21624629,0.058643065,-0.02565634
3008.0,-2.72939,9.097966,1.7429788,0.22235495,0.064751714,-0.021991149
