34.0,4.3622355,1.6903064,8.7771435,0.12217305,0.040317107,0.20769419
34.0,4.3622355,1.6903064,8.7771435,0.12217305,0.040317107,0.20769419
50.0,3.0023289,0.18195933,9.363723,-0.043982297,-0.25045475,-0.3115413
50.0,3.9001546,-0.1316811,9.112331,-0.13439035,-0.3885103,-0.33964106
64.0,3.9719806,0.08379706,9.01417,-0.007330383,0.40317106,-0.004886922
67.0,3.8067808,0.45010993,8.980651,0.010995574,0.45937067,-0.018325957
79.0,3.5170822,0.50757074,9.052477,0.013439035,0.31887165,-0.10262536
87.0,3.3806129,0.44532153,9.13388,0.007330383,0.16493362,-0.17104226
98.0,3.478775,0.37588966,9.141062,0.008552114,0.13805555,-0.17470746
108.0,3.4955344,0.35434186,9.193734,0.019547688,0.11728613,-0.18570304
118.0,3.4284968,0.31124622,9.186552,0.036651913,0.105068825,-0.19303341
128.0,3.323152,0.35434186,9.25359,0.05375614,0.10262536,-0.19792034
141.0,3.2609026,0.33997664,9.184157,0.06841691,0.08674286,-0.2125811
148.0,3.1771057,0.5315128,9.181764,0.06841691,0.05131268,-0.2284636
158.0,3.3423057,0.62249243,9.222465,0.05131268,0.008552114,-0.24312437
168.0,3.2609026,0.58897364,9.167398,0.03176499,-0.019547688,-0.2406809
178.0,3.3207579,0.49320555,9.198523,0.021991149,-0.043982297,-0.2125811
189.0,3.3063924,0.48362875,9.232041,0.028099801,-0.056199603,-0.17959438
199.0,3.3638535,0.4165911,9.279925,0.042760566,-0.07574729,-0.14660765
208.0,3.41892,0.533907,9.198523,0.052534413,-0.09040806,-0.13316862
218.0,3.4237084,0.5482722,9.210494,0.058643065,-0.09896017,-0.12461651
228.0,3.5338416,0.58657944,9.229648,0.05009095,-0.09896017,-0.10751228
240.0,3.596091,0.5530606,9.248801,0.019547688,-0.1001819,-0.09407325
248.0,3.6176388,0.5267244,9.222465,-0.019547688,-0.09285152,-0.087964594
259.0,3.5984852,0.46208093,9.136273,-0.05497787,-0.07819075,-0.080634214
268.0,3.526659,0.48123455,9.124303,-0.0842994,-0.06719518,-0.07696902
278.0,3.5434184,0.5315128,9.114726,-0.11362094,-0.056199603,-0.073303826
288.0,3.442862,0.3854665,9.105149,-0.14294247,-0.052534413,-0.07452556
298.0,3.454833,0.31603462,9.153033,-0.16371189,-0.047647487,-0.07941248
308.0,3.4979286,0.24181437,9.176975,-0.16126843,-0.058643065,-0.07819075
319.0,3.5338416,0.14604631,9.16261,-0.13927728,-0.064751714,-0.07452556
328.0,3.5122938,0.10055647,9.404425,-0.12339478,-0.056199603,-0.080634214
339.0,3.5218706,0.22026655,9.519346,-0.13194689,-0.028099801,-0.12461651
349.0,3.5314474,0.5770026,9.691729,-0.13927728,-0.028099801,-0.17959438
358.0,3.406949,1.1683705,9.442732,-0.21868975,-0.017104227,-0.21624629
369.0,3.110068,1.6591818,9.507375,-0.58032197,0.06963864,-0.22602014
380.0,3.0430303,1.8171991,9.469068,-1.1850786,0.16615535,-0.18692477
389.0,2.9041667,1.5562311,9.548077,-1.78617,0.21624629,-0.10995574
399.0,2.6623523,1.388637,9.502586,-2.379931,0.2919936,-0.06841691
409.0,2.3654714,1.163582,10.120291,-3.00057,0.3726278,0.0036651916
419.0,2.0949266,1.1348516,10.740389,-3.5369098,0.41783184,0.05375614
429.0,1.8650831,0.5602432,10.812215,-3.8887682,0.43371433,0.09285152
441.0,1.7717092,-0.20829555,11.147403,-4.197866,0.50579643,0.19058995
449.0,1.7477672,-1.2066777,11.444284,-4.4947467,0.7305948,0.32498032
459.0,2.3894134,-2.6719291,11.832145,-4.582711,0.81489426,0.37018433
469.0,2.8299465,-4.0174704,11.221623,-4.2968264,0.7440339,0.2724459
479.0,2.3870192,-4.7070007,10.960655,-3.7739255,0.68539083,0.10995574
489.0,1.745373,-5.2528787,12.686874,-3.3341024,0.8381071,0.056199603
500.0,1.3742718,-6.2368956,13.96059,-3.1251867,1.1044444,0.12217305
509.0,1.7022774,-7.800309,14.137761,-3.1031954,1.2449434,0.29443705
519.0,2.0805612,-9.241618,14.480132,-3.0946434,1.2938126,0.5864306
529.0,1.7908629,-9.643845,14.760254,-2.8417451,1.4660766,0.9309586
540.0,1.4508862,-9.488221,14.441825,-2.2418754,1.6468927,1.1814134
549.0,1.2785037,-8.968679,14.049175,-1.5296066,1.7250835,1.3170254
560.0,1.484405,-7.9631147,13.587094,-1.0543534,1.8118263,1.4587462
569.0,1.6927006,-7.2185183,13.352463,-0.9505063,1.9498819,1.6615535
579.0,1.6232687,-7.1227503,12.993333,-1.0983357,2.0622811,1.8790215
592.0,1.541866,-7.9583263,12.7730665,-1.3035865,2.1649065,2.0928242
602.0,1.3599066,-9.006987,12.49055,-1.4453071,2.2748623,2.3237314
612.0,0.9840169,-9.8042555,12.066776,-1.4501941,2.3628268,2.5729644
624.0,0.62967503,-9.818622,12.052411,-1.2840388,2.4459045,2.7769935
631.0,0.1436521,-9.512163,12.215217,-1.0005972,2.5289822,2.869845
644.0,-0.19871874,-9.251195,12.140997,-0.6976081,2.5705209,2.933375
654.0,-0.39743748,-9.085996,11.657368,-0.42394048,2.620612,3.0763173
663.0,-0.6823475,-8.7292595,11.391612,-0.111177474,2.7220156,3.2620203
672.0,-1.2689269,-8.080431,11.099519,0.33108896,2.8209758,3.3719761
683.0,-1.8339585,-7.553706,10.560823,0.8943067,2.8832839,3.4171803
693.0,-2.2457612,-7.1634517,9.871294,1.4489723,2.9309313,3.4782667
703.0,-2.5091233,-6.5505357,8.92319,1.8509218,2.9614747,3.549127
712.0,-2.552219,-6.3422403,8.7053175,2.1025982,2.983466,3.6077702
722.0,-2.779668,-6.76362,8.863335,2.257758,3.050661,3.6456437
732.0,-2.7988217,-6.703765,7.905654,2.3677137,3.1093042,3.6786306
745.0,-2.6072857,-6.155493,7.374141,2.4825563,3.095865,3.6994
752.0,-2.585738,-4.8961425,7.1155677,2.6096163,3.1178563,3.662748
762.0,-3.1196449,-3.7086184,6.291962,2.7000244,3.1264083,3.63587
772.0,-3.3494883,-3.1962593,5.604826,2.7220156,3.0531044,3.6957347
782.0,-3.3207579,-3.1268275,5.058948,2.6364944,2.9480357,3.7140608
793.0,-2.9855695,-3.2728736,4.9440265,2.4312437,2.8490756,3.6077702
804.0,-2.372654,-3.5194764,4.781221,2.1429152,2.7721064,3.4122932
812.0,-1.8148049,-3.775656,4.5561657,1.8374827,2.7049112,3.2620203
822.0,-1.5729905,-3.8522706,4.4819455,1.5833627,2.6364944,3.2290337
832.0,-1.7238252,-3.5314474,4.4220905,1.423316,2.5815165,3.2265902
843.0,-1.970428,-2.954445,3.6655228,1.4123205,2.42147,3.0653217
852.0,-2.2577322,-2.554613,3.3303347,1.4123205,2.42147,3.0653217
864.0,-2.6312277,-2.1140802,3.3566709,1.5015068,2.3689353,2.9810224
872.0,-2.9137435,-1.4580688,3.6367924,1.563815,2.3383923,2.9639182
882.0,-3.1890767,-0.60333884,3.4715924,1.6175711,2.2699752,2.941927
891.0,-3.5290532,1.2808979,3.1028855,1.8521434,2.1050417,2.7586675
902.0,-3.787627,1.7956513,2.6599581,1.9779817,2.053729,2.6340508
912.0,-4.010288,2.171541,2.4349031,2.0659463,1.9779817,2.488665
924.0,-4.1802764,2.4253263,2.0925324,2.0280726,1.8912388,2.3322835
932.0,-4.187459,2.5498247,2.0135236,1.8729129,1.7837266,2.1697934
945.0,-4.098873,2.6264393,1.8722657,1.6701056,1.6444492,1.998751
952.0,-4.0198646,2.5498247,1.9297266,1.5063937,1.486846,1.8191566
962.0,-3.892972,2.4468741,1.9871874,1.4013249,1.3524556,1.6554449
973.0,-3.8163576,2.681506,2.0398598,1.3451253,1.2327261,1.5088371
984.0,-3.9384618,2.8419175,1.7812861,1.3402383,1.1032226,1.3585643
992.0,-3.9600096,3.0430303,1.7812861,1.3439035,0.97127575,1.2082914
1002.0,-4.1706996,3.5673606,1.6184803,1.2889256,0.86132,1.0567969
1012.0,-4.6926355,4.3622355,1.4891934,1.1325442,0.7672467,0.9260717
1023.0,-5.0014873,4.7429137,1.5490485,0.90408057,0.6719518,0.8368854
1032.0,-5.092467,4.8099513,1.721431,0.61453044,0.57910025,0.75869465
1066.0,-5.085284,4.699818,1.8698715,0.31642818,0.4654793,0.6401868
1066.0,-4.891354,4.5154643,1.9369092,0.096516706,0.32375857,0.49602258
1067.0,-4.7860093,4.5441947,2.0518308,0.014660766,0.19792034,0.3726278
1071.0,-4.6112323,4.9464207,1.9512744,0.081855945,0.09896017,0.2761111
1080.0,-4.4795513,5.3127337,2.018312,0.2406809,-0.002443461,0.16982053
1093.0,-4.390966,5.509058,1.8650831,0.39828414,-0.10629055,0.030543262
1102.0,-4.1611223,5.6670756,1.5897499,0.51068336,-0.21746802,-0.14172074
1112.0,-3.928885,5.659893,1.4101849,0.5766568,-0.35430184,-0.3359759
1121.0,-3.6535518,5.590461,1.151611,0.5656612,-0.5045747,-0.52412236
1132.0,-3.3758245,5.494693,0.5434838,0.46181414,-0.6780604,-0.7110472
1143.0,-3.064578,5.2648497,-0.021547815,0.30909783,-0.87964594,-0.893085
1153.0,-3.040636,4.8099513,-0.19153613,0.1685988,-1.1178834,-1.0836749
1164.0,-2.9999347,4.5034933,-0.5386954,0.056199603,-1.3927728,-1.2864822
1172.0,-2.8419175,4.096479,-0.49799395,-0.034208454,-1.7079792,-1.4807373
1182.0,-2.6144683,4.1611223,-0.050278235,-0.14172074,-2.0463986,-1.6468927
1192.0,-2.372654,4.7022123,0.30166942,-0.29077184,-2.3774874,-1.7935003
1203.0,-2.1212628,5.1642933,0.79008657,-0.39095375,-2.7049112,-1.9303342
1213.0,-2.0518308,5.315128,1.1731589,-0.42638394,-2.987131,-2.0390682
1224.0,-2.1140802,5.267244,1.697489,-0.47891834,-3.2351422,-2.112372
1232.0,-2.0159178,4.960786,1.9560628,-0.55955255,-3.4892623,-2.1771238
1243.0,-1.8626889,4.5298295,2.372654,-0.62796944,-3.7384953,-2.2589796
1253.0,-1.5155296,3.6894648,2.4301147,-0.6585127,-3.9632938,-2.3823745
1263.0,-1.2952632,2.791639,2.4708161,-0.7367035,-4.166101,-2.5497515
1272.0,-1.5155296,1.5753847,2.9400797,-0.93584555,-4.3359213,-2.7220156
1284.0,-2.0135236,0.45729253,3.9384618,-1.2522738,-4.511851,-2.83808
1293.0,-2.552219,-0.34955344,5.070919,-1.6639969,-4.7085495,-2.8661797
1302.0,-2.858677,-0.9744401,6.9120603,-2.125811,-4.9052477,-2.8405235
1313.0,-2.6910827,-1.1731589,8.726865,-2.5949554,-5.0933943,-2.8050933
1322.0,-1.8890251,-1.0654198,8.576031,-2.9798007,-5.176472,-2.7757716
1332.0,-1.1300632,-1.340753,8.058883,-3.1435125,-5.10439,-2.8258626
1345.0,-0.7326257,-3.0119057,8.6813755,-3.050661,-4.855157,-3.010344
1353.0,-0.92416185,-5.482722,9.792285,-2.833193,-4.515516,-3.2888985
1362.0,-1.3096284,-6.3230867,9.483433,-2.6316075,-4.2479568,-3.5234706
1373.0,-1.1372458,-6.576872,10.625467,-2.6035078,-4.076915,-3.5210273
1383.0,-0.31603462,-7.103596,10.778696,-2.9455922,-3.8252382,-3.323107
1393.0,0.088585466,-7.8745294,10.105926,-3.7775908,-3.4831536,-3.095865
1403.0,0.090979666,-9.481039,9.864111,-4.8356094,-3.1386256,-2.9064968
1412.0,-0.6991069,-11.834539,12.059594,-5.3206363,-2.7183504,-2.670703
1422.0,-1.7118542,-13.737929,12.330139,-4.575381,-2.3530529,-2.5619688
1433.0,-2.078167,-13.910312,12.842498,-2.4825563,-2.2015584,-2.620612
1442.0,-1.8363527,-11.382035,13.024457,0.36041048,-2.1013765,-2.6768115
1451.0,-1.508347,-7.5321584,12.552799,2.6719246,-1.9694295,-2.6438248
1464.0,-1.6424223,-4.3239284,11.518504,3.8069122,-1.8692477,-2.502104
1473.0,-1.8028339,-2.4516625,10.960655,3.9193115,-1.8008307,-2.2650883
1482.0,-1.6112977,-2.006341,10.426748,3.5210273,-1.781283,-2.0292943
1492.0,-1.2042835,-2.5713725,10.242394,2.8991663,-1.7983873,-1.8863518
1503.0,-0.40462008,-3.572149,10.517728,2.221106,-1.7996091,-1.8765781
1513.0,0.39025488,-4.510676,10.699687,1.5381587,-1.7666223,-1.9156734
1524.0,0.48123455,-4.876989,10.896012,0.8894198,-1.717753,-1.863139
1533.0,0.30885202,-4.5657425,10.97502,0.4447099,-1.6933185,-1.7275269
1545.0,-0.009576807,-3.7828386,10.9343195,0.2846632,-1.72264,-1.6151277
1553.0,-0.34476504,-2.3080103,9.832987,0.27000242,-1.7788396,-1.5442673
1563.0,-0.035913024,-0.40222588,8.949526,0.22235495,-1.8851302,-1.4465289
1573.0,0.5674258,0.6943185,8.884883,0.052534413,-1.9486601,-1.3011429
1584.0,1.127669,0.770933,8.832211,-0.36163223,-1.9474384,-1.1630874
1593.0,1.7621324,-0.29448682,8.616732,-0.9615019,-1.9682078,-1.0910053
1602.0,2.0853498,-1.8555063,8.248025,-1.4159856,-1.9999728,-1.0494665
1613.0,2.171541,-2.8299465,7.716512,-1.5063937,-2.0647244,-1.0115929
1624.0,2.2720973,-2.9472623,7.201759,-1.2681563,-2.2064452,-1.0360274
1632.0,2.4827871,-2.384625,6.4619503,-0.9126327,-2.3628268,-1.174083
1645.0,4.1371803,-3.5577838,6.1866174,-0.65240407,-2.4813347,-1.3402383
1653.0,3.4261026,-9.574412,10.0341,-0.40683624,-2.3677137,-1.3060299
1663.0,13.505692,-12.016499,42.13316,0.40561453,-2.0024164,-0.8491027
1673.0,4.185065,-12.902353,51.087475,1.46852,0.07696902,-0.10140363
1682.0,0.82121116,-6.4188547,28.909985,0.98837996,0.59742624,0.44593164
1693.0,0.866701,0.23942018,14.920665,0.23823744,0.2846632,-0.24312437
1705.0,-0.10055647,4.9583917,7.7452426,0.5534439,0.535118,-1.7983873
1713.0,-0.009576807,5.209783,4.175488,0.9468411,0.78801614,-2.1465805
1724.0,0.25378537,2.3654714,1.721431,0.5119051,0.7293731,-1.0848967
1734.0,1.1851299,-0.7757214,3.169923,-2.4312437,0.4447099,-0.11728613
1746.0,3.1531637,-1.8411411,4.853047,-3.249803,0.39950588,-0.4728097
1753.0,3.2154129,-3.4284968,6.0142345,-3.0848694,0.2565634,-0.5497787
1765.0,3.1842883,-4.3502645,7.8386164,-2.3054054,0.05131268,-0.34208453
1773.0,3.6032736,-4.0557775,9.452309,-1.2632693,-0.0842994,-0.17715092
1783.0,4.24492,-3.5769374,10.84334,-0.1282817,-0.14172074,-0.16737708
1793.0,4.939238,-3.3997664,11.844116,0.8698721,-0.17837265,-0.22724187
1802.0,5.171476,-3.430891,12.045229,1.4343116,-0.18203785,-0.20280726
1813.0,4.5657425,-2.8203697,11.614272,1.46852,-0.13561209,-0.087964594
1825.0,3.8738184,-1.5562311,10.6877165,1.0861185,-0.081855945,-0.04520403
1834.0,3.4596214,-0.5410896,9.598354,0.5729916,-0.040317107,-0.11484267
1844.0,3.2800562,-0.14604631,8.829816,0.10629055,0.0012217305,-0.13927728
1852.0,3.301604,-0.89303726,8.532935,-0.27366763,0.028099801,-0.039095376
1862.0,3.3494883,-2.0326772,8.50181,-0.5717699,0.030543262,0.095294975
1872.0,3.3494883,-2.9113493,8.66701,-0.7538077,0.018325957,0.1600467
1884.0,3.3135753,-3.4284968,8.839393,-0.7538077,-0.007330383,0.14782938
1892.0,3.2872388,-3.5673606,8.884883,-0.54733527,-0.047647487,0.13439035
1902.0,3.1507695,-3.2728736,8.700529,-0.19058995,-0.105068825,0.14538592
1913.0,3.071761,-2.767697,8.65025,0.2125811,-0.16371189,0.15393804
1922.0,2.9759927,-2.0757728,8.453926,0.5363397,-0.1966986,0.14905111
1933.0,3.052607,-1.5370775,8.403648,0.68294734,-0.23335053,0.14049901
1946.0,2.942474,-1.3790601,8.492233,0.63529986,-0.24801129,0.14049901
1952.0,2.9903579,-1.3694834,8.734048,0.45570546,-0.2406809,0.14172074
1962.0,3.0813377,-1.7908629,9.004593,0.2321288,-0.21624629,0.14294247
1974.0,3.289633,-2.384625,9.19134,0.042760566,-0.1881465,0.1441642
1984.0,3.4213142,-2.7102363,9.203311,-0.07086037,-0.16615535,0.14172074
1993.0,3.5003228,-2.944868,9.160215,-0.112399206,-0.15760323,0.1282817
2004.0,3.655946,-2.8682537,9.097966,-0.1160644,-0.14049901,0.10873401
2014.0,3.8307228,-2.8874073,8.911219,-0.09896017,-0.12461651,0.105068825
2026.0,3.8019924,-2.822764,8.669404,-0.032986723,-0.118507855,0.10873401
2034.0,3.857059,-2.695871,8.537724,0.08552113,-0.119729586,0.09162979
2063.0,3.8594532,-2.432509,8.413225,0.20525073,-0.12583824,0.062308256
2063.0,3.8833952,-2.1523874,8.350976,0.27000242,-0.119729586,0.043982297
2063.0,3.86903,-2.0254946,8.485051,0.25411993,-0.10995574,0.034208454
2072.0,3.7852328,-1.9656396,8.602366,0.172264,-0.10262536,0.02565634
2081.0,3.7205894,-2.0757728,8.676587,0.057421334,-0.07819075,0.015882496
2092.0,3.6583402,-2.3080103,8.815451,-0.039095376,-0.056199603,0.004886922
2102.0,3.6463692,-2.5019407,8.820239,-0.10262536,-0.032986723,-0.002443461
2112.0,3.5936968,-2.5833437,8.7771435,-0.13439035,-0.02076942,-0.009773844
2124.0,3.514688,-2.60968,8.784326,-0.14049901,-0.004886922,-0.014660766
2132.0,3.5410242,-2.566584,8.7292595,-0.13439035,0.007330383,-0.02321288
2144.0,3.490746,-2.516306,8.659827,-0.12950343,0.010995574,-0.035430185
2153.0,3.4452562,-2.5210943,8.623915,-0.13316862,0.028099801,-0.043982297
2164.0,3.5051112,-2.528277,8.7053175,-0.13072516,0.032986723,-0.04642576
2174.0,3.5290532,-2.554613,8.736442,-0.12217305,0.04642576,-0.04520403
2185.0,3.4883518,-2.6288335,8.710106,-0.10262536,0.05497787,-0.043982297
2193.0,3.5122938,-2.6503813,8.750807,-0.081855945,0.05375614,-0.047647487
2204.0,3.5817258,-2.4851813,8.789114,-0.06719518,0.05497787,-0.058643065
2214.0,3.596091,-2.3822308,8.738836,-0.062308256,0.062308256,-0.06841691
2225.0,3.5625722,-2.291251,8.772355,-0.06719518,0.06352998,-0.06841691
2234.0,3.4859576,-2.3439236,8.78672,-0.07941248,0.061086524,-0.06719518
2247.0,3.5434184,-2.4157495,8.781932,-0.096516706,0.062308256,-0.06841691
2254.0,3.4835634,-2.3870192,8.76996,-0.11484267,0.065973446,-0.06963864
2264.0,3.454833,-2.4732103,8.805874,-0.12950343,0.06841691,-0.065973446
2274.0,3.442862,-2.4851813,8.762778,-0.13805555,0.06963864,-0.058643065
2284.0,3.4715924,-2.5139117,8.779537,-0.13439035,0.062308256,-0.05131268
2294.0,3.4979286,-2.597709,8.822633,-0.118507855,0.061086524,-0.04642576
2305.0,3.514688,-2.6168625,8.822633,-0.095294975,0.05497787,-0.039095376
2313.0,3.5577838,-2.4708161,8.724471,-0.073303826,0.05131268,-0.03176499
2324.0,3.5769374,-2.4732103,8.798691,-0.061086524,0.043982297,-0.028099801
2335.0,3.5673606,-2.3439236,8.7532015,-0.057421334,0.039095376,-0.02565634
2346.0,3.4500446,-2.3822308,8.722076,-0.059864793,0.04153884,-0.02443461
2354.0,3.4165258,-2.4061728,8.714894,-0.06719518,0.043982297,-0.02321288
2365.0,3.4356794,-2.5115175,8.743625,-0.080634214,0.043982297,-0.019547688
2374.0,3.4404678,-2.4612393,8.772355,-0.09407325,0.039095376,-0.014660766
2384.0,3.4452562,-2.669535,8.7771435,-0.105068825,0.037873644,-0.0061086523
2394.0,3.5075054,-2.695871,8.884883,-0.10262536,0.035430185,0.002443461
2404.0,3.5170822,-2.6719291,8.836999,-0.08307768,0.02443461,0.008552114
2414.0,3.4883518,-2.7102363,8.815451,-0.04153884,0.02076942,0.014660766
2426.0,3.406949,-2.5905263,8.772355,0.0036651916,0.019547688,0.019547688
2434.0,3.4476504,-2.468422,8.760384,0.030543262,0.014660766,0.015882496
2446.0,3.4524388,-2.4037786,8.643068,0.029321533,0.014660766,0.010995574
2454.0,3.4644098,-2.3750482,8.695741,0.0012217305,0.02443461,0.014660766
2465.0,3.5434184,-2.4851813,8.731653,-0.034208454,0.030543262,0.015882496
2473.0,3.4811692,-2.6168625,8.690952,-0.062308256,0.02443461,0.014660766
2484.0,3.4356794,-2.6671407,8.772355,-0.07574729,0.02565634,0.014660766
2493.0,3.5075054,-2.8060043,8.801085,-0.0720821,0.02687807,0.019547688
2504.0,3.560178,-2.7844565,8.774749,-0.056199603,0.030543262,0.02443461
2518.0,3.502717,-2.669535,8.734048,-0.036651913,0.02565634,0.02443461
2522.0,3.3782187,-2.6312277,8.686164,-0.02076942,0.02687807,0.019547688
2533.0,3.4261026,-2.4899697,8.7532015,-0.015882496,0.030543262,0.014660766
2544.0,3.4021606,-2.4588451,8.671799,-0.02443461,0.021991149,0.008552114
2553.0,3.347094,-2.5187001,8.7532015,-0.02443461,0.021991149,0.008552114
2562.0,3.3255463,-2.6503813,8.834604,-0.065973446,0.035430185,0.0012217305
2572.0,3.3494883,-2.741361,8.815451,-0.07941248,0.032986723,0.0012217305
2584.0,3.4620156,-2.7389667,8.743625,-0.081855945,0.035430185,0.002443461
2593.0,3.4811692,-2.7581203,8.714894,-0.0720821,0.02076942,0.002443461
2604.0,3.4261026,-2.7389667,8.700529,-0.059864793,0.02321288,0.0012217305
2613.0,3.4356794,-2.731784,8.674192,-0.04642576,0.028099801,0.0
2625.0,3.3806129,-2.6671407,8.793902,-0.036651913,0.02687807,0.0
2633.0,3.4955344,-2.6288335,8.748413,-0.034208454,0.021991149,0.0012217305
2645.0,3.430891,-2.6551697,8.789114,-0.035430185,0.017104227,-0.0012217305
2654.0,3.3734303,-2.7269957,8.887277,-0.034208454,0.008552114,-0.0061086523
2665.0,3.4261026,-2.7605145,8.863335,-0.02687807,0.0,-0.0061086523
2673.0,3.3877954,-2.777274,8.839393,-0.014660766,-0.008552114,-0.002443461
2683.0,3.4093432,-2.813187,8.825027,0.002443461,-0.019547688,0.0012217305
2696.0,3.466804,-2.7389667,8.848969,0.019547688,-0.029321533,0.002443461
2705.0,3.5003228,-2.6719291,8.836999,0.036651913,-0.040317107,0.0
2714.0,3.4644098,-2.6551697,8.724471,0.04642576,-0.04642576,-0.002443461
2725.0,3.4715924,-2.6384103,8.808268,0.05375614,-0.059864793,-0.0036651916
2736.0,3.4045548,-2.5761611,8.78672,0.058643065,-0.059864793,-0.004886922
2747.0,3.4165258,-2.6623523,8.798691,0.06719518,-0.07086037,-0.0061086523
2757.0,3.4237084,-2.657564,8.832211,0.07696902,-0.07574729,-0.007330383
2766.0,3.4931402,-2.6910827,8.78672,0.089186326,-0.07452556,-0.0036651916
2775.0,3.5434184,-2.791639,8.805874,0.1001819,-0.06719518,0.0012217305
2786.0,3.6224272,-2.789245,8.738836,0.112399206,-0.06963864,0.0036651916
2796.0,3.6272156,-2.8419175,8.736442,0.12217305,-0.064751714,0.0061086523
2806.0,3.739743,-2.7006595,8.585608,0.1282817,-0.057421334,0.0036651916
2816.0,3.7421372,-2.681506,8.580819,0.12705997,-0.05497787,-0.0036651916
2826.0,3.6607344,-2.4540567,8.614338,0.10995574,-0.05375614,-0.010995574
2836.0,3.643975,-2.4540567,8.556877,0.06963864,-0.037873644,-0.018325957
2848.0,3.6774938,-2.5929205,8.599973,0.02321288,-0.021991149,-0.02076942
2856.0,3.5936968,-2.7485435,8.66701,0.002443461,-0.010995574,-0.02321288
2866.0,3.6056678,-2.743755,8.678981,0.013439035,0.0036651916,-0.034208454
2875.0,3.4404678,-2.566584,8.616732,0.036651913,0.013439035,-0.047647487
2885.0,3.4213142,-2.5594015,8.626308,0.047647487,0.02076942,-0.05497787
2894.0,3.3997664,-2.5785553,8.66701,0.039095376,0.029321533,-0.059864793
2906.0,3.4524388,-2.5378537,8.702923,0.012217305,0.04153884,-0.06352998
2915.0,3.3877954,-2.5809495,8.767567,-0.014660766,0.042760566,-0.065973446
2926.0,3.3782187,-2.6719291,8.78672,-0.030543262,0.047647487,-0.06719518
2937.0,3.4452562,-2.6479871,8.767567,-0.02565634,0.043982297,-0.06963864
2948.0,3.4021606,-2.6168625,8.738836,0.0036651916,0.04153884,-0.06963864
2958.0,3.4596214,-2.5330653,8.6813755,0.035430185,0.04642576,-0.06963864
2966.0,3.4261026,-2.4708161,8.6334915,0.04642576,0.056199603,-0.07086037
2975.0,3.3782187,-2.243367,8.76996,0.028099801,0.059864793,-0.07086037
2985.0,3.4284968,-2.3942018,8.791509,-0.008552114,0.06719518,-0.065973446
2995.0,3.3877954,-2.360683,8.829816,-0.04520403,0.06841691,-0.058643065
3004.0,3.347094,-2.4253263,8.813056,-0.065973446,0.080634214,-0.05375614
