26.0,4.9943047,-2.980781,7.9966335,0.010995574,-0.05131268,0.013439035
27.0,4.853047,-3.1004913,8.037335,0.15393804,0.118507855,-0.06352998
40.0,4.853047,-3.1004913,8.037335,0.004886922,-0.21380283,-0.22602014
40.0,4.8698063,-3.3614593,8.034941,-0.080634214,-0.39461896,-0.28710666
62.0,4.9536033,-3.3854012,7.9463553,0.043982297,0.41050145,0.1001819
62.0,4.9823337,-3.2489316,7.8050976,0.014660766,0.4373795,0.13561209
71.0,5.12838,-3.1244333,7.9487495,-0.15515977,0.15393804,0.02076942
81.0,4.987122,-2.8395233,7.97748,-0.15515977,0.15393804,0.02076942
92.0,4.9464207,-2.707842,8.015787,-0.25778514,0.18325958,0.010995574
101.0,4.8985367,-2.5234885,8.295909,-0.45448375,0.23945917,0.012217305
112.0,4.879383,-2.3774424,8.595184,-0.73548174,0.3200934,0.009773844
121.0,5.0900726,-2.303222,8.858546,-1.0372492,0.43004912,-0.019547688
131.0,5.3462524,-2.372654,9.050082,-1.3158038,0.5766568,-0.047647487
141.0,5.422867,-2.4851813,9.5385,-1.6151277,0.72692966,-0.028099801
151.0,5.4922986,-2.944868,10.084377,-2.3261747,1.1203269,0.21013765
162.0,5.6670756,-3.4596214,10.491392,-2.5900686,1.3414601,0.35185838
172.0,5.935226,-4.1419687,10.912771,-2.607173,1.4489723,0.41905355
181.0,5.865794,-5.93762,10.25676,-2.4984388,1.4074335,0.42149702
193.0,4.948815,-5.734113,9.586384,-2.5314255,1.346347,0.44104472
201.0,4.333505,-5.0158525,8.7532015,-2.7550023,1.3487904,0.47525316
212.0,4.1659107,-4.6016555,7.896077,-3.1435125,1.3720033,0.51923543
221.0,3.9480386,-4.247314,6.71813,-3.685961,1.3732251,0.57910025
232.0,3.3877954,-4.0318356,6.030994,-4.244292,1.53205,0.6377433
241.0,3.5793316,-4.4340615,5.8825536,-4.483751,1.6749926,0.64873886
251.0,3.5290532,-5.6790466,4.759673,-4.293161,1.577254,0.5705481
262.0,2.6001031,-6.3302693,4.4723687,-3.8875463,1.3927728,0.45937067
271.0,1.9201498,-6.3709707,3.7660792,-3.4880404,1.2180653,0.344528
282.0,1.6232687,-6.3685765,3.1962593,-3.164282,1.1215485,0.23701571
296.0,1.8052281,-6.277597,3.2225955,-2.9211576,1.0726794,0.18448131
301.0,2.0614076,-6.3326635,3.4117374,-2.6426032,1.0506883,0.23335053
312.0,2.1906946,-6.7109475,3.4596214,-2.2467623,0.9505063,0.31764993
321.0,1.8411411,-7.2568254,3.1507695,-1.7299703,0.7672467,0.29443705
332.0,1.2617443,-7.4866686,3.289633,-1.1728612,0.56321776,0.1282817
341.0,0.8475474,-7.4723034,3.2609026,-0.6780604,0.3481932,-0.09040806
353.0,0.7493851,-7.1586633,2.9281087,-0.3005457,0.15027285,-0.27000242
362.0,0.7350199,-6.4787097,2.6910827,-0.032986723,-0.028099801,-0.41172317
372.0,0.6344634,-5.722142,2.1045034,0.18081611,-0.19547687,-0.5681047
382.0,0.5746084,-4.936844,2.0039468,0.33964106,-0.3933972,-0.7476991
393.0,0.4429273,-4.2521024,2.1045034,0.41905355,-0.59986967,-0.9443977
401.0,0.6607997,-3.5482068,2.2984335,0.34574974,-0.7635816,-1.1533136
413.0,1.2162545,-2.80361,2.5570073,-0.5522222,-0.85154617,-1.3414601
422.0,2.099715,-2.2960393,2.4971523,-1.8887954,-0.7012733,-1.6029104
432.0,2.9616275,-1.5682021,2.0494366,-2.5277603,-0.47891834,-2.147802
442.0,3.1004913,-1.1994951,1.6998832,-2.2467623,-0.37507126,-2.6218336
452.0,2.6240451,-1.7477672,1.9177556,-1.3671165,0.039095376,-2.2785273
462.0,3.6224272,-4.7429137,5.707777,-0.23945917,0.7892379,-0.8173377
473.0,8.288726,-14.415488,14.341269,0.30787608,0.79412484,1.110553
482.0,14.204799,-39.28885,21.866243,-0.48502702,-0.39950588,0.8038987
493.0,9.052477,-37.694313,13.048399,0.37507126,-0.8368854,-0.8258898
502.0,2.825158,-13.263878,4.0198646,0.44715336,-0.6597345,-1.0897835
512.0,-1.043872,-3.3446999,3.9360676,-0.4166101,-0.5204572,-0.22479841
522.0,-1.1563994,-0.06943185,5.0421886,-1.609019,-0.41905355,0.7623598
533.0,3.040636,-2.6240451,5.116409,-2.4862216,0.08674286,1.1728612
542.0,6.0022635,-7.6375036,4.817134,-2.6511552,0.45570546,1.0885619
552.0,3.9911342,-11.449073,6.1004257,-2.189341,0.3555236,0.97249746
562.0,0.50278234,-13.086706,7.979874,-1.3878858,0.103847094,1.0152581
575.0,-0.16998832,-13.860034,8.918402,-0.6914995,0.013439035,1.2046263
585.0,1.2976574,-14.578294,8.686164,-0.5290093,0.24678956,1.8985692
598.0,3.0119057,-15.334862,8.12592,-0.6133087,0.84788096,2.9223793
605.0,3.940856,-17.97806,7.347805,-0.32742378,1.2559389,3.6651914
615.0,3.0358477,-20.683508,7.386112,-0.14049901,1.5222762,3.540575
626.0,1.271321,-23.357832,7.6494746,0.058643065,1.2681563,3.1948252
637.0,0.8331822,-20.961235,7.9463553,0.6805039,1.1447614,3.6383133
644.0,1.6448165,-20.903774,7.359776,1.0812315,1.2180653,4.411669
658.0,1.6304513,-21.21981,7.651869,1.1129965,1.3634512,5.0689597
665.0,2.3463178,-19.582176,6.8905125,1.1203269,1.6236799,5.4330354
675.0,2.3415294,-18.090588,6.8091097,1.1606439,1.7165314,5.617517
685.0,1.7956513,-16.953342,6.8402343,1.282817,1.754405,5.716477
697.0,1.8171991,-16.101006,6.646304,1.5173893,1.8118263,5.843537
705.0,2.372654,-15.895105,6.361394,1.7311921,1.8973475,6.1172047
717.0,2.6886885,-15.342045,5.7269306,1.8619173,1.9840903,6.401868
725.0,2.5019407,-14.065935,4.8362875,1.9608774,2.043955,6.510602
734.0,2.0470424,-12.330139,4.1946416,2.0366247,2.0818288,6.4446282
745.0,1.5753847,-10.644621,3.7373488,2.0647244,2.1001546,6.3029075
755.0,1.1348516,-9.495404,3.6607344,2.0195205,2.1111503,6.200282
765.0,0.92176765,-9.02614,3.2393548,1.921782,2.1343632,6.1721826
777.0,0.81163436,-8.485051,2.9376855,1.9010127,2.1453588,6.139196
786.0,0.7158663,-7.8027034,2.813187,1.9437732,2.0928242,6.0671134
798.0,0.33279404,-7.086837,2.3870192,1.9596558,1.998751,5.925393
805.0,0.02873042,-6.136339,2.0087352,1.9291124,1.9034561,5.70426
817.0,-0.49799395,-5.094861,1.6017209,1.8680259,1.8399261,5.4562483
825.0,-1.0055647,-3.9815574,1.5131354,1.7739527,1.7751744,5.2253413
837.0,-1.5131354,-2.9520507,1.5035586,1.6358972,1.7201965,5.0298643
845.0,-1.8435353,-2.2816741,1.6208745,1.473407,1.6676621,4.8673744
856.0,-2.0087352,-2.054225,1.721431,1.2681563,1.5748106,4.728097
863.0,-2.2002714,-1.9919758,1.4628572,1.0531317,1.4611896,4.575381
875.0,-2.4851813,-1.7932571,1.2306197,0.8857546,1.351234,4.384791
884.0,-2.8083985,-1.4197617,1.0965444,0.7965683,1.2583824,4.162436
897.0,-3.2824504,-0.830788,1.2497733,0.79534656,1.1618657,3.9315288
907.0,-3.6774938,-0.34955344,1.6424223,0.8527679,1.0421361,3.7226129
916.0,-3.9025488,0.047884032,1.721431,0.9114109,0.9419542,3.5698965
925.0,-3.9001546,0.37349546,1.6065093,0.93584555,0.8588765,3.4648278
937.0,-3.8857894,0.46447513,1.2306197,0.9297369,0.7819075,3.368311
946.0,-4.0916905,0.50757074,0.79966336,0.91996306,0.7049385,3.2485814
958.0,-4.510676,0.62728083,0.7613561,0.93584555,0.61575216,3.097087
965.0,-4.781221,0.91697925,0.8355764,0.9798279,0.516792,2.9309313
976.0,-4.984728,1.2856863,0.9911995,1.1484267,0.37384954,2.6083946
986.0,-4.9081135,1.436521,1.127669,1.2253957,0.32253686,2.4813347
997.0,-4.9943047,2.0278888,1.4221559,1.2486086,0.28099802,2.3848178
1003.0,-5.130774,2.3870192,1.4173675,1.2205088,0.25411993,2.2992969
1014.0,-5.3462524,2.753332,1.2880806,1.1899655,0.21502456,2.1930063
1025.0,-5.7149596,3.016694,1.2473791,1.187522,0.15393804,2.0622811
1037.0,-5.93762,3.4596214,1.1779473,1.2278391,0.09896017,1.9352211
1046.0,-6.0860605,3.7684734,1.292869,1.2754866,0.06352998,1.8289305
1066.0,-5.9926867,4.122815,1.412579,1.2644911,0.047647487,1.7507398
1066.0,-6.066907,4.3119574,1.3862427,1.1753048,0.05009095,1.6811012
1075.0,-6.253655,4.4316673,1.5490485,1.0421361,0.05497787,1.5870279
1083.0,-6.4260373,4.570531,1.6352397,0.9224065,0.043982297,1.4648548
1095.0,-6.457162,4.7884035,1.5634137,0.8539896,0.028099801,1.3329079
1104.0,-6.619968,4.9775453,1.6017209,0.82344633,0.0012217305,1.2156218
1114.0,-6.71813,5.2241483,1.8195933,0.8063421,-0.015882496,1.1215485
1125.0,-6.6846113,5.401319,1.8746599,0.8002335,-0.018325957,1.0494665
1137.0,-6.679823,5.568913,1.7046716,0.79534656,-0.009773844,0.9737192
1144.0,-6.679823,5.7125654,1.6280571,0.7733554,0.0061086523,0.893085
1155.0,-6.8522053,5.7724204,1.673547,0.7330383,0.0036651916,0.8173377
1164.0,-7.03177,5.734113,1.8267759,0.6658431,-0.004886922,0.75625116
1177.0,-7.0581064,5.767632,1.7669208,0.5900958,-0.012217305,0.70249504
1185.0,-7.074866,5.839458,1.8507179,0.52534413,-0.02321288,0.6389651
1198.0,-7.038953,6.090849,1.9895816,0.46303585,-0.029321533,0.56688297
1206.0,-6.909666,6.1076083,1.9081788,0.3933972,-0.017104227,0.49968776
1216.0,-6.9360023,6.2105594,1.8842367,0.30787608,0.002443461,0.43982297
1226.0,-6.969521,6.3470287,1.9297266,0.22235495,0.02687807,0.38240165
1236.0,-7.089231,6.179435,1.6160861,0.16371189,0.013439035,0.32375857
1246.0,-7.2065473,6.0956373,1.6519991,0.15149458,-0.018325957,0.27488935
1257.0,-7.1634517,6.0118403,1.5059528,0.1881465,-0.042760566,0.23335053
1266.0,-7.086837,5.9759274,1.6304513,0.24190263,-0.039095376,0.19425514
1276.0,-6.967127,5.923255,1.7764976,0.2919936,-0.02443461,0.16371189
1286.0,-6.897695,6.0836663,1.922544,0.32498032,-0.009773844,0.14172074
1298.0,-6.921637,6.1100025,1.9967642,0.30787608,-0.0036651916,0.12583824
1306.0,-6.895301,6.1411276,1.9009962,0.24556783,0.002443461,0.095294975
1318.0,-6.9623384,6.093243,1.7549498,0.19792034,0.012217305,0.040317107
1325.0,-6.919243,6.009446,1.6879122,0.22113322,0.002443461,-0.013439035
1336.0,-6.9838862,6.0597243,1.6711528,0.31887165,-0.017104227,-0.02687807
1346.0,-7.0485296,5.9759274,1.6472107,0.4642576,-0.04520403,-0.02443461
1357.0,-6.955156,5.8322754,1.4317327,0.64996064,-0.08307768,-0.029321533
1367.0,-6.8426285,5.6646814,1.6112977,0.83077675,-0.11728613,-0.02687807
1378.0,-6.8402343,5.815516,1.4820108,0.9260717,-0.13072516,-0.010995574
1386.0,-6.9024835,5.9448028,1.376666,0.90408057,-0.13927728,0.004886922
1398.0,-7.1706343,6.0645127,1.3311762,0.78801614,-0.15515977,0.007330383
1406.0,-7.311892,6.253655,1.3431472,0.6377433,-0.17592919,0.002443461
1417.0,-7.36217,6.4044895,1.3623008,0.49357912,-0.19058995,-0.007330383
1426.0,-7.443573,6.3829417,1.4053963,0.36285394,-0.20158553,-0.015882496
1438.0,-7.457938,6.217742,1.412579,0.2602286,-0.22113322,-0.019547688
1446.0,-7.4148426,6.2512608,1.4939818,0.19303341,-0.22602014,-0.021991149
1457.0,-7.4244194,6.0716953,1.4628572,0.16371189,-0.22602014,-0.03176499
1466.0,-7.417237,6.1985884,1.4413095,0.16126843,-0.21991149,-0.04520403
1477.0,-7.529764,6.1938,1.42455,0.18570304,-0.21135938,-0.05131268
1487.0,-7.5345526,6.2392898,1.376666,0.22602014,-0.20769419,-0.04886922
1499.0,-7.553706,6.045359,1.1779473,0.27122417,-0.21135938,-0.034208454
1506.0,-7.515399,6.054936,1.1851299,0.3286455,-0.21502456,-0.02443461
1517.0,-7.4124484,6.045359,1.1899183,0.3885103,-0.20891592,-0.02687807
1528.0,-7.422025,6.129156,1.292869,0.4092797,-0.19792034,-0.02076942
1537.0,-7.393295,6.131551,1.364695,0.36774087,-0.19058995,-0.004886922
1547.0,-7.3645644,6.1507044,1.3982137,0.2846632,-0.18081611,0.0
1558.0,-7.3765354,6.160281,1.4556746,0.1881465,-0.16737708,-0.015882496
1566.0,-7.2927384,6.007052,1.4652514,0.103847094,-0.15760323,-0.04153884
1577.0,-7.2664022,5.935226,1.3862427,0.030543262,-0.1563815,-0.052534413
1586.0,-7.2711906,5.925649,1.3670892,-0.052534413,-0.15882497,-0.035430185
1598.0,-7.3406224,5.90889,1.2904748,-0.12950343,-0.1600467,-0.018325957
1606.0,-7.371747,5.997475,1.3431472,-0.14905111,-0.14905111,-0.037873644
1618.0,-7.3406224,5.837064,0.9696517,-0.0842994,-0.14905111,-0.065973446
1627.0,-7.264008,5.6215854,1.1492168,0.043982297,-0.14905111,-0.052534413
1637.0,-7.225701,5.650316,1.1971009,0.18692477,-0.15393804,-0.017104227
1646.0,-7.153875,5.5856724,1.3718776,0.28955013,-0.14905111,0.012217305
1657.0,-7.2065473,5.681441,1.4341269,0.30665436,-0.14294247,0.028099801
1667.0,-7.1610575,5.8442464,1.3623008,0.21624629,-0.13439035,0.03176499
1679.0,-7.204153,6.0501475,1.3383588,0.06841691,-0.12095132,0.018325957
1686.0,-7.2304893,6.0142345,1.4030021,-0.04642576,-0.11484267,-0.009773844
1698.0,-7.2711906,6.0022635,1.3120226,-0.08552113,-0.12217305,-0.017104227
1707.0,-7.2951326,5.9807158,1.3215994,-0.061086524,-0.13072516,0.0012217305
1717.0,-7.240066,5.913678,1.283292,0.013439035,-0.13316862,0.014660766
1727.0,-7.249643,5.973533,1.3120226,0.103847094,-0.12095132,0.015882496
1739.0,-7.2424603,6.10282,1.352724,0.1563815,-0.11728613,0.02321288
1746.0,-7.240066,6.303933,1.3096284,0.15149458,-0.11484267,0.034208454
1757.0,-7.3071036,6.3709707,1.3383588,0.10873401,-0.103847094,0.02687807
1766.0,-7.2927384,6.3709707,1.4628572,0.06352998,-0.089186326,0.009773844
1777.0,-7.2831616,6.4140663,1.388637,0.010995574,-0.06352998,-0.008552114
1787.0,-7.275979,6.3709707,1.4269443,0.010995574,-0.06352998,-0.008552114
1800.0,-7.309498,6.169858,1.484405,0.018325957,-0.052534413,-0.017104227
1806.0,-7.321469,6.0836663,1.5610195,0.04642576,-0.035430185,-0.013439035
1816.0,-7.3789296,6.220136,1.6065093,0.047647487,-0.007330383,-0.013439035
1827.0,-7.2783732,6.0836663,1.5298948,0.07086037,0.002443461,-0.018325957
1838.0,-7.252037,6.0860605,1.5179238,0.119729586,0.004886922,-0.013439035
1847.0,-7.2951326,6.0262055,1.4149733,0.15760323,0.009773844,0.0036651916
1859.0,-7.2927384,5.961562,1.3958195,0.18081611,0.019547688,0.0061086523
1867.0,-7.323863,5.899313,1.376666,0.19058995,0.02076942,0.0
1877.0,-7.3669586,5.9400144,1.364695,0.18325958,0.013439035,0.0
1886.0,-7.422025,6.019023,1.3455414,0.14782938,0.007330383,-0.0012217305
1899.0,-7.309498,5.971139,1.2545617,0.09407325,0.008552114,-0.004886922
1908.0,-7.2472486,5.9519854,1.2593501,0.036651913,0.017104227,-0.0036651916
1918.0,-7.33344,5.9998693,1.3263878,-0.002443461,0.014660766,0.009773844
1926.0,-7.323863,5.9998693,1.2976574,-0.02443461,0.008552114,0.02687807
1938.0,-7.433996,6.0836663,1.3263878,-0.029321533,0.0061086523,0.029321533
1947.0,-7.393295,6.093243,1.292869,-0.009773844,0.0061086523,0.02076942
1957.0,-7.410054,5.8801594,1.2449849,0.034208454,-0.002443461,0.018325957
1966.0,-7.357382,5.947197,1.3144168,0.087964594,-0.0012217305,0.021991149
1978.0,-7.323863,6.0357823,1.292869,0.13194689,0.002443461,0.02076942
1987.0,-7.3071036,6.0238113,1.3670892,0.13316862,0.007330383,0.021991149
1998.0,-7.381324,6.1123967,1.3239936,0.09285152,0.009773844,0.02321288
2007.0,-7.4148426,6.1866174,1.3575124,0.034208454,0.008552114,0.021991149
2018.0,-7.4483614,6.227319,1.4053963,-0.029321533,0.012217305,0.015882496
2027.0,-7.40766,6.1938,1.412579,-0.07819075,0.002443461,0.009773844
2039.0,-7.3310456,6.1746464,1.4269443,-0.08552113,0.009773844,-0.0012217305
2062.0,-7.261614,5.9567738,1.5873557,-0.032986723,0.019547688,-0.02076942
2062.0,-7.323863,5.9304376,1.5011644,0.056199603,0.02565634,-0.02443461
2065.0,-7.309498,5.9184666,1.4891934,0.13439035,0.02321288,-0.014660766
2075.0,-7.3166804,6.093243,1.5801731,0.16493362,0.030543262,-0.0061086523
2086.0,-7.2807674,6.203377,1.472434,0.13683382,0.04886922,-0.010995574
2100.0,-7.252037,6.227319,1.4987702,0.07696902,0.059864793,-0.02321288
2106.0,-7.323863,6.1985884,1.4149733,0.013439035,0.065973446,-0.02687807
2116.0,-7.371747,6.1219735,1.4053963,-0.02565634,0.06841691,-0.02443461
2126.0,-7.4244194,6.0884547,1.4460979,-0.03176499,0.06841691,-0.018325957
2137.0,-7.371747,5.8586116,1.3718776,-0.015882496,0.062308256,-0.008552114
2146.0,-7.4507556,5.805939,1.3431472,0.013439035,0.056199603,0.0061086523
2160.0,-7.469909,5.8825536,1.3790601,0.04153884,0.04886922,0.018325957
2167.0,-7.5321584,5.9304376,1.3096284,0.059864793,0.03176499,0.02321288
2176.0,-7.417237,6.0118403,1.2808979,0.052534413,0.02321288,0.02321288
2185.0,-7.4268136,6.045359,1.2378023,0.029321533,0.029321533,0.019547688
2197.0,-7.3549876,6.1243677,1.2258313,0.010995574,0.029321533,0.009773844
2206.0,-7.398083,6.133945,1.2018893,-0.0012217305,0.02443461,0.007330383
2217.0,-7.455544,6.131551,1.2808979,-0.010995574,0.012217305,0.008552114
2225.0,-7.441179,6.054936,1.3551182,-0.017104227,0.007330383,0.0061086523
2236.0,-7.441179,6.172252,1.30484,-0.018325957,-0.0036651916,0.002443461
2246.0,-7.395689,6.1626754,1.3215994,-0.02076942,-0.017104227,0.002443461
2257.0,-7.359776,6.2608376,1.3718776,-0.029321533,-0.02565634,0.004886922
2267.0,-7.2448545,6.2249246,1.3359646,-0.04520403,-0.02076942,0.0012217305
2278.0,-7.2831616,6.114791,1.4317327,-0.05497787,-0.021991149,-0.004886922
2286.0,-7.338228,6.0597243,1.4221559,-0.05131268,-0.029321533,-0.008552114
2300.0,-7.314286,6.0477533,1.4030021,-0.035430185,-0.037873644,-0.008552114
2308.0,-7.311892,5.9902925,1.4317327,-0.007330383,-0.04520403,-0.008552114
2318.0,-7.273585,5.896919,1.4077905,0.019547688,-0.05009095,-0.007330383
2328.0,-7.314286,5.8825536,1.376666,0.029321533,-0.058643065,0.002443461
2339.0,-7.2544312,5.9184666,1.328782,0.017104227,-0.07086037,0.010995574
2346.0,-7.2448545,5.925649,1.3790601,-0.010995574,-0.0720821,0.0061086523
2357.0,-7.2065473,6.0046577,1.3311762,-0.040317107,-0.07086037,-0.004886922
2367.0,-7.153875,6.093243,1.4556746,-0.056199603,-0.06352998,-0.010995574
2378.0,-7.165846,6.078878,1.5035586,-0.064751714,-0.059864793,-0.0061086523
2388.0,-7.177817,6.220136,1.508347,-0.080634214,-0.05497787,0.0
2402.0,-7.1993647,6.167464,1.5634137,-0.09040806,-0.047647487,-0.010995574
2407.0,-7.347805,6.009446,1.5035586,-0.06963864,-0.05131268,-0.03176499
2416.0,-7.347805,6.0238113,1.4149733,-0.019547688,-0.05131268,-0.039095376
2428.0,-7.3166804,5.997475,1.4508862,0.029321533,-0.04520403,-0.032986723
2437.0,-7.2185183,6.0381765,1.5753847,0.05497787,-0.032986723,-0.028099801
2447.0,-7.2113357,6.093243,1.5945383,0.05375614,-0.02443461,-0.02687807
2458.0,-7.252037,6.160281,1.6208745,0.02443461,-0.019547688,-0.029321533
2469.0,-7.3047094,6.0980315,1.5107412,-0.02321288,-0.015882496,-0.034208454
2478.0,-7.4028716,6.0956373,1.4796166,-0.06719518,-0.013439035,-0.042760566
2489.0,-7.386112,5.959168,1.4053963,-0.09040806,-0.010995574,-0.05009095
2501.0,-7.371747,5.9424086,1.5011644,-0.0842994,-0.012217305,-0.04642576
2508.0,-7.3047094,5.8634,1.4700398,-0.042760566,-0.019547688,-0.042760566
2520.0,-7.314286,5.911284,1.4508862,0.017104227,-0.030543262,-0.036651913
2528.0,-7.350199,5.9280434,1.496376,0.058643065,-0.037873644,-0.021991149
2538.0,-7.338228,5.9687448,1.4437037,0.0720821,-0.039095376,-0.012217305
2547.0,-7.2927384,6.009446,1.4891934,0.057421334,-0.037873644,-0.013439035
2558.0,-7.3286514,6.160281,1.4628572,0.014660766,-0.029321533,-0.013439035
2567.0,-7.2783732,6.2512608,1.5131354,-0.036651913,-0.019547688,-0.014660766
2579.0,-7.321469,6.172252,1.4772224,-0.09407325,-0.0012217305,-0.014660766
2588.0,-7.371747,6.136339,1.5011644,-0.09407325,-0.0012217305,-0.014660766
2599.0,-7.3549876,6.0477533,1.520318,-0.09285152,0.0,-0.009773844
2607.0,-7.419631,5.959168,1.4652514,-0.0720821,0.0036651916,-0.013439035
2618.0,-7.410054,5.923255,1.5131354,-0.034208454,-0.0012217305,-0.018325957
2628.0,-7.393295,5.920861,1.4293385,0.008552114,-0.0012217305,-0.015882496
2639.0,-7.383718,6.0142345,1.4341269,0.030543262,0.0012217305,-0.0061086523
2649.0,-7.33344,6.081272,1.5155296,-0.009773844,0.02076942,0.002443461
2658.0,-7.3166804,6.1219735,1.3862427,-0.04153884,0.030543262,-0.0012217305
2669.0,-7.469909,6.0381765,1.3670892,-0.058643065,0.030543262,-0.004886922
2679.0,-7.374141,6.0166287,1.3910311,-0.062308256,0.02565634,-0.004886922
2688.0,-7.40766,6.0118403,1.3072342,-0.056199603,0.029321533,-0.0012217305
2701.0,-7.395689,5.9543796,1.3239936,-0.04642576,0.021991149,0.0036651916
2708.0,-7.40766,5.9878983,1.3862427,-0.042760566,0.019547688,0.004886922
2718.0,-7.3525934,5.985504,1.3599066,-0.043982297,0.021991149,0.0036651916
2728.0,-7.2807674,6.0262055,1.4173675,-0.042760566,0.02321288,0.0012217305
2738.0,-7.40766,5.9639564,1.4173675,-0.040317107,0.02321288,0.004886922
2748.0,-7.4124484,6.1195793,1.4389153,-0.04886922,0.02443461,0.013439035
2760.0,-7.386112,6.191406,1.4915876,-0.080634214,0.030543262,0.017104227
2769.0,-7.4507556,6.0716953,1.4053963,-0.12095132,0.032986723,0.008552114
2779.0,-7.40766,5.973533,1.4341269,-0.14782938,0.034208454,-0.004886922
2790.0,-7.381324,5.9400144,1.4221559,-0.1441642,0.035430185,-0.012217305
2801.0,-7.4483614,5.995081,1.4197617,-0.12705997,0.02565634,-0.010995574
2809.0,-7.3310456,5.9041014,1.5107412,-0.11484267,0.02565634,-0.0061086523
2821.0,-7.3789296,5.8705826,1.5275006,-0.10262536,0.02321288,-0.0061086523
2828.0,-7.422025,5.7963624,1.6160861,-0.08552113,0.02076942,-0.010995574
2839.0,-7.359776,5.9567738,1.5705963,-0.0720821,0.012217305,-0.009773844
2848.0,-7.369353,5.932832,1.6232687,-0.06719518,0.010995574,-0.0036651916
2860.0,-7.252037,5.8634,1.6591818,-0.07086037,0.014660766,0.0012217305
2869.0,-7.314286,5.9567738,1.6112977,-0.080634214,0.021991149,0.002443461
2880.0,-7.264008,6.033388,1.6376339,-0.081855945,0.02443461,-0.0061086523
2889.0,-7.264008,5.9448028,1.6950948,-0.065973446,0.021991149,-0.012217305
2901.0,-7.302315,5.9400144,1.6903064,-0.040317107,0.018325957,-0.013439035
2908.0,-7.335834,5.899313,1.697489,-0.018325957,0.018325957,-0.013439035
2918.0,-7.297527,5.8346696,1.6950948,-0.009773844,0.02321288,-0.017104227
2929.0,-7.321469,5.896919,1.7381904,-0.015882496,0.02565634,-0.028099801
2939.0,-7.309498,5.9926867,1.7477672,-0.030543262,0.029321533,-0.039095376
2949.0,-7.338228,5.9878983,1.745373,-0.040317107,0.036651913,-0.05131268
2961.0,-7.28795,5.884948,1.8459295,-0.035430185,0.043982297,-0.057421334
2971.0,-7.350199,5.9184666,1.8483237,-0.019547688,0.047647487,-0.058643065
2979.0,-7.422025,5.9184666,1.8363527,-0.0012217305,0.043982297,-0.057421334
2989.0,-7.374141,5.9064956,1.769315,-0.0036651916,0.039095376,-0.05131268
3003.0,-7.357382,5.9926867,1.7166426,-0.030543262,0.035430185,-0.047647487
