35.0,0.01436521,1.448492,9.876082,-0.25534168,-0.18692477,0.04886922
47.0,0.01436521,1.448492,9.876082,-0.25534168,-0.18692477,0.04886922
67.0,-0.016759412,1.5634137,9.837775,0.16126843,0.13072516,-0.06352998
67.0,0.1340753,1.6519991,9.694122,0.05009095,-0.24923302,-0.23457226
75.0,0.22984336,1.5514427,9.660604,-0.04153884,-0.39706242,-0.3200934
80.0,0.24420857,1.5155296,9.646238,0.09773844,0.38973203,0.032986723
92.0,0.32561144,1.4867992,9.677363,0.09162979,0.23457226,-0.04153884
103.0,0.30166942,1.496376,9.543288,0.09162979,0.23457226,-0.04153884
111.0,0.24899697,1.4053963,9.488221,0.09040806,0.07574729,-0.095294975
122.0,0.06464344,1.5155296,9.459491,0.05375614,0.07574729,-0.08307768
133.0,0.038307227,1.4748282,9.394848,0.04520403,0.0720821,-0.08552113
141.0,-0.02633622,1.4652514,9.382876,0.04153884,0.064751714,-0.07696902
152.0,-0.074220255,1.412579,9.349358,0.05009095,0.064751714,-0.062308256
161.0,-0.23702596,1.508347,9.354146,0.0720821,0.062308256,-0.04642576
171.0,-0.4165911,1.5011644,9.409213,0.09773844,0.056199603,-0.039095376
181.0,-0.47165772,1.5227122,9.337387,0.11484267,0.04520403,-0.037873644
193.0,-0.38307226,1.5969325,9.332599,0.13439035,0.032986723,-0.036651913
201.0,-0.34237084,1.6376339,9.263166,0.1563815,0.015882496,-0.03176499
211.0,-0.23702596,1.6352397,9.263166,0.15027285,0.004886922,-0.015882496
221.0,-0.32800564,1.5155296,9.370906,0.10995574,0.0012217305,0.008552114
231.0,-0.25857377,1.4269443,9.461885,0.05497787,0.007330383,0.02443461
241.0,-0.22744916,1.2569559,9.574412,0.018325957,0.014660766,0.02565634
252.0,-0.18674773,1.1659763,9.643845,0.010995574,0.02076942,0.014660766
261.0,-0.22266077,1.3192052,9.615114,0.039095376,0.021991149,-0.002443461
271.0,-0.1316811,1.42455,9.562442,0.081855945,0.028099801,-0.015882496
282.0,-0.10534488,1.5993267,9.504981,0.10751228,0.040317107,-0.02321288
292.0,-0.12928689,1.685518,9.469068,0.09407325,0.05375614,-0.02443461
302.0,-0.14844051,1.7525556,9.421184,0.035430185,0.061086524,-0.021991149
312.0,-0.17956513,1.6424223,9.452309,-0.05497787,0.0720821,-0.015882496
321.0,-0.21787235,1.472434,9.507375,-0.13683382,0.07941248,-0.014660766
331.0,-0.25617957,1.376666,9.564836,-0.18692477,0.09040806,-0.021991149
341.0,-0.2801216,1.2378023,9.495404,-0.1881465,0.096516706,-0.03176499
351.0,-0.34476504,1.2258313,9.61272,-0.1563815,0.095294975,-0.037873644
362.0,-0.36870706,1.2401965,9.619903,-0.119729586,0.095294975,-0.04153884
373.0,-0.36391866,1.376666,9.636662,-0.103847094,0.09285152,-0.042760566
381.0,-0.32800564,1.4221559,9.572019,-0.118507855,0.087964594,-0.040317107
392.0,-0.31124622,1.5059528,9.435549,-0.1563815,0.08674286,-0.040317107
401.0,-0.30406362,1.5849615,9.406818,-0.22113322,0.080634214,-0.039095376
411.0,-0.31364042,1.412579,9.399636,-0.30909783,0.07086037,-0.03176499
422.0,-0.40222588,1.3024458,9.387665,-0.40561453,0.06352998,-0.015882496
432.0,-0.4237737,1.1827357,9.629479,-0.49113566,0.058643065,-0.002443461
442.0,-0.39743748,1.1013328,9.6845455,-0.54000485,0.057421334,0.002443461
452.0,-0.4381389,1.0773908,9.739613,-0.5546656,0.05375614,0.004886922
462.0,-0.34476504,0.9696517,9.703699,-0.5510005,0.047647487,0.010995574
471.0,-0.2777274,1.0462662,9.65821,-0.54000485,0.042760566,0.019547688
482.0,-0.30406362,1.151611,9.586384,-0.54733527,0.036651913,0.02565634
494.0,-0.24899697,1.1899183,9.433155,-0.61086524,0.019547688,0.02687807
502.0,-0.260968,1.1947067,9.414001,-0.7464773,0.0061086523,0.02076942
511.0,-0.25378537,1.2114661,9.287108,-0.92485,-0.014660766,0.013439035
522.0,-0.20829555,1.2593501,9.284714,-1.1252137,-0.040317107,0.007330383
532.0,-0.21787235,1.3024458,9.349358,-1.3329079,-0.06719518,0.010995574
542.0,-0.25378537,1.5131354,9.55047,-1.5735888,-0.08307768,0.029321533
552.0,-0.23942018,1.6160861,9.677363,-1.921782,-0.09040806,0.06719518
564.0,-0.18435353,1.6424223,9.859323,-2.388483,-0.10629055,0.10751228
574.0,-0.1316811,1.5873557,9.976639,-2.950479,-0.11484267,0.13805555
584.0,-0.08619126,1.2545617,10.134656,-3.6334264,-0.11484267,0.16126843
595.0,-0.02633622,0.89303726,10.110714,-4.4898596,-0.11484267,0.17959438
603.0,-0.0047884034,0.37828386,10.070012,-5.4867916,-0.09896017,0.18325958
615.0,-0.1388637,0.11492168,9.631873,-6.57291,-0.059864793,0.16371189
624.0,-0.24181437,-0.31364042,8.89446,-7.7078977,-0.02076942,0.12583824
636.0,-0.557849,-1.42455,8.255207,-8.77569,-0.009773844,0.07819075
644.0,-0.6464345,-3.2202013,7.797915,-9.624793,-0.018325957,0.02443461
655.0,-0.6775591,-5.5521536,7.630321,-10.196563,-0.010995574,-0.035430185
666.0,-0.6751649,-8.286332,8.056489,-10.499552,0.013439035,0.0
676.0,-0.8619126,-10.936713,8.765172,-10.486113,0.07452556,0.27488935
685.0,-0.94810385,-13.22557,8.92319,-9.927782,0.20769419,0.5705481
696.0,-0.9504981,-14.602236,8.707711,-8.776912,0.35918877,0.6719518
705.0,-0.94570965,-14.537593,8.619126,-7.347487,0.5656612,0.6646214
713.0,-1.1540052,-14.027628,8.082825,-5.8899627,0.7892379,0.58276546
724.0,-1.3790601,-13.716381,7.929596,-4.6230283,0.93828905,0.52412236
735.0,-1.8076223,-13.685257,7.5561004,-3.7055085,1.0384709,0.6096435
744.0,-1.9800048,-13.955802,6.9000893,-3.0750957,1.0873401,0.7623598
755.0,-1.8938135,-14.393941,6.337452,-2.58396,1.0922271,0.88331115
764.0,-1.8914193,-14.975732,5.6239796,-2.1380284,1.1068878,1.0238101
774.0,-1.9129672,-15.45936,4.88896,-1.6811012,1.1398746,1.17897
785.0,-2.0398598,-15.600618,4.132392,-1.2009611,1.1472049,1.2840388
797.0,-2.1308396,-15.614984,3.442862,-0.7257079,1.1496484,1.391551
803.0,-2.1332338,-15.581465,3.0119057,-0.27855456,1.1191051,1.5393804
815.0,-2.2050598,-15.492879,2.7006595,0.12339478,1.097114,1.7067575
825.0,-2.1739352,-15.198392,2.4349031,0.5412266,1.0616838,1.8668042
836.0,-2.0901382,-14.753071,1.9991584,0.98715824,1.0299188,2.0097466
844.0,-2.1092918,-14.305355,1.4820108,1.4660766,1.0103711,2.13925
854.0,-2.2002714,-13.680469,0.93373865,2.0024164,0.97494096,2.2272146
865.0,-2.267309,-13.247118,0.5602432,2.6096163,0.9224065,2.2785273
874.0,-2.348712,-12.8209505,0.28491,3.291342,0.88086766,2.32984
883.0,-2.3582888,-12.083536,0.17717093,3.965737,0.8405506,2.3726006
895.0,-2.3008277,-11.286267,0.02873042,4.528955,0.79901177,2.3958135
904.0,-2.1978772,-10.546458,-0.062249243,4.927239,0.73914695,2.3921483
915.0,-2.1571758,-9.768343,-0.20111294,5.1728067,0.6609562,2.35794
924.0,-2.195483,-9.41879,0.15562311,5.3548446,0.5644395,2.3054054
933.0,-2.315193,-9.066842,0.7565677,5.5417695,0.46670106,2.2369885
944.0,-2.4851813,-8.372523,0.9935937,5.773898,0.39950588,2.171015
955.0,-2.4756045,-7.5944076,1.2378023,6.09277,0.3555236,2.1319196
963.0,-2.396596,-6.849811,1.6304513,6.423859,0.29932398,2.1148155
974.0,-2.372654,-6.2129536,1.9369092,6.6388836,0.25778514,2.112372
983.0,-2.4492683,-5.7125654,1.9967642,6.7060785,0.22724187,2.1331415
996.0,-2.4708161,-5.094861,1.9009962,6.669427,0.1600467,2.0952678
1003.0,-2.542642,-4.4675803,1.6711528,6.669427,0.1600467,2.0952678
1014.0,-2.5905263,-3.8235402,1.5849615,6.6474357,0.12705997,2.0659463
1025.0,-2.6408045,-3.2968156,1.8363527,6.4531803,0.008552114,2.067168
1035.0,-2.1691468,-2.066196,2.6120741,6.315125,-0.056199603,2.0378466
1045.0,-2.0901382,-1.5825673,2.8419175,6.188065,-0.10995574,2.025629
1067.0,-2.0518308,-0.94092125,2.9616275,6.101322,-0.15760323,2.0134118
1067.0,-2.2146366,0.02633622,2.80361,6.073222,-0.19914207,1.971873
1072.0,-2.360683,0.9744401,2.8682537,6.079331,-0.22602014,1.9486601
1088.0,-2.3750482,1.5897499,2.918532,6.0548964,-0.27855456,1.9889772
1095.0,-2.27928,2.1452048,2.9113493,5.9620447,-0.33353242,2.043955
1102.0,-2.2218192,2.5091233,3.016694,5.856976,-0.37018433,2.058616
1114.0,-2.2337902,2.9400797,2.681506,5.7983327,-0.37995818,2.025629
1123.0,-2.3415294,3.3039982,2.5450363,5.8191023,-0.38728857,1.9804251
1133.0,-2.3678656,3.9456444,2.4708161,5.8911843,-0.3921755,1.9413297
1143.0,-2.396596,4.642357,2.2720973,5.9681535,-0.37140608,1.9034561
1154.0,-2.3247697,5.602432,2.255338,6.0145793,-0.36896262,1.8777997
1162.0,-2.0805612,6.6103907,2.0973208,5.970597,-0.37018433,1.8777997
1173.0,-1.922544,7.410054,1.9991584,5.8154373,-0.3640757,1.9095647
1183.0,-1.6998832,7.9032598,1.9608512,5.5503216,-0.36163223,1.9242256
1201.0,-1.8028339,7.9104424,2.0805612,5.1923547,-0.30665436,1.9120082
1203.0,-1.9153614,7.66384,2.2936451,4.8123965,-0.2406809,1.8973475
1215.0,-2.0446482,7.8410106,2.0494366,4.53262,-0.20158553,1.8338175
1224.0,-1.9536686,8.497022,1.8411411,4.3395867,-0.16126843,1.754405
1233.0,-1.7549498,9.32781,1.5562311,4.1367793,-0.12217305,1.7067575
1244.0,-1.5849615,9.959879,1.3623008,3.8582249,-0.087964594,1.6811012
1254.0,-1.6112977,10.3214035,1.0151415,3.4953709,-0.05375614,1.6346754
1264.0,-1.8124107,10.532093,0.6607997,3.0750957,-0.02321288,1.5540411
1275.0,-1.8962077,11.109096,0.44532153,2.6279423,-0.017104227,1.4807373
1283.0,-1.8722657,11.453861,0.18195933,2.1245892,-0.056199603,1.4269812
1295.0,-1.8004397,11.784261,0.023942016,1.5515977,-0.10751228,1.3610078
1303.0,-1.6950948,11.954249,0.0023942017,0.9236283,-0.15393804,1.2583824
1316.0,-1.6376339,11.745954,0.19153613,0.26511553,-0.19303341,1.1618657
1325.0,-1.673547,11.60709,0.260968,-0.38728857,-0.23579398,1.0555751
1334.0,-1.7310078,11.420342,0.4165911,-0.92485,-0.27488935,0.88331115
1343.0,-1.7980455,11.121067,0.7517793,-1.2583824,-0.31642818,0.70249504
1353.0,-1.7980455,10.951078,1.0366893,-1.3878858,-0.3567453,0.5534439
1363.0,-1.685518,10.536881,1.3096284,-1.3133603,-0.38973203,0.41538838
1373.0,-1.6400281,10.3453455,1.5634137,-1.0836749,-0.4092797,0.28710666
1383.0,-1.6998832,10.206482,1.6927006,-0.7733554,-0.39095375,0.19181168
1395.0,-1.8674773,10.04607,1.8363527,-0.4202753,-0.37507126,0.12705997
1403.0,-1.7788919,9.787497,1.9129672,-0.089186326,-0.3371976,0.07452556
1414.0,-1.8626889,9.660604,1.7836803,0.17348573,-0.29077184,0.036651913
1424.0,-1.8890251,9.390059,1.8842367,0.36285394,-0.26145032,-0.0061086523
1434.0,-1.958457,9.129091,2.1068976,0.49235737,-0.20647246,-0.037873644
1444.0,-1.8770541,8.762778,2.3223755,0.57910025,-0.15393804,-0.056199603
1456.0,-1.9273324,8.995016,2.3942018,0.6585127,-0.111177474,-0.09285152
1466.0,-1.9871874,9.339781,2.315193,0.7110472,-0.08674286,-0.12217305
1476.0,-1.946486,9.543288,2.1452048,0.63529986,-0.07574729,-0.10262536
1486.0,-1.9967642,9.586384,1.8267759,0.39950588,-0.062308256,-0.10262536
1496.0,-1.9871874,9.351752,1.8459295,0.103847094,-0.05131268,-0.14049901
1505.0,-2.0638018,9.150639,2.0278888,-0.17715092,-0.02687807,-0.15149458
1516.0,-2.0278888,9.009381,2.0733786,-0.36651915,-0.007330383,-0.14049901
1524.0,-1.9608512,8.892065,2.135628,-0.45204028,0.008552114,-0.11728613
1534.0,-1.9800048,8.707711,2.2649148,-0.46792278,0.032986723,-0.09285152
1545.0,-2.0039468,8.63828,2.360683,-0.40317106,0.064751714,-0.09773844
1556.0,-1.9680338,8.662222,2.372654,-0.25778514,0.095294975,-0.112399206
1566.0,-2.018312,8.793902,2.4109612,-0.08552113,0.119729586,-0.10262536
1576.0,-2.0566192,9.009381,2.3247697,0.05497787,0.13072516,-0.09162979
1585.0,-2.0087352,9.064447,2.2026656,0.13316862,0.14049901,-0.089186326
1597.0,-2.0805612,9.26556,2.1068976,0.15027285,0.14049901,-0.0842994
1605.0,-2.0518308,9.289502,2.0278888,0.13683382,0.14049901,-0.08307768
1615.0,-2.123657,9.232041,2.1140802,0.10629055,0.15271631,-0.07941248
1624.0,-2.1571758,9.222465,2.1883004,0.073303826,0.14538592,-0.08552113
1636.0,-2.2146366,9.332599,2.1380222,0.056199603,0.14660765,-0.11484267
1644.0,-2.2649148,9.246407,2.1978772,0.059864793,0.13805555,-0.13072516
1655.0,-2.183512,9.105149,2.2888567,0.05009095,0.13194689,-0.11362094
1664.0,-2.1164744,9.131485,2.327164,0.009773844,0.11728613,-0.09285152
1676.0,-2.0494366,9.217676,2.3870192,-0.021991149,0.10995574,-0.10262536
1686.0,-2.1308396,9.198523,2.4109612,-0.02321288,0.09896017,-0.103847094
1697.0,-2.1021092,9.160215,2.4588451,-0.013439035,0.095294975,-0.09040806
1706.0,-2.1667526,9.129091,2.5258827,0.004886922,0.1001819,-0.095294975
1716.0,-2.2050598,9.332599,2.5234885,0.034208454,0.09162979,-0.10995574
1725.0,-2.2601264,9.452309,2.4492683,0.05131268,0.09040806,-0.103847094
1735.0,-2.27928,9.306262,2.360683,0.04153884,0.096516706,-0.089186326
1744.0,-2.2505496,9.210494,2.3678656,0.013439035,0.09896017,-0.07452556
1756.0,-2.2577322,9.141062,2.3750482,-0.0012217305,0.09896017,-0.064751714
1764.0,-2.2888567,9.222465,2.4157495,0.004886922,0.09040806,-0.05131268
1775.0,-2.2170308,9.315839,2.44448,0.018325957,0.08307768,-0.035430185
1786.0,-2.1739352,9.387665,2.420538,0.02687807,0.07819075,-0.02443461
1797.0,-2.2170308,9.284714,2.4636335,0.014660766,0.0720821,-0.0061086523
1806.0,-2.207454,9.397242,2.408567,-0.007330383,0.07452556,0.0061086523
1817.0,-2.171541,9.358934,2.336741,-0.02687807,0.065973446,0.012217305
1826.0,-2.0973208,9.267955,2.3678656,-0.052534413,0.06352998,0.029321533
1836.0,-2.1739352,9.198523,2.336741,-0.07696902,0.061086524,0.035430185
1845.0,-2.2457612,9.205706,2.2960393,-0.0842994,0.05375614,0.02443461
1856.0,-2.2050598,9.296685,2.4229321,-0.0720821,0.04520403,0.019547688
1864.0,-2.147599,9.215282,2.4013844,-0.04886922,0.037873644,0.021991149
1875.0,-2.2002714,9.320627,2.2385786,-0.018325957,0.03176499,0.017104227
1886.0,-2.2050598,9.43076,2.1859062,0.009773844,0.018325957,0.013439035
1897.0,-2.1547816,9.363723,2.0901382,0.002443461,0.015882496,0.029321533
1905.0,-2.1212628,9.260772,2.147599,0.002443461,0.015882496,0.029321533
1917.0,-2.0733786,9.136273,2.219425,-0.04642576,0.02076942,0.004886922
1927.0,-2.1499932,9.210494,2.3391352,-0.056199603,0.012217305,-0.002443461
1938.0,-2.1667526,9.208099,2.384625,-0.058643065,0.009773844,-0.009773844
1946.0,-2.15957,9.227253,2.3535004,-0.05497787,0.002443461,-0.0061086523
1955.0,-2.1332338,9.222465,2.315193,-0.039095376,-0.0036651916,-0.002443461
1965.0,-2.1260512,9.129091,2.3127987,-0.008552114,-0.007330383,0.0012217305
1974.0,-2.0829554,9.174581,2.2888567,0.015882496,-0.009773844,0.002443461
1985.0,-2.1092918,9.220071,2.2146366,0.021991149,-0.004886922,-0.0036651916
1998.0,-2.1284454,9.23683,2.2266076,-0.002443461,0.0012217305,-0.008552114
2003.0,-2.1428106,9.224859,2.3343468,-0.035430185,0.0012217305,-0.009773844
2018.0,-2.066196,9.131485,2.456451,-0.06719518,0.0036651916,-0.004886922
2024.0,-2.0973208,9.081207,2.456451,-0.09040806,0.002443461,0.0061086523
2037.0,-2.1811178,9.141062,2.4899697,-0.09407325,0.0061086523,0.0061086523
2046.0,-2.0733786,9.200917,2.5019407,-0.081855945,0.008552114,0.0061086523
2076.0,-2.0374656,9.258378,2.492364,-0.07086037,0.002443461,0.014660766
2076.0,-2.0949266,9.239224,2.4301147,-0.07086037,0.0036651916,0.010995574
2076.0,-2.1164744,9.346964,2.4229321,-0.08307768,0.0061086523,-0.002443461
2084.0,-2.1691468,9.390059,2.396596,-0.10262536,0.007330383,-0.008552114
2098.0,-2.135628,9.349358,2.3535004,-0.12217305,0.008552114,-0.012217305
2104.0,-2.1811178,9.296685,2.3822308,-0.13072516,0.013439035,-0.009773844
2116.0,-2.1404164,9.205706,2.4396915,-0.13072516,0.015882496,0.002443461
2125.0,-2.1883004,9.200917,2.492364,-0.118507855,0.02565634,0.010995574
2134.0,-2.1284454,9.129091,2.633622,-0.081855945,0.02565634,0.010995574
2144.0,-2.1260512,9.246407,2.5833437,-0.036651913,0.028099801,0.015882496
2154.0,-2.1021092,9.246407,2.6527755,0.007330383,0.029321533,0.018325957
2164.0,-2.1499932,9.215282,2.5881321,0.042760566,0.030543262,0.013439035
2176.0,-2.1140802,9.351752,2.516306,0.062308256,0.032986723,0.009773844
2185.0,-2.2170308,9.349358,2.4588451,0.065973446,0.03176499,0.0061086523
2198.0,-2.1667526,9.289502,2.3630772,0.05009095,0.032986723,0.0061086523
2205.0,-2.1188686,9.23683,2.3750482,0.019547688,0.036651913,0.002443461
2217.0,-2.1428106,9.270349,2.4109612,-0.012217305,0.04153884,0.0
2225.0,-2.147599,9.181764,2.4037786,-0.032986723,0.04153884,0.0012217305
2237.0,-2.087744,9.14585,2.4708161,-0.036651913,0.040317107,0.0061086523
2245.0,-2.0733786,9.138668,2.5234885,-0.02443461,0.04153884,0.013439035
2257.0,-2.0374656,9.14585,2.5019407,0.008552114,0.042760566,0.012217305
2267.0,-2.0709844,9.13388,2.5354595,0.04886922,0.043982297,0.010995574
2276.0,-2.0805612,9.093178,2.4851813,0.07941248,0.043982297,0.014660766
2286.0,-2.1452048,9.3733,2.4013844,0.08674286,0.042760566,0.009773844
2299.0,-2.0973208,9.3661175,2.336741,0.047647487,0.036651913,0.010995574
2304.0,-2.1308396,9.31105,2.3630772,-0.034208454,0.030543262,0.012217305
2316.0,-2.1763294,9.267955,2.3798366,-0.12095132,0.02565634,0.0
2325.0,-2.1260512,9.239224,2.3822308,-0.18081611,0.021991149,-0.013439035
2336.0,-2.111686,9.150639,2.5067291,-0.2003638,0.02076942,-0.017104227
2345.0,-2.0733786,9.126697,2.4947581,-0.18325958,0.013439035,-0.010995574
2358.0,-2.1308396,9.121908,2.5809495,-0.14538592,0.014660766,-0.008552114
2367.0,-2.0614076,9.109938,2.554613,-0.08552113,0.015882496,-0.010995574
2377.0,-2.1428106,9.184157,2.6024973,-0.013439035,0.013439035,-0.004886922
2385.0,-2.066196,9.224859,2.516306,0.047647487,0.019547688,0.0036651916
2397.0,-2.066196,9.126697,2.480393,0.08552113,0.02076942,0.010995574
2405.0,-2.1428106,9.267955,2.4277205,0.08307768,0.02443461,0.017104227
2417.0,-2.1547816,9.267955,2.432509,0.037873644,0.02443461,0.017104227
2425.0,-2.0326772,9.193734,2.5115175,-0.02565634,0.02443461,0.009773844
2436.0,-2.1021092,9.196129,2.542642,-0.07696902,0.02076942,0.0012217305
2447.0,-2.195483,9.107543,2.504335,-0.095294975,0.018325957,-0.007330383
2457.0,-2.147599,9.196129,2.5450363,-0.07941248,0.017104227,-0.017104227
2464.0,-2.1404164,9.220071,2.542642,-0.039095376,0.015882496,-0.018325957
2476.0,-2.1188686,9.153033,2.516306,0.0036651916,0.019547688,-0.010995574
2485.0,-2.1859062,9.109938,2.5091233,0.03176499,0.02565634,-0.0061086523
2497.0,-2.0829554,9.124303,2.5474305,0.05009095,0.02321288,-0.012217305
2506.0,-2.1021092,9.208099,2.5330653,0.05375614,0.030543262,-0.019547688
2515.0,-2.0709844,9.267955,2.5809495,0.040317107,0.040317107,-0.02443461
2527.0,-2.1380222,9.258378,2.4875755,0.019547688,0.039095376,-0.032986723
2538.0,-2.1787236,9.287108,2.4756045,-0.012217305,0.042760566,-0.035430185
2546.0,-2.1883004,9.215282,2.468422,-0.039095376,0.04886922,-0.036651913
2557.0,-2.1571758,9.188946,2.4875755,-0.05497787,0.05497787,-0.030543262
2564.0,-2.1978772,9.129091,2.4636335,-0.05131268,0.05497787,-0.02565634
2576.0,-2.1643584,9.102755,2.492364,-0.034208454,0.058643065,-0.02076942
2585.0,-2.0733786,9.188946,2.5019407,-0.010995574,0.061086524,-0.015882496
2598.0,-2.1547816,9.184157,2.4396915,0.008552114,0.064751714,-0.015882496
2605.0,-2.1667526,9.212888,2.4229321,0.028099801,0.06963864,-0.021991149
2617.0,-2.1499932,9.160215,2.372654,0.040317107,0.06963864,-0.02076942
2626.0,-2.147599,9.193734,2.360683,0.035430185,0.06841691,-0.015882496
2637.0,-2.1787236,9.095572,2.3104045,0.013439035,0.065973446,-0.014660766
2647.0,-2.1619642,9.148245,2.3199813,-0.012217305,0.06352998,-0.010995574
2657.0,-2.1763294,9.107543,2.3989902,-0.03176499,0.057421334,-0.0061086523
2665.0,-2.1667526,9.0429,2.4109612,-0.03176499,0.04886922,-0.002443461
2676.0,-2.0829554,9.038112,2.3918076,-0.014660766,0.04642576,-0.002443461
2685.0,-2.15957,9.124303,2.3702598,0.007330383,0.042760566,-0.002443461
2697.0,-2.1164744,9.244013,2.2960393,0.02076942,0.040317107,-0.002443461
2705.0,-2.1212628,9.224859,2.3415294,0.013439035,0.034208454,0.0
2718.0,-2.1164744,9.143456,2.3295584,-0.0061086523,0.029321533,0.0
2726.0,-2.1643584,9.279925,2.348712,-0.028099801,0.02565634,0.0012217305
2737.0,-2.123657,9.200917,2.4013844,-0.042760566,0.02321288,0.0036651916
2747.0,-2.1212628,9.244013,2.4396915,-0.04886922,0.02321288,0.0036651916
2756.0,-2.2026656,9.157822,2.456451,-0.04886922,0.021991149,0.0061086523
2766.0,-2.066196,9.217676,2.4899697,-0.047647487,0.02443461,0.007330383
2777.0,-2.135628,9.176975,2.4971523,-0.043982297,0.02321288,0.0
2784.0,-2.1571758,9.217676,2.4732103,-0.037873644,0.02443461,-0.009773844
2797.0,-2.2242134,9.251195,2.5139117,-0.032986723,0.012217305,-0.015882496
2804.0,-2.15957,9.25359,2.4756045,-0.032986723,0.012217305,-0.015882496
2815.0,-2.15957,9.188946,2.5617957,-0.032986723,0.009773844,-0.02076942
2825.0,-2.147599,9.129091,2.5139117,-0.032986723,0.012217305,-0.02321288
2838.0,-2.1691468,9.100361,2.4827871,-0.03176499,0.012217305,-0.02443461
2846.0,-2.0446482,9.018958,2.4971523,-0.035430185,0.015882496,-0.02443461
2858.0,-2.1092918,8.992621,2.516306,-0.04153884,0.013439035,-0.030543262
2866.0,-2.1308396,8.987833,2.5234885,-0.047647487,0.007330383,-0.036651913
2878.0,-2.1523874,8.985439,2.5929205,-0.05497787,0.014660766,-0.037873644
2886.0,-2.2242134,9.059659,2.5498247,-0.058643065,0.009773844,-0.03176499
2900.0,-2.195483,9.069236,2.5354595,-0.05497787,0.002443461,-0.02076942
2904.0,-2.1571758,9.045294,2.4947581,-0.05009095,0.002443461,-0.0061086523
2915.0,-2.1188686,9.050082,2.5737667,-0.04886922,0.014660766,0.007330383
2926.0,-2.1930888,9.050082,2.528277,-0.052534413,0.018325957,0.017104227
2936.0,-2.255338,9.081207,2.585738,-0.056199603,0.007330383,0.014660766
2946.0,-2.2816741,9.323022,2.528277,-0.064751714,-0.0036651916,0.007330383
2957.0,-2.3319526,9.294291,2.5953147,-0.089186326,0.0,0.008552114
2967.0,-2.2697031,9.25359,2.6264393,-0.10629055,-0.0036651916,0.012217305
2977.0,-2.2768857,9.19134,2.7222073,-0.105068825,0.0012217305,0.017104227
2986.0,-2.2864625,9.076419,2.7365725,-0.07819075,0.008552114,0.03176499
2995.0,-2.3439236,8.932767,2.825158,-0.036651913,0.015882496,0.04520403
3004.0,-2.3918076,9.035717,2.8658595,0.009773844,0.028099801,0.05131268
3016.0,-2.3175871,9.196129,2.801216,0.034208454,0.028099801,0.061086524
3025.0,-2.315193,9.291897,2.861071,0.034208454,0.035430185,0.05375614
