27.0,5.1475334,-0.36631286,8.24563,-0.087964594,0.015882496,-0.03176499
41.0,5.5497594,0.2825158,8.379706,0.16493362,0.10873401,-0.073303826
42.0,5.4539914,0.6560113,8.573636,-0.02565634,-0.25167647,-0.25167647
60.0,5.2648497,0.61530983,8.580819,-0.087964594,-0.3848451,-0.23457226
62.0,5.140351,0.23223756,8.523358,0.012217305,0.42394048,0.2003638
71.0,5.0182467,-0.1340753,8.432379,-0.004886922,0.45570546,0.28710666
82.0,5.0541596,-0.32800564,8.449138,-0.007330383,0.27855456,0.28588495
91.0,5.0876784,-0.23702596,8.4108305,-0.0061086523,0.1160644,0.2321288
103.0,5.12838,0.062249243,8.588001,-0.021991149,0.12095132,0.22602014
112.0,5.2744265,0.35194764,8.724471,-0.059864793,0.13683382,0.22602014
122.0,5.3821654,0.48362875,8.808268,-0.10262536,0.15515977,0.2406809
133.0,5.48751,0.35673606,8.908825,-0.118507855,0.172264,0.26145032
143.0,5.449203,0.29688102,9.011775,-0.09040806,0.1881465,0.28099802
152.0,5.4539914,0.062249243,9.205706,-0.032986723,0.21013765,0.30543262
163.0,5.5018754,-0.12689269,9.380483,0.02443461,0.24190263,0.3359759
172.0,5.533,-0.1388637,9.287108,0.059864793,0.26267207,0.3652974
182.0,5.499481,-0.29448682,9.215282,0.062308256,0.28588495,0.39950588
191.0,5.7269306,-0.47884035,9.3182335,0.035430185,0.31398472,0.40194935
204.0,6.603208,-0.34237084,9.081207,-0.12217305,0.37140608,0.19914207
212.0,6.5720835,0.14844051,9.035717,-0.2883284,0.48747048,0.09285152
222.0,5.616797,0.047884032,9.078813,-0.28710666,0.5021312,0.29932398
232.0,5.17387,-0.33039984,8.693346,-0.21380283,0.43371433,0.516792
242.0,5.3845596,-0.60094464,8.00621,-0.14538592,0.40317106,0.52290064
252.0,5.2504845,-0.2633622,7.81228,-0.10751228,0.41172317,0.3811799
266.0,5.080496,0.31603462,7.529764,-0.12095132,0.41172317,0.2687807
272.0,4.570531,0.6823475,7.4483614,-0.17715092,0.39584067,0.25900686
282.0,4.1419687,0.7685388,7.3525934,-0.26511553,0.37507126,0.23945917
292.0,4.003105,0.8690952,7.1059904,-0.47769663,0.31398472,-0.030543262
303.0,3.70383,1.1755531,6.6774287,-0.47769663,0.31398472,-0.030543262
312.0,3.5936968,1.2545617,6.6056023,-0.5864306,0.2968805,-0.19547687
323.0,3.6104562,1.1492168,6.6965823,-0.91751957,0.2761111,-0.4447099
332.0,3.5338416,1.0965444,6.754043,-1.0836749,0.29443705,-0.56199604
342.0,3.8498764,0.90979666,6.88333,-1.1410962,0.3213151,-0.69027776
352.0,4.1539397,0.2896984,7.1466923,-1.078788,0.38728857,-0.84299403
362.0,4.201824,0.08379706,7.4986396,-0.956615,0.4972443,-0.9761627
372.0,4.3143516,-0.0047884034,7.7308774,-0.89552844,0.6010914,-1.0580186
383.0,4.5633483,-0.5243302,8.497022,-1.0665708,0.7452556,-1.1007792
392.0,4.733337,-1.2401965,9.229648,-1.6126842,0.9211848,-1.1264355
403.0,4.4364557,-1.7286136,10.160992,-2.4153612,1.1496484,-1.1691961
412.0,3.9863458,-1.8579005,11.312603,-3.0848694,1.3536774,-1.2144
422.0,3.7732618,-2.3319526,11.820174,-3.400076,1.500285,-1.2082914
433.0,3.3303347,-3.53863,11.535264,-3.4929276,1.6163495,-1.1203269
444.0,2.0398598,-4.4939165,11.513716,-3.6224308,1.7434094,-0.97005403
452.0,0.5243302,-4.39336,11.425131,-3.7568212,1.8203784,-0.84421575
462.0,-0.60812724,-3.70383,11.489774,-3.7678168,1.8509218,-0.78801614
472.0,-1.0702082,-3.3087866,11.892,-3.7091737,1.8497,-0.71959925
482.0,-0.81642276,-3.1914709,12.576741,-3.7348301,1.7996091,-0.50823987
493.0,-0.49320555,-3.4021606,12.545617,-3.780034,1.7837266,-0.16493362
504.0,-0.4381389,-4.024653,12.579136,-3.6774087,1.7983873,0.06352998
513.0,-0.34715924,-4.6136265,12.615048,-3.2571335,1.7531832,0.17470746
522.0,-0.035913024,-5.377377,12.576741,-2.4996605,1.6920967,0.27366763
533.0,0.4213795,-5.8346696,12.287044,-1.5577064,1.6212363,0.408058
543.0,0.6895301,-5.9663506,11.731588,-0.6780604,1.5308284,0.5558874
553.0,0.9504981,-5.2049947,11.075577,0.004886922,1.4404203,0.6719518
564.0,1.2066777,-4.501099,10.431537,0.44226643,1.3646729,0.7244862
573.0,1.4676456,-4.223372,9.811439,0.6560693,1.3023647,0.71959925
583.0,1.8674773,-4.3837833,9.234436,0.7415904,1.2571607,0.6976081
592.0,2.2361844,-4.697424,8.882488,0.8185594,1.210735,0.70616025
604.0,2.4492683,-5.0421886,8.523358,0.9456194,1.1496484,0.7501425
613.0,2.693477,-5.1571107,8.310274,1.1068878,1.0714576,0.7831292
625.0,2.8658595,-5.221754,8.173804,1.2400564,0.99082345,0.7733554
633.0,2.89459,-4.8458643,7.8027034,1.314582,0.86620694,0.73548174
643.0,3.071761,-4.3406878,7.28795,1.3353515,0.7244862,0.6988298
653.0,3.2225955,-4.0892963,6.8450227,1.3267993,0.6010914,0.66950834
663.0,3.3063924,-3.916914,6.7588315,1.3096951,0.49602258,0.63285637
673.0,3.4141316,-3.8762126,6.555324,1.3267993,0.37995818,0.6072
685.0,3.2489316,-3.289633,6.315904,1.4001031,0.23823744,0.59620446
693.0,3.0693667,-2.5617957,6.021417,1.5100589,0.064751714,0.57910025
705.0,3.0454245,-1.7238252,5.5976434,1.6016886,-0.11362094,0.5448918
713.0,3.0262709,-1.1851299,5.068525,1.6334536,-0.25411993,0.49846604
723.0,3.0238767,-1.42455,5.2959743,1.6016886,-0.33841935,0.4642576
733.0,2.8107927,-2.3008277,6.0621185,1.5968018,-0.39461896,0.47158796
744.0,2.4636335,-3.3279405,6.8091097,1.813048,-0.51068336,0.49235737
753.0,2.3199813,-3.5817258,7.3430166,2.26631,-0.6780604,0.47891834
763.0,2.2266076,-3.301604,7.747637,2.6743681,-0.81245077,0.48258355
772.0,2.1619642,-2.3654714,8.137892,2.783102,-0.9077458,0.53023106
783.0,2.1308396,-1.1923125,8.274361,2.5937338,-1.0030408,0.5864306
793.0,2.1523874,-0.34237084,8.298303,2.2052236,-1.0482447,0.62796944
805.0,2.0159178,-0.06703765,8.441956,1.7617353,-1.0567969,0.65118235
813.0,1.7836803,-0.4237737,8.628703,1.4074335,-1.0897835,0.65484756
824.0,1.5107412,-1.1994951,8.774749,1.2253957,-1.1410962,0.64873886
833.0,1.4867992,-1.6783354,9.258378,1.1863003,-1.2095132,0.6377433
843.0,1.6567876,-1.8674773,9.7084875,1.2425,-1.2730432,0.61453044
853.0,2.123657,-1.7764976,9.935937,1.351234,-1.3048081,0.57910025
864.0,2.5378537,-1.5658079,10.09156,1.459968,-1.3109168,0.56321776
873.0,2.8754363,-1.3862427,9.967062,1.5332718,-1.2901474,0.5900958
884.0,2.9999347,-1.2401965,9.351752,1.5625933,-1.2718215,0.6597345
893.0,3.074155,-1.4460979,8.9040365,1.5833627,-1.2596041,0.74036866
905.0,2.9879637,-1.910573,8.451532,1.6566665,-1.2425,0.79779
913.0,3.2585084,-2.111686,8.525752,1.7971655,-1.2082914,0.7867944
925.0,3.2944214,-1.7980455,8.78672,2.0109684,-1.1630874,0.7318166
933.0,3.3806129,-0.91697925,9.205706,2.1978931,-1.1313224,0.6963864
943.0,3.3686419,0.1436521,9.557653,2.2333233,-1.0836749,0.7098254
953.0,3.311181,0.9959879,9.672575,2.0696115,-1.0164797,0.75136423
963.0,3.1603463,1.3503298,9.665392,1.7385225,-0.9297369,0.784351
973.0,2.908955,1.4700398,9.617508,1.3500122,-0.8564331,0.7672467
984.0,2.767697,1.2234371,9.251195,1.0225884,-0.8136725,0.70371675
993.0,2.6240451,0.8762778,9.208099,0.81489426,-0.7806858,0.6267477
1005.0,2.5306711,0.7733272,9.150639,0.7281514,-0.7489208,0.5571091
1014.0,2.705448,1.0773908,9.167398,0.7611381,-0.72692966,0.46792278
1024.0,2.8993783,1.496376,9.14585,0.8503244,-0.6939429,0.36163223
1033.0,3.1411927,1.8842367,9.449914,0.86376345,-0.6206391,0.2883284
1048.0,3.2968156,2.2146366,9.830592,0.7318166,-0.52412236,0.2687807
1071.0,3.4835634,2.360683,10.395624,0.5290093,-0.40439278,0.2602286
1072.0,3.466804,2.3056161,10.948685,0.36285394,-0.25778514,0.20647246
1074.0,3.6032736,2.432509,11.432313,0.27000242,-0.1160644,0.105068825
1084.0,3.5338416,2.5474305,11.717223,0.22968534,0.030543262,-0.0061086523
1094.0,3.4237084,2.5833437,11.453861,0.1881465,0.16737708,-0.09407325
1107.0,3.1004913,2.6647465,11.7387705,0.07452556,0.33108896,-0.17837265
1115.0,2.942474,2.7461493,12.169727,-0.15393804,0.49846604,-0.26633725
1123.0,2.7724855,2.9113493,12.988544,-0.4642576,0.6817256,-0.35430184
1134.0,2.896984,3.074155,13.608643,-0.7623598,0.89675015,-0.44348818
1144.0,3.0190883,3.3159695,14.228741,-1.0641272,1.1655309,-0.50701815
1154.0,3.028665,2.9041667,14.894329,-1.459968,1.4746287,-0.5131268
1166.0,2.7964275,2.2744915,15.440207,-1.9608774,1.8093829,-0.45937067
1174.0,2.3798366,1.6400281,15.468937,-2.483778,2.117259,-0.35430184
1185.0,2.1978772,1.0151415,15.88074,-2.8722885,2.4666739,-0.27122417
1196.0,2.1164744,-0.059855044,16.546328,-3.0836477,3.1386256,-0.11484267
1206.0,1.9201498,-1.1803415,16.311697,-3.1031954,3.5051448,0.06841691
1214.0,1.1731589,-2.966416,16.941372,-3.1899383,3.8802161,0.29077184
1226.0,0.035913024,-3.4691982,16.883911,-3.2705724,4.0952406,0.52290064
1237.0,-0.51714754,-3.3782187,15.773001,-3.2449162,4.2369614,0.7733554
1247.0,-0.79966336,-3.3303347,14.961367,-3.1117475,4.420221,1.0213667
1258.0,-1.2593501,-3.3039982,14.159308,-2.9492574,4.565607,1.2705997
1267.0,-1.8315643,-3.2704794,13.189657,-2.7159069,4.6535716,1.5540411
1278.0,-2.3415294,-3.2632968,13.251906,-2.3677137,4.709771,1.8521434
1288.0,-2.9281087,-3.2273839,13.230358,-1.9193386,4.7024407,2.1282544
1296.0,-3.1435869,-3.25372,13.043611,-1.4563028,4.6425757,2.3787093
1308.0,-2.8107927,-3.2609026,12.071565,-1.0531317,4.546059,2.6145031
1316.0,-2.5474305,-3.074155,11.018116,-0.6658431,4.454429,2.8405235
1326.0,-2.7820623,-2.480393,10.280702,-0.22235495,4.359134,3.0396655
1336.0,-3.2130187,-1.7022774,9.562442,0.29565877,4.2137485,3.196047
1348.0,-3.4213142,-1.1180922,8.573636,0.81000733,4.0500364,3.291342
1357.0,-3.4572272,-1.0749966,8.343793,1.1850786,3.8960986,3.3512068
1368.0,-3.6343982,-1.3551182,8.015787,1.3939945,3.7910297,3.38175
1378.0,-3.8402996,-1.2306197,7.656657,1.536937,3.6908479,3.3560936
1388.0,-4.1802764,-0.61770403,7.33344,1.6676621,3.5332446,3.321885
1395.0,-4.4795513,-0.021547815,7.3645644,1.7996091,3.3524284,3.3169982
1409.0,-4.8338933,0.61291564,6.6846113,1.9523253,3.1655037,3.3206635
1417.0,-4.9943047,0.9576807,6.10282,2.1685717,2.9981265,3.264464
1427.0,-5.058948,0.93134445,5.839458,2.339614,2.8686233,3.1386256
1436.0,-5.130774,0.8475474,5.425261,2.420248,2.7354546,2.983466
1447.0,-4.9655743,0.7445967,4.6782703,2.4862216,2.6083946,2.8393016
1457.0,-4.7644615,0.79008657,4.489128,2.5277603,2.5326474,2.7207937
1468.0,-4.984728,1.1659763,4.378995,2.4996605,2.4569001,2.629164
1475.0,-5.3582234,1.5059528,3.8594532,2.4239132,2.3432791,2.5448647
1486.0,-5.5976434,1.757344,3.6272156,2.2797492,2.207667,2.430022
1496.0,-5.729325,1.9440918,3.5194764,2.0500638,2.0598376,2.2785273
1508.0,-5.4539914,1.982399,3.2728736,1.772731,1.9107865,2.1245892
1516.0,-4.9895163,1.9919758,3.4093432,1.5112807,1.7788396,2.0060816
1528.0,-4.819528,2.042254,3.6631286,1.3231341,1.6627752,1.9364429
1537.0,-4.6902413,2.1428106,3.3159695,1.2583824,1.5381587,1.8826867
1547.0,-4.4915223,2.1212628,3.1124623,1.2767084,1.4379768,1.8069394
1556.0,-4.4125137,2.1308396,3.193865,1.2730432,1.3658947,1.717753
1567.0,-4.405331,2.3008277,3.0238767,1.2486086,1.3170254,1.6224581
1577.0,-4.5298295,2.4899697,2.7868507,1.2522738,1.2632693,1.5454891
1588.0,-4.687847,2.4468741,2.657564,1.2437216,1.1691961,1.4856243
1597.0,-4.675876,2.4708161,2.3630772,1.2144,1.0458013,1.4245378
1609.0,-4.522647,2.6862943,2.2146366,1.1899655,0.9505063,1.3524556
1616.0,-4.6399627,3.0933087,1.9991584,1.1801916,0.8918633,1.2938126
1626.0,-4.759673,3.3997664,2.1883004,1.1728612,0.8344419,1.2302825
1635.0,-4.912902,3.6224272,2.3056161,1.1582005,0.7831292,1.1496484
1646.0,-5.0757074,3.9145198,2.1811178,1.1655309,0.7257079,1.078788
1656.0,-5.197812,4.2042184,2.1978772,1.1691961,0.6939429,1.0360274
1667.0,-5.401319,4.4316673,2.2625206,1.1496484,0.67073005,0.99204516
1677.0,-5.559336,4.596867,2.2409728,1.1643091,0.63407815,0.93218035
1686.0,-5.765238,4.733337,2.3104045,1.2131784,0.60231316,0.8906415
1698.0,-5.841852,4.8745947,2.3104045,1.2486086,0.5681047,0.87598073
1708.0,-6.0285997,5.1666875,2.171541,1.251052,0.5180137,0.86742866
1717.0,-5.9567738,5.3199162,1.9608512,1.251052,0.48747048,0.85154617
1727.0,-5.935226,5.3701944,1.7812861,1.2229522,0.48991394,0.8210029
1735.0,-6.066907,5.33907,1.697489,1.1655309,0.48258355,0.7867944
1746.0,-6.1507044,5.3725886,1.6424223,1.0934488,0.4569272,0.75625116
1758.0,-6.0118403,5.717354,1.6232687,1.001819,0.45448375,0.72082096
1769.0,-6.009446,6.0238113,1.661576,0.90285885,0.44837508,0.6914995
1776.0,-5.9304376,6.2368956,1.7597382,0.79168135,0.43249258,0.66950834
1785.0,-5.8921304,6.339846,1.5346833,0.6792821,0.43127087,0.6462954
1796.0,-5.8107276,6.227319,1.5227122,0.5900958,0.44715336,0.6133087
1807.0,-5.973533,6.0956373,1.5825673,0.5558874,0.43127087,0.58032197
1817.0,-6.0836663,6.1650696,1.1923125,0.59864795,0.3933972,0.5864306
1828.0,-6.0238113,6.232107,1.0079589,0.6462954,0.3726278,0.593761
1838.0,-6.0764837,6.303933,0.89782566,0.65240407,0.37018433,0.5766568
1848.0,-6.0525417,6.5696893,0.79966336,0.65240407,0.3567453,0.54367006
1858.0,-5.911284,6.7468605,0.7302315,0.6646214,0.35063666,0.5119051
1867.0,-5.8203044,6.859388,0.6799533,0.675617,0.36041048,0.4886922
1877.0,-5.935226,6.9767036,0.6919243,0.6817256,0.37873647,0.46792278
1888.0,-6.090849,7.074866,0.770933,0.69027776,0.38728857,0.45937067
1898.0,-6.179435,7.098808,0.6607997,0.68294734,0.36774087,0.4605924
1908.0,-6.133945,7.079654,0.60333884,0.6450737,0.3408628,0.44593164
1915.0,-6.0022635,7.067683,0.45729253,0.57910025,0.31764993,0.4202753
1926.0,-5.899313,6.9958572,0.24899697,0.50823987,0.312763,0.39584067
1936.0,-5.9448028,7.026982,-0.0047884034,0.4813618,0.29932398,0.37018433
1947.0,-5.9424086,7.0605006,0.047884032,0.47769663,0.2883284,0.3494149
1957.0,-5.9663506,7.165846,-0.08619126,0.47403142,0.26389378,0.31887165
1968.0,-5.7963624,7.1131735,-0.12928689,0.45814893,0.2565634,0.2883284
1977.0,-5.6646814,7.144298,-0.1604115,0.42760566,0.25900686,0.25534168
1986.0,-5.734113,6.9982514,-0.1436521,0.39461896,0.26511553,0.22479841
1995.0,-5.705383,7.0700774,-0.31603462,0.32620203,0.24801129,0.1966986
2007.0,-5.8203044,7.038953,-0.37110126,0.32620203,0.24801129,0.1966986
2016.0,-5.8442464,7.055712,-0.35913026,0.25534168,0.23701571,0.18325958
2027.0,-5.851429,7.2065473,-0.23463176,0.18081611,0.20525073,0.16126843
2037.0,-5.7604494,7.2544312,-0.1604115,0.13316862,0.17837265,0.14172074
2047.0,-5.7365074,7.381324,-0.22505496,0.12583824,0.1600467,0.11728613
2078.0,-5.6551046,7.5920134,-0.18914193,0.23457226,0.15027285,0.089186326
2078.0,-5.6670756,7.4363904,-0.5291186,0.26389378,0.16737708,0.07574729
2078.0,-5.674258,7.3166804,-0.5746084,0.25167647,0.18081611,0.04153884
2085.0,-5.7245364,7.383718,-0.61052144,0.19914207,0.18325958,0.019547688
2097.0,-5.674258,7.417237,-0.5530606,0.11728613,0.18936823,0.004886922
2108.0,-5.765238,7.57286,-0.50757074,0.039095376,0.18936823,0.010995574
2118.0,-5.851429,7.429208,-0.38307226,-0.029321533,0.172264,0.013439035
2127.0,-5.8442464,7.405266,-0.39264908,-0.06963864,0.14294247,0.0
2136.0,-5.853823,7.405266,-0.44532153,-0.05009095,0.111177474,-0.008552114
2146.0,-5.923255,7.419631,-0.48123455,0.0036651916,0.080634214,-0.004886922
2156.0,-5.899313,7.5848308,-0.6775591,0.06352998,0.07574729,-0.004886922
2166.0,-6.081272,7.627927,-0.7158663,0.10140363,0.07452556,-0.014660766
2175.0,-6.0477533,7.6351094,-0.6631939,0.1001819,0.073303826,-0.02687807
2188.0,-6.009446,7.491457,-0.62728083,0.07574729,0.06352998,-0.04642576
2198.0,-5.9926867,7.3166804,-0.60333884,0.05009095,0.043982297,-0.05497787
2208.0,-5.851429,7.2831616,-0.6967127,0.015882496,0.042760566,-0.052534413
2216.0,-5.911284,7.2209125,-0.6560113,-0.02565634,0.030543262,-0.05375614
2228.0,-5.9304376,7.1873937,-0.6727707,-0.058643065,0.010995574,-0.06719518
2236.0,-6.0118403,7.2304893,-0.56982,-0.05375614,-0.034208454,-0.0842994
2248.0,-5.98311,7.359776,-0.62728083,0.0061086523,-0.07086037,-0.09285152
2258.0,-5.90889,7.3789296,-0.50996494,0.087964594,-0.08307768,-0.08552113
2267.0,-5.9064956,7.429208,-0.61052144,0.15271631,-0.07574729,-0.08674286
2277.0,-5.90889,7.3310456,-0.5291186,0.18081611,-0.061086524,-0.096516706
2288.0,-5.913678,7.086837,-0.7086837,0.17104226,-0.061086524,-0.10629055
2296.0,-5.973533,6.9527617,-0.6488287,0.13561209,-0.047647487,-0.11728613
2310.0,-6.126762,7.050924,-0.5243302,0.09773844,-0.035430185,-0.12095132
2318.0,-6.205771,7.2711906,-0.4381389,0.059864793,-0.05131268,-0.112399206
2331.0,-6.2225304,7.240066,-0.40222588,0.010995574,-0.057421334,-0.11362094
2339.0,-6.253655,7.2233067,-0.25617957,-0.019547688,-0.05375614,-0.1282817
2347.0,-6.351817,7.3909006,-0.19632454,0.0036651916,-0.04520403,-0.12095132
2358.0,-6.6367273,7.52737,-0.17956513,0.07696902,-0.037873644,-0.09162979
2369.0,-6.658275,7.477092,-0.29209262,0.15149458,-0.02565634,-0.07086037
2377.0,-6.646304,7.5225816,-0.3878607,0.17959438,0.009773844,-0.059864793
2388.0,-6.7803793,7.503428,-0.38067806,0.18570304,0.052534413,-0.040317107
2397.0,-6.873753,7.4842744,-0.30166942,0.20769419,0.089186326,-0.02687807
2408.0,-6.9767036,7.654263,-0.10295067,0.26389378,0.11362094,-0.0061086523
2416.0,-7.007828,7.8146744,-0.12689269,0.34208453,0.12217305,0.014660766
2428.0,-6.8905125,7.7452426,-0.1340753,0.41538838,0.12095132,0.028099801
2438.0,-6.766014,7.69257,-0.34476504,0.44837508,0.12950343,0.036651913
2448.0,-6.679823,7.642292,-0.48841715,0.45204028,0.13805555,0.043982297
2458.0,-6.7444663,7.723695,-0.7637503,0.4361578,0.15149458,0.059864793
2469.0,-6.7444663,7.678205,-0.9648633,0.37995818,0.15882497,0.07086037
2478.0,-6.6606693,7.642292,-1.1013328,0.27977628,0.15149458,0.065973446
2489.0,-6.4667387,7.4723034,-1.2234371,0.16126843,0.15027285,0.056199603
2497.0,-6.145916,7.302315,-1.2497733,0.059864793,0.14049901,0.052534413
2509.0,-5.9543796,7.117962,-1.0821792,-0.002443461,0.13683382,0.037873644
2518.0,-5.7987566,7.2687964,-0.9959879,-0.021991149,0.1282817,0.012217305
2527.0,-5.662287,7.240066,-0.93373865,-0.028099801,0.10629055,-0.004886922
2536.0,-5.506664,7.1107793,-0.93852705,-0.05131268,0.10751228,-0.029321533
2548.0,-5.5521536,6.9599442,-1.0175357,-0.07941248,0.10995574,-0.05009095
2557.0,-5.583278,6.8881183,-1.0127473,-0.103847094,0.10873401,-0.0720821
2568.0,-5.6766524,6.7444663,-1.0773908,-0.119729586,0.096516706,-0.10140363
2579.0,-5.554548,6.7564373,-1.0726024,-0.14172074,0.07086037,-0.12583824
2589.0,-5.544971,6.7133417,-1.0103531,-0.15515977,0.04642576,-0.15271631
2596.0,-5.4922986,6.691794,-0.90261406,-0.1441642,0.032986723,-0.17592919
2611.0,-5.568913,6.7708025,-0.7278373,-0.10262536,0.02321288,-0.19547687
2616.0,-5.6359506,6.9144545,-0.6607997,-0.034208454,-0.004886922,-0.21380283
2628.0,-5.686229,7.015011,-0.46926352,0.03176499,-0.029321533,-0.2284636
2638.0,-5.722142,7.0126166,-0.45489833,0.08674286,-0.040317107,-0.2443461
2647.0,-5.935226,7.041347,-0.4309563,0.14538592,-0.04886922,-0.25411993
2656.0,-5.995081,7.050924,-0.4333505,0.18570304,-0.057421334,-0.27000242
2667.0,-6.2392898,7.240066,-0.32561144,0.20769419,-0.065973446,-0.2883284
2678.0,-6.2728086,7.467515,-0.32561144,0.20891592,-0.0720821,-0.29077184
2688.0,-6.4308257,7.541735,-0.22026655,0.1966986,-0.08307768,-0.29443705
2698.0,-6.4643445,7.4962454,-0.35913026,0.17592919,-0.09407325,-0.28955013
2708.0,-6.5936313,7.469909,-0.46926352,0.14172074,-0.10751228,-0.2687807
2719.0,-6.682217,7.441179,-0.50757074,0.096516706,-0.119729586,-0.2565634
2729.0,-6.871359,7.5106106,-0.46208093,0.064751714,-0.13439035,-0.25045475
2738.0,-6.95755,7.675811,-0.4309563,0.057421334,-0.1563815,-0.23457226
2748.0,-6.8809357,7.728483,-0.40940848,0.057421334,-0.17470746,-0.2125811
2758.0,-6.88333,7.7093296,-0.37828386,0.064751714,-0.17715092,-0.18936823
2767.0,-6.8809357,7.651869,-0.35913026,0.096516706,-0.18081611,-0.1685988
2777.0,-6.9000893,7.6949644,-0.31364042,0.14660765,-0.19792034,-0.14172074
2788.0,-6.801927,7.66384,-0.31124622,0.1966986,-0.19181168,-0.112399206
2799.0,-6.789956,7.5680714,-0.45010993,0.22724187,-0.204029,-0.07819075
2809.0,-6.7923503,7.3525934,-0.58418524,0.22113322,-0.21380283,-0.056199603
2819.0,-6.727707,7.117962,-0.79487497,0.1881465,-0.21991149,-0.042760566
2829.0,-6.7205243,7.1251445,-0.8714894,0.1563815,-0.2284636,-0.030543262
2839.0,-6.5385647,6.9527617,-0.81402856,0.13072516,-0.2443461,-0.02076942
2849.0,-6.4068837,6.873753,-0.89064306,0.1160644,-0.26145032,-0.010995574
2859.0,-6.3422403,6.8569937,-0.90261406,0.11728613,-0.25900686,-0.008552114
2868.0,-6.277597,6.8162923,-0.92655605,0.13561209,-0.25534168,-0.004886922
2879.0,-6.1004257,6.742072,-0.9959879,0.14538592,-0.25167647,0.010995574
2888.0,-6.1195793,6.5840545,-1.2042835,0.13194689,-0.24923302,0.012217305
2897.0,-6.208165,6.505046,-1.2617443,0.05375614,-0.23579398,0.002443461
2910.0,-6.291962,6.2464724,-1.4030021,-0.002443461,-0.23945917,-0.008552114
2916.0,-6.3422403,6.2009826,-1.4173675,-0.058643065,-0.24556783,-0.02565634
2929.0,-6.337452,6.3470287,-1.460463,-0.096516706,-0.25167647,-0.040317107
2938.0,-6.4427967,6.375759,-1.3431472,-0.118507855,-0.2443461,-0.05131268
2950.0,-6.5337763,6.2991447,-1.1994951,-0.1160644,-0.25411993,-0.07574729
2959.0,-6.469133,6.4260373,-1.1348516,-0.07941248,-0.24923302,-0.105068825
2969.0,-6.5098343,6.5864487,-1.0079589,-0.0061086523,-0.2406809,-0.12583824
2980.0,-6.619968,6.727707,-1.0319009,0.07819075,-0.23090707,-0.13072516
2990.0,-6.703765,6.7827735,-1.0462662,0.13316862,-0.20769419,-0.13683382
2997.0,-6.7827735,6.921637,-1.0079589,0.15393804,-0.18692477,-0.15027285
3010.0,-6.8929067,7.0365586,-0.878672,0.17348573,-0.18203785,-0.172264
