28.0,-0.842759,6.7851677,6.5337763,-0.028099801,0.028099801,0.013439035
28.0,-0.9911995,6.4643445,6.6893997,-0.028099801,0.028099801,0.013439035
39.0,-0.9911995,6.4643445,6.6893997,0.15882497,0.13439035,-0.065973446
54.0,-0.9768343,6.6391215,6.775591,0.0036651916,-0.25289822,-0.27000242
54.0,0.09816227,6.8450227,6.2368956,-0.15027285,-0.4007276,-0.42149702
63.0,-1.0534488,8.121132,6.885724,-0.18936823,0.4288274,-0.13805555
75.0,-0.80924016,7.3789296,6.588843,-0.4129449,0.42760566,-0.103847094
84.0,-1.0007763,8.257602,6.83784,-0.7648033,0.13561209,-0.44837508
95.0,-0.92895025,7.821857,6.849811,-0.7648033,0.13561209,-0.44837508
104.0,-0.8379706,7.410054,6.991069,-0.8857546,0.12950343,-0.48502702
114.0,-0.82360536,6.76362,7.1490865,-0.83077675,0.17715092,-0.47647488
125.0,-0.92655605,6.0118403,7.180211,-0.6096435,0.17104226,-0.49602258
135.0,-1.2473791,6.05733,7.3645644,-0.3640757,0.12705997,-0.48502702
145.0,-1.3144168,6.5481415,7.4387846,-0.19914207,0.08307768,-0.49602258
156.0,-1.2761095,6.9982514,7.4363904,-0.19425514,0.073303826,-0.5363397
164.0,-1.2090719,7.517793,7.529764,-0.38973203,0.08307768,-0.58276546
175.0,-1.1923125,8.061277,7.40766,-0.79045963,0.096516706,-0.6365216
184.0,-1.1587936,8.508993,7.4842744,-1.3646729,0.12217305,-0.72082096
198.0,-1.0295067,8.26239,7.4148426,-2.0146337,0.18692477,-0.8393288
204.0,-0.770933,7.8290396,7.505822,-2.5778513,0.29565877,-0.95539325
215.0,-0.7589619,7.4148426,7.78355,-2.941927,0.408058,-1.0433578
225.0,-0.7541735,6.909666,8.1881695,-3.119078,0.52412236,-1.1129965
235.0,-0.557849,6.05733,8.465898,-3.1716123,0.66706485,-1.1777482
245.0,-0.78290397,5.0374002,9.021352,-3.1129694,0.829555,-1.1582005
256.0,-1.0007763,4.2999864,9.406818,-2.9297097,0.9272934,-1.0824533
265.0,-1.5370775,4.3263226,10.292673,-2.6914723,1.0030408,-1.0751228
275.0,-1.7238252,4.8386817,10.623073,-2.538756,1.0690142,-1.1960741
285.0,-1.6448165,5.3701944,11.508927,-2.5729644,1.2156218,-1.3536774
296.0,-1.7118542,5.1882353,11.753136,-2.764776,1.4330899,-1.3768903
304.0,-2.0350714,4.7405195,11.944673,-2.973692,1.6615535,-1.2217305
316.0,-2.6144683,4.003105,11.779472,-3.0787609,1.8570304,-0.98349303
325.0,-3.0885203,3.0262709,11.848905,-3.0579915,2.0182989,-0.7611381
335.0,-3.4572272,1.8243817,11.7627125,-2.951701,2.1148155,-0.56688297
345.0,-3.8546648,0.81881696,11.820174,-2.8026497,2.1930063,-0.38728857
355.0,-4.31914,-0.023942016,12.061988,-2.5802948,2.252871,-0.2321288
365.0,-4.865018,-0.6799533,12.409147,-2.2516494,2.2773056,-0.08674286
376.0,-5.0493712,-1.3910311,12.229582,-1.8985692,2.2748623,0.087964594
385.0,-5.0996494,-1.7669208,11.7387705,-1.6664404,2.2773056,0.2761111
396.0,-5.1882353,-1.6352397,11.140221,-1.5161675,2.3017402,0.44837508
405.0,-5.3438582,-1.3982137,10.491392,-1.3219124,2.3359487,0.63041294
415.0,-5.5138464,-1.484405,9.801862,-1.110553,2.3518312,0.8503244
425.0,-5.74369,-1.8267759,9.3182335,-0.9297369,2.3554964,1.097114
436.0,-6.117185,-2.1883004,9.179369,-0.77824235,2.32984,1.319469
445.0,-6.411672,-2.0901382,9.121908,-0.6059783,2.284636,1.4807373
455.0,-6.469133,-2.006341,8.930372,-0.36651915,2.225993,1.5906931
465.0,-6.3422403,-1.7597382,8.406042,-0.080634214,2.1783454,1.6786577
475.0,-6.133945,-1.4269443,7.855376,0.21746802,2.1514673,1.772731
485.0,-6.0716953,-0.9672575,7.314286,0.48380527,2.1099286,1.8668042
497.0,-6.0022635,-0.33039984,6.7372837,0.6646214,2.0476203,1.9620992
505.0,-5.9448028,0.08619126,6.3422403,0.72082096,1.9950858,2.0549507
515.0,-5.9687448,0.40222588,6.1866174,0.68416905,1.9633209,2.140472
525.0,-5.9639564,0.39743748,6.0285997,0.64873886,1.9425515,2.2149973
535.0,-5.849035,0.062249243,5.8107276,0.7330383,1.9792033,2.3017402
545.0,-5.9041014,-0.35673606,5.33907,1.0360274,1.9437732,2.3994787
556.0,-5.9759274,-0.5746084,5.12838,1.5515977,1.8655825,2.4862216
565.0,-6.0357823,-0.5243302,5.0014873,2.2186625,1.740966,2.5240953
575.0,-5.8466406,0.16519992,4.5154643,2.90161,1.6175711,2.4898868
585.0,-5.583278,1.1899183,3.9791632,3.3731978,1.5308284,2.4178047
596.0,-5.130774,2.4420857,3.2848446,3.4208453,1.505172,2.348166
606.0,-4.8482585,3.643975,2.7269957,3.0286698,1.5357152,2.293188
619.0,-4.594473,4.4939165,2.3295584,2.3176227,1.6151277,2.2553146
626.0,-4.4460325,5.020641,2.0278888,1.46852,1.6982054,2.2321017
638.0,-4.656722,5.044583,1.8842367,0.657291,1.7654005,2.235767
648.0,-5.0038815,4.5561657,1.9369092,0.058643065,1.7531832,2.2650883
658.0,-5.2241483,4.2760444,2.0326772,-0.22113322,1.65911,2.289523
667.0,-5.221754,4.003105,2.0494366,-0.22602014,1.518611,2.2748623
679.0,-5.0254292,4.1060557,2.1499932,-0.07452556,1.3927728,2.2064452
688.0,-4.4795513,4.5513773,2.1667526,0.1160644,1.3011429,2.1062634
699.0,-4.10845,4.951209,2.0015526,0.17470746,1.2363913,2.043955
707.0,-4.1539397,5.1355624,1.6256629,0.010995574,1.1899655,2.0647244
718.0,-4.4364557,5.3678,1.6065093,-0.27855456,1.1374311,2.0744984
729.0,-4.608838,5.913678,1.9608512,-0.50335294,1.0677924,1.9645426
739.0,-4.4963107,6.337452,2.0685902,-0.5412266,0.9993755,1.7605137
748.0,-4.175488,6.6486983,2.0111294,-0.40683624,0.91874135,1.5601498
759.0,-4.050989,6.715736,2.348712,-0.172264,0.84421575,1.4379768
768.0,-3.976769,6.7851677,2.3870192,0.059864793,0.7867944,1.3952162
779.0,-4.060566,6.9862804,2.6240451,0.22479841,0.766025,1.3414601
787.0,-4.4675803,7.762002,3.0142999,0.36041048,0.7440339,1.1997393
800.0,-4.7644615,8.710106,4.0940847,0.48991394,0.7147123,0.99204516
807.0,-4.6950297,9.062054,4.960786,0.7086037,0.6805039,0.7110472
817.0,-4.7500963,10.371682,3.4476504,1.2082914,0.6096435,0.2321288
826.0,-4.5394063,12.662932,1.5658079,1.7079792,0.51923543,-0.30298916
838.0,-4.807557,12.926295,1.13964,1.4990633,0.41538838,-0.42638394
847.0,-5.17387,12.023681,0.92895025,0.5546656,0.34330627,-0.1966986
859.0,-5.4539914,10.448297,1.2282255,-0.39461896,0.35063666,-0.014660766
867.0,-5.7365074,8.559271,2.111686,-0.7733554,0.4007276,-0.02076942
878.0,-6.0262055,6.3901243,3.2465374,-0.55833083,0.36774087,-0.10751228
888.0,-6.351817,4.8338933,4.012682,0.59742624,0.047647487,-0.1441642
899.0,-6.327875,3.9743748,4.1299977,0.59742624,0.047647487,-0.1441642
907.0,-6.291962,4.1419687,3.9863458,1.0885619,-0.058643065,-0.14660765
919.0,-6.184223,5.2265425,3.7660792,1.3622295,-0.09162979,-0.19425514
929.0,-6.1626754,6.4739213,3.3518825,1.3720033,-0.06841691,-0.23579398
938.0,-6.0238113,7.309498,3.016694,1.1850786,-0.064751714,-0.20525073
948.0,-6.05733,7.4746976,2.7748797,0.9101892,-0.064751714,-0.10262536
958.0,-5.896919,7.189788,2.815581,0.54733527,-0.05009095,0.062308256
969.0,-6.114791,6.8067155,2.291251,0.50946164,-0.05375614,0.07452556
979.0,-6.2991447,6.919243,2.0326772,0.47158796,-0.07086037,0.073303826
987.0,-6.375759,6.9527617,1.8962077,0.36163223,-0.09285152,0.07696902
999.0,-6.169858,6.9767036,2.1092918,0.18203785,-0.112399206,0.07086037
1007.0,-5.9998693,6.9743094,2.3654714,0.017104227,-0.10262536,0.043982297
1020.0,-5.7125654,6.8522053,2.8898015,-0.040317107,-0.07574729,0.018325957
1028.0,-5.659893,6.6271505,3.0071173,0.035430185,-0.04520403,0.02565634
1043.0,-5.671864,6.3206925,2.777274,0.23701571,-0.02076942,0.05497787
1059.0,-5.827487,6.4523735,2.4708161,0.48258355,-0.012217305,0.057421334
1059.0,-5.81791,6.612785,2.1523874,0.6817256,-0.029321533,0.036651913
1065.0,-5.753267,6.9767036,1.99437,0.7305948,-0.04642576,0.017104227
1075.0,-5.614403,7.36217,1.9201498,0.6267477,-0.064751714,-0.0012217305
1086.0,-5.461174,7.795521,1.757344,0.44837508,-0.080634214,-0.007330383
1097.0,-5.379771,7.762002,1.8291701,0.2284636,-0.07696902,0.007330383
1105.0,-5.3007627,7.4483614,1.8195933,0.02076942,-0.07086037,0.034208454
1115.0,-5.2983685,7.144298,1.9177556,-0.103847094,-0.05375614,0.032986723
1126.0,-5.3606176,6.8905125,2.1571758,-0.10262536,-0.056199603,-0.035430185
1135.0,-5.291186,6.919243,2.27928,-0.008552114,-0.07086037,-0.12217305
1146.0,-5.245696,7.0461354,2.2146366,0.09285152,-0.08552113,-0.15149458
1156.0,-5.4324436,7.1251445,2.2960393,0.12217305,-0.087964594,-0.13439035
1165.0,-5.6886234,7.4268136,2.1523874,0.0720821,-0.0842994,-0.11728613
1177.0,-5.7748146,7.515399,2.2529438,-0.039095376,-0.06963864,-0.12095132
1186.0,-5.803545,7.4387846,2.2864625,-0.17837265,-0.08307768,-0.1563815
1196.0,-5.705383,7.2927384,2.3080103,-0.29077184,-0.09407325,-0.204029
1205.0,-5.758055,7.2065473,2.3535004,-0.30665436,-0.09162979,-0.21502456
1216.0,-5.8322754,7.1371155,2.4109612,-0.22968534,-0.095294975,-0.21135938
1227.0,-5.9064956,7.026982,2.2409728,-0.09896017,-0.095294975,-0.20769419
1236.0,-6.0621185,7.00304,2.3175871,0.036651913,-0.096516706,-0.18936823
1247.0,-6.160281,7.0221934,2.4732103,0.13805555,-0.10995574,-0.17592919
1257.0,-6.215348,7.1849995,2.6144683,0.19547687,-0.12705997,-0.18081611
1267.0,-6.2368956,7.326257,2.6671407,0.20891592,-0.12950343,-0.18448131
1278.0,-6.0285997,7.3190746,2.6360161,0.17104226,-0.12583824,-0.1685988
1287.0,-6.167464,7.3406224,2.6312277,0.103847094,-0.12095132,-0.14782938
1299.0,-6.2871737,7.3645644,2.566584,0.014660766,-0.1160644,-0.12950343
1307.0,-6.351817,7.3166804,2.5187001,-0.057421334,-0.10140363,-0.10629055
1317.0,-6.4020953,7.1131735,2.4420857,-0.07696902,-0.09162979,-0.10140363
1328.0,-6.3805475,7.043741,2.4037786,-0.018325957,-0.09773844,-0.10995574
1339.0,-6.327875,6.9407907,2.540248,0.10629055,-0.10873401,-0.10995574
1347.0,-6.1866174,7.00304,2.5306711,0.21746802,-0.1282817,-0.10262536
1358.0,-6.361394,7.1849995,2.4588451,0.28344148,-0.13805555,-0.07696902
1368.0,-6.399701,7.2927384,2.4396915,0.27000242,-0.13194689,-0.056199603
1379.0,-6.363788,7.4746976,2.2864625,0.18081611,-0.1282817,-0.04642576
1388.0,-6.2752028,7.517793,2.2409728,0.057421334,-0.12095132,-0.035430185
1401.0,-6.253655,7.491457,2.2649148,-0.061086524,-0.13072516,-0.02443461
1410.0,-6.241684,7.28795,2.327164,-0.14905111,-0.13683382,-0.012217305
1420.0,-6.2368956,7.043741,2.3199813,-0.19303341,-0.12705997,0.0061086523
1428.0,-6.227319,6.8761473,2.2457612,-0.15515977,-0.118507855,0.014660766
1438.0,-6.2392898,6.576872,2.408567,-0.029321533,-0.12583824,-0.0036651916
1449.0,-6.1890116,6.667852,2.3798366,0.13805555,-0.14172074,-0.018325957
1460.0,-6.14831,6.8426285,2.4061728,0.2919936,-0.16249016,-0.021991149
1468.0,-5.923255,6.9383965,2.291251,0.35063666,-0.17959438,-0.015882496
1478.0,-5.861006,7.1730285,2.2290018,0.3213151,-0.16249016,-0.007330383
1488.0,-5.973533,7.4244194,2.3343468,0.25411993,-0.13683382,-0.014660766
1499.0,-5.995081,7.4842744,2.2002714,0.14294247,-0.118507855,-0.008552114
1508.0,-5.932832,7.347805,2.1978772,-0.0012217305,-0.10751228,0.02076942
1520.0,-6.045359,7.1706343,2.1452048,-0.119729586,-0.09896017,0.02443461
1529.0,-5.9759274,6.9383965,2.1571758,-0.15271631,-0.0842994,-0.009773844
1540.0,-5.925649,6.6774287,2.2840683,-0.09285152,-0.0720821,-0.04642576
1548.0,-5.8801594,6.631939,2.27928,0.032986723,-0.07574729,-0.04153884
1558.0,-5.9064956,6.7013707,2.3798366,0.17104226,-0.09040806,-0.012217305
1569.0,-6.0525417,6.8545995,2.315193,0.23823744,-0.09773844,-0.018325957
1581.0,-6.0980315,7.180211,2.3056161,0.22602014,-0.080634214,-0.05375614
1588.0,-6.0357823,7.48188,2.3080103,0.16371189,-0.05375614,-0.07086037
1600.0,-5.9783216,7.548918,2.4301147,0.059864793,-0.017104227,-0.057421334
1609.0,-5.9064956,7.5824366,2.3702598,-0.04886922,0.013439035,-0.032986723
1620.0,-6.042965,7.2472486,2.3080103,-0.1441642,0.04153884,-0.007330383
1628.0,-6.145916,6.9527617,2.348712,-0.19914207,0.05131268,0.0061086523
1640.0,-6.2752028,6.801927,2.2864625,-0.18325958,0.058643065,0.002443461
1648.0,-6.3446345,6.739678,2.1859062,-0.096516706,0.05009095,-0.019547688
1659.0,-6.3422403,6.7468605,2.2649148,0.02076942,0.029321533,-0.02321288
1668.0,-6.3302693,6.8905125,2.3558946,0.13561209,0.0012217305,-0.0036651916
1678.0,-6.1866174,7.062895,2.336741,0.2003638,-0.0061086523,0.02321288
1689.0,-6.2009826,7.153875,2.3535004,0.19303341,0.013439035,0.037873644
1702.0,-6.291962,7.36217,2.4588451,0.13927728,0.036651913,0.032986723
1708.0,-6.232107,7.405266,2.3223755,0.06352998,0.05131268,0.02687807
1719.0,-6.179435,7.45315,2.3295584,-0.047647487,0.06719518,0.035430185
1730.0,-6.030994,7.28795,2.1021092,-0.13561209,0.08674286,0.058643065
1740.0,-6.0836663,7.050924,2.2697031,-0.1441642,0.1001819,0.06719518
1750.0,-6.136339,6.9048777,2.3223755,-0.07086037,0.09896017,0.06719518
1760.0,-6.0597243,6.823475,2.348712,0.043982297,0.0842994,0.07086037
1770.0,-5.985504,6.8282633,2.2888567,0.12950343,0.07452556,0.06963864
1780.0,-6.0525417,7.007828,2.2457612,0.11362094,0.08674286,0.030543262
1790.0,-5.911284,7.371747,2.360683,0.035430185,0.09162979,0.021991149
1801.0,-5.7508726,7.311892,2.4612393,-0.032986723,0.09773844,0.034208454
1809.0,-5.781997,7.2568254,2.516306,-0.062308256,0.10140363,0.042760566
1820.0,-5.7724204,7.2304893,2.2960393,-0.06719518,0.111177474,0.061086524
1829.0,-5.9567738,7.029376,2.207454,-0.05375614,0.10995574,0.07452556
1839.0,-6.0262055,7.07726,2.1021092,-0.04153884,0.09896017,0.06719518
1848.0,-6.019023,7.098808,2.0350714,-0.036651913,0.07696902,0.047647487
1859.0,-5.9639564,7.089231,2.255338,-0.034208454,0.052534413,0.040317107
1868.0,-5.877765,7.0341644,2.327164,-0.010995574,0.04153884,0.05375614
1880.0,-5.7724204,6.9144545,2.3798366,0.028099801,0.036651913,0.06963864
1890.0,-5.8945246,6.9407907,2.4181437,0.07941248,0.030543262,0.06963864
1900.0,-5.8705826,6.979098,2.4037786,0.12217305,0.008552114,0.05009095
1908.0,-5.861006,7.026982,2.2266076,0.119729586,-0.009773844,0.02321288
1919.0,-5.827487,7.2113357,2.1404164,0.073303826,-0.008552114,-0.0012217305
1931.0,-5.8634,7.2783732,2.0949266,-0.0061086523,-0.0061086523,-0.02076942
1940.0,-5.8346696,7.2687964,2.1021092,-0.08552113,0.007330383,-0.02321288
1949.0,-5.901707,7.2065473,2.195483,-0.12705997,0.010995574,-0.02687807
1959.0,-5.791574,7.005434,2.3175871,-0.111177474,0.013439035,-0.04153884
1971.0,-5.746084,6.9503675,2.3080103,-0.061086524,0.021991149,-0.059864793
1980.0,-5.896919,6.931214,2.2936451,-0.008552114,0.02443461,-0.064751714
1989.0,-6.0022635,7.07726,2.2936451,0.010995574,0.019547688,-0.0720821
2002.0,-6.054936,7.1395097,2.2744915,-0.0061086523,0.017104227,-0.08552113
2010.0,-6.0860605,7.2592196,2.2720973,-0.058643065,0.02321288,-0.09162979
2020.0,-6.145916,7.2927384,2.315193,-0.112399206,0.021991149,-0.0842994
2029.0,-6.0956373,7.3071036,2.396596,-0.14294247,0.017104227,-0.07086037
2041.0,-6.203377,7.2113357,2.360683,-0.14294247,0.019547688,-0.06719518
2072.0,-6.181829,7.0485296,2.3535004,-0.1282817,0.030543262,-0.0842994
2072.0,-6.26802,7.062895,2.2505496,-0.10262536,0.04520403,-0.10629055
2072.0,-6.3781533,7.062895,2.2026656,-0.064751714,0.052534413,-0.11484267
2078.0,-6.3589997,7.074866,2.2002714,-0.013439035,0.057421334,-0.105068825
2088.0,-6.4667387,7.0365586,2.1667526,0.02321288,0.05131268,-0.095294975
2101.0,-6.4547677,7.1227503,2.2098482,0.03176499,0.034208454,-0.0842994
2112.0,-6.31351,7.1706343,2.2361844,0.015882496,0.02565634,-0.073303826
2121.0,-6.3709707,7.120356,2.336741,-0.02687807,0.030543262,-0.065973446
2129.0,-6.3063273,7.240066,2.3175871,-0.065973446,0.03176499,-0.062308256
2140.0,-6.203377,7.1586633,2.3343468,-0.087964594,0.040317107,-0.058643065
2149.0,-6.2392898,7.101202,2.4301147,-0.087964594,0.05375614,-0.04520403
2159.0,-6.253655,6.9958572,2.3535004,-0.052534413,0.05375614,-0.029321533
2170.0,-6.289568,7.038953,2.3678656,0.0,0.04520403,-0.02443461
2180.0,-6.301539,7.067683,2.1859062,0.039095376,0.03176499,-0.02687807
2189.0,-6.2009826,7.089231,2.3295584,0.047647487,0.028099801,-0.019547688
2200.0,-6.205771,7.1586633,2.3415294,0.028099801,0.03176499,-0.015882496
2211.0,-6.0956373,7.1634517,2.3127987,-0.007330383,0.029321533,-0.019547688
2219.0,-6.0764837,7.1227503,2.3199813,-0.040317107,0.029321533,-0.015882496
2229.0,-6.1411276,7.050924,2.3080103,-0.059864793,0.032986723,-0.007330383
2242.0,-6.2392898,7.026982,2.2697031,-0.062308256,0.036651913,-0.0012217305
2250.0,-6.145916,6.945579,2.2720973,-0.042760566,0.029321533,-0.0061086523
2260.0,-6.105214,6.933608,2.3008277,-0.018325957,0.018325957,-0.021991149
2270.0,-6.021417,6.8785415,2.2266076,0.0061086523,0.007330383,-0.029321533
2280.0,-5.9687448,6.873753,2.2888567,0.028099801,0.012217305,-0.029321533
2291.0,-5.961562,6.991069,2.2936451,0.035430185,0.012217305,-0.028099801
2303.0,-6.0716953,7.029376,2.255338,0.015882496,0.019547688,-0.02321288
2309.0,-6.093243,6.9886746,2.1571758,-0.036651913,0.02565634,-0.017104227
2320.0,-6.1650696,7.041347,2.123657,-0.10751228,0.032986723,-0.02443461
2331.0,-6.0764837,6.9743094,2.2050598,-0.16615535,0.04153884,-0.039095376
2340.0,-6.1507044,7.00304,2.195483,-0.1966986,0.043982297,-0.04520403
2351.0,-6.129156,6.8809357,2.3654714,-0.18448131,0.037873644,-0.034208454
2362.0,-6.205771,6.871359,2.468422,-0.13072516,0.02687807,-0.02321288
2370.0,-6.157887,6.8641763,2.4732103,-0.073303826,0.030543262,-0.02443461
2380.0,-6.2584434,6.897695,2.4708161,-0.05131268,0.032986723,-0.04520403
2390.0,-6.256049,7.038953,2.3439236,-0.062308256,0.03176499,-0.073303826
2401.0,-6.2225304,7.1945763,2.3439236,-0.112399206,0.04886922,-0.096516706
2411.0,-6.2608376,7.28795,2.2888567,-0.17592919,0.057421334,-0.09773844
2420.0,-6.3206925,7.201759,2.291251,-0.23945917,0.059864793,-0.0842994
2430.0,-6.31351,7.029376,2.3056161,-0.2968805,0.058643065,-0.081855945
2439.0,-6.3781533,6.88333,2.3558946,-0.3494149,0.052534413,-0.08674286
2450.0,-6.4164605,6.871359,2.4229321,-0.3933972,0.05375614,-0.09162979
2460.0,-6.4284315,6.9503675,2.554613,-0.4288274,0.04642576,-0.10873401
2470.0,-6.3422403,7.0461354,2.6264393,-0.45814893,0.035430185,-0.12705997
2481.0,-6.303933,6.9743094,2.516306,-0.48991394,0.035430185,-0.12339478
2490.0,-6.2943563,6.895301,2.5115175,-0.5143485,0.02687807,-0.103847094
2502.0,-6.2991447,6.8330517,2.5761611,-0.52656585,0.03176499,-0.0842994
2510.0,-6.2847795,6.6367273,2.6288335,-0.49480084,0.035430185,-0.09040806
2521.0,-6.303933,6.5960255,2.717419,-0.41050145,0.04886922,-0.09896017
2532.0,-6.399701,6.5864487,2.8323407,-0.30543262,0.05009095,-0.09285152
2540.0,-6.4068837,6.631939,2.8179753,-0.2125811,0.040317107,-0.080634214
2552.0,-6.447585,6.5577183,2.7964275,-0.14538592,0.035430185,-0.059864793
2562.0,-6.4260373,6.55293,2.8443117,-0.10629055,0.036651913,-0.040317107
2572.0,-6.3805475,6.5122285,2.846706,-0.09285152,0.04886922,-0.039095376
2581.0,-6.4140663,6.55293,2.8754363,-0.096516706,0.05375614,-0.05009095
2591.0,-6.4739213,6.519411,2.896984,-0.12705997,0.04520403,-0.032986723
2604.0,-6.531382,6.5960255,2.873042,-0.14172074,0.04520403,-0.030543262
2611.0,-6.540959,6.6247563,2.7389667,-0.18692477,0.043982297,-0.02687807
2622.0,-6.4547677,6.6295447,2.6839,-0.24923302,0.04642576,-0.014660766
2628.0,-6.423643,6.5505357,2.8443117,-0.28955013,0.047647487,-0.002443461
2641.0,-6.4164605,6.4763155,2.8921957,-0.29443705,0.04642576,0.009773844
2652.0,-6.3709707,6.3661823,2.9855695,-0.27855456,0.039095376,0.02687807
2662.0,-6.457162,6.241684,2.9592333,-0.2406809,0.02443461,0.04520403
2671.0,-6.399701,6.3326635,2.930503,-0.17592919,0.015882496,0.04886922
2682.0,-6.351817,6.457162,2.980781,-0.09896017,0.007330383,0.04642576
2692.0,-6.351817,6.5720835,2.9831753,-0.052534413,0.0061086523,0.047647487
2703.0,-6.3111157,6.691794,3.004723,-0.042760566,0.010995574,0.057421334
2711.0,-6.2225304,6.682217,3.0789435,-0.05497787,0.012217305,0.06963864
2723.0,-6.301539,6.7731967,3.0933087,-0.073303826,0.013439035,0.08307768
2730.0,-6.3446345,6.6103907,3.0789435,-0.07086037,0.004886922,0.09040806
2741.0,-6.325481,6.481104,3.0550013,-0.04520403,-0.004886922,0.089186326
2750.0,-6.277597,6.445191,2.966416,-0.0012217305,-0.0061086523,0.080634214
2760.0,-6.256049,6.631939,3.098097,0.06963864,0.0,0.065973446
2770.0,-6.256049,6.813898,3.0502129,0.15149458,0.009773844,0.047647487
2782.0,-6.10282,6.7923503,2.906561,0.21991149,0.042760566,0.018325957
2792.0,-6.0525417,6.9264255,2.8921957,0.30176744,0.062308256,-0.0061086523
2803.0,-6.256049,6.8809357,2.7605145,0.40317106,0.036651913,-0.007330383
2812.0,-6.3566055,6.955156,2.6527755,0.49480084,-0.013439035,-0.004886922
2821.0,-6.3661823,7.00304,2.5258827,0.51923543,-0.05375614,-0.021991149
2831.0,-6.208165,7.141904,2.4420857,0.42760566,-0.07696902,-0.05131268
2841.0,-6.155493,7.252037,2.4253263,0.25289822,-0.081855945,-0.0720821
2850.0,-6.167464,7.264008,2.432509,0.042760566,-0.0842994,-0.0842994
2861.0,-6.2009826,7.0964136,2.5354595,-0.13194689,-0.087964594,-0.087964594
2870.0,-6.2847795,6.7564373,2.432509,-0.21746802,-0.095294975,-0.09162979
2881.0,-6.2847795,6.459556,2.4947581,-0.23701571,-0.1001819,-0.10140363
2892.0,-6.26802,6.4882865,2.468422,-0.21746802,-0.111177474,-0.112399206
2904.0,-6.2392898,6.615179,2.5187001,-0.18936823,-0.119729586,-0.12339478
2912.0,-6.3326635,6.564901,2.5378537,-0.17959438,-0.12095132,-0.119729586
2921.0,-6.2752028,6.600814,2.6791117,-0.19058995,-0.112399206,-0.10140363
2932.0,-6.3302693,6.457162,2.7820623,-0.19303341,-0.09285152,-0.080634214
2940.0,-6.277597,6.4739213,2.8682537,-0.16615535,-0.07452556,-0.0720821
2950.0,-6.289568,6.3566055,2.9520507,-0.09773844,-0.05375614,-0.0720821
2962.0,-6.265626,6.3230867,2.908955,-0.009773844,-0.040317107,-0.06352998
2972.0,-6.327875,6.4308257,2.9113493,0.064751714,-0.02443461,-0.043982297
2983.0,-6.4523735,6.5385647,2.89459,0.09285152,-0.014660766,-0.02076942
2993.0,-6.447585,6.6534867,2.8682537,0.08307768,0.0012217305,-0.013439035
3004.0,-6.435614,6.7492547,2.815581,0.056199603,0.015882496,-0.019547688
