32.0,1.3311762,1.2617443,9.622296,0.065973446,0.014660766,-0.013439035
48.0,1.3311762,1.2617443,9.622296,0.065973446,0.014660766,-0.013439035
62.0,1.4317327,1.2354081,9.464279,0.17470746,0.10751228,-0.05375614
62.0,1.5298948,1.2306197,9.433155,0.05009095,-0.2932153,-0.30787608
70.0,1.5801731,1.1540052,9.595961,-0.064751714,-0.4202753,-0.30543262
80.0,1.5490485,1.1707647,9.5385,0.04886922,0.3567453,0.07086037
91.0,1.5442601,1.2378023,9.545682,0.015882496,0.36163223,0.0842994
100.0,1.5298948,1.5945383,9.629479,-0.03176499,0.13439035,-0.043982297
111.0,1.4772224,1.1851299,9.466674,-0.13561209,-0.028099801,-0.23579398
121.0,1.6807296,0.8331822,9.543288,-0.21746802,-0.002443461,-0.13683382
130.0,1.7884687,0.90500826,9.421184,-0.17959438,0.0061086523,-0.07086037
140.0,1.3455414,1.1492168,9.682152,-0.103847094,0.039095376,-0.09040806
152.0,1.4197617,1.2186487,9.646238,-0.04520403,0.028099801,-0.095294975
161.0,1.4221559,1.2330139,9.622296,-0.059864793,0.030543262,-0.096516706
171.0,1.496376,1.1875241,9.619903,-0.09896017,0.03176499,-0.10873401
181.0,1.5394717,1.292869,9.543288,-0.12461651,0.017104227,-0.118507855
191.0,1.436521,1.316811,9.572019,-0.15515977,0.02076942,-0.13439035
201.0,1.4413095,1.0845734,9.560047,-0.18081611,0.05497787,-0.11728613
213.0,1.5729905,1.0079589,9.64145,-0.18936823,0.059864793,-0.13316862
221.0,1.508347,0.93613285,9.588778,-0.172264,0.07574729,-0.15271631
231.0,1.472434,0.91937345,9.598354,-0.13683382,0.07086037,-0.1563815
241.0,1.3814543,1.127669,9.507375,-0.1282817,0.064751714,-0.1600467
251.0,1.3431472,1.151611,9.598354,-0.14782938,0.059864793,-0.16126843
261.0,1.5035586,1.1372458,9.598354,-0.18936823,0.062308256,-0.15271631
272.0,1.4772224,0.9528923,9.560047,-0.23335053,0.064751714,-0.15393804
281.0,1.4532804,0.93373865,9.574412,-0.23945917,0.07696902,-0.15882497
291.0,1.508347,0.9672575,9.593566,-0.21991149,0.06352998,-0.15882497
301.0,1.4317327,1.721431,9.425972,-0.23823744,0.043982297,-0.1685988
312.0,1.4341269,1.9680338,9.526528,-0.34330627,0.028099801,-0.19792034
321.0,1.5298948,1.9800048,9.3661175,-0.5290093,0.043982297,-0.23701571
332.0,1.5298948,1.6639702,9.380483,-0.77091193,0.064751714,-0.28588495
341.0,1.4628572,1.4939818,9.437943,-0.98471475,0.09162979,-0.33108896
351.0,1.412579,1.3742718,9.428367,-1.1459832,0.09773844,-0.3726278
361.0,1.3215994,1.3551182,9.643845,-1.2938126,0.07941248,-0.41050145
371.0,1.3718776,1.3790601,9.574412,-1.4770721,0.080634214,-0.45204028
381.0,1.316811,1.3215994,9.655815,-1.6688838,0.087964594,-0.5204572
393.0,1.400608,1.151611,9.878476,-1.8765781,0.0842994,-0.5900958
401.0,1.5394717,0.7613561,10.132261,-2.1526892,0.10995574,-0.62796944
413.0,1.685518,0.22505496,10.400413,-2.488665,0.15149458,-0.6426302
421.0,1.7525556,-0.47405192,10.704475,-2.864958,0.20769419,-0.63041294
431.0,1.8052281,-1.2737153,11.030087,-3.2803464,0.28710666,-0.59986967
442.0,1.8076223,-1.9919758,11.334151,-3.7006216,0.38362336,-0.55955255
453.0,1.9249382,-2.89459,11.626244,-4.08791,0.47647488,-0.49968776
462.0,1.9776106,-4.134786,11.877635,-4.422664,0.625526,-0.40561453
472.0,2.0231004,-5.2863975,11.6908865,-4.6621237,0.78801614,-0.26267207
482.0,1.6543933,-6.3542113,11.420342,-4.7952924,0.93218035,-0.06963864
492.0,1.1300632,-7.0940194,11.188105,-4.84294,1.0580186,0.13683382
502.0,0.6775591,-7.728483,11.044453,-4.8857,1.1520919,0.3200934
514.0,0.7015011,-8.243237,10.472239,-5.009095,1.1863003,0.4886922
522.0,0.6560113,-8.875306,9.665392,-5.2607713,1.1826351,0.68661255
532.0,0.59855044,-9.576807,9.093178,-5.6199603,1.187522,0.93828905
542.0,0.2657564,-10.28549,8.461109,-5.9828143,1.2021828,1.219287
552.0,-0.20590134,-10.955867,7.85777,-6.238156,1.174083,1.5088371
562.0,-0.7661445,-11.453861,7.5920134,-6.301686,1.1129965,1.7800614
573.0,-1.0989386,-11.674128,7.1945763,-6.1843996,1.0421361,2.0134118
582.0,-1.3263878,-11.662156,6.8689647,-6.006027,0.93951076,2.2296581
592.0,-1.1971009,-11.468226,6.528988,-5.871637,0.8185594,2.4581218
603.0,-1.1180922,-11.429919,6.0525417,-5.7470202,0.6743952,2.6890287
615.0,-0.9768343,-11.164163,5.535394,-5.5503216,0.54244834,2.886949
623.0,-0.91937345,-10.915166,5.032612,-5.243667,0.42760566,3.0433307
635.0,-1.0342951,-10.429143,4.522647,-4.849048,0.3323107,3.1618385
644.0,-1.1899183,-9.902418,3.9504328,-4.4214425,0.22724187,3.2766812
654.0,-1.1994951,-9.368511,3.2704794,-4.0084977,0.09773844,3.3878586
663.0,-1.2641385,-9.083601,2.791639,-3.6065483,-0.05497787,3.4782667
675.0,-1.5107412,-8.640674,2.4708161,-3.313333,-0.18448131,3.5674531
685.0,-1.8746599,-8.1642275,2.2050598,-3.1410692,-0.30298916,3.6053267
697.0,-2.2098482,-7.702147,2.006341,-2.960253,-0.42760566,3.545462
704.0,-2.3918076,-7.2472486,1.7286136,-2.765998,-0.5900958,3.4574974
717.0,-2.5713725,-7.005434,1.685518,-2.607173,-0.7476991,3.4110715
725.0,-2.789245,-6.634333,1.2904748,-2.510656,-0.84788096,3.3658676
734.0,-3.095703,-6.3111157,0.9888053,-2.4397957,-0.93951076,3.2901201
744.0,-3.5098996,-5.853823,0.7685388,-2.4251351,-1.028697,3.1972687
756.0,-3.8714242,-5.6215854,0.6344634,-2.4226916,-1.1252137,3.0763173
764.0,-4.187459,-5.542577,0.39504328,-2.3469443,-1.2229522,2.9309313
775.0,-4.4484267,-5.556942,0.5602432,-2.1991148,-1.3060299,2.7757716
784.0,-4.5681367,-5.7005944,0.830788,-1.9889772,-1.3487904,2.620612
795.0,-4.4077253,-5.5377884,1.1300632,-1.7201965,-1.3866642,2.470339
805.0,-4.4603977,-5.353435,1.4389153,-1.423316,-1.4110987,2.3359487
818.0,-4.6232033,-5.00867,1.6927006,-1.128879,-1.378112,2.2235496
825.0,-4.805163,-4.8578353,1.6424223,-0.87109387,-1.3048081,2.1050417
836.0,-5.0757074,-4.6495395,1.472434,-0.657291,-1.2363913,1.9755383
845.0,-5.425261,-4.7046065,1.2593501,-0.48991394,-1.1691961,1.8558086
856.0,-5.7365074,-4.8578353,0.92655605,-0.36285394,-1.0885619,1.7250835
864.0,-5.949591,-5.097255,1.0702082,-0.23090707,-1.0250319,1.5858061
877.0,-5.98311,-4.891354,1.0893618,-0.1001819,-1.0054842,1.4489723
885.0,-6.054936,-4.783615,1.1731589,0.056199603,-0.9651671,1.3304645
895.0,-6.019023,-4.733337,1.5035586,0.20280726,-0.8906415,1.2534955
905.0,-6.133945,-4.620809,1.6903064,0.2761111,-0.83077675,1.1655309
917.0,-6.205771,-4.5274353,1.721431,0.30909783,-0.7806858,1.0506883
926.0,-6.227319,-4.654328,1.6831238,0.34697145,-0.7122689,0.95417154
937.0,-6.325481,-4.697424,1.6328455,0.40561453,-0.6389651,0.8857546
944.0,-6.43322,-4.6950297,1.6496049,0.4728097,-0.5839872,0.84665924
956.0,-6.5146227,-4.6016555,1.4891934,0.5021312,-0.54367006,0.83199847
966.0,-6.5625067,-4.5513773,1.3239936,0.47647488,-0.5143485,0.80878556
975.0,-6.5337763,-4.6112323,1.1372458,0.38362336,-0.48502702,0.77824235
984.0,-6.5505357,-4.6806645,1.0151415,0.21991149,-0.48258355,0.7415904
996.0,-6.7444663,-4.661511,1.1779473,0.036651913,-0.47647488,0.6914995
1005.0,-7.050924,-4.8937483,1.3359646,-0.22235495,-0.42271876,0.6010914
1016.0,-7.252037,-4.96318,1.4293385,-0.26267207,-0.376293,0.5644395
1025.0,-7.153875,-4.8386817,1.3551182,-0.20525073,-0.35185838,0.5204572
1036.0,-7.1514807,-5.0014873,1.2952632,-0.05375614,-0.33964106,0.49480084
1045.0,-7.141904,-4.9464207,1.3335704,0.12583824,-0.29565877,0.49602258
1089.0,-7.240066,-4.891354,1.6879122,0.25045475,-0.267559,0.51068336
1089.0,-7.2233067,-4.805163,1.946486,0.29077184,-0.28588495,0.50701815
1089.0,-7.338228,-4.733337,2.1068976,0.2687807,-0.2883284,0.4728097
1089.0,-7.6255326,-4.6950297,2.2649148,0.22235495,-0.25534168,0.43004912
1093.0,-7.8793178,-4.771644,2.4157495,0.19547687,-0.18448131,0.37873647
1103.0,-8.061277,-4.829105,2.765303,0.2284636,-0.13927728,0.3213151
1116.0,-8.075643,-4.4460325,3.2680852,0.2919936,-0.07452556,0.25411993
1125.0,-7.8912888,-4.1611223,3.6128504,0.37018433,0.009773844,0.19303341
1133.0,-7.762002,-4.0581717,3.5194764,0.4129449,0.08674286,0.17837265
1144.0,-7.7691846,-4.2401314,3.1794999,0.4251622,0.13072516,0.17592919
1154.0,-8.049306,-4.4963107,2.9257145,0.45814893,0.18203785,0.14905111
1164.0,-8.305486,-4.6830587,2.6479871,0.54244834,0.21746802,0.10873401
1176.0,-8.317456,-4.8626237,2.4157495,0.66950834,0.22113322,0.09773844
1184.0,-8.276755,-4.9416323,2.4301147,0.7684685,0.19058995,0.118507855
1195.0,-8.159439,-4.771644,2.4301147,0.7648033,0.1441642,0.12095132
1205.0,-8.1642275,-4.5920787,2.2864625,0.6792821,0.09407325,0.09773844
1216.0,-8.118738,-4.675876,2.5450363,0.5375614,0.0720821,0.06841691
1225.0,-7.9846625,-4.7740383,2.5474305,0.35063666,0.043982297,0.04153884
1237.0,-7.9511437,-4.8027687,2.791639,0.17104226,0.0036651916,0.014660766
1244.0,-7.759608,-4.745308,2.96881,0.052534413,-0.013439035,-0.014660766
1256.0,-7.776367,-4.72376,3.0454245,0.02321288,-0.007330383,-0.037873644
1265.0,-7.6949644,-4.781221,3.0310593,0.07086037,0.034208454,-0.037873644
1275.0,-7.819463,-4.6519337,2.8275523,0.1600467,0.080634214,-0.032986723
1285.0,-7.8793178,-4.6806645,2.7868507,0.26511553,0.12339478,-0.02687807
1297.0,-8.020576,-4.644751,2.6671407,0.3359759,0.15149458,-0.008552114
1306.0,-8.094796,-4.525041,2.4875755,0.36163223,0.1563815,-0.0012217305
1318.0,-8.039729,-4.6830587,2.2816741,0.3408628,0.1441642,0.008552114
1326.0,-8.061277,-4.685453,2.2002714,0.25534168,0.12461651,0.013439035
1337.0,-8.027759,-4.594473,2.2361844,0.15515977,0.10140363,-0.0061086523
1345.0,-8.133103,-4.4675803,2.1859062,0.087964594,0.0842994,-0.02443461
1358.0,-8.020576,-4.477157,2.2409728,0.05131268,0.06963864,-0.02076942
1366.0,-8.02297,-4.5561657,2.2697031,0.029321533,0.05375614,-0.009773844
1376.0,-7.9702973,-4.453215,2.4253263,0.02443461,0.05009095,-0.009773844
1385.0,-7.8865004,-4.5082817,2.3894134,0.039095376,0.047647487,-0.010995574
1396.0,-7.9391727,-4.522647,2.336741,0.07819075,0.057421334,-0.0061086523
1406.0,-7.929596,-4.5992613,2.3535004,0.118507855,0.073303826,0.007330383
1418.0,-7.989451,-4.4316673,2.3582888,0.12583824,0.06963864,0.019547688
1426.0,-7.9966335,-4.4580035,2.3080103,0.11362094,0.064751714,0.015882496
1437.0,-8.020576,-4.5082817,2.1978772,0.07941248,0.06841691,0.014660766
1446.0,-8.034941,-4.501099,2.2649148,0.02565634,0.06352998,0.0061086523
1457.0,-7.9272017,-4.4795513,2.2290018,-0.018325957,0.052534413,-0.010995574
1466.0,-7.8793178,-4.537012,2.0853498,-0.05009095,0.04520403,-0.02321288
1477.0,-7.8769236,-4.6255975,2.078167,-0.07696902,0.04886922,-0.02443461
1485.0,-7.9942393,-4.6399627,2.099715,-0.10262536,0.056199603,-0.029321533
1496.0,-8.003817,-4.6232033,2.0973208,-0.10751228,0.062308256,-0.04520403
1505.0,-7.953538,-4.642357,2.0374656,-0.081855945,0.062308256,-0.058643065
1517.0,-7.872135,-4.7405195,2.087744,-0.036651913,0.061086524,-0.061086524
1526.0,-7.9272017,-4.6399627,2.1212628,-0.007330383,0.065973446,-0.057421334
1538.0,-7.773973,-4.6591167,1.9033904,0.0012217305,0.073303826,-0.061086524
1545.0,-7.9032598,-4.9296613,1.8555063,0.007330383,0.07819075,-0.065973446
1557.0,-7.9463553,-5.08289,1.8722657,-0.004886922,0.080634214,-0.064751714
1567.0,-7.8984714,-5.118803,2.0087352,-0.013439035,0.07086037,-0.073303826
1577.0,-7.8386164,-5.197812,2.006341,0.015882496,0.07452556,-0.07819075
1586.0,-7.908048,-5.12838,1.9177556,0.06841691,0.07819075,-0.065973446
1598.0,-7.867347,-5.023035,2.0326772,0.12705997,0.06352998,-0.04886922
1607.0,-7.872135,-4.948815,1.9776106,0.17592919,0.05009095,-0.015882496
1618.0,-7.8386164,-5.00867,1.958457,0.18692477,0.037873644,0.02443461
1625.0,-7.9248075,-5.1475334,1.99437,0.172264,0.02687807,0.043982297
1636.0,-7.9607205,-5.221754,2.1452048,0.1685988,0.014660766,0.05497787
1647.0,-8.042124,-5.245696,2.303222,0.18448131,0.019547688,0.07452556
1657.0,-7.991845,-5.185841,2.44448,0.20647246,0.017104227,0.09896017
1666.0,-7.93199,-4.8865657,2.6431987,0.21135938,0.02443461,0.10873401
1678.0,-7.8769236,-4.5872903,2.6862943,0.20525073,0.040317107,0.103847094
1687.0,-7.941567,-4.4843397,2.552219,0.18203785,0.062308256,0.10140363
1695.0,-7.9870567,-4.4580035,2.4875755,0.13439035,0.080634214,0.095294975
1706.0,-8.032547,-4.5154643,2.336741,0.087964594,0.09407325,0.07452556
1719.0,-8.056489,-4.642357,2.27928,0.06719518,0.09285152,0.05131268
1725.0,-8.130709,-4.644751,2.2816741,0.07696902,0.080634214,0.035430185
1737.0,-8.169016,-4.697424,2.1092918,0.10262536,0.062308256,0.029321533
1747.0,-8.176199,-4.6399627,2.1284454,0.11484267,0.047647487,0.02565634
1758.0,-8.11395,-4.525041,2.1787236,0.10140363,0.03176499,0.014660766
1768.0,-8.14268,-4.5274353,2.2744915,0.07452556,0.008552114,0.002443461
1779.0,-8.073248,-4.5657425,2.243367,0.035430185,-0.012217305,-0.008552114
1787.0,-8.09719,-4.6112323,2.3511062,0.002443461,-0.021991149,-0.019547688
1795.0,-7.917625,-4.6902413,2.291251,-0.009773844,-0.02443461,-0.02321288
1807.0,-7.9583263,-4.709395,2.4708161,-0.0012217305,-0.029321533,-0.021991149
1818.0,-7.9583263,-4.699818,2.384625,0.017104227,-0.02076942,-0.02076942
1826.0,-7.9726915,-4.7022123,2.4013844,0.04642576,-0.03176499,-0.015882496
1838.0,-8.008605,-4.6375685,2.3678656,0.06963864,-0.02321288,-0.004886922
1847.0,-7.9391727,-4.6902413,2.4396915,0.07696902,-0.017104227,0.002443461
1856.0,-7.9367785,-4.596867,2.3942018,0.07574729,-0.008552114,0.0
1866.0,-7.8529816,-4.5896845,2.3104045,0.07574729,0.002443461,-0.0012217305
1877.0,-7.8984714,-4.572925,2.291251,0.07696902,0.0061086523,0.0012217305
1887.0,-7.9367785,-4.596867,2.1667526,0.07819075,0.013439035,0.002443461
1899.0,-8.010999,-4.654328,2.2218192,0.06963864,0.018325957,0.0061086523
1906.0,-7.991845,-4.5657425,2.0949266,0.047647487,0.018325957,0.007330383
1919.0,-7.93199,-4.6519337,2.1643584,0.02443461,0.004886922,0.0036651916
1928.0,-7.881712,-4.644751,2.2146366,-0.007330383,-0.0012217305,0.002443461
1937.0,-7.9607205,-4.5681367,2.2457612,-0.03176499,-0.007330383,-0.002443461
1947.0,-7.8888946,-4.594473,2.2697031,-0.03176499,-0.0036651916,-0.0012217305
1958.0,-7.9152308,-4.6471453,2.336741,-0.018325957,0.008552114,0.0061086523
1968.0,-7.9391727,-4.5394063,2.348712,0.0,0.014660766,0.009773844
1978.0,-7.9607205,-4.5561657,2.315193,0.021991149,0.02687807,0.010995574
1987.0,-7.953538,-4.5537715,2.3104045,0.037873644,0.02687807,0.017104227
1998.0,-8.008605,-4.522647,2.3295584,0.03176499,0.029321533,0.018325957
2008.0,-7.9966335,-4.5753193,2.2840683,0.014660766,0.029321533,0.010995574
2020.0,-8.013393,-4.55856,2.255338,-0.007330383,0.02687807,0.002443461
2026.0,-7.9990277,-4.5561657,2.2840683,-0.028099801,0.013439035,-0.0061086523
2037.0,-7.920019,-4.6591167,2.2936451,-0.042760566,0.0061086523,-0.017104227
2046.0,-7.8912888,-4.759673,2.2864625,-0.04520403,0.013439035,-0.018325957
2087.0,-7.9822683,-4.8099513,2.3056161,-0.043982297,0.017104227,-0.013439035
2087.0,-8.025364,-4.7500963,2.2697031,-0.040317107,0.013439035,-0.012217305
2087.0,-7.9583263,-4.7500963,2.3175871,-0.021991149,0.014660766,-0.010995574
2092.0,-7.917625,-4.7788267,2.2625206,-0.002443461,0.017104227,-0.0036651916
2095.0,-8.018182,-4.735731,2.2649148,0.0036651916,0.008552114,-0.0012217305
2107.0,-7.953538,-4.687847,2.336741,0.012217305,0.0061086523,-0.0061086523
2117.0,-7.9607205,-4.7189717,2.3511062,0.030543262,0.013439035,-0.010995574
2126.0,-7.989451,-4.5992613,2.3439236,0.05009095,0.014660766,-0.012217305
2138.0,-7.9128366,-4.5896845,2.4301147,0.05497787,0.007330383,-0.012217305
2146.0,-7.941567,-4.656722,2.4181437,0.040317107,0.004886922,-0.017104227
2156.0,-7.953538,-4.656722,2.348712,0.017104227,0.008552114,-0.02565634
2166.0,-7.9607205,-4.6902413,2.3343468,-0.0036651916,0.0036651916,-0.030543262
2177.0,-8.037335,-4.644751,2.3630772,-0.014660766,0.0036651916,-0.035430185
2187.0,-8.061277,-4.7309427,2.3415294,-0.018325957,0.0012217305,-0.036651913
2199.0,-8.027759,-4.7309427,2.2936451,-0.019547688,-0.004886922,-0.035430185
2206.0,-7.9870567,-4.675876,2.3104045,-0.015882496,-0.009773844,-0.040317107
2219.0,-7.991845,-4.673482,2.2697031,-0.004886922,-0.010995574,-0.039095376
2227.0,-7.9702973,-4.6662993,2.2960393,0.009773844,-0.010995574,-0.032986723
2238.0,-7.9248075,-4.7165775,2.2409728,0.019547688,-0.017104227,-0.029321533
2248.0,-7.9272017,-4.745308,2.2744915,0.010995574,-0.008552114,-0.028099801
2259.0,-8.032547,-4.7189717,2.3008277,-0.0036651916,-0.012217305,-0.029321533
2267.0,-8.075643,-4.6806645,2.3535004,-0.007330383,-0.018325957,-0.034208454
2278.0,-8.013393,-4.6471453,2.3415294,-0.0012217305,-0.02687807,-0.032986723
2288.0,-8.001422,-4.656722,2.3918076,0.0036651916,-0.02076942,-0.02687807
2298.0,-7.941567,-4.6782703,2.3511062,0.0036651916,-0.015882496,-0.02321288
2307.0,-7.920019,-4.534618,2.3295584,-0.002443461,-0.0061086523,-0.02321288
2319.0,-7.8984714,-4.6112323,2.3295584,-0.0036651916,-0.0061086523,-0.021991149
2327.0,-7.8793178,-4.675876,2.3319526,-0.009773844,-0.008552114,-0.021991149
2337.0,-7.843405,-4.6112323,2.3199813,-0.014660766,-0.013439035,-0.02687807
2347.0,-7.8745294,-4.759673,2.3223755,-0.008552114,-0.010995574,-0.029321533
2360.0,-7.831434,-4.7524905,2.3582888,0.002443461,-0.013439035,-0.02687807
2367.0,-7.8505874,-4.7764325,2.3056161,0.012217305,-0.017104227,-0.02687807
2379.0,-7.9463553,-4.7524905,2.3582888,0.015882496,-0.010995574,-0.021991149
2387.0,-7.929596,-4.7189717,2.3415294,0.012217305,0.004886922,-0.02076942
2398.0,-7.9702973,-4.7788267,2.2649148,0.009773844,0.010995574,-0.015882496
2406.0,-7.9702973,-4.7500963,2.231396,-0.0012217305,0.02076942,-0.007330383
2418.0,-7.9391727,-4.747702,2.2577322,-0.015882496,0.013439035,-0.004886922
2426.0,-7.929596,-4.7524905,2.2936451,-0.019547688,0.002443461,-0.0061086523
2439.0,-7.85777,-4.6591167,2.2936451,-0.013439035,-0.007330383,-0.0061086523
2447.0,-7.845799,-4.685453,2.3295584,-0.007330383,-0.015882496,-0.004886922
2457.0,-7.809886,-4.735731,2.3582888,-0.017104227,0.0,-0.004886922
2467.0,-7.85777,-4.7309427,2.336741,-0.03176499,-0.0061086523,-0.007330383
2477.0,-7.93199,-4.745308,2.3942018,-0.034208454,-0.0036651916,-0.014660766
2488.0,-7.9870567,-4.7668557,2.3175871,-0.019547688,0.008552114,-0.014660766
2500.0,-7.8745294,-4.8099513,2.2529438,-0.004886922,0.019547688,-0.010995574
2507.0,-7.860164,-4.8362875,2.2337902,0.002443461,0.014660766,-0.004886922
2520.0,-7.7691846,-4.757279,2.219425,-0.010995574,0.010995574,0.0012217305
2529.0,-7.8745294,-4.687847,2.2720973,-0.010995574,0.010995574,0.0012217305
2539.0,-7.917625,-4.7022123,2.3295584,-0.012217305,0.013439035,0.002443461
2547.0,-7.821857,-4.7141833,2.267309,-0.013439035,0.008552114,0.002443461
2559.0,-7.855376,-4.697424,2.2840683,-0.014660766,0.008552114,-0.007330383
2566.0,-7.776367,-4.606444,2.3223755,-0.012217305,0.0036651916,-0.018325957
2577.0,-7.819463,-4.6112323,2.3678656,-0.007330383,0.0036651916,-0.021991149
2586.0,-7.845799,-4.644751,2.3535004,-0.010995574,0.012217305,-0.02565634
2598.0,-7.8410106,-4.7165775,2.303222,-0.02565634,0.017104227,-0.042760566
2607.0,-7.8888946,-4.853047,2.2457612,-0.02565634,0.02443461,-0.04153884
2620.0,-7.920019,-4.8386817,2.2385786,-0.02076942,0.02443461,-0.037873644
2628.0,-7.896077,-4.8386817,2.2936451,-0.013439035,0.017104227,-0.032986723
2639.0,-7.9391727,-4.8386817,2.2816741,-0.008552114,0.019547688,-0.02687807
2649.0,-7.917625,-4.8267107,2.327164,-0.0036651916,0.012217305,-0.018325957
2659.0,-7.8984714,-4.8147397,2.3104045,-0.0012217305,0.009773844,-0.014660766
2668.0,-7.8529816,-4.795586,2.2697031,0.004886922,0.0061086523,-0.014660766
2680.0,-7.9008656,-4.72376,2.2577322,0.009773844,0.014660766,-0.008552114
2688.0,-7.967903,-4.7429137,2.2457612,0.008552114,0.012217305,-0.004886922
2699.0,-7.989451,-4.733337,2.2409728,0.007330383,0.013439035,-0.0061086523
2708.0,-7.93199,-4.7668557,2.315193,0.010995574,0.013439035,-0.008552114
2719.0,-7.953538,-4.795586,2.3295584,0.008552114,0.008552114,-0.004886922
2729.0,-7.884106,-4.733337,2.3630772,-0.002443461,-0.0012217305,-0.0012217305
2741.0,-7.8912888,-4.709395,2.3295584,-0.012217305,-0.0036651916,-0.0012217305
2748.0,-7.8793178,-4.7740383,2.3295584,-0.017104227,0.0036651916,0.0012217305
2759.0,-7.9391727,-4.72376,2.360683,-0.014660766,0.004886922,0.0061086523
2769.0,-7.8984714,-4.759673,2.2960393,-0.017104227,0.008552114,0.008552114
2779.0,-7.9367785,-4.891354,2.27928,-0.015882496,0.018325957,0.007330383
2788.0,-7.9583263,-4.8698063,2.2888567,-0.004886922,0.014660766,0.009773844
2800.0,-8.003817,-4.7764325,2.3511062,0.007330383,0.010995574,0.009773844
2809.0,-7.9942393,-4.805163,2.3319526,0.014660766,0.008552114,0.012217305
2821.0,-7.9032598,-4.8003745,2.3822308,0.012217305,-0.002443461,0.014660766
2828.0,-7.8865004,-4.733337,2.3918076,-0.0012217305,-0.002443461,0.012217305
2839.0,-7.9152308,-4.7524905,2.3415294,-0.013439035,0.007330383,0.009773844
2850.0,-7.9511437,-4.7979803,2.3415294,-0.013439035,0.0061086523,0.009773844
2860.0,-7.867347,-4.7907977,2.3127987,0.0,0.004886922,0.010995574
2867.0,-7.8769236,-4.855441,2.3511062,0.019547688,0.009773844,0.017104227
2879.0,-7.855376,-4.7668557,2.3535004,0.036651913,0.002443461,0.02076942
2888.0,-7.9224133,-4.7165775,2.3535004,0.043982297,0.007330383,0.019547688
2899.0,-7.955932,-4.661511,2.3798366,0.047647487,0.012217305,0.010995574
2907.0,-7.881712,-4.6830587,2.3750482,0.061086524,0.004886922,0.0012217305
2920.0,-7.8290396,-4.6591167,2.3439236,0.07696902,0.008552114,-0.0012217305
2928.0,-7.8410106,-4.7524905,2.3008277,0.07941248,0.015882496,0.004886922
2938.0,-7.9487495,-4.7070007,2.3080103,0.06352998,0.009773844,0.007330383
2948.0,-7.9248075,-4.721366,2.27928,0.04153884,0.013439035,0.002443461
2957.0,-7.955932,-4.7309427,2.27928,0.02321288,0.004886922,0.0012217305
2969.0,-7.9702973,-4.7261543,2.2457612,0.0061086523,-0.012217305,-0.002443461
2980.0,-7.845799,-4.7261543,2.2888567,-0.009773844,-0.02687807,-0.007330383
2988.0,-7.872135,-4.7524905,2.3750482,-0.019547688,-0.02076942,-0.008552114
2999.0,-7.773973,-4.735731,2.3654714,-0.018325957,-0.017104227,-0.007330383
3009.0,-7.800309,-4.745308,2.3989902,-0.010995574,-0.010995574,-0.004886922
3020.0,-7.8050976,-4.656722,2.291251,0.0,0.002443461,-0.004886922
3029.0,-7.845799,-4.7381253,2.3247697,0.008552114,0.0012217305,-0.008552114
