25.0,2.7126305,3.6966474,8.700529,-0.8723156,-0.45204028,0.312763
25.0,2.6671407,3.7684734,8.688558,0.16126843,0.13683382,-0.087964594
37.0,2.7461493,3.9863458,8.6574335,0.043982297,-0.2602286,-0.23701571
42.0,2.8323407,4.417302,8.542512,-0.09040806,-0.40683624,-0.3323107
53.0,2.695871,4.4675803,8.604761,-0.05497787,0.39095375,-0.029321533
62.0,2.56419,4.173094,8.626308,-0.1966986,0.42760566,-0.0061086523
73.0,2.4971523,3.940856,8.580819,-0.28099802,0.26633725,-0.04520403
82.0,3.2920272,3.8666358,8.449138,-0.2406809,0.095294975,-0.12705997
92.0,2.5929205,4.498705,8.51857,-0.21135938,0.08674286,-0.2003638
102.0,2.6527755,4.429273,8.487445,-0.19303341,0.096516706,-0.23823744
114.0,2.80361,4.3023806,8.418014,-0.20647246,0.09162979,-0.2406809
123.0,2.813187,4.4340615,8.599973,-0.2565634,0.105068825,-0.28344148
134.0,2.5833437,4.2760444,8.571242,-0.31520647,0.13072516,-0.31520647
143.0,2.492364,4.144363,8.542512,-0.34330627,0.1282817,-0.32742378
153.0,2.4301147,4.072537,8.7532015,-0.31520647,0.111177474,-0.3286455
163.0,2.5258827,4.3287168,8.664616,-0.25778514,0.087964594,-0.3359759
176.0,2.5929205,4.5274353,8.686164,-0.21502456,0.06719518,-0.35063666
183.0,2.6719291,4.8937483,8.506598,-0.23701571,0.059864793,-0.3811799
193.0,2.6767175,5.109226,8.578424,-0.32742378,0.058643065,-0.42394048
204.0,2.645593,5.1690817,8.513782,-0.43860126,0.06963864,-0.5021312
213.0,2.5258827,4.7261543,8.51857,-0.5338962,0.103847094,-0.5888741
224.0,2.3870192,4.295198,8.714894,-0.60231316,0.13439035,-0.643852
235.0,2.255338,3.9121256,8.860941,-0.6365216,0.15027285,-0.6743952
244.0,2.2026656,3.6870706,9.138668,-0.6035349,0.16126843,-0.71837753
253.0,2.3558946,4.0222588,9.016563,-0.54611355,0.1600467,-0.79045963
263.0,2.4061728,4.367024,8.856153,-0.5155703,0.15393804,-0.86620694
274.0,2.5067291,4.6830587,8.683769,-0.5864306,0.1685988,-0.9602802
283.0,2.4971523,4.6255975,8.664616,-0.7892379,0.22113322,-1.0592403
294.0,2.4827871,4.453215,8.576031,-1.0946705,0.3005457,-1.1520919
303.0,2.4277205,4.197036,8.746018,-1.4758505,0.37384954,-1.2620476
313.0,2.554613,3.715801,8.803479,-1.863139,0.45814893,-1.3952162
324.0,2.5881321,3.1004913,8.841787,-2.2406538,0.54367006,-1.5381587
334.0,2.669535,2.528277,8.78672,-2.624277,0.6389651,-1.6664404
343.0,2.777274,1.9536686,8.693346,-2.9993484,0.73914695,-1.767844
354.0,2.8419175,1.4077905,8.59279,-3.3402112,0.86132,-1.8545868
363.0,2.918532,1.0534488,8.336611,-3.662748,0.97005403,-1.9657644
373.0,2.9400797,0.7589619,8.0924015,-3.9926152,1.0763446,-2.1050417
383.0,3.0621839,0.16519992,7.81228,-4.351804,1.210735,-2.2504275
394.0,3.2441432,-0.5506664,7.5920134,-4.7671924,1.3610078,-2.3726006
404.0,3.347094,-1.1180922,7.45315,-5.2070155,1.5467108,-2.4544566
415.0,3.4524388,-1.9153614,7.1993647,-5.5906386,1.7324139,-2.5130997
423.0,3.4931402,-2.717419,6.8785415,-5.90218,1.9278907,-2.565634
435.0,3.596091,-3.620033,6.600814,-6.168517,2.1160371,-2.5949554
444.0,3.7134068,-5.0134583,6.205771,-6.3493333,2.3310618,-2.5900686
454.0,3.2345665,-6.2943563,6.1219735,-6.3627725,2.557082,-2.5411994
463.0,2.3798366,-7.2568254,6.229713,-6.2015038,2.7085764,-2.4459045
475.0,1.4939818,-7.7907324,6.445191,-5.905845,2.737898,-2.324953
484.0,0.78290397,-7.979874,6.4763155,-5.5564303,2.6316075,-2.2296581
494.0,0.2896984,-8.030152,6.4188547,-5.2192326,2.4727826,-2.1978931
504.0,0.033518825,-7.9942393,6.361394,-4.9284606,2.2785273,-2.20278
514.0,-0.51475334,-7.8888946,6.4140663,-4.696332,2.1025982,-2.1587977
523.0,-1.2258313,-8.015787,6.31351,-4.477642,1.9315559,-1.990199
536.0,-2.1068976,-8.470686,6.600814,-4.0671406,1.5906931,-1.428203
544.0,-3.3638535,-8.9279785,6.730101,-4.0671406,1.5906931,-1.428203
554.0,-4.4819455,-9.119514,7.285556,-3.7604864,1.3536774,-1.17897
564.0,-5.1762643,-9.174581,7.9966335,-3.3646457,1.0861185,-1.0189233
574.0,-5.5737014,-8.920795,8.403648,-2.8979447,0.8210029,-0.88331115
584.0,-5.5377884,-9.01417,9.19134,-2.52043,0.5571091,-0.6939429
595.0,-5.6335564,-9.840169,9.835381,-2.025629,0.41416663,0.0
604.0,-6.5146227,-12.002133,10.156203,-1.7140878,0.3640757,0.4288274
614.0,-6.7324953,-12.315774,10.048465,-1.251052,0.3005457,0.77824235
627.0,-6.3422403,-12.112267,9.868899,-0.63041294,0.2406809,1.0213667
638.0,-5.650316,-11.896789,9.583989,-0.039095376,0.20769419,1.2388347
646.0,-5.2504845,-12.162544,9.241618,0.37873647,0.29443705,1.5357152
658.0,-5.0900726,-12.35887,8.63828,0.5448918,0.43371433,1.9083431
667.0,-5.0278234,-11.8896055,8.080431,0.43982297,0.58276546,2.2272146
677.0,-5.109226,-11.786655,7.6853876,0.22479841,0.77579886,2.3958135
687.0,-5.1906295,-12.291832,7.180211,0.07086037,0.99082345,2.5045476
696.0,-5.1666875,-12.538434,6.50744,-0.02565634,1.174083,2.7232373
706.0,-4.6399627,-11.81778,6.105214,-0.13072516,1.2950343,2.992018
717.0,-4.4125137,-11.257536,5.3606176,-0.14538592,1.4453071,3.1655037
727.0,-4.0821137,-10.30225,4.88896,-0.065973446,1.5308284,3.3121114
737.0,-3.8522706,-9.43076,4.4963107,0.012217305,1.5442673,3.4684927
746.0,-3.7612908,-8.911219,4.1946416,0.09407325,1.5882497,3.6114354
757.0,-4.0557775,-8.932767,3.6750996,0.10262536,1.6310102,3.794695
768.0,-4.2042184,-8.456321,3.1435869,-0.09773844,1.5760323,4.0317106
777.0,-4.3742065,-7.714118,2.731784,-0.5290093,1.4819591,4.184427
787.0,-4.474763,-7.477092,2.1978772,-1.1093313,1.4367551,4.223522
797.0,-4.5322237,-7.422025,1.4556746,-1.8374827,1.351234,4.3041563
807.0,-4.2401314,-7.5321584,1.4077905,-2.5778513,1.287704,4.443434
816.0,-4.6375685,-8.358158,1.1013328,-2.928488,1.3158038,4.592485
826.0,-5.044583,-8.497022,1.2162545,-2.6597073,1.2009611,4.773301
839.0,-5.1571107,-7.273585,1.4197617,-1.9682078,0.92485,4.8857
847.0,-5.171476,-5.9160724,1.2114661,-1.1154399,0.6401868,4.8930306
856.0,-5.0254292,-4.7788267,0.8619126,-0.3848451,0.4361578,4.895474
867.0,-4.709395,-3.6750996,1.6280571,-0.02321288,0.32986724,4.94923
877.0,-4.5561657,-2.9616275,2.3056161,0.02443461,0.3726278,5.0200906
888.0,-4.417302,-2.815581,2.6599581,-0.03176499,0.45204028,5.059186
898.0,-4.4939165,-2.858677,2.7509377,-0.07574729,0.50579643,5.087286
907.0,-4.292804,-2.4899697,2.3894134,-0.09040806,0.45081854,5.082399
916.0,-4.235343,-1.7357962,2.6431987,-0.0842994,0.39828414,4.9419
928.0,-4.6399627,-1.2282255,2.1667526,0.04642576,0.44104472,4.6340237
937.0,-5.9064956,-1.6639702,2.60968,0.30665436,0.50701815,4.3114867
946.0,-6.2991447,-0.9576807,2.4372973,0.47647488,0.42271876,4.089132
959.0,-5.6407394,-0.35673606,2.0374656,0.36774087,0.32986724,3.9901717
966.0,-5.035006,0.3184288,1.8363527,0.105068825,0.344528,3.8948767
976.0,-4.560954,0.7015011,3.052607,-0.10873401,0.40439278,3.659083
987.0,-4.697424,0.93613285,3.9624038,-0.058643065,0.49602258,3.3011158
997.0,-4.656722,1.5682021,4.7907977,0.28710666,0.4654793,2.8832839
1008.0,-4.5513773,2.822764,5.3247046,0.75502944,0.35430184,2.4593434
1018.0,-4.630386,4.6926355,4.6806645,1.237613,0.28588495,2.043955
1050.0,-4.5202527,6.4140663,4.733337,1.5870279,0.27977628,1.6224581
1050.0,-4.525041,7.85777,4.6040497,1.7434094,0.36896262,1.1557571
1050.0,-4.582502,9.859323,3.8259344,1.6627752,0.4605924,0.5522222
1058.0,-5.08289,10.201694,2.8107927,1.2583824,0.5363397,-0.18203785
1078.0,-5.6910176,7.848193,1.8531121,0.5216789,0.6218608,-0.72326446
1078.0,-6.3111157,4.6782703,1.3814543,-0.3726278,0.6291912,-0.89919364
1087.0,-7.16824,1.5155296,1.5514427,-1.0213667,0.60231316,-0.9297369
1097.0,-8.281544,-0.7422025,2.8802247,-1.0580186,0.5839872,-1.0140363
1107.0,-9.0429,-1.7741034,3.335123,-0.4202753,0.408058,-1.1655309
1116.0,-9.411607,-1.8363527,3.41892,0.5375614,0.112399206,-1.3011429
1126.0,-9.370906,-1.3479356,3.502717,1.3866642,-0.17104226,-1.3732251
1139.0,-9.715671,-0.8355764,3.2561142,1.9058995,-0.33353242,-1.3707817
1147.0,-10.3214035,-0.2657564,3.2273839,2.0647244,-0.39706242,-1.3023647
1157.0,-10.924743,0.17477672,2.9472623,1.9327776,-0.40683624,-1.1630874
1168.0,-11.11149,0.011971008,2.4229321,1.6371188,-0.36285394,-0.9663888
1177.0,-11.089942,-0.842759,2.3439236,1.282817,-0.2919936,-0.7696902
1188.0,-10.931925,-1.7669208,2.27928,0.93828905,-0.19914207,-0.593761
1199.0,-10.929531,-2.3918076,2.327164,0.7281514,-0.13805555,-0.38728857
1208.0,-11.070788,-2.7126305,2.5929205,0.65240407,-0.112399206,-0.12217305
1217.0,-11.015722,-2.5450363,2.5019407,0.66828656,-0.103847094,0.1563815
1227.0,-10.979809,-2.1045034,2.4181437,0.7098254,-0.1001819,0.40561453
1239.0,-10.644621,-1.2808979,2.4372973,0.689056,-0.08552113,0.62796944
1248.0,-10.216059,-0.39743748,2.5761611,0.5412266,-0.059864793,0.84665924
1257.0,-9.744401,0.29927522,2.5258827,0.28588495,-0.012217305,1.0482447
1267.0,-9.380483,0.89303726,2.3678656,0.013439035,0.04153884,1.2021828
1277.0,-9.097966,1.5729905,1.9871874,-0.2443461,0.06841691,1.2962561
1287.0,-8.935161,1.9919758,2.0231004,-0.47158796,0.08552113,1.3524556
1297.0,-8.631097,2.1523874,2.2218192,-0.6780604,0.089186326,1.3756685
1308.0,-8.437167,2.1691468,2.5067291,-0.8393288,0.089186326,1.359786
1319.0,-8.166622,2.2720973,2.8874073,-0.91874135,0.07941248,1.2986995
1328.0,-7.97748,2.693477,2.6671407,-0.8943067,0.059864793,1.1936307
1338.0,-7.3789296,3.0334535,3.9911342,-0.5571091,0.014660766,0.7049385
1347.0,-6.8162923,4.345476,3.6391866,-0.5571091,0.014660766,0.7049385
1357.0,-6.4619503,6.931214,3.4093432,-0.30787608,0.009773844,0.23457226
1368.0,-6.2105594,8.257602,2.8060043,-0.018325957,0.0036651916,-0.22357668
1378.0,-6.3781533,7.350199,2.3415294,0.17959438,0.029321533,-0.52290064
1387.0,-7.1083846,5.195418,1.9249382,0.09896017,0.07941248,-0.643852
1398.0,-8.010999,3.1004913,1.946486,-0.22113322,0.16737708,-0.65118235
1408.0,-8.848969,1.2665327,2.219425,-0.48502702,0.24678956,-0.6426302
1417.0,-9.516952,-0.110133275,2.5929205,-0.20647246,0.17715092,-0.6585127
1426.0,-10.177752,-0.49320555,2.3678656,0.14049901,0.047647487,-0.71959925
1439.0,-10.15381,0.088585466,2.3894134,0.37995818,-0.04520403,-0.79901177
1447.0,-10.117896,0.5793968,2.2457612,0.48502702,-0.06963864,-0.8405506
1456.0,-10.022128,0.4165911,2.2840683,0.5009095,0.0012217305,-0.81000733
1467.0,-10.036493,-0.33279404,1.946486,0.47036624,0.10751228,-0.7110472
1478.0,-10.309433,-1.0486604,1.7190368,0.37995818,0.21135938,-0.55833083
1487.0,-10.575189,-1.5634137,1.5586253,0.27855456,0.29932398,-0.38606682
1500.0,-10.4171715,-1.5849615,1.6448165,0.22968534,0.33108896,-0.22602014
1507.0,-10.127473,-1.3120226,1.6112977,0.25900686,0.3371976,-0.07696902
1519.0,-9.651027,-0.8595184,1.6352397,0.32375857,0.3213151,0.065973446
1528.0,-9.495404,-0.20111294,1.6639702,0.31642818,0.2968805,0.19792034
1538.0,-9.270349,0.40462008,1.8076223,0.18936823,0.2773328,0.3115413
1548.0,-9.066842,0.89303726,1.7908629,-0.018325957,0.2602286,0.4166101
1560.0,-8.949526,1.1324574,1.8435353,-0.26633725,0.24556783,0.51068336
1569.0,-8.78672,1.1755531,1.9321208,-0.5546656,0.24312437,0.57543504
1577.0,-8.614338,1.2449849,2.1332338,-0.85154617,0.23457226,0.6084218
1589.0,-8.465898,1.1755531,2.243367,-1.1154399,0.21746802,0.6010914
1598.0,-8.3629465,1.0582372,2.303222,-1.3011429,0.19058995,0.55833083
1609.0,-8.346188,0.79008657,2.2625206,-1.3634512,0.1600467,0.5119051
1619.0,-8.372523,0.92176765,2.3774424,-1.2400564,0.13439035,0.46670106
1627.0,-8.341399,1.292869,2.4947581,-0.8894198,0.08552113,0.4166101
1639.0,-8.264784,1.3479356,2.789245,-0.3555236,0.007330383,0.34574974
1649.0,-8.3868885,2.1380222,2.9903579,0.2284636,-0.06841691,0.2284636
1658.0,-8.5473,3.9743748,2.8754363,0.6780604,-0.15393804,0.019547688
1668.0,-8.659827,5.305551,2.5378537,0.87964594,-0.20158553,-0.20525073
1680.0,-8.805874,5.0278234,2.4875755,0.79901177,-0.15515977,-0.32620203
1689.0,-9.289502,3.8426938,2.111686,0.4361578,-0.062308256,-0.31642818
1698.0,-9.840169,2.4420857,2.030283,-0.040317107,0.040317107,-0.25411993
1708.0,-10.13705,1.1875241,2.1571758,-0.3640757,0.12950343,-0.22235495
1719.0,-10.21127,0.2705448,2.4636335,-0.36651915,0.13316862,-0.22724187
1728.0,-10.103531,-0.30166942,2.5785553,-0.09773844,0.07452556,-0.22724187
1740.0,-9.890448,-0.18435353,2.504335,0.27855456,-0.0012217305,-0.2125811
1747.0,-9.753978,0.33279404,2.7581203,0.5717699,-0.052534413,-0.21135938
1758.0,-9.540894,1.0342951,3.0023289,0.6817256,-0.04886922,-0.22357668
1768.0,-9.291897,1.5873557,3.0669725,0.6377433,-0.0036651916,-0.23579398
1777.0,-9.165004,1.8459295,2.89459,0.5522222,0.07819075,-0.26389378
1788.0,-9.296685,1.958457,2.6743233,0.54244834,0.16737708,-0.30909783
1800.0,-9.488221,1.8076223,2.3104045,0.63041294,0.24678956,-0.34208453
1808.0,-9.557653,1.400608,1.970428,0.74281216,0.30787608,-0.32620203
1818.0,-9.536105,0.93373865,1.8076223,0.79534656,0.3371976,-0.26511553
1829.0,-9.435549,0.4237737,1.6567876,0.7965683,0.35063666,-0.19425514
1840.0,-9.3182335,0.19393034,1.4221559,0.784351,0.33108896,-0.12950343
1849.0,-9.349358,-0.0023942017,1.3910311,0.75136423,0.28344148,-0.080634214
1859.0,-9.437943,-0.16519992,1.2497733,0.68539083,0.23701571,-0.047647487
1869.0,-9.409213,-0.28491,1.5490485,0.61941737,0.18448131,-0.0061086523
1879.0,-9.239224,-0.46926352,1.3790601,0.5705481,0.14172074,0.06841691
1889.0,-9.076419,-0.5386954,1.3670892,0.5766568,0.10262536,0.17837265
1899.0,-9.038112,-0.20590134,1.3335704,0.61941737,0.056199603,0.2968805
1907.0,-9.033323,0.20590134,1.2042835,0.6365216,0.021991149,0.39828414
1919.0,-9.028535,0.557849,0.9792285,0.6133087,-0.007330383,0.4801401
1926.0,-9.143456,1.0510546,0.90740246,0.49968776,-0.02443461,0.53878313
1938.0,-9.136273,1.6376339,0.8834604,0.2846632,-0.04520403,0.57910025
1946.0,-8.990228,2.0254946,0.93613285,0.030543262,-0.061086524,0.61575216
1958.0,-8.846576,2.135628,1.4437037,-0.20280726,-0.057421334,0.62796944
1967.0,-8.870518,1.8914193,1.508347,-0.35308012,-0.05497787,0.6035349
1979.0,-9.011775,1.3359646,2.0518308,-0.3921755,-0.04642576,0.5644395
1987.0,-8.99741,1.6184803,2.5689783,-0.31764993,-0.057421334,0.49113566
1997.0,-8.961497,3.5194764,2.3391352,-0.12583824,-0.105068825,0.31520647
2007.0,-8.717288,5.659893,2.243367,0.10140363,-0.12461651,0.035430185
2019.0,-8.429984,6.4140663,1.8243817,0.23457226,-0.105068825,-0.23457226
2029.0,-8.506598,5.877765,1.496376,0.15027285,-0.0061086523,-0.4129449
2041.0,-8.808268,4.4436383,1.5011644,-0.16126843,0.12461651,-0.49480084
2058.0,-9.11712,2.7724855,1.4867992,-0.5216789,0.2443461,-0.51068336
2058.0,-9.272743,1.2808979,1.8435353,-0.6914995,0.3005457,-0.5021312
2067.0,-9.325416,0.21547815,1.9033904,-0.5681047,0.29443705,-0.48747048
2078.0,-9.440337,-0.3878607,2.0590134,-0.18936823,0.2406809,-0.47403142
2087.0,-9.583989,-0.44532153,2.0709844,0.31031954,0.15515977,-0.47403142
2098.0,-9.605537,0.23702596,1.9297266,0.75625116,0.08552113,-0.49968776
2107.0,-9.581595,1.1683705,1.6400281,1.0580186,0.036651913,-0.54367006
2117.0,-9.557653,1.7812861,1.3934253,1.1704178,0.02076942,-0.5644395
2127.0,-9.619903,1.7022774,1.3599066,1.0934488,0.02076942,-0.535118
2139.0,-9.634268,1.0486604,1.0414777,0.6646214,0.080634214,-0.35430184
2147.0,-9.849746,0.18435353,0.8403648,0.6646214,0.080634214,-0.35430184
2159.0,-10.043676,-0.50996494,0.8571242,0.49480084,0.09773844,-0.23823744
2167.0,-10.101137,-0.9696517,0.8571242,0.43493605,0.080634214,-0.12095132
2178.0,-10.081984,-0.90021986,0.9624691,0.43004912,0.02443461,0.004886922
2187.0,-9.837775,-0.581791,1.2449849,0.41172317,-0.04642576,0.13683382
2199.0,-9.548077,-0.19871874,1.3934253,0.33353242,-0.087964594,0.25289822
2208.0,-9.392453,0.22505496,1.6424223,0.172264,-0.10751228,0.3494149
2219.0,-9.217676,0.59615624,1.5801731,-0.2761111,-0.10995574,0.5656612
2229.0,-9.13388,0.80924016,1.6089035,-0.48624873,-0.09896017,0.6743952
2241.0,-9.105149,1.2306197,1.6783354,-0.62796944,-0.09162979,0.7538077
2248.0,-9.107543,1.6184803,1.6687586,-0.6939429,-0.1001819,0.77091193
2259.0,-9.076419,2.111686,1.6280571,-0.6939429,-0.10262536,0.72692966
2270.0,-8.925584,1.9608512,1.8938135,-0.6291912,-0.103847094,0.6609562
2280.0,-8.714894,2.0135236,2.755726,-0.4642576,-0.12705997,0.55833083
2289.0,-8.425196,4.156334,3.13401,-0.22602014,-0.17715092,0.3323107
2299.0,-7.941567,6.555324,3.2393548,0.019547688,-0.24190263,-0.0036651916
2310.0,-7.872135,7.6375036,2.7341783,0.18570304,-0.19547687,-0.3323107
2320.0,-8.09719,6.5625067,2.6168625,0.21135938,-0.040317107,-0.56321776
2330.0,-8.7125,4.249708,2.1499932,0.017104227,0.15515977,-0.61575216
2342.0,-9.241618,2.0111294,1.7980455,-0.2443461,0.33964106,-0.5314528
2350.0,-9.540894,0.19153613,1.6400281,-0.31398472,0.41783184,-0.42760566
2360.0,-9.694122,-0.9696517,1.7669208,-0.103847094,0.35185838,-0.3481932
2369.0,-9.787497,-1.1228806,1.6903064,0.31031954,0.21135938,-0.33964106
2380.0,-9.610326,-0.48841715,1.7070658,0.7733554,0.042760566,-0.41905355
2388.0,-9.497798,0.5363012,1.8507179,1.1215485,-0.065973446,-0.5326745
2401.0,-9.576807,1.5227122,1.733402,1.2705997,-0.095294975,-0.59742624
2409.0,-9.5385,2.078167,1.6136919,1.2095132,-0.06719518,-0.58032197
2420.0,-9.607931,2.0949266,1.4628572,1.0005972,-0.0036651916,-0.50579643
2430.0,-9.574412,1.6065093,1.2378023,0.7281514,0.062308256,-0.43004912
2442.0,-9.67018,1.0534488,1.1659763,0.453262,0.10629055,-0.38240165
2451.0,-9.710882,0.61530983,1.13964,0.22724187,0.12583824,-0.344528
2460.0,-9.737218,0.22026655,1.2593501,0.087964594,0.13316862,-0.30176744
2470.0,-9.682152,-0.06943185,1.1683705,0.002443461,0.10629055,-0.24678956
2480.0,-9.667787,-0.20590134,1.2138603,-0.052534413,0.081855945,-0.16615535
2491.0,-9.739613,-0.20350714,1.0702082,-0.056199603,0.062308256,-0.07086037
2501.0,-9.742006,-0.21787235,1.0127473,-0.014660766,0.034208454,0.02321288
2511.0,-9.749189,0.007182605,0.92895025,0.047647487,0.010995574,0.103847094
2520.0,-9.696517,0.22266077,0.8882488,0.09407325,-0.0061086523,0.17104226
2531.0,-9.531317,0.40462008,0.9744401,0.089186326,-0.021991149,0.23823744
2541.0,-9.409213,0.5626374,1.1779473,0.040317107,-0.02687807,0.30665436
2551.0,-9.275137,0.7661445,1.3215994,-0.017104227,-0.013439035,0.35063666
2560.0,-9.198523,0.9744401,1.388637,-0.056199603,0.012217305,0.35796702
2570.0,-9.095572,1.0845734,1.4628572,-0.07941248,0.02076942,0.35918877
2580.0,-9.138668,1.2473791,1.3718776,-0.08307768,0.029321533,0.37995818
2589.0,-9.169792,1.4867992,1.3192052,-0.073303826,0.043982297,0.4007276
2600.0,-9.174581,1.934515,1.3311762,-0.0720821,0.05009095,0.39706242
2610.0,-8.966286,2.1428106,1.283292,-0.09896017,0.05497787,0.3640757
2621.0,-8.9519205,2.3056161,1.1851299,-0.1600467,0.05009095,0.3213151
2631.0,-8.853758,2.408567,1.3623008,-0.27977628,0.05131268,0.27000242
2643.0,-8.872911,2.4588451,1.6089035,-0.41538838,0.06352998,0.20280726
2649.0,-8.896853,2.3511062,1.7621324,-0.50823987,0.07086037,0.13316862
2661.0,-8.939949,2.1284454,1.8243817,-0.5326745,0.08674286,0.07941248
2669.0,-9.011775,1.910573,1.9057846,-0.4972443,0.09773844,0.043982297
2680.0,-9.028535,1.6807296,1.8818425,-0.42149702,0.11362094,0.012217305
2689.0,-9.069236,1.5394717,1.745373,-0.27977628,0.1282817,-0.035430185
2700.0,-9.119514,1.553837,1.553837,-0.087964594,0.11728613,-0.10140363
2710.0,-9.232041,1.8602947,1.5466543,0.08552113,0.09162979,-0.15393804
2721.0,-9.346964,1.9800048,1.4077905,0.1966986,0.065973446,-0.17837265
2730.0,-9.416395,2.0398598,1.2282255,0.23090707,0.040317107,-0.18570304
2742.0,-9.43076,1.8866309,1.3383588,0.19181168,0.03176499,-0.18448131
2750.0,-9.425972,1.5370775,1.3838485,0.112399206,0.037873644,-0.17715092
2762.0,-9.392453,1.1707647,1.5562311,0.029321533,0.047647487,-0.1600467
2771.0,-9.545682,0.90740246,1.5921441,-0.040317107,0.04642576,-0.13439035
2781.0,-9.5385,0.7182605,1.6831238,-0.09896017,0.056199603,-0.112399206
2790.0,-9.64145,0.6847417,1.6208745,-0.111177474,0.059864793,-0.10262536
2799.0,-9.605537,0.7374141,1.5370775,-0.07574729,0.06841691,-0.09285152
2810.0,-9.5385,0.79487497,1.4389153,0.0,0.07086037,-0.06963864
2822.0,-9.624691,1.0151415,1.352724,0.07941248,0.065973446,-0.032986723
2831.0,-9.574412,1.2162545,1.3072342,0.12217305,0.05009095,0.0061086523
2842.0,-9.49301,1.5921441,1.3144168,0.10995574,0.037873644,0.037873644
2850.0,-9.392453,1.7118542,1.1611878,0.058643065,0.021991149,0.062308256
2861.0,-9.301474,1.7381904,1.1875241,-0.018325957,0.002443461,0.073303826
2871.0,-9.399636,1.7118542,1.2737153,-0.09040806,0.012217305,0.06719518
2882.0,-9.3661175,1.7310078,1.4820108,-0.12095132,0.012217305,0.05375614
2890.0,-9.193734,1.5825673,1.5705963,-0.103847094,0.0036651916,0.04153884
2899.0,-9.105149,1.5897499,1.5658079,-0.05375614,-0.008552114,0.02321288
2910.0,-9.181764,1.5729905,1.520318,0.017104227,-0.004886922,-0.0012217305
2920.0,-9.196129,1.6184803,1.5131354,0.09285152,0.004886922,-0.02687807
2932.0,-9.220071,1.6089035,1.4508862,0.15149458,0.002443461,-0.037873644
2944.0,-9.165004,1.6376339,1.508347,0.17715092,0.002443461,-0.042760566
2949.0,-9.126697,1.5346833,1.352724,0.18448131,0.013439035,-0.056199603
2959.0,-9.13388,1.5849615,1.2449849,0.17592919,0.008552114,-0.06963864
2971.0,-9.200917,1.6065093,1.1444284,0.14294247,0.010995574,-0.07696902
2981.0,-9.25359,1.6065093,1.127669,0.10140363,0.0036651916,-0.087964594
2991.0,-9.289502,1.6352397,1.1372458,0.06719518,-0.0061086523,-0.111177474
3003.0,-9.174581,1.4891934,1.2162545,0.04520403,-0.019547688,-0.12950343
