46.0,3.9025488,2.5761611,9.018958,0.2443461,-0.21135938,-0.017104227
46.0,3.9719806,1.5227122,9.076419,0.14660765,0.13927728,-0.0720821
46.0,3.6415808,1.3215994,8.829816,-0.04153884,-0.28955013,-0.25778514
74.0,3.5290532,1.5586253,8.875306,-0.07696902,-0.40683624,-0.27977628
74.0,3.6152446,2.4181437,8.7125,0.09040806,0.3640757,0.07696902
74.0,3.7062242,2.4540567,8.865729,0.04520403,0.3726278,0.062308256
95.0,3.7086184,2.2864625,8.827422,-0.05009095,0.19914207,0.05375614
95.0,3.6176388,1.9416976,8.942344,-0.14660765,0.035430185,0.009773844
101.0,3.5434184,1.7549498,8.966286,-0.18692477,0.04886922,-0.029321533
110.0,3.5649664,1.7046716,8.995016,-0.16249016,0.04520403,-0.056199603
121.0,3.526659,1.7286136,8.920795,-0.13194689,0.04153884,-0.05131268
130.0,3.526659,1.733402,8.949526,-0.12461651,0.042760566,-0.042760566
142.0,3.5458126,1.7022774,8.911219,-0.13561209,0.05009095,-0.05131268
150.0,3.5194764,1.6041151,8.899248,-0.16371189,0.047647487,-0.062308256
161.0,3.5338416,1.6280571,8.896853,-0.20280726,0.04886922,-0.06352998
171.0,3.6176388,1.5777789,8.9519205,-0.21746802,0.05375614,-0.062308256
182.0,3.5793316,1.5394717,8.939949,-0.2003638,0.06719518,-0.06841691
190.0,3.4332852,1.4867992,8.935161,-0.17104226,0.07574729,-0.07574729
202.0,3.4165258,1.4628572,8.961497,-0.14905111,0.08307768,-0.06841691
211.0,3.347094,1.6041151,8.9758625,-0.13805555,0.087964594,-0.056199603
221.0,3.4261026,1.6256629,9.0429,-0.13805555,0.08674286,-0.058643065
232.0,3.4117374,1.661576,9.109938,-0.15515977,0.09285152,-0.06719518
241.0,3.466804,1.6400281,9.0716305,-0.17348573,0.087964594,-0.07086037
251.0,3.4715924,1.7118542,9.129091,-0.18448131,0.09285152,-0.06719518
262.0,3.4141316,1.6663644,9.11712,-0.19058995,0.09040806,-0.07452556
271.0,3.4045548,1.7980455,9.009381,-0.22479841,0.09896017,-0.096516706
282.0,3.347094,1.8722657,9.0429,-0.28710666,0.112399206,-0.10873401
293.0,3.3734303,1.9249382,8.942344,-0.35185838,0.118507855,-0.10995574
301.0,3.371036,1.9009962,8.882488,-0.41416663,0.12461651,-0.118507855
311.0,3.4284968,1.8459295,8.889671,-0.48380527,0.13439035,-0.14049901
322.0,3.4452562,1.7477672,8.875306,-0.57787853,0.1441642,-0.15149458
332.0,3.430891,1.6448165,8.889671,-0.6951646,0.15882497,-0.16615535
341.0,3.3638535,1.5107412,8.9040365,-0.82344633,0.172264,-0.1881465
352.0,3.3063924,1.3503298,9.016563,-0.9615019,0.18325958,-0.20280726
362.0,3.3877954,1.2449849,9.246407,-1.0848967,0.1966986,-0.204029
372.0,3.3494883,1.0582372,9.325416,-1.1643091,0.20891592,-0.20158553
384.0,3.3782187,1.0749966,9.181764,-1.1997393,0.21991149,-0.2003638
391.0,3.406949,0.9528923,9.126697,-1.2229522,0.22602014,-0.19547687
402.0,3.3638535,0.89064306,9.114726,-1.2534955,0.2565634,-0.1881465
412.0,3.2393548,0.81402856,9.186552,-1.2767084,0.2773328,-0.18448131
422.0,3.086126,0.9816227,9.222465,-1.2864822,0.28344148,-0.18081611
432.0,3.098097,1.2641385,9.390059,-1.3084733,0.2773328,-0.17348573
443.0,3.2130187,1.4820108,9.363723,-1.3720033,0.27488935,-0.17715092
452.0,3.2824504,1.436521,9.473856,-1.518611,0.2968805,-0.18570304
462.0,3.2154129,1.3694834,9.718064,-1.8020525,0.344528,-0.19303341
472.0,2.9137435,1.4389153,9.629479,-2.1734586,0.40194935,-0.2003638
483.0,2.8514943,1.0486604,9.533711,-2.5558603,0.43860126,-0.204029
492.0,2.7700913,0.6703765,9.516952,-2.9309313,0.47891834,-0.23579398
503.0,2.554613,0.0,9.5385,-3.3011158,0.5412266,-0.31398472
512.0,2.5091233,-0.8475474,10.0269165,-3.717726,0.6072,-0.35918877
522.0,2.7222073,-1.4676456,10.484209,-4.2723913,0.68294734,-0.37140608
532.0,2.777274,-1.8411411,10.5680065,-4.855157,0.7635816,-0.37507126
542.0,2.779668,-2.707842,10.316615,-5.436701,0.8491027,-0.376293
552.0,2.5833437,-3.5482068,9.674969,-6.0939918,0.95294976,-0.3652974
563.0,2.2936451,-4.6232033,9.445126,-6.8441343,1.078788,-0.3213151
572.0,1.6232687,-5.683835,8.863335,-7.6187115,1.1777482,-0.20769419
583.0,1.2401965,-6.9024835,8.185776,-8.735373,1.2473868,0.052534413
592.0,0.90500826,-8.094796,7.369353,-8.735373,1.2473868,0.052534413
602.0,0.5602432,-9.217676,6.9862804,-8.980941,1.2718215,0.27855456
612.0,0.4429273,-10.594342,6.301539,-8.925963,1.2986995,0.5314528
623.0,0.51475334,-11.544841,6.045359,-8.679173,1.2486086,0.70249504
632.0,0.32561144,-11.927913,5.547365,-8.378628,1.2180653,0.8588765
642.0,0.2657564,-12.10269,4.9344497,-8.002335,1.2082914,1.0604621
652.0,0.22505496,-12.140997,4.5872903,-7.5551815,1.128879,1.2657127
662.0,0.16519992,-12.612655,3.8953662,-6.5521407,0.86254174,1.563815
672.0,-0.18195933,-14.243106,2.3319526,-6.0035834,0.7110472,1.7531832
685.0,-0.36152446,-14.848839,1.3958195,-5.381723,0.45570546,2.0427334
693.0,-0.51714754,-15.571888,0.6703765,-4.681671,0.25045475,2.2736404
703.0,-0.93134445,-15.717935,0.1316811,-3.9095376,0.16249016,2.4397957
714.0,-1.1420342,-15.258247,-0.15801731,-3.1031954,0.047647487,2.6083946
723.0,-1.0366893,-14.4609785,-0.61770403,-2.3652701,-0.14294247,2.7721064
734.0,-1.1755531,-14.111424,-1.3000516,-1.7935003,-0.30665436,2.886949
744.0,-1.2186487,-13.96059,-1.9847932,-1.4648548,-0.43982297,2.983466
753.0,-1.2952632,-14.037205,-2.837129,-1.346347,-0.5900958,3.097087
763.0,-1.520318,-13.749901,-3.4572272,-1.3341297,-0.766025,3.241251
775.0,-1.7429788,-13.441049,-3.466804,-1.3011429,-0.9578367,3.3524284
785.0,-1.9009962,-13.431472,-3.7565024,-1.2461652,-1.1447614,3.4440582
794.0,-1.8148049,-13.730747,-3.8594532,-1.1533136,-1.3133603,3.535688
805.0,-1.7238252,-12.943054,-3.5889084,-0.9993755,-1.4575244,3.6737435
814.0,-1.8291701,-12.093113,-3.514688,-0.7770206,-1.6236799,3.780034
824.0,-1.7669208,-11.733982,-3.632004,-0.56321776,-1.7568485,3.843564
835.0,-1.7860745,-11.068395,-3.2920272,-0.42760566,-1.8606955,3.92542
845.0,-1.7956513,-10.19451,-2.8538885,-0.3652974,-2.0146337,3.9913936
854.0,-1.8052281,-9.296685,-2.348712,-0.267559,-2.162463,3.997502
865.0,-1.7717092,-8.37013,-2.1404164,-0.12705997,-2.2821925,3.9730675
875.0,-1.5634137,-7.920019,-2.1978772,0.032986723,-2.375044,3.9425242
886.0,-1.3431472,-6.9838862,-1.5993267,0.089186326,-2.483778,3.9180896
894.0,-1.3862427,-5.626374,-1.067814,0.002443461,-2.615725,3.8105774
905.0,-1.5227122,-5.011064,-0.79966336,-0.057421334,-2.7134633,3.5882225
916.0,-1.9488802,-4.817134,-0.5315128,-0.02321288,-2.724459,3.40985
926.0,-2.2266076,-4.2784386,-0.49081135,0.021991149,-2.7403414,3.2840116
935.0,-2.4779987,-3.5075054,-0.6560113,0.059864793,-2.792876,3.1117475
944.0,-2.705448,-3.098097,-0.60333884,0.06719518,-2.8026497,2.9028316
956.0,-2.8419175,-2.9592333,-0.1316811,0.004886922,-2.8050933,2.7049112
965.0,-2.7269957,-2.906561,0.5770026,-0.10262536,-2.7769935,2.4874432
976.0,-2.6120741,-2.5234885,1.4173675,-0.20158553,-2.7183504,2.239432
988.0,-2.6192567,-2.291251,1.7836803,-0.32253686,-2.6010642,1.9816469
996.0,-2.9903579,-2.27928,2.1260512,-0.49846604,-2.4422393,1.7458528
1005.0,-3.2082303,-2.89459,2.4947581,-0.70249504,-2.302962,1.5344934
1015.0,-3.2345665,-3.5410242,3.5410242,-0.8539896,-2.1526892,1.3109168
1027.0,-3.4213142,-3.3638535,3.8738184,-0.9272934,-1.9730947,1.1007792
1033.0,-3.6032736,-2.846706,4.357447,-0.906524,-1.7788396,0.9297369
1046.0,-3.6152446,-3.1794999,3.5625722,-0.7855727,-1.5503759,0.7733554
1082.0,-3.8187518,-4.402937,3.608062,-0.72204274,-1.3292428,0.6609562
1083.0,-4.4556093,-4.5872903,3.4835634,-0.91751957,-1.1863003,0.61819565
1083.0,-4.951209,-5.1666875,3.715801,-1.1643091,-1.0910053,0.56077427
1083.0,-5.0158525,-5.2983685,4.146757,-1.1899655,-0.9773844,0.42760566
1092.0,-5.0757074,-4.486734,4.6830587,-1.0054842,-0.81245077,0.2565634
1104.0,-5.0302176,-3.7612908,4.9536033,-0.6646214,-0.66950834,0.12217305
1114.0,-5.2169657,-3.3566709,5.118803,-0.33964106,-0.5290093,0.017104227
1124.0,-5.365406,-3.4811692,5.035006,-0.1563815,-0.37751472,-0.10995574
1134.0,-5.803545,-3.787627,4.6902413,-0.05009095,-0.21013765,-0.25167647
1144.0,-6.3685765,-4.285621,3.5434184,0.1001819,-0.036651913,-0.35308012
1154.0,-6.6726403,-5.3965306,2.0039468,0.29565877,0.11728613,-0.3726278
1165.0,-7.029376,-6.5457473,0.24899697,0.35430184,0.2003638,-0.32253686
1174.0,-7.6015906,-7.429208,-0.6679823,0.2125811,0.204029,-0.21991149
1186.0,-8.085219,-7.2711906,-0.45489833,-0.032986723,0.1001819,-0.08552113
1194.0,-8.492233,-6.363788,0.5506664,-0.27122417,-0.05131268,-0.019547688
1204.0,-8.42759,-5.614403,1.2521675,-0.41783184,-0.14905111,-0.034208454
1214.0,-7.843405,-5.973533,2.0638018,-0.5375614,-0.25167647,-0.052534413
1226.0,-7.0964136,-6.6726403,2.480393,-0.6817256,-0.37140608,-0.089186326
1235.0,-6.8091097,-7.0700774,3.0454245,-0.71837753,-0.41783184,-0.11728613
1244.0,-6.919243,-6.943185,3.4715924,-0.50701815,-0.39706242,-0.08674286
1256.0,-7.1275387,-6.5481415,3.071761,-0.04153884,-0.35308012,-0.0036651916
1265.0,-7.302315,-5.961562,3.5314474,0.5326745,-0.27366763,0.089186326
1275.0,-7.48188,-4.2904096,4.9200845,1.0042624,-0.17837265,0.119729586
1287.0,-7.3286514,-2.7341783,6.1890116,1.1704178,-0.062308256,0.07086037
1294.0,-6.9120603,-2.0949266,6.83784,1.0140363,0.05009095,-0.034208454
1305.0,-6.483498,-2.8802247,5.9304376,0.64873886,0.17104226,-0.19303341
1315.0,-6.289568,-4.7668557,4.4196963,0.3371976,0.32253686,-0.3213151
1325.0,-6.4427967,-6.5625067,2.4277205,0.18203785,0.46792278,-0.32620203
1334.0,-6.967127,-7.422025,0.9720459,0.23701571,0.5363397,-0.24923302
1346.0,-7.357382,-7.36217,0.30885202,0.43004912,0.52778757,-0.15149458
1356.0,-7.5680714,-6.3829417,0.37828386,0.5705481,0.44104472,-0.08552113
1366.0,-7.7548194,-5.2648497,0.9792285,0.50579643,0.32253686,-0.103847094
1376.0,-7.517793,-4.9057193,1.5705963,0.25045475,0.18203785,-0.14905111
1388.0,-7.074866,-5.386954,1.9057846,-0.07086037,0.021991149,-0.20280726
1396.0,-6.861782,-6.2225304,1.8698715,-0.29932398,-0.09407325,-0.24801129
1406.0,-6.8186865,-6.691794,1.8914193,-0.32620203,-0.13805555,-0.2284636
1415.0,-6.9838862,-6.279991,1.8028339,-0.17715092,-0.17104226,-0.15393804
1425.0,-7.2113357,-5.9543796,1.7908629,0.052534413,-0.21380283,-0.073303826
1436.0,-7.4363904,-5.7389016,2.2002714,0.24556783,-0.24190263,-0.03176499
1446.0,-7.61835,-5.8083334,2.468422,0.37018433,-0.27000242,-0.029321533
1455.0,-7.7691846,-5.961562,2.1045034,0.49968776,-0.28955013,-0.028099801
1467.0,-7.493851,-5.901707,3.0478187,0.6658431,-0.28099802,0.0061086523
1476.0,-7.0461354,-4.43885,5.149928,0.675617,-0.21624629,0.052534413
1486.0,-6.727707,-2.9257145,6.5601125,-0.16126843,0.057421334,-0.13805555
1495.0,-6.4906807,-2.789245,6.88333,-0.16126843,0.057421334,-0.13805555
1505.0,-6.4404025,-3.9719806,5.827487,-0.5412266,0.21624629,-0.25534168
1515.0,-6.8210807,-7.2687964,2.4420857,-0.36163223,0.4654793,-0.172264
1526.0,-7.249643,-7.4962454,1.2018893,0.02321288,0.52290064,-0.07574729
1535.0,-7.6135616,-7.1490865,0.6392518,0.41416663,0.49602258,0.021991149
1545.0,-7.800309,-6.131551,0.6368576,0.6462954,0.41050145,0.08674286
1557.0,-8.003817,-5.118803,0.9888053,0.6035349,0.28710666,0.096516706
1566.0,-7.807492,-4.6830587,1.3599066,0.34574974,0.14294247,0.07574729
1575.0,-7.3310456,-4.8985367,1.7405846,-0.036651913,-0.02321288,0.028099801
1588.0,-7.0964136,-5.533,1.7645266,-0.38728857,-0.13316862,-0.040317107
1596.0,-7.132327,-6.2871737,1.8890251,-0.56199604,-0.19058995,-0.057421334
1606.0,-7.2233067,-6.4404025,2.0278888,-0.52534413,-0.25900686,-0.017104227
1616.0,-7.228095,-6.229713,2.3918076,-0.34330627,-0.30543262,0.021991149
1625.0,-7.2448545,-5.872977,2.7246015,-0.11728613,-0.32620203,0.040317107
1635.0,-7.395689,-5.765238,3.0238767,0.09162979,-0.33108896,0.040317107
1647.0,-7.405266,-5.614403,3.0597897,0.27488935,-0.31764993,0.034208454
1655.0,-7.3166804,-5.674258,3.1196449,0.4288274,-0.30665436,0.04520403
1665.0,-6.9623384,-5.0876784,4.4077253,0.5363397,-0.27122417,0.056199603
1676.0,-6.6415157,-3.715801,5.923255,0.44715336,-0.16615535,0.02443461
1687.0,-6.43322,-3.2154129,6.215348,0.16249016,-0.009773844,-0.040317107
1695.0,-6.2728086,-4.158728,5.7843914,-0.14172074,0.12950343,-0.14049901
1709.0,-6.351817,-5.571307,4.6471453,-0.28955013,0.25289822,-0.20891592
1717.0,-6.447585,-6.811504,2.7844565,-0.22724187,0.3555236,-0.19303341
1727.0,-6.7827735,-7.5345526,1.6256629,0.036651913,0.41050145,-0.1282817
1737.0,-7.1610575,-7.381324,1.3383588,0.35063666,0.39950588,-0.04642576
1746.0,-7.575254,-6.2847795,1.1899183,0.5375614,0.3200934,0.02687807
1756.0,-7.740454,-5.3678,1.388637,0.55833083,0.22235495,0.028099801
1768.0,-7.395689,-5.0781016,1.8459295,0.40561453,0.10629055,-0.008552114
1776.0,-6.943185,-5.2504845,1.9416976,0.08307768,-0.030543262,-0.047647487
1786.0,-6.7468605,-5.8681884,2.018312,-0.25289822,-0.12095132,-0.09285152
1796.0,-6.967127,-6.361394,2.0087352,-0.4605924,-0.16982053,-0.11728613
1806.0,-7.0581064,-6.445191,2.2984335,-0.48380527,-0.21991149,-0.08674286
1814.0,-7.1610575,-6.3087215,2.5570073,-0.37995818,-0.26389378,-0.039095376
1828.0,-7.1730285,-5.813122,2.882619,-0.22479841,-0.29565877,-0.02443461
1837.0,-7.297527,-5.734113,2.9712043,-0.05375614,-0.30543262,-0.034208454
1846.0,-7.419631,-5.813122,3.3159695,0.14172074,-0.30909783,-0.04153884
1857.0,-7.3909006,-5.7843914,3.3566709,0.3359759,-0.2761111,-0.036651913
1866.0,-7.1514807,-5.4420204,3.655946,0.50701815,-0.23090707,-0.028099801
1876.0,-6.9719152,-4.7261543,4.644751,0.5864306,-0.16982053,-0.019547688
1888.0,-6.8210807,-3.739743,5.377377,0.4288274,-0.059864793,-0.036651913
1895.0,-6.6295447,-3.6511576,5.3223104,0.04886922,0.064751714,-0.111177474
1906.0,-6.505046,-4.8386817,4.429273,-0.32498032,0.17348573,-0.19914207
1916.0,-6.576872,-6.26802,3.301604,-0.5009095,0.24923302,-0.21502456
1927.0,-6.885724,-7.1993647,2.1906946,-0.42394048,0.28588495,-0.13561209
1936.0,-7.1849995,-7.165846,1.6400281,-0.172264,0.30298916,-0.04642576
1947.0,-7.36217,-6.5720835,1.103727,0.07819075,0.29443705,0.015882496
1957.0,-7.2711906,-6.349423,1.1109096,0.18570304,0.22235495,0.059864793
1966.0,-7.038953,-5.7963624,1.376666,0.06841691,0.0842994,0.087964594
1976.0,-6.849811,-5.6239796,1.70946,-0.21135938,-0.043982297,0.062308256
1988.0,-6.895301,-6.0621185,1.8339585,-0.44837508,-0.12095132,0.015882496
1996.0,-6.943185,-6.5026517,2.0207062,-0.5204572,-0.17348573,0.017104227
2006.0,-7.074866,-6.646304,2.1883004,-0.4361578,-0.22602014,0.06352998
2016.0,-6.9767036,-6.315904,2.5378537,-0.23823744,-0.27488935,0.10140363
2028.0,-7.055712,-6.0022635,2.885013,-0.004886922,-0.30298916,0.12339478
2037.0,-7.074866,-5.729325,2.8491,0.20769419,-0.3323107,0.12705997
2046.0,-7.228095,-5.825093,2.621651,0.4129449,-0.32498032,0.118507855
2094.0,-7.029376,-5.1762643,4.189853,0.6133087,-0.27855456,0.13194689
2094.0,-6.787562,-3.2992098,5.899313,0.58032197,-0.172264,0.12095132
2094.0,-6.7253127,-2.4732103,6.631939,0.29077184,-0.028099801,0.009773844
2094.0,-6.481104,-3.2393548,6.3781533,-0.06352998,0.10751228,-0.13805555
2101.0,-6.2943563,-4.876989,5.29358,-0.3371976,0.21013765,-0.23823744
2108.0,-6.397307,-6.191406,4.2544966,-0.37018433,0.31887165,-0.27000242
2116.0,-6.7205243,-6.2345014,3.5338416,-0.18570304,0.43249258,-0.23335053
2126.0,-6.907272,-6.0597243,2.3630772,0.07452556,0.47525316,-0.18081611
2135.0,-7.0245876,-6.2464724,1.6879122,0.31642818,0.4654793,-0.19058995
2145.0,-7.3166804,-5.7365074,1.5682021,0.4092797,0.41538838,-0.21868975
2155.0,-7.302315,-5.351041,1.4820108,0.31642818,0.32986724,-0.19547687
2165.0,-7.326257,-5.4300494,1.5705963,0.11362094,0.22479841,-0.20525073
2176.0,-7.357382,-5.7604494,1.6208745,-0.14049901,0.14782938,-0.24556783
2188.0,-7.132327,-5.9519854,1.2545617,-0.39828414,0.05009095,-0.25045475
2195.0,-6.9838862,-6.8186865,0.93134445,-0.57787853,-0.04886922,-0.2284636
2205.0,-7.050924,-7.144298,1.0893618,-0.6780604,-0.13683382,-0.18692477
2216.0,-7.2831616,-7.0461354,1.3814543,-0.7098254,-0.22479841,-0.12095132
2226.0,-7.2687964,-6.9838862,1.7788919,-0.59498274,-0.30909783,-0.061086524
2236.0,-7.285556,-6.897695,2.255338,-0.38606682,-0.3652974,-0.007330383
2246.0,-7.2089415,-6.789956,2.5617957,-0.1881465,-0.408058,0.040317107
2256.0,-7.0964136,-6.6367273,3.107674,-0.030543262,-0.43493605,0.07574729
2267.0,-6.9767036,-6.3901243,3.4979286,0.103847094,-0.44593164,0.09285152
2277.0,-6.9599442,-6.093243,3.6631286,0.21868975,-0.42394048,0.10995574
2287.0,-7.074866,-6.0405707,3.490746,0.37751472,-0.3567453,0.17837265
2297.0,-6.9503675,-6.033388,3.9695864,0.37751472,-0.3567453,0.17837265
2308.0,-6.7684083,-5.142745,5.2624555,0.3359759,-0.28344148,0.17715092
2317.0,-6.6510925,-3.9911342,6.2009826,0.18081611,-0.15393804,0.089186326
2326.0,-6.691794,-3.5577838,6.1100025,0.043982297,-0.002443461,-0.029321533
2337.0,-6.7444663,-4.120421,5.535394,-0.018325957,0.13561209,-0.089186326
2345.0,-6.5744777,-5.0757074,4.7668557,-0.02443461,0.22968534,-0.12217305
2355.0,-6.691794,-5.595249,3.7445314,0.03176499,0.30665436,-0.1685988
2367.0,-6.823475,-6.1507044,2.6120741,0.3005457,0.38606682,-0.172264
2375.0,-7.2424603,-6.2752028,1.328782,0.3848451,0.3481932,-0.14538592
2387.0,-7.2113357,-6.009446,1.3383588,0.36041048,0.267559,-0.1600467
2396.0,-7.204153,-5.8107276,1.5466543,0.25045475,0.19303341,-0.1881465
2406.0,-7.03177,-5.8442464,1.5227122,0.0842994,0.1001819,-0.20158553
2417.0,-6.6726403,-6.0980315,1.3024458,-0.10995574,-0.002443461,-0.19303341
2429.0,-6.517017,-6.2488666,1.3455414,-0.30298916,-0.111177474,-0.18081611
2437.0,-6.6846113,-6.3063273,1.3670892,-0.453262,-0.172264,-0.15393804
2447.0,-6.7564373,-6.4140663,1.5873557,-0.50335294,-0.23701571,-0.10873401
2457.0,-6.7085533,-6.3685765,1.8866309,-0.47403142,-0.30176744,-0.062308256
2467.0,-6.6367273,-6.3949127,2.2984335,-0.38362336,-0.36285394,-0.035430185
2477.0,-6.631939,-6.220136,2.5953147,-0.24801129,-0.40683624,-0.021991149
2489.0,-6.6606693,-6.155493,2.7341783,-0.1001819,-0.4288274,-0.008552114
2497.0,-6.7708025,-6.2728086,2.861071,0.037873644,-0.44226643,0.008552114
2507.0,-6.71813,-6.0285997,3.4332852,0.14049901,-0.4251622,0.021991149
2518.0,-6.564901,-5.475539,4.1922474,0.18203785,-0.38240165,0.021991149
2527.0,-6.4882865,-4.8003745,5.1882353,0.07086037,-0.31764993,0.004886922
2536.0,-6.3566055,-4.3598413,5.791574,-0.15515977,-0.2602286,-0.05131268
2549.0,-6.157887,-4.4460325,5.801151,-0.40194935,-0.16371189,-0.12583824
2558.0,-6.021417,-4.8458643,5.592855,-0.59620446,-0.04642576,-0.14782938
2567.0,-5.8801594,-5.3103395,4.8482585,-0.6462954,0.036651913,-0.17470746
2577.0,-6.1123967,-6.167464,3.9791632,-0.44959682,0.15027285,-0.21013765
2588.0,-6.289568,-6.679823,3.0334535,-0.14049901,0.27000242,-0.18325958
2597.0,-6.5218053,-7.1395097,1.7932571,0.095294975,0.31031954,-0.11362094
2608.0,-6.612785,-7.2783732,1.4628572,0.18936823,0.30298916,-0.059864793
2617.0,-6.955156,-6.849811,1.5897499,0.04153884,0.24312437,-0.004886922
2627.0,-6.9719152,-6.4260373,1.6903064,-0.27488935,0.1600467,-0.010995574
2637.0,-6.907272,-6.6630635,1.8339585,-0.5717699,0.096516706,-0.058643065
2647.0,-6.8450227,-7.07726,1.8914193,-0.7733554,0.034208454,-0.07086037
2657.0,-6.859388,-7.441179,1.9847932,-0.82711154,-0.015882496,-0.05009095
2669.0,-6.751649,-7.668628,2.1667526,-0.6914995,-0.04886922,-0.0061086523
2678.0,-6.7324953,-7.3549876,2.2505496,-0.43249258,-0.07941248,0.062308256
2688.0,-6.742072,-6.859388,2.2984335,-0.16493362,-0.11362094,0.12095132
2697.0,-6.895301,-6.588843,2.504335,0.04153884,-0.13439035,0.15149458
2708.0,-7.00304,-6.591237,2.779668,0.1685988,-0.16126843,0.15515977
2717.0,-7.065289,-6.646304,2.861071,0.26389378,-0.19181168,0.1441642
2728.0,-7.055712,-6.3661823,2.944868,0.37140608,-0.19425514,0.14049901
2737.0,-6.9024835,-5.947197,3.2561142,0.45937067,-0.18570304,0.14782938
2747.0,-6.6510925,-5.2361193,3.9791632,0.43493605,-0.15393804,0.12705997
2758.0,-6.4643445,-4.5681367,4.596867,0.22357668,-0.095294975,0.06841691
2767.0,-6.1866174,-4.656722,5.0781016,-0.087964594,-0.015882496,-0.02565634
2778.0,-6.1770406,-5.1571107,5.0661306,-0.2883284,0.06352998,-0.12950343
2790.0,-6.1219735,-5.781997,4.522647,-0.25167647,0.16371189,-0.18570304
2797.0,-6.3829417,-6.069301,3.8019924,-0.013439035,0.25534168,-0.1881465
2806.0,-6.622362,-6.1650696,2.9017725,0.25534168,0.30298916,-0.17470746
2817.0,-6.579266,-6.315904,2.1523874,0.3933972,0.3115413,-0.14172074
2828.0,-6.612785,-6.397307,1.910573,0.3652974,0.28955013,-0.13561209
2837.0,-6.8689647,-6.26802,1.9895816,0.25778514,0.24312437,-0.14538592
2848.0,-6.88333,-6.0860605,2.0949266,0.13927728,0.17592919,-0.118507855
2858.0,-6.727707,-6.021417,1.8770541,-0.008552114,0.096516706,-0.10995574
2866.0,-6.528988,-6.5218053,1.4987702,-0.15515977,0.042760566,-0.1441642
2878.0,-6.5840545,-6.6654577,1.115698,-0.3371976,0.002443461,-0.112399206
2889.0,-6.5241995,-6.885724,0.8283938,-0.5510005,-0.07696902,-0.019547688
2897.0,-6.5002575,-7.156269,1.1372458,-0.7305948,-0.16737708,0.05131268
2911.0,-6.5625067,-7.1754227,1.6591818,-0.82344633,-0.23945917,0.09285152
2916.0,-6.7085533,-7.3765354,2.1164744,-0.7538077,-0.28710666,0.14172074
2926.0,-6.6965823,-7.3549876,2.5617957,-0.53023106,-0.3005457,0.17837265
2936.0,-6.615179,-7.1849995,2.80361,-0.24923302,-0.31031954,0.1966986
2946.0,-6.588843,-6.9168487,3.028665,0.0061086523,-0.30909783,0.21502456
2956.0,-6.5577183,-6.766014,2.89459,0.20769419,-0.2919936,0.23090707
2967.0,-6.3685765,-6.7851677,3.1890767,0.4092797,-0.2602286,0.23335053
2976.0,-6.3182983,-5.6527104,4.771644,0.6072,-0.18570304,0.22113322
2988.0,-6.3422403,-3.7780502,6.5002575,0.6719518,-0.05375614,0.16249016
2996.0,-6.2249246,-2.4468741,6.9886746,0.47891834,0.09896017,0.036651913
3008.0,-5.8681884,-3.1675289,6.1411276,0.08674286,0.18203785,-0.08307768
