28.0,1.4580688,6.3925185,7.3885064,0.0061086523,-0.02076942,0.0
48.0,1.3838485,5.935226,7.445967,0.15760323,0.12339478,-0.06352998
48.0,1.388637,5.511452,7.5800424,-0.043982297,-0.2846632,-0.24678956
65.0,1.3814543,5.377377,7.7691846,-0.12461651,-0.38606682,-0.36651915
65.0,1.8171991,5.1259856,7.536947,-0.089186326,0.40194935,-0.07819075
74.0,2.1859062,6.054936,6.8210807,-0.3933972,0.46792278,-0.15882497
85.0,1.4437037,6.6486983,7.132327,-0.6169739,0.37384954,-0.34330627
95.0,1.6831238,6.2704144,6.9503675,-0.8576548,0.27488935,-0.6560693
105.0,1.6304513,6.5218053,6.7612257,-0.8576548,0.27488935,-0.6560693
114.0,1.7932571,6.181829,6.600814,-1.0323622,0.2968805,-0.73792523
125.0,2.3080103,5.753267,6.241684,-1.2730432,0.30787608,-0.88331115
134.0,2.0805612,5.837064,6.3829417,-1.5564847,0.3652974,-1.0567969
144.0,1.9416976,5.4563856,5.971139,-1.8973475,0.40194935,-1.2156218
155.0,2.1763294,5.044583,5.7963624,-2.5644124,0.5204572,-1.5222762
164.0,2.3391352,3.8905778,5.4180784,-2.878397,0.5742133,-1.6957619
174.0,2.396596,3.4524388,5.2409077,-3.2021556,0.6047566,-1.8570304
185.0,2.3104045,3.0238767,4.9703627,-3.5589008,0.61453044,-2.0195205
194.0,2.3008277,2.6862943,4.525041,-3.9767327,0.6072,-2.1917844
205.0,2.3080103,2.2242134,4.098873,-4.443434,0.61453044,-2.371379
214.0,2.3870192,1.8890251,3.7684734,-4.94923,0.61575216,-2.5583036
224.0,2.7006595,1.7669208,3.4715924,-5.502674,0.6169739,-2.7574458
236.0,3.0238767,1.4293385,3.2321723,-6.1086526,0.6230826,-2.9614747
246.0,3.1914709,1.1707647,2.80361,-6.805039,0.6084218,-3.1557298
256.0,3.5051112,0.8882488,2.2936451,-7.6822414,0.63163465,-3.304781
264.0,4.220978,0.15083471,1.8962077,-8.734151,0.8210029,-3.40985
275.0,4.685453,-1.1540052,1.3742718,-9.833709,1.1472049,-3.5100317
285.0,4.831499,-2.6192567,0.5674258,-10.831862,1.5393804,-3.5845573
295.0,4.831499,-4.3239284,0.059855044,-11.556349,1.9926424,-3.6285396
307.0,4.546589,-6.4380083,-0.39743748,-11.8886595,2.3774874,-3.7042868
315.0,3.727772,-8.4347725,-0.9648633,-11.917981,2.5350907,-3.8875463
325.0,3.0597897,-10.443508,-1.0654198,-11.790921,2.5705209,-4.1135664
336.0,2.3223755,-12.469003,-1.697489,-11.638205,2.533869,-4.295604
345.0,1.4269443,-15.176845,-2.717419,-11.498927,2.39337,-4.3261476
355.0,-0.11971009,-17.492037,-3.0238767,-11.228925,2.2736404,-4.244292
366.0,-1.9991584,-20.446482,-1.2449849,-10.196563,2.2174408,-4.162436
375.0,-4.1180267,-24.851814,2.042254,-8.071974,1.9767599,-4.1465535
385.0,-6.081272,-26.113558,4.0581717,-5.4464746,1.6236799,-4.21497
395.0,-6.155493,-25.438393,5.097255,-3.2253685,1.3732251,-3.9498546
406.0,-4.644751,-23.805548,5.7748146,-2.2308798,1.1582005,-3.2925637
415.0,-3.1052797,-19.948488,4.996699,-2.4556782,0.8258898,-2.7855456
426.0,-1.7190368,-16.213533,2.6120741,-3.3279939,0.4361578,-2.3261747
435.0,-0.18435353,-15.282189,0.38067806,-4.1538835,0.08307768,-1.5063937
445.0,0.35194764,-17.0946,-0.6536171,-4.2992697,-0.172264,-0.53023106
455.0,-1.1085154,-21.775265,-0.7206547,-3.7323866,-0.3408628,0.30665436
465.0,-3.691859,-26.168625,-0.35673606,-2.9211576,-0.56077427,0.956615
475.0,-5.674258,-26.829424,-1.1563994,-2.1502457,-0.8552113,1.4355333
486.0,-6.373365,-24.516624,-2.6360161,-1.7238617,-1.110553,2.021964
495.0,-6.217742,-21.689074,-3.9145198,-1.9376645,-1.3475688,2.7867672
506.0,-5.410896,-19.25417,-5.2145715,-2.5766296,-1.6481144,3.4941492
515.0,-4.3478703,-18.693928,-5.9759274,-3.136182,-1.9792033,4.0683627
526.0,-3.7612908,-19.177555,-5.877765,-3.2717943,-2.3176227,4.5191813
535.0,-3.4763808,-19.321207,-5.7628436,-2.9321532,-2.724459,4.87837
546.0,-3.1268275,-17.908628,-5.9783216,-2.3518312,-3.1752775,5.1935763
555.0,-2.5258827,-16.062698,-6.4739213,-1.8081611,-3.626096,5.5038958
565.0,-1.7381904,-14.343662,-7.2233067,-1.4795157,-4.02438,5.811772
575.0,-1.0510546,-12.789825,-7.28795,-1.3866642,-4.324926,6.0231314
585.0,-0.4261679,-11.6908865,-6.9623384,-1.3878858,-4.574159,6.09277
595.0,-0.20350714,-11.283873,-6.5481415,-1.3817772,-4.8038445,6.134309
608.0,0.0023942017,-10.316615,-5.3558292,-1.282817,-5.0066514,6.1294217
615.0,0.22266077,-8.980651,-4.525041,-1.0274754,-5.169142,6.032905
625.0,0.34715924,-7.7428484,-4.050989,-0.6988298,-5.258328,5.9278364
639.0,0.31603462,-6.8545995,-3.6894648,-0.43860126,-5.275432,5.871637
648.0,0.059855044,-5.877765,-3.6463692,-0.39950588,-5.246111,5.8178806
659.0,-0.20350714,-5.1930237,-3.7684734,-0.42271876,-5.188689,5.6969295
670.0,-0.35673606,-5.341464,-3.5338416,-0.47891834,-5.0933943,5.512448
679.0,-0.16759412,-5.1642933,-2.4732103,-0.54000485,-4.982217,5.271767
689.0,-0.11252748,-4.2784386,-1.7070658,-0.4288274,-4.8563786,4.9919906
699.0,-0.08140286,-3.41892,-1.1540052,-0.21624629,-4.6437974,4.7171016
711.0,-0.08619126,-2.6072857,0.11731588,-0.13805555,-4.390899,4.420221
719.0,-0.641646,-2.018312,-0.06943185,-0.3200934,-4.1587706,4.120897
730.0,-1.0462662,-1.6400281,0.40701428,-0.5900958,-3.8973203,3.866777
739.0,-1.1803415,-2.0159178,1.6879122,-0.85154617,-3.585779,3.5967746
749.0,-1.4077905,-2.0470424,2.6839,-0.9077458,-3.2290337,3.2669072
758.0,-1.7717092,-2.2146366,3.526659,-0.6597345,-2.8417451,2.9223793
768.0,-2.3127987,-2.2122424,3.940856,-0.24556783,-2.483778,2.5912905
779.0,-2.6503813,-1.5179238,3.7948096,0.111177474,-2.130698,2.334727
789.0,-2.8778305,-1.5298948,1.9201498,0.45448375,-1.6566665,2.1832323
797.0,-3.052607,-4.211401,4.0342298,0.93951076,-1.2999213,2.0280726
811.0,-2.741361,-2.5474305,5.2887917,1.4709635,-0.9272934,1.5479325
819.0,-2.2050598,1.5729905,7.8888946,2.3970351,-0.4654793,0.68416905
828.0,-3.667917,5.3558292,8.082825,3.1166344,-0.13316862,-0.12705997
839.0,-5.410896,8.00621,6.5505357,2.7867672,0.13927728,-0.40317106
851.0,-6.5218053,7.515399,4.2066126,1.1838568,0.39461896,-0.12217305
860.0,-6.9527617,4.5202527,2.801216,-0.816116,0.5839872,0.32375857
869.0,-7.2352777,0.80684596,2.80361,-2.0977113,0.7635816,0.46670106
878.0,-8.1402855,-2.5929205,3.1196449,-2.284636,0.86742866,0.18570304
888.0,-9.380483,-4.745308,3.2752678,-1.6920967,0.79168135,-0.23945917
899.0,-10.462662,-5.461174,3.0765493,-0.8063421,0.62796944,-0.46914452
911.0,-10.903194,-5.0876784,2.8993783,0.062308256,0.47769663,-0.4251622
919.0,-10.876859,-3.9959226,2.5258827,0.70249504,0.37995818,-0.24190263
929.0,-10.352529,-2.6647465,2.0231004,1.0091494,0.35063666,-0.07086037
937.0,-10.022128,-1.8842367,1.8004397,0.96883225,0.3408628,0.012217305
948.0,-9.952697,-1.5849615,1.7477672,0.6621779,0.30543262,0.007330383
958.0,-10.089166,-1.2665327,2.099715,0.28344148,0.23457226,-0.043982297
970.0,-10.072407,-1.0965444,2.4516625,0.032986723,0.14660765,-0.080634214
979.0,-9.847352,-1.0965444,2.7341783,-0.02321288,0.080634214,-0.05375614
989.0,-9.497798,-1.1324574,2.815581,0.04520403,0.03176499,0.034208454
1000.0,-9.050082,-1.292869,3.0334535,0.16615535,-0.015882496,0.08307768
1010.0,-8.695741,-1.3192052,3.0190883,0.16615535,-0.015882496,0.08307768
1019.0,-8.51857,-1.2689269,3.0693667,0.14905111,-0.018325957,0.021991149
1029.0,-8.425196,-1.0941502,3.1531637,0.119729586,0.04886922,-0.05375614
1040.0,-8.257602,-0.641646,3.1148565,0.18325958,0.073303826,-0.059864793
1048.0,-8.11395,-0.46686932,2.8802247,0.25778514,0.08674286,-0.06963864
1080.0,-8.078036,-0.2825158,2.7269957,0.2724459,0.111177474,-0.096516706
1080.0,-8.082825,-0.05746084,2.5306711,0.1881465,0.1441642,-0.14660765
1080.0,-8.288726,-0.02873042,2.456451,0.036651913,0.1881465,-0.21991149
1088.0,-8.396465,-0.1436521,2.4349031,-0.10262536,0.22602014,-0.2968805
1097.0,-8.6813755,-0.61052144,2.1571758,-0.19303341,0.26389378,-0.344528
1109.0,-9.19134,-1.2617443,2.042254,-0.28099802,0.30787608,-0.36163223
1118.0,-9.569624,-1.5251064,2.0015526,-0.3042109,0.31031954,-0.3726278
1128.0,-9.631873,-1.6424223,2.0973208,-0.21746802,0.27855456,-0.38240165
1137.0,-9.433155,-1.6400281,2.087744,-0.05375614,0.2443461,-0.39706242
1148.0,-8.985439,-1.6783354,2.4660277,0.10629055,0.22724187,-0.42271876
1158.0,-8.367735,-1.5873557,2.9257145,0.24801129,0.20647246,-0.4654793
1169.0,-7.989451,-1.2976574,2.7150247,0.3848451,0.19181168,-0.5180137
1179.0,-7.8146744,-1.0366893,2.6144683,0.49846604,0.18448131,-0.5888741
1187.0,-7.3885064,-0.6464345,2.6384103,0.5766568,0.17837265,-0.7049385
1199.0,-7.026982,-0.60573304,2.6288335,0.6291912,0.18325958,-0.8735373
1210.0,-6.5241995,-0.61291564,2.7820623,0.6609562,0.21991149,-1.0726794
1218.0,-6.0238113,-0.6584055,3.1986535,0.70371675,0.2846632,-1.2913691
1228.0,-5.518635,-0.81402856,3.5769374,0.79412484,0.36774087,-1.5271631
1240.0,-5.2026005,-1.0486604,4.015076,0.9639453,0.47891834,-1.7788396
1249.0,-4.984728,-1.2569559,4.5394063,1.2400564,0.61086524,-2.0500638
1259.0,-4.733337,-1.6136919,5.0278234,1.6468927,0.7501425,-2.3542747
1269.0,-4.4005427,-1.9081788,5.0374002,2.1832323,0.8686504,-2.7097983
1279.0,-4.27365,-2.0398598,4.817134,2.8258626,0.97127575,-3.104417
1289.0,-4.211401,-2.219425,4.060566,3.5271358,0.9969321,-3.5198054
1298.0,-4.309563,-2.4372973,3.1890767,4.225966,0.9077458,-3.943746
1310.0,-4.390966,-2.6168625,2.315193,4.8649306,0.7171558,-4.3542476
1318.0,-4.5178585,-2.7868507,1.3982137,5.39394,0.43493605,-4.7708573
1330.0,-4.4675803,-2.6072857,1.2808979,5.8093286,0.09896017,-5.226563
1340.0,-4.2281604,-2.327164,1.292869,6.1636305,-0.22724187,-5.6944857
1349.0,-3.928885,-2.0614076,1.316811,6.4812803,-0.59986967,-6.1550784
1359.0,-3.550601,-1.6879122,2.054225,6.8099256,-0.9773844,-6.5839057
1369.0,-2.846706,-1.7429788,2.3104045,7.254636,-1.3048081,-6.930877
1379.0,-2.15957,-2.3319526,2.6384103,7.845953,-1.6505579,-7.1116934
1390.0,-1.8986019,-2.6910827,3.41892,8.492249,-2.085494,-7.1178017
1399.0,-2.0949266,-2.554613,4.283227,9.083567,-2.5961773,-7.0335026
1410.0,-1.9201498,-2.9113493,5.403713,9.600358,-3.1337388,-6.89056
1419.0,-1.9656396,-3.3423057,4.960786,9.874026,-3.8374555,-6.6657615
1429.0,-2.195483,-2.7581203,3.691859,9.666331,-4.6999974,-6.4311895
1440.0,-1.8722657,-0.91219085,2.0087352,8.941846,-5.4269266,-6.3163466
1451.0,-1.1133038,1.9249382,1.8650831,7.9278092,-5.9424973,-6.3163466
1459.0,0.29448682,4.9895163,2.6360161,6.903999,-6.2357125,-6.25526
1469.0,2.705448,6.9264255,7.639898,6.183178,-6.1355305,-5.9424973
1479.0,5.145139,4.2664676,12.842498,5.7238073,-5.935167,-5.35851
1490.0,6.8043213,3.371036,13.881581,4.6352453,-6.061005,-4.6450195
1500.0,9.801862,3.7229836,11.592725,2.792876,-6.0720005,-4.04515
1511.0,11.892,1.70946,9.765948,0.79290307,-5.8264327,-4.0414844
1519.0,12.330139,-1.3263878,10.522516,-0.70005155,-5.375614,-4.492303
1529.0,11.264719,-4.1706996,12.485762,-1.3414601,-4.9565606,-4.6034803
1539.0,10.8864355,-6.5840545,18.899828,-0.9456194,-4.408004,-4.042706
1549.0,12.284649,-11.034876,26.453535,0.2846632,-3.749491,-2.9810224
1559.0,14.417883,-14.094666,26.187778,0.91874135,-3.3108897,-1.8338175
1570.0,18.229452,-12.313379,16.687586,0.81245077,-2.7525587,-1.5393804
1579.0,17.274166,-5.710171,24.552538,0.3726278,-2.2149973,-1.9694295
1589.0,16.476896,-1.0271125,30.11427,-2.2797492,-0.66950834,-1.1252137
1598.0,14.599842,-8.008605,23.558945,-5.4269266,1.0348058,0.69027776
1610.0,8.695741,-11.329363,17.154455,-5.911954,1.351234,1.1386528
1619.0,2.9831753,-9.739613,14.0803,-4.5582767,0.7635816,0.19914207
1632.0,0.21547815,-6.9000893,11.116279,-3.0433307,0.10873401,-0.829555
1640.0,0.16759412,-4.096479,8.259995,-2.2675319,-0.105068825,-1.1154399
1650.0,0.7182605,-1.9057846,6.3566055,-2.1209242,0.02565634,-0.5681047
1659.0,1.6424223,-1.7669208,5.363012,-2.3212879,0.2321288,0.2968805
1669.0,2.1332338,-2.5450363,5.1116204,-2.5094345,0.36774087,0.6976081
1679.0,2.0901382,-3.3973722,4.975151,-2.3603833,0.31520647,0.48502702
1691.0,1.6256629,-3.8283286,4.661511,-1.8716911,0.08674286,0.065973446
1699.0,1.1324574,-3.7349546,4.510676,-1.2840388,-0.2003638,-0.17959438
1710.0,0.7158663,-3.4021606,3.9217024,-0.8051204,-0.4361578,-0.17592919
1719.0,0.6584055,-3.052607,3.4524388,-0.5448918,-0.5852089,-0.08307768
1729.0,0.79487497,-2.834735,3.7253778,-0.42638394,-0.6914995,-0.0720821
1739.0,1.0486604,-2.873042,3.7253778,-0.3640757,-0.8356637,-0.19058995
1750.0,1.1611878,-2.5474305,3.976769,-0.33108896,-1.0079277,-0.39095375
1760.0,1.2401965,-1.8602947,4.8003745,-0.31398472,-1.1704178,-0.59131753
1771.0,1.532289,-1.4293385,6.564901,-0.2761111,-1.2803736,-0.7452556
1780.0,1.769315,-1.4053963,7.5800424,-0.4007276,-1.2815952,-0.84421575
1790.0,2.2170308,-1.7836803,7.9870567,-0.6951646,-1.2119566,-0.906524
1800.0,2.7629087,-2.4277205,8.257602,-1.3243558,-1.073901,-1.0677924
1812.0,3.229778,-2.5689783,9.030929,-1.3243558,-1.073901,-1.0677924
1819.0,4.175488,-2.5474305,10.840945,-1.8533652,-0.79901177,-1.0360274
1829.0,5.6000376,-4.1802764,11.810597,-2.6193902,-0.32253686,-0.8136725
1840.0,6.229713,-6.2991447,11.777079,-3.378085,0.073303826,-0.5375614
1850.0,6.8306575,-8.542512,13.328521,-3.6786306,0.44104472,-0.66706485
1861.0,8.295909,-10.510546,13.843274,-2.8221974,0.6230826,-1.0775663
1871.0,6.751649,-12.346898,14.111424,-0.39706242,0.53023106,-0.57787853
1880.0,5.2504845,-11.463438,12.713211,0.17104226,0.4642576,-0.54367006
1890.0,5.094861,-6.3470287,7.7069354,0.16249016,0.5558874,-0.5131268
1900.0,4.8482585,-4.4843397,6.4140663,-0.1966986,0.6951646,-0.22602014
1910.0,4.3837833,-3.8307228,5.3725886,-0.54000485,0.77824235,0.11484267
1920.0,4.209007,-4.158728,5.0374002,-0.5888741,0.8038987,0.26633725
1931.0,3.9001546,-4.72376,4.972757,-0.25900686,0.71959925,0.21624629
1940.0,3.739743,-4.9559975,5.2768207,0.28344148,0.53878313,0.119729586
1949.0,4.050989,-4.8123455,5.626374,0.73426,0.35185838,0.10995574
1960.0,4.8698063,-4.156334,6.5265937,0.9101892,0.2968805,0.19547687
1970.0,5.865794,-3.763685,7.4986396,0.9016371,0.3555236,0.35918877
1979.0,6.373365,-3.5577838,7.8745294,0.752586,0.44959682,0.5412266
1991.0,6.7372837,-3.5194764,7.7907324,0.59131753,0.5338962,0.63529986
2000.0,6.3206925,-3.3614593,7.6829934,0.49235737,0.5412266,0.61575216
2010.0,5.923255,-3.0550013,7.4268136,0.43371433,0.5216789,0.54733527
2021.0,5.5042696,-3.0334535,7.0724716,0.4251622,0.50701815,0.48258355
2029.0,5.377377,-3.1603463,6.9240313,0.46670106,0.4605924,0.43982297
2040.0,5.1666875,-3.3423057,7.0221934,0.5497787,0.39095375,0.4361578
2049.0,5.020641,-3.442862,7.2927384,0.5839872,0.31642818,0.44837508
2080.0,5.269638,-3.4261026,7.479486,0.5546656,0.31031954,0.4813618
2081.0,5.3223104,-3.560178,7.565677,0.54000485,0.32375857,0.5131268
2087.0,5.209783,-3.4045548,7.6734166,0.57543504,0.29443705,0.50335294
2091.0,4.999093,-2.8514943,7.6710224,0.5681047,0.24190263,0.45570546
2098.0,4.9464207,-2.267309,7.7213006,0.41172317,0.21746802,0.39706242
2112.0,4.8985367,-1.7741034,7.6614456,0.12461651,0.26145032,0.38362336
2120.0,4.8961425,-1.8267759,7.6829934,-0.17104226,0.32375857,0.39706242
2128.0,4.891354,-2.2050598,7.6135616,-0.3555236,0.38240165,0.41538838
2139.0,4.6662993,-3.1364043,7.8888946,-0.40683624,0.40683624,0.43982297
2148.0,4.3167458,-4.0054994,8.133103,-0.32620203,0.3481932,0.44715336
2159.0,4.10845,-4.608838,8.374918,-0.18325958,0.2565634,0.42638394
2173.0,3.9432502,-4.867412,8.53054,-0.059864793,0.15760323,0.38973203
2179.0,3.7541082,-4.7429137,8.322245,-0.04153884,0.07696902,0.36651915
2189.0,3.53863,-4.2760444,8.183381,-0.11728613,0.02076942,0.3567453
2200.0,3.3327289,-3.8953662,7.920019,-0.23090707,-0.0012217305,0.34330627
2211.0,3.071761,-3.8283286,7.9750857,-0.31642818,0.009773844,0.33353242
2220.0,2.8921957,-4.0773253,7.872135,-0.2883284,0.019547688,0.32620203
2232.0,2.6120741,-4.2161894,7.872135,-0.19058995,-0.03176499,0.30176744
2240.0,2.2864625,-4.050989,7.9367785,-0.089186326,-0.09040806,0.2687807
2249.0,2.0829554,-3.881001,7.9702973,-0.03176499,-0.112399206,0.2406809
2259.0,1.9895816,-3.8307228,8.145074,-0.036651913,-0.11728613,0.2125811
2269.0,1.9129672,-3.799598,8.564059,-0.0842994,-0.105068825,0.17470746
2279.0,2.0231004,-4.0318356,9.088389,-0.14172074,-0.052534413,0.13316862
2290.0,2.1428106,-4.6136265,9.358934,-0.18081611,0.004886922,0.10140363
2298.0,2.5498247,-5.0876784,9.174581,-0.18448131,0.039095376,0.058643065
2309.0,2.8203697,-5.1547165,8.935161,-0.14538592,0.037873644,-0.010995574
2319.0,3.0813377,-4.865018,8.5473,-0.112399206,0.015882496,-0.09040806
2329.0,3.4691982,-4.6040497,8.066066,-0.105068825,0.004886922,-0.15027285
2339.0,3.7062242,-4.4843397,7.666234,-0.118507855,0.0036651916,-0.19058995
2350.0,4.039018,-4.55856,7.4244194,-0.12339478,-0.017104227,-0.22602014
2359.0,4.3885717,-4.6495395,7.273585,-0.111177474,-0.05497787,-0.2565634
2369.0,4.608838,-4.7022123,7.1586633,-0.073303826,-0.08307768,-0.27488935
2379.0,4.8338933,-4.63278,7.1227503,-0.007330383,-0.14172074,-0.2932153
2390.0,4.8961425,-4.630386,7.07726,0.05375614,-0.19303341,-0.31398472
2400.0,4.9081135,-4.5082817,7.3525934,0.07452556,-0.2406809,-0.33108896
2415.0,4.7788267,-4.31914,7.4483614,0.056199603,-0.267559,-0.33475417
2420.0,4.6806645,-4.4196963,7.656657,0.04642576,-0.27855456,-0.33475417
2431.0,4.355053,-4.3885717,7.9583263,0.056199603,-0.28955013,-0.33841935
2440.0,4.19943,-4.390966,7.9726915,0.06841691,-0.28710666,-0.344528
2450.0,4.189853,-4.1036615,7.8529816,0.04886922,-0.2761111,-0.36041048
2460.0,4.0462008,-3.8953662,7.8290396,-0.043982297,-0.22357668,-0.3640757
2471.0,4.1036615,-3.7684734,7.967903,-0.14782938,-0.13439035,-0.3652974
2481.0,4.1252093,-4.084508,8.037335,-0.14660765,-0.04886922,-0.37751472
2491.0,4.012682,-4.630386,8.066066,-0.042760566,0.0061086523,-0.3933972
2500.0,3.9217024,-4.8506527,7.9583263,0.06352998,0.04642576,-0.39095375
2513.0,4.146757,-5.116409,7.6375036,0.12583824,0.105068825,-0.36774087
2520.0,4.429273,-5.463568,7.383718,0.16126843,0.15027285,-0.34208453
2532.0,4.5633483,-5.7628436,6.993463,0.17104226,0.18081611,-0.30298916
2540.0,4.759673,-5.7029886,6.8450227,0.1881465,0.20158553,-0.25289822
2551.0,5.0493712,-5.363012,6.8091097,0.21135938,0.2321288,-0.21013765
2561.0,5.2744265,-4.939238,6.703765,0.16615535,0.31520647,-0.1563815
2571.0,5.379771,-4.4963107,6.4499793,0.05131268,0.41538838,-0.0842994
2580.0,5.425261,-4.2784386,6.0980315,-0.08674286,0.49235737,-0.034208454
2592.0,5.530606,-4.3239284,5.8466406,-0.2125811,0.55955255,0.007330383
2600.0,5.5521536,-4.6136265,6.1626754,-0.29077184,0.56199604,0.04153884
2612.0,5.779603,-5.161899,6.7588315,-0.29810223,0.5363397,0.061086524
2620.0,6.315904,-5.7149596,7.52737,-0.21991149,0.49480084,0.042760566
2631.0,6.6391215,-6.090849,8.171411,-0.014660766,0.43127087,0.0036651916
2640.0,6.6630635,-5.8801594,8.4347725,0.22724187,0.376293,0.021991149
2651.0,6.4643445,-5.2887917,8.595184,0.2968805,0.37995818,0.12950343
2660.0,6.3422403,-4.747702,8.173804,0.21135938,0.41538838,0.21624629
2671.0,6.181829,-4.510676,7.6710224,0.056199603,0.45937067,0.21013765
2681.0,5.5042696,-4.235343,6.991069,-0.06963864,0.5009095,0.17592919
2691.0,4.522647,-4.084508,6.694188,-0.08674286,0.47158796,0.15760323
2700.0,3.526659,-3.8953662,6.55293,-0.043982297,0.35918877,0.22113322
2714.0,2.7509377,-3.4955344,6.8306575,-0.043982297,0.35918877,0.22113322
2720.0,2.3463178,-3.0669725,7.2568254,0.0012217305,0.2968805,0.23457226
2732.0,2.0159178,-2.4636335,7.9343843,-0.039095376,0.29810223,0.2565634
2740.0,1.9081788,-2.3008277,8.441956,-0.12705997,0.33964106,0.27855456
2752.0,1.7764976,-3.7565024,9.44752,-0.12705997,0.33353242,0.27000242
2761.0,1.9057846,-4.405331,9.76116,-0.035430185,0.30298916,0.2687807
2773.0,2.1332338,-4.853047,9.751583,0.07819075,0.24678956,0.29077184
2780.0,2.255338,-4.972757,9.5385,0.13805555,0.2003638,0.30665436
2790.0,2.4588451,-4.795586,8.918402,0.18081611,0.21991149,0.31887165
2801.0,2.3774424,-4.927267,8.422802,0.26633725,0.21868975,0.3371976
2812.0,2.315193,-4.783615,7.726089,0.3726278,0.18203785,0.37507126
2820.0,2.5330653,-4.4220905,7.1347213,0.47647488,0.11362094,0.39584067
2833.0,2.6886885,-3.9336734,6.7947445,0.50335294,0.04153884,0.3885103
2841.0,3.1268275,-3.5458126,6.789956,0.42394048,-0.010995574,0.35796702
2852.0,3.6224272,-3.53863,6.8665705,0.29565877,-0.06841691,0.2883284
2861.0,3.8905778,-3.4021606,7.2783732,0.119729586,-0.10995574,0.19547687
2870.0,4.0557775,-3.7110126,7.4603324,-0.07086037,-0.11484267,0.12095132
2880.0,4.0198646,-4.1276035,7.8865004,-0.19181168,-0.10873401,0.07696902
2892.0,3.892972,-4.5753193,8.317456,-0.19547687,-0.087964594,0.06841691
2901.0,3.6511576,-5.104438,8.513782,-0.05497787,-0.07696902,0.087964594
2912.0,3.3279405,-5.3199162,8.643068,0.10873401,-0.095294975,0.119729586
2921.0,3.2872388,-5.0014873,8.614338,0.16615535,-0.0842994,0.16737708
2932.0,3.1675289,-4.747702,8.690952,0.12950343,-0.052534413,0.20280726
2942.0,2.8658595,-4.3263226,8.671799,0.061086524,-0.036651913,0.2003638
2951.0,2.4588451,-3.8762126,8.571242,0.0061086523,-0.030543262,0.17715092
2960.0,2.2266076,-3.6990416,8.62152,-0.037873644,-0.030543262,0.15271631
2973.0,2.1691468,-3.7804444,8.614338,-0.07696902,-0.0061086523,0.13072516
2981.0,2.1499932,-4.003105,8.580819,-0.064751714,0.0036651916,0.111177474
2991.0,2.1859062,-4.225766,8.566454,0.008552114,-0.009773844,0.09162979
3002.0,2.2960393,-4.259285,8.37013,0.095294975,-0.05131268,0.06963864
3012.0,2.528277,-4.0821137,8.243237,0.14538592,-0.08552113,0.05375614
