41.0,1.055843,2.8562827,9.220071,0.0061086523,-0.02076942,0.0
41.0,1.0271125,3.845088,9.126697,0.16249016,0.12217305,-0.09162979
52.0,1.1324574,3.620033,9.157822,0.0036651916,-0.267559,-0.27855456
56.0,0.9672575,3.1531637,9.184157,-0.10751228,-0.4202753,-0.34330627
67.0,0.8810662,3.1507695,9.248801,-0.02443461,0.3494149,0.019547688
82.0,0.78290397,3.1364043,9.126697,-0.04642576,0.34574974,0.030543262
86.0,0.8882488,3.2728736,9.090784,-0.02565634,0.13439035,-0.05497787
96.0,0.89303726,3.8738184,9.208099,-0.0012217305,-0.0720821,-0.13072516
108.0,0.89064306,3.9432502,9.275137,-0.02076942,-0.08552113,-0.13439035
117.0,0.8643068,3.7924154,9.3421755,-0.08674286,-0.073303826,-0.12217305
128.0,0.92176765,3.4691982,9.483433,-0.15271631,-0.057421334,-0.09285152
136.0,0.9672575,3.289633,9.433155,-0.14660765,-0.047647487,-0.065973446
147.0,0.89543146,3.1507695,9.181764,-0.080634214,-0.065973446,-0.04886922
157.0,0.7541735,3.1723173,8.825027,0.009773844,-0.1001819,-0.03176499
167.0,0.6464345,3.1603463,8.690952,0.09896017,-0.13194689,-0.018325957
177.0,0.58657944,3.3087866,8.664616,0.17348573,-0.1685988,-0.002443461
187.0,0.5722142,3.4284968,8.647857,0.22113322,-0.1966986,0.02321288
196.0,0.56982,3.4093432,8.7292595,0.23823744,-0.22113322,0.043982297
208.0,0.581791,3.2609026,8.578424,0.20891592,-0.23457226,0.05497787
216.0,0.60812724,3.0071173,8.564059,0.12705997,-0.24801129,0.064751714
227.0,0.6967127,2.7150247,8.281544,0.02076942,-0.25411993,0.07574729
237.0,0.7134721,2.3870192,8.046912,-0.042760566,-0.24801129,0.07941248
249.0,0.81642276,2.2170308,8.032547,-0.05009095,-0.26389378,0.087964594
259.0,0.92416185,2.243367,8.070854,-0.034208454,-0.28955013,0.1001819
266.0,1.127669,2.3774424,7.860164,-0.047647487,-0.30665436,0.09285152
277.0,1.3455414,2.7844565,7.493851,-0.1563815,-0.3213151,0.06963864
286.0,1.5897499,3.1986535,7.144298,-0.41538838,-0.3286455,0.015882496
297.0,1.8315643,3.53863,6.9000893,-0.87109387,-0.33964106,-0.096516706
310.0,2.2888567,3.466804,6.7971387,-1.5381587,-0.33475417,-0.267559
316.0,2.9879637,2.8993783,6.766014,-2.3542747,-0.2883284,-0.4728097
327.0,3.7110126,2.0039468,6.7827735,-3.1972687,-0.17104226,-0.68416905
337.0,4.283227,1.0151415,6.64391,-3.9706242,-0.02321288,-0.8723156
347.0,4.5753193,0.3854665,6.375759,-4.6205845,0.1160644,-1.0506883
357.0,4.817134,-0.25139117,5.9878983,-5.191133,0.21991149,-1.2571607
368.0,4.7740383,-0.85473,5.4420204,-5.753129,0.31642818,-1.5100589
377.0,4.7548847,-1.472434,4.865018,-6.3664374,0.43371433,-1.7825048
387.0,4.9105077,-2.4277205,4.548983,-7.0225067,0.5876524,-2.035403
397.0,5.068525,-3.6176388,4.261679,-7.6223764,0.8197812,-2.2492058
408.0,5.0661306,-4.879383,3.9576154,-8.323649,1.3072516,-2.4654522
417.0,4.88896,-7.311892,3.8067808,-8.515462,1.4587462,-2.5045476
428.0,4.4723687,-8.848969,3.3518825,-8.693834,1.6016886,-2.5595255
437.0,4.1012673,-10.292673,3.0095115,-8.877093,1.677436,-2.6193902
447.0,3.7062242,-11.827356,2.6144683,-9.097005,1.7030923,-2.5851817
457.0,3.0885203,-13.381193,2.1930888,-9.323026,1.7287487,-2.4788911
467.0,2.4253263,-14.573505,2.657564,-9.500176,1.7556267,-2.3945918
477.0,1.0582372,-15.5120325,2.9233203,-9.500176,1.7763962,-2.3506095
488.0,-0.7134721,-15.7825775,3.3638535,-9.268047,1.6224581,-2.2736404
497.0,-1.8219875,-16.201563,3.7828386,-8.927185,1.2913691,-2.1429152
508.0,-2.552219,-17.128119,3.5410242,-8.561888,0.9993755,-1.9205604
517.0,-2.6312277,-17.721882,3.4979286,-8.255233,0.7440339,-1.5528195
527.0,-2.3894134,-17.913418,3.3901896,-8.181929,0.5729916,-1.1178834
537.0,-2.7126305,-17.60217,2.7940333,-8.235685,0.5497787,-0.7672467
552.0,-3.6415808,-19.177555,2.2050598,-8.15383,0.61575216,-0.5681047
560.0,-5.121197,-21.370644,1.8243817,-7.4782124,0.65118235,-0.27977628
569.0,-6.6654577,-22.347479,0.7589619,-6.0573397,0.5119051,0.119729586
579.0,-7.132327,-21.11207,-0.51954174,-4.1783185,0.21502456,0.5815437
590.0,-6.622362,-19.03151,-1.2617443,-2.6022859,-0.09040806,1.2253957
601.0,-6.167464,-17.757793,-2.066196,-1.7128662,-0.35185838,1.8680259
611.0,-5.777209,-16.7642,-2.3894134,-1.4294246,-0.61941737,2.4007003
621.0,-5.2624555,-15.188815,-2.3702598,-1.5063937,-0.86620694,2.8393016
631.0,-5.1379566,-14.264654,-2.7605145,-1.6811012,-1.0897835,3.164282
639.0,-5.245696,-14.1186075,-3.1890767,-1.8887954,-1.2754866,3.500258
651.0,-5.1259856,-14.231135,-3.799598,-2.130698,-1.4660766,3.907094
660.0,-4.55856,-14.030022,-4.3718123,-2.2919664,-1.7165314,4.2491784
671.0,-3.8666358,-14.077906,-5.1547165,-2.2479842,-1.9743165,4.4935246
680.0,-3.53863,-14.144943,-6.069301,-1.9462167,-2.2296581,4.7024407
691.0,-3.241749,-13.453019,-6.600814,-1.5503759,-2.4642303,4.900361
700.0,-2.813187,-12.243947,-6.64391,-1.2156218,-2.6975808,5.073847
712.0,-2.2170308,-11.128249,-6.4188547,-1.0274754,-2.9345965,5.20335
720.0,-1.6663644,-10.201694,-6.0956373,-0.9773844,-3.1752775,5.2937584
731.0,-1.2018893,-9.368511,-5.6239796,-1.0140363,-3.376863,5.345071
739.0,-1.0055647,-8.580819,-5.12838,-0.9932669,-3.5246925,5.3255234
751.0,-1.2354081,-8.104373,-5.379771,-0.86498517,-3.6541958,5.2302284
761.0,-1.472434,-7.563283,-5.233725,-0.75136423,-3.7592647,5.1654763
771.0,-1.553837,-6.5577183,-4.8578353,-0.80878556,-3.8631117,5.1740284
781.0,-1.5514427,-5.475539,-4.225766,-0.9627236,-3.9498546,5.1520376
792.0,-1.5682021,-4.333505,-3.5338416,-1.0946705,-3.9779544,5.031086
801.0,-1.8626889,-3.809175,-3.3303347,-1.1459832,-3.9645154,4.8221703
812.0,-2.1811178,-3.6655228,-3.3782187,-1.1435398,-3.9364157,4.5937066
821.0,-2.3295584,-3.8163576,-3.1507695,-1.1765264,-3.9290853,4.4067817
830.0,-2.4157495,-3.8474822,-2.7964275,-1.1667526,-3.9144244,4.224744
839.0,-2.5474305,-3.5889084,-2.2625206,-1.0580186,-3.853338,3.9938369
852.0,-2.7126305,-2.777274,-1.4580688,-0.8588765,-3.7384953,3.7360518
859.0,-2.956839,-1.8339585,-1.4053963,-0.7110472,-3.5760052,3.4880404
870.0,-3.0885203,-1.8555063,0.22505496,-0.6401868,-3.376863,3.264464
880.0,-3.2273839,-1.9800048,0.062249243,-0.73792523,-3.2192597,3.055548
892.0,-3.3159695,-1.5131354,0.6464345,-1.0665708,-3.087313,2.855184
900.0,-3.679888,-1.7357962,1.1468226,-1.3096951,-2.8832839,2.637716
914.0,-4.2305546,-2.2361844,1.8267759,-1.1899655,-2.6328292,2.3359487
920.0,-4.735731,-2.5450363,2.3319526,-0.8038987,-2.3677137,2.0060816
931.0,-5.449203,-2.15957,2.2266076,-0.2602286,-2.1245892,1.7299703
939.0,-5.901707,-1.1971009,2.5067291,0.2932153,-1.9010127,1.5393804
950.0,-6.045359,0.07182605,2.6671407,0.66339964,-1.6847663,1.4318681
962.0,-6.081272,0.50517654,2.6527755,0.73792523,-1.4013249,1.3536774
973.0,-6.3470287,0.059855044,3.6056678,0.57787853,-1.047023,1.2180653
980.0,-6.591237,-0.35913026,4.8578353,0.38606682,-0.70249504,0.98715824
990.0,-7.1610575,-0.2657564,5.41329,0.42271876,-0.3921755,0.6536258
999.0,-7.690176,0.23223756,5.2959743,0.7538077,-0.1600467,0.344528
1012.0,-8.1642275,0.557849,4.417302,1.1655309,-0.008552114,0.19914207
1018.0,-8.394072,0.7206547,3.6343982,1.3573426,0.105068825,0.2003638
1030.0,-8.327033,0.59376204,3.2824504,1.0910053,0.25534168,0.23579398
1041.0,-8.192958,0.32321724,2.9999347,0.46792278,0.4092797,0.21135938
1061.0,-8.384495,-0.39504328,2.8299465,-0.14782938,0.5314528,0.096516706
1061.0,-8.477868,-1.1779473,2.4037786,-0.45814893,0.59498274,-0.057421334
1068.0,-8.791509,-2.054225,1.9560628,-0.47769663,0.6047566,-0.17592919
1080.0,-9.129091,-2.4109612,1.6807296,-0.4092797,0.59742624,-0.22479841
1090.0,-9.425972,-2.2649148,1.5705963,-0.37507126,0.5876524,-0.22113322
1099.0,-9.557653,-1.9273324,1.2880806,-0.35308012,0.5510005,-0.1881465
1111.0,-9.581595,-1.7046716,1.271321,-0.29443705,0.4886922,-0.15393804
1120.0,-9.548077,-1.6017209,1.4796166,-0.2406809,0.44226643,-0.14905111
1129.0,-9.763555,-1.316811,1.5251064,-0.21502456,0.41172317,-0.18325958
1139.0,-9.856929,-1.079785,1.4580688,-0.1881465,0.37995818,-0.21746802
1151.0,-9.945514,-1.0127473,1.2449849,-0.13683382,0.33353242,-0.20769419
1160.0,-9.959879,-1.1013328,1.0582372,-0.05497787,0.25411993,-0.1563815
1172.0,-10.0748005,-1.0223241,0.9959879,-0.007330383,0.18448131,-0.105068825
1182.0,-10.228029,-0.6895301,1.0462662,-0.04153884,0.13439035,-0.06719518
1192.0,-10.295067,-0.7086837,1.1300632,-0.12217305,0.081855945,-0.04153884
1202.0,-10.149021,-0.92895025,1.1492168,-0.17715092,0.015882496,-0.03176499
1213.0,-10.113108,-1.0773908,1.400608,-0.08552113,-0.056199603,0.0036651916
1221.0,-9.993398,-0.9935937,1.541866,-0.08552113,-0.056199603,0.0036651916
1232.0,-9.727641,-0.9672575,1.6903064,0.04642576,-0.07086037,0.034208454
1240.0,-9.500193,-0.82599956,1.8363527,0.20280726,-0.081855945,0.06963864
1250.0,-9.215282,-0.82360536,1.8435353,0.3200934,-0.07941248,0.105068825
1260.0,-9.31105,-0.50996494,1.7908629,0.34697145,-0.05497787,0.12583824
1272.0,-9.222465,-0.39264908,1.6065093,0.1600467,-0.012217305,0.15149458
1280.0,-9.196129,-0.45729253,1.472434,-0.007330383,0.013439035,0.16982053
1291.0,-9.19134,-0.50278234,1.3455414,-0.16982053,0.034208454,0.17959438
1300.0,-9.31105,-0.49320555,1.472434,-0.2687807,0.052534413,0.18203785
1311.0,-9.301474,-0.5554548,1.697489,-0.3005457,0.073303826,0.18570304
1320.0,-8.983045,-0.33279404,2.255338,-0.29443705,0.10629055,0.19547687
1331.0,-8.508993,-0.038307227,2.5713725,-0.25900686,0.11484267,0.22479841
1340.0,-8.061277,0.20111294,2.7150247,-0.204029,0.11362094,0.27855456
1351.0,-7.9008656,0.3878607,2.6623523,-0.14782938,0.12950343,0.3408628
1362.0,-7.867347,0.50757074,2.4995465,-0.12095132,0.17104226,0.38728857
1371.0,-7.9487495,0.59376204,2.420538,-0.111177474,0.21991149,0.42149702
1381.0,-8.133103,0.5626374,2.1547816,-0.073303826,0.26511553,0.44593164
1393.0,-8.475474,0.4405331,1.8052281,0.002443461,0.31398472,0.45448375
1402.0,-8.848969,0.47644615,1.4101849,0.096516706,0.37140608,0.4361578
1413.0,-8.956709,0.39504328,1.0031705,0.19058995,0.4251622,0.40439278
1421.0,-9.038112,0.15562311,0.533907,0.26389378,0.48258355,0.3811799
1431.0,-8.9519205,-0.050278235,0.24420857,0.30298916,0.5314528,0.35918877
1441.0,-8.944737,-0.3878607,0.15083471,0.29077184,0.5766568,0.32375857
1451.0,-8.901642,-0.7110779,0.20111294,0.2406809,0.61453044,0.2687807
1459.0,-8.978256,-1.0031705,0.10055647,0.17959438,0.6377433,0.19792034
1469.0,-9.172187,-1.2042835,0.1436521,0.1441642,0.65118235,0.13439035
1481.0,-9.349358,-1.3024458,0.30406362,0.13439035,0.6768387,0.0842994
1492.0,-9.77792,-1.3072342,0.1436521,0.13072516,0.70005155,0.035430185
1503.0,-10.15381,-1.3120226,0.093373865,0.11362094,0.7281514,-0.004886922
1514.0,-10.575189,-1.3982137,0.08379706,0.056199603,0.7672467,-0.035430185
1520.0,-10.771513,-1.448492,0.016759412,-0.007330383,0.784351,-0.0720821
1532.0,-10.769119,-1.4532804,-0.12689269,-0.057421334,0.7648033,-0.1160644
1541.0,-10.627861,-1.400608,-0.107739076,-0.10629055,0.7049385,-0.15271631
1550.0,-10.395624,-1.376666,-0.045489833,-0.16371189,0.61086524,-0.17715092
1560.0,-10.268731,-1.4676456,0.059855044,-0.2003638,0.50946164,-0.19303341
1572.0,-10.240001,-1.5969325,0.24181437,-0.18325958,0.4007276,-0.2003638
1582.0,-10.149021,-1.4628572,0.50996494,-0.14049901,0.3005457,-0.19425514
1592.0,-9.959879,-1.2880806,0.7565677,-0.0720821,0.1881465,-0.172264
1602.0,-9.619903,-1.3623008,1.0390835,0.04153884,0.08552113,-0.13805555
1614.0,-9.332599,-1.3814543,1.4772224,0.23457226,-0.010995574,-0.111177474
1621.0,-9.41879,-1.1085154,1.5227122,0.453262,-0.061086524,-0.096516706
1633.0,-9.502586,-0.6679823,1.3215994,0.61941737,-0.0842994,-0.09407325
1640.0,-9.507375,-0.4333505,1.1180922,0.71959925,-0.10262536,-0.07086037
1650.0,-9.595961,-0.35434186,1.0199299,0.7367035,-0.10140363,-0.02565634
1660.0,-9.507375,-0.24899697,1.2641385,0.689056,-0.09773844,-0.002443461
1671.0,-9.552865,-0.17477672,1.4341269,0.6560693,-0.07819075,-0.015882496
1681.0,-9.512163,-0.2777274,1.5825673,0.6963864,-0.05497787,-0.035430185
1694.0,-9.531317,-0.47165772,1.5586253,0.81000733,-0.015882496,-0.028099801
1702.0,-9.598354,-0.47884035,1.4796166,0.9443977,0.028099801,0.008552114
1714.0,-9.787497,-0.24181437,1.3575124,1.033584,0.081855945,0.05009095
1722.0,-9.682152,0.076614454,1.2234371,1.0140363,0.13072516,0.080634214
1733.0,-9.212888,0.18195933,0.8714894,0.8698721,0.1685988,0.09407325
1742.0,-8.829816,0.035913024,0.61291564,0.6560693,0.21624629,0.09040806
1752.0,-8.853758,-0.2777274,0.63206923,0.42638394,0.3005457,0.07086037
1763.0,-8.918402,-0.4381389,0.557849,0.24678956,0.4007276,0.042760566
1772.0,-8.966286,-0.59136784,0.33518824,0.13316862,0.46670106,0.035430185
1780.0,-8.901642,-0.59615624,0.14844051,0.103847094,0.48258355,0.07086037
1793.0,-8.576031,-0.50038815,-0.016759412,0.13316862,0.5045747,0.10262536
1801.0,-8.355764,-0.45250413,-0.14844051,0.17348573,0.548557,0.07574729
1813.0,-8.432379,-0.5746084,-0.23702596,0.1966986,0.61208695,0.008552114
1820.0,-8.453926,-0.7733272,-0.4213795,0.18081611,0.657291,-0.036651913
1831.0,-8.532935,-0.92416185,-0.46926352,0.1441642,0.6780604,-0.061086524
1842.0,-8.834604,-0.7541735,-0.58657944,0.09285152,0.6988298,-0.09896017
1852.0,-9.004593,-0.4213795,-0.80924016,0.02443461,0.70005155,-0.1563815
1861.0,-9.035717,-0.320823,-1.13964,-0.047647487,0.69027776,-0.19792034
1873.0,-9.057265,-0.36391866,-1.2737153,-0.1563815,0.6743952,-0.20647246
1882.0,-9.176975,-0.7565677,-1.5705963,-0.30543262,0.6377433,-0.2125811
1892.0,-9.464279,-1.0606314,-1.7788919,-0.45204028,0.593761,-0.21746802
1901.0,-9.816227,-1.352724,-1.9416976,-0.53878313,0.5510005,-0.21868975
1912.0,-10.029311,-1.7741034,-1.9871874,-0.50946164,0.5009095,-0.21868975
1922.0,-10.314221,-1.8363527,-1.8698715,-0.41050145,0.453262,-0.20891592
1933.0,-10.340557,-1.7549498,-1.8076223,-0.30176744,0.3921755,-0.17592919
1943.0,-10.280702,-1.5490485,-1.697489,-0.19181168,0.30787608,-0.12339478
1952.0,-10.072407,-1.3263878,-1.6831238,-0.0842994,0.2321288,-0.064751714
1963.0,-10.029311,-1.1755531,-1.6208745,-0.017104227,0.16982053,-0.012217305
1972.0,-10.146626,-1.1252748,-1.5346833,-0.02321288,0.12339478,0.047647487
1983.0,-10.268731,-0.9576807,-1.4317327,-0.065973446,0.081855945,0.1160644
1994.0,-10.342952,-0.92416185,-1.1779473,-0.07696902,0.029321533,0.17592919
2002.0,-10.192117,-0.9792285,-0.78529817,-0.02565634,-0.007330383,0.22357668
2013.0,-9.998186,-0.93852705,-0.58657944,0.047647487,-0.039095376,0.26389378
2023.0,-9.856929,-0.59136784,-0.47644615,0.07452556,-0.05375614,0.28588495
2031.0,-9.837775,-0.21068975,-0.7015011,0.07819075,-0.043982297,0.29810223
2042.0,-9.854534,0.016759412,-0.8379706,0.06963864,-0.008552114,0.2968805
2067.0,-9.9550905,-0.074220255,-0.78050977,0.05009095,0.040317107,0.27122417
2067.0,-10.038888,0.04070143,-0.61770403,0.008552114,0.08674286,0.2321288
2070.0,-9.876082,0.05267244,-0.46926352,-0.04886922,0.10873401,0.17348573
2080.0,-9.488221,0.04070143,-0.45968673,-0.056199603,0.12583824,0.09773844
2093.0,-9.380483,0.11971009,-0.51475334,0.019547688,0.13805555,0.017104227
2101.0,-9.390059,0.076614454,-0.60573304,0.15393804,0.14049901,-0.04886922
2113.0,-9.440337,0.021547815,-0.9600749,0.39095375,0.13927728,-0.089186326
2121.0,-9.560047,-0.12928689,-1.1013328,0.44715336,0.1282817,-0.10629055
2131.0,-9.598354,-0.20111294,-1.1133038,0.45814893,0.12705997,-0.13683382
2141.0,-9.703699,-0.40222588,-1.0510546,0.47525316,0.10873401,-0.16982053
2153.0,-9.722853,-0.45250413,-1.0295067,0.53023106,0.08674286,-0.18692477
2162.0,-9.770737,-0.47165772,-1.0773908,0.59498274,0.07819075,-0.18692477
2173.0,-9.828198,-0.3184288,-1.127669,0.6462954,0.059864793,-0.17104226
2181.0,-9.895236,-0.25617957,-1.1540052,0.6401868,0.04642576,-0.13194689
2192.0,-9.969456,-0.12689269,-1.2808979,0.59498274,0.040317107,-0.095294975
2201.0,-10.070012,-0.17477672,-1.4030021,0.535118,0.042760566,-0.07574729
2214.0,-10.16578,-0.25139117,-1.3910311,0.48502702,0.047647487,-0.062308256
2223.0,-9.988609,-0.2777274,-1.3431472,0.4569272,0.034208454,-0.040317107
2235.0,-9.923966,-0.32561144,-1.3144168,0.44348818,0.02687807,-0.008552114
2244.0,-9.801862,-0.45729253,-1.2521675,0.44593164,0.015882496,0.02321288
2253.0,-9.737218,-0.4309563,-1.3503298,0.45814893,0.0036651916,0.04886922
2262.0,-9.677363,-0.47405192,-1.4676456,0.4605924,-0.0061086523,0.06719518
2273.0,-9.502586,-0.4165911,-1.4437037,0.4654793,-0.009773844,0.07696902
2281.0,-9.504981,-0.40701428,-1.5227122,0.4728097,-0.013439035,0.07941248
2295.0,-9.399636,-0.48123455,-1.6017209,0.46792278,-0.017104227,0.07574729
2303.0,-9.344569,-0.4189853,-1.5298948,0.44837508,-0.017104227,0.07819075
2315.0,-9.224859,-0.32321724,-1.4556746,0.43127087,-0.034208454,0.0842994
2323.0,-9.188946,-0.39504328,-1.3982137,0.44104472,-0.057421334,0.080634214
2331.0,-9.212888,-0.50278234,-1.3192052,0.45937067,-0.062308256,0.073303826
2342.0,-9.452309,-0.37828386,-1.30484,0.48380527,-0.04520403,0.064751714
2354.0,-9.598354,-0.4309563,-1.3072342,0.516792,-0.043982297,0.05497787
2364.0,-9.591172,-0.4381389,-1.4221559,0.56199604,-0.047647487,0.039095376
2373.0,-9.500193,-0.4165911,-1.4437037,0.6084218,-0.059864793,0.015882496
2382.0,-9.375694,-0.30885202,-1.3790601,0.61819565,-0.057421334,-0.013439035
2393.0,-9.320627,-0.16998832,-1.2114661,0.59498274,-0.04886922,-0.04642576
2403.0,-9.241618,-0.19393034,-1.1540052,0.5546656,-0.037873644,-0.07941248
2415.0,-9.210494,-0.4141969,-1.0486604,0.5180137,-0.040317107,-0.096516706
2423.0,-9.375694,-0.61530983,-1.0223241,0.49113566,-0.02443461,-0.1001819
2433.0,-9.461885,-0.5386954,-0.9624691,0.49235737,-0.02687807,-0.10751228
2441.0,-9.437943,-0.39025488,-0.8331822,0.52290064,-0.02321288,-0.11484267
2452.0,-9.478644,-0.29688102,-0.8403648,0.56077427,-0.032986723,-0.111177474
2463.0,-9.562442,-0.12449849,-0.91219085,0.56077427,-0.037873644,-0.10629055
2475.0,-9.706094,0.18195933,-0.8499416,0.5021312,-0.015882496,-0.09896017
2482.0,-9.737218,0.2681506,-0.842759,0.4092797,0.0036651916,-0.089186326
2493.0,-9.713276,0.20350714,-0.9888053,0.31520647,0.007330383,-0.07819075
2504.0,-9.665392,0.055066638,-0.9816227,0.22479841,0.019547688,-0.065973446
2515.0,-9.746795,0.10534488,-0.9528923,0.13194689,0.04520403,-0.04886922
2524.0,-9.667787,0.20829555,-0.9840169,0.058643065,0.057421334,-0.03176499
2535.0,-9.526528,0.1604115,-0.58897364,0.008552114,0.06719518,-0.014660766
2544.0,-9.390059,0.09816227,-0.25857377,-0.008552114,0.06963864,0.0012217305
2553.0,-9.354146,-0.059855044,-0.050278235,0.029321533,0.095294975,0.0036651916
2563.0,-9.3182335,-0.20111294,0.009576807,0.11484267,0.13439035,-0.0061086523
2573.0,-9.114726,-0.32800564,0.074220255,0.21868975,0.16737708,-0.019547688
2583.0,-8.925584,-0.62728083,-0.2681506,0.3323107,0.17837265,-0.032986723
2595.0,-8.868123,-0.82599956,-0.48362875,0.4447099,0.20647246,-0.057421334
2603.0,-8.935161,-0.8499416,-0.44532153,0.51923543,0.27855456,-0.118507855
2613.0,-9.002198,-0.8690952,-0.5434838,0.54000485,0.35796702,-0.22113322
2623.0,-8.808268,-1.1300632,-0.8595184,0.54611355,0.40317106,-0.3213151
2634.0,-8.6813755,-1.4460979,-1.1899183,0.54733527,0.42394048,-0.40317106
2644.0,-8.839393,-1.6089035,-1.5155296,0.5338962,0.43493605,-0.49968776
2655.0,-9.193734,-1.7022774,-1.673547,0.47769663,0.44959682,-0.6035349
2663.0,-9.528923,-1.9009962,-2.0829554,0.40561453,0.44104472,-0.6927212
2674.0,-9.742006,-1.8842367,-2.5091233,0.34330627,0.4251622,-0.7489208
2684.0,-9.868899,-2.0901382,-2.8538885,0.29443705,0.4129449,-0.784351
2695.0,-9.892841,-2.1930888,-3.1268275,0.2565634,0.37507126,-0.81000733
2702.0,-9.672575,-2.2768857,-3.0382419,0.22357668,0.33475417,-0.8258898
2716.0,-9.55047,-2.0853498,-2.9496565,0.21624629,0.2687807,-0.8356637
2723.0,-9.406818,-1.934515,-2.633622,0.2125811,0.20647246,-0.8332202
2733.0,-9.246407,-1.8986019,-2.3558946,0.21135938,0.1282817,-0.8222246
2744.0,-9.390059,-2.3439236,-2.2337902,0.21135938,0.058643065,-0.81000733
2753.0,-9.583989,-2.540248,-2.1691468,0.17715092,0.015882496,-0.7855727
2764.0,-9.809045,-2.5258827,-2.030283,0.103847094,-0.03176499,-0.7501425
2775.0,-9.696517,-2.597709,-1.9560628,0.04886922,-0.105068825,-0.70371675
2784.0,-9.660604,-2.554613,-1.99437,0.037873644,-0.17470746,-0.64996064
2794.0,-9.696517,-2.336741,-1.9488802,0.017104227,-0.22357668,-0.60231316
2804.0,-9.679757,-2.0518308,-1.8315643,-0.04153884,-0.2761111,-0.5656612
2816.0,-9.579201,-2.0685902,-1.7980455,-0.12339478,-0.33108896,-0.5314528
2823.0,-9.382876,-2.2529438,-1.5897499,-0.22357668,-0.38240165,-0.49235737
2836.0,-9.25359,-2.2816741,-1.4748282,-0.3481932,-0.4251622,-0.45570546
2843.0,-9.176975,-2.2816741,-1.2473791,-0.44959682,-0.45081854,-0.4288274
2852.0,-9.109938,-2.3463178,-1.0366893,-0.49602258,-0.45570546,-0.41172317
2864.0,-9.155427,-2.468422,-0.9576807,-0.49846604,-0.44715336,-0.3933972
2873.0,-9.126697,-2.3247697,-0.9696517,-0.50823987,-0.43249258,-0.37018433
2884.0,-9.227253,-2.147599,-0.9720459,-0.5522222,-0.41783184,-0.344528
2896.0,-9.198523,-2.0470424,-1.0007763,-0.6096435,-0.40561453,-0.32253686
2902.0,-9.174581,-2.2744915,-1.0199299,-0.6560693,-0.41050145,-0.31031954
2915.0,-9.186552,-2.7150247,-0.79726917,-0.7696902,-0.43004912,-0.31642818
2924.0,-9.289502,-2.846706,-0.6536171,-0.7965683,-0.42760566,-0.3286455
2933.0,-9.299079,-2.944868,-0.50278234,-0.7452556,-0.4288274,-0.33964106
2943.0,-9.399636,-3.0190883,-0.58897364,-0.6291912,-0.43493605,-0.3286455
2954.0,-9.457097,-3.0334535,-0.6536171,-0.47647488,-0.4361578,-0.2883284
2964.0,-9.423578,-2.9161377,-0.6895301,-0.33841935,-0.4373795,-0.23579398
2975.0,-9.49301,-2.8179753,-0.7613561,-0.24678956,-0.4605924,-0.19303341
2985.0,-9.437943,-2.920926,-0.7182605,-0.24923302,-0.48502702,-0.1563815
2995.0,-9.411607,-3.205836,-0.5722142,-0.34208453,-0.5009095,-0.118507855
3005.0,-9.31105,-3.3446999,-0.5410896,-0.47403142,-0.50823987,-0.08674286
3015.0,-9.284714,-3.5434184,-0.5674258,-0.5546656,-0.5314528,-0.057421334
