40.0,2.006341,2.327164,9.066842,0.0036651916,0.013439035,0.012217305
41.0,1.9321208,2.0853498,8.9758625,0.14782938,0.14294247,-0.06963864
56.0,2.0111294,2.1284454,8.839393,-0.042760566,-0.2602286,-0.23945917
64.0,2.0231004,2.0374656,8.810662,-0.13683382,-0.4202753,-0.32986724
73.0,2.0518308,2.078167,8.702923,-0.073303826,0.33353242,0.002443461
79.0,2.0350714,2.1547816,8.628703,-0.16615535,0.30665436,-0.02443461
89.0,2.0566192,2.0638018,8.549694,-0.27488935,0.081855945,-0.13439035
99.0,2.0350714,2.0470424,8.384495,-0.35308012,-0.1160644,-0.23823744
109.0,2.111686,1.9752164,8.288726,-0.42271876,-0.15271631,-0.28344148
119.0,2.1092918,1.8076223,8.195353,-0.49602258,-0.19058995,-0.32498032
131.0,2.0805612,1.5801731,7.9631147,-0.5534439,-0.22479841,-0.36774087
139.0,2.1332338,1.4053963,7.872135,-0.5705481,-0.26145032,-0.40317106
150.0,2.171541,1.3982137,7.642292,-0.56199604,-0.31520647,-0.43127087
160.0,2.0518308,1.3072342,7.3645644,-0.56688297,-0.37751472,-0.46303585
171.0,2.243367,1.5059528,7.091625,-0.5852089,-0.44348818,-0.5021312
180.0,2.2960393,1.4556746,6.9623384,-0.6133087,-0.5216789,-0.5375614
191.0,2.1404164,1.5777789,6.8282633,-0.6462954,-0.6035349,-0.5558874
200.0,2.1308396,1.8363527,6.9407907,-0.68783426,-0.70371675,-0.5852089
211.0,2.2026656,2.099715,6.861782,-0.77946407,-0.8222246,-0.6096435
221.0,2.5570073,2.1883004,6.919243,-0.9407325,-0.97494096,-0.6133087
231.0,2.779668,2.1859062,6.9767036,-1.205848,-1.1227703,-0.593761
240.0,2.9903579,2.2266076,7.192182,-1.536937,-1.2205088,-0.61086524
251.0,3.4332852,1.9752164,7.819463,-1.8423696,-1.3121386,-0.6927212
260.0,3.98874,1.3575124,8.350976,-2.0879374,-1.3646729,-0.78801614
270.0,4.5896845,0.5722142,8.865729,-2.2455406,-1.3842206,-0.84299403
280.0,5.094861,-0.11731588,9.095572,-2.3225098,-1.3744467,-0.84788096
290.0,5.133168,-0.93134445,9.313444,-2.3445008,-1.351234,-0.829555
301.0,4.9057193,-0.91937345,10.01734,-2.3762658,-1.3231341,-0.8210029
311.0,4.7668557,-0.6584055,10.9103775,-2.4788911,-1.3011429,-0.84299403
321.0,4.783615,-0.16280572,11.398794,-2.6731462,-1.282817,-0.8723156
331.0,5.085284,-0.18435353,12.090718,-3.40985,-1.1704178,-0.8576548
340.0,5.1930237,-0.830788,12.361263,-3.40985,-1.1704178,-0.8576548
351.0,5.2720323,-2.147599,11.532869,-4.2394047,-0.86132,-0.7171558
360.0,5.925649,-3.1124623,12.389994,-4.255287,-0.61941737,-0.65118235
371.0,6.2392898,-4.280833,13.13459,-4.1819835,-0.3652974,-0.4886922
380.0,6.7468605,-5.6335564,13.520057,-4.355469,-0.12583824,-0.1881465
391.0,6.8785415,-6.9838862,13.36204,-4.7891836,0.15882497,0.1685988
400.0,6.6079965,-8.6095495,13.426683,-5.23145,0.47647488,0.5448918
410.0,5.837064,-10.259154,13.113043,-5.574756,0.7464773,0.9236283
421.0,4.7764325,-11.676521,12.425907,-5.81055,0.95294976,1.2339478
433.0,3.8714242,-12.682086,12.071565,-5.8557544,1.1203269,1.4892895
441.0,3.2202013,-13.046005,11.468226,-5.6883774,1.2290609,1.7348573
450.0,2.753332,-12.935872,11.08276,-5.3340755,1.2815952,1.9914207
460.0,2.6120741,-12.555194,10.534488,-4.889365,1.3353515,2.26631
471.0,2.4468741,-12.452243,9.713276,-4.488638,1.3952162,2.5802948
480.0,2.2337902,-12.337321,8.791509,-4.225966,1.459968,2.93704
492.0,1.9440918,-12.294226,8.080431,-4.0610323,1.4905112,3.2901201
500.0,1.6711528,-12.253524,7.2113357,-3.9376373,1.5015068,3.6053267
510.0,1.3503298,-12.081141,6.0501475,-3.8044686,1.4465289,3.8960986
520.0,0.90261406,-11.59033,5.269638,-3.6407568,1.3414601,4.161214
531.0,0.6607997,-11.013328,4.594473,-3.4868188,1.2156218,4.3750167
541.0,0.48123455,-10.5919485,4.0294414,-3.4147367,1.0592403,4.5533895
551.0,0.2873042,-10.316615,3.6511576,-3.4440582,0.8588765,4.704884
561.0,0.22744916,-9.947908,3.5529952,-3.5271358,0.6401868,4.8356094
570.0,0.16998832,-9.651027,3.1603463,-3.5845573,0.40561453,4.9480085
581.0,0.18674773,-9.449914,2.585738,-3.5063665,0.15760323,5.032308
592.0,0.062249243,-8.992621,2.0829554,-3.2852333,-0.05131268,5.067738
603.0,-0.22026655,-8.307879,1.5729905,-2.992018,-0.21991149,5.0579643
614.0,-0.50757074,-7.723695,1.0630256,-2.669481,-0.38606682,5.0286427
623.0,-0.8499416,-7.1227503,0.81642276,-2.3506095,-0.54611355,4.9883256
634.0,-1.1755531,-6.50744,0.79008657,-2.13925,-0.71959925,4.9260173
643.0,-1.5921441,-5.7843914,0.79008657,-2.0610592,-0.893085,4.8356094
653.0,-1.745373,-5.6359506,0.90261406,-1.9975294,-1.0592403,4.713436
663.0,-1.9847932,-5.827487,0.79008657,-1.9205604,-1.2156218,4.555833
675.0,-2.2697031,-5.6790466,0.81642276,-1.8240436,-1.3377949,4.373795
684.0,-2.4756045,-5.5162406,0.7086837,-1.6126842,-1.4343116,4.194201
693.0,-2.5115175,-5.410896,0.5386954,-1.2767084,-1.5076154,4.0268235
704.0,-2.789245,-4.903325,0.40222588,-0.9896017,-1.5674802,3.8692205
715.0,-3.0813377,-4.5322237,0.46926352,-0.8454375,-1.6187929,3.7287214
723.0,-3.5314474,-4.0773253,0.6679823,-0.816116,-1.6627752,3.5882225
736.0,-3.799598,-3.916914,0.557849,-0.82833326,-1.6933185,3.4281757
743.0,-3.8307228,-4.1276035,0.29448682,-0.8576548,-1.740966,3.2510247
754.0,-3.8953662,-4.0438066,0.47644615,-0.9578367,-1.817935,3.0775392
764.0,-4.0821137,-3.514688,1.1923125,-1.1252137,-1.921782,2.9223793
773.0,-4.220978,-3.2249897,1.4796166,-1.1826351,-1.9865338,2.77455
785.0,-4.3358994,-3.2848446,1.6783354,-1.0421361,-1.9975294,2.6096163
795.0,-4.510676,-3.2824504,2.1978772,-0.8197812,-1.9682078,2.42147
803.0,-4.620809,-3.0214825,2.825158,-0.6035349,-1.9388863,2.225993
814.0,-4.709395,-2.8299465,3.7852328,-0.37751472,-1.8851302,2.0329595
825.0,-4.771644,-2.3918076,4.596867,-0.21013765,-1.7910569,1.8252654
835.0,-5.0421886,-1.8674773,5.391742,-0.12461651,-1.640784,1.6163495
843.0,-5.3606176,-1.8052281,6.232107,-0.065973446,-1.4269812,1.409877
855.0,-5.681441,-1.6998832,6.8545995,-0.06841691,-1.1801916,1.1850786
864.0,-5.932832,-1.7070658,7.2951326,-0.10262536,-0.906524,0.97127575
874.0,-6.05733,-1.8842367,7.5106106,-0.07819075,-0.6096435,0.7684685
885.0,-6.2512608,-2.087744,7.61835,0.004886922,-0.28221974,0.5497787
894.0,-6.471527,-2.1859062,7.40766,0.10751228,0.06352998,0.31764993
905.0,-6.682217,-2.2050598,6.694188,0.21868975,0.376293,0.09162979
917.0,-7.017405,-2.60968,6.169858,0.34697145,0.66339964,-0.1001819
925.0,-7.3047094,-3.0430303,5.5042696,0.4605924,0.90408057,-0.26633725
935.0,-7.491457,-3.1747115,4.6016555,0.5510005,1.0763446,-0.43004912
945.0,-7.5225816,-3.8067808,3.3518825,0.6731735,1.1936307,-0.5766568
954.0,-7.3909006,-4.5777135,2.0805612,0.77824235,1.2437216,-0.7134906
965.0,-7.6111674,-5.305551,0.78769237,0.7367035,1.2315043,-0.80756384
976.0,-7.7213006,-5.9567738,-0.35913026,0.57787853,1.1178834,-0.816116
985.0,-7.8386164,-6.5122285,-1.340753,0.37873647,0.93462384,-0.7648033
995.0,-8.058883,-6.9623384,-1.8459295,0.10873401,0.70249504,-0.6731735
1005.0,-8.228871,-7.086837,-1.982399,-0.2284636,0.43127087,-0.52656585
1015.0,-8.50181,-7.101202,-1.8938135,-0.5546656,0.13927728,-0.3286455
1024.0,-8.561666,-7.0006456,-1.5777789,-0.78801614,-0.14049901,-0.118507855
1037.0,-8.552089,-6.8545995,-1.0103531,-0.8503244,-0.39095375,0.06963864
1045.0,-8.48984,-6.517017,-0.47405192,-0.7305948,-0.6035349,0.23579398
1054.0,-8.300697,-5.896919,0.37828386,-0.52412236,-0.77824235,0.3885103
1081.0,-8.106767,-5.109226,1.1204864,-0.3323107,-0.93462384,0.5155703
1083.0,-7.845799,-4.4484267,2.2218192,-0.21746802,-1.047023,0.5815437
1083.0,-7.4962454,-3.7660792,3.4931402,-0.2321288,-1.1142182,0.56199604
1094.0,-7.1969705,-3.2944214,4.7189717,-0.37873647,-1.1337659,0.47647488
1104.0,-6.907272,-2.954445,5.793968,-0.56077427,-1.0604621,0.37384954
1113.0,-6.694188,-3.0214825,6.6534867,-0.70005155,-0.8906415,0.2846632
1124.0,-6.7444663,-3.1866825,7.457938,-0.6792821,-0.37018433,0.12950343
1135.0,-7.1993647,-3.2920272,7.5201874,-0.47647488,-0.043982297,0.05497787
1144.0,-7.45315,-3.3854012,7.2089415,-0.17959438,0.28221974,-0.02443461
1154.0,-7.4603324,-3.5553896,6.5026517,0.1600467,0.5729916,-0.12217305
1164.0,-7.335834,-3.739743,5.542577,0.44959682,0.82711154,-0.25045475
1173.0,-7.4603324,-4.048595,4.417302,0.61208695,1.0409144,-0.37384954
1185.0,-7.548918,-4.5561657,3.2704794,0.64751714,1.1728612,-0.4569272
1195.0,-7.6949644,-5.056554,2.1260512,0.5717699,1.2168436,-0.5045747
1205.0,-7.845799,-5.535394,1.079785,0.41905355,1.1801916,-0.5180137
1217.0,-7.989451,-6.1507044,0.12210429,0.25900686,1.0983357,-0.4801401
1226.0,-8.195353,-6.7468605,-0.6679823,0.15271631,0.95294976,-0.39461896
1237.0,-8.415619,-7.019799,-1.2138603,0.112399206,0.7635816,-0.26389378
1245.0,-8.532935,-7.1466923,-1.5131354,0.119729586,0.5314528,-0.096516706
1256.0,-8.441956,-6.88333,-1.553837,0.1600467,0.28710666,0.06841691
1264.0,-8.374918,-6.5481415,-1.2234371,0.21380283,0.05497787,0.2003638
1277.0,-8.324639,-6.0166287,-0.51235914,0.22479841,-0.17348573,0.32498032
1284.0,-8.231265,-5.303157,-0.011971008,0.19792034,-0.39095375,0.44593164
1295.0,-8.23366,-4.795586,0.49081135,0.19181168,-0.5558874,0.535118
1305.0,-8.1402855,-4.3742065,1.163582,0.1881465,-0.6914995,0.57910025
1316.0,-8.013393,-3.9264908,1.8770541,0.13683382,-0.7892379,0.5729916
1325.0,-7.639898,-3.5218706,2.554613,0.034208454,-0.8723156,0.50579643
1338.0,-7.48188,-3.2992098,3.347094,-0.059864793,-0.8906415,0.4129449
1346.0,-7.371747,-3.4763808,3.8498764,-0.119729586,-0.8686504,0.32253686
1355.0,-7.1873937,-3.763685,4.453215,-0.18936823,-0.79168135,0.24190263
1365.0,-7.1586633,-3.9695864,5.106832,-0.20769419,-0.6780604,0.172264
1375.0,-7.2951326,-4.0078936,5.48751,-0.118507855,-0.5290093,0.12095132
1385.0,-7.2711906,-3.9815574,5.547365,0.07574729,-0.3408628,0.10262536
1395.0,-7.381324,-4.1419687,5.363012,0.32375857,-0.14660765,0.089186326
1406.0,-7.491457,-4.144363,5.0421886,0.5510005,0.035430185,0.05009095
1415.0,-7.565677,-3.98874,4.596867,0.72326446,0.20158553,-0.007330383
1426.0,-7.716512,-3.8259344,4.0198646,0.8038987,0.31520647,-0.06352998
1437.0,-7.920019,-3.6750996,3.3854012,0.7134906,0.37018433,-0.119729586
1445.0,-7.9631147,-3.8379054,2.873042,0.46792278,0.3640757,-0.17837265
1458.0,-8.001422,-4.24492,2.5761611,0.18692477,0.3286455,-0.2443461
1466.0,-7.955932,-4.6351743,2.4396915,-0.05131268,0.2883284,-0.30298916
1475.0,-7.8170686,-5.092467,2.3750482,-0.19303341,0.24312437,-0.32620203
1486.0,-7.843405,-5.2983685,2.2529438,-0.23579398,0.19181168,-0.312763
1495.0,-7.9942393,-5.351041,1.9369092,-0.21624629,0.15149458,-0.25534168
1505.0,-8.0445175,-5.449203,1.910573,-0.15149458,0.10262536,-0.18325958
1516.0,-8.0445175,-5.3223104,1.7980455,-0.09040806,0.032986723,-0.13194689
1525.0,-8.056489,-5.29358,1.8267759,-0.047647487,-0.021991149,-0.095294975
1537.0,-8.0684595,-5.17387,2.1667526,-0.0012217305,-0.07696902,-0.062308256
1545.0,-7.9990277,-5.023035,2.504335,0.02687807,-0.11728613,-0.030543262
1555.0,-7.881712,-4.675876,2.5737667,0.040317107,-0.172264,-0.004886922
1565.0,-7.7093296,-4.661511,2.7605145,0.030543262,-0.19425514,0.009773844
1577.0,-7.7548194,-4.6112323,2.8874073,-0.017104227,-0.19425514,0.018325957
1586.0,-7.7931266,-4.6375685,3.1148565,-0.07941248,-0.19058995,0.02076942
1596.0,-7.656657,-4.6351743,3.3159695,-0.103847094,-0.18203785,0.015882496
1606.0,-7.524976,-4.5202527,3.3518825,-0.07574729,-0.16249016,0.0061086523
1617.0,-7.5321584,-4.3646297,3.394978,-0.034208454,-0.12339478,-0.008552114
1626.0,-7.5824366,-4.343082,3.3782187,-0.004886922,-0.073303826,-0.02076942
1637.0,-7.589619,-4.2664676,3.2513258,0.008552114,-0.037873644,-0.035430185
1646.0,-7.548918,-4.3837833,3.217807,0.008552114,-0.0036651916,-0.056199603
1655.0,-7.5968018,-4.405331,3.1986535,-0.002443461,0.018325957,-0.07941248
1666.0,-7.606379,-4.522647,3.1747115,-0.030543262,0.03176499,-0.103847094
1676.0,-7.5800424,-4.6016555,3.052607,-0.056199603,0.04153884,-0.11484267
1686.0,-7.630321,-4.8003745,2.9161377,-0.061086524,0.05375614,-0.119729586
1697.0,-7.6853876,-4.8506527,2.8491,-0.061086524,0.064751714,-0.12461651
1707.0,-7.750031,-4.8602295,2.7748797,-0.065973446,0.0720821,-0.118507855
1715.0,-7.6829934,-4.9344497,2.815581,-0.04642576,0.056199603,-0.103847094
1726.0,-7.759608,-4.9057193,2.8395233,-0.02076942,0.043982297,-0.09773844
1738.0,-7.855376,-4.9105077,2.9999347,-0.014660766,0.035430185,-0.089186326
1746.0,-7.7931266,-4.807557,3.1603463,-0.015882496,0.02443461,-0.07574729
1756.0,-7.7931266,-4.903325,3.2225955,-0.02076942,0.02443461,-0.061086524
1766.0,-7.759608,-4.855441,3.110068,-0.02076942,0.035430185,-0.05497787
1776.0,-7.726089,-4.924873,2.9400797,-0.007330383,0.04520403,-0.05131268
1785.0,-7.7069354,-5.023035,2.9233203,0.008552114,0.05497787,-0.04520403
1795.0,-7.716512,-5.073313,2.7988217,0.029321533,0.061086524,-0.032986723
1806.0,-7.819463,-5.1475334,2.6719291,0.07574729,0.05497787,-0.014660766
1818.0,-7.860164,-5.058948,2.6072857,0.119729586,0.04642576,-0.0012217305
1827.0,-7.836222,-4.9536033,2.5809495,0.11728613,0.02565634,0.017104227
1837.0,-7.8050976,-4.819528,2.6408045,0.056199603,-0.034208454,0.04642576
1847.0,-7.8050976,-4.759673,2.6839,0.056199603,-0.034208454,0.04642576
1857.0,-7.7572136,-4.7907977,2.7246015,0.0036651916,-0.059864793,0.05375614
1867.0,-7.85777,-4.8027687,2.8514943,-0.036651913,-0.06719518,0.061086524
1877.0,-7.855376,-4.8626237,2.9017725,-0.029321533,-0.073303826,0.07574729
1887.0,-7.7308774,-4.7548847,2.9999347,0.014660766,-0.0842994,0.0842994
1895.0,-7.6614456,-4.546589,3.1507695,0.039095376,-0.087964594,0.07574729
1905.0,-7.654263,-4.367024,3.1435869,0.035430185,-0.07941248,0.06352998
1916.0,-7.651869,-4.3382936,3.1028855,0.0012217305,-0.059864793,0.02321288
1926.0,-7.680599,-4.441244,3.0693667,-0.029321533,-0.040317107,0.004886922
1938.0,-7.6949644,-4.5657425,3.0813377,-0.043982297,-0.029321533,-0.004886922
1947.0,-7.668628,-4.675876,3.0382419,-0.039095376,-0.02565634,-0.014660766
1956.0,-7.7069354,-4.654328,3.1148565,-0.02321288,-0.013439035,-0.02443461
1967.0,-7.651869,-4.7070007,3.0334535,-0.004886922,-0.007330383,-0.028099801
1977.0,-7.6375036,-4.7046065,3.0190883,0.015882496,0.007330383,-0.02687807
1987.0,-7.627927,-4.7165775,2.980781,0.047647487,0.018325957,-0.02687807
1997.0,-7.723695,-4.7429137,2.9041667,0.057421334,0.034208454,-0.02443461
2007.0,-7.7213006,-4.757279,2.882619,0.043982297,0.039095376,-0.017104227
2016.0,-7.78355,-4.6902413,2.906561,0.018325957,0.03176499,-0.015882496
2028.0,-7.680599,-4.711789,2.885013,-0.004886922,0.019547688,-0.015882496
2040.0,-7.6734166,-4.7500963,2.8682537,-0.017104227,0.012217305,-0.019547688
2062.0,-7.690176,-4.7548847,2.89459,-0.029321533,0.015882496,-0.017104227
2062.0,-7.6710224,-4.8458643,2.906561,-0.032986723,0.004886922,-0.010995574
2065.0,-7.675811,-4.76925,2.96881,-0.029321533,0.004886922,-0.004886922
2075.0,-7.7428484,-4.661511,2.980781,-0.018325957,0.007330383,0.0
2085.0,-7.723695,-4.6519337,2.9472623,-0.0061086523,0.009773844,-0.002443461
2095.0,-7.797915,-4.642357,2.9735985,-0.009773844,0.014660766,-0.007330383
2105.0,-7.7548194,-4.6830587,3.074155,-0.017104227,0.018325957,-0.007330383
2117.0,-7.66384,-4.7261543,3.0454245,-0.0061086523,0.012217305,-0.018325957
2126.0,-7.7189064,-4.7907977,3.028665,0.0036651916,0.012217305,-0.02565634
2137.0,-7.630321,-4.8362875,3.0238767,0.008552114,0.014660766,-0.02321288
2146.0,-7.6231384,-4.831499,3.0693667,0.009773844,0.014660766,-0.019547688
2156.0,-7.668628,-4.783615,3.052607,-0.008552114,0.017104227,-0.017104227
2167.0,-7.702147,-4.912902,2.96881,-0.019547688,0.02321288,-0.009773844
2178.0,-7.7069354,-4.912902,2.9640217,-0.008552114,0.03176499,-0.004886922
2186.0,-7.680599,-4.8817773,3.0358477,0.009773844,0.028099801,0.0012217305
2196.0,-7.7308774,-4.8099513,3.0262709,0.02687807,0.02565634,0.012217305
2207.0,-7.7691846,-4.745308,3.0454245,0.042760566,0.02565634,0.017104227
2217.0,-7.7189064,-4.6136265,2.9855695,0.04642576,0.019547688,0.010995574
2227.0,-7.6973586,-4.594473,3.0023289,0.034208454,0.019547688,0.0061086523
2240.0,-7.7213006,-4.6375685,3.0358477,0.013439035,0.017104227,0.0
2247.0,-7.6853876,-4.661511,2.9640217,-0.0012217305,0.017104227,-0.009773844
2258.0,-7.6829934,-4.7524905,2.9759927,0.0,0.02565634,-0.014660766
2268.0,-7.6231384,-4.759673,2.9616275,0.0061086523,0.029321533,-0.013439035
2276.0,-7.6135616,-4.6926355,2.9233203,0.012217305,0.021991149,-0.008552114
2287.0,-7.6351094,-4.793192,2.861071,0.019547688,0.013439035,-0.009773844
2299.0,-7.7787614,-4.7189717,2.870648,0.015882496,0.02076942,-0.009773844
2308.0,-7.7428484,-4.7644615,2.942474,0.012217305,0.02076942,-0.004886922
2317.0,-7.678205,-4.7046065,2.9376855,0.014660766,0.017104227,-0.008552114
2325.0,-7.642292,-4.584896,2.9616275,0.007330383,0.012217305,-0.014660766
2338.0,-7.627927,-4.6279917,2.9520507,0.004886922,0.018325957,-0.010995574
2346.0,-7.735666,-4.6806645,2.966416,0.0061086523,0.02076942,-0.007330383
2358.0,-7.759608,-4.6710877,2.9735985,-0.0012217305,0.030543262,-0.002443461
2368.0,-7.702147,-4.7046065,2.9113493,-0.0036651916,0.02565634,0.0
2378.0,-7.61835,-4.654328,2.9735985,-0.0061086523,0.018325957,-0.0012217305
2388.0,-7.66384,-4.6591167,2.9520507,-0.013439035,0.019547688,-0.002443461
2397.0,-7.7069354,-4.697424,2.9400797,-0.02076942,0.02076942,-0.0012217305
2408.0,-7.644686,-4.771644,2.944868,-0.018325957,0.02687807,0.0
2419.0,-7.6494746,-4.7644615,2.9783869,-0.014660766,0.03176499,-0.002443461
2428.0,-7.668628,-4.7548847,2.980781,-0.013439035,0.02687807,0.0036651916
2439.0,-7.702147,-4.793192,2.9831753,-0.0061086523,0.021991149,0.009773844
2446.0,-7.771579,-4.793192,2.9400797,0.002443461,0.028099801,0.007330383
2456.0,-7.8170686,-4.8267107,2.918532,0.012217305,0.039095376,0.004886922
2467.0,-7.7093296,-4.8003745,2.8778305,0.017104227,0.029321533,0.004886922
2478.0,-7.7787614,-4.7907977,2.992752,0.013439035,0.014660766,0.004886922
2488.0,-7.7428484,-4.642357,3.0023289,0.002443461,0.014660766,0.0012217305
2498.0,-7.656657,-4.72376,2.9855695,-0.004886922,-0.0012217305,-0.004886922
2508.0,-7.702147,-4.7261543,2.942474,-0.015882496,-0.0012217305,-0.0061086523
2517.0,-7.7213006,-4.855441,2.9759927,-0.02076942,0.0036651916,-0.0061086523
2528.0,-7.776367,-4.831499,3.0095115,-0.012217305,-0.0012217305,-0.008552114
2540.0,-7.711724,-4.783615,2.992752,0.0012217305,-0.013439035,-0.010995574
2548.0,-7.797915,-4.7046065,3.028665,0.014660766,-0.008552114,-0.010995574
2557.0,-7.7093296,-4.6471453,2.966416,0.02443461,-0.017104227,-0.010995574
2567.0,-7.6853876,-4.7524905,2.9257145,0.015882496,-0.013439035,-0.015882496
2578.0,-7.6734166,-4.6902413,3.0502129,0.002443461,-0.012217305,-0.021991149
2586.0,-7.699753,-4.783615,2.966416,-0.007330383,-0.004886922,-0.02321288
2599.0,-7.644686,-4.7884035,2.9783869,0.0012217305,0.0036651916,-0.018325957
2607.0,-7.699753,-4.7620673,2.8658595,0.02076942,0.007330383,-0.012217305
2617.0,-7.639898,-4.7620673,2.870648,0.029321533,0.007330383,-0.008552114
2627.0,-7.702147,-4.7788267,2.8874073,0.02443461,0.007330383,-0.009773844
2638.0,-7.7069354,-4.699818,2.9281087,0.028099801,0.002443461,-0.0061086523
2647.0,-7.7332716,-4.6926355,2.896984,0.028099801,0.002443461,-0.0061086523
2659.0,-7.726089,-4.721366,2.8395233,0.030543262,0.0061086523,-0.0036651916
2667.0,-7.788338,-4.6399627,2.861071,0.02687807,0.0012217305,0.0
2677.0,-7.704541,-4.63278,2.9352913,0.018325957,0.0036651916,0.002443461
2687.0,-7.7069354,-4.6112323,2.918532,0.0061086523,0.007330383,0.0036651916
2698.0,-7.642292,-4.656722,2.9879637,-0.03176499,0.015882496,0.0012217305
2708.0,-7.678205,-4.735731,2.9975405,-0.040317107,0.018325957,0.004886922
2720.0,-7.687782,-4.8027687,2.9712043,-0.02076942,0.017104227,0.007330383
2729.0,-7.714118,-4.759673,2.9113493,0.007330383,0.021991149,0.010995574
2740.0,-7.714118,-4.6926355,2.885013,0.02443461,0.02076942,0.012217305
2748.0,-7.666234,-4.685453,3.0214825,0.018325957,0.017104227,0.015882496
2757.0,-7.687782,-4.656722,2.932897,-0.002443461,0.019547688,0.015882496
2768.0,-7.6734166,-4.6806645,2.9975405,-0.017104227,0.014660766,0.008552114
2777.0,-7.66384,-4.654328,2.9712043,-0.02565634,0.013439035,0.0036651916
2787.0,-7.687782,-4.663905,3.0190883,-0.02443461,0.008552114,0.0061086523
2799.0,-7.704541,-4.6686935,3.004723,-0.019547688,0.021991149,0.004886922
2809.0,-7.680599,-4.620809,2.96881,-0.014660766,0.02687807,-0.0036651916
2819.0,-7.678205,-4.7620673,2.9831753,-0.015882496,0.02687807,-0.012217305
2829.0,-7.6590514,-4.721366,3.0142999,-0.030543262,0.037873644,-0.018325957
2841.0,-7.6494746,-4.879383,2.9712043,-0.04520403,0.034208454,-0.02076942
2849.0,-7.716512,-4.8099513,2.954445,-0.05497787,0.030543262,-0.017104227
2859.0,-7.7667904,-4.936844,2.9017725,-0.057421334,0.028099801,-0.009773844
2869.0,-7.776367,-4.781221,2.9352913,-0.05375614,0.02076942,-0.0036651916
2879.0,-7.752425,-4.771644,2.882619,-0.04153884,0.017104227,0.0036651916
2888.0,-7.6231384,-4.8099513,2.9161377,-0.02687807,0.012217305,0.004886922
2899.0,-7.7572136,-4.7979803,2.8898015,-0.013439035,0.012217305,0.0061086523
2909.0,-7.773973,-4.7548847,2.9472623,0.002443461,0.008552114,0.009773844
2919.0,-7.785944,-4.7046065,2.96881,0.02565634,0.007330383,0.017104227
2929.0,-7.716512,-4.733337,2.8898015,0.039095376,-0.013439035,0.013439035
2940.0,-7.6949644,-4.6255975,2.9759927,0.028099801,-0.018325957,0.008552114
2949.0,-7.656657,-4.6136265,2.9257145,0.015882496,-0.018325957,0.0036651916
2961.0,-7.714118,-4.6495395,2.932897,0.004886922,-0.014660766,-0.002443461
2969.0,-7.6590514,-4.759673,2.9592333,-0.018325957,-0.009773844,-0.008552114
2979.0,-7.6829934,-4.759673,2.930503,-0.035430185,0.0012217305,-0.009773844
2989.0,-7.66384,-4.8123455,2.9017725,-0.02076942,0.004886922,-0.013439035
2999.0,-7.6590514,-4.7884035,2.9640217,0.0,0.010995574,-0.017104227
3008.0,-7.589619,-4.757279,3.0023289,0.014660766,0.007330383,-0.009773844
3021.0,-7.644686,-4.6806645,2.954445,0.02687807,0.004886922,0.0012217305
