33.0,1.8674773,1.721431,9.212888,0.09773844,0.08552113,-0.103847094
33.0,1.6328455,1.508347,9.100361,0.15271631,0.13194689,-0.08307768
85.0,1.7717092,1.7669208,9.129091,-0.04520403,-0.2761111,-0.267559
85.0,1.8986019,1.7405846,9.052477,-0.12705997,-0.376293,-0.29443705
85.0,1.958457,1.5298948,9.090784,-0.03176499,0.42760566,0.089186326
85.0,1.946486,1.328782,9.095572,-0.07696902,0.45937067,0.13072516
85.0,1.9033904,1.3383588,9.169792,-0.111177474,0.28588495,0.06963864
107.0,1.8363527,1.3718776,9.294291,-0.111177474,0.10995574,-0.010995574
107.0,1.8555063,1.340753,9.346964,-0.111177474,0.09040806,-0.015882496
107.0,1.8818425,1.1563994,9.346964,-0.12461651,0.081855945,-0.012217305
124.0,1.9201498,1.0630256,9.330204,-0.12705997,0.06352998,-0.014660766
127.0,1.9321208,0.9576807,9.363723,-0.10751228,0.062308256,-0.02443461
138.0,1.9632454,1.0582372,9.308656,-0.07574729,0.057421334,-0.029321533
148.0,1.8770541,1.2449849,9.289502,-0.057421334,0.04642576,-0.02565634
158.0,1.7238252,1.2018893,9.176975,-0.07086037,0.04153884,-0.017104227
168.0,1.7142484,1.103727,9.102755,-0.103847094,0.029321533,-0.010995574
179.0,1.6424223,0.9696517,9.129091,-0.13316862,0.010995574,-0.008552114
188.0,1.6352397,0.94810385,9.172187,-0.13561209,-0.014660766,-0.0061086523
199.0,1.6927006,1.079785,9.112331,-0.1001819,-0.035430185,0.0012217305
208.0,1.7118542,1.2880806,9.16261,-0.04520403,-0.073303826,-0.002443461
218.0,1.7238252,1.4700398,9.165004,-0.017104227,-0.09773844,-0.013439035
228.0,1.7142484,1.5873557,9.131485,-0.035430185,-0.12095132,-0.02443461
239.0,1.745373,1.6543933,9.109938,-0.09896017,-0.14660765,-0.030543262
248.0,1.8602947,1.7788919,9.059659,-0.19058995,-0.17470746,-0.042760566
258.0,1.8770541,1.8028339,9.054871,-0.29565877,-0.19303341,-0.06963864
270.0,2.0015526,1.8339585,9.040505,-0.4007276,-0.204029,-0.105068825
278.0,1.9512744,1.9177556,9.009381,-0.49480084,-0.21380283,-0.14905111
288.0,2.0614076,2.1260512,9.035717,-0.593761,-0.22479841,-0.20158553
302.0,2.0350714,2.0733786,9.02614,-0.7257079,-0.24190263,-0.25900686
309.0,2.1499932,2.087744,9.064447,-0.8906415,-0.25778514,-0.32620203
319.0,2.219425,1.9680338,9.143456,-1.0763446,-0.2687807,-0.40439278
329.0,2.3104045,1.946486,9.351752,-1.2791518,-0.26511553,-0.49235737
339.0,2.4827871,1.9488802,9.32781,-1.5112807,-0.28710666,-0.5888741
349.0,2.6072857,2.123657,9.466674,-1.8252654,-0.28221974,-0.689056
360.0,2.5953147,2.1787236,9.588778,-2.2565362,-0.24312437,-0.7806858
369.0,2.504335,1.7860745,9.560047,-2.833193,-0.1600467,-0.8552113
379.0,2.3630772,1.043872,9.323022,-3.5149186,-0.06841691,-0.91507614
389.0,2.2170308,0.20829555,9.208099,-4.1734314,0.0,-0.97005403
400.0,2.099715,-0.7062895,9.409213,-4.6486845,0.058643065,-1.0274754
409.0,1.9680338,-1.7597382,9.876082,-4.883257,0.14294247,-1.0751228
420.0,1.6352397,-3.0813377,10.5440645,-4.8820353,0.27488935,-1.1166617
428.0,1.2952632,-3.8857894,10.723629,-4.6352453,0.37384954,-1.128879
439.0,1.127669,-4.331111,10.460267,-4.269948,0.40317106,-1.070236
450.0,1.1228806,-4.7046065,10.479421,-3.9840631,0.43371433,-0.95417154
459.0,1.0079589,-4.7788267,10.228029,-3.8777726,0.50701815,-0.8491027
470.0,0.9624691,-4.594473,9.957485,-3.938859,0.56199604,-0.7819075
481.0,0.8379706,-4.5633483,10.005369,-4.138001,0.5876524,-0.7171558
490.0,0.44532153,-5.2361193,10.651803,-4.4312167,0.6206391,-0.63041294
501.0,0.17717093,-5.9424086,11.283873,-4.7904053,0.65240407,-0.50335294
510.0,0.23463176,-6.8905125,11.176133,-5.122716,0.6291912,-0.25289822
520.0,0.2681506,-7.644686,11.039664,-5.3927183,0.68539083,0.018325957
530.0,0.3184288,-8.65025,11.046846,-5.666386,0.752586,0.2443461
540.0,0.45489833,-9.610326,10.654198,-6.159965,0.83077675,0.4251622
550.0,0.6991069,-10.472239,10.0987425,-6.77083,0.9138544,0.6743952
559.0,0.30645782,-12.030864,9.23683,-7.211875,0.9822713,1.0128145
570.0,-0.15322891,-15.531186,8.540117,-7.415904,0.9957104,1.3720033
580.0,-0.059855044,-18.148048,7.5441294,-7.422013,0.98471475,1.78617
590.0,-0.06703765,-19.321207,6.6295447,-7.040833,0.9615019,2.235767
606.0,-0.23463176,-18.859127,4.8099513,-6.1489697,0.9016371,2.6218336
612.0,-0.7254431,-18.294096,3.1675289,-5.084842,0.8063421,2.9810224
623.0,-1.5155296,-17.585411,2.1140802,-4.2687263,0.6792821,3.3744197
633.0,-2.1428106,-17.173609,1.5562311,-3.7519343,0.50823987,3.7910297
644.0,-2.3127987,-16.318878,1.067814,-3.408628,0.26511553,4.117232
653.0,-2.0733786,-15.002068,1.0893618,-3.137404,0.015882496,4.378682
664.0,-1.8100165,-14.379576,0.6991069,-2.7843237,-0.22602014,4.5949283
672.0,-1.3072342,-13.948619,0.31124622,-2.388483,-0.48502702,4.750088
683.0,-0.93613285,-12.471396,0.36152446,-2.0146337,-0.66950834,4.9345694
693.0,-0.82121116,-10.362105,0.59136784,-1.6798794,-0.84665924,5.07629
704.0,-0.80684596,-9.035717,0.39264908,-1.4172074,-1.0641272,5.0799556
712.0,-0.89303726,-8.161834,0.08619126,-1.2999213,-1.2241739,5.021312
725.0,-1.1899183,-7.395689,0.19632454,-1.3744467,-1.3011429,5.045747
732.0,-1.1659763,-6.5744777,-0.07182605,-1.505172,-1.4941764,5.0567427
743.0,-1.1899183,-6.2129536,-0.3184288,-1.582141,-1.7299703,4.9419
752.0,-1.4460979,-5.7987566,-0.7015011,-1.582141,-1.8435913,4.800179
762.0,-1.745373,-6.2129536,-1.3096284,-1.5393804,-1.9144517,4.6767845
773.0,-1.8650831,-6.4906807,-1.5442601,-1.4416419,-2.0280726,4.5570545
784.0,-1.745373,-5.74369,-1.757344,-1.3451253,-2.171015,4.4385467
793.0,-1.6831238,-4.015076,-1.2641385,-1.0115929,-2.371379,4.010941
804.0,-1.532289,-3.2273839,0.035913024,-0.9663888,-2.389705,3.7360518
812.0,-1.4437037,-2.834735,0.50517654,-1.0067059,-2.3835962,3.4623842
824.0,-1.5729905,-2.6360161,1.0989386,-1.0604621,-2.339614,3.2168164
834.0,-1.8890251,-2.315193,1.2880806,-1.073901,-2.2858577,3.00057
845.0,-2.3343468,-2.3056161,1.6256629,-0.9932669,-2.1868975,2.7598891
853.0,-3.071761,-2.018312,2.1164744,-0.8784242,-2.0427334,2.4984388
862.0,-3.643975,-1.8219875,2.4277205,-0.7635816,-1.9303342,2.252871
873.0,-4.1156325,-2.2385786,2.1619642,-0.5766568,-1.8216002,2.0109684
884.0,-4.3766007,-3.095703,2.3247697,-0.32742378,-1.6713274,1.7629571
894.0,-4.817134,-3.2034419,2.468422,-0.089186326,-1.4953982,1.5296066
907.0,-5.2863975,-2.8275523,2.042254,0.17104226,-1.3219124,1.3610078
912.0,-4.999093,-4.0174704,4.381389,0.4092797,-1.1386528,1.2327261
924.0,-5.5138464,-2.528277,5.130774,0.6084218,-0.88331115,0.9932669
934.0,-5.7724204,2.2409728,6.421249,0.79412484,-0.6768387,0.72692966
943.0,-5.614403,4.1156325,6.7588315,0.89919364,-0.52290064,0.5839872
954.0,-5.9304376,1.0199299,6.1387334,0.8784242,-0.30543262,0.27366763
965.0,-6.622362,-2.2768857,4.3598413,0.6780604,-0.0720821,-0.13683382
973.0,-7.4627266,-3.5362358,3.1411927,0.052534413,0.06352998,-0.25045475
983.0,-8.178593,-3.2848446,2.932897,-0.61208695,0.13683382,0.013439035
992.0,-8.334216,-3.5793316,2.7485435,-0.84665924,0.12583824,0.08674286
1004.0,-8.334216,-4.3287168,2.6048915,-0.75991637,0.1282817,-0.17715092
1013.0,-8.322245,-4.7046065,2.5139117,-0.5864306,0.14782938,-0.37751472
1026.0,-8.463503,-4.8865657,2.3774424,-0.37873647,0.1160644,-0.35308012
1032.0,-8.42759,-4.5777135,2.1763294,-0.18692477,0.07819075,-0.2761111
1043.0,-8.3821,-4.654328,2.0518308,-0.057421334,0.061086524,-0.2724459
1073.0,-8.307879,-5.149928,2.0853498,0.007330383,0.035430185,-0.2919936
1073.0,-8.3150625,-5.1259856,2.3104045,0.036651913,-0.007330383,-0.26633725
1073.0,-8.35337,-5.2624555,2.4277205,0.08674286,-0.04886922,-0.22235495
1081.0,-8.432379,-5.3007627,2.6527755,0.1685988,-0.05131268,-0.18570304
1091.0,-8.291121,-4.661511,2.846706,0.21013765,-0.06352998,-0.1282817
1104.0,-8.173804,-3.9432502,3.0430303,0.22357668,-0.07452556,-0.08307768
1111.0,-7.9463553,-3.739743,3.1435869,0.2125811,-0.062308256,-0.081855945
1121.0,-7.9008656,-3.6894648,3.0789435,0.14049901,-0.061086524,-0.089186326
1131.0,-7.7452426,-3.9025488,3.016694,0.05375614,-0.065973446,-0.08674286
1144.0,-7.807492,-4.177882,3.040636,0.037873644,-0.057421334,-0.081855945
1152.0,-8.02297,-4.213795,3.1507695,0.0720821,-0.03176499,-0.07696902
1161.0,-8.11395,-4.015076,3.2752678,0.10995574,-0.008552114,-0.06963864
1172.0,-8.078036,-3.9504328,3.2106245,0.103847094,-0.0036651916,-0.06352998
1182.0,-7.955932,-3.9911342,3.1747115,0.05009095,-0.013439035,-0.064751714
1192.0,-7.9008656,-4.0773253,3.0573955,-0.018325957,-0.019547688,-0.07086037
1205.0,-7.93199,-4.213795,2.870648,-0.061086524,-0.013439035,-0.0720821
1212.0,-7.989451,-4.156334,2.8921957,-0.089186326,-0.0036651916,-0.062308256
1224.0,-7.941567,-4.1539397,2.908955,-0.112399206,-0.004886922,-0.058643065
1235.0,-7.9032598,-4.050989,2.825158,-0.118507855,-0.002443461,-0.06719518
1244.0,-7.9631147,-4.2066126,2.7748797,-0.10140363,-0.012217305,-0.06719518
1255.0,-7.8649526,-4.381389,2.6288335,-0.08552113,-0.014660766,-0.062308256
1266.0,-7.9248075,-4.465186,2.7269957,-0.0720821,-0.03176499,-0.064751714
1274.0,-7.97748,-4.390966,2.8538885,-0.07452556,-0.04520403,-0.064751714
1283.0,-7.9511437,-4.417302,2.861071,-0.04886922,-0.059864793,-0.06963864
1295.0,-8.003817,-4.5058875,2.813187,0.0012217305,-0.05375614,-0.08307768
1306.0,-8.018182,-4.5418005,2.8538885,0.02321288,-0.047647487,-0.080634214
1313.0,-8.080431,-4.381389,2.7844565,-0.0036651916,-0.042760566,-0.059864793
1324.0,-8.073248,-4.086902,2.9113493,-0.065973446,-0.04520403,-0.040317107
1333.0,-8.1163435,-4.3023806,2.741361,-0.12217305,-0.065973446,-0.008552114
1344.0,-8.0924015,-4.522647,2.9017725,-0.18203785,-0.080634214,0.014660766
1355.0,-8.054094,-4.4436383,3.0334535,-0.23335053,-0.04520403,-0.009773844
1365.0,-7.943961,-4.4915223,2.882619,-0.23457226,-0.058643065,-0.02321288
1374.0,-7.848193,-4.6160207,2.8682537,-0.18570304,-0.0720821,-0.009773844
1386.0,-7.8865004,-4.5274353,2.8083985,-0.13194689,-0.052534413,0.002443461
1393.0,-7.943961,-4.4460325,2.753332,-0.09773844,-0.05375614,0.0
1404.0,-8.00621,-4.343082,2.755726,-0.081855945,-0.05131268,-0.0061086523
1413.0,-7.9391727,-4.24492,2.7868507,-0.073303826,-0.064751714,-0.014660766
1424.0,-7.881712,-4.390966,2.9759927,-0.07452556,-0.07941248,-0.030543262
1434.0,-7.716512,-4.3502645,3.0071173,-0.07819075,-0.09896017,-0.047647487
1446.0,-7.66384,-4.43885,3.0573955,-0.059864793,-0.11728613,-0.05375614
1452.0,-7.651869,-4.5202527,3.0454245,-0.028099801,-0.103847094,-0.06963864
1464.0,-7.740454,-4.572925,2.9879637,0.0012217305,-0.08307768,-0.087964594
1475.0,-7.8170686,-4.7189717,2.9400797,0.009773844,-0.065973446,-0.0842994
1485.0,-7.9463553,-4.759673,2.8682537,-0.014660766,-0.04520403,-0.06719518
1493.0,-8.030152,-4.6136265,2.8203697,-0.062308256,-0.047647487,-0.05009095
1508.0,-7.9607205,-4.534618,2.825158,-0.10140363,-0.064751714,-0.04153884
1513.0,-7.833828,-4.5441947,2.8107927,-0.12339478,-0.07086037,-0.037873644
1523.0,-7.7428484,-4.582502,2.873042,-0.13561209,-0.07086037,-0.039095376
1535.0,-7.7308774,-4.5394063,2.9640217,-0.12095132,-0.08307768,-0.047647487
1545.0,-7.726089,-4.51307,2.992752,-0.07696902,-0.080634214,-0.057421334
1555.0,-7.762002,-4.429273,2.9951463,-0.015882496,-0.052534413,-0.06841691
1567.0,-7.855376,-4.450821,2.8395233,0.028099801,-0.02565634,-0.0720821
1573.0,-7.9224133,-4.417302,2.7940333,0.035430185,-0.008552114,-0.06841691
1585.0,-7.908048,-4.381389,2.791639,0.0036651916,-0.002443461,-0.065973446
1595.0,-7.9152308,-4.4460325,2.882619,-0.047647487,-0.021991149,-0.059864793
1606.0,-7.8984714,-4.4603977,2.9472623,-0.112399206,-0.036651913,-0.065973446
1613.0,-7.8050976,-4.5058875,2.89459,-0.112399206,-0.036651913,-0.065973446
1625.0,-7.7931266,-4.55856,2.8299465,-0.10629055,-0.036651913,-0.061086524
1633.0,-7.762002,-4.5753193,2.755726,-0.07086037,-0.02443461,-0.03176499
1645.0,-7.7931266,-4.548983,2.6910827,-0.0720821,-0.019547688,-0.02565634
1655.0,-7.807492,-4.534618,2.6623523,-0.081855945,-0.018325957,-0.029321533
1665.0,-7.7093296,-4.525041,2.7006595,-0.09407325,-0.014660766,-0.03176499
1674.0,-7.687782,-4.4340615,2.7844565,-0.095294975,-0.017104227,-0.04153884
1686.0,-7.728483,-4.4939165,2.8395233,-0.08307768,-0.02687807,-0.058643065
1694.0,-7.668628,-4.6279917,2.779668,-0.057421334,-0.032986723,-0.073303826
1705.0,-7.7093296,-4.72376,2.885013,-0.019547688,-0.036651913,-0.08674286
1715.0,-7.69257,-4.5274353,2.8634653,0.007330383,-0.032986723,-0.09285152
1723.0,-7.7189064,-4.584896,2.6767175,-0.013439035,-0.029321533,-0.089186326
1735.0,-7.690176,-4.594473,2.7269957,-0.09896017,-0.019547688,-0.09407325
1747.0,-7.747637,-4.582502,2.873042,-0.21624629,-0.03176499,-0.09407325
1753.0,-7.675811,-4.7548847,2.8682537,-0.29932398,-0.057421334,-0.08674286
1764.0,-7.702147,-4.7907977,2.9161377,-0.3200934,-0.05375614,-0.087964594
1774.0,-7.644686,-4.8338933,2.9592333,-0.29932398,-0.040317107,-0.087964594
1784.0,-7.7189064,-4.8243165,2.9113493,-0.25289822,-0.059864793,-0.08552113
1792.0,-7.632715,-4.9799395,2.9903579,-0.19547687,-0.065973446,-0.08307768
1808.0,-7.615956,-5.121197,2.944868,-0.13439035,-0.058643065,-0.08552113
1813.0,-7.5465236,-5.2241483,3.0023289,-0.0842994,-0.04153884,-0.08552113
1824.0,-7.6829934,-5.0517654,3.0071173,-0.058643065,-0.037873644,-0.06963864
1832.0,-7.8266454,-4.903325,3.0693667,-0.06352998,-0.035430185,-0.04520403
1843.0,-7.800309,-4.829105,3.0693667,-0.08674286,-0.036651913,-0.03176499
1854.0,-7.7213006,-4.9296613,2.96881,-0.12095132,-0.035430185,-0.028099801
1865.0,-7.6734166,-5.032612,2.9257145,-0.15515977,-0.030543262,-0.02443461
1873.0,-7.630321,-5.106832,2.9137435,-0.17470746,-0.02076942,-0.015882496
1883.0,-7.69257,-5.0541596,2.920926,-0.15515977,-0.017104227,-0.014660766
1894.0,-7.666234,-5.023035,2.992752,-0.10262536,-0.0061086523,-0.019547688
1905.0,-7.666234,-4.865018,3.0502129,-0.047647487,-0.0012217305,-0.02321288
1916.0,-7.644686,-4.8937483,3.0023289,-0.0061086523,-0.004886922,-0.02565634
1927.0,-7.7069354,-4.9176903,2.8802247,0.0036651916,-0.0036651916,-0.034208454
1934.0,-7.6231384,-5.023035,2.8107927,-0.014660766,-0.002443461,-0.039095376
1945.0,-7.632715,-4.984728,2.7365725,-0.03176499,-0.013439035,-0.037873644
1955.0,-7.675811,-5.0254292,2.777274,-0.039095376,-0.010995574,-0.036651913
1964.0,-7.7811556,-4.9823337,2.8802247,-0.040317107,-0.014660766,-0.037873644
1975.0,-7.6710224,-4.9775453,2.9759927,-0.039095376,-0.02687807,-0.037873644
1986.0,-7.5561004,-4.9416323,2.9759927,-0.032986723,-0.039095376,-0.04153884
1996.0,-7.4746976,-4.9344497,2.9640217,-0.021991149,-0.042760566,-0.04520403
2008.0,-7.548918,-5.0637364,2.918532,-0.010995574,-0.034208454,-0.04642576
2015.0,-7.5584946,-4.987122,2.9233203,-0.007330383,-0.02565634,-0.04642576
2026.0,-7.639898,-4.948815,2.9352913,-0.015882496,-0.021991149,-0.043982297
2036.0,-7.6375036,-4.948815,2.9257145,-0.02076942,-0.032986723,-0.040317107
2075.0,-7.599196,-4.7884035,2.9161377,-0.014660766,-0.034208454,-0.040317107
2075.0,-7.4723034,-4.829105,2.9999347,0.0036651916,-0.035430185,-0.043982297
2075.0,-7.501034,-4.8745947,2.9903579,0.021991149,-0.028099801,-0.05131268
2075.0,-7.539341,-4.876989,2.9496565,0.04520403,-0.028099801,-0.056199603
2083.0,-7.477092,-4.891354,3.0262709,0.064751714,-0.02076942,-0.05375614
2094.0,-7.4986396,-4.867412,2.942474,0.06963864,-0.0061086523,-0.05131268
2106.0,-7.4866686,-4.8482585,2.956839,0.05009095,0.002443461,-0.05497787
2113.0,-7.539341,-4.8003745,2.9616275,0.02443461,0.010995574,-0.059864793
2123.0,-7.529764,-4.8123455,2.9113493,0.0,0.017104227,-0.064751714
2133.0,-7.6351094,-4.8985367,2.8874073,-0.012217305,0.002443461,-0.06841691
2143.0,-7.6590514,-4.939238,2.896984,-0.018325957,0.007330383,-0.06841691
2153.0,-7.6710224,-4.915296,2.8634653,-0.0061086523,-0.004886922,-0.06963864
2166.0,-7.57286,-4.9176903,2.8275523,0.013439035,-0.014660766,-0.0720821
2176.0,-7.5082164,-4.9799395,2.8060043,0.02321288,-0.015882496,-0.073303826
2185.0,-7.563283,-4.9320555,2.7724855,0.010995574,-0.021991149,-0.06841691
2195.0,-7.398083,-4.9081135,2.7365725,-0.017104227,-0.02565634,-0.065973446
2205.0,-7.4244194,-4.9943047,2.7102363,-0.04520403,-0.03176499,-0.06963864
2215.0,-7.548918,-4.999093,2.6264393,-0.065973446,-0.030543262,-0.06841691
2225.0,-7.6111674,-5.109226,2.5737667,-0.073303826,-0.028099801,-0.061086524
2235.0,-7.632715,-5.0781016,2.6072857,-0.07941248,-0.032986723,-0.059864793
2244.0,-7.553706,-5.133168,2.7150247,-0.1001819,-0.040317107,-0.056199603
2255.0,-7.551312,-5.0637364,2.8179753,-0.1160644,-0.052534413,-0.042760566
2265.0,-7.505822,-5.0781016,2.918532,-0.10751228,-0.07574729,-0.032986723
2273.0,-7.517793,-5.0517654,3.0885203,-0.08674286,-0.06841691,-0.02687807
2285.0,-7.548918,-4.9775453,3.2273839,-0.05009095,-0.05497787,-0.018325957
2296.0,-7.541735,-4.9823337,3.205836,-0.0061086523,-0.04153884,-0.009773844
2308.0,-7.565677,-4.8961425,3.2393548,0.029321533,-0.018325957,-0.008552114
2317.0,-7.536947,-4.795586,3.1507695,0.039095376,0.012217305,-0.009773844
2327.0,-7.4986396,-4.9176903,3.0334535,0.02565634,0.029321533,-0.012217305
2336.0,-7.575254,-4.903325,2.9855695,-0.009773844,0.047647487,-0.014660766
2348.0,-7.493851,-5.0158525,2.9496565,-0.04520403,0.04886922,-0.017104227
2356.0,-7.539341,-5.1906295,2.8538885,-0.06963864,0.05009095,-0.017104227
2366.0,-7.4627266,-5.1523223,2.8778305,-0.073303826,0.047647487,-0.014660766
2375.0,-7.4148426,-5.1259856,2.8060043,-0.06719518,0.04520403,-0.0061086523
2385.0,-7.52737,-5.08289,2.8443117,-0.06352998,0.04886922,0.004886922
2396.0,-7.620744,-5.1762643,2.7748797,-0.05497787,0.037873644,0.012217305
2408.0,-7.6973586,-5.0637364,2.8443117,-0.010995574,0.02443461,0.013439035
2416.0,-7.6829934,-4.9583917,2.8562827,-0.010995574,0.02443461,0.013439035
2426.0,-7.5920134,-4.84347,2.8634653,0.010995574,0.034208454,0.009773844
2436.0,-7.524976,-4.9344497,2.7724855,-0.002443461,0.04153884,-0.014660766
2445.0,-7.5441294,-4.9296613,2.8395233,-0.02687807,0.036651913,-0.019547688
2455.0,-7.5704656,-4.984728,2.801216,-0.03176499,0.02565634,-0.021991149
2466.0,-7.5561004,-5.0900726,2.8514943,-0.03176499,0.02321288,-0.02687807
2475.0,-7.52737,-5.0014873,2.858677,-0.039095376,0.015882496,-0.03176499
2485.0,-7.5584946,-4.9895163,2.8993783,-0.059864793,0.007330383,-0.029321533
2496.0,-7.563283,-5.08289,2.8778305,-0.07941248,0.008552114,-0.02443461
2506.0,-7.541735,-5.1355624,2.861071,-0.09162979,0.009773844,-0.029321533
2516.0,-7.4962454,-5.2026005,2.813187,-0.08674286,0.012217305,-0.03176499
2527.0,-7.627927,-5.2289367,2.8083985,-0.07452556,0.02443461,-0.029321533
2535.0,-7.675811,-5.1810527,2.7269957,-0.06352998,0.039095376,-0.02565634
2547.0,-7.771579,-5.0900726,2.6767175,-0.05009095,0.04153884,-0.02443461
2556.0,-7.6973586,-4.9464207,2.8562827,-0.04642576,0.036651913,-0.017104227
2567.0,-7.513005,-5.0254292,2.7820623,-0.056199603,0.014660766,-0.007330383
2575.0,-7.5465236,-5.130774,2.885013,-0.059864793,0.007330383,-0.004886922
2588.0,-7.5201874,-5.1116204,3.0238767,-0.039095376,0.010995574,-0.0012217305
2596.0,-7.513005,-5.032612,2.9759927,0.015882496,0.013439035,0.0012217305
2607.0,-7.5968018,-4.951209,2.942474,0.07819075,0.02321288,-0.004886922
2616.0,-7.5321584,-4.96318,2.873042,0.1160644,0.037873644,-0.015882496
2626.0,-7.4842744,-4.939238,2.753332,0.111177474,0.04520403,-0.021991149
2636.0,-7.4603324,-4.8458643,2.8060043,0.07941248,0.05009095,-0.02565634
2648.0,-7.489063,-4.8506527,2.6551697,0.036651913,0.05375614,-0.030543262
2655.0,-7.5561004,-5.011064,2.5689783,-0.0036651916,0.04642576,-0.042760566
2665.0,-7.5584946,-5.2504845,2.5785553,-0.032986723,0.043982297,-0.043982297
2675.0,-7.630321,-5.1116204,2.5330653,-0.036651913,0.036651913,-0.039095376
2687.0,-7.5824366,-5.17387,2.585738,-0.02321288,0.03176499,-0.043982297
2696.0,-7.603985,-5.269638,2.516306,-0.015882496,0.029321533,-0.052534413
2707.0,-7.69257,-5.2385135,2.5929205,-0.014660766,0.021991149,-0.04642576
2717.0,-7.6710224,-5.2002063,2.6144683,-0.0012217305,0.010995574,-0.032986723
2727.0,-7.716512,-5.3366756,2.5713725,0.019547688,0.0061086523,-0.028099801
2736.0,-7.6470804,-5.2241483,2.6982653,0.032986723,0.007330383,-0.02687807
2747.0,-7.5800424,-5.0781016,2.5905263,0.036651913,-0.0012217305,-0.017104227
2756.0,-7.6494746,-5.121197,2.6431987,0.03176499,0.0036651916,-0.008552114
2767.0,-7.5225816,-5.0374002,2.7030537,0.015882496,0.009773844,-0.008552114
2776.0,-7.465121,-4.9919105,2.7389667,-0.007330383,0.004886922,-0.012217305
2786.0,-7.4603324,-4.999093,2.8299465,-0.021991149,0.0,-0.014660766
2796.0,-7.457938,-4.984728,2.7748797,-0.019547688,0.002443461,-0.019547688
2807.0,-7.491457,-5.109226,2.7724855,-0.004886922,0.0061086523,-0.02565634
2816.0,-7.5704656,-5.0661306,2.7724855,0.0061086523,0.010995574,-0.032986723
2827.0,-7.6614456,-5.0038815,2.7988217,0.012217305,0.010995574,-0.036651913
2837.0,-7.575254,-5.118803,2.6767175,0.014660766,0.02687807,-0.039095376
2848.0,-7.61835,-5.142745,2.669535,0.012217305,0.021991149,-0.040317107
2857.0,-7.5800424,-5.0661306,2.6767175,-0.0012217305,0.018325957,-0.032986723
2867.0,-7.4723034,-5.267244,2.6551697,-0.017104227,0.0036651916,-0.035430185
2877.0,-7.517793,-5.398925,2.6623523,-0.035430185,0.0036651916,-0.036651913
2889.0,-7.529764,-5.415684,2.7341783,-0.037873644,-0.002443461,-0.029321533
2897.0,-7.529764,-5.3438582,2.743755,-0.019547688,-0.009773844,-0.02443461
2907.0,-7.5082164,-5.389348,2.7581203,-0.0012217305,-0.007330383,-0.02687807
2916.0,-7.4483614,-5.3821654,2.7102363,0.004886922,-0.008552114,-0.028099801
2926.0,-7.465121,-5.437232,2.72939,0.0,-0.0061086523,-0.021991149
2937.0,-7.441179,-5.3965306,2.8179753,-0.002443461,-0.008552114,-0.014660766
2948.0,-7.4363904,-5.3462524,2.9161377,-0.0012217305,-0.009773844,-0.012217305
2956.0,-7.5201874,-5.2002063,2.8754363,0.004886922,-0.0061086523,-0.0061086523
2966.0,-7.441179,-5.183447,2.9281087,0.009773844,-0.0012217305,-0.0036651916
2975.0,-7.431602,-5.1930237,2.8993783,0.013439035,-0.009773844,-0.007330383
2987.0,-7.381324,-5.446809,2.80361,0.02321288,-0.010995574,-0.012217305
2997.0,-7.314286,-5.449203,2.7820623,0.042760566,-0.004886922,-0.019547688
3009.0,-7.374141,-5.4324436,2.7868507,0.06963864,0.0,-0.02321288
