32.0,5.1642933,-0.035913024,8.226477,0.0061086523,-0.02076942,0.0
32.0,5.317522,0.088585466,8.288726,0.16371189,0.12950343,-0.095294975
51.0,5.1523223,0.04309563,8.283937,-0.0036651916,-0.28221974,-0.27366763
51.0,5.106832,-0.055066638,8.317456,-0.12950343,-0.4007276,-0.312763
62.0,5.185841,-0.20111294,8.327033,-0.056199603,0.37873647,0.05009095
64.0,5.233725,-0.16280572,8.355764,-0.11362094,0.39095375,0.06841691
76.0,5.209783,-0.21068975,8.358158,-0.14660765,0.21135938,0.010995574
84.0,5.2265425,-0.2657564,8.425196,-0.13561209,0.04886922,-0.05009095
94.0,5.2648497,-0.4357447,8.449138,-0.10262536,0.039095376,-0.047647487
104.0,5.363012,-0.45010993,8.418014,-0.06719518,0.030543262,-0.04153884
115.0,5.2959743,-0.46686932,8.499416,-0.039095376,0.029321533,-0.03176499
125.0,5.245696,-0.40462008,8.506598,-0.010995574,0.02076942,-0.02321288
135.0,5.1355624,-0.23702596,8.418014,0.0061086523,0.017104227,-0.017104227
144.0,5.1523223,-0.1604115,8.389283,0.004886922,0.013439035,-0.017104227
156.0,5.1259856,-0.09816227,8.425196,-0.009773844,0.018325957,-0.012217305
165.0,5.0900726,-0.08379706,8.415619,-0.028099801,0.014660766,-0.009773844
175.0,5.1235914,-0.22984336,8.415619,-0.039095376,0.02076942,-0.0061086523
184.0,5.0278234,-0.14604631,8.444349,-0.042760566,0.019547688,-0.0036651916
196.0,5.109226,-0.20829555,8.4108305,-0.05009095,0.017104227,0.002443461
206.0,5.207389,-0.22505496,8.51857,-0.064751714,0.014660766,0.007330383
215.0,5.269638,-0.29927522,8.494628,-0.07941248,0.018325957,0.010995574
226.0,5.2241483,-0.2825158,8.583213,-0.06963864,0.02076942,0.007330383
235.0,5.3342814,-0.10534488,9.011775,-0.04520403,0.029321533,0.0061086523
244.0,5.5042696,-0.10534488,9.41879,-0.029321533,0.042760566,0.015882496
258.0,5.8322754,0.009576807,9.902418,-0.021991149,0.073303826,0.030543262
264.0,6.131551,0.19393034,10.43872,-0.030543262,0.13805555,0.04520403
275.0,6.2368956,0.33518824,10.790668,-0.09773844,0.20647246,0.07941248
285.0,6.3230867,0.45489833,11.377247,-0.3286455,0.2773328,0.15271631
295.0,6.4882865,0.37588966,11.702858,-0.75747293,0.35430184,0.2602286
305.0,6.232107,0.093373865,11.520899,-1.3292428,0.44959682,0.37751472
316.0,5.8681884,-0.2896984,11.360487,-1.9242256,0.57543504,0.45814893
325.0,5.499481,-0.59615624,11.389217,-2.420248,0.70005155,0.5009095
335.0,5.3127337,-1.3192052,11.303026,-2.8283062,0.79168135,0.59620446
345.0,5.3965306,-2.4037786,11.255142,-3.1239648,0.9138544,0.74036866
357.0,5.8634,-3.9935284,11.623849,-3.2058208,1.0629056,0.90041536
365.0,6.0022635,-5.140351,12.301409,-3.241251,1.219287,1.142318
376.0,5.770026,-5.461174,13.227964,-3.378085,1.4245378,1.3768903
385.0,5.1786585,-4.9895163,13.699622,-3.6138787,1.6420058,1.4636332
395.0,4.8243165,-4.699818,13.503298,-4.0084977,1.7702875,1.4782939
405.0,4.620809,-5.1020436,12.919112,-4.59615,1.8497,1.5674802
415.0,4.4364557,-6.229713,12.073959,-5.249776,1.9401081,1.767844
425.0,4.261679,-7.821857,11.09473,-5.8215456,1.9975294,2.058616
437.0,4.010288,-9.284714,10.2495775,-6.246708,1.9999728,2.4104743
446.0,3.6607344,-10.376471,9.442732,-6.418972,1.9657644,2.734233
457.0,3.3758245,-11.125855,8.911219,-5.7836723,1.8325957,3.3328807
465.0,3.086126,-12.021287,8.453926,-5.7836723,1.8325957,3.3328807
475.0,3.1387985,-12.63899,7.762002,-5.2009068,1.717753,3.685961
485.0,3.0454245,-12.437878,6.847417,-4.7036624,1.5613716,4.0402627
497.0,2.6551697,-11.221623,5.2289367,-4.025602,1.3011429,4.4263296
506.0,1.541866,-10.941502,4.3358994,-3.6798522,1.1472049,4.520403
516.0,1.1468226,-10.5704,3.787627,-3.345098,0.9602802,4.658458
526.0,0.94810385,-10.0341,3.265691,-3.0848694,0.7538077,4.7977357
536.0,0.81642276,-9.143456,2.8060043,-2.9358184,0.5412266,4.895474
546.0,0.6607997,-8.250419,2.327164,-2.8515189,0.33108896,4.932126
558.0,0.44532153,-7.5225816,2.1284454,-2.787989,0.12217305,4.938235
566.0,-0.06943185,-6.9862804,1.7262194,-2.764776,-0.09285152,4.938235
576.0,-0.47884035,-7.0006456,1.5155296,-2.7317894,-0.30665436,4.918687
586.0,-0.8762778,-7.0126166,1.2162545,-2.7232373,-0.5143485,4.8734827
596.0,-1.163582,-6.9264255,1.2545617,-2.7134633,-0.72082096,4.796514
606.0,-1.3096284,-6.667852,1.1372458,-2.6364944,-0.9224065,4.6853366
619.0,-1.5777789,-5.997475,1.0103531,-2.5314255,-1.0812315,4.565607
628.0,-1.7501614,-5.5641246,0.6751649,-2.4569001,-1.2095132,4.4580946
638.0,-1.9416976,-5.33907,0.61530983,-2.4471262,-1.3377949,4.3640213
648.0,-2.1260512,-4.9559975,0.6823475,-2.547308,-1.5015068,4.2601743
659.0,-2.2984335,-4.8458643,0.6392518,-2.5900686,-1.6566665,4.1050143
668.0,-2.5809495,-4.8458643,0.7637503,-2.4654522,-1.7739527,3.9217548
680.0,-2.7485435,-4.5633483,0.92416185,-2.276084,-1.8716911,3.771482
688.0,-2.9831753,-4.2904096,0.93373865,-1.9889772,-1.9339994,3.6285396
698.0,-3.229778,-4.31914,0.9816227,-1.5906931,-1.9755383,3.4746015
709.0,-3.3877954,-4.1180267,1.0462662,-1.2534955,-1.9755383,3.3267722
719.0,-3.667917,-3.904943,1.115698,-1.0629056,-1.9828686,3.199712
728.0,-3.9719806,-3.4237084,1.1563994,-1.0225884,-1.9938642,3.0628784
740.0,-4.185065,-3.0502129,1.3862427,-1.0873401,-2.0073032,2.8955014
750.0,-4.4364557,-2.8083985,1.328782,-1.1948525,-2.0305161,2.701246
758.0,-4.5920787,-3.083732,1.6639702,-1.2168436,-2.0317378,2.475226
770.0,-4.7405195,-3.2609026,2.2002714,-1.1655309,-2.0109684,2.2479842
778.0,-4.8027687,-3.2225955,2.4181437,-1.0616838,-1.9889772,2.0463986
789.0,-4.7500963,-3.6583402,2.815581,-0.8026769,-1.9364429,1.8765781
799.0,-4.8865657,-3.7373488,2.9999347,-0.5681047,-1.8692477,1.7580702
808.0,-4.9583917,-3.7708676,3.1124623,-0.4361578,-1.7947221,1.6652187
818.0,-5.4204726,-3.4644098,3.3399115,-0.33475417,-1.7128662,1.5503759
827.0,-5.9448028,-3.3614593,3.1651347,-0.2724459,-1.6102408,1.4123205
837.0,-6.4140663,-3.7349546,3.229778,-0.1966986,-1.5027285,1.2718215
847.0,-6.646304,-3.952827,3.7062242,-0.14538592,-1.4245378,1.1203269
860.0,-6.71813,-3.5673606,4.0940847,-0.19058995,-1.3817772,0.9761627
867.0,-6.540959,-3.3854012,4.2281604,-0.25411993,-1.3365731,0.8588765
877.0,-6.531382,-3.5625722,4.31914,-0.312763,-1.2278391,0.7611381
886.0,-6.739678,-3.2393548,4.807557,-0.5009095,-1.0910053,0.62796944
904.0,-6.811504,-2.315193,5.78918,-0.7770206,-0.9761627,0.4092797
906.0,-6.682217,-1.2808979,6.279991,-0.99204516,-0.8772025,0.15515977
918.0,-6.459556,-1.5275006,5.971139,-1.0311406,-0.74281216,-0.039095376
927.0,-6.5265937,-3.0573955,5.195418,-0.90408057,-0.5571091,-0.089186326
938.0,-6.8522053,-4.7165775,4.5872903,-0.77824235,-0.3885103,-0.05009095
948.0,-7.309498,-5.6215854,4.0174704,-0.61819565,-0.2724459,-0.040317107
959.0,-7.5920134,-5.961562,3.6367924,-0.34574974,-0.18081611,-0.012217305
968.0,-7.666234,-5.674258,3.4045548,-0.07819075,-0.13561209,0.07452556
979.0,-7.6710224,-4.853047,3.3183637,0.056199603,-0.13316862,0.13194689
988.0,-7.654263,-4.2066126,3.323152,0.021991149,-0.15515977,0.13072516
997.0,-7.704541,-3.9384618,3.4596214,-0.13927728,-0.1881465,0.111177474
1008.0,-7.6590514,-4.158728,3.6631286,-0.3371976,-0.23335053,0.09896017
1018.0,-7.515399,-4.237737,4.010288,-0.5045747,-0.2687807,0.103847094
1028.0,-7.48188,-4.381389,4.197036,-0.5888741,-0.27977628,0.112399206
1041.0,-7.4627266,-4.417302,4.4819455,-0.5705481,-0.2565634,0.112399206
1060.0,-7.393295,-4.295198,4.534618,-0.4813618,-0.20280726,0.103847094
1060.0,-7.335834,-4.3478703,4.501099,-0.3323107,-0.13439035,0.09896017
1068.0,-7.2544312,-4.4484267,4.477157,-0.18692477,-0.07819075,0.105068825
1078.0,-7.144298,-4.537012,4.268862,-0.089186326,-0.02076942,0.1160644
1089.0,-7.1826053,-4.6016555,3.9624038,-0.037873644,0.036651913,0.11728613
1100.0,-7.369353,-4.745308,3.8235402,0.0,0.07452556,0.1160644
1108.0,-7.302315,-4.771644,3.6750996,-0.009773844,0.08674286,0.12461651
1119.0,-7.3909006,-4.6495395,3.5745432,-0.059864793,0.059864793,0.12583824
1129.0,-7.4028716,-4.5274353,3.5051112,-0.09407325,0.043982297,0.119729586
1138.0,-7.515399,-4.5298295,3.5865142,-0.103847094,0.035430185,0.118507855
1149.0,-7.4746976,-4.390966,3.7014358,-0.08307768,0.028099801,0.11484267
1161.0,-7.431602,-4.390966,3.6727054,-0.042760566,0.02321288,0.10995574
1169.0,-7.493851,-4.175488,3.6846764,0.0061086523,0.02687807,0.1001819
1179.0,-7.4507556,-4.074931,3.6750996,0.062308256,0.04153884,0.0842994
1189.0,-7.465121,-4.132392,3.5984852,0.089186326,0.043982297,0.07452556
1199.0,-7.350199,-4.2185836,3.514688,0.06719518,0.04520403,0.062308256
1209.0,-7.467515,-4.369418,3.3854012,0.008552114,0.042760566,0.04642576
1221.0,-7.4723034,-4.7046065,3.3279405,-0.039095376,0.017104227,0.036651913
1230.0,-7.599196,-4.735731,3.454833,-0.073303826,0.0012217305,0.04153884
1240.0,-7.615956,-4.7141833,3.6128504,-0.10873401,-0.012217305,0.05497787
1250.0,-7.6111674,-4.72376,3.6966474,-0.13194689,-0.034208454,0.062308256
1261.0,-7.61835,-4.5872903,3.799598,-0.14049901,-0.036651913,0.07452556
1268.0,-7.680599,-4.5513773,3.8307228,-0.14049901,-0.036651913,0.07452556
1281.0,-7.61835,-4.5274353,3.9600096,-0.105068825,-0.007330383,0.08307768
1290.0,-7.48188,-4.5633483,3.833117,-0.08307768,0.008552114,0.07941248
1299.0,-7.575254,-4.414908,3.8355112,-0.061086524,0.03176499,0.081855945
1310.0,-7.680599,-4.4819455,3.833117,-0.05131268,0.04520403,0.080634214
1321.0,-7.7452426,-4.450821,3.857059,-0.065973446,0.057421334,0.07941248
1331.0,-7.6015906,-4.5178585,3.8139634,-0.089186326,0.021991149,0.07696902
1341.0,-7.5824366,-4.6112323,3.8355112,-0.11484267,0.004886922,0.06841691
1351.0,-7.6829934,-4.673482,3.8738184,-0.119729586,0.0036651916,0.065973446
1362.0,-7.723695,-4.6710877,3.9217024,-0.087964594,0.02076942,0.065973446
1370.0,-7.644686,-4.6471453,3.904943,-0.029321533,0.02443461,0.06963864
1380.0,-7.5944076,-4.699818,3.8666358,0.018325957,0.034208454,0.07574729
1391.0,-7.548918,-4.5801077,3.8522706,0.04153884,0.030543262,0.081855945
1401.0,-7.5824366,-4.4843397,3.8498764,0.029321533,0.018325957,0.07452556
1409.0,-7.642292,-4.4005427,3.7924154,0.0061086523,0.014660766,0.061086524
1420.0,-7.7093296,-4.4556093,3.7469256,-0.010995574,0.008552114,0.05009095
1430.0,-7.615956,-4.369418,3.7828386,-0.004886922,-0.012217305,0.032986723
1440.0,-7.615956,-4.381389,3.751714,0.02565634,-0.002443461,0.015882496
1450.0,-7.45315,-4.5058875,3.5936968,0.07574729,-0.0036651916,0.008552114
1462.0,-7.5201874,-4.6255975,3.4835634,0.09162979,-0.0061086523,0.008552114
1470.0,-7.5201874,-4.673482,3.4476504,0.05375614,-0.0012217305,0.004886922
1481.0,-7.589619,-4.8147397,3.383007,0.0,-0.02687807,0.004886922
1490.0,-7.642292,-4.8027687,3.3327289,-0.064751714,-0.03176499,0.014660766
1501.0,-7.735666,-4.711789,3.4979286,-0.09407325,-0.05497787,0.02076942
1511.0,-7.740454,-4.486734,3.5865142,-0.059864793,-0.05497787,0.021991149
1523.0,-7.651869,-4.3646297,3.7588966,0.015882496,-0.05375614,0.03176499
1530.0,-7.5680714,-4.2161894,3.715801,0.07941248,-0.04886922,0.042760566
1541.0,-7.524976,-4.1012673,3.6774938,0.10629055,-0.04153884,0.039095376
1550.0,-7.548918,-4.1635165,3.58412,0.112399206,-0.030543262,0.02321288
1564.0,-7.5848308,-4.223372,3.5482068,0.09896017,-0.017104227,0.009773844
1569.0,-7.608773,-4.235343,3.5769374,0.080634214,-0.017104227,-0.002443461
1582.0,-7.587225,-4.343082,3.466804,0.06963864,0.0036651916,-0.008552114
1589.0,-7.5345526,-4.43885,3.478775,0.07819075,-0.017104227,-0.007330383
1601.0,-7.489063,-4.5082817,3.5314474,0.06963864,-0.037873644,-0.0061086523
1610.0,-7.5680714,-4.3023806,3.596091,0.04886922,-0.030543262,-0.008552114
1621.0,-7.5465236,-4.3598413,3.6774938,0.039095376,-0.019547688,-0.012217305
1631.0,-7.5704656,-4.3718123,3.7134068,0.040317107,-0.03176499,-0.012217305
1642.0,-7.5201874,-4.4220905,3.7708676,0.036651913,-0.02443461,-0.02076942
1650.0,-7.441179,-4.5513773,3.7684734,0.047647487,-0.019547688,-0.02076942
1662.0,-7.4363904,-4.477157,3.7373488,0.036651913,-0.002443461,-0.014660766
1672.0,-7.45315,-4.3957543,3.6870706,0.02565634,0.017104227,-0.018325957
1682.0,-7.5441294,-4.4077253,3.691859,0.030543262,0.02321288,-0.02687807
1691.0,-7.45315,-4.477157,3.643975,0.047647487,0.028099801,-0.029321533
1702.0,-7.4962454,-4.4484267,3.5817258,0.056199603,0.017104227,-0.02443461
1712.0,-7.5082164,-4.5034933,3.6296098,0.04886922,0.035430185,-0.02443461
1722.0,-7.539341,-4.414908,3.550601,0.05009095,0.028099801,-0.02565634
1730.0,-7.565677,-4.417302,3.5984852,0.037873644,0.021991149,-0.021991149
1741.0,-7.57286,-4.4340615,3.6176388,0.013439035,0.02321288,-0.02565634
1753.0,-7.505822,-4.525041,3.608062,0.009773844,0.017104227,-0.034208454
1763.0,-7.536947,-4.642357,3.6272156,0.0061086523,0.013439035,-0.02565634
1769.0,-7.565677,-4.6016555,3.7062242,-0.02321288,0.021991149,-0.012217305
1781.0,-7.5824366,-4.6255975,3.632004,-0.035430185,0.02076942,-0.008552114
1791.0,-7.620744,-4.6040497,3.6990416,-0.018325957,0.013439035,0.0012217305
1801.0,-7.479486,-4.5178585,3.763685,-0.010995574,0.010995574,0.012217305
1810.0,-7.513005,-4.4244847,3.739743,-0.0012217305,0.02565634,0.013439035
1821.0,-7.517793,-4.268862,3.7493198,0.015882496,0.037873644,0.010995574
1832.0,-7.565677,-4.201824,3.8067808,0.032986723,0.030543262,0.0061086523
1841.0,-7.563283,-4.225766,3.7349546,0.04520403,0.043982297,-0.0061086523
1850.0,-7.431602,-4.297592,3.6990416,0.04886922,0.04520403,-0.015882496
1862.0,-7.48188,-4.4436383,3.7349546,0.02076942,0.062308256,-0.02321288
1871.0,-7.4004774,-4.51307,3.620033,0.004886922,0.05131268,-0.037873644
1882.0,-7.4244194,-4.55856,3.70383,0.012217305,0.058643065,-0.043982297
1890.0,-7.417237,-4.5801077,3.7421372,0.035430185,0.065973446,-0.042760566
1901.0,-7.515399,-4.534618,3.70383,0.058643065,0.0720821,-0.040317107
1912.0,-7.548918,-4.4819455,3.6703112,0.065973446,0.09407325,-0.035430185
1921.0,-7.61835,-4.4556093,3.5098996,0.047647487,0.095294975,-0.029321533
1931.0,-7.5680714,-4.3718123,3.5194764,0.012217305,0.08674286,-0.030543262
1944.0,-7.678205,-4.402937,3.5458126,-0.008552114,0.081855945,-0.040317107
1951.0,-7.642292,-4.501099,3.4644098,-0.007330383,0.073303826,-0.040317107
1964.0,-7.6255326,-4.546589,3.4763808,0.004886922,0.05497787,-0.034208454
1972.0,-7.642292,-4.5058875,3.5218706,0.014660766,0.043982297,-0.029321533
1982.0,-7.7069354,-4.4843397,3.6391866,0.02076942,0.052534413,-0.02687807
1990.0,-7.7308774,-4.390966,3.667917,0.018325957,0.05375614,-0.02565634
2002.0,-7.6853876,-4.3502645,3.6415808,0.008552114,0.057421334,-0.02443461
2010.0,-7.716512,-4.390966,3.6894648,0.0061086523,0.04642576,-0.02321288
2022.0,-7.678205,-4.426879,3.7325604,0.02076942,0.04520403,-0.021991149
2062.0,-7.716512,-4.390966,3.751714,0.047647487,0.04520403,-0.017104227
2062.0,-7.541735,-4.3047748,3.6942532,0.059864793,0.042760566,-0.008552114
2063.0,-7.6375036,-4.4460325,3.7541082,0.04642576,0.037873644,-0.0036651916
2064.0,-7.536947,-4.3143516,3.6607344,-0.018325957,0.03176499,-0.0061086523
2071.0,-7.5968018,-4.414908,3.6391866,-0.018325957,0.03176499,-0.0061086523
2081.0,-7.599196,-4.441244,3.6583402,-0.043982297,0.032986723,-0.002443461
2091.0,-7.589619,-4.417302,3.620033,0.0,0.04520403,0.008552114
2101.0,-7.565677,-4.3861775,3.632004,0.03176499,0.07086037,0.013439035
2110.0,-7.560889,-4.3478703,3.6152446,0.05497787,0.057421334,0.013439035
2122.0,-7.6255326,-4.3239284,3.6032736,0.052534413,0.04153884,0.009773844
2131.0,-7.5800424,-4.333505,3.5697548,0.03176499,0.040317107,0.0
2140.0,-7.5944076,-4.4077253,3.526659,0.010995574,0.032986723,-0.009773844
2150.0,-7.6949644,-4.5082817,3.6032736,-0.002443461,0.036651913,-0.012217305
2162.0,-7.666234,-4.55856,3.5218706,-0.002443461,0.036651913,-0.009773844
2172.0,-7.6734166,-4.6016555,3.5338416,0.004886922,0.032986723,-0.0036651916
2182.0,-7.687782,-4.5082817,3.679888,0.0061086523,0.02443461,0.007330383
2192.0,-7.6829934,-4.4244847,3.6894648,0.008552114,0.015882496,0.013439035
2203.0,-7.699753,-4.453215,3.6152446,0.017104227,0.035430185,0.015882496
2211.0,-7.6829934,-4.3622355,3.655946,0.03176499,0.02565634,0.018325957
2221.0,-7.6470804,-4.3718123,3.6128504,0.040317107,0.018325957,0.017104227
2232.0,-7.7811556,-4.2999864,3.6870706,0.03176499,0.029321533,0.015882496
2242.0,-7.6614456,-4.369418,3.6176388,0.018325957,0.030543262,0.010995574
2251.0,-7.639898,-4.4675803,3.5913026,0.002443461,0.008552114,0.0061086523
2262.0,-7.6375036,-4.4939165,3.5817258,-0.018325957,0.002443461,0.0012217305
2270.0,-7.577648,-4.477157,3.6296098,-0.010995574,0.002443461,0.0061086523
2282.0,-7.529764,-4.522647,3.5889084,0.017104227,-0.008552114,0.012217305
2292.0,-7.529764,-4.489128,3.6248214,0.043982297,0.009773844,0.017104227
2302.0,-7.603985,-4.4556093,3.5649664,0.064751714,0.012217305,0.021991149
2313.0,-7.6015906,-4.369418,3.5769374,0.064751714,0.02443461,0.02321288
2323.0,-7.5441294,-4.2784386,3.608062,0.047647487,0.028099801,0.021991149
2333.0,-7.577648,-4.3287168,3.5529952,0.02321288,0.02443461,0.017104227
2342.0,-7.515399,-4.3167458,3.6343982,0.0061086523,0.017104227,0.009773844
2353.0,-7.577648,-4.381389,3.620033,0.007330383,0.008552114,0.0012217305
2364.0,-7.5106106,-4.4005427,3.6032736,0.014660766,0.018325957,-0.0036651916
2372.0,-7.5441294,-4.283227,3.6032736,0.030543262,0.03176499,-0.0061086523
2382.0,-7.529764,-4.417302,3.5003228,0.04520403,0.039095376,-0.009773844
2392.0,-7.666234,-4.4819455,3.454833,0.04520403,0.059864793,-0.010995574
2403.0,-7.6829934,-4.4556093,3.4835634,0.034208454,0.052534413,-0.009773844
2412.0,-7.7308774,-4.5298295,3.526659,0.013439035,0.03176499,-0.002443461
2422.0,-7.6734166,-4.5777135,3.4979286,-0.02443461,-0.009773844,0.0012217305
2432.0,-7.699753,-4.4723687,3.5338416,-0.06352998,-0.0061086523,0.0
2443.0,-7.644686,-4.307169,3.6176388,-0.07574729,0.0012217305,-0.0012217305
2452.0,-7.6375036,-4.4005427,3.655946,-0.06963864,0.014660766,0.004886922
2462.0,-7.615956,-4.3239284,3.620033,-0.05009095,-0.002443461,0.0061086523
2471.0,-7.541735,-4.4196963,3.6391866,-0.034208454,0.0,0.002443461
2483.0,-7.6135616,-4.4675803,3.6655228,-0.018325957,-0.0012217305,0.002443461
2491.0,-7.651869,-4.465186,3.6607344,-0.018325957,0.0,0.002443461
2501.0,-7.606379,-4.4364557,3.608062,-0.03176499,0.002443461,0.0012217305
2510.0,-7.551312,-4.39336,3.7181952,-0.04886922,0.0,0.0
2520.0,-7.5704656,-4.3526587,3.7253778,-0.05375614,-0.0036651916,-0.0061086523
2530.0,-7.575254,-4.3287168,3.775656,-0.03176499,0.012217305,-0.008552114
2542.0,-7.5441294,-4.309563,3.787627,0.007330383,0.013439035,-0.008552114
2551.0,-7.551312,-4.3502645,3.7541082,0.037873644,0.02443461,-0.012217305
2562.0,-7.477092,-4.3837833,3.6296098,0.05009095,0.043982297,-0.017104227
2571.0,-7.57286,-4.4843397,3.560178,0.042760566,0.05497787,-0.018325957
2581.0,-7.651869,-4.5992613,3.4811692,0.015882496,0.056199603,-0.018325957
2590.0,-7.7308774,-4.584896,3.4620156,0.0012217305,0.052534413,-0.015882496
2603.0,-7.7332716,-4.534618,3.4835634,-0.008552114,0.056199603,-0.004886922
2612.0,-7.687782,-4.3837833,3.4979286,-0.0012217305,0.058643065,0.0012217305
2622.0,-7.7213006,-4.3023806,3.5098996,0.02076942,0.05009095,0.0036651916
2631.0,-7.666234,-4.232949,3.6487634,0.040317107,0.042760566,0.0061086523
2642.0,-7.620744,-4.2185836,3.6343982,0.034208454,0.036651913,0.004886922
2652.0,-7.716512,-4.2066126,3.6774938,0.013439035,0.037873644,-0.0036651916
2665.0,-7.61835,-4.3646297,3.7229836,-0.010995574,0.037873644,-0.013439035
2673.0,-7.642292,-4.2784386,3.7780502,-0.034208454,0.03176499,-0.017104227
2683.0,-7.615956,-4.321534,3.8259344,-0.04520403,0.03176499,-0.021991149
2693.0,-7.4483614,-4.4005427,3.916914,-0.04642576,0.036651913,-0.02321288
2703.0,-7.524976,-4.3766007,3.9384618,-0.061086524,0.057421334,-0.02687807
2713.0,-7.4842744,-4.39336,3.9839516,-0.06352998,0.07941248,-0.034208454
2723.0,-7.513005,-4.292804,3.928885,-0.05497787,0.09896017,-0.034208454
2733.0,-7.457938,-4.2305546,3.952827,-0.056199603,0.12461651,-0.036651913
2743.0,-7.4866686,-4.175488,3.9552212,-0.062308256,0.15393804,-0.052534413
2753.0,-7.57286,-4.1012673,3.9743748,-0.058643065,0.17470746,-0.0720821
2764.0,-7.541735,-4.189853,3.8977604,-0.039095376,0.1966986,-0.08674286
2773.0,-7.651869,-4.0940847,3.9695864,0.002443461,0.23335053,-0.105068825
2784.0,-7.5944076,-3.9504328,4.1299977,0.08552113,0.26267207,-0.13927728
2792.0,-7.524976,-3.6607344,4.187459,0.21135938,0.30543262,-0.18081611
2806.0,-7.539341,-3.502717,4.2521024,0.37018433,0.35063666,-0.2284636
2813.0,-7.517793,-3.2944214,4.3358994,0.54000485,0.4166101,-0.28099802
2823.0,-7.517793,-3.2202013,4.417302,0.6963864,0.48380527,-0.33964106
2833.0,-7.422025,-3.229778,4.197036,0.82344633,0.53878313,-0.41905355
2845.0,-7.2352777,-3.2944214,3.7804444,0.9285152,0.57910025,-0.52656585
2853.0,-7.0365586,-3.928885,3.301604,0.9822713,0.60231316,-0.6133087
2864.0,-7.0940194,-4.2281604,3.277662,0.6206391,0.6291912,-0.75991637
2872.0,-7.177817,-3.9743748,3.3039982,0.6206391,0.6291912,-0.75991637
2883.0,-7.2544312,-4.048595,3.4644098,0.52412236,0.64996064,-0.9822713
2894.0,-7.079654,-4.259285,3.787627,0.6585127,0.6658431,-1.0641272
2903.0,-6.7803793,-4.474763,3.9193082,0.91874135,0.70738196,-1.1349876
2913.0,-6.6726403,-4.4460325,3.8714242,1.2461652,0.75991637,-1.1728612
2924.0,-6.631939,-4.5920787,3.5745432,1.5809193,0.82711154,-1.1667526
2933.0,-6.6774287,-4.7788267,3.181894,1.8093829,0.86620694,-1.1264355
2944.0,-6.955156,-4.8243165,3.0071173,1.8289305,0.86620694,-1.1081096
2953.0,-7.1155677,-4.865018,2.908955,1.6798794,0.829555,-1.1533136
2965.0,-7.2424603,-5.0038815,2.633622,1.4672983,0.752586,-1.2144
2973.0,-7.4004774,-5.631162,2.4732103,1.2351695,0.6462954,-1.251052
2984.0,-7.2711906,-6.0142345,2.5881321,0.98349303,0.5290093,-1.2632693
2994.0,-7.177817,-6.143522,2.7126305,0.752586,0.41172317,-1.2840388
3003.0,-7.153875,-6.179435,2.882619,0.689056,0.32742378,-1.3292428
