32.0,1.2569559,0.2825158,9.251195,0.004886922,-0.015882496,0.0012217305
36.0,1.4508862,0.24420857,9.184157,0.15149458,0.10629055,-0.0720821
46.0,1.5921441,0.32800564,9.241618,0.010995574,-0.2932153,-0.2932153
64.0,1.6256629,0.22984336,9.28232,-0.07086037,-0.39706242,-0.3811799
64.0,1.7262194,0.25857377,9.380483,0.039095376,0.38240165,-0.06963864
74.0,1.7070658,0.1340753,9.363723,0.0,0.38728857,-0.096516706
88.0,1.7190368,0.04070143,9.469068,-0.036651913,0.19181168,-0.17470746
95.0,1.7836803,-0.035913024,9.548077,-0.047647487,0.013439035,-0.22235495
104.0,1.8100165,-0.04070143,9.588778,-0.032986723,0.0,-0.22357668
114.0,1.8962077,-0.0047884034,9.629479,-0.009773844,0.0036651916,-0.22968534
124.0,1.8507179,0.17717093,9.548077,0.004886922,0.004886922,-0.22235495
135.0,1.8579005,0.2825158,9.605537,0.007330383,0.015882496,-0.21135938
146.0,1.8746599,0.29209262,9.624691,0.002443461,0.028099801,-0.20769419
155.0,1.8411411,0.37349546,9.770737,-0.007330383,0.047647487,-0.1966986
164.0,1.8818425,0.51235914,9.80665,-0.030543262,0.065973446,-0.17837265
175.0,1.661576,0.7517793,9.722853,-0.062308256,0.08307768,-0.17104226
186.0,1.5466543,0.8738836,9.816227,-0.111177474,0.09773844,-0.1685988
195.0,1.5586253,0.79008657,9.85214,-0.18448131,0.103847094,-0.16249016
206.0,1.5370775,0.6392518,9.861717,-0.2565634,0.10995574,-0.1563815
215.0,1.5849615,0.5243302,9.837775,-0.30176744,0.112399206,-0.16249016
225.0,1.6831238,0.47165772,9.746795,-0.312763,0.11728613,-0.17959438
234.0,1.6927006,0.51714754,9.734824,-0.29565877,0.12705997,-0.19914207
245.0,1.733402,0.521936,9.639056,-0.26511553,0.14294247,-0.21746802
255.0,1.7932571,0.641646,9.67018,-0.22602014,0.16126843,-0.23579398
266.0,1.8746599,0.62728083,9.701305,-0.20891592,0.17959438,-0.25167647
275.0,1.9608512,0.6751649,9.643845,-0.2406809,0.2003638,-0.26389378
286.0,1.9967642,0.5267244,9.653421,-0.31031954,0.22357668,-0.2846632
294.0,2.0350714,0.45489833,9.773131,-0.39461896,0.25045475,-0.31887165
305.0,2.0518308,0.2896984,9.902418,-0.46914452,0.27122417,-0.35796702
315.0,2.15957,0.1340753,10.120291,-0.53023106,0.29810223,-0.38973203
326.0,2.2529438,-0.0047884034,10.342952,-0.5852089,0.3323107,-0.41172317
335.0,2.2577322,-0.021547815,10.484209,-0.63285637,0.37507126,-0.43249258
345.0,2.2481554,-0.031124622,10.433931,-0.68416905,0.42760566,-0.45937067
355.0,2.135628,0.1388637,10.2735195,-0.752586,0.48624873,-0.48624873
365.0,1.8866309,0.35194764,10.113108,-0.874759,0.5412266,-0.49480084
375.0,1.6591818,0.28491,9.902418,-1.0396926,0.5900958,-0.49235737
387.0,1.3862427,0.29209262,9.902418,-1.2229522,0.6291912,-0.49113566
395.0,1.2473791,0.2657564,9.773131,-1.4172074,0.65240407,-0.48624873
406.0,1.1611878,0.031124622,9.665392,-1.6236799,0.66339964,-0.46914452
415.0,1.0606314,-0.25617957,9.631873,-1.817935,0.6719518,-0.44837508
425.0,0.90740246,-0.6775591,9.605537,-1.9804251,0.675617,-0.4373795
435.0,0.7278373,-1.0223241,9.512163,-2.0867157,0.68783426,-0.43982297
446.0,0.6584055,-1.4293385,9.49301,-2.1233675,0.689056,-0.44715336
455.0,0.45489833,-1.6280571,9.404425,-2.0952678,0.69027776,-0.44715336
465.0,0.3878607,-2.006341,9.303867,-2.008525,0.68416905,-0.43860126
475.0,0.2801216,-2.1571758,9.107543,-1.9034561,0.6719518,-0.42638394
486.0,0.11971009,-2.1523874,8.9040365,-1.8167132,0.65118235,-0.41905355
495.0,-0.02873042,-2.1787236,8.659827,-1.7837266,0.6206391,-0.41172317
506.0,-0.10055647,-2.087744,8.413225,-1.8154916,0.5852089,-0.4092797
518.0,-0.16519992,-2.0901382,8.192958,-1.8985692,0.54367006,-0.40439278
528.0,-0.2873042,-2.1978772,8.075643,-2.0280726,0.49968776,-0.39095375
538.0,-0.37588966,-2.291251,8.02297,-2.1917844,0.45937067,-0.36774087
548.0,-0.44771573,-2.3750482,7.943961,-2.3994787,0.40683624,-0.33964106
558.0,-0.44771573,-2.4756045,7.9870567,-2.6645942,0.3652974,-0.30909783
569.0,-0.40701428,-2.815581,7.8170686,-2.9626966,0.33841935,-0.27366763
578.0,-0.39025488,-3.526659,7.8912888,-3.2717943,0.31031954,-0.22357668
590.0,-0.5554548,-4.4795513,8.0924015,-3.5589008,0.2968805,-0.16493362
598.0,-0.6584055,-5.1523223,8.358158,-3.8020253,0.29077184,-0.10995574
608.0,-0.8643068,-5.7149596,8.525752,-4.0402627,0.28955013,-0.06841691
618.0,-1.0845734,-6.3829417,8.78672,-4.3371434,0.30665436,-0.032986723
630.0,-1.3239936,-7.2831616,8.798691,-4.6865582,0.32986724,0.018325957
638.0,-1.3670892,-8.015787,9.0429,-5.01276,0.36041048,0.09040806
648.0,-1.4796166,-8.367735,9.074024,-5.2681017,0.4288274,0.17959438
658.0,-1.5562311,-8.700529,8.724471,-5.499009,0.51068336,0.2846632
669.0,-1.6328455,-9.148245,8.26239,-5.7726765,0.59864795,0.4373795
678.0,-1.5801731,-9.957485,7.422025,-6.1501913,0.6585127,0.6536258
690.0,-1.484405,-10.931925,6.5337763,-6.6071186,0.7098254,0.8881981
697.0,-1.6807296,-12.26789,5.509058,-7.093367,0.75136423,1.1032226
710.0,-1.9009962,-13.450625,4.426879,-7.56129,0.766025,1.3365731
720.0,-2.255338,-14.417883,3.3782187,-7.982787,0.7611381,1.6065756
728.0,-2.621651,-14.999674,2.3247697,-8.306545,0.7440339,1.8484782
737.0,-3.0023289,-15.509639,1.2904748,-8.537453,0.6731735,2.0635028
750.0,-3.071761,-15.770607,0.0047884034,-8.679173,0.5326745,2.3408356
758.0,-2.992752,-15.890317,-1.1994951,-8.693834,0.37384954,2.7000244
767.0,-2.8898015,-15.334862,-2.1068976,-8.550892,0.21380283,3.0482175
777.0,-2.7581203,-14.95179,-3.1794999,-8.23935,-0.030543262,3.2986724
789.0,-2.896984,-14.688427,-4.355053,-6.985855,-0.625526,3.6835175
796.0,-3.1124623,-14.207192,-5.391742,-6.985855,-0.625526,3.6835175
810.0,-3.1316159,-13.828909,-6.117185,-6.037792,-0.95417154,3.7788124
818.0,-3.2992098,-11.999739,-6.88333,-3.7433822,-1.563815,3.866777
829.0,-3.2441432,-10.601525,-6.9120603,-2.5668557,-1.863139,3.86189
839.0,-3.071761,-9.397242,-6.471527,-1.5210545,-2.1416936,3.8521163
848.0,-2.906561,-8.437167,-6.1387334,-0.6817256,-2.3774874,3.8484511
858.0,-2.719813,-7.711724,-6.172252,-0.058643065,-2.579073,3.8398988
870.0,-2.779668,-6.9623384,-6.157887,0.33841935,-2.7537806,3.8423424
877.0,-2.8898015,-6.3446345,-5.616797,0.51923543,-2.9138272,3.82646
889.0,-3.004723,-6.181829,-5.145139,0.5681047,-3.0579915,3.7519343
899.0,-2.9352913,-5.913678,-4.4005427,0.5522222,-3.167947,3.6835175
909.0,-2.9592333,-5.5282116,-3.6583402,0.62796944,-3.2937853,3.580892
918.0,-2.813187,-4.8386817,-3.0478187,0.8491027,-3.3560936,3.4550538
929.0,-2.7461493,-4.321534,-2.5187001,1.1191051,-3.3707545,3.3353243
938.0,-2.4971523,-3.4021606,-1.4820108,1.3231341,-3.3622024,3.2021556
949.0,-2.4420857,-2.7269957,-0.48602295,1.505172,-3.3426547,3.0115657
958.0,-2.6288335,-2.2290018,0.29927522,1.749518,-3.273016,2.7904325
969.0,-2.8419175,-1.9608512,0.6440403,2.0451767,-3.1728342,2.574186
978.0,-3.0813377,-1.8507179,0.9552865,2.3628268,-3.0494392,2.3554964
990.0,-3.371036,-1.5562311,1.1899183,2.669481,-2.9040534,2.1355848
998.0,-3.6870706,-1.460463,1.1372458,2.9394836,-2.7415633,1.9022343
1008.0,-3.9145198,-1.6376339,0.9888053,3.1496212,-2.5717428,1.6713274
1018.0,-4.2401314,-1.0295067,1.3096284,3.2217033,-2.3994787,1.4758505
1029.0,-4.5418005,0.1604115,1.8866309,3.072652,-2.2064452,1.2986995
1039.0,-5.0397944,0.92176765,2.384625,2.5961773,-1.9828686,1.1325442
1048.0,-5.7508726,1.2018893,2.932897,1.7739527,-1.7556267,0.97127575
1080.0,-6.3661823,0.5674258,2.992752,0.79290307,-1.53205,0.79779
1080.0,-6.7205243,-0.6775591,2.705448,-0.07452556,-1.3243558,0.6072
1080.0,-6.8522053,-1.7262194,2.2768857,-0.6817256,-1.128879,0.44348818
1087.0,-7.1275387,-1.7166426,2.3702598,-1.0519099,-0.90041536,0.32498032
1097.0,-7.5584946,-1.2617443,3.6152446,-1.2681563,-0.65118235,0.2284636
1109.0,-7.632715,-1.2378023,5.171476,-1.3390167,-0.44226643,0.10262536
1116.0,-7.410054,-2.1404164,5.497087,-1.1582005,-0.20769419,-0.043982297
1127.0,-7.249643,-3.3997664,4.7620673,-0.80756384,-0.0012217305,-0.056199603
1138.0,-7.410054,-4.5274353,3.7732618,-0.49602258,0.1563815,0.02687807
1147.0,-8.030152,-4.6279917,3.0909145,-0.2565634,0.27122417,0.029321533
1157.0,-8.48984,-4.357447,2.4636335,-0.05375614,0.34208453,-0.002443461
1169.0,-8.815451,-4.144363,2.0829554,0.09896017,0.36651915,0.02321288
1177.0,-8.932767,-3.9025488,1.9081788,0.14538592,0.36163223,0.07696902
1190.0,-8.8777,-3.8618474,1.7429788,0.095294975,0.33841935,0.119729586
1198.0,-8.992621,-4.084508,1.7788919,0.02565634,0.30176744,0.16126843
1208.0,-9.0237465,-4.012682,1.8339585,-0.010995574,0.25778514,0.19914207
1219.0,-8.92319,-3.9121256,2.0087352,-0.0061086523,0.21746802,0.21502456
1230.0,-8.9040365,-3.6966474,2.1499932,0.04153884,0.16615535,0.21624629
1241.0,-8.750807,-3.5242648,2.1739352,0.10262536,0.13561209,0.21013765
1247.0,-8.698134,-3.335123,2.2960393,0.16615535,0.105068825,0.19547687
1257.0,-8.7532015,-3.0310593,2.4181437,0.20280726,0.07819075,0.17592919
1269.0,-8.793902,-2.9161377,2.3678656,0.20647246,0.07452556,0.14660765
1277.0,-8.832211,-2.9400797,2.3415294,0.19303341,0.07941248,0.10751228
1291.0,-8.774749,-3.028665,2.3080103,0.17470746,0.065973446,0.07452556
1298.0,-8.801085,-2.942474,2.3439236,0.15149458,0.06841691,0.04886922
1309.0,-8.643068,-3.074155,2.243367,0.14538592,0.06352998,0.014660766
1318.0,-8.523358,-3.0813377,2.219425,0.17104226,0.059864793,-0.02076942
1328.0,-8.48984,-3.1316159,2.1811178,0.20769419,0.06719518,-0.043982297
1338.0,-8.480263,-3.3255463,2.0566192,0.23701571,0.07086037,-0.058643065
1349.0,-8.485051,-3.3135753,2.0111294,0.23701571,0.07941248,-0.0720821
1357.0,-8.552089,-3.3997664,2.0135236,0.22357668,0.07941248,-0.07696902
1367.0,-8.734048,-3.4979286,2.0207062,0.20769419,0.0842994,-0.07086037
1377.0,-8.767567,-3.4644098,2.1092918,0.19303341,0.0842994,-0.057421334
1388.0,-8.671799,-3.3734303,2.0159178,0.16737708,0.0842994,-0.032986723
1397.0,-8.631097,-3.4332852,2.171541,0.14660765,0.089186326,-0.010995574
1408.0,-8.674192,-3.3159695,2.195483,0.13439035,0.09162979,-0.002443461
1417.0,-8.63828,-3.2728736,2.171541,0.1563815,0.089186326,-0.0036651916
1427.0,-8.616732,-3.1986535,2.1547816,0.18570304,0.09896017,-0.0012217305
1438.0,-8.74123,-3.193865,2.1092918,0.20525073,0.10140363,-0.0036651916
1448.0,-8.841787,-3.1148565,2.0685902,0.21502456,0.103847094,-0.012217305
1458.0,-8.92319,-3.0502129,2.1523874,0.22113322,0.103847094,-0.017104227
1471.0,-8.853758,-3.0023289,2.1547816,0.21624629,0.111177474,-0.015882496
1478.0,-8.726865,-3.1004913,2.0398598,0.21380283,0.105068825,-0.014660766
1487.0,-8.540117,-3.1603463,2.0566192,0.2003638,0.10262536,-0.015882496
1497.0,-8.597578,-3.016694,2.1547816,0.18325958,0.103847094,-0.012217305
1507.0,-8.556877,-3.0142999,2.0757728,0.17715092,0.111177474,-0.009773844
1518.0,-8.485051,-3.0262709,2.0709844,0.172264,0.09896017,-0.009773844
1528.0,-8.626308,-3.0430303,2.0518308,0.15393804,0.119729586,-0.010995574
1538.0,-8.853758,-3.0214825,1.9847932,0.15515977,0.118507855,-0.021991149
1549.0,-8.892065,-2.9999347,1.970428,0.17104226,0.1160644,-0.028099801
1557.0,-8.875306,-3.0334535,1.8914193,0.17592919,0.105068825,-0.02687807
1567.0,-8.813056,-2.9472623,1.8722657,0.16249016,0.1001819,-0.021991149
1578.0,-8.750807,-3.1483753,1.9608512,0.1441642,0.087964594,-0.018325957
1591.0,-8.619126,-3.0430303,1.9895816,0.12217305,0.08307768,-0.018325957
1597.0,-8.573636,-3.052607,1.9488802,0.10751228,0.080634214,-0.019547688
1609.0,-8.662222,-3.0765493,1.946486,0.10751228,0.081855945,-0.019547688
1619.0,-8.798691,-3.028665,2.087744,0.09896017,0.0842994,-0.012217305
1629.0,-8.932767,-3.0238767,2.0853498,0.087964594,0.09407325,-0.004886922
1637.0,-8.956709,-2.9281087,2.1284454,0.09040806,0.09407325,-0.002443461
1650.0,-8.817844,-2.930503,2.1308396,0.087964594,0.10140363,0.007330383
1658.0,-8.832211,-2.870648,2.078167,0.10262536,0.09896017,0.010995574
1669.0,-8.700529,-2.9113493,2.030283,0.12461651,0.10140363,0.0061086523
1679.0,-8.619126,-2.9113493,2.0135236,0.13072516,0.09773844,0.002443461
1690.0,-8.66701,-3.016694,1.8842367,0.10873401,0.087964594,-0.010995574
1700.0,-8.820239,-3.0909145,1.8602947,0.09040806,0.08552113,-0.012217305
1711.0,-8.925584,-3.2034419,1.8124107,0.073303826,0.07941248,-0.004886922
1720.0,-8.971074,-3.0573955,1.9512744,0.052534413,0.0720821,0.002443461
1729.0,-8.961497,-3.0190883,1.9967642,0.039095376,0.06841691,0.013439035
1739.0,-8.884883,-2.9855695,2.0111294,0.036651913,0.06352998,0.02687807
1750.0,-8.808268,-3.0669725,2.0494366,0.040317107,0.061086524,0.036651913
1758.0,-8.748413,-2.9376855,2.0278888,0.059864793,0.05375614,0.034208454
1770.0,-8.803479,-2.920926,2.0757728,0.08674286,0.059864793,0.028099801
1779.0,-8.678981,-2.944868,1.946486,0.103847094,0.058643065,0.02076942
1790.0,-8.746018,-2.9712043,1.9416976,0.103847094,0.05497787,0.009773844
1800.0,-8.810662,-3.122039,1.8866309,0.095294975,0.058643065,-0.0036651916
1810.0,-8.7532015,-3.205836,1.9321208,0.087964594,0.05497787,-0.008552114
1819.0,-8.834604,-3.2704794,1.8555063,0.08307768,0.05497787,-0.007330383
1832.0,-8.932767,-3.277662,1.7836803,0.081855945,0.062308256,-0.0061086523
1840.0,-8.808268,-3.430891,1.8507179,0.07941248,0.056199603,-0.0012217305
1848.0,-8.913613,-3.2513258,2.0159178,0.07452556,0.05009095,0.008552114
1857.0,-8.870518,-3.13401,2.0685902,0.073303826,0.05375614,0.012217305
1868.0,-8.916007,-3.1292217,2.0015526,0.08552113,0.05131268,0.009773844
1880.0,-8.901642,-3.0142999,2.0398598,0.10629055,0.047647487,0.0061086523
1891.0,-8.875306,-2.980781,2.0901382,0.13316862,0.04642576,0.0036651916
1900.0,-8.829816,-2.9161377,2.087744,0.15393804,0.047647487,-0.0012217305
1911.0,-8.7053175,-2.920926,2.0829554,0.15882497,0.04886922,-0.009773844
1919.0,-8.676587,-2.9400797,1.9560628,0.14172074,0.04642576,-0.018325957
1930.0,-8.726865,-3.1172507,1.8602947,0.11484267,0.04520403,-0.02443461
1942.0,-8.774749,-3.2130187,1.8483237,0.09285152,0.035430185,-0.028099801
1951.0,-8.791509,-3.0430303,1.8698715,0.0720821,0.015882496,-0.02443461
1959.0,-8.8777,-3.0933087,1.9369092,0.059864793,0.017104227,-0.018325957
1970.0,-8.901642,-3.0573955,1.8986019,0.06352998,0.02321288,-0.013439035
1981.0,-8.89446,-2.9616275,1.9393034,0.07452556,0.02565634,-0.0036651916
1991.0,-8.801085,-2.944868,1.9201498,0.0842994,0.021991149,-0.0012217305
1999.0,-8.817844,-2.870648,1.9416976,0.087964594,0.02321288,-0.004886922
2011.0,-8.844181,-2.885013,1.9009962,0.09162979,0.02687807,-0.008552114
2018.0,-8.779537,-2.8514943,1.8626889,0.09773844,0.02687807,-0.012217305
2031.0,-8.762778,-2.942474,1.8794483,0.09040806,0.02443461,-0.014660766
2039.0,-8.722076,-2.9951463,1.8890251,0.06963864,0.021991149,-0.018325957
2050.0,-8.695741,-3.074155,1.9201498,0.05009095,0.02321288,-0.021991149
2081.0,-8.66701,-3.0095115,1.9129672,0.040317107,0.02321288,-0.021991149
2081.0,-8.6813755,-2.942474,1.9847932,0.039095376,0.028099801,-0.02076942
2081.0,-8.822633,-2.9759927,1.9512744,0.036651913,0.02565634,-0.02321288
2088.0,-8.860941,-2.8778305,1.982399,0.035430185,0.028099801,-0.030543262
2101.0,-8.887277,-2.9759927,1.934515,0.04520403,0.02443461,-0.035430185
2108.0,-8.820239,-2.954445,1.9512744,0.061086524,0.014660766,-0.035430185
2119.0,-8.75799,-2.8658595,1.9967642,0.064751714,0.014660766,-0.039095376
2131.0,-8.755595,-3.0095115,1.9632454,0.052534413,0.008552114,-0.04520403
2137.0,-8.714894,-3.0789435,1.9560628,0.030543262,-0.0036651916,-0.05375614
2149.0,-8.686164,-3.2513258,2.0207062,0.015882496,-0.002443461,-0.062308256
2158.0,-8.743625,-3.3399115,2.0374656,0.028099801,-0.0012217305,-0.064751714
2170.0,-8.7125,-3.2561142,2.0901382,0.042760566,0.0012217305,-0.062308256
2179.0,-8.719683,-3.3063924,2.030283,0.04642576,0.008552114,-0.061086524
2191.0,-8.7532015,-3.4045548,2.0685902,0.037873644,0.015882496,-0.059864793
2198.0,-8.762778,-3.4213142,2.2242134,0.021991149,0.021991149,-0.05497787
2210.0,-8.7292595,-3.3423057,2.2744915,0.028099801,0.032986723,-0.052534413
2221.0,-8.74123,-3.2824504,2.372654,0.06352998,0.047647487,-0.05131268
2231.0,-8.7532015,-3.0430303,2.2601264,0.105068825,0.064751714,-0.047647487
2238.0,-8.686164,-2.9951463,2.147599,0.14294247,0.07696902,-0.04886922
2251.0,-8.815451,-3.0023289,2.1045034,0.16249016,0.07696902,-0.058643065
2260.0,-8.870518,-2.9281087,2.042254,0.15515977,0.09040806,-0.06841691
2269.0,-8.918402,-3.0382419,1.8818425,0.15149458,0.081855945,-0.07086037
2279.0,-8.822633,-2.9879637,1.9033904,0.13316862,0.06841691,-0.06841691
2291.0,-8.784326,-2.9999347,1.8291701,0.1001819,0.064751714,-0.059864793
2299.0,-8.779537,-3.0885203,1.8363527,0.08307768,0.05009095,-0.05375614
2312.0,-8.710106,-3.0142999,1.8770541,0.06719518,0.037873644,-0.04520403
2321.0,-8.659827,-3.0119057,1.8722657,0.057421334,0.040317107,-0.032986723
2333.0,-8.755595,-2.9496565,1.8890251,0.06352998,0.028099801,-0.02443461
2339.0,-8.846576,-2.7485435,1.982399,0.059864793,0.02321288,-0.014660766
2351.0,-8.805874,-2.7964275,1.9273324,0.05375614,0.014660766,-0.008552114
2358.0,-8.784326,-2.7844565,1.9895816,0.037873644,0.02687807,-0.009773844
2369.0,-8.7771435,-2.8107927,1.9153614,0.014660766,0.02687807,-0.013439035
2378.0,-8.722076,-2.8395233,1.9177556,-0.0061086523,0.018325957,-0.018325957
2389.0,-8.662222,-2.920926,1.9369092,-0.032986723,0.03176499,-0.02321288
2397.0,-8.662222,-3.0621839,1.8842367,-0.056199603,0.029321533,-0.028099801
2408.0,-8.7292595,-3.1028855,1.8722657,-0.07941248,0.02321288,-0.029321533
2417.0,-8.853758,-3.2273839,1.9297266,-0.09896017,0.039095376,-0.029321533
2428.0,-8.930372,-3.3494883,1.9895816,-0.09896017,0.035430185,-0.030543262
2437.0,-8.947132,-3.3159695,2.0039468,-0.1001819,0.04153884,-0.02687807
2447.0,-8.935161,-3.2752678,1.9800048,-0.09040806,0.019547688,-0.02443461
2456.0,-8.896853,-3.2082303,2.066196,-0.08674286,0.017104227,-0.02443461
2466.0,-8.78672,-3.2704794,2.1523874,-0.07696902,0.009773844,-0.02443461
2476.0,-8.726865,-3.3135753,2.1859062,-0.052534413,0.0,-0.028099801
2489.0,-8.7125,-3.229778,2.2098482,0.0,-0.007330383,-0.030543262
2497.0,-8.674192,-3.2441432,2.2098482,0.0,-0.007330383,-0.030543262
2508.0,-8.726865,-3.2441432,2.1092918,0.017104227,-0.004886922,-0.030543262
2517.0,-8.848969,-3.347094,2.0326772,0.018325957,-0.0036651916,-0.02687807
2528.0,-8.856153,-3.301604,2.0135236,0.018325957,-0.012217305,-0.019547688
2539.0,-8.810662,-3.3614593,2.0566192,0.02076942,-0.010995574,-0.010995574
2549.0,-8.6574335,-3.2632968,1.9871874,0.052534413,-0.017104227,0.007330383
2558.0,-8.688558,-3.098097,1.934515,0.0720821,-0.014660766,0.015882496
2570.0,-8.7292595,-3.1364043,1.9512744,0.08307768,-0.014660766,0.02076942
2579.0,-8.726865,-3.1603463,1.8746599,0.0842994,-0.009773844,0.02321288
2591.0,-8.820239,-3.1268275,1.8579005,0.07696902,-0.008552114,0.02321288
2600.0,-8.805874,-3.1364043,1.8746599,0.059864793,-0.013439035,0.02687807
2611.0,-8.808268,-3.1771057,1.9129672,0.03176499,-0.008552114,0.02687807
2619.0,-8.707711,-3.2034419,2.0135236,0.012217305,-0.004886922,0.018325957
2631.0,-8.616732,-3.2728736,2.0374656,0.017104227,0.008552114,0.009773844
2641.0,-8.532935,-3.217807,2.0925324,0.042760566,0.013439035,0.0036651916
2652.0,-8.549694,-3.1411927,2.0757728,0.056199603,0.02565634,-0.007330383
2662.0,-8.619126,-3.1747115,2.0901382,0.052534413,0.037873644,-0.021991149
2673.0,-8.63828,-3.1866825,2.0949266,0.03176499,0.042760566,-0.037873644
2682.0,-8.6095495,-3.2154129,1.9871874,0.004886922,0.043982297,-0.05009095
2692.0,-8.750807,-3.2130187,2.078167,-0.0061086523,0.043982297,-0.05375614
2701.0,-8.78672,-3.1603463,2.0566192,-0.0012217305,0.036651913,-0.05497787
2711.0,-8.8777,-3.0382419,2.030283,0.013439035,0.02565634,-0.04886922
2719.0,-8.968679,-3.016694,2.1068976,0.034208454,0.014660766,-0.040317107
2731.0,-9.028535,-3.0502129,2.0638018,0.05375614,0.0,-0.035430185
2741.0,-9.018958,-3.110068,2.042254,0.06352998,-0.009773844,-0.029321533
2750.0,-8.8777,-3.0550013,2.0135236,0.06719518,-0.02321288,-0.02565634
2762.0,-8.848969,-3.0573955,2.0135236,0.07086037,-0.02687807,-0.02321288
2771.0,-8.851364,-3.1292217,1.9728222,0.06719518,-0.02565634,-0.021991149
2782.0,-8.870518,-3.0669725,2.0470424,0.061086524,-0.02687807,-0.021991149
2794.0,-8.734048,-2.9951463,2.0494366,0.05497787,-0.02565634,-0.021991149
2801.0,-8.659827,-3.0813377,2.1021092,0.047647487,-0.02321288,-0.02443461
2809.0,-8.556877,-3.3087866,2.0446482,0.040317107,-0.021991149,-0.034208454
2820.0,-8.568848,-3.3662477,2.1021092,0.040317107,-0.02076942,-0.04642576
2831.0,-8.628703,-3.4644098,2.0614076,0.064751714,-0.012217305,-0.056199603
2841.0,-8.566454,-3.478775,2.0757728,0.105068825,-0.002443461,-0.059864793
2851.0,-8.614338,-3.383007,2.1260512,0.13439035,0.008552114,-0.05375614
2864.0,-8.62152,-3.4476504,2.0973208,0.15271631,0.019547688,-0.04153884
2871.0,-8.614338,-3.490746,2.1428106,0.14660765,0.037873644,-0.032986723
2880.0,-8.724471,-3.2968156,2.1691468,0.14172074,0.04153884,-0.02321288
2894.0,-8.798691,-3.3183637,2.3080103,0.14905111,0.05497787,-0.012217305
2902.0,-8.734048,-3.277662,2.3558946,0.17348573,0.065973446,-0.009773844
2911.0,-8.688558,-3.265691,2.3104045,0.21135938,0.06352998,-0.014660766
2920.0,-8.683769,-3.2872388,2.3223755,0.25289822,0.056199603,-0.021991149
2930.0,-8.631097,-3.41892,2.3295584,0.3005457,0.043982297,-0.02565634
2941.0,-8.604761,-3.454833,2.255338,0.34330627,0.02565634,-0.032986723
2952.0,-8.748413,-3.4165258,2.2409728,0.35918877,0.009773844,-0.04153884
2962.0,-9.016563,-3.383007,2.2960393,0.3555236,0.0012217305,-0.05131268
2972.0,-8.980651,-3.2968156,2.183512,0.34697145,-0.012217305,-0.057421334
2982.0,-9.01417,-3.2154129,2.183512,0.32375857,-0.02076942,-0.057421334
2993.0,-9.124303,-3.13401,2.0901382,0.29077184,-0.032986723,-0.062308256
3001.0,-9.19134,-3.095703,2.087744,0.26145032,-0.05131268,-0.07086037
3011.0,-9.078813,-3.2800562,2.066196,0.2443461,-0.07819075,-0.07696902
