24.0,0.47405192,-1.3383588,9.849746,-0.04642576,0.03176499,-0.0012217305
40.0,0.47405192,-1.3383588,9.849746,-0.04642576,0.03176499,-0.0012217305
56.0,0.44532153,-1.1611878,9.837775,0.15760323,0.13561209,-0.09773844
56.0,0.47644615,-1.0726024,9.888053,0.013439035,-0.24190263,-0.30298916
60.0,0.5434838,-1.283292,9.933543,-0.04153884,-0.38606682,-0.2883284
82.0,0.641646,-1.3958195,9.969456,0.11728613,0.42760566,0.105068825
82.0,0.60333884,-1.3096284,10.005369,0.1966986,0.33108896,0.09285152
90.0,0.5243302,-1.1755531,9.998186,0.1966986,0.33108896,0.09285152
100.0,0.4405331,-1.0390835,9.911995,0.19547687,0.18570304,0.04153884
111.0,0.33758244,-0.80924016,9.849746,0.15271631,0.19914207,0.057421334
122.0,0.31603462,-0.7182605,9.80665,0.08307768,0.20525073,0.06719518
130.0,0.2753332,-0.61291564,9.727641,-0.06963864,0.2125811,0.064751714
142.0,0.16519992,-0.7278373,9.6845455,-0.13194689,0.21135938,0.06841691
150.0,0.10055647,-0.90500826,9.701305,-0.16493362,0.21013765,0.07452556
160.0,0.18195933,-1.0031705,9.648633,-0.15760323,0.21135938,0.07574729
171.0,0.107739076,-1.0390835,9.631873,-0.10140363,0.21135938,0.06719518
181.0,0.016759412,-0.89303726,9.572019,-0.032986723,0.20891592,0.05131268
191.0,-0.016759412,-0.7374141,9.533711,0.0012217305,0.20647246,0.035430185
202.0,-0.019153614,-0.6823475,9.500193,0.0036651916,0.20158553,0.028099801
210.0,-0.10295067,-0.7398083,9.536105,-0.02076942,0.19547687,0.028099801
222.0,-0.10295067,-0.8690952,9.516952,-0.052534413,0.18936823,0.028099801
230.0,-0.095768064,-0.82360536,9.476251,-0.07696902,0.18448131,0.02565634
241.0,-0.12210429,-0.8834604,9.497798,-0.08674286,0.18325958,0.02565634
250.0,-0.17956513,-0.8810662,9.502586,-0.087964594,0.17959438,0.03176499
262.0,-0.12928689,-0.9720459,9.605537,-0.0842994,0.17592919,0.036651913
272.0,-0.20590134,-1.0845734,9.574412,-0.073303826,0.17348573,0.036651913
282.0,-0.1316811,-1.1563994,9.595961,-0.056199603,0.16982053,0.030543262
291.0,-0.11252748,-1.1468226,9.560047,-0.042760566,0.17104226,0.02321288
301.0,-0.107739076,-1.127669,9.540894,-0.03176499,0.1685988,0.017104227
310.0,-0.18674773,-1.115698,9.540894,-0.029321533,0.16737708,0.014660766
322.0,-0.260968,-1.0414777,9.643845,-0.04153884,0.1685988,0.013439035
330.0,-0.29448682,-1.0965444,9.653421,-0.06352998,0.16493362,0.013439035
341.0,-0.22505496,-1.1204864,9.574412,-0.089186326,0.1600467,0.012217305
350.0,-0.20350714,-1.115698,9.581595,-0.10873401,0.15271631,0.008552114
361.0,-0.28491,-1.1803415,9.548077,-0.11484267,0.15149458,0.009773844
370.0,-0.17717093,-1.1923125,9.603143,-0.1160644,0.15027285,0.018325957
383.0,-0.17477672,-1.2665327,9.595961,-0.12339478,0.15393804,0.029321533
391.0,-0.20111294,-1.3144168,9.574412,-0.12583824,0.15760323,0.030543262
401.0,-0.2873042,-1.1827357,9.572019,-0.12705997,0.15882497,0.019547688
411.0,-0.320823,-1.1444284,9.615114,-0.13439035,0.16249016,0.013439035
421.0,-0.22984336,-1.316811,9.662998,-0.14538592,0.15882497,0.019547688
430.0,-0.22744916,-1.4221559,9.662998,-0.1563815,0.1600467,0.032986723
442.0,-0.21308395,-1.3982137,9.603143,-0.15393804,0.16371189,0.040317107
451.0,-0.34955344,-1.3479356,9.461885,-0.13927728,0.17348573,0.037873644
461.0,-0.4333505,-1.1540052,9.452309,-0.14049901,0.17104226,0.039095376
471.0,-0.5770026,-1.103727,9.385271,-0.16982053,0.16737708,0.042760566
482.0,-0.5506664,-1.1827357,9.390059,-0.21502456,0.1600467,0.04642576
491.0,-0.61052144,-1.2521675,9.40203,-0.25900686,0.15515977,0.04886922
502.0,-0.6823475,-1.3263878,9.452309,-0.2846632,0.14172074,0.05009095
511.0,-0.6392518,-1.4077905,9.540894,-0.28955013,0.13316862,0.052534413
521.0,-0.5530606,-1.4772224,9.500193,-0.2724459,0.12095132,0.059864793
531.0,-0.6751649,-1.496376,9.502586,-0.23701571,0.112399206,0.065973446
541.0,-0.7038953,-1.4269443,9.399636,-0.18936823,0.103847094,0.06719518
551.0,-0.7541735,-1.4173675,9.43076,-0.14294247,0.09285152,0.06719518
562.0,-0.7038953,-1.2904748,9.363723,-0.112399206,0.080634214,0.06719518
571.0,-0.6560113,-1.2737153,9.416395,-0.10262536,0.06841691,0.06841691
582.0,-0.61052144,-1.3862427,9.514558,-0.10873401,0.058643065,0.06963864
591.0,-0.45250413,-1.436521,9.531317,-0.1160644,0.052534413,0.07452556
601.0,-0.4141969,-1.4101849,9.574412,-0.12095132,0.04520403,0.07696902
614.0,-0.50278234,-1.4269443,9.622296,-0.11484267,0.04642576,0.073303826
625.0,-0.4381389,-1.5131354,9.653421,-0.10262536,0.043982297,0.06719518
634.0,-0.4285621,-1.496376,9.634268,-0.09896017,0.05009095,0.065973446
645.0,-0.5267244,-1.5945383,9.648633,-0.10262536,0.04642576,0.06841691
654.0,-0.47405192,-1.472434,9.67018,-0.10262536,0.043982297,0.064751714
665.0,-0.4357447,-1.520318,9.665392,-0.095294975,0.042760566,0.06352998
675.0,-0.39504328,-1.5658079,9.703699,-0.08552113,0.04153884,0.07452556
686.0,-0.4333505,-1.7166426,9.718064,-0.07819075,0.039095376,0.09285152
693.0,-0.46686932,-1.70946,9.701305,-0.06352998,0.04520403,0.103847094
704.0,-0.48123455,-1.6256629,9.694122,-0.039095376,0.04886922,0.09896017
714.0,-0.4189853,-1.5777789,9.615114,-0.013439035,0.04153884,0.09285152
725.0,-0.40222588,-1.4676456,9.679757,-0.0036651916,0.043982297,0.09285152
733.0,-0.38307226,-1.4987702,9.591172,-0.004886922,0.040317107,0.09162979
746.0,-0.41180268,-1.4700398,9.61272,-0.013439035,0.042760566,0.081855945
754.0,-0.34715924,-1.5442601,9.617508,-0.019547688,0.04153884,0.06963864
764.0,-0.39504328,-1.5131354,9.665392,-0.021991149,0.042760566,0.057421334
774.0,-0.39743748,-1.5586253,9.643845,-0.02076942,0.037873644,0.047647487
785.0,-0.3854665,-1.508347,9.624691,-0.018325957,0.04642576,0.035430185
794.0,-0.40222588,-1.5107412,9.509769,-0.012217305,0.042760566,0.02076942
806.0,-0.39504328,-1.4796166,9.533711,-0.013439035,0.035430185,0.010995574
814.0,-0.37110126,-1.5155296,9.502586,-0.02321288,0.03176499,0.0036651916
825.0,-0.4333505,-1.5514427,9.500193,-0.040317107,0.04153884,-0.002443461
835.0,-0.4429273,-1.5179238,9.600749,-0.05497787,0.04153884,-0.010995574
845.0,-0.37588966,-1.5251064,9.540894,-0.06841691,0.037873644,-0.018325957
854.0,-0.37588966,-1.5705963,9.516952,-0.07696902,0.035430185,-0.021991149
865.0,-0.4141969,-1.6687586,9.588778,-0.07696902,0.037873644,-0.021991149
875.0,-0.4429273,-1.685518,9.516952,-0.06352998,0.035430185,-0.02443461
886.0,-0.48362875,-1.6543933,9.536105,-0.04886922,0.057421334,-0.02565634
894.0,-0.5554548,-1.6448165,9.533711,-0.02565634,0.059864793,-0.02076942
904.0,-0.60333884,-1.6112977,9.576807,-0.0036651916,0.058643065,-0.014660766
914.0,-0.6991069,-1.6448165,9.504981,0.002443461,0.062308256,-0.0036651916
925.0,-0.7062895,-1.6136919,9.500193,-0.0012217305,0.058643065,0.007330383
933.0,-0.7541735,-1.5897499,9.560047,-0.004886922,0.064751714,0.018325957
945.0,-0.7589619,-1.6927006,9.509769,-0.0012217305,0.05131268,0.02321288
955.0,-0.7230489,-1.7262194,9.653421,0.012217305,0.021991149,0.029321533
965.0,-0.62488663,-1.7501614,9.610326,0.02565634,0.037873644,0.034208454
974.0,-0.62728083,-1.7597382,9.629479,0.05375614,0.034208454,0.032986723
988.0,-0.6751649,-1.6807296,9.643845,0.09773844,0.030543262,0.02076942
995.0,-0.641646,-1.7118542,9.595961,0.09773844,0.030543262,0.02076942
1005.0,-0.61770403,-1.6256629,9.619903,0.09285152,0.042760566,0.013439035
1014.0,-0.6560113,-1.6232687,9.61272,0.07574729,0.039095376,0.009773844
1025.0,-0.6751649,-1.6663644,9.5385,0.029321533,0.04642576,0.0036651916
1038.0,-0.62967503,-1.5753847,9.574412,0.008552114,0.061086524,0.0
1063.0,-0.59855044,-1.6136919,9.691729,-0.009773844,0.06352998,0.0
1063.0,-0.5793968,-1.6831238,9.648633,-0.02687807,0.06841691,0.0061086523
1063.0,-0.59855044,-1.6639702,9.615114,-0.03176499,0.0720821,0.009773844
1073.0,-0.6919243,-1.5466543,9.52174,-0.02321288,0.07574729,0.008552114
1085.0,-0.7374141,-1.5107412,9.497798,-0.012217305,0.07696902,0.004886922
1094.0,-0.6991069,-1.5753847,9.514558,-0.010995574,0.07574729,0.004886922
1104.0,-0.6679823,-1.553837,9.437943,-0.02321288,0.08674286,0.004886922
1114.0,-0.7278373,-1.4437037,9.40203,-0.036651913,0.08674286,-0.0012217305
1124.0,-0.7445967,-1.3838485,9.425972,-0.058643065,0.089186326,-0.008552114
1133.0,-0.8451532,-1.4580688,9.483433,-0.1001819,0.0842994,-0.013439035
1143.0,-0.7565677,-1.520318,9.428367,-0.15393804,0.081855945,-0.017104227
1153.0,-0.7350199,-1.697489,9.464279,-0.19792034,0.07696902,-0.019547688
1165.0,-0.6464345,-1.8100165,9.543288,-0.21502456,0.07696902,-0.02076942
1173.0,-0.6584055,-1.8555063,9.569624,-0.20525073,0.080634214,-0.019547688
1186.0,-0.63206923,-1.8938135,9.519346,-0.17348573,0.08307768,-0.014660766
1193.0,-0.6823475,-1.7932571,9.564836,-0.13561209,0.0842994,-0.009773844
1204.0,-0.6727707,-1.7429788,9.483433,-0.10873401,0.08552113,-0.0061086523
1213.0,-0.6655881,-1.7286136,9.43076,-0.1001819,0.0842994,-0.008552114
1225.0,-0.6655881,-1.7286136,9.44752,-0.105068825,0.07941248,-0.015882496
1234.0,-0.6512229,-1.8459295,9.461885,-0.11728613,0.07696902,-0.015882496
1244.0,-0.6847417,-1.9991584,9.481039,-0.11484267,0.07086037,-0.009773844
1253.0,-0.6919243,-2.0446482,9.583989,-0.08307768,0.07086037,-0.0036651916
1265.0,-0.6679823,-2.0566192,9.679757,-0.015882496,0.07452556,0.002443461
1274.0,-0.62728083,-2.0015526,9.78989,0.065973446,0.06719518,0.010995574
1287.0,-0.6368576,-1.9656396,9.861717,0.13316862,0.07086037,0.02565634
1294.0,-0.6440403,-1.9177556,9.94312,0.17592919,0.07696902,0.04153884
1304.0,-0.60573304,-1.8028339,9.959879,0.17837265,0.10140363,0.05497787
1316.0,-0.7350199,-1.5107412,9.991004,0.14538592,0.111177474,0.061086524
1325.0,-0.78529817,-1.2617443,10.005369,0.047647487,0.12095132,0.064751714
1335.0,-0.6943185,-1.0869676,9.900024,-0.13439035,0.13072516,0.07574729
1346.0,-0.60573304,-1.0199299,9.763555,-0.41905355,0.15515977,0.1001819
1355.0,-0.50757074,-1.5107412,9.873688,-0.7892379,0.19792034,0.13316862
1365.0,-0.6751649,-1.8674773,9.923966,-1.1863003,0.25289822,0.16126843
1375.0,-0.82360536,-2.099715,9.904813,-1.5833627,0.29932398,0.18448131
1386.0,-0.9696517,-2.3223755,10.15381,-1.9926424,0.35430184,0.19425514
1394.0,-1.2210429,-2.456451,10.16578,-2.389705,0.4092797,0.21135938
1407.0,-1.3479356,-2.8538885,9.919178,-2.83808,0.46914452,0.25900686
1415.0,-1.3934253,-3.442862,9.792285,-3.3707545,0.50701815,0.31520647
1425.0,-1.412579,-3.7948096,9.416395,-3.9840631,0.5534439,0.36896262
1435.0,-1.7908629,-4.331111,9.062054,-4.691445,0.59986967,0.43493605
1445.0,-2.2266076,-5.0781016,8.6574335,-5.4586916,0.63529986,0.50701815
1455.0,-2.6479871,-6.021417,8.202535,-6.2186084,0.6597345,0.6035349
1466.0,-2.96881,-6.9120603,7.860164,-7.0335026,0.66828656,0.7635816
1475.0,-3.1411927,-7.9032598,7.2927384,-7.8813834,0.68294734,0.95905846
1486.0,-3.1148565,-9.002198,6.8186865,-8.625418,0.657291,1.1410962
1494.0,-3.2465374,-10.589554,6.0142345,-9.246057,0.6072,1.3573426
1506.0,-3.7373488,-13.165715,4.7381253,-9.845926,0.5155703,1.7018706
1514.0,-4.27365,-15.296555,3.2680852,-10.431135,0.37995818,2.1319196
1525.0,-4.7070007,-16.191986,1.9488802,-10.834306,0.22602014,2.4678955
1533.0,-5.116409,-16.021997,0.8475474,-10.896614,0.062308256,2.6401596
1545.0,-5.377377,-15.689203,-0.50517654,-10.718242,-0.1441642,2.8930578
1555.0,-5.449203,-15.061923,-1.6328455,-10.549643,-0.3848451,3.2522466
1564.0,-5.0397944,-14.609419,-2.4947581,-10.4348,-0.65484756,3.5466835
1574.0,-4.501099,-14.772224,-3.9073372,-10.203893,-0.9957104,3.7348301
1586.0,-4.414908,-15.449783,-4.7740383,-9.595471,-1.3805555,3.875329
1595.0,-4.4556093,-15.234305,-4.4843397,-8.390845,-1.8044959,3.8948767
1606.0,-4.1252093,-14.453795,-4.1802764,-6.6156707,-2.1868975,3.8337903
1614.0,-3.3925838,-12.62702,-3.5936968,-4.4214425,-2.5033257,3.7470474
1626.0,-2.6599581,-10.043676,-3.2249897,-2.2101104,-2.7293458,3.6835175
1635.0,-2.4229321,-7.9966335,-3.1196449,-0.36774087,-2.9113839,3.5918877
1646.0,-2.554613,-6.739678,-2.755726,0.9334021,-3.032335,3.5283577
1654.0,-2.5115175,-5.825093,-2.0278888,1.754405,-3.1154127,3.5124753
1665.0,-2.2577322,-4.960786,-1.2880806,2.2149973,-3.1483996,3.4807103
1675.0,-2.219425,-4.0294414,-0.5482722,2.3469443,-3.1080823,3.4306192
1686.0,-2.2170308,-3.371036,-0.1364695,2.2064452,-3.0396655,3.323107
1695.0,-2.3104045,-2.9376855,0.074220255,1.9010127,-2.9321532,3.1520646
1707.0,-2.4779987,-2.4875755,0.25857377,1.4856243,-2.819754,2.950479
1715.0,-2.753332,-1.8938135,0.7565677,1.0421361,-2.7122416,2.6963592
1726.0,-3.1986535,-1.352724,1.4030021,0.63041294,-2.579073,2.4129176
1735.0,-3.667917,-1.067814,2.0278888,0.28588495,-2.4507914,2.1209242
1745.0,-3.9815574,-1.2066777,2.3247697,0.056199603,-2.3102922,1.8191566
1756.0,-4.3957543,-1.721431,2.2840683,-0.02565634,-2.1551325,1.5393804
1767.0,-4.711789,-1.8818425,2.56419,-0.009773844,-1.990199,1.2889256
1774.0,-5.2840033,-1.6376339,2.72939,0.056199603,-1.8154916,1.0421361
1787.0,-5.767632,-1.5275006,2.9257145,0.16249016,-1.627345,0.80878556
1795.0,-6.31351,-1.4197617,3.1268275,0.24801129,-1.4465289,0.6218608
1806.0,-6.6295447,-1.6519991,3.0142999,0.30665436,-1.2620476,0.45448375
1816.0,-6.9000893,-2.432509,3.1316159,0.37140608,-1.0677924,0.31398472
1827.0,-7.252037,-2.0566192,3.8522706,0.4447099,-0.86009824,0.21991149
1836.0,-7.2711906,-1.292869,4.570531,0.6206391,-0.6609562,0.052534413
1846.0,-7.144298,-1.0773908,4.098873,0.91751957,-0.45204028,-0.1600467
1855.0,-7.1706343,-1.4221559,3.2992098,0.9285152,-0.24312437,-0.1685988
1866.0,-7.410054,-2.932897,2.4779987,0.5571091,-0.12095132,-0.11484267
1875.0,-7.6470804,-4.220978,1.8291701,0.13439035,-0.037873644,-0.1685988
1888.0,-7.776367,-4.8602295,1.3072342,-0.112399206,0.0720821,-0.16126843
1895.0,-8.078036,-4.620809,0.8331822,-0.13927728,0.089186326,-0.1001819
1905.0,-8.025364,-4.5322237,0.9959879,-0.18936823,0.0720821,-0.052534413
1916.0,-8.051701,-4.6662993,1.0582372,-0.19058995,0.065973446,-0.0036651916
1925.0,-8.255207,-4.7070007,1.1971009,-0.096516706,0.04520403,0.05131268
1934.0,-8.317456,-4.4244847,1.3359646,0.028099801,0.040317107,0.10262536
1947.0,-8.358158,-4.309563,1.4628572,0.12095132,0.032986723,0.12583824
1955.0,-8.358158,-4.120421,1.5586253,0.15760323,0.03176499,0.12583824
1967.0,-8.322245,-3.9839516,1.7429788,0.16249016,0.03176499,0.1160644
1975.0,-8.319851,-3.9791632,1.8555063,0.13439035,0.043982297,0.09896017
1987.0,-8.365341,-3.98874,1.8555063,0.07941248,0.043982297,0.080634214
1995.0,-8.305486,-4.1180267,1.8842367,-0.018325957,0.057421334,0.06719518
2007.0,-8.303091,-4.4077253,1.8674773,-0.12950343,0.05497787,0.039095376
2015.0,-8.236053,-4.5274353,1.8531121,-0.21991149,0.05497787,0.010995574
2028.0,-8.305486,-4.7884035,1.8674773,-0.25289822,0.047647487,-0.013439035
2035.0,-8.334216,-4.8338933,1.8722657,-0.23335053,0.042760566,-0.02565634
2056.0,-8.432379,-4.8602295,2.0207062,-0.172264,0.04520403,-0.030543262
2056.0,-8.360553,-4.855441,2.0374656,-0.0842994,0.037873644,-0.036651913
2066.0,-8.310274,-4.8027687,2.0111294,0.0036651916,0.036651913,-0.043982297
2078.0,-8.420407,-4.5992613,1.9919758,0.07819075,0.04520403,-0.047647487
2084.0,-8.626308,-4.4819455,1.8531121,0.12339478,0.04642576,-0.047647487
2093.0,-8.6095495,-4.5058875,1.6208745,0.13439035,0.05009095,-0.052534413
2104.0,-8.568848,-4.280833,1.5682021,0.09773844,0.04886922,-0.047647487
2115.0,-8.516175,-4.3502645,1.496376,0.04153884,0.02687807,-0.04520403
2125.0,-8.264784,-4.43885,1.5298948,-0.002443461,0.012217305,-0.04642576
2134.0,-8.257602,-4.390966,1.6950948,-0.014660766,-0.0036651916,-0.04520403
2142.0,-8.252813,-4.3287168,1.7118542,0.028099801,-0.013439035,-0.047647487
2154.0,-8.166622,-4.259285,1.7405846,0.08552113,-0.019547688,-0.04642576
2165.0,-8.118738,-4.189853,1.6639702,0.119729586,-0.02443461,-0.04642576
2175.0,-8.240842,-4.3047748,1.6232687,0.13439035,-0.028099801,-0.05497787
2188.0,-8.226477,-4.3047748,1.5969325,0.13316862,-0.02565634,-0.056199603
2194.0,-8.221688,-4.1132383,1.6543933,0.12095132,-0.02443461,-0.047647487
2205.0,-8.185776,-4.197036,1.7142484,0.080634214,-0.02565634,-0.040317107
2216.0,-8.267179,-4.3622355,1.721431,0.02443461,-0.012217305,-0.039095376
2224.0,-8.283937,-4.4244847,1.7621324,-0.008552114,-0.0061086523,-0.039095376
2234.0,-8.214506,-4.3957543,1.8291701,-0.013439035,0.021991149,-0.028099801
2246.0,-8.259995,-4.297592,1.7884687,0.004886922,0.007330383,-0.017104227
2256.0,-8.343793,-4.261679,1.8004397,0.014660766,0.02565634,-0.009773844
2264.0,-8.26239,-4.3047748,1.7812861,0.02565634,0.036651913,-0.0012217305
2274.0,-8.2169,-4.223372,1.7741034,0.04153884,0.05131268,0.0036651916
2285.0,-8.240842,-4.3239284,1.6903064,0.05131268,0.07086037,0.008552114
2293.0,-8.250419,-4.297592,1.757344,0.062308256,0.073303826,0.008552114
2306.0,-8.365341,-4.367024,1.6831238,0.07574729,0.06963864,0.0061086523
2313.0,-8.3390045,-4.3023806,1.6232687,0.073303826,0.064751714,0.007330383
2324.0,-8.343793,-4.3981485,1.6591818,0.042760566,0.056199603,0.0061086523
2333.0,-8.259995,-4.405331,1.6591818,0.004886922,0.032986723,0.0
2344.0,-8.259995,-4.426879,1.7860745,-0.012217305,0.035430185,-0.004886922
2355.0,-8.214506,-4.3766007,1.8770541,-0.0012217305,0.007330383,-0.0061086523
2366.0,-8.255207,-4.292804,1.9201498,0.02443461,-0.0012217305,-0.010995574
2374.0,-8.334216,-4.333505,1.8698715,0.04886922,0.002443461,-0.017104227
2388.0,-8.365341,-4.3047748,1.8794483,0.064751714,-0.007330383,-0.02321288
2394.0,-8.444349,-4.3143516,1.8579005,0.07452556,-0.004886922,-0.028099801
2405.0,-8.492233,-4.3047748,1.8435353,0.0720821,0.002443461,-0.029321533
2417.0,-8.408437,-4.343082,1.7860745,0.05375614,0.0036651916,-0.02687807
2429.0,-8.374918,-4.4675803,1.733402,0.037873644,-0.007330383,-0.029321533
2437.0,-8.288726,-4.498705,1.7717092,0.035430185,-0.007330383,-0.029321533
2447.0,-8.276755,-4.5034933,1.70946,0.042760566,-0.02565634,-0.02687807
2456.0,-8.372523,-4.4699745,1.7381904,0.04153884,-0.02565634,-0.02076942
2467.0,-8.35337,-4.450821,1.8243817,0.03176499,-0.030543262,-0.017104227
2477.0,-8.2169,-4.381389,1.8818425,0.02565634,-0.036651913,-0.013439035
2489.0,-8.226477,-4.295198,1.958457,0.035430185,-0.04642576,-0.012217305
2497.0,-8.279149,-4.3837833,1.9081788,0.058643065,-0.04642576,-0.015882496
2505.0,-8.274361,-4.3143516,1.8411411,0.080634214,-0.036651913,-0.015882496
2516.0,-8.231265,-4.2185836,1.8195933,0.09407325,-0.035430185,-0.012217305
2526.0,-8.259995,-4.2281604,1.8243817,0.0720821,-0.04642576,-0.007330383
2537.0,-8.248025,-4.3263226,1.8938135,0.03176499,-0.05009095,-0.014660766
2548.0,-8.255207,-4.3406878,1.922544,0.014660766,-0.043982297,-0.021991149
2557.0,-8.180987,-4.283227,1.8435353,0.029321533,-0.039095376,-0.02687807
2567.0,-8.176199,-4.378995,1.7812861,0.052534413,-0.036651913,-0.02687807
2577.0,-8.123527,-4.414908,1.733402,0.05497787,-0.03176499,-0.029321533
2588.0,-8.224083,-4.4460325,1.8148049,0.035430185,-0.02687807,-0.028099801
2597.0,-8.243237,-4.4364557,1.8435353,0.018325957,-0.02687807,-0.02565634
2608.0,-8.355764,-4.572925,1.8315643,0.010995574,-0.032986723,-0.02443461
2617.0,-8.305486,-4.5082817,1.9416976,0.021991149,-0.028099801,-0.02076942
2627.0,-8.23366,-4.4364557,2.0614076,0.056199603,-0.02443461,-0.015882496
2636.0,-8.303091,-4.3478703,2.0278888,0.10873401,-0.02565634,-0.014660766
2646.0,-8.180987,-4.3047748,2.0446482,0.15882497,-0.015882496,-0.012217305
2657.0,-8.133103,-4.3239284,1.9967642,0.19914207,-0.015882496,-0.013439035
2669.0,-8.106767,-4.345476,1.9680338,0.22357668,-0.014660766,-0.021991149
2676.0,-8.061277,-4.4077253,1.9416976,0.24312437,-0.014660766,-0.029321533
2687.0,-8.1402855,-4.3742065,1.8914193,0.28588495,-0.012217305,-0.036651913
2697.0,-8.288726,-4.390966,1.8291701,0.28588495,-0.012217305,-0.036651913
2707.0,-8.303091,-4.333505,1.8363527,0.30543262,-0.008552114,-0.02687807
2717.0,-8.341399,-4.3382936,1.9009962,0.3213151,-0.017104227,-0.017104227
2728.0,-8.269572,-4.4364557,1.9776106,0.33353242,-0.012217305,-0.004886922
2736.0,-8.324639,-4.060566,2.030283,0.3555236,-0.012217305,0.02321288
2747.0,-8.250419,-4.000711,2.087744,0.31642818,-0.008552114,0.035430185
2756.0,-8.123527,-4.132392,2.111686,0.24556783,-0.009773844,0.036651913
2767.0,-8.147469,-4.048595,2.1691468,0.1600467,0.0012217305,0.029321533
2777.0,-8.1402855,-4.0916905,2.1811178,0.08674286,0.014660766,0.018325957
2788.0,-8.09719,-4.225766,2.1787236,0.021991149,0.021991149,0.010995574
2797.0,-8.154651,-4.331111,2.2050598,-0.021991149,0.030543262,-0.0012217305
2807.0,-8.190564,-4.4915223,2.1164744,-0.035430185,0.034208454,-0.010995574
2816.0,-8.149862,-4.5657425,2.087744,-0.02321288,0.035430185,-0.017104227
2827.0,-8.204929,-4.5178585,2.1308396,0.0012217305,0.032986723,-0.018325957
2836.0,-8.190564,-4.5801077,2.1212628,0.029321533,0.034208454,-0.019547688
2848.0,-8.207323,-4.537012,2.1021092,0.05131268,0.030543262,-0.021991149
2858.0,-8.267179,-4.4819455,2.135628,0.064751714,0.02321288,-0.02321288
2869.0,-8.219295,-4.4196963,2.111686,0.065973446,0.018325957,-0.02443461
2877.0,-8.248025,-4.426879,2.1811178,0.04642576,0.012217305,-0.02565634
2889.0,-8.298303,-4.4436383,2.2409728,0.029321533,0.02076942,-0.036651913
2896.0,-8.286332,-4.4556093,2.2649148,0.034208454,0.02687807,-0.043982297
2908.0,-8.248025,-4.498705,2.2481554,0.05131268,0.032986723,-0.04520403
2917.0,-8.152257,-4.417302,2.2218192,0.07819075,0.029321533,-0.05131268
2927.0,-8.133103,-4.4316673,2.1906946,0.10140363,0.02565634,-0.058643065
2936.0,-8.178593,-4.3478703,2.123657,0.1160644,0.02321288,-0.059864793
2948.0,-8.178593,-4.355053,2.1164744,0.11728613,0.02565634,-0.058643065
2957.0,-8.190564,-4.4460325,2.0398598,0.111177474,0.02443461,-0.058643065
2969.0,-8.147469,-4.417302,1.9919758,0.1001819,0.028099801,-0.05131268
2977.0,-8.271967,-4.3239284,2.0925324,0.087964594,0.02321288,-0.040317107
2990.0,-8.207323,-4.283227,2.0350714,0.081855945,0.02687807,-0.037873644
2997.0,-8.24563,-4.3119574,2.1260512,0.08307768,0.029321533,-0.034208454
3007.0,-8.157045,-4.24492,2.0374656,0.089186326,0.03176499,-0.030543262
3018.0,-8.288726,-4.185065,2.006341,0.09773844,0.040317107,-0.03176499
