24.0,-3.4213142,-2.291251,8.178593,0.0061086523,-0.02076942,0.0
39.0,-3.4213142,-2.291251,8.178593,0.16615535,0.13072516,-0.087964594
43.0,-4.024653,-1.7381904,8.508993,-0.007330383,-0.25045475,-0.25289822
60.0,-4.177882,-2.908955,8.508993,0.002443461,-0.4129449,-0.37140608
60.0,-3.4452562,-3.70383,8.317456,0.32375857,0.38606682,-0.18936823
69.0,-2.7269957,-3.6487634,9.172187,0.6059783,0.39950588,-0.48502702
76.0,-2.777274,-3.095703,8.429984,0.7611381,0.34208453,-0.6976081
85.0,-3.8594532,-2.8514943,8.51857,0.68661255,0.35918877,-0.47525316
96.0,-4.1922474,-3.1531637,8.604761,0.6365216,0.16126843,-0.3115413
107.0,-3.7014358,-3.430891,8.166622,0.7134906,0.06352998,-0.4007276
118.0,-3.311181,-3.691859,7.8745294,0.90408057,0.17104226,-0.58276546
127.0,-3.4117374,-3.4524388,8.046912,1.0958922,0.21502456,-0.6719518
136.0,-3.4021606,-3.0382419,8.094796,1.1557571,0.14660765,-0.5925393
146.0,-3.454833,-2.693477,8.030152,1.0164797,0.10629055,-0.45570546
157.0,-3.560178,-2.6791117,8.032547,0.7611381,0.09162979,-0.41416663
166.0,-3.4644098,-2.834735,8.192958,0.5131268,0.0720821,-0.47647488
178.0,-3.550601,-3.1435869,8.219295,0.3885103,0.064751714,-0.54000485
187.0,-3.4524388,-3.3901896,8.264784,0.453262,0.056199603,-0.54733527
196.0,-3.359065,-3.6248214,8.3868885,0.6560693,0.05009095,-0.51923543
206.0,-3.359065,-3.655946,8.319851,0.91629785,0.057421334,-0.49602258
217.0,-3.5482068,-3.4883518,8.23366,1.1264355,0.073303826,-0.4886922
228.0,-3.8235402,-3.0933087,8.3150625,1.1948525,0.07574729,-0.48624873
237.0,-4.06296,-2.4468741,8.212111,1.1032226,0.061086524,-0.47158796
247.0,-4.259285,-1.8938135,8.303091,0.874759,0.037873644,-0.44593164
257.0,-4.24492,-1.4221559,8.317456,0.56077427,0.004886922,-0.42271876
267.0,-4.271256,-1.2234371,8.219295,0.23090707,-0.032986723,-0.41050145
278.0,-4.1371803,-1.1204864,8.082825,-0.08674286,-0.052534413,-0.41050145
286.0,-3.952827,-1.2856863,7.881712,-0.376293,-0.059864793,-0.42271876
298.0,-3.8762126,-1.6519991,7.735666,-0.6267477,-0.05497787,-0.44837508
307.0,-3.6822822,-1.7477672,7.759608,-0.8686504,-0.043982297,-0.4813618
318.0,-3.5075054,-1.5562311,7.690176,-1.1496484,-0.02565634,-0.5155703
327.0,-3.3973722,-1.13964,7.529764,-1.5234979,-0.015882496,-0.5534439
337.0,-3.181894,-0.50757074,7.0820484,-2.0867157,-0.02321288,-0.59742624
347.0,-2.9640217,0.14844051,6.7444663,-2.93704,-0.0012217305,-0.6805039
358.0,-2.6743233,0.37828386,6.2967505,-4.0280457,0.040317107,-0.81245077
367.0,-2.492364,-0.079008654,5.841852,-5.1642547,0.087964594,-0.9786061
377.0,-2.0590134,-1.5466543,5.1762643,-6.1550784,0.14538592,-1.1496484
387.0,-1.7190368,-4.1635165,4.5418005,-6.980968,0.22235495,-1.2754866
397.0,-1.5275006,-7.57286,3.7253778,-7.792197,0.35063666,-1.1606439
407.0,-2.0446482,-9.313444,3.3877954,-8.319984,0.4972443,-0.6206391
419.0,-2.7461493,-9.7324295,3.8618474,-8.319984,0.4972443,-0.6206391
427.0,-3.1842883,-10.012551,3.799598,-8.142834,0.5045747,-0.59620446
437.0,-3.7349546,-10.448297,3.7014358,-7.909483,0.5546656,-0.50823987
447.0,-4.1012673,-11.180922,4.0462008,-7.600385,0.5644395,-0.28710666
457.0,-4.321534,-11.640609,4.7668557,-6.5484753,0.5143485,0.087964594
467.0,-4.4723687,-12.124237,4.711789,-5.81055,0.52656585,0.2968805
479.0,-4.8243165,-12.665327,4.5202527,-5.0054297,0.49480084,0.5338962
487.0,-4.819528,-12.524069,3.6391866,-4.147775,0.49602258,0.6414085
497.0,-4.975151,-12.330139,2.9640217,-3.323107,0.52778757,0.7012733
507.0,-5.327099,-12.464214,2.2409728,-2.624277,0.49846604,0.82833326
518.0,-5.6910176,-12.605472,1.7741034,-2.0964894,0.39461896,0.9761627
527.0,-5.9041014,-12.021287,1.508347,-1.7739527,0.2883284,1.0910053
538.0,-6.045359,-12.198458,1.1707647,-1.6297885,0.17592919,1.17897
547.0,-6.517017,-12.706028,0.91458505,-1.5833627,0.021991149,1.2705997
558.0,-6.766014,-13.192051,0.830788,-1.5259414,-0.13194689,1.3891076
567.0,-6.9767036,-13.546393,0.7493851,-1.3658947,-0.2602286,1.5173893
578.0,-7.043741,-13.912706,0.33758244,-1.0897835,-0.3885103,1.6713274
587.0,-6.9288197,-13.917495,-0.050278235,-0.7770206,-0.53023106,1.858252
599.0,-6.7827735,-13.302185,-0.29209262,-0.47525316,-0.65240407,2.0292943
607.0,-6.8689647,-12.595895,-0.6823475,-0.22113322,-0.75502944,2.1917844
619.0,-7.1610575,-11.872847,-0.9600749,-0.02565634,-0.8881981,2.3506095
628.0,-7.1083846,-11.353305,-1.7812861,0.095294975,-1.0360274,2.5314255
638.0,-6.8402343,-10.754754,-1.8411411,0.14172074,-1.2425,2.6804767
648.0,-6.3446345,-9.825804,-1.9297266,0.24801129,-1.4514158,2.733011
659.0,-5.877765,-9.263166,-2.0254946,0.49113566,-1.6261233,2.7415633
667.0,-5.497087,-8.025364,-1.5346833,0.8588765,-1.7935003,2.7036896
678.0,-4.96318,-6.727707,-1.2162545,1.328021,-1.8887954,2.6169467
689.0,-4.441244,-5.825093,-0.5506664,1.7837266,-1.9193386,2.5326474
700.0,-4.1156325,-4.795586,0.06703765,2.147802,-1.9083431,2.438574
711.0,-3.9097314,-3.8642416,0.51235914,2.3689353,-1.8545868,2.3237314
723.0,-3.8977604,-3.2800562,0.7158663,2.4104743,-1.7654005,2.189341
731.0,-4.015076,-2.9472623,0.6823475,2.2992969,-1.6896533,2.0549507
741.0,-4.223372,-3.0071173,0.50996494,2.0952678,-1.613906,1.9291124
751.0,-4.5202527,-3.2034419,0.4165911,1.831374,-1.5442673,1.8057177
761.0,-4.6016555,-2.777274,0.6727707,1.5161675,-1.4807373,1.645671
771.0,-4.343082,-2.6001031,-0.830788,1.2571607,-1.3475688,1.4257594
782.0,-3.2441432,-4.261679,3.2609026,1.0262536,-1.097114,1.102001
790.0,-3.3686419,-2.9233203,3.7325604,1.1313224,-0.87964594,0.79290307
801.0,-4.0222588,0.30166942,5.554548,1.359786,-0.7538077,0.47525316
811.0,-3.964798,2.6240451,6.2871737,1.4966198,-0.5448918,0.16126843
822.0,-3.821146,0.9959879,5.3582234,1.4355333,-0.24678956,-0.04153884
831.0,-4.039018,-1.5179238,4.2042184,0.98715824,-0.032986723,-0.036651913
843.0,-5.109226,-3.2561142,3.323152,0.4373795,0.065973446,0.064751714
851.0,-6.411672,-3.8259344,3.0142999,0.06841691,0.07941248,-0.012217305
861.0,-7.0581064,-4.2544966,2.6479871,-0.09773844,0.10140363,-0.20891592
872.0,-7.40766,-4.6112323,2.480393,-0.1441642,0.12950343,-0.31764993
882.0,-7.5824366,-4.891354,2.542642,-0.1282817,0.1160644,-0.3213151
892.0,-7.524976,-4.72376,2.4827871,-0.13561209,0.12583824,-0.30176744
903.0,-7.6111674,-4.8722005,2.4540567,-0.19058995,0.15027285,-0.2687807
910.0,-7.565677,-5.0900726,2.5498247,-0.22724187,0.14294247,-0.23335053
922.0,-7.524976,-5.257667,2.6024973,-0.18081611,0.14782938,-0.20158553
932.0,-7.5441294,-5.5521536,2.7150247,-0.10629055,0.15760323,-0.15515977
942.0,-7.5441294,-5.590461,2.7581203,-0.07696902,0.16249016,-0.09285152
953.0,-7.4507556,-5.6096144,2.8634653,-0.13072516,0.15515977,-0.052534413
964.0,-7.326257,-5.6551046,2.9233203,-0.24556783,0.15515977,-0.032986723
971.0,-7.28795,-5.580884,3.0813377,-0.3567453,0.13805555,-0.02565634
982.0,-7.252037,-5.566519,3.110068,-0.4007276,0.14049901,-0.021991149
991.0,-7.192182,-5.647922,3.13401,-0.36896262,0.12950343,-0.014660766
1002.0,-7.1155677,-5.8634,3.2273839,-0.26389378,0.12095132,-0.02076942
1010.0,-6.969521,-5.8586116,3.2249897,-0.09040806,0.13194689,-0.029321533
1026.0,-6.8785415,-5.5641246,3.3255463,0.081855945,0.14905111,-0.035430185
1031.0,-7.0245876,-5.374983,3.1316159,0.18325958,0.1600467,-0.042760566
1044.0,-7.1610575,-5.267244,3.1651347,0.18448131,0.14049901,-0.04642576
1077.0,-7.2711906,-4.9799395,3.2728736,0.10629055,0.10751228,-0.06963864
1077.0,-7.261614,-4.8578353,3.53863,-0.014660766,0.09162979,-0.096516706
1077.0,-7.2065473,-5.2265425,3.4859576,-0.15027285,0.07696902,-0.1160644
1080.0,-7.189788,-5.556942,3.5434184,-0.2321288,0.062308256,-0.12950343
1089.0,-7.156269,-5.755661,3.5625722,-0.2284636,0.0720821,-0.14294247
1100.0,-7.249643,-5.8705826,3.4165258,-0.18692477,0.087964594,-0.13683382
1110.0,-7.3669586,-5.837064,3.3039982,-0.172264,0.08552113,-0.11484267
1121.0,-7.491457,-5.78918,3.122039,-0.19425514,0.07574729,-0.09773844
1131.0,-7.654263,-5.997475,2.992752,-0.20891592,0.05497787,-0.07452556
1142.0,-7.6135616,-6.054936,3.1124623,-0.1685988,0.02565634,-0.057421334
1151.0,-7.489063,-5.686229,3.2872388,-0.0842994,0.028099801,-0.047647487
1162.0,-7.347805,-5.60722,3.2944214,-0.014660766,0.030543262,-0.04153884
1172.0,-7.1107793,-5.45878,3.2585084,0.037873644,0.018325957,-0.04886922
1182.0,-7.1227503,-5.389348,3.311181,0.10140363,0.03176499,-0.06352998
1193.0,-7.192182,-5.3103395,3.3255463,0.17348573,0.04886922,-0.073303826
1203.0,-7.189788,-5.2049947,3.3399115,0.22235495,0.04886922,-0.08307768
1213.0,-7.237672,-5.023035,3.229778,0.13683382,0.04520403,-0.112399206
1224.0,-7.297527,-5.1379566,3.1292217,0.13683382,0.04520403,-0.112399206
1233.0,-7.2424603,-5.185841,3.0214825,0.04886922,0.029321533,-0.12217305
1242.0,-7.285556,-5.315128,3.0502129,-0.021991149,0.012217305,-0.13927728
1251.0,-7.1514807,-5.5617304,3.1364043,-0.029321533,0.02076942,-0.13683382
1264.0,-7.00304,-5.837064,3.25372,-0.018325957,0.019547688,-0.13439035
1272.0,-6.95755,-5.9519854,3.107674,0.012217305,0.034208454,-0.12461651
1282.0,-6.9958572,-6.1530986,3.0454245,0.05131268,0.04886922,-0.10262536
1293.0,-7.055712,-5.9902925,3.1483753,0.089186326,0.04886922,-0.09285152
1302.0,-7.0700774,-5.8921304,3.1387985,0.12095132,0.061086524,-0.08674286
1312.0,-7.038953,-6.042965,3.107674,0.14782938,0.065973446,-0.07941248
1325.0,-7.0485296,-6.0238113,3.1771057,0.18692477,0.06963864,-0.06841691
1332.0,-6.9719152,-6.0262055,3.2393548,0.23945917,0.07819075,-0.05497787
1342.0,-6.813898,-6.066907,3.2202013,0.29932398,0.080634214,-0.04153884
1352.0,-6.751649,-6.0860605,3.265691,0.37018433,0.09773844,-0.03176499
1363.0,-6.7564373,-5.853823,3.406949,0.46181414,0.12461651,-0.028099801
1372.0,-6.6606693,-5.6982,3.4021606,0.54611355,0.16737708,-0.028099801
1383.0,-6.7947445,-5.647922,3.277662,0.5925393,0.19547687,-0.02321288
1392.0,-6.88333,-5.4683566,3.2345665,0.6072,0.20769419,-0.021991149
1402.0,-6.859388,-5.209783,3.241749,0.6133087,0.18692477,-0.012217305
1413.0,-6.9264255,-5.1547165,3.2106245,0.6035349,0.21868975,-0.040317107
1424.0,-6.9886746,-5.1020436,3.181894,0.5852089,0.25167647,-0.08674286
1433.0,-7.0605006,-5.0661306,3.107674,0.5338962,0.24312437,-0.096516706
1446.0,-7.0581064,-5.0517654,3.0071173,0.46792278,0.24312437,-0.09285152
1453.0,-7.1251445,-5.195418,2.96881,0.41416663,0.25045475,-0.10751228
1463.0,-7.165846,-5.2504845,2.8921957,0.37873647,0.2565634,-0.11728613
1472.0,-7.2209125,-5.3127337,2.9017725,0.35796702,0.2443461,-0.10995574
1483.0,-7.297527,-5.2361193,3.0454245,0.3359759,0.23090707,-0.09773844
1492.0,-7.275979,-5.2480903,3.064578,0.30298916,0.21868975,-0.095294975
1504.0,-7.2448545,-5.3582234,3.0669725,0.267559,0.20769419,-0.09285152
1512.0,-7.1227503,-5.4779334,3.1771057,0.23335053,0.2003638,-0.07574729
1523.0,-7.1730285,-5.2744265,3.2992098,0.21624629,0.17959438,-0.058643065
1533.0,-7.1969705,-5.2504845,3.3518825,0.20647246,0.17959438,-0.05497787
1543.0,-7.326257,-5.351041,3.3782187,0.2003638,0.17837265,-0.059864793
1553.0,-7.3430166,-5.4444146,3.4380736,0.21502456,0.17104226,-0.057421334
1565.0,-7.345411,-5.317522,3.4332852,0.23823744,0.16493362,-0.058643065
1574.0,-7.2951326,-5.2289367,3.5075054,0.25045475,0.15760323,-0.06841691
1582.0,-7.395689,-5.1930237,3.5075054,0.24923302,0.15393804,-0.07696902
1592.0,-7.3071036,-5.161899,3.514688,0.25289822,0.15027285,-0.081855945
1602.0,-7.2304893,-5.00867,3.5170822,0.2602286,0.1441642,-0.08674286
1613.0,-7.2113357,-5.00867,3.5314474,0.23701571,0.14049901,-0.08552113
1625.0,-7.2304893,-4.984728,3.442862,0.17715092,0.119729586,-0.0842994
1634.0,-7.3047094,-4.984728,3.490746,0.11728613,0.09896017,-0.09040806
1644.0,-7.2687964,-5.0613422,3.4356794,0.09407325,0.089186326,-0.10140363
1654.0,-7.1371155,-5.233725,3.4045548,0.10751228,0.08552113,-0.096516706
1663.0,-7.36217,-5.1571107,3.478775,0.12950343,0.06352998,-0.08674286
1674.0,-7.3190746,-5.0876784,3.4691982,0.13805555,0.047647487,-0.09040806
1682.0,-7.433996,-5.1355624,3.4452562,0.12461651,0.035430185,-0.09407325
1690.0,-7.3885064,-5.1116204,3.4500446,0.10751228,0.010995574,-0.08552113
1701.0,-7.3071036,-5.2121773,3.2920272,0.09285152,-0.0061086523,-0.07452556
1710.0,-7.2592196,-5.315128,3.359065,0.081855945,-0.0061086523,-0.06352998
1722.0,-7.3047094,-5.140351,3.3614593,0.07941248,-0.008552114,-0.052534413
1730.0,-7.323863,-5.1666875,3.301604,0.07452556,-0.014660766,-0.039095376
1741.0,-7.2951326,-5.1235914,3.3806129,0.057421334,-0.019547688,-0.028099801
1750.0,-7.228095,-5.104438,3.2920272,0.035430185,-0.02443461,-0.018325957
1761.0,-7.2209125,-5.140351,3.2704794,0.017104227,-0.02076942,-0.009773844
1772.0,-7.204153,-5.0757074,3.3063924,0.004886922,-0.030543262,-0.0012217305
1781.0,-7.1634517,-4.9296613,3.4045548,-0.002443461,-0.036651913,0.008552114
1792.0,-7.1466923,-4.975151,3.4620156,-0.0012217305,-0.04642576,0.008552114
1803.0,-7.237672,-4.987122,3.4739866,0.013439035,-0.04153884,0.009773844
1812.0,-7.285556,-5.0517654,3.4093432,0.034208454,-0.037873644,0.015882496
1823.0,-7.156269,-4.9416323,3.442862,0.034208454,-0.037873644,0.021991149
1832.0,-7.103596,-4.8698063,3.430891,-0.002443461,-0.037873644,0.02443461
1843.0,-7.091625,-4.9320555,3.2824504,-0.062308256,-0.039095376,0.02565634
1853.0,-7.1371155,-5.1642933,3.2680852,-0.1160644,-0.036651913,0.037873644
1863.0,-7.1466923,-5.1235914,3.3255463,-0.13683382,-0.04886922,0.05009095
1873.0,-7.117962,-5.142745,3.2465374,-0.12705997,-0.05009095,0.056199603
1882.0,-7.1395097,-5.2361193,3.3638535,-0.10262536,-0.040317107,0.062308256
1893.0,-7.103596,-5.097255,3.3686419,-0.06841691,-0.034208454,0.06963864
1903.0,-7.1347213,-4.9895163,3.2632968,-0.05375614,-0.017104227,0.07696902
1914.0,-7.1610575,-4.900931,3.2489316,-0.07819075,-0.021991149,0.07574729
1926.0,-7.1826053,-4.9200845,3.1651347,-0.13927728,-0.009773844,0.07696902
1934.0,-7.165846,-4.8817773,3.145981,-0.204029,-0.029321533,0.07941248
1944.0,-7.2209125,-4.9057193,3.1411927,-0.25289822,-0.035430185,0.07452556
1954.0,-7.144298,-4.9775453,3.1435869,-0.267559,-0.05009095,0.06719518
1963.0,-7.1347213,-4.987122,3.2249897,-0.26633725,-0.05009095,0.059864793
1974.0,-7.089231,-4.996699,3.2609026,-0.2602286,-0.047647487,0.04886922
1986.0,-7.0700774,-5.2002063,3.265691,-0.24801129,-0.05375614,0.035430185
1993.0,-7.0221934,-5.403713,3.241749,-0.2321288,-0.05497787,0.029321533
2003.0,-7.050924,-5.523423,3.301604,-0.22113322,-0.062308256,0.036651913
2013.0,-7.0605006,-5.5760956,3.3782187,-0.22968534,-0.07086037,0.05009095
2026.0,-7.067683,-5.719748,3.4452562,-0.22968534,-0.07086037,0.05009095
2034.0,-7.129933,-5.827487,3.5649664,-0.204029,-0.065973446,0.08307768
2067.0,-7.1706343,-5.674258,3.6774938,-0.17959438,-0.047647487,0.089186326
2067.0,-7.1395097,-5.614403,3.5817258,-0.1600467,-0.028099801,0.087964594
2067.0,-7.0724716,-5.647922,3.560178,-0.14172074,-0.019547688,0.09040806
2071.0,-7.07726,-5.616797,3.5673606,-0.118507855,-0.014660766,0.087964594
2081.0,-7.0940194,-5.434838,3.6296098,-0.09285152,-0.010995574,0.07574729
2091.0,-7.0461354,-5.485116,3.526659,-0.073303826,-0.0012217305,0.06719518
2103.0,-7.050924,-5.4563856,3.4644098,-0.061086524,-0.0036651916,0.064751714
2111.0,-7.120356,-5.379771,3.4644098,-0.056199603,-0.014660766,0.057421334
2123.0,-7.117962,-5.33907,3.4596214,-0.058643065,-0.018325957,0.04886922
2132.0,-7.192182,-5.4324436,3.3662477,-0.064751714,-0.028099801,0.042760566
2142.0,-7.0820484,-5.437232,3.2848446,-0.058643065,-0.040317107,0.042760566
2153.0,-7.043741,-5.473145,3.2393548,-0.04886922,-0.039095376,0.04886922
2164.0,-7.1395097,-5.363012,3.2202013,-0.04520403,-0.036651913,0.047647487
2173.0,-7.144298,-5.389348,3.2944214,-0.04520403,-0.029321533,0.04153884
2184.0,-7.2544312,-5.3223104,3.3375173,-0.04642576,-0.02443461,0.04153884
2194.0,-7.237672,-5.2720323,3.3662477,-0.04642576,-0.02443461,0.034208454
2204.0,-7.165846,-5.231331,3.2848446,-0.05131268,-0.017104227,0.02321288
2215.0,-6.9958572,-5.317522,3.1723173,-0.065973446,-0.015882496,0.015882496
2228.0,-7.026982,-5.29358,3.193865,-0.08552113,-0.019547688,0.010995574
2233.0,-7.041347,-5.3486466,3.2130187,-0.09162979,-0.030543262,0.0036651916
2244.0,-7.03177,-5.4659624,3.2680852,-0.07696902,-0.03176499,-0.0012217305
2253.0,-7.117962,-5.4563856,3.2968156,-0.04642576,-0.032986723,0.0
2263.0,-7.086837,-5.3318872,3.347094,-0.014660766,-0.032986723,0.007330383
2274.0,-7.1275387,-5.377377,3.359065,-0.010995574,-0.012217305,0.007330383
2285.0,-7.1131735,-5.377377,3.3734303,-0.029321533,-0.007330383,0.004886922
2292.0,-7.129933,-5.398925,3.3446999,-0.04520403,-0.0061086523,0.004886922
2304.0,-7.1490865,-5.391742,3.3925838,-0.04520403,0.009773844,0.0
2314.0,-7.0724716,-5.351041,3.430891,-0.03176499,0.02321288,-0.009773844
2326.0,-7.1466923,-5.365406,3.3734303,-0.02076942,0.036651913,-0.014660766
2336.0,-7.1490865,-5.4204726,3.2489316,-0.019547688,0.04153884,-0.014660766
2346.0,-7.1993647,-5.4659624,3.2273839,-0.02321288,0.039095376,-0.017104227
2355.0,-7.101202,-5.3701944,3.1842883,-0.030543262,0.047647487,-0.015882496
2365.0,-7.1155677,-5.374983,3.2106245,-0.032986723,0.043982297,-0.012217305
2373.0,-7.0700774,-5.3223104,3.1627405,-0.036651913,0.032986723,-0.010995574
2383.0,-7.1131735,-5.410896,3.193865,-0.04153884,0.030543262,-0.010995574
2395.0,-7.144298,-5.3582234,3.2872388,-0.043982297,0.034208454,-0.0061086523
2406.0,-7.089231,-5.351041,3.301604,-0.034208454,0.034208454,-0.002443461
2416.0,-7.192182,-5.305551,3.2513258,-0.02076942,0.035430185,-0.0036651916
2426.0,-7.240066,-5.365406,3.265691,-0.013439035,0.042760566,-0.004886922
2434.0,-7.249643,-5.4061074,3.2752678,-0.013439035,0.040317107,-0.0061086523
2444.0,-7.264008,-5.305551,3.2704794,-0.017104227,0.039095376,-0.007330383
2455.0,-7.2328835,-5.377377,3.1723173,-0.02321288,0.034208454,-0.010995574
2466.0,-7.1706343,-5.3845596,3.1986535,-0.030543262,0.030543262,-0.009773844
2474.0,-7.1586633,-5.379771,3.2154129,-0.032986723,0.028099801,-0.008552114
2484.0,-7.141904,-5.391742,3.265691,-0.02565634,0.02565634,-0.010995574
2494.0,-7.1347213,-5.4899044,3.289633,-0.019547688,0.03176499,-0.008552114
2505.0,-7.0844426,-5.329493,3.3399115,-0.018325957,0.035430185,-0.0036651916
2515.0,-7.1490865,-5.3318872,3.2632968,-0.02321288,0.043982297,-0.0012217305
2528.0,-7.2113357,-5.391742,3.2704794,-0.019547688,0.04642576,-0.002443461
2533.0,-7.201759,-5.2983685,3.2225955,-0.0061086523,0.05131268,-0.002443461
2545.0,-7.249643,-5.2959743,3.2393548,0.004886922,0.05375614,-0.002443461
2554.0,-7.225701,-5.3247046,3.2106245,0.004886922,0.04642576,-0.004886922
2565.0,-7.2448545,-5.207389,3.2752678,0.0036651916,0.05009095,-0.010995574
2574.0,-7.228095,-5.185841,3.1794999,-0.0061086523,0.056199603,-0.014660766
2585.0,-7.180211,-5.291186,3.1052797,-0.019547688,0.05131268,-0.014660766
2590.0,-7.1754227,-5.3558292,3.0909145,-0.034208454,0.05009095,-0.012217305
2601.0,-7.192182,-5.3366756,3.0454245,-0.04642576,0.05131268,-0.010995574
2611.0,-7.240066,-5.2863975,3.1124623,-0.05009095,0.04886922,-0.008552114
2621.0,-7.177817,-5.3486466,3.1914709,-0.04520403,0.037873644,-0.007330383
2630.0,-7.120356,-5.4659624,3.2513258,-0.036651913,0.037873644,-0.0061086523
2642.0,-7.103596,-5.439626,3.2752678,-0.010995574,0.03176499,-0.007330383
2650.0,-7.1251445,-5.4204726,3.2082303,0.019547688,0.04153884,-0.004886922
2661.0,-7.0964136,-5.403713,3.205836,0.036651913,0.05375614,-0.004886922
2670.0,-7.189788,-5.2983685,3.1747115,0.036651913,0.05375614,-0.0061086523
2681.0,-7.1634517,-5.2744265,3.1052797,0.012217305,0.064751714,-0.009773844
2690.0,-7.2711906,-5.425261,3.0262709,-0.02321288,0.061086524,-0.012217305
2702.0,-7.323863,-5.3701944,3.0190883,-0.056199603,0.04642576,-0.009773844
2715.0,-7.2807674,-5.437232,3.0813377,-0.07696902,0.02687807,-0.010995574
2726.0,-7.290344,-5.470751,3.1292217,-0.07819075,0.017104227,-0.013439035
2734.0,-7.2687964,-5.401319,3.205836,-0.05497787,0.015882496,-0.013439035
2745.0,-7.1706343,-5.3725886,3.1507695,-0.019547688,0.028099801,-0.012217305
2754.0,-7.21373,-5.401319,3.2585084,0.0036651916,0.030543262,-0.010995574
2766.0,-7.2711906,-5.2863975,3.110068,0.013439035,0.019547688,-0.007330383
2774.0,-7.273585,-5.2744265,3.071761,0.013439035,0.014660766,-0.0061086523
2784.0,-7.2424603,-5.317522,3.0071173,0.0061086523,0.019547688,-0.008552114
2794.0,-7.350199,-5.317522,3.0909145,-0.021991149,0.02076942,-0.012217305
2805.0,-7.240066,-5.463568,3.0502129,-0.05497787,0.014660766,-0.012217305
2816.0,-7.2328835,-5.470751,3.086126,-0.052534413,0.02076942,-0.008552114
2828.0,-7.1347213,-5.473145,3.1483753,-0.052534413,0.02076942,-0.008552114
2833.0,-7.165846,-5.403713,3.0382419,-0.021991149,0.03176499,-0.015882496
2848.0,-7.1754227,-5.4539914,3.0789435,-0.0012217305,0.03176499,-0.02443461
2856.0,-7.1227503,-5.506664,3.0573955,0.012217305,0.035430185,-0.02565634
2866.0,-7.1227503,-5.422867,3.0454245,0.0061086523,0.04153884,-0.030543262
2876.0,-7.2328835,-5.391742,3.0621839,-0.012217305,0.030543262,-0.030543262
2887.0,-7.1730285,-5.518635,2.9616275,-0.043982297,0.021991149,-0.029321533
2896.0,-7.1969705,-5.475539,2.9879637,-0.06719518,0.015882496,-0.028099801
2906.0,-7.240066,-5.451597,2.9472623,-0.06841691,0.008552114,-0.029321533
2916.0,-7.165846,-5.473145,2.9975405,-0.04886922,-0.0012217305,-0.030543262
2926.0,-7.120356,-5.521029,3.0765493,-0.017104227,-0.0061086523,-0.03176499
2936.0,-7.0940194,-5.497087,3.016694,0.012217305,0.010995574,-0.034208454
2947.0,-7.132327,-5.5282116,2.9975405,0.02565634,0.021991149,-0.037873644
2955.0,-7.141904,-5.485116,2.944868,0.010995574,0.019547688,-0.040317107
2964.0,-7.16824,-5.4683566,2.9161377,-0.028099801,0.021991149,-0.040317107
2974.0,-7.156269,-5.4180784,2.9496565,-0.058643065,0.015882496,-0.042760566
2985.0,-7.1251445,-5.4803276,2.942474,-0.06841691,0.014660766,-0.043982297
2996.0,-7.117962,-5.461174,2.9376855,-0.057421334,0.017104227,-0.043982297
3006.0,-7.180211,-5.4300494,2.9951463,-0.042760566,0.017104227,-0.04520403
