26.0,1.70946,0.842759,9.7563715,0.036651913,-0.021991149,0.018325957
69.0,1.7046716,1.1061212,9.622296,0.17592919,0.15149458,-0.05375614
69.0,1.9632454,1.0965444,9.811439,-0.004886922,-0.27000242,-0.27366763
69.0,1.7262194,1.4173675,9.531317,-0.16126843,-0.4728097,-0.3567453
69.0,1.9393034,0.8643068,9.449914,-0.11362094,0.25289822,-0.018325957
69.0,2.5881321,0.37588966,9.25359,-0.10751228,0.27855456,-0.012217305
112.0,2.408567,0.28491,9.416395,-0.009773844,0.2003638,-0.052534413
112.0,1.8962077,0.37349546,9.701305,0.07452556,0.059864793,-0.087964594
112.0,1.8124107,0.37588966,9.775525,0.105068825,0.032986723,-0.1282817
112.0,2.7006595,0.581791,9.421184,0.1160644,0.112399206,-0.2602286
133.0,2.2481554,1.2306197,9.861717,0.061086524,0.17592919,-0.24801129
133.0,2.099715,1.4149733,10.01734,-0.05497787,0.1563815,-0.20891592
136.0,2.1164744,1.1061212,10.160992,-0.1441642,0.15515977,-0.23945917
145.0,2.099715,0.7302315,10.335769,-0.15515977,0.1881465,-0.26145032
156.0,2.0015526,0.58897364,10.520123,-0.12095132,0.23090707,-0.26633725
165.0,2.018312,0.47165772,10.675745,-0.04642576,0.31887165,-0.2919936
177.0,1.8794483,0.4429273,10.730812,-0.04642576,0.31887165,-0.2919936
187.0,1.7046716,0.38067806,10.515334,-0.0036651916,0.42760566,-0.31520647
195.0,1.4891934,0.37828386,10.508151,-0.0012217305,0.4728097,-0.3359759
206.0,1.3575124,0.46926352,10.565612,-0.0061086523,0.51923543,-0.3494149
215.0,1.2449849,0.50038815,10.6158905,-0.018325957,0.5681047,-0.34208453
226.0,1.0462662,0.49799395,10.5680065,-0.028099801,0.6047566,-0.32498032
236.0,0.91219085,0.46447513,10.579977,-0.034208454,0.63285637,-0.30909783
245.0,0.78529817,0.48602295,10.472239,-0.040317107,0.6536258,-0.2932153
256.0,0.7038953,0.47884035,10.398018,-0.05131268,0.66339964,-0.27855456
265.0,0.59615624,0.47405192,10.271125,-0.065973446,0.66950834,-0.2602286
276.0,0.6751649,0.50757074,10.206482,-0.06719518,0.66950834,-0.24923302
287.0,0.5602432,0.5554548,10.184934,-0.05497787,0.67073005,-0.24801129
296.0,0.7134721,0.7086837,10.259154,-0.043982297,0.66950834,-0.24801129
306.0,0.7733272,0.8499416,10.412383,-0.034208454,0.6768387,-0.24923302
318.0,0.8523358,1.448492,10.790668,-0.008552114,0.6951646,-0.27122417
326.0,1.0247183,2.2649148,11.382035,0.0,0.72082096,-0.31887165
336.0,1.0749966,3.13401,12.129025,-0.035430185,0.7611381,-0.37751472
346.0,1.1803415,3.8067808,13.057976,-0.095294975,0.79290307,-0.44104472
357.0,1.2976574,3.8546648,13.769054,-0.19058995,0.84665924,-0.5045747
366.0,1.4077905,3.383007,14.65012,-0.2125811,0.9456194,-0.5681047
378.0,1.42455,2.7102363,15.507244,-0.14172074,1.0836749,-0.63285637
387.0,1.5394717,2.1859062,15.83525,-0.028099801,1.2840388,-0.70371675
396.0,1.5035586,1.8363527,15.866375,0.10262536,1.5503759,-0.7672467
406.0,1.2904748,1.4221559,15.895105,0.23579398,1.8472565,-0.8368854
417.0,1.1468226,1.3215994,15.653291,0.3494149,2.1539109,-0.93218035
426.0,0.830788,1.2258313,15.102624,0.44593164,2.4569001,-1.0115929
436.0,0.4381389,1.0893618,14.389153,0.5155703,2.734233,-1.0482447
446.0,0.23223756,0.7182605,13.651738,0.55955255,2.992018,-1.0629056
457.0,-0.06464344,0.23463176,12.9167185,0.59986967,3.2253685,-1.0726794
467.0,-0.38067806,-0.30885202,12.272678,0.64996064,3.4330628,-1.0812315
479.0,-0.7637503,-0.8523358,11.525687,0.6927212,3.5918877,-1.0775663
487.0,-1.0055647,-1.364695,10.915166,0.72204274,3.7067304,-1.0592403
496.0,-1.3958195,-1.5610195,10.070012,0.72082096,3.789808,-0.9810496
506.0,-1.7166426,-1.5107412,9.138668,0.689056,3.8472292,-0.8588765
516.0,-2.066196,-1.6256629,8.228871,0.6401868,3.853338,-0.752586
526.0,-2.3511062,-1.6328455,7.3909006,0.5681047,3.8227947,-0.6536258
538.0,-2.5474305,-1.5921441,6.603208,0.5045747,3.7775908,-0.54000485
546.0,-2.7246015,-1.7118542,5.8681884,0.4288274,3.7372735,-0.42638394
557.0,-2.9831753,-1.6687586,5.2600613,0.33353242,3.6407568,-0.28221974
567.0,-3.3782187,-1.5825673,4.6232033,0.25900686,3.5075881,-0.119729586
578.0,-3.5865142,-1.6759412,4.084508,0.18203785,3.3402112,0.0
587.0,-4.003105,-1.5921441,3.466804,0.09040806,3.164282,0.105068825
598.0,-4.1252093,-1.4413095,3.0502129,0.010995574,2.9565878,0.21624629
607.0,-4.3239284,-1.3599066,2.585738,-0.05009095,2.7281241,0.31642818
617.0,-4.465186,-1.2737153,2.2529438,-0.10140363,2.4947736,0.41050145
627.0,-4.572925,-1.1444284,1.9752164,-0.15027285,2.2565362,0.5143485
637.0,-4.7740383,-1.0366893,1.721431,-0.204029,2.008525,0.61453044
647.0,-4.9320555,-0.90979666,1.5179238,-0.2773328,1.7470746,0.6976081
660.0,-4.999093,-0.94570965,1.5275006,-0.3494149,1.4636332,0.75502944
670.0,-5.0158525,-0.9504981,1.3958195,-0.3933972,1.1911873,0.78801614
679.0,-4.9583917,-0.6703765,1.2210429,-0.4373795,0.93951076,0.8185594
689.0,-4.975151,-0.39025488,1.0965444,-0.51068336,0.6951646,0.8564331
700.0,-5.118803,-0.15562311,1.0366893,-0.61086524,0.4447099,0.8881981
709.0,-5.097255,0.050278235,1.0319009,-0.71593404,0.18325958,0.90041536
722.0,-5.092467,0.3184288,0.9768343,-0.829555,-0.07696902,0.91751957
730.0,-5.1475334,0.4141969,1.3215994,-0.9285152,-0.35063666,0.9334021
739.0,-4.999093,0.4309563,1.5993267,-0.99082345,-0.63041294,0.9224065
748.0,-4.853047,0.48602295,1.970428,-1.0421361,-0.893085,0.9016371
759.0,-4.654328,0.6344634,2.3511062,-1.1093313,-1.1484267,0.8979719
770.0,-4.5753193,0.7230489,2.6527755,-1.205848,-1.4001031,0.9089675
782.0,-4.6040497,0.6943185,2.9257145,-1.3267993,-1.6371188,0.9236283
789.0,-4.7022123,0.4333505,3.3542767,-1.4245378,-1.8668042,0.91996306
799.0,-4.735731,0.18195933,3.8019924,-1.4172074,-2.1013765,0.8723156
809.0,-4.687847,-0.12210429,4.405331,-1.3011429,-2.3212879,0.79412484
821.0,-4.5537715,-0.18914193,5.109226,-1.1068878,-2.5130997,0.71837753
830.0,-4.465186,-0.016759412,5.6982,-0.8784242,-2.6621506,0.6560693
841.0,-4.3382936,0.35673606,6.3111157,-0.6963864,-2.7586675,0.6047566
851.0,-4.2999864,0.50038815,6.823475,-0.6072,-2.8674014,0.5766568
860.0,-4.048595,0.7757214,7.038953,-0.6206391,-2.9626966,0.56199604
868.0,-3.8139634,1.0055647,7.103596,-0.7134906,-3.0176742,0.5558874
881.0,-3.5362358,1.4939818,7.4986396,-0.8026769,-3.0592132,0.535118
889.0,-3.2441432,2.0398598,7.795521,-0.8906415,-3.0653217,0.4886922
900.0,-2.9161377,2.066196,8.437167,-1.033584,-3.0836477,0.46670106
909.0,-2.3104045,1.70946,8.710106,-1.2168436,-3.0787609,0.47891834
920.0,-1.6831238,1.3910311,9.244013,-1.4257594,-3.018896,0.49357912
931.0,-1.3215994,0.89064306,9.143456,-1.5760323,-2.951701,0.48624873
940.0,-0.9888053,-0.12689269,9.694122,-1.6175711,-2.856406,0.47403142
949.0,-0.7541735,-1.0510546,10.395624,-1.5430456,-2.733011,0.41783184
962.0,-0.61052144,-0.79248077,10.716447,-1.4306464,-2.5619688,0.3200934
971.0,-0.7254431,-0.6991069,11.3964,-1.1826351,-2.4141395,0.19914207
981.0,-0.56982,-1.2808979,11.789049,-1.1826351,-2.4141395,0.19914207
989.0,-0.16519992,-1.3838485,11.664551,-1.0922271,-2.3115141,0.12950343
1000.0,0.16280572,-1.091756,11.370064,-0.9932669,-2.1001546,0.05497787
1009.0,0.37588966,-1.1899183,10.5704,-1.0103711,-1.9975294,0.034208454
1021.0,0.4357447,-0.9959879,9.940725,-1.0433578,-1.881465,0.014660766
1031.0,0.37588966,-0.93852705,9.524135,-1.105666,-1.7996091,-0.009773844
1085.0,0.2896984,-1.0510546,8.944737,-1.174083,-1.7690657,-0.021991149
1085.0,-0.10534488,-0.7206547,8.573636,-1.1301007,-1.7397442,0.12217305
1085.0,1.6831238,-7.7093296,11.334151,0.15149458,-1.2938126,0.16249016
1085.0,1.8267759,-10.405201,12.334928,2.5827382,-0.6267477,-0.70371675
1085.0,2.0590134,-0.7062895,13.927072,2.8576276,0.22968534,-0.82833326
1089.0,0.4357447,11.789049,18.215086,1.033584,0.7318166,-0.6658431
1097.0,-1.2210429,14.516045,17.559074,-1.1398746,0.14172074,-0.92485
1107.0,-1.4317327,6.3542113,14.671668,-2.4165828,-0.15882497,-0.6206391
1119.0,-1.091756,-0.4165911,13.18008,-2.130698,-0.3200934,0.012217305
1128.0,-0.80684596,-4.3957543,11.793838,-1.2009611,-0.4801401,0.1685988
1139.0,-1.0031705,-5.803545,10.611102,-0.5180137,-0.47891834,0.07574729
1148.0,-1.079785,-4.489128,10.702082,-0.17959438,-0.47158796,-0.07696902
1159.0,-0.6440403,-2.2697031,11.149797,-0.16371189,-0.516792,-0.2968805
1169.0,0.038307227,-0.94570965,11.496957,-0.36163223,-0.5363397,-0.3481932
1180.0,0.5386954,-0.8690952,11.602302,-0.43982297,-0.5155703,-0.20158553
1189.0,0.78050977,-1.4269443,11.417948,-0.26389378,-0.43493605,-0.05497787
1201.0,0.6919243,-1.3694834,11.334151,0.0036651916,-0.3371976,0.014660766
1208.0,0.60094464,-0.92176765,11.204864,0.19425514,-0.27488935,0.04886922
1219.0,0.50757074,-0.6919243,11.032481,0.2602286,-0.23701571,0.06719518
1228.0,0.4189853,-0.6512229,10.941502,0.24190263,-0.18081611,0.062308256
1240.0,0.39504328,-0.7733272,10.951078,0.17959438,-0.1282817,0.05131268
1250.0,0.4213795,-0.8738836,10.929531,0.12339478,-0.08307768,0.056199603
1260.0,0.39504328,-0.9816227,10.81461,0.10873401,-0.030543262,0.0720821
1269.0,0.4429273,-1.1827357,10.759542,0.13561209,0.013439035,0.103847094
1281.0,0.2681506,-1.3120226,10.651803,0.1881465,0.05131268,0.13805555
1290.0,0.21308395,-1.2378023,10.4171715,0.23579398,0.07452556,0.15271631
1300.0,0.15801731,-1.0223241,10.275913,0.25167647,0.09162979,0.14538592
1309.0,0.076614454,-0.8403648,10.149021,0.2321288,0.09407325,0.15760323
1320.0,0.016759412,-1.0486604,9.890448,0.21502456,0.081855945,0.19425514
1329.0,0.02633622,-1.3718776,9.746795,0.21502456,0.061086524,0.22479841
1340.0,0.05267244,-1.6400281,9.672575,0.27366763,0.062308256,0.22235495
1351.0,0.19393034,-1.5298948,9.698911,0.35308012,0.07452556,0.19181168
1360.0,0.21308395,-1.1420342,9.581595,0.3811799,0.089186326,0.19303341
1372.0,0.20111294,-0.81402856,9.610326,0.34330627,0.087964594,0.21624629
1384.0,0.11971009,-1.0702082,9.653421,0.30665436,0.06352998,0.23457226
1389.0,0.18195933,-1.3503298,9.533711,0.36041048,0.036651913,0.21013765
1401.0,0.05746084,-1.2186487,9.409213,0.4202753,0.029321533,0.16982053
1410.0,0.15801731,-0.7086837,9.531317,0.40561453,0.014660766,0.15393804
1420.0,0.22505496,-0.61770403,9.457097,0.3555236,-0.007330383,0.16493362
1431.0,0.2801216,-0.6488287,9.284714,0.312763,-0.0012217305,0.16371189
1442.0,0.3184288,-0.6488287,9.251195,0.23945917,0.013439035,0.16615535
1451.0,0.41180268,-0.6584055,9.277532,0.20647246,0.018325957,0.1600467
1462.0,0.4357447,-0.7254431,9.258378,0.18936823,0.02687807,0.13561209
1470.0,0.46447513,-0.7541735,9.258378,0.17348573,0.035430185,0.112399206
1483.0,0.46447513,-0.5626374,9.308656,0.1600467,0.04520403,0.087964594
1490.0,0.46926352,-0.49799395,9.19134,0.15149458,0.05009095,0.065973446
1502.0,0.46926352,-0.557849,9.28232,0.15393804,0.05497787,0.06352998
1510.0,0.46686932,-0.6703765,9.277532,0.18325958,0.056199603,0.04642576
1520.0,0.3878607,-0.34237084,9.315839,0.21991149,0.064751714,0.015882496
1532.0,0.41180268,-0.19153613,9.3733,0.18692477,0.057421334,0.010995574
1542.0,0.37828386,-0.1436521,9.380483,0.1282817,0.059864793,0.004886922
1550.0,0.33039984,-0.047884032,9.514558,0.056199603,0.06963864,-0.0036651916
1563.0,0.2801216,0.10534488,9.528923,-0.03176499,0.061086524,0.0012217305
1570.0,0.12689269,0.11492168,9.509769,-0.12705997,0.042760566,0.02076942
1584.0,0.17956513,-0.04309563,9.562442,-0.20525073,0.015882496,0.029321533
1589.0,0.12210429,-0.1364695,9.622296,-0.267559,0.0,0.02565634
1603.0,0.17477672,-0.24899697,9.722853,-0.30543262,-0.007330383,0.019547688
1610.0,0.15322891,-0.47644615,9.730036,-0.3200934,-0.013439035,0.02443461
1622.0,0.1316811,-0.63206923,9.866506,-0.30665436,-0.02076942,0.029321533
1630.0,0.17717093,-0.8858546,9.859323,-0.25900686,-0.018325957,0.02321288
1641.0,0.1316811,-0.9911995,9.832987,-0.17348573,0.0061086523,0.028099801
1651.0,0.079008654,-0.9935937,9.744401,-0.089186326,0.02321288,0.028099801
1662.0,0.038307227,-0.90740246,9.801862,-0.036651913,0.037873644,0.02076942
1670.0,0.02873042,-0.80924016,9.91439,-0.0036651916,0.05131268,0.02076942
1683.0,0.055066638,-0.7493851,9.900024,0.013439035,0.059864793,0.02076942
1689.0,0.11731588,-0.6560113,9.89763,0.029321533,0.064751714,0.019547688
1703.0,0.06464344,-0.5793968,9.832987,0.043982297,0.07574729,0.018325957
1711.0,-0.107739076,-0.49799395,9.835381,0.042760566,0.08307768,0.017104227
1720.0,-0.007182605,-0.3878607,9.876082,0.032986723,0.07696902,0.017104227
1730.0,-0.08140286,-0.4213795,9.885659,0.029321533,0.06352998,0.019547688
1741.0,-0.04070143,-0.49799395,9.849746,0.035430185,0.05375614,0.015882496
1751.0,0.035913024,-0.45729253,9.782708,0.042760566,0.052534413,0.004886922
1761.0,0.02873042,-0.4333505,9.775525,0.040317107,0.052534413,0.0
1772.0,0.079008654,-0.4237737,9.770737,0.032986723,0.036651913,0.010995574
1782.0,0.05746084,-0.45968673,9.746795,0.032986723,0.036651913,0.010995574
1791.0,0.0047884034,-0.44771573,9.722853,0.035430185,0.034208454,0.009773844
1803.0,0.009576807,-0.40462008,9.7084875,0.032986723,0.015882496,0.008552114
1812.0,0.090979666,-0.61291564,9.722853,0.02565634,-0.0012217305,0.010995574
1820.0,0.079008654,-0.5506664,9.703699,0.02565634,-0.021991149,0.02565634
1832.0,0.10295067,-0.59376204,9.627085,0.029321533,-0.032986723,0.02687807
1840.0,0.079008654,-0.581791,9.64145,0.02687807,-0.039095376,0.02565634
1852.0,0.1316811,-0.5793968,9.679757,0.02687807,-0.05009095,0.02565634
1863.0,0.1316811,-0.6560113,9.639056,0.02687807,-0.065973446,0.021991149
1870.0,0.15801731,-0.60812724,9.552865,0.02443461,-0.07452556,0.018325957
1883.0,0.23223756,-0.58897364,9.514558,0.02076942,-0.07574729,0.02076942
1890.0,0.23942018,-0.6344634,9.531317,0.02076942,-0.07574729,0.02321288
1901.0,0.21068975,-0.59615624,9.481039,0.018325957,-0.07696902,0.019547688
1911.0,0.25139117,-0.60812724,9.579201,0.013439035,-0.07941248,0.013439035
1923.0,0.22266077,-0.581791,9.519346,0.0061086523,-0.081855945,0.007330383
1931.0,0.24181437,-0.46686932,9.519346,-0.0012217305,-0.07941248,0.0036651916
1941.0,0.20590134,-0.51954174,9.605537,-0.009773844,-0.07696902,0.0
1951.0,0.260968,-0.4405331,9.557653,-0.018325957,-0.07574729,-0.0061086523
1961.0,0.33518824,-0.5315128,9.624691,-0.032986723,-0.06963864,-0.0036651916
1972.0,0.34237084,-0.6751649,9.662998,-0.037873644,-0.06352998,0.013439035
1984.0,0.39264908,-0.80924016,9.634268,-0.029321533,-0.04886922,0.02076942
1991.0,0.2777274,-0.78769237,9.619903,-0.012217305,-0.032986723,0.009773844
2002.0,0.21547815,-0.6368576,9.617508,-0.007330383,-0.021991149,-0.0012217305
2011.0,0.25378537,-0.62249243,9.636662,-0.02076942,-0.021991149,-0.004886922
2024.0,0.23223756,-0.51714754,9.665392,-0.036651913,-0.02687807,-0.012217305
2037.0,0.20829555,-0.51235914,9.706094,-0.052534413,-0.02565634,-0.018325957
2042.0,0.21308395,-0.50038815,9.6845455,-0.07574729,-0.02076942,-0.017104227
2090.0,0.17477672,-0.5386954,9.643845,-0.10140363,-0.014660766,-0.0061086523
2090.0,0.22026655,-0.7110779,9.689334,-0.1160644,-0.017104227,0.0036651916
2090.0,0.18195933,-0.7589619,9.653421,-0.112399206,-0.017104227,0.007330383
2090.0,0.08140286,-0.81881696,9.55047,-0.095294975,-0.017104227,0.0061086523
2090.0,0.110133275,-0.7565677,9.552865,-0.07452556,-0.02076942,0.0
2100.0,0.15322891,-0.6871359,9.579201,-0.061086524,-0.028099801,-0.0036651916
2109.0,0.19632454,-0.7182605,9.540894,-0.065973446,-0.043982297,-0.0012217305
2119.0,0.16280572,-0.6967127,9.473856,-0.065973446,-0.05009095,0.0012217305
2131.0,0.20829555,-0.7469909,9.61272,-0.062308256,-0.056199603,0.004886922
2140.0,0.21068975,-0.8331822,9.677363,-0.052534413,-0.059864793,0.008552114
2150.0,0.28491,-0.8475474,9.76116,-0.037873644,-0.059864793,0.013439035
2162.0,0.36152446,-0.89543146,9.703699,-0.02321288,-0.05497787,0.015882496
2171.0,0.2705448,-0.8690952,9.799467,-0.014660766,-0.04886922,0.017104227
2182.0,0.31124622,-0.82121116,9.811439,-0.009773844,-0.04642576,0.015882496
2191.0,0.36152446,-0.7350199,9.737218,-0.0061086523,-0.043982297,0.010995574
2201.0,0.36631286,-0.7541735,9.737218,-0.013439035,-0.039095376,0.009773844
2212.0,0.36152446,-0.6871359,9.653421,-0.029321533,-0.03176499,0.013439035
2223.0,0.32321724,-0.7493851,9.7084875,-0.043982297,-0.02076942,0.019547688
2232.0,0.3878607,-0.7637503,9.713276,-0.05009095,-0.014660766,0.02443461
2242.0,0.36152446,-0.7637503,9.770737,-0.04886922,-0.007330383,0.029321533
2251.0,0.40701428,-0.80445176,9.785102,-0.04520403,-0.0012217305,0.03176499
2261.0,0.36870706,-0.80205756,9.734824,-0.036651913,0.002443461,0.034208454
2273.0,0.35194764,-0.8571242,9.725247,-0.02687807,0.014660766,0.035430185
2284.0,0.32321724,-0.82599956,9.718064,-0.015882496,0.017104227,0.034208454
2293.0,0.31124622,-0.8643068,9.746795,-0.0036651916,0.015882496,0.030543262
2302.0,0.25617957,-0.80684596,9.730036,0.0012217305,0.015882496,0.028099801
2312.0,0.32800564,-0.7517793,9.667787,-0.0012217305,0.013439035,0.029321533
2323.0,0.32561144,-0.7158663,9.725247,-0.004886922,0.008552114,0.03176499
2331.0,0.23942018,-0.78529817,9.682152,-0.0012217305,0.0036651916,0.030543262
2344.0,0.36631286,-0.7781156,9.682152,0.004886922,0.004886922,0.028099801
2352.0,0.41180268,-0.6344634,9.64145,0.008552114,0.007330383,0.029321533
2363.0,0.320823,-0.6895301,9.667787,0.0061086523,0.009773844,0.030543262
2372.0,0.33039984,-0.7038953,9.718064,0.0061086523,0.0061086523,0.030543262
2383.0,0.32800564,-0.7781156,9.662998,0.007330383,0.002443461,0.030543262
2392.0,0.34715924,-0.6703765,9.65821,0.009773844,-0.0012217305,0.029321533
2404.0,0.32800564,-0.7422025,9.68694,0.010995574,0.010995574,0.030543262
2412.0,0.36152446,-0.7254431,9.765948,0.017104227,0.007330383,0.029321533
2422.0,0.3184288,-0.80445176,9.715671,0.021991149,0.002443461,0.02687807
2431.0,0.37349546,-0.81163436,9.730036,0.02687807,0.0036651916,0.028099801
2443.0,0.30406362,-0.7398083,9.749189,0.032986723,0.012217305,0.029321533
2453.0,0.35673606,-0.7565677,9.746795,0.04886922,0.009773844,0.02687807
2464.0,0.2777274,-0.79487497,9.7084875,0.06352998,0.009773844,0.021991149
2471.0,0.3184288,-0.6967127,9.7324295,0.06841691,0.013439035,0.02321288
2484.0,0.29448682,-0.7422025,9.7563715,0.06963864,0.010995574,0.02687807
2493.0,0.24899697,-0.7302315,9.710882,0.07452556,0.010995574,0.028099801
2503.0,0.29688102,-0.78529817,9.665392,0.08674286,0.009773844,0.028099801
2511.0,0.30645782,-0.6679823,9.682152,0.09407325,0.014660766,0.03176499
2524.0,0.24899697,-0.6584055,9.667787,0.095294975,0.009773844,0.032986723
2542.0,0.21068975,-0.6392518,9.6845455,0.09407325,0.004886922,0.03176499
2542.0,0.260968,-0.6943185,9.682152,0.09285152,0.0012217305,0.029321533
2559.0,0.32321724,-0.6536171,9.643845,0.095294975,-0.004886922,0.034208454
2560.0,0.35194764,-0.6727707,9.651027,0.095294975,-0.002443461,0.036651913
2570.0,0.2825158,-0.58418524,9.665392,0.09773844,0.002443461,0.036651913
2583.0,0.32800564,-0.61291564,9.610326,0.09773844,0.002443461,0.036651913
2590.0,0.33279404,-0.6440403,9.639056,0.09896017,-0.008552114,0.036651913
2602.0,0.31603462,-0.60333884,9.6845455,0.09407325,-0.014660766,0.036651913
2612.0,0.24899697,-0.61530983,9.696517,0.087964594,-0.019547688,0.036651913
2622.0,0.24420857,-0.63206923,9.689334,0.0842994,-0.029321533,0.032986723
2632.0,0.30166942,-0.5626374,9.65821,0.07086037,-0.034208454,0.030543262
2643.0,0.22266077,-0.5530606,9.627085,0.06352998,-0.03176499,0.030543262
2654.0,0.24181437,-0.61530983,9.619903,0.061086524,-0.036651913,0.02687807
2663.0,0.32321724,-0.60094464,9.648633,0.056199603,-0.03176499,0.02565634
2674.0,0.29209262,-0.58657944,9.639056,0.056199603,-0.03176499,0.02687807
2685.0,0.320823,-0.5410896,9.629479,0.057421334,-0.02565634,0.02565634
2693.0,0.29927522,-0.46208093,9.739613,0.05375614,-0.028099801,0.021991149
2705.0,0.31364042,-0.50757074,9.720459,0.043982297,-0.02565634,0.018325957
2712.0,0.2681506,-0.5243302,9.830592,0.037873644,-0.019547688,0.017104227
2723.0,0.320823,-0.49559975,9.78989,0.035430185,-0.014660766,0.018325957
2733.0,0.25617957,-0.5554548,9.718064,0.034208454,-0.012217305,0.019547688
2744.0,0.33279404,-0.5363012,9.7084875,0.030543262,-0.013439035,0.015882496
2753.0,0.31364042,-0.51714754,9.734824,0.029321533,-0.008552114,0.017104227
2765.0,0.33039984,-0.5267244,9.7324295,0.02687807,-0.008552114,0.017104227
2775.0,0.37828386,-0.48362875,9.718064,0.02076942,-0.008552114,0.017104227
2785.0,0.29209262,-0.4357447,9.746795,0.015882496,-0.004886922,0.013439035
2794.0,0.2681506,-0.4189853,9.763555,0.015882496,-0.010995574,0.007330383
2804.0,0.39743748,-0.39264908,9.77792,0.018325957,-0.007330383,0.0061086523
2813.0,0.40222588,-0.4309563,9.797073,0.02321288,0.0,0.008552114
2825.0,0.37110126,-0.46447513,9.801862,0.028099801,0.0036651916,0.010995574
2832.0,0.37828386,-0.45729253,9.7563715,0.030543262,0.0036651916,0.010995574
2843.0,0.33518824,-0.46686932,9.739613,0.034208454,0.0061086523,0.010995574
2854.0,0.37588966,-0.4189853,9.720459,0.032986723,0.012217305,0.014660766
2864.0,0.33997664,-0.4405331,9.715671,0.030543262,0.014660766,0.018325957
2874.0,0.33279404,-0.4285621,9.68694,0.02687807,0.012217305,0.02076942
2886.0,0.31603462,-0.45489833,9.703699,0.021991149,0.014660766,0.02076942
2893.0,0.30645782,-0.48123455,9.713276,0.015882496,0.0061086523,0.018325957
2904.0,0.2705448,-0.5410896,9.677363,0.014660766,-0.0012217305,0.014660766
2913.0,0.30645782,-0.44771573,9.67018,0.018325957,-0.013439035,0.013439035
2924.0,0.33518824,-0.4141969,9.694122,0.02321288,-0.015882496,0.017104227
2933.0,0.34955344,-0.49320555,9.662998,0.02687807,-0.012217305,0.02321288
2944.0,0.37349546,-0.47884035,9.610326,0.02321288,-0.010995574,0.02443461
2952.0,0.33997664,-0.46926352,9.667787,0.009773844,-0.015882496,0.02321288
2965.0,0.34476504,-0.47165772,9.643845,-0.004886922,-0.010995574,0.02321288
2976.0,0.36152446,-0.5506664,9.607931,-0.007330383,-0.017104227,0.028099801
2985.0,0.30166942,-0.6392518,9.586384,-0.002443461,-0.012217305,0.03176499
2995.0,0.39983168,-0.6392518,9.557653,0.0061086523,-0.010995574,0.03176499
3004.0,0.29927522,-0.5530606,9.61272,0.004886922,-0.008552114,0.032986723
