27.0,1.292869,-1.3024458,9.581595,0.0061086523,-0.02076942,0.0
28.0,1.151611,-1.2354081,9.52174,0.17104226,0.1282817,-0.08307768
138.0,1.1563994,-1.1827357,9.495404,-0.019547688,-0.23579398,-0.28588495
138.0,0.9840169,-1.2808979,9.639056,-0.21991149,-0.3213151,-0.3555236
138.0,1.0462662,-1.4197617,9.483433,-0.22602014,0.5155703,-0.062308256
138.0,1.532289,-1.7070658,9.114726,-0.32498032,0.59986967,-0.12705997
138.0,1.3000516,-1.661576,9.176975,-0.3885103,0.4972443,-0.27366763
138.0,1.1803415,-1.5610195,9.203311,-0.41905355,0.34697145,-0.40439278
138.0,1.3694834,-1.484405,9.160215,-0.44837508,0.35796702,-0.47769663
138.0,1.3790601,-1.4149733,9.136273,-0.5045747,0.3848451,-0.53023106
138.0,1.4269443,-1.2545617,9.184157,-0.59498274,0.38606682,-0.59864795
138.0,1.7142484,-0.2896984,9.471462,-0.8051204,0.36041048,-0.54733527
138.0,1.8028339,-0.12928689,9.157822,-1.0873401,0.3481932,-0.39095375
224.0,1.4173675,-0.866701,9.090784,-1.287704,0.37995818,-0.49235737
224.0,1.4173675,-0.94092125,9.093178,-1.4453071,0.3811799,-0.6401868
224.0,1.7046716,-1.0702082,8.78672,-1.5809193,0.37873647,-0.66828656
224.0,2.2050598,-1.4987702,8.468291,-1.6884315,0.44959682,-0.6389651
224.0,2.2481554,-1.8004397,8.02297,-1.8032742,0.54611355,-0.65484756
224.0,2.2266076,-1.5227122,7.9750857,-2.0427334,0.68294734,-0.71959925
224.0,2.303222,-1.3072342,7.9511437,-2.4019222,0.7867944,-0.8051204
224.0,2.2888567,-1.5251064,7.735666,-2.7940977,0.88331115,-0.86742866
224.0,2.408567,-1.9680338,7.620744,-3.2168164,0.9981538,-0.874759
232.0,2.767697,-2.15957,7.3166804,-3.6920695,1.1728612,-0.8894198
239.0,2.837129,-2.2744915,7.1466923,-4.1722097,1.3842206,-0.95539325
277.0,2.56419,-2.4851813,7.0102224,-4.627915,1.5784758,-1.0030408
277.0,2.4971523,-3.2202013,6.7564373,-5.010317,1.7458528,-1.0091494
277.0,2.3295584,-3.9312792,6.1770406,-5.2473326,1.8985692,-1.0323622
281.0,2.2481554,-4.661511,5.6766524,-5.3462925,2.090381,-1.0824533
289.0,1.9177556,-5.341464,5.45878,-5.39394,2.2650883,-1.110553
300.0,1.460463,-6.0357823,5.571307,-5.413488,2.356718,-1.1191051
312.0,1.127669,-6.9719152,5.197812,-5.362175,2.4092526,-1.1484267
320.0,0.9624691,-7.5584946,4.441244,-5.0433035,2.5485299,-1.319469
330.0,0.8331822,-8.099585,4.3478703,-5.0433035,2.5485299,-1.319469
340.0,0.6847417,-8.53054,4.3358994,-4.8624873,2.597399,-1.3720033
350.0,0.22505496,-9.150639,4.050989,-4.5937066,2.629164,-1.4453071
359.0,-0.15083471,-9.813833,3.976769,-4.257731,2.6621506,-1.5454891
371.0,-0.33997664,-10.065224,3.8139634,-3.9144244,2.7403414,-1.6310102
380.0,-0.46686932,-9.9550905,3.3207579,-3.6065483,2.8099802,-1.7140878
390.0,-0.8810662,-10.156203,3.095703,-3.3499851,2.7733283,-1.7739527
400.0,-1.673547,-10.170568,3.0693667,-3.2021556,2.660929,-1.7873917
410.0,-1.8938135,-9.665392,3.7110126,-2.987131,2.239432,-1.6077974
420.0,-1.0965444,-9.770737,3.3375173,-2.7159069,2.0231857,-1.5650368
432.0,-0.5626374,-9.80665,2.873042,-2.3945918,1.8655825,-1.4526376
440.0,-1.352724,-9.890448,3.2728736,-1.9352211,1.9144517,-1.4196508
450.0,-1.2497733,-10.769119,2.705448,-1.0922271,1.7140878,-1.4575244
460.0,-0.6392518,-10.766725,2.1045034,-0.04153884,1.5173893,-1.4343116
470.0,-0.29209262,-9.773131,1.9177556,0.88697636,1.3255776,-1.2864822
480.0,-0.35194764,-9.809045,2.0566192,1.3414601,1.0543534,-1.1410962
492.0,0.10055647,-9.861717,1.4341269,1.5137241,0.8258898,-1.0665708
500.0,0.3878607,-10.517728,0.89064306,1.6432275,0.66950834,-0.9334021
511.0,0.35194764,-10.955867,0.60812724,1.7690657,0.5729916,-0.8185594
520.0,0.49799395,-10.821792,0.770933,1.8081611,0.50946164,-0.752586
531.0,0.82599956,-10.4171715,1.1540052,1.6249015,0.47647488,-0.68294734
540.0,0.90021986,-9.82341,1.6400281,1.2034045,0.42638394,-0.61208695
553.0,0.9720459,-9.593566,1.9297266,0.68661255,0.34574974,-0.5717699
561.0,0.9576807,-9.770737,2.1499932,0.19914207,0.2321288,-0.55955255
570.0,1.2258313,-10.086772,1.9297266,-0.26511553,0.14538592,-0.5448918
580.0,1.553837,-9.528923,1.9632454,-0.79045963,0.11484267,-0.5180137
590.0,1.5059528,-9.363723,1.9488802,-1.2999213,0.06841691,-0.516792
600.0,1.4317327,-9.677363,1.6184803,-1.6261233,0.014660766,-0.535118
611.0,1.721431,-9.667787,1.3431472,-1.7641789,0.02565634,-0.53023106
620.0,1.6950948,-9.454702,1.3742718,-1.8570304,0.057421334,-0.52656585
631.0,1.4939818,-9.354146,1.412579,-1.9889772,0.0842994,-0.5290093
640.0,1.7812861,-9.188946,1.388637,-2.234545,0.14538592,-0.48991394
650.0,1.6783354,-9.090784,1.4221559,-2.5851817,0.19058995,-0.44837508
660.0,1.6304513,-9.172187,1.2737153,-2.9443705,0.2125811,-0.43249258
671.0,1.5634137,-9.466674,1.067814,-3.2754595,0.23701571,-0.4007276
680.0,1.6807296,-9.598354,0.6967127,-3.585779,0.2761111,-0.37140608
690.0,1.7166426,-9.404425,0.3854665,-3.9608502,0.35308012,-0.34574974
700.0,1.5275006,-9.41879,0.0,-4.3982296,0.40194935,-0.33353242
710.0,1.4987702,-9.334992,-0.49081135,-4.9138002,0.45448375,-0.31398472
721.0,1.4077905,-9.323022,-0.78529817,-5.4916787,0.45814893,-0.2761111
732.0,1.4772224,-9.476251,-1.4628572,-6.037792,0.45814893,-0.2602286
740.0,1.6280571,-9.80665,-2.1284454,-6.5118237,0.49113566,-0.23701571
750.0,1.769315,-10.105926,-2.8060043,-6.8868947,0.5644395,-0.21991149
760.0,1.958457,-9.842564,-3.2752678,-7.211875,0.6609562,-0.18570304
770.0,1.8555063,-9.126697,-3.7110126,-7.56129,0.7147123,-0.12217305
780.0,1.7381904,-8.487445,-4.3598413,-7.9937825,0.7440339,-0.064751714
791.0,1.9009962,-8.616732,-5.185841,-8.345641,0.7806858,-0.036651913
800.0,2.0207062,-8.836999,-5.9687448,-8.431162,0.84299403,-0.017104227
810.0,2.054225,-8.322245,-6.315904,-8.333424,0.8723156,0.04642576
822.0,2.0590134,-7.8290396,-7.1371155,-8.10496,0.8576548,0.08307768
832.0,2.147599,-7.3549876,-7.9726915,-7.770206,0.8723156,0.10873401
840.0,2.1667526,-6.7612257,-8.611943,-7.2595224,0.8784242,0.15149458
852.0,2.2266076,-6.2009826,-9.0476885,-6.541145,0.8686504,0.19181168
863.0,2.4851813,-5.571307,-9.320627,-5.679825,0.8332202,0.23701571
872.0,2.6001031,-5.2026005,-9.44752,-4.7036624,0.7501425,0.27855456
883.0,2.7940333,-5.097255,-9.775525,-3.662748,0.657291,0.3359759
892.0,2.8419175,-4.819528,-9.947908,-2.6047294,0.52412236,0.39584067
901.0,2.8993783,-4.711789,-10.326192,-1.5943583,0.3726278,0.44715336
912.0,2.920926,-4.4340615,-10.651803,-0.7684685,0.23090707,0.5143485
922.0,2.8562827,-4.268862,-10.824186,-0.23579398,0.06352998,0.5729916
933.0,2.6862943,-4.06296,-11.075577,0.052534413,-0.058643065,0.6218608
941.0,2.6192567,-4.010288,-11.465832,0.1966986,-0.15882497,0.6743952
954.0,2.492364,-3.8881836,-11.674128,0.20158553,-0.22113322,0.7501425
963.0,2.2720973,-3.5913026,-11.489774,0.119729586,-0.28221974,0.82711154
974.0,2.0518308,-3.7349546,-11.264719,0.059864793,-0.35185838,0.89552844
982.0,1.7645266,-4.3837833,-10.87207,0.07819075,-0.43127087,0.9663888
993.0,1.5897499,-4.9583917,-10.54167,0.15271631,-0.5131268,1.0140363
1004.0,1.4413095,-5.475539,-10.764331,0.28099802,-0.6072,1.0531317
1013.0,1.484405,-5.7628436,-10.924743,0.43004912,-0.71837753,1.0995574
1029.0,1.496376,-5.6670756,-10.860099,0.5314528,-0.8136725,1.1374311
1088.0,1.4772224,-5.6359506,-10.785878,0.59742624,-0.9089675,1.1850786
1088.0,1.5131354,-5.6910176,-10.9343195,0.6646214,-1.0079277,1.2547172
1088.0,1.3742718,-5.81791,-10.85531,0.7819075,-1.1410962,1.3231341
1089.0,1.0223241,-6.0740895,-10.9343195,0.98837996,-1.2962561,1.4001031
1089.0,0.81642276,-6.38773,-11.11149,1.2302825,-1.4196508,1.4953982
1089.0,0.6847417,-6.38773,-11.18571,1.4343116,-1.5662584,1.5833627
1096.0,0.581791,-6.6486983,-11.453861,1.5699236,-1.7055358,1.672549
1101.0,0.37110126,-6.8402343,-11.420342,1.6664404,-1.8570304,1.7641789
1113.0,0.12210429,-6.8162923,-11.310209,1.7446312,-1.9938642,1.8619173
1122.0,-0.19393034,-6.8091097,-11.008539,1.8081611,-2.1270328,1.9523253
1133.0,-0.60333884,-6.7971387,-10.702082,1.9327776,-2.2553146,2.0463986
1141.0,-0.9864111,-6.71813,-10.30225,2.1673498,-2.3628268,2.1453588
1152.0,-1.2737153,-6.6415157,-10.022128,2.483778,-2.4446826,2.2467623
1160.0,-1.5107412,-6.5984197,-9.710882,2.8490756,-2.5277603,2.3542747
1171.0,-1.7501614,-6.766014,-9.425972,3.2742376,-2.6047294,2.461787
1181.0,-1.8363527,-6.9144545,-9.102755,3.7470474,-2.6829202,2.5619688
1191.0,-2.0805612,-7.1107793,-8.698134,4.256509,-2.7391198,2.6621506
1201.0,-2.0638018,-7.273585,-8.429984,4.7439795,-2.7598891,2.7733283
1212.0,-2.3247697,-7.055712,-8.190564,5.0921726,-2.7635543,2.9089403
1221.0,-2.3942018,-7.1586633,-7.965509,5.3377404,-2.7207937,3.1202996
1232.0,-2.6072857,-7.132327,-7.493851,5.3377404,-2.7207937,3.1202996
1241.0,-2.80361,-6.8689647,-6.871359,5.2070155,-2.629164,3.249803
1252.0,-3.2082303,-6.907272,-5.78918,5.1557026,-2.5546384,3.2473598
1261.0,-3.3159695,-6.8210807,-5.4563856,5.1618114,-2.4654522,3.222925
1273.0,-3.359065,-6.825869,-5.106832,5.2216763,-2.3860397,3.1728342
1281.0,-3.347094,-6.6247563,-4.9224787,5.2705455,-2.2479842,3.1105258
1292.0,-3.4596214,-6.007052,-4.297592,5.2277846,-2.1184807,3.0579915
1303.0,-3.7732618,-5.619191,-3.4500446,5.1337113,-2.0378466,2.9993484
1314.0,-4.0462008,-5.877765,-3.2202013,5.1349335,-1.998751,2.9272664
1323.0,-4.0174704,-5.439626,-2.3942018,5.150816,-1.9364429,2.8588493
1337.0,-4.213795,-5.1475334,-1.8124107,5.1349335,-1.9022343,2.761111
1343.0,-4.6710877,-5.1762643,-1.3503298,5.0933943,-1.9046779,2.6755898
1354.0,-4.675876,-5.2026005,-1.103727,5.0555205,-1.9022343,2.5937338
1362.0,-4.663905,-5.3223104,-0.9504981,4.9932127,-1.8961257,2.5118778
1372.0,-4.8722005,-5.389348,-0.6751649,4.959004,-1.8875736,2.430022
1383.0,-4.972757,-5.3127337,-0.5626374,4.9431214,-1.8558086,2.3457224
1393.0,-4.9583917,-4.462792,-0.21787235,4.8539352,-1.78617,2.2748623
1404.0,-4.8722005,-4.000711,0.2681506,4.6865582,-1.6823229,2.212554
1412.0,-5.1475334,-3.845088,0.89064306,4.4874163,-1.6212363,2.1539109
1421.0,-5.439626,-3.8379054,1.1971009,4.2858305,-1.627345,2.1087067
1433.0,-5.5162406,-3.6248214,1.5801731,4.0903535,-1.6310102,2.080607
1441.0,-5.602432,-3.4931402,1.9608512,3.9559634,-1.6530013,2.0341814
1452.0,-5.5880666,-3.3375173,2.0805612,3.8802161,-1.6481144,1.9889772
1461.0,-5.4659624,-2.815581,2.3798366,3.7971385,-1.6077974,1.953547
1471.0,-5.6551046,-2.0374656,2.956839,3.6248744,-1.5858061,1.926669
1481.0,-5.722142,-1.5562311,3.25372,3.3841934,-1.5833627,1.8961257
1491.0,-5.6646814,-1.0534488,3.3494883,3.0384438,-1.5723672,1.8606955
1501.0,-5.758055,-0.51954174,3.608062,2.5912905,-1.5430456,1.8118263
1513.0,-6.0142345,-0.016759412,3.763685,2.212554,-1.5845845,1.7702875
1523.0,-6.0525417,-0.110133275,3.3901896,1.8839084,-1.65911,1.7568485
1533.0,-6.05733,0.24420857,3.3303347,1.5283848,-1.6957619,1.7030923
1542.0,-6.1507044,0.6631939,3.3758245,1.1520919,-1.7592919,1.6200147
1553.0,-6.105214,0.89543146,3.5242648,0.75869465,-1.8509218,1.5259414
1565.0,-5.793968,0.7230489,3.5434184,0.44226643,-1.9083431,1.423316
1575.0,-5.506664,0.59855044,4.048595,0.31887165,-1.9767599,1.3402383
1584.0,-5.427655,0.40701428,4.673482,0.39584067,-2.0781636,1.2754866
1594.0,-5.197812,0.20350714,5.29358,0.5558874,-2.1673498,1.2021828
1603.0,-4.948815,0.34715924,6.1100025,0.70371675,-2.1917844,1.1472049
1615.0,-4.7788267,0.5482722,6.5840545,0.77824235,-2.212554,1.1252137
1623.0,-4.7620673,0.9792285,6.4906807,0.77579886,-2.2223277,1.0946705
1635.0,-4.8602295,1.5155296,6.4523735,0.64873886,-2.2455406,1.0848967
1643.0,-4.9296613,1.8866309,6.217742,0.408058,-2.276084,1.0861185
1653.0,-4.9105077,2.0326772,6.0716953,0.12461651,-2.3005185,1.0555751
1663.0,-4.8458643,1.8531121,6.2728086,-0.06719518,-2.3506095,0.9651671
1674.0,-4.534618,1.328782,6.5936313,-0.10140363,-2.3921483,0.86498517
1682.0,-4.2664676,1.1659763,6.981492,-0.019547688,-2.3872614,0.79779
1694.0,-4.0054994,1.3670892,7.8290396,0.09407325,-2.379931,0.73792523
1701.0,-3.845088,1.6424223,8.559271,0.15027285,-2.3811526,0.68416905
1713.0,-3.691859,1.8076223,8.585608,0.13072516,-2.371379,0.65484756
1722.0,-3.6583402,2.0590134,8.39886,0.087964594,-2.339614,0.63285637
1732.0,-3.7062242,2.183512,8.169016,0.037873644,-2.3151793,0.5656612
1741.0,-3.5003228,1.9800048,8.259995,-0.04153884,-2.298075,0.47036624
1753.0,-3.0909145,1.8171991,8.192958,-0.15149458,-2.2883012,0.39461896
1761.0,-2.6192567,1.4939818,8.439561,-0.20891592,-2.2675319,0.33964106
1776.0,-2.2744915,0.93852705,8.686164,-0.23579398,-2.2247713,0.30665436
1781.0,-1.9967642,0.8403648,9.078813,-0.2602286,-2.1697934,0.30787608
1792.0,-1.8291701,0.48362875,9.713276,-0.27977628,-2.1319196,0.30543262
1801.0,-1.6065093,0.21787235,9.639056,-0.34574974,-2.1111503,0.32498032
1813.0,-1.6424223,0.1316811,9.212888,-0.41416663,-2.0732768,0.3640757
1822.0,-1.6136919,0.19632454,8.851364,-0.47158796,-2.0366247,0.36041048
1833.0,-1.6065093,0.46686932,8.394072,-0.55955255,-2.0427334,0.33964106
1842.0,-1.4676456,0.61052144,8.111555,-0.65484756,-2.0769417,0.344528
1852.0,-1.1133038,0.5363012,7.929596,-0.7171558,-2.1233675,0.3555236
1862.0,-0.9672575,0.59615624,7.893683,-0.7452556,-2.1930063,0.3640757
1873.0,-0.7541735,0.5506664,7.553706,-0.7733554,-2.2992969,0.3726278
1882.0,-0.78769237,0.45250413,7.2233067,-0.7806858,-2.4251351,0.38362336
1892.0,-0.62249243,0.19871874,6.576872,-0.7538077,-2.58396,0.36163223
1902.0,-0.3878607,0.32800564,6.1866174,-0.7098254,-2.764776,0.3286455
1912.0,-0.19632454,0.30885202,5.568913,-0.6291912,-2.968805,0.27122417
1922.0,0.30885202,-0.095768064,5.209783,-0.42149702,-2.9712486,0.18570304
1934.0,3.8019924,-8.3821,35.43179,0.47158796,-1.6896533,-0.080634214
1942.0,8.355764,6.5002575,22.610842,0.53878313,-0.9114109,-1.1985176
1952.0,6.8545995,20.618866,17.609354,0.27977628,0.37018433,-1.2241739
1962.0,1.151611,6.4643445,18.63886,-1.319469,0.3213151,0.48380527
1972.0,-2.5785553,-2.4372973,12.576741,-1.9242256,-0.37140608,1.518611
1982.0,-3.169923,-7.9367785,9.258378,-1.3720033,-0.6389651,0.8735373
1994.0,-2.315193,-7.9391727,8.532935,-0.75136423,-0.7098254,-0.13927728
2002.0,-0.08619126,-3.6415808,9.303867,0.034208454,-0.75625116,-0.5864306
2013.0,1.757344,0.50517654,10.402806,0.40439278,-0.6780604,-0.40439278
2023.0,2.1643584,1.8171991,10.778696,-0.042760566,-0.33475417,0.52778757
2033.0,1.400608,0.22984336,10.714052,-0.042760566,-0.33475417,0.52778757
2042.0,0.49799395,-0.94810385,10.632649,0.0061086523,-0.24801129,0.45814893
2073.0,0.1340753,-0.30885202,10.359711,0.19792034,-0.22968534,0.21746802
2073.0,0.11252748,0.7326257,10.33098,0.23090707,-0.26633725,0.18325958
2073.0,0.51954174,0.7757214,10.496181,0.14294247,-0.25289822,0.19547687
2082.0,0.6847417,0.30645782,10.460267,0.15271631,-0.22479841,0.16615535
2092.0,0.5626374,-0.021547815,10.2735195,0.23823744,-0.18692477,0.15393804
2102.0,0.48123455,-0.090979666,10.19451,0.3213151,-0.14172074,0.1563815
2113.0,0.2777274,0.16759412,10.079589,0.36041048,-0.10995574,0.1441642
2123.0,0.15322891,0.34476504,10.081984,0.3323107,-0.09407325,0.12583824
2134.0,0.10295067,0.4309563,9.991004,0.27366763,-0.087964594,0.10873401
2145.0,0.2705448,0.37110126,9.981427,0.23701571,-0.07696902,0.080634214
2154.0,0.32800564,0.35913026,10.010158,0.23457226,-0.05375614,0.05131268
2165.0,0.45250413,0.3184288,9.9550905,0.24556783,-0.02321288,0.04153884
2175.0,0.56982,0.48362875,9.885659,0.24556783,0.004886922,0.05131268
2185.0,0.5650316,0.48602295,9.873688,0.23945917,0.02443461,0.058643065
2194.0,0.60333884,0.40940848,9.768343,0.22724187,0.040317107,0.05131268
2205.0,0.62967503,0.5386954,9.725247,0.20158553,0.057421334,0.04153884
2216.0,0.7302315,0.4309563,9.801862,0.16615535,0.06963864,0.034208454
2224.0,0.79248077,0.4381389,9.861717,0.13194689,0.07819075,0.03176499
2237.0,0.7182605,0.47884035,9.842564,0.11484267,0.08552113,0.029321533
2244.0,0.7398083,0.45729253,9.811439,0.095294975,0.09896017,0.028099801
2254.0,0.59376204,0.50278234,9.809045,0.065973446,0.09407325,0.02687807
2265.0,0.61052144,0.47884035,9.797073,0.029321533,0.080634214,0.02687807
2275.0,0.59136784,0.50038815,9.770737,-0.013439035,0.07086037,0.03176499
2286.0,0.6751649,0.5746084,9.742006,-0.05497787,0.058643065,0.042760566
2297.0,0.62009823,0.5363012,9.653421,-0.07452556,0.047647487,0.052534413
2304.0,0.6392518,0.50517654,9.583989,-0.062308256,0.035430185,0.05131268
2315.0,0.60573304,0.51475334,9.452309,-0.047647487,0.02321288,0.04886922
2324.0,0.6967127,0.45729253,9.52174,-0.04153884,0.010995574,0.047647487
2336.0,0.7661445,0.47644615,9.502586,-0.04642576,0.007330383,0.043982297
2344.0,0.7493851,0.49320555,9.504981,-0.059864793,0.009773844,0.04153884
2355.0,0.8355764,0.34955344,9.605537,-0.06841691,-0.019547688,0.042760566
2363.0,0.7733272,0.2633622,9.605537,-0.0720821,-0.029321533,0.040317107
2373.0,0.8714894,0.22984336,9.605537,-0.073303826,-0.02687807,0.032986723
2383.0,0.866701,0.2873042,9.715671,-0.061086524,-0.03176499,0.02443461
2393.0,0.90261406,0.25378537,9.849746,-0.034208454,-0.043982297,0.015882496
2403.0,0.90740246,0.38067806,9.892841,-0.014660766,-0.04886922,0.012217305
2414.0,0.89303726,0.49799395,9.847352,-0.02076942,-0.039095376,0.012217305
2423.0,0.91697925,0.45010993,9.821015,-0.04153884,-0.042760566,0.008552114
2435.0,0.8379706,0.4237737,9.722853,-0.059864793,-0.039095376,0.0
2445.0,0.78529817,0.39983168,9.696517,-0.06841691,-0.015882496,-0.012217305
2454.0,0.8451532,0.29209262,9.727641,-0.05497787,-0.014660766,-0.02321288
2464.0,0.878672,0.36631286,9.718064,-0.04153884,-0.008552114,-0.02565634
2474.0,0.81881696,0.37588966,9.696517,-0.04153884,0.0036651916,-0.02565634
2484.0,0.8499416,0.35673606,9.734824,-0.04520403,0.002443461,-0.02687807
2493.0,0.8355764,0.40940848,9.753978,-0.056199603,0.007330383,-0.02687807
2502.0,0.82121116,0.41180268,9.77792,-0.0720821,0.010995574,-0.030543262
2513.0,0.7422025,0.35673606,9.742006,-0.08674286,0.014660766,-0.039095376
2522.0,0.7685388,0.2825158,9.715671,-0.09896017,0.019547688,-0.042760566
2535.0,0.81642276,0.2681506,9.758766,-0.1001819,0.021991149,-0.042760566
2542.0,0.7110779,0.22984336,9.696517,-0.08552113,0.019547688,-0.047647487
2553.0,0.7015011,0.20590134,9.651027,-0.07452556,0.028099801,-0.05131268
2563.0,0.6823475,0.2801216,9.696517,-0.07452556,0.03176499,-0.047647487
2573.0,0.6823475,0.33279404,9.615114,-0.07086037,0.010995574,-0.047647487
2583.0,0.7230489,0.28491,9.64145,-0.07086037,0.009773844,-0.042760566
2594.0,0.6751649,0.29209262,9.617508,-0.061086524,0.0012217305,-0.034208454
2603.0,0.6799533,0.29448682,9.639056,-0.04642576,0.0012217305,-0.030543262
2614.0,0.60333884,0.2873042,9.660604,-0.030543262,-0.013439035,-0.034208454
2624.0,0.6847417,0.39983168,9.682152,-0.032986723,-0.02565634,-0.032986723
2636.0,0.6799533,0.2873042,9.765948,-0.04520403,-0.035430185,-0.021991149
2646.0,0.6943185,0.2801216,9.703699,-0.057421334,-0.035430185,-0.017104227
2656.0,0.641646,0.23223756,9.76116,-0.06352998,-0.04153884,-0.014660766
2666.0,0.6512229,0.31364042,9.76116,-0.07574729,-0.04520403,-0.0061086523
2677.0,0.7134721,0.30166942,9.811439,-0.080634214,-0.05009095,-0.007330383
2684.0,0.7158663,0.22505496,9.782708,-0.06963864,-0.04886922,-0.010995574
2694.0,0.78050977,0.22984336,9.722853,-0.05131268,-0.04642576,-0.0061086523
2704.0,0.7398083,0.24899697,9.816227,-0.042760566,-0.02687807,0.004886922
2715.0,0.7206547,0.11731588,9.77792,-0.028099801,-0.017104227,0.008552114
2724.0,0.6607997,0.12210429,9.837775,-0.013439035,-0.021991149,0.002443461
2735.0,0.7422025,0.1412579,9.866506,-0.015882496,-0.02687807,0.0
2743.0,0.7493851,0.20350714,9.868899,-0.036651913,-0.012217305,0.002443461
2753.0,0.6967127,0.17956513,9.849746,-0.047647487,-0.002443461,0.0061086523
2763.0,0.6871359,0.062249243,9.773131,-0.036651913,-0.018325957,0.0036651916
2774.0,0.7589619,0.10534488,9.753978,-0.021991149,-0.008552114,0.002443461
2783.0,0.78529817,0.059855044,9.763555,0.0,-0.007330383,0.004886922
2793.0,0.79487497,0.10534488,9.7563715,0.017104227,0.0061086523,0.0061086523
2803.0,0.7781156,0.11252748,9.785102,0.021991149,0.018325957,0.009773844
2813.0,0.80684596,0.260968,9.828198,0.021991149,0.009773844,0.012217305
2824.0,0.7517793,0.24420857,9.847352,0.002443461,0.012217305,0.017104227
2835.0,0.8475474,0.28491,9.811439,0.002443461,0.012217305,0.017104227
2843.0,0.80924016,0.24660277,9.746795,-0.009773844,0.017104227,0.019547688
2853.0,0.7685388,0.19871874,9.85214,-0.017104227,0.012217305,0.019547688
2863.0,0.81881696,0.18435353,9.753978,-0.014660766,0.012217305,0.021991149
2873.0,0.7733272,0.20350714,9.727641,-0.008552114,0.012217305,0.02321288
2883.0,0.80684596,0.18674773,9.76116,0.0,0.012217305,0.021991149
2894.0,0.8475474,0.15083471,9.749189,0.018325957,0.018325957,0.028099801
2903.0,0.8355764,0.21068975,9.763555,0.014660766,0.02687807,0.02687807
2913.0,0.8762778,0.21068975,9.751583,0.015882496,0.02321288,0.02321288
2924.0,0.8451532,0.24899697,9.696517,0.02321288,0.02321288,0.018325957
2934.0,0.81642276,0.23463176,9.713276,0.02443461,0.02687807,0.014660766
2944.0,0.7445967,0.24899697,9.696517,0.015882496,0.029321533,0.013439035
2954.0,0.79008657,0.31124622,9.667787,-0.004886922,0.02443461,0.010995574
2963.0,0.81163436,0.2896984,9.576807,-0.02687807,0.02443461,0.009773844
2974.0,0.8403648,0.22266077,9.617508,-0.04642576,0.02443461,0.007330383
2984.0,0.80684596,0.10055647,9.603143,-0.04642576,0.02076942,0.004886922
2994.0,0.8810662,0.09816227,9.581595,-0.028099801,0.02565634,-0.0012217305
