23.0,-2.4588451,0.770933,9.387665,-0.034208454,0.0061086523,0.0061086523
54.0,-2.6791117,0.545878,9.543288,0.15271631,0.11484267,-0.07696902
54.0,-2.633622,0.31364042,9.378088,0.010995574,-0.2565634,-0.28344148
54.0,-2.5570073,0.24899697,9.380483,-0.1881465,-0.37140608,-0.37018433
83.0,-2.597709,0.23223756,9.361329,-0.15760323,0.44348818,-0.065973446
83.0,-2.645593,0.320823,9.356541,-0.2565634,0.48624873,-0.1282817
83.0,-2.6623523,0.12210429,9.378088,-0.35430184,0.3481932,-0.24678956
101.0,-2.7461493,-0.074220255,9.390059,-0.3885103,0.21013765,-0.32253686
101.0,-2.8419175,-0.11971009,9.308656,-0.37873647,0.21502456,-0.32742378
110.0,-2.9376855,-0.22266077,9.308656,-0.3555236,0.204029,-0.32986724
120.0,-2.918532,-0.21308395,9.351752,-0.3494149,0.21135938,-0.3213151
130.0,-2.992752,-0.40222588,9.363723,-0.35430184,0.20891592,-0.30298916
141.0,-3.0119057,-0.4429273,9.320627,-0.3640757,0.21624629,-0.28221974
150.0,-3.2249897,-0.5554548,9.361329,-0.3640757,0.21624629,-0.26511553
160.0,-3.2848446,-0.7326257,9.301474,-0.344528,0.2125811,-0.2565634
170.0,-3.3686419,-1.091756,9.172187,-0.2883284,0.20891592,-0.2443461
181.0,-3.4021606,-1.2808979,9.186552,-0.17348573,0.204029,-0.23457226
190.0,-3.4572272,-1.3455414,8.875306,0.004886922,0.18448131,-0.23701571
201.0,-3.9217024,-1.8291701,9.045294,0.21013765,0.15271631,-0.2602286
211.0,-2.8562827,-1.4413095,8.863335,0.43371433,0.118507855,-0.27855456
220.0,-2.4851813,-0.5243302,8.983045,0.70371675,0.065973446,-0.18081611
230.0,-3.1890767,0.91697925,9.229648,0.89675015,0.02076942,-0.18448131
240.0,-3.2680852,1.8746599,9.227253,0.7635816,0.03176499,-0.3567453
252.0,-2.7820623,1.3718776,9.404425,0.09285152,0.14049901,-0.32620203
262.0,-2.681506,0.10055647,9.775525,-0.79290307,0.29077184,-0.061086524
271.0,-2.8754363,-1.1252748,10.04607,-1.4184291,0.3933972,0.09040806
282.0,-3.1172507,-2.2170308,10.022128,-1.6749926,0.4605924,0.05131268
291.0,-3.4237084,-3.0454245,9.993398,-1.6200147,0.5180137,0.014660766
302.0,-3.5553896,-3.41892,9.976639,-1.3072516,0.5522222,0.04642576
311.0,-3.7205894,-3.2704794,9.849746,-0.8222246,0.5497787,0.06841691
322.0,-3.799598,-2.3654714,9.528923,-0.3323107,0.52534413,0.035430185
330.0,-3.7828386,-1.3694834,9.052477,0.035430185,0.48624873,-0.012217305
341.0,-3.6727054,-0.5793968,8.736442,0.20158553,0.45814893,-0.02443461
351.0,-3.6224272,-0.22984336,8.860941,0.17470746,0.47769663,0.0
361.0,-3.715801,-0.33518824,8.9040365,0.05497787,0.52412236,0.04153884
371.0,-3.7732618,-0.7134721,9.078813,-0.07696902,0.55955255,0.09407325
383.0,-3.940856,-0.9959879,9.126697,-0.18081611,0.58276546,0.14294247
391.0,-3.892972,-1.1779473,8.966286,-0.23945917,0.57543504,0.16737708
401.0,-3.940856,-1.2138603,8.808268,-0.267559,0.5546656,0.16249016
411.0,-3.9217024,-1.1180922,8.626308,-0.29077184,0.5326745,0.1441642
421.0,-3.9600096,-1.1180922,8.652645,-0.3115413,0.5216789,0.1282817
431.0,-4.039018,-1.1779473,8.655039,-0.3042109,0.5216789,0.11484267
442.0,-4.158728,-1.1611878,8.7292595,-0.25289822,0.5131268,0.111177474
451.0,-4.175488,-1.0845734,8.65025,-0.18081611,0.49357912,0.112399206
462.0,-4.122815,-1.1109096,8.585608,-0.11728613,0.46914452,0.111177474
471.0,-4.0222588,-1.1252748,8.475474,-0.1001819,0.45081854,0.11484267
482.0,-4.012682,-1.0366893,8.358158,-0.119729586,0.4288274,0.12095132
491.0,-3.9791632,-1.1180922,8.286332,-0.14172074,0.39950588,0.12095132
502.0,-4.0462008,-1.0127473,8.286332,-0.15882497,0.37995818,0.119729586
511.0,-4.0533834,-1.0127473,8.348581,-0.16615535,0.36163223,0.12095132
521.0,-4.0174704,-1.0199299,8.288726,-0.15271631,0.33353242,0.12461651
531.0,-4.0940847,-0.93134445,8.343793,-0.13316862,0.3042109,0.12583824
541.0,-4.0892963,-0.92655605,8.329428,-0.111177474,0.28710666,0.12217305
552.0,-4.189853,-0.9504981,8.355764,-0.080634214,0.26267207,0.118507855
564.0,-4.211401,-0.91937345,8.305486,-0.047647487,0.23823744,0.1160644
575.0,-4.2042184,-0.9528923,8.1163435,-0.015882496,0.20769419,0.112399206
586.0,-4.225766,-0.82599956,8.010999,0.017104227,0.17592919,0.10629055
595.0,-4.367024,-0.7374141,7.9942393,0.04153884,0.14782938,0.09896017
605.0,-4.333505,-0.80205756,7.9224133,0.042760566,0.12461651,0.09896017
615.0,-4.462792,-0.82360536,7.896077,0.02687807,0.09773844,0.09896017
626.0,-4.4915223,-0.78050977,7.762002,0.0,0.07696902,0.09407325
634.0,-4.4795513,-0.7541735,7.7907324,-0.017104227,0.058643065,0.08307768
645.0,-4.51307,-0.9720459,7.8146744,-0.02076942,0.037873644,0.073303826
655.0,-4.498705,-1.091756,7.771579,-0.0061086523,0.02076942,0.065973446
664.0,-4.5082817,-1.1587936,7.8050976,0.021991149,0.0012217305,0.056199603
673.0,-4.5441947,-1.2066777,7.7069354,0.052534413,-0.02076942,0.036651913
689.0,-4.4795513,-1.2665327,7.6351094,0.089186326,-0.052534413,-0.009773844
694.0,-4.5178585,-1.3455414,7.5441294,0.089186326,-0.052534413,-0.009773844
704.0,-4.4675803,-1.388637,7.386112,0.073303826,-0.07452556,-0.017104227
713.0,-4.39336,-1.4532804,7.326257,0.039095376,-0.09407325,-0.02565634
725.0,-4.378995,-1.5179238,7.2328835,0.0036651916,-0.12095132,-0.037873644
735.0,-4.3406878,-1.6903064,7.0581064,-0.04642576,-0.15515977,-0.047647487
746.0,-4.259285,-1.757344,6.8689647,-0.10751228,-0.19425514,-0.04642576
753.0,-4.1012673,-2.291251,6.3446345,-0.20280726,-0.30665436,-0.015882496
764.0,-4.0318356,-2.44448,5.9160724,-0.22968534,-0.40561453,-0.0036651916
775.0,-4.096479,-2.4157495,5.4085016,-0.267559,-0.5180137,0.030543262
786.0,-4.0174704,-2.516306,4.9320555,-0.31887165,-0.64996064,0.087964594
793.0,-3.9935284,-2.4851813,4.5441947,-0.38362336,-0.8002335,0.14049901
805.0,-3.9240966,-2.4396915,4.235343,-0.44959682,-0.9993755,0.18448131
815.0,-3.7541082,-2.542642,4.050989,-0.49602258,-1.2180653,0.24556783
824.0,-3.5793316,-2.5234885,3.7684734,-0.51923543,-1.4660766,0.32253686
834.0,-3.2704794,-2.4349031,3.7301662,-0.51068336,-1.7348573,0.40439278
845.0,-2.8802247,-2.4181437,3.8426938,-0.46303585,-2.0048597,0.4813618
855.0,-2.3558946,-2.147599,4.156334,-0.39584067,-2.2675319,0.5522222
866.0,-1.9201498,-1.7022774,4.477157,-0.30665436,-2.5094345,0.6059783
874.0,-1.3982137,-1.7405846,4.8458643,-0.21502456,-2.7269025,0.63529986
887.0,-1.1731589,-1.9656396,5.032612,-0.14049901,-2.9236012,0.6646214
895.0,-0.9504981,-2.2002714,5.1140146,-0.14538592,-3.1215215,0.7049385
904.0,-0.7062895,-2.2122424,5.544971,-0.20647246,-3.2803464,0.7305948
915.0,-0.35913026,-1.9009962,6.0477533,-0.20158553,-3.4147367,0.7098254
925.0,0.14604631,-1.4197617,6.658275,-0.11728613,-3.5393531,0.6450737
935.0,0.5506664,-0.9864111,7.491457,-0.05131268,-3.5906658,0.59864795
945.0,1.6112977,-1.4293385,8.669404,0.0061086523,-3.5686748,0.5656612
956.0,0.80205756,-0.7661445,8.887277,0.16126843,-3.3988543,0.5216789
965.0,5.29358,7.5920134,54.453724,0.2687807,-2.6780334,0.30909783
974.0,3.3973722,16.397888,35.285744,-2.420248,-0.37751472,-0.4166101
987.0,6.0645127,10.45069,17.719486,-2.761111,0.010995574,-0.70371675
995.0,1.4317327,-11.377247,11.477803,-0.81122905,0.26145032,-0.59131753
1005.0,-3.3279405,-14.1664915,9.495404,-1.7397442,0.67073005,-0.4361578
1015.0,-7.383718,-6.6989765,10.115502,-2.543643,0.4886922,-1.2046263
1022.0,-4.132392,-5.2480903,8.307879,-0.98349303,0.09040806,-0.9468411
1035.0,1.328782,-4.256891,7.5968018,0.15149458,-0.453262,0.49113566
1067.0,4.673482,-2.3319526,9.660604,0.61575216,-0.53023106,1.1484267
1067.0,5.0613422,-1.1731589,11.386824,1.0641272,-0.55833083,0.6365216
1067.0,2.8778305,-1.091756,11.745954,0.9810496,-0.45448375,0.09162979
1072.0,0.16280572,-2.4061728,11.252748,0.43860126,-0.204029,0.05497787
1085.0,-1.2617443,-3.6774938,10.3932295,0.17837265,-0.04520403,0.18936823
1093.0,-1.4197617,-3.1794999,10.01734,0.27977628,-0.015882496,0.21746802
1105.0,-0.7541735,-1.745373,9.938332,0.4166101,-0.062308256,0.18936823
1112.0,-0.110133275,-0.63206923,9.844957,0.45570546,-0.0720821,0.18448131
1123.0,0.009576807,-0.33997664,9.799467,0.38728857,-0.010995574,0.15149458
1132.0,-0.18435353,-0.6991069,9.854534,0.24190263,0.062308256,0.089186326
1144.0,-0.36870706,-1.3144168,10.04607,0.11728613,0.111177474,0.08674286
1153.0,-0.2633622,-1.8219875,10.081984,0.1282817,0.12095132,0.13805555
1164.0,0.021547815,-2.0757728,9.854534,0.25778514,0.105068825,0.15149458
1173.0,0.31603462,-1.7645266,9.698911,0.36896262,0.09040806,0.11728613
1185.0,0.39983168,-1.5873557,9.483433,0.3811799,0.089186326,0.0842994
1194.0,0.34476504,-1.6089035,9.344569,0.3115413,0.10751228,0.07086037
1204.0,0.16519992,-1.6136919,9.277532,0.23457226,0.12705997,0.058643065
1214.0,-0.011971008,-1.6496049,9.246407,0.19425514,0.14049901,0.03176499
1226.0,-0.06703765,-1.4389153,9.272743,0.18692477,0.15271631,0.014660766
1233.0,-0.19632454,-1.4389153,9.244013,0.19792034,0.13072516,0.019547688
1246.0,-0.12689269,-1.4149733,9.239224,0.1966986,0.14294247,0.019547688
1253.0,-0.04070143,-1.4820108,9.13388,0.1881465,0.12583824,0.0061086523
1264.0,-0.095768064,-1.5227122,9.165004,0.16982053,0.12950343,-0.007330383
1273.0,-0.016759412,-1.5514427,9.260772,0.14294247,0.12217305,-0.014660766
1287.0,-0.038307227,-1.5993267,9.303867,0.10751228,0.118507855,-0.017104227
1294.0,-0.047884032,-1.6112977,9.358934,0.0842994,0.12461651,-0.014660766
1305.0,-0.16280572,-1.6903064,9.469068,0.09285152,0.118507855,-0.008552114
1315.0,-0.17956513,-1.5921441,9.500193,0.13316862,0.096516706,0.0012217305
1325.0,-0.22266077,-1.4748282,9.452309,0.16737708,0.09407325,0.015882496
1335.0,-0.1604115,-1.4652514,9.406818,0.18936823,0.07819075,0.032986723
1346.0,-0.18435353,-1.4173675,9.270349,0.1881465,0.07574729,0.04642576
1355.0,-0.2801216,-1.4149733,9.346964,0.16982053,0.07941248,0.047647487
1365.0,-0.41180268,-1.4556746,9.406818,0.14172074,0.08307768,0.04642576
1375.0,-0.46926352,-1.4867992,9.390059,0.11484267,0.089186326,0.04520403
1386.0,-0.47884035,-1.5370775,9.406818,0.105068825,0.08307768,0.040317107
1395.0,-0.58897364,-1.6232687,9.397242,0.096516706,0.0842994,0.02565634
1406.0,-0.545878,-1.6065093,9.287108,0.0842994,0.07819075,0.014660766
1415.0,-0.5363012,-1.6448165,9.351752,0.06841691,0.089186326,0.010995574
1425.0,-0.5267244,-1.5753847,9.387665,0.06352998,0.0842994,0.0061086523
1435.0,-0.521936,-1.5969325,9.437943,0.059864793,0.07819075,0.0012217305
1446.0,-0.46447513,-1.4987702,9.452309,0.061086524,0.07086037,0.0061086523
1456.0,-0.5482722,-1.5873557,9.509769,0.06841691,0.0720821,0.010995574
1466.0,-0.4309563,-1.4460979,9.442732,0.07941248,0.07452556,0.010995574
1475.0,-0.4237737,-1.3120226,9.433155,0.09285152,0.0720821,0.014660766
1487.0,-0.45010993,-1.340753,9.356541,0.10751228,0.064751714,0.02321288
1495.0,-0.4309563,-1.3670892,9.399636,0.112399206,0.058643065,0.029321533
1505.0,-0.51714754,-1.2473791,9.44752,0.11484267,0.05375614,0.034208454
1515.0,-0.56982,-1.163582,9.469068,0.10873401,0.043982297,0.036651913
1526.0,-0.50757074,-1.1803415,9.457097,0.09285152,0.030543262,0.037873644
1536.0,-0.4357447,-1.1563994,9.564836,0.07086037,0.02321288,0.042760566
1545.0,-0.4237737,-1.2066777,9.519346,0.047647487,0.018325957,0.039095376
1556.0,-0.46447513,-1.2856863,9.562442,0.02687807,0.02321288,0.034208454
1566.0,-0.46447513,-1.4053963,9.519346,0.02687807,0.02321288,0.034208454
1576.0,-0.45968673,-1.352724,9.516952,0.030543262,0.017104227,0.02565634
1588.0,-0.48602295,-1.328782,9.52174,0.04886922,0.02565634,0.018325957
1595.0,-0.4285621,-1.3455414,9.507375,0.04886922,0.02565634,0.018325957
1605.0,-0.56982,-1.352724,9.464279,0.057421334,0.029321533,0.02321288
1616.0,-0.39983168,-1.2521675,9.639056,0.061086524,0.029321533,0.02076942
1625.0,-0.37828386,-1.292869,9.622296,0.059864793,0.034208454,0.02565634
1635.0,-0.46686932,-1.2042835,9.696517,0.04886922,0.039095376,0.02443461
1647.0,-0.47644615,-1.316811,9.682152,0.039095376,0.05009095,0.012217305
1655.0,-0.4357447,-1.3120226,9.694122,0.039095376,0.057421334,0.0012217305
1665.0,-0.40462008,-1.1587936,9.631873,0.03176499,0.062308256,-0.0036651916
1675.0,-0.4333505,-1.1492168,9.5385,0.02321288,0.062308256,-0.002443461
1686.0,-0.4285621,-1.1707647,9.524135,0.015882496,0.056199603,-0.002443461
1695.0,-0.47644615,-1.127669,9.488221,0.0,0.05009095,-0.002443461
1709.0,-0.46686932,-1.1228806,9.483433,-0.019547688,0.04520403,-0.002443461
1715.0,-0.5291186,-1.1731589,9.615114,-0.040317107,0.039095376,-0.004886922
1725.0,-0.50996494,-1.2689269,9.595961,-0.05131268,0.040317107,-0.009773844
1735.0,-0.45968673,-1.4077905,9.583989,-0.05131268,0.03176499,-0.015882496
1745.0,-0.29448682,-1.7118542,9.655815,-0.036651913,0.02687807,-0.013439035
1755.0,-0.31364042,-2.1523874,9.880871,0.0012217305,0.039095376,0.015882496
1767.0,-0.24660277,-2.7940333,9.957485,0.040317107,0.06963864,0.07452556
1776.0,-0.533907,-2.7820623,9.832987,0.06963864,0.07086037,0.15271631
1787.0,-0.7182605,-2.0901382,9.907207,0.08552113,0.05131268,0.1685988
1795.0,-0.8714894,-0.8762778,9.981427,0.12339478,0.040317107,0.081855945
1806.0,-0.6607997,-0.19632454,10.043676,0.16371189,0.02565634,0.012217305
1816.0,-0.6727707,-0.5315128,9.919178,0.16615535,0.04520403,0.05131268
1827.0,-0.6488287,-1.091756,9.785102,0.14538592,0.09896017,0.12217305
1835.0,-0.7445967,-1.1683705,9.483433,0.13683382,0.112399206,0.12705997
1846.0,-0.7445967,-0.7134721,9.174581,0.13561209,0.08674286,0.07452556
1855.0,-0.7254431,-0.49081135,9.018958,0.13072516,0.04642576,0.034208454
1865.0,-0.5770026,-0.5506664,9.02614,0.09040806,0.02076942,0.04520403
1875.0,-0.4333505,-0.61291564,9.203311,-0.002443461,0.015882496,0.07452556
1887.0,-0.50517654,-0.8643068,9.49301,-0.09040806,0.015882496,0.073303826
1896.0,-0.60094464,-1.1611878,9.682152,-0.119729586,0.018325957,0.05375614
1907.0,-0.6464345,-1.2761095,9.706094,-0.09407325,0.012217305,0.04153884
1916.0,-0.6464345,-1.1444284,9.682152,-0.047647487,0.007330383,0.028099801
1927.0,-0.61291564,-1.0103531,9.519346,-0.0061086523,-0.002443461,0.018325957
1936.0,-0.6655881,-0.9600749,9.399636,0.014660766,-0.008552114,0.019547688
1947.0,-0.6464345,-1.1587936,9.370906,0.012217305,-0.009773844,0.02565634
1955.0,-0.62009823,-1.3551182,9.330204,-0.004886922,-0.014660766,0.02321288
1966.0,-0.6440403,-1.1540052,9.303867,-0.02321288,-0.017104227,0.018325957
1975.0,-0.58418524,-1.1827357,9.378088,-0.039095376,-0.02565634,0.017104227
1987.0,-0.61291564,-1.1228806,9.49301,-0.05497787,-0.030543262,0.014660766
1995.0,-0.58897364,-1.2808979,9.624691,-0.07086037,-0.02687807,0.010995574
2007.0,-0.581791,-1.3311762,9.706094,-0.07574729,-0.018325957,0.012217305
2019.0,-0.61291564,-1.2282255,9.770737,-0.06352998,-0.018325957,0.008552114
2029.0,-0.62009823,-1.1971009,9.665392,-0.042760566,-0.0061086523,0.002443461
2033.0,-0.59855044,-1.2521675,9.65821,-0.02321288,-0.013439035,0.002443461
2079.0,-0.5770026,-1.1731589,9.615114,-0.028099801,-0.008552114,0.002443461
2079.0,-0.51954174,-1.2186487,9.555259,-0.04886922,0.002443461,0.0012217305
2079.0,-0.533907,-1.3239936,9.533711,-0.06963864,0.004886922,0.0012217305
2079.0,-0.62488663,-1.2737153,9.497798,-0.080634214,0.009773844,0.0012217305
2085.0,-0.60333884,-1.2378023,9.588778,-0.08307768,0.012217305,-0.0036651916
2093.0,-0.545878,-1.2808979,9.569624,-0.081855945,0.010995574,-0.008552114
2104.0,-0.44532153,-1.2785037,9.545682,-0.07819075,0.008552114,-0.0061086523
2113.0,-0.5482722,-1.3192052,9.634268,-0.06841691,0.018325957,0.0012217305
2125.0,-0.60094464,-1.2904748,9.660604,-0.04886922,0.007330383,0.0036651916
2134.0,-0.50038815,-1.4030021,9.715671,-0.036651913,0.009773844,0.0061086523
2144.0,-0.5674258,-1.3120226,9.698911,-0.028099801,0.009773844,0.008552114
2153.0,-0.47644615,-1.3072342,9.672575,-0.02076942,0.009773844,0.012217305
2164.0,-0.5602432,-1.3479356,9.631873,-0.017104227,0.014660766,0.014660766
2174.0,-0.5530606,-1.292869,9.67018,-0.015882496,0.017104227,0.015882496
2186.0,-0.557849,-1.3551182,9.68694,-0.018325957,0.02076942,0.017104227
2194.0,-0.533907,-1.2545617,9.643845,-0.02076942,0.02687807,0.013439035
2205.0,-0.50517654,-1.2737153,9.500193,-0.018325957,0.032986723,0.004886922
2215.0,-0.48123455,-1.1803415,9.459491,-0.017104227,0.036651913,0.0
2225.0,-0.521936,-1.2401965,9.478644,-0.02565634,0.035430185,-0.0012217305
2234.0,-0.5267244,-1.3120226,9.466674,-0.042760566,0.047647487,-0.002443461
2247.0,-0.5434838,-1.3958195,9.572019,-0.057421334,0.058643065,-0.0036651916
2255.0,-0.6488287,-1.4101849,9.504981,-0.059864793,0.056199603,-0.004886922
2266.0,-0.6607997,-1.4915876,9.583989,-0.05009095,0.061086524,-0.004886922
2275.0,-0.6991069,-1.3311762,9.619903,-0.03176499,0.05009095,-0.007330383
2286.0,-0.6895301,-1.1923125,9.629479,-0.02443461,0.039095376,-0.013439035
2295.0,-0.7350199,-1.1300632,9.61272,-0.02565634,0.037873644,-0.02076942
2307.0,-0.6967127,-1.2569559,9.64145,-0.02687807,0.035430185,-0.017104227
2315.0,-0.6991069,-1.316811,9.629479,-0.03176499,0.043982297,-0.010995574
2331.0,-0.59855044,-1.4197617,9.52174,-0.036651913,0.040317107,-0.009773844
2335.0,-0.60094464,-1.3790601,9.533711,-0.036651913,0.04153884,-0.010995574
2346.0,-0.60812724,-1.3383588,9.572019,-0.030543262,0.05009095,-0.010995574
2356.0,-0.6799533,-1.3192052,9.512163,-0.02321288,0.035430185,-0.009773844
2368.0,-0.6751649,-1.388637,9.497798,-0.02076942,0.040317107,-0.007330383
2377.0,-0.7445967,-1.4101849,9.476251,-0.02076942,0.029321533,-0.007330383
2388.0,-0.7350199,-1.42455,9.471462,-0.02321288,0.017104227,-0.009773844
2395.0,-0.7302315,-1.3790601,9.588778,-0.02321288,0.017104227,-0.009773844
2407.0,-0.7038953,-1.2808979,9.603143,-0.017104227,0.012217305,-0.009773844
2416.0,-0.6751649,-1.412579,9.545682,-0.007330383,0.004886922,-0.008552114
2427.0,-0.7422025,-1.388637,9.483433,-0.0012217305,0.002443461,-0.0061086523
2436.0,-0.6368576,-1.4389153,9.497798,-0.0061086523,0.010995574,-0.004886922
2447.0,-0.6344634,-1.3311762,9.449914,-0.013439035,0.009773844,-0.004886922
2456.0,-0.6655881,-1.3910311,9.485827,-0.009773844,-0.0036651916,-0.0012217305
2466.0,-0.6440403,-1.3862427,9.473856,-0.0012217305,0.0036651916,0.002443461
2476.0,-0.6464345,-1.3239936,9.445126,0.007330383,-0.0036651916,0.002443461
2489.0,-0.6847417,-1.340753,9.483433,0.0,0.0,-0.0012217305
2495.0,-0.7493851,-1.340753,9.555259,-0.014660766,0.013439035,-0.002443461
2506.0,-0.81163436,-1.460463,9.64145,-0.015882496,0.0061086523,0.0
2516.0,-0.7445967,-1.5035586,9.598354,-0.0036651916,-0.007330383,0.0012217305
2527.0,-0.7015011,-1.4293385,9.607931,0.010995574,-0.014660766,0.0
2537.0,-0.7278373,-1.3431472,9.528923,0.019547688,-0.021991149,0.0
2548.0,-0.6895301,-1.3215994,9.569624,0.013439035,-0.015882496,0.0
2556.0,-0.6536171,-1.3263878,9.574412,0.0036651916,-0.019547688,-0.0012217305
2567.0,-0.6967127,-1.388637,9.615114,-0.0061086523,-0.021991149,-0.002443461
2576.0,-0.7062895,-1.4460979,9.509769,-0.012217305,-0.021991149,-0.0036651916
2588.0,-0.6392518,-1.4221559,9.603143,-0.010995574,-0.02321288,-0.0012217305
2595.0,-0.7517793,-1.4532804,9.722853,-0.009773844,-0.02076942,0.002443461
2608.0,-0.7038953,-1.4700398,9.653421,-0.007330383,-0.014660766,0.004886922
2616.0,-0.6967127,-1.4676456,9.662998,-0.002443461,-0.014660766,0.009773844
2626.0,-0.61770403,-1.4508862,9.576807,0.010995574,-0.014660766,0.013439035
2636.0,-0.7015011,-1.412579,9.586384,0.021991149,-0.017104227,0.009773844
2648.0,-0.6655881,-1.3910311,9.560047,0.02076942,-0.010995574,0.009773844
2658.0,-0.7110779,-1.412579,9.526528,0.018325957,-0.008552114,0.015882496
2666.0,-0.7517793,-1.3694834,9.543288,0.02321288,-0.012217305,0.014660766
2677.0,-0.7493851,-1.4413095,9.583989,0.02443461,-0.0061086523,0.009773844
2689.0,-0.6703765,-1.3192052,9.615114,0.02687807,-0.004886922,0.009773844
2704.0,-0.7134721,-1.328782,9.603143,0.03176499,-0.02076942,0.009773844
2705.0,-0.62728083,-1.3239936,9.591172,0.02565634,-0.018325957,0.010995574
2715.0,-0.6488287,-1.2354081,9.615114,0.012217305,-0.008552114,0.014660766
2727.0,-0.5746084,-1.3575124,9.545682,0.008552114,-0.010995574,0.017104227
2736.0,-0.59376204,-1.4341269,9.459491,0.015882496,-0.009773844,0.018325957
2747.0,-0.6631939,-1.3575124,9.471462,0.02565634,-0.0036651916,0.015882496
2756.0,-0.6967127,-1.2138603,9.502586,0.039095376,-0.0061086523,0.009773844
2766.0,-0.6823475,-1.2569559,9.466674,0.043982297,-0.002443461,0.008552114
2776.0,-0.6895301,-1.1947067,9.483433,0.036651913,-0.0061086523,0.009773844
2788.0,-0.6991069,-1.3144168,9.454702,0.02565634,-0.017104227,0.010995574
2795.0,-0.60094464,-1.2042835,9.507375,0.017104227,-0.019547688,0.007330383
2806.0,-0.6584055,-1.2737153,9.572019,0.007330383,-0.018325957,0.004886922
2816.0,-0.6536171,-1.3503298,9.579201,0.0012217305,-0.029321533,0.0061086523
2827.0,-0.5243302,-1.3000516,9.555259,0.0012217305,-0.02687807,0.0061086523
2837.0,-0.5506664,-1.3072342,9.476251,0.0036651916,-0.032986723,0.002443461
2848.0,-0.50278234,-1.2521675,9.495404,0.004886922,-0.04153884,0.0012217305
2857.0,-0.49320555,-1.2378023,9.464279,-0.002443461,-0.030543262,0.002443461
2868.0,-0.5506664,-1.3144168,9.481039,-0.010995574,-0.030543262,0.004886922
2877.0,-0.5770026,-1.3910311,9.555259,-0.017104227,-0.028099801,0.0012217305
2888.0,-0.5291186,-1.3790601,9.533711,-0.009773844,-0.032986723,-0.008552114
2897.0,-0.533907,-1.400608,9.507375,0.0,-0.039095376,-0.015882496
2907.0,-0.5554548,-1.3144168,9.55047,-0.0012217305,-0.04642576,-0.017104227
2916.0,-0.533907,-1.3623008,9.526528,-0.014660766,-0.040317107,-0.013439035
2928.0,-0.5267244,-1.3120226,9.488221,-0.02565634,-0.039095376,-0.015882496
2937.0,-0.5434838,-1.4796166,9.519346,-0.028099801,-0.034208454,-0.02076942
2948.0,-0.50996494,-1.3982137,9.507375,-0.02687807,-0.03176499,-0.018325957
2960.0,-0.49081135,-1.3862427,9.509769,-0.02443461,-0.02565634,-0.014660766
2969.0,-0.5554548,-1.3718776,9.564836,-0.02321288,-0.02687807,-0.017104227
2978.0,-0.59615624,-1.388637,9.55047,-0.02321288,-0.02687807,-0.015882496
2988.0,-0.58897364,-1.328782,9.579201,-0.021991149,-0.02443461,-0.012217305
2998.0,-0.61770403,-1.3814543,9.583989,-0.018325957,-0.013439035,-0.008552114
3008.0,-0.6703765,-1.3623008,9.682152,-0.015882496,-0.0061086523,-0.002443461
