30.0,-0.51475334,-0.16519992,10.2495775,0.0061086523,-0.02076942,0.0
40.0,-0.93134445,0.11731588,10.117896,0.16615535,0.13194689,-0.095294975
40.0,-0.8834604,0.25857377,9.957485,-0.0036651916,-0.27977628,-0.2932153
54.0,-0.89064306,0.11492168,9.746795,-0.14049901,-0.37140608,-0.36774087
60.0,-0.830788,-0.1316811,9.710882,-0.06352998,0.44837508,-0.047647487
70.0,-1.0271125,-0.18195933,9.782708,-0.09773844,0.4886922,-0.07452556
81.0,-1.0893618,-0.22505496,9.85214,-0.118507855,0.33353242,-0.16737708
89.0,-1.1228806,-0.17717093,9.837775,-0.10873401,0.17592919,-0.2406809
100.0,-1.079785,-0.16280572,9.78989,-0.10629055,0.18081611,-0.24556783
110.0,-1.0606314,-0.36631286,9.768343,-0.14049901,0.19303341,-0.22968534
121.0,-1.0702082,-0.46926352,9.727641,-0.1966986,0.20158553,-0.20525073
129.0,-0.9888053,-0.5434838,9.696517,-0.25167647,0.20525073,-0.20647246
143.0,-0.91697925,-0.36631286,9.44752,-0.31887165,0.204029,-0.22724187
151.0,-0.89303726,-0.25857377,9.43076,-0.4166101,0.21746802,-0.23823744
161.0,-0.866701,-0.4405331,9.385271,-0.54244834,0.22724187,-0.22968534
170.0,-0.80445176,-0.6895301,9.497798,-0.65484756,0.23457226,-0.21135938
180.0,-0.6392518,-0.90979666,9.576807,-0.6988298,0.2443461,-0.21135938
190.0,-0.58657944,-1.0534488,9.691729,-0.7098254,0.25900686,-0.2321288
201.0,-0.47165772,-0.94810385,9.722853,-0.7635816,0.2687807,-0.2443461
210.0,-0.49559975,-0.6775591,9.6845455,-0.90285885,0.27488935,-0.25167647
221.0,-0.38307226,-0.5267244,9.43076,-1.1716396,0.3042109,-0.26145032
230.0,-0.2753332,-0.31124622,9.291897,-1.5858061,0.34208453,-0.2883284
240.0,-0.2657564,0.2777274,9.102755,-2.1954496,0.37751472,-0.32742378
250.0,-0.033518825,0.56982,9.267955,-2.9956832,0.45204028,-0.3640757
263.0,0.19632454,0.6871359,9.01417,-3.9718459,0.5534439,-0.42149702
270.0,0.32800564,0.47165772,8.698134,-5.0652947,0.65484756,-0.48624873
280.0,0.3854665,-0.035913024,8.300697,-6.2357125,0.7770206,-0.50701815
290.0,0.61291564,-1.4748282,7.642292,-7.403687,0.956615,-0.48624873
300.0,0.61530983,-3.2010477,6.9407907,-8.417723,1.1410962,-0.50823987
310.0,0.6991069,-5.197812,6.291962,-9.242392,1.3109168,-0.60231316
322.0,0.5386954,-6.5840545,5.7245364,-9.831265,1.4086553,-0.689056
330.0,0.24181437,-7.21373,4.8722005,-10.114707,1.4575244,-0.64996064
341.0,-0.3854665,-7.8984714,3.9576154,-10.181902,1.5100589,-0.4605924
350.0,-0.8738836,-8.7292595,3.323152,-10.156245,1.5723672,-0.22235495
361.0,-1.4460979,-9.109938,2.4492683,-10.093937,1.5906931,-0.04886922
370.0,-1.5466543,-9.028535,1.9967642,-10.141584,1.5735888,0.04642576
382.0,-1.3575124,-8.868123,1.2138603,-10.256428,1.5699236,0.16615535
391.0,-1.3623008,-9.428367,0.12210429,-10.234436,1.6200147,0.31520647
401.0,-1.5729905,-10.28549,-0.48362875,-9.899682,1.6163495,0.41416663
411.0,-1.8243817,-10.795456,-1.271321,-9.301034,1.5870279,0.4972443
422.0,-2.1092918,-10.69011,-1.7645266,-8.697499,1.5809193,0.6059783
430.0,-2.2840683,-10.216059,-2.1428106,-8.2246895,1.568702,0.7464773
442.0,-2.4109612,-9.8042555,-2.8514943,-7.732332,1.5589281,0.8735373
451.0,-2.3630772,-9.404425,-3.110068,-7.211875,1.5479325,0.9309586
461.0,-2.1643584,-8.803479,-2.8538885,-6.736622,1.5528195,0.95172805
471.0,-2.0829554,-8.276755,-2.705448,-6.3248987,1.5748106,0.9211848
481.0,-1.9321208,-7.7189064,-3.122039,-5.86675,1.6163495,0.84421575
491.0,-1.8890251,-7.8266454,-3.6487634,-5.2656584,1.6371188,0.75502944
502.0,-1.958457,-8.169016,-4.2999864,-4.520403,1.6151277,0.6927212
511.0,-1.9919758,-8.240842,-4.9895163,-3.7116172,1.6285667,0.6560693
522.0,-1.9776106,-7.489063,-5.12838,-2.9798007,1.6542231,0.59498274
531.0,-1.958457,-6.5481415,-5.351041,-2.3970351,1.65911,0.49235737
541.0,-1.8770541,-6.1770406,-5.4085016,-1.9462167,1.627345,0.38606682
551.0,-1.7549498,-6.3566055,-5.571307,-1.5100589,1.5968018,0.2724459
562.0,-1.4867992,-6.8091097,-6.114791,-1.0128145,1.6041322,0.16737708
571.0,-1.3551182,-7.0102224,-6.943185,-0.47647488,1.600467,0.0842994
583.0,-1.5011644,-7.1131735,-8.056489,0.0,1.5515977,0.018325957
595.0,-1.6328455,-6.993463,-8.702923,0.26145032,1.4587462,-0.032986723
604.0,-1.6160861,-6.655881,-9.021352,0.29932398,1.3414601,-0.089186326
613.0,-1.6208745,-6.4308257,-9.148245,0.15393804,1.1447614,-0.18936823
627.0,-1.8650831,-6.576872,-9.279925,0.15393804,1.1447614,-0.18936823
633.0,-1.9297266,-7.1275387,-9.514558,0.36774087,0.9260717,-0.23335053
643.0,-2.2242134,-7.062895,-9.5385,0.56199604,0.80878556,-0.2406809
654.0,-2.1978772,-6.823475,-9.32781,0.7049385,0.70249504,-0.2406809
665.0,-2.183512,-6.670246,-9.14585,0.829555,0.59986967,-0.2602286
674.0,-2.1978772,-6.706159,-8.781932,0.97127575,0.49968776,-0.2761111
685.0,-2.2361844,-6.7085533,-8.406042,1.1068878,0.40439278,-0.27000242
694.0,-2.183512,-6.799533,-8.276755,1.1936307,0.32742378,-0.2602286
704.0,-2.0685902,-7.038953,-8.161834,1.2082914,0.2602286,-0.23701571
714.0,-2.1284454,-7.201759,-8.039729,1.1960741,0.20525073,-0.19914207
726.0,-2.0350714,-7.4603324,-7.97748,1.1899655,0.16493362,-0.14905111
733.0,-2.2266076,-7.627927,-7.699753,1.1765264,0.10140363,-0.08674286
745.0,-2.2720973,-7.762002,-7.5106106,1.17897,0.04520403,-0.013439035
755.0,-2.2864625,-8.027759,-6.981492,1.1716396,-0.004886922,0.065973446
765.0,-2.2146366,-8.456321,-6.6056023,1.1814134,-0.029321533,0.16249016
774.0,-2.3295584,-8.607155,-6.265626,1.2168436,-0.014660766,0.2919936
786.0,-2.432509,-8.714894,-6.445191,1.2473868,0.007330383,0.42149702
795.0,-2.6120741,-8.987833,-6.4858923,1.2730432,-0.002443461,0.5326745
806.0,-2.8299465,-9.421184,-6.943185,1.3561208,-0.032986723,0.643852
813.0,-3.1052797,-10.005369,-7.4028716,1.5149459,-0.07696902,0.7733554
825.0,-3.4404678,-10.6637745,-7.953538,1.7201965,-0.18570304,0.92485
834.0,-3.5865142,-11.010934,-7.881712,1.8973475,-0.37751472,1.065349
844.0,-3.4979286,-10.948685,-7.9966335,2.1087067,-0.54611355,1.1777482
854.0,-3.514688,-11.154586,-7.6949644,2.3225098,-0.68783426,1.2950343
866.0,-3.4644098,-10.7356,-7.0126166,2.5705209,-0.8576548,1.3878858
875.0,-3.5170822,-10.704475,-6.682217,2.9883528,-0.9627236,1.4159856
885.0,-3.6870706,-11.219229,-6.481104,3.6383133,-1.0677924,1.4343116
894.0,-3.9576154,-11.496957,-6.3829417,4.5167375,-1.205848,1.4538593
905.0,-4.0318356,-11.532869,-6.6750345,5.479461,-1.3353515,1.4892895
915.0,-4.232949,-11.427525,-6.823475,6.323677,-1.4709635,1.5515977
927.0,-4.3502645,-10.967838,-6.667852,6.966307,-1.6420058,1.6114625
941.0,-4.355053,-10.18254,-6.215348,7.433008,-1.8044959,1.6957619
949.0,-4.134786,-10.041282,-5.8442464,7.733554,-1.9376645,1.8044959
952.0,-3.6750996,-8.947132,-5.1020436,7.7946405,-2.0280726,1.9364429
964.0,-3.2561142,-7.8386164,-4.309563,7.59672,-2.0769417,2.0769417
974.0,-3.1723173,-7.5441294,-3.7373488,7.1153584,-2.085494,2.204002
985.0,-3.1028855,-7.2448545,-2.7820623,6.469063,-2.107485,2.334727
994.0,-3.1771057,-7.16824,-1.6041151,5.837428,-2.1514673,2.4556782
1004.0,-3.0621839,-7.144298,-0.48362875,5.326745,-2.1905627,2.5558603
1014.0,-2.9831753,-7.551312,0.51954174,5.0054297,-2.243097,2.6120598
1025.0,-2.9281087,-7.8050976,0.16998832,4.8160615,-2.3005185,2.6364944
1033.0,-2.942474,-7.551312,-0.12689269,4.7390924,-2.3212879,2.6841419
1045.0,-3.028665,-7.4627266,-0.2705448,4.7806315,-2.371379,2.756224
1065.0,-3.004723,-6.2632318,-0.557849,4.8857,-2.5216517,2.8002062
1066.0,-2.5689783,-5.0900726,-0.6679823,4.9199085,-2.701246,2.77455
1073.0,-1.9847932,-4.1132383,-0.36631286,4.7757444,-2.856406,2.7440066
1084.0,-1.3718776,-3.5410242,-0.20350714,4.488638,-2.9626966,2.7684412
1095.0,-0.80684596,-3.1435869,0.28491,4.152662,-3.0250046,2.8087585
1104.0,-0.47405192,-3.3159695,1.7046716,3.8337903,-3.1007519,2.8185322
1113.0,-0.2896984,-2.861071,2.918532,3.5246925,-3.1936035,2.801428
1125.0,0.24899697,-1.7262194,4.474763,3.2571335,-3.19116,2.7550023
1134.0,0.58657944,-1.2761095,5.1140146,3.0469959,-3.1520646,2.670703
1144.0,0.7661445,-0.8571242,5.7245364,2.9272664,-3.1349604,2.579073
1154.0,0.7278373,-0.12689269,5.872977,2.7464502,-3.1520646,2.4727826
1165.0,0.8762778,1.2569559,6.045359,2.3408356,-3.1105258,2.3420575
1173.0,1.0534488,2.707842,6.2345014,1.6041322,-3.0066788,2.1856759
1184.0,1.364695,3.2632968,7.041347,0.6133087,-2.8295279,2.0549507
1194.0,1.3982137,1.1563994,8.180987,-0.25289822,-2.6303856,1.9950858
1205.0,1.091756,-2.432509,9.562442,-0.5888741,-2.5082128,1.9596558
1216.0,0.90021986,-4.841076,11.001357,-0.32253686,-2.4288,1.8435913
1227.0,0.6679823,-4.927267,11.552023,0.2602286,-2.3823745,1.5760323
1234.0,0.4309563,-3.3063924,11.355699,0.77091193,-2.2968533,1.2596041
1246.0,1.2521675,-2.4660277,13.800179,1.0726794,-1.749518,1.0555751
1254.0,1.508347,-4.984728,21.478384,1.7104226,-1.0189233,1.0445796
1265.0,-1.4508862,-0.23463176,16.804901,2.2638667,-1.2486086,0.906524
1275.0,0.50278234,6.6774287,14.707581,1.8093829,-0.98471475,0.017104227
1287.0,1.3192052,10.031705,11.987768,1.0042624,-0.4251622,-0.73548174
1295.0,0.7422025,6.6486983,11.106702,0.07819075,-0.20525073,-0.47769663
1305.0,-0.30406362,0.1388637,9.097966,-0.86376345,-0.16982053,0.40683624
1316.0,-1.8722657,-6.7492547,7.9487495,-1.4428637,-0.05375614,1.0836749
1326.0,-2.9041667,-9.646238,8.418014,-1.2596041,-0.10873401,0.86009824
1334.0,-2.7581203,-7.6829934,8.046912,-0.41905355,-0.3921755,0.1160644
1343.0,-1.412579,-4.465186,7.714118,0.31642818,-0.57543504,-0.30787608
1351.0,-0.18435353,-2.207454,8.322245,0.408058,-0.5522222,-0.19547687
1361.0,0.272939,-0.9552865,9.150639,0.021991149,-0.41905355,0.10873401
1371.0,0.06703765,-0.50757074,10.041282,-0.32986724,-0.2883284,0.2773328
1381.0,-0.58897364,-0.93613285,10.292673,-0.376293,-0.23945917,0.25900686
1391.0,-0.8595184,-1.5107412,10.000581,-0.24556783,-0.23090707,0.17470746
1403.0,-0.7206547,-1.5227122,9.809045,-0.15271631,-0.22602014,0.09773844
1412.0,-0.6799533,-1.1659763,9.368511,-0.23823744,-0.20891592,-0.02565634
1423.0,-0.79726917,-0.7541735,9.050082,-0.23823744,-0.20891592,-0.02565634
1433.0,-1.0821792,-0.7565677,8.966286,-0.39828414,-0.20158553,-0.047647487
1443.0,-1.3120226,-1.163582,8.856153,-0.70738196,-0.17837265,-0.042760566
1454.0,-1.4628572,-1.9416976,9.018958,-0.73426,-0.1685988,-0.07086037
1464.0,-1.4460979,-2.0733786,9.43076,-0.66706485,-0.16982053,-0.10140363
1473.0,-1.3096284,-2.2816741,9.615114,-0.54367006,-0.1685988,-0.10262536
1484.0,-1.1731589,-2.468422,9.821015,-0.3885103,-0.15882497,-0.0720821
1494.0,-0.9816227,-2.384625,9.892841,-0.22479841,-0.16493362,-0.052534413
1504.0,-0.7613561,-1.9656396,9.696517,-0.103847094,-0.2003638,-0.064751714
1515.0,-0.56982,-1.5155296,9.421184,-0.0720821,-0.20647246,-0.09040806
1527.0,-0.7278373,-1.30484,9.306262,-0.12950343,-0.19058995,-0.09773844
1534.0,-0.8379706,-1.2090719,9.064447,-0.21868975,-0.18692477,-0.08307768
1544.0,-0.7517793,-1.3024458,9.227253,-0.2761111,-0.17348573,-0.080634214
1554.0,-0.62967503,-1.5227122,9.411607,-0.2724459,-0.16737708,-0.09040806
1564.0,-0.3854665,-2.0326772,9.799467,-0.22724187,-0.15760323,-0.09162979
1574.0,-0.35434186,-2.4301147,9.895236,-0.1685988,-0.15760323,-0.08552113
1586.0,-0.46686932,-2.3080103,10.055647,-0.1282817,-0.1600467,-0.09285152
1596.0,-0.58897364,-2.1380222,10.237606,-0.11484267,-0.15271631,-0.10629055
1607.0,-0.5482722,-2.0015526,10.3453455,-0.12950343,-0.13072516,-0.09896017
1615.0,-0.58418524,-2.0494366,10.342952,-0.15515977,-0.11484267,-0.0720821
1626.0,-0.51714754,-2.2409728,10.187328,-0.18325958,-0.10873401,-0.052534413
1636.0,-0.48841715,-2.3535004,10.09156,-0.20525073,-0.1001819,-0.064751714
1648.0,-0.49799395,-2.372654,9.864111,-0.21013765,-0.09407325,-0.080634214
1656.0,-0.50757074,-2.1906946,9.643845,-0.2003638,-0.096516706,-0.080634214
1666.0,-0.50038815,-2.0709844,9.610326,-0.16982053,-0.08674286,-0.0720821
1676.0,-0.45968673,-2.0278888,9.574412,-0.13194689,-0.095294975,-0.06963864
1685.0,-0.39743748,-2.0805612,9.65821,-0.09407325,-0.10140363,-0.081855945
1695.0,-0.320823,-2.1571758,9.792285,-0.035430185,-0.087964594,-0.08674286
1706.0,-0.4141969,-2.4037786,9.715671,0.030543262,-0.103847094,-0.065973446
1715.0,-0.41180268,-2.6072857,9.504981,0.07574729,-0.1160644,-0.05009095
1727.0,-0.4261679,-2.5234885,9.600749,0.10751228,-0.105068825,-0.064751714
1736.0,-0.34237084,-2.3199813,9.595961,0.10873401,-0.1001819,-0.09040806
1746.0,-0.22984336,-1.9393034,9.548077,0.08552113,-0.10140363,-0.096516706
1756.0,-0.23463176,-1.9009962,9.442732,0.06352998,-0.09773844,-0.080634214
1767.0,-0.23223756,-2.0207062,9.548077,0.04153884,-0.08674286,-0.0720821
1775.0,-0.1436521,-2.1523874,9.519346,0.02565634,-0.095294975,-0.081855945
1784.0,-0.17956513,-2.1068976,9.351752,0.0061086523,-0.09040806,-0.095294975
1796.0,-0.16519992,-2.1045034,9.337387,0.0036651916,-0.07941248,-0.09896017
1805.0,-0.19871874,-2.1308396,9.375694,0.032986723,-0.08674286,-0.089186326
1815.0,-0.23463176,-2.1787236,9.399636,0.06352998,-0.089186326,-0.07819075
1826.0,-0.33997664,-2.303222,9.361329,0.09407325,-0.09162979,-0.07574729
1836.0,-0.31603462,-2.3750482,9.385271,0.1160644,-0.10262536,-0.07086037
1845.0,-0.24420857,-2.255338,9.437943,0.11728613,-0.10751228,-0.073303826
1854.0,-0.2801216,-2.1045034,9.502586,0.10751228,-0.111177474,-0.07696902
1865.0,-0.32561144,-2.0398598,9.437943,0.07696902,-0.103847094,-0.0720821
1875.0,-0.35673606,-2.0039468,9.421184,0.05009095,-0.095294975,-0.059864793
1887.0,-0.33758244,-2.1260512,9.284714,0.05131268,-0.09162979,-0.04642576
1896.0,-0.29209262,-2.1140802,9.325416,0.07941248,-0.08552113,-0.04520403
1906.0,-0.37828386,-2.2984335,9.25359,0.11484267,-0.0842994,-0.052534413
1917.0,-0.45968673,-2.2840683,9.378088,0.14905111,-0.081855945,-0.057421334
1928.0,-0.4261679,-2.2720973,9.536105,0.18448131,-0.073303826,-0.062308256
1935.0,-0.36631286,-2.348712,9.476251,0.19303341,-0.07574729,-0.064751714
1947.0,-0.29688102,-2.0518308,9.476251,0.16737708,-0.064751714,-0.073303826
1957.0,-0.272939,-1.8722657,9.543288,0.1160644,-0.05009095,-0.08307768
1967.0,-0.36391866,-1.6783354,9.406818,0.047647487,-0.04153884,-0.08307768
1975.0,-0.35673606,-1.7142484,9.44752,-0.017104227,-0.028099801,-0.07452556
1986.0,-0.36631286,-1.8171991,9.270349,-0.057421334,-0.009773844,-0.073303826
1996.0,-0.3184288,-1.8938135,9.330204,-0.057421334,0.002443461,-0.08307768
2008.0,-0.37349546,-1.9728222,9.404425,-0.029321533,0.0061086523,-0.09162979
2016.0,-0.34955344,-2.0973208,9.437943,-0.014660766,0.013439035,-0.09896017
2028.0,-0.41180268,-2.0709844,9.643845,-0.012217305,0.019547688,-0.10140363
2037.0,-0.4261679,-2.0638018,9.701305,-0.019547688,0.034208454,-0.095294975
2046.0,-0.37588966,-2.0518308,9.634268,-0.030543262,0.02687807,-0.08674286
2066.0,-0.39504328,-2.0374656,9.643845,-0.040317107,0.035430185,-0.081855945
2070.0,-0.38307226,-2.0135236,9.524135,-0.04153884,0.036651913,-0.080634214
2100.0,-0.44771573,-1.9201498,9.461885,-0.036651913,0.043982297,-0.07452556
2100.0,-0.44532153,-2.0111294,9.514558,-0.034208454,0.04520403,-0.06963864
2100.0,-0.4429273,-2.0231004,9.43076,-0.034208454,0.047647487,-0.06719518
2104.0,-0.33758244,-2.0398598,9.428367,-0.018325957,0.047647487,-0.059864793
2113.0,-0.34237084,-2.099715,9.464279,0.002443461,0.042760566,-0.04886922
2125.0,-0.4357447,-2.171541,9.507375,0.019547688,0.040317107,-0.04642576
2134.0,-0.47405192,-2.2098482,9.497798,0.036651913,0.040317107,-0.037873644
2145.0,-0.31603462,-2.1164744,9.531317,0.04642576,0.04642576,-0.02565634
2154.0,-0.2896984,-2.0757728,9.528923,0.058643065,0.047647487,-0.029321533
2164.0,-0.32800564,-1.9967642,9.569624,0.061086524,0.05375614,-0.034208454
2175.0,-0.3854665,-2.018312,9.583989,0.058643065,0.052534413,-0.02321288
2186.0,-0.34715924,-2.0374656,9.540894,0.042760566,0.05131268,-0.0061086523
2195.0,-0.35194764,-1.9847932,9.583989,0.0061086523,0.062308256,0.0
2206.0,-0.4261679,-1.970428,9.545682,-0.028099801,0.06352998,-0.002443461
2215.0,-0.4309563,-1.9560628,9.514558,-0.02321288,0.058643065,0.018325957
2227.0,-0.41180268,-2.0925324,9.548077,-0.02321288,0.058643065,0.018325957
2235.0,-0.47405192,-2.2122424,9.471462,0.02443461,0.036651913,0.028099801
2248.0,-0.4189853,-2.1883004,9.481039,0.07696902,0.042760566,0.019547688
2256.0,-0.4189853,-2.1092918,9.471462,0.103847094,0.04642576,0.0061086523
2266.0,-0.37828386,-1.9081788,9.452309,0.103847094,0.04886922,0.004886922
2276.0,-0.39983168,-1.8794483,9.428367,0.07941248,0.056199603,0.008552114
2287.0,-0.4165911,-1.9680338,9.449914,0.0,0.07574729,0.008552114
2297.0,-0.3878607,-2.0518308,9.433155,-0.010995574,0.07452556,-0.004886922
2308.0,-0.4309563,-2.0709844,9.25359,-0.012217305,0.06841691,-0.014660766
2317.0,-0.38067806,-2.0350714,9.251195,-0.013439035,0.065973446,-0.019547688
2329.0,-0.4285621,-2.0518308,9.260772,-0.010995574,0.058643065,-0.02076942
2337.0,-0.45968673,-2.0159178,9.205706,-0.004886922,0.05131268,-0.02321288
2347.0,-0.49559975,-2.078167,9.25359,0.012217305,0.05131268,-0.028099801
2357.0,-0.4405331,-2.15957,9.478644,0.043982297,0.047647487,-0.029321533
2368.0,-0.41180268,-2.2864625,9.464279,0.08674286,0.032986723,-0.02443461
2377.0,-0.33997664,-2.2026656,9.485827,0.12095132,0.029321533,-0.019547688
2386.0,-0.47644615,-2.1883004,9.545682,0.12461651,0.03176499,-0.017104227
2396.0,-0.37110126,-2.030283,9.531317,0.09285152,0.029321533,-0.02076942
2407.0,-0.34955344,-1.8507179,9.500193,0.04642576,0.035430185,-0.02443461
2417.0,-0.37110126,-1.7788919,9.409213,0.008552114,0.039095376,-0.030543262
2429.0,-0.37110126,-1.8124107,9.255983,-0.012217305,0.032986723,-0.032986723
2437.0,-0.36631286,-1.8722657,9.203311,-0.02076942,0.034208454,-0.035430185
2447.0,-0.40222588,-1.9895816,9.28232,-0.02076942,0.043982297,-0.039095376
2457.0,-0.4285621,-2.0925324,9.404425,-0.015882496,0.04886922,-0.042760566
2467.0,-0.4285621,-2.2529438,9.449914,-0.007330383,0.04642576,-0.04642576
2477.0,-0.39504328,-2.3247697,9.509769,0.010995574,0.05131268,-0.04642576
2488.0,-0.51954174,-2.2218192,9.509769,0.028099801,0.05497787,-0.04642576
2497.0,-0.50278234,-2.1428106,9.423578,0.037873644,0.061086524,-0.05009095
2507.0,-0.5793968,-1.9321208,9.361329,0.036651913,0.061086524,-0.056199603
2517.0,-0.5410896,-1.8602947,9.3421755,0.021991149,0.057421334,-0.057421334
2528.0,-0.5793968,-1.7357962,9.337387,-0.0036651916,0.058643065,-0.062308256
2537.0,-0.5243302,-1.7262194,9.358934,-0.032986723,0.059864793,-0.07574729
2549.0,-0.5506664,-1.7405846,9.299079,-0.064751714,0.057421334,-0.08552113
2557.0,-0.50038815,-1.7621324,9.270349,-0.09162979,0.052534413,-0.09040806
2567.0,-0.58897364,-1.934515,9.287108,-0.11484267,0.062308256,-0.09162979
2576.0,-0.58897364,-2.0231004,9.404425,-0.12461651,0.058643065,-0.08674286
2587.0,-0.51475334,-2.123657,9.3733,-0.12461651,0.05375614,-0.080634214
2597.0,-0.581791,-2.2337902,9.392453,-0.11484267,0.04642576,-0.0720821
2609.0,-0.5506664,-2.2290018,9.428367,-0.087964594,0.042760566,-0.059864793
2617.0,-0.60333884,-2.1906946,9.552865,-0.042760566,0.035430185,-0.04886922
2630.0,-0.51954174,-2.207454,9.524135,0.007330383,0.02321288,-0.03176499
2638.0,-0.5291186,-2.2409728,9.435549,0.04886922,0.013439035,-0.015882496
2648.0,-0.581791,-2.1021092,9.531317,0.07574729,0.007330383,-0.012217305
2657.0,-0.50996494,-2.0111294,9.507375,0.0842994,0.0,-0.008552114
2669.0,-0.49320555,-1.8555063,9.519346,0.07086037,-0.009773844,-0.0036651916
2676.0,-0.5626374,-1.8650831,9.497798,0.04153884,-0.0036651916,-0.0012217305
2686.0,-0.48362875,-1.8626889,9.557653,0.010995574,-0.002443461,0.0012217305
2697.0,-0.48362875,-1.9273324,9.615114,-0.010995574,-0.004886922,-0.0012217305
2708.0,-0.49081135,-2.0925324,9.648633,-0.017104227,-0.0036651916,0.002443461
2719.0,-0.3878607,-2.099715,9.634268,-0.010995574,-0.002443461,0.010995574
2731.0,-0.46686932,-2.2002714,9.832987,0.0061086523,0.0061086523,0.010995574
2736.0,-0.5530606,-2.2649148,9.878476,0.035430185,0.009773844,0.013439035
2748.0,-0.581791,-2.2122424,9.799467,0.06719518,0.0012217305,0.02687807
2757.0,-0.47405192,-2.0973208,9.730036,0.09285152,0.0061086523,0.035430185
2768.0,-0.45250413,-1.9488802,9.672575,0.11728613,0.018325957,0.035430185
2778.0,-0.5267244,-1.9440918,9.591172,0.12217305,0.015882496,0.035430185
2789.0,-0.47644615,-1.7836803,9.485827,0.09407325,0.021991149,0.028099801
2798.0,-0.46208093,-1.6639702,9.445126,0.06841691,0.034208454,0.017104227
2808.0,-0.49320555,-1.7405846,9.471462,0.047647487,0.042760566,0.012217305
2818.0,-0.49559975,-1.7932571,9.449914,0.032986723,0.04153884,0.010995574
2828.0,-0.521936,-1.8435353,9.43076,0.02687807,0.052534413,0.0036651916
2838.0,-0.5530606,-1.8818425,9.488221,0.03176499,0.056199603,-0.0061086523
2849.0,-0.50038815,-1.7884687,9.49301,0.039095376,0.059864793,-0.010995574
2857.0,-0.51714754,-1.8818425,9.485827,0.04642576,0.06719518,-0.013439035
2867.0,-0.51475334,-1.8986019,9.557653,0.05009095,0.07819075,-0.014660766
2876.0,-0.50996494,-1.9728222,9.485827,0.059864793,0.07574729,-0.017104227
2886.0,-0.5626374,-2.0231004,9.49301,0.07819075,0.080634214,-0.02443461
2897.0,-0.5506664,-2.0326772,9.483433,0.09896017,0.080634214,-0.032986723
2907.0,-0.62249243,-1.9512744,9.416395,0.10751228,0.07941248,-0.043982297
2918.0,-0.5793968,-1.7932571,9.291897,0.10262536,0.08307768,-0.052534413
2928.0,-0.58418524,-1.7908629,9.361329,0.08307768,0.07819075,-0.058643065
2936.0,-0.60333884,-1.7501614,9.308656,0.06352998,0.08552113,-0.057421334
2946.0,-0.5626374,-1.8148049,9.277532,0.05497787,0.080634214,-0.058643065
2955.0,-0.5626374,-1.745373,9.356541,0.05009095,0.081855945,-0.06352998
2967.0,-0.58897364,-1.7190368,9.358934,0.05131268,0.07941248,-0.06841691
2975.0,-0.61052144,-1.7764976,9.354146,0.05009095,0.0720821,-0.07086037
2986.0,-0.62967503,-1.7956513,9.378088,0.04886922,0.0720821,-0.06719518
2997.0,-0.5530606,-1.9081788,9.469068,0.05009095,0.07819075,-0.06352998
3006.0,-0.533907,-1.9249382,9.540894,0.059864793,0.07086037,-0.057421334
