22.0,0.12928689,-2.6886885,10.0269165,-0.089186326,0.05497787,-0.039095376
32.0,0.12928689,-2.6886885,10.0269165,0.1600467,0.12095132,-0.11362094
39.0,0.4189853,-2.3535004,9.952697,0.0061086523,-0.2406809,-0.2687807
52.0,-0.60812724,-2.2625206,9.531317,-0.09773844,-0.37751472,-0.29077184
68.0,-0.090979666,-1.8459295,9.552865,-0.034208454,0.43004912,0.09285152
68.0,1.340753,-1.5155296,9.703699,-0.15149458,0.4654793,0.13194689
80.0,0.11492168,-1.4580688,9.809045,-0.267559,0.31520647,0.08307768
89.0,0.62009823,-1.7022774,10.084377,-0.3042109,0.204029,0.02687807
98.0,-0.2681506,-2.042254,10.326192,-0.26389378,0.2321288,0.042760566
109.0,-1.1061212,-2.3678656,10.275913,-0.20158553,0.25411993,0.043982297
121.0,-0.4261679,-2.3439236,10.637438,-0.1563815,0.28221974,0.019547688
130.0,-0.25139117,-2.1883004,11.044453,-0.12583824,0.33841935,0.0
139.0,-0.19871874,-1.9800048,11.130644,-0.13072516,0.41050145,-0.007330383
148.0,-0.11971009,-1.5945383,10.967838,-0.15882497,0.4642576,-0.034208454
159.0,-0.033518825,-1.661576,11.034876,-0.13316862,0.5143485,-0.09162979
169.0,-0.1412579,-1.3479356,10.601525,-0.2846632,0.6805039,-0.04886922
182.0,-0.24181437,-1.520318,10.522516,-0.28099802,0.7293731,-0.07574729
189.0,-0.39983168,-1.922544,10.864887,-0.16126843,0.79168135,-0.112399206
199.0,-0.6631939,-2.0901382,10.309433,-0.1441642,0.84421575,-0.11728613
209.0,-0.9768343,-2.2936451,10.199299,-0.17470746,0.9016371,-0.19303341
219.0,-1.1540052,-2.0901382,9.902418,-0.2284636,0.91874135,-0.24312437
229.0,-0.9983821,-2.099715,9.818622,-0.3933972,0.93462384,-0.21135938
242.0,-0.47884035,-1.8124107,9.828198,-0.7110472,0.97127575,-0.14294247
249.0,-0.49799395,-1.8052281,9.744401,-1.1850786,1.0506883,-0.12583824
260.0,-0.45250413,-1.9752164,9.411607,-1.781283,1.1117748,-0.11362094
269.0,-0.49799395,-2.3774424,9.102755,-2.3188446,1.1863003,-0.06719518
281.0,-0.6703765,-2.9400797,8.789114,-2.7305677,1.2302825,-0.010995574
289.0,-1.0271125,-3.3303347,8.408437,-3.0518827,1.2315043,0.028099801
300.0,-1.3263878,-3.3063924,8.070854,-3.3670893,1.1899655,0.06841691
309.0,-1.340753,-3.0597897,7.687782,-3.79836,1.1142182,0.1441642
319.0,-1.460463,-2.944868,6.6774287,-4.492303,1.0005972,0.2565634
330.0,-1.4772224,-3.074155,5.571307,-5.5735345,0.9443977,0.37995818
341.0,-1.5155296,-4.2425256,4.7764325,-6.930877,0.9492846,0.45814893
350.0,-1.757344,-5.0781016,3.976769,-8.307767,0.9334021,0.45448375
361.0,-2.0494366,-5.872977,3.6655228,-9.440311,0.8784242,0.44593164
370.0,-2.5713725,-6.5936313,3.016694,-10.311405,0.7867944,0.52778757
380.0,-3.1292217,-7.177817,2.4492683,-10.991909,0.68783426,0.6914995
390.0,-3.4404678,-7.603985,1.3575124,-11.456167,0.5925393,0.8197812
400.0,-3.550601,-8.111555,0.079008654,-11.687074,0.4605924,0.82711154
410.0,-3.490746,-8.3629465,-0.80445176,-11.716395,0.3286455,0.73792523
421.0,-3.4500446,-8.659827,-1.8052281,-11.580783,0.25289822,0.6401868
430.0,-3.5577838,-9.011775,-2.1380222,-11.263133,0.172264,0.54244834
440.0,-3.6343982,-9.28232,-2.468422,-10.774441,0.089186326,0.48624873
450.0,-3.526659,-9.251195,-2.3942018,-10.11715,0.05009095,0.49968776
460.0,-3.193865,-8.59279,-1.6519991,-9.261939,0.032986723,0.47158796
470.0,-2.6719291,-7.383718,-1.8291701,-8.206364,0.16126843,0.3494149
482.0,-2.4061728,-6.519411,-2.018312,-7.1287975,0.30787608,0.2321288
490.0,-2.5187001,-5.7389016,-3.145981,-6.2076125,0.45081854,0.15027285
500.0,-2.7581203,-5.044583,-4.3023806,-5.634621,0.6243043,0.07086037
510.0,-3.2273839,-4.6495395,-5.521029,-5.3059754,0.7012733,-0.039095376
520.0,-3.5434184,-5.011064,-6.3087215,-5.1019464,0.6658431,-0.1563815
530.0,-3.2369606,-6.033388,-6.95755,-4.8270574,0.65240407,-0.24923302
541.0,-3.2824504,-6.95755,-7.101202,-4.3139305,0.6646214,-0.30909783
550.0,-3.3255463,-7.548918,-7.043741,-3.6822958,0.6927212,-0.32986724
560.0,-3.3159695,-7.33344,-7.3789296,-3.0677652,0.7452556,-0.344528
571.0,-3.4261026,-6.7731967,-7.620744,-2.6010642,0.7318166,-0.35308012
583.0,-3.157952,-6.196194,-7.9702973,-2.39337,0.675617,-0.31764993
591.0,-2.6671407,-5.7748146,-8.104373,-2.3188446,0.66706485,-0.2724459
602.0,-2.4779987,-5.6359506,-8.090008,-2.2418754,0.64996064,-0.23457226
612.0,-2.2649148,-6.0477533,-8.123527,-2.0635028,0.63041294,-0.21502456
622.0,-2.1428106,-6.289568,-8.133103,-1.6652187,0.6377433,-0.21135938
632.0,-2.171541,-6.4068837,-8.3150625,-1.1129965,0.6218608,-0.21991149
642.0,-2.2026656,-6.4068837,-8.465898,-0.5314528,0.6059783,-0.2284636
651.0,-2.2625206,-6.3302693,-8.590396,0.015882496,0.5864306,-0.2443461
662.0,-2.183512,-6.253655,-8.858546,0.49235737,0.5717699,-0.25534168
670.0,-2.2505496,-6.191406,-8.973468,0.89552844,0.5204572,-0.267559
682.0,-2.3008277,-6.0166287,-9.153033,1.1826351,0.46792278,-0.26511553
691.0,-2.4061728,-5.4803276,-8.846576,1.2449434,0.40194935,-0.2406809
701.0,-2.0709844,-5.583278,-8.726865,1.1313224,0.33841935,-0.24801129
711.0,-1.9369092,-5.985504,-8.449138,0.98837996,0.30665436,-0.25167647
722.0,-2.0015526,-6.4739213,-8.14268,0.9505063,0.29443705,-0.23335053
731.0,-2.1906946,-6.76362,-7.9822683,1.0042624,0.29443705,-0.20769419
742.0,-2.2888567,-6.6750345,-7.797915,1.0714576,0.2773328,-0.18325958
752.0,-2.360683,-6.7372837,-7.627927,1.1178834,0.23945917,-0.16982053
761.0,-2.384625,-6.6774287,-7.398083,1.1337659,0.22602014,-0.15882497
772.0,-2.2505496,-6.421249,-7.4148426,1.1178834,0.22113322,-0.1441642
784.0,-2.3654714,-6.2943563,-7.6710224,1.0567969,0.20280726,-0.1441642
792.0,-2.4660277,-6.2392898,-7.8170686,0.99204516,0.18448131,-0.13927728
802.0,-2.6264393,-6.3326635,-7.8266454,0.9016371,0.15271631,-0.12339478
812.0,-2.7222073,-6.528988,-7.7572136,0.80756384,0.089186326,-0.119729586
823.0,-2.741361,-6.7205243,-7.642292,0.73792523,0.028099801,-0.111177474
834.0,-2.5713725,-6.811504,-7.405266,0.6805039,-0.018325957,-0.087964594
844.0,-2.4827871,-6.83784,-7.1251445,0.63407815,-0.040317107,-0.07086037
853.0,-2.4037786,-6.7684083,-6.83784,0.6133087,-0.062308256,-0.05131268
864.0,-2.528277,-6.655881,-6.825869,0.6536258,-0.07452556,-0.034208454
874.0,-2.5761611,-6.7731967,-6.7971387,0.7415904,-0.0720821,-0.02565634
885.0,-2.6192567,-6.7229185,-6.8522053,0.86009824,-0.0842994,-0.019547688
893.0,-2.597709,-6.5960255,-7.055712,0.9859365,-0.07819075,-0.012217305
905.0,-2.7341783,-6.5146227,-7.1395097,1.0616838,-0.09285152,-0.0061086523
913.0,-2.8323407,-6.6630635,-7.326257,1.0763446,-0.119729586,-0.004886922
924.0,-2.837129,-6.95755,-7.2927384,1.0885619,-0.14294247,0.007330383
933.0,-2.789245,-7.3071036,-7.117962,1.1484267,-0.17470746,0.017104227
945.0,-2.705448,-7.369353,-6.9288197,1.2559389,-0.18448131,0.028099801
955.0,-2.693477,-7.419631,-6.739678,1.3756685,-0.19058995,0.047647487
963.0,-2.5594015,-7.445967,-6.5241995,1.4990633,-0.21013765,0.058643065
973.0,-2.5689783,-7.216124,-6.4906807,1.8057177,-0.21380283,0.073303826
986.0,-2.5785553,-7.3669586,-6.435614,1.8057177,-0.21380283,0.073303826
992.0,-2.6623523,-7.395689,-6.3709707,1.971873,-0.25045475,0.059864793
1002.0,-2.717419,-7.9343843,-6.3302693,2.2235496,-0.2932153,0.047647487
1013.0,-2.7222073,-8.549694,-6.1411276,3.2363641,-0.4361578,0.010995574
1023.0,-2.707842,-9.947908,-5.559336,4.0463715,-0.54000485,-0.028099801
1036.0,-2.5450363,-10.649409,-5.3941364,5.0799556,-0.6243043,-0.09407325
1044.0,-2.420538,-10.620679,-5.3127337,6.3200116,-0.66706485,-0.13683382
1063.0,-2.5019407,-10.563218,-5.0158525,7.588168,-0.72326446,-0.172264
1063.0,-2.669535,-10.445902,-5.0182467,8.717047,-0.8038987,-0.21868975
1072.0,-2.8060043,-10.0269165,-5.0996494,9.5881405,-0.90041536,-0.19792034
1084.0,-3.0119057,-9.294291,-4.9081135,10.136698,-1.0164797,-0.08552113
1092.0,-3.2082303,-8.937555,-4.1156325,10.324844,-1.1704178,0.07696902
1102.0,-3.2992098,-8.875306,-2.8921957,10.255206,-1.2962561,0.2773328
1113.0,-3.1507695,-9.018958,-1.5011644,10.129368,-1.3622295,0.49235737
1123.0,-3.0334535,-8.908825,0.055066638,10.040181,-1.4147639,0.6817256
1133.0,-2.6862943,-8.678981,1.673547,9.935112,-1.4636332,0.84788096
1144.0,-2.542642,-8.3629465,2.5234885,9.7995,-1.4501941,1.0042624
1153.0,-2.3774424,-8.11395,3.5242648,9.634566,-1.4257594,1.1569787
1163.0,-2.5354595,-7.764396,4.510676,9.420764,-1.3658947,1.359786
1174.0,-2.791639,-7.7189064,3.98874,9.061575,-1.3060299,1.5564847
1185.0,-2.882619,-7.1849995,4.2760444,8.59243,-1.2742649,1.7067575
1193.0,-2.8874073,-6.409278,4.261679,7.9779,-1.2742649,1.8423696
1205.0,-2.9041667,-5.377377,3.715801,7.1373496,-1.3231341,2.008525
1215.0,-2.566584,-3.8235402,3.0119057,6.00114,-1.3903292,2.162463
1225.0,-2.1739352,-2.15957,2.8419175,4.575381,-1.4404203,2.2907448
1233.0,-1.9991584,-0.6871359,2.8395233,2.9895744,-1.4770721,2.3970351
1244.0,-1.2904748,0.7110779,3.5913026,1.4538593,-1.4831808,2.39337
1255.0,-1.4149733,1.2306197,1.7908629,0.26145032,-1.6627752,2.1038198
1266.0,3.9025488,3.9193082,19.879057,-1.0433578,-1.1349876,1.4782939
1274.0,5.626374,6.7684083,22.486341,-2.125811,-0.2003638,0.51923543
1285.0,3.3925838,9.16261,18.282124,-1.1337659,-0.06841691,-0.3213151
1294.0,1.8770541,4.5034933,11.87524,1.3439035,-0.2003638,-0.1966986
1304.0,-1.2521675,-2.825158,7.908048,1.9926424,0.009773844,0.46792278
1314.0,-4.675876,-6.2704144,6.6726403,1.097114,-0.065973446,1.3219124
1325.0,-5.185841,-6.706159,5.4324436,0.23579398,-0.27122417,1.6163495
1335.0,-3.715801,-6.5816603,4.879383,-0.27977628,-0.38362336,0.97127575
1345.0,-1.8722657,-6.090849,5.9448028,-0.3200934,-0.5204572,0.25289822
1354.0,-0.80924016,-5.41329,6.5720835,-0.16982053,-0.6206391,0.12461651
1364.0,-0.17477672,-4.489128,8.197746,-0.032986723,-0.61453044,0.3652974
1374.0,-0.23223756,-2.8395233,9.636662,0.07452556,-0.57543504,0.5290093
1387.0,-0.59615624,-0.8571242,11.077971,0.09407325,-0.4801401,0.49480084
1394.0,-0.91697925,0.5722142,11.305421,0.052534413,-0.38606682,0.43371433
1404.0,-0.94331545,0.1316811,10.737994,-0.08552113,-0.30298916,0.40317106
1415.0,-1.1540052,-1.5370775,10.038888,-0.3200934,-0.19547687,0.34330627
1424.0,-1.5251064,-2.9520507,9.68694,-0.48380527,-0.119729586,0.2932153
1434.0,-1.7788919,-3.4931402,9.445126,-0.49357912,-0.10140363,0.28221974
1445.0,-1.6472107,-3.2202013,9.555259,-0.33841935,-0.10873401,0.2443461
1454.0,-1.4700398,-2.6862943,9.603143,-0.10629055,-0.118507855,0.15515977
1465.0,-1.1875241,-2.1811178,9.674969,-0.015882496,-0.119729586,0.07696902
1474.0,-0.94570965,-2.0709844,9.564836,-0.11362094,-0.09407325,0.06963864
1486.0,-1.0295067,-2.147599,9.3733,-0.2883284,-0.05009095,0.11728613
1495.0,-1.3072342,-2.6479871,9.306262,-0.42638394,-0.02076942,0.14660765
1505.0,-1.448492,-3.0430303,9.32781,-0.45204028,-0.014660766,0.13316862
1513.0,-1.4317327,-3.3399115,9.519346,-0.34574974,-0.018325957,0.09285152
1524.0,-1.3575124,-3.2872388,9.689334,-0.17104226,-0.030543262,0.052534413
1535.0,-1.2330139,-3.1244333,9.576807,-0.019547688,-0.057421334,0.04520403
1544.0,-1.2808979,-2.633622,9.449914,0.059864793,-0.059864793,0.04642576
1554.0,-1.4460979,-2.2744915,9.370906,0.062308256,-0.040317107,0.02443461
1565.0,-1.400608,-2.1308396,9.251195,0.02076942,-0.02321288,0.008552114
1574.0,-1.388637,-2.0853498,9.052477,-0.037873644,-0.015882496,0.0036651916
1586.0,-1.3718776,-2.1691468,8.887277,-0.09040806,-0.017104227,-0.0036651916
1593.0,-1.4053963,-2.2625206,8.966286,-0.112399206,-0.02321288,-0.004886922
1604.0,-1.4341269,-2.5570073,9.006987,-0.096516706,-0.019547688,-0.004886922
1615.0,-1.5275006,-2.8083985,9.0476885,-0.062308256,-0.02565634,-0.015882496
1627.0,-1.4173675,-2.9616275,9.224859,-0.007330383,-0.029321533,-0.02076942
1634.0,-1.460463,-3.074155,9.411607,0.064751714,-0.032986723,-0.010995574
1644.0,-1.4652514,-2.9640217,9.481039,0.12461651,-0.040317107,-0.008552114
1655.0,-1.4389153,-2.8179753,9.548077,0.16737708,-0.039095376,-0.02076942
1665.0,-1.3958195,-2.621651,9.414001,0.17104226,-0.037873644,-0.040317107
1675.0,-1.3503298,-2.3391352,9.31105,0.11484267,-0.015882496,-0.059864793
1686.0,-1.3838485,-2.1380222,9.174581,0.019547688,0.012217305,-0.06963864
1694.0,-1.3814543,-2.2529438,9.054871,-0.08307768,0.035430185,-0.07452556
1705.0,-1.3455414,-2.492364,9.030929,-0.15027285,0.04642576,-0.0720821
1713.0,-1.4197617,-2.8538885,8.992621,-0.16126843,0.05375614,-0.059864793
1724.0,-1.5658079,-3.083732,9.121908,-0.10629055,0.052534413,-0.04886922
1733.0,-1.5634137,-3.1292217,9.196129,-0.008552114,0.035430185,-0.05375614
1745.0,-1.5825673,-2.9879637,9.136273,0.057421334,0.012217305,-0.089186326
1754.0,-1.448492,-2.6623523,9.052477,0.057421334,0.007330383,-0.12095132
1764.0,-1.472434,-2.4372973,8.925584,0.004886922,0.009773844,-0.12339478
1775.0,-1.6017209,-2.4540567,8.78672,-0.08674286,0.010995574,-0.111177474
1786.0,-1.6184803,-2.6599581,8.762778,-0.172264,0.008552114,-0.10262536
1795.0,-1.6807296,-2.7222073,8.688558,-0.23579398,-0.002443461,-0.10262536
1805.0,-1.757344,-2.8658595,8.789114,-0.26145032,-0.017104227,-0.111177474
1815.0,-1.8004397,-2.942474,8.901642,-0.25045475,-0.02076942,-0.12095132
1825.0,-1.8435353,-3.0813377,9.076419,-0.19303341,-0.032986723,-0.10629055
1834.0,-1.8291701,-3.1914709,9.272743,-0.08674286,-0.042760566,-0.081855945
1844.0,-1.8267759,-3.2920272,9.406818,0.010995574,-0.065973446,-0.062308256
1855.0,-2.0135236,-3.2752678,9.368511,0.065973446,-0.0842994,-0.036651913
1866.0,-2.0614076,-2.96881,9.143456,0.08552113,-0.06719518,-0.030543262
1874.0,-1.6783354,-2.2457612,8.865729,0.032986723,-0.05375614,-0.047647487
1885.0,-1.4915876,-1.9536686,8.631097,-0.05497787,-0.042760566,-0.05009095
1895.0,-1.3383588,-1.8243817,8.647857,-0.13805555,-0.035430185,-0.035430185
1905.0,-1.3838485,-1.9776106,8.6334915,-0.19058995,-0.040317107,-0.02687807
1915.0,-1.3431472,-2.1859062,8.688558,-0.21135938,-0.058643065,-0.040317107
1925.0,-1.2545617,-2.3223755,8.89446,-0.2003638,-0.0720821,-0.05131268
1935.0,-1.3575124,-2.5809495,8.868123,-0.1600467,-0.08307768,-0.04886922
1945.0,-1.2976574,-2.8514943,9.126697,-0.10873401,-0.10262536,-0.042760566
1955.0,-1.3263878,-3.074155,9.229648,-0.062308256,-0.112399206,-0.028099801
1964.0,-1.3479356,-3.1435869,9.323022,-0.019547688,-0.12950343,-0.014660766
1975.0,-1.364695,-3.0933087,9.16261,-0.002443461,-0.13805555,-0.008552114
1988.0,-1.42455,-2.846706,9.126697,-0.030543262,-0.13439035,-0.0012217305
1993.0,-1.2497733,-2.6192567,9.016563,-0.089186326,-0.13805555,0.007330383
2005.0,-1.2234371,-2.3822308,8.846576,-0.1685988,-0.14538592,0.013439035
2016.0,-1.3239936,-2.3080103,8.772355,-0.2602286,-0.15271631,0.015882496
2025.0,-1.2904748,-2.3942018,8.614338,-0.3371976,-0.16982053,0.013439035
2035.0,-1.316811,-2.4756045,8.463503,-0.39706242,-0.204029,0.004886922
2063.0,-1.3503298,-2.707842,8.322245,-0.4654793,-0.23945917,-0.0061086523
2063.0,-1.2976574,-2.7988217,8.295909,-0.5497787,-0.2846632,-0.015882496
2063.0,-1.4269443,-2.813187,8.257602,-0.6731735,-0.33108896,-0.015882496
2073.0,-1.5705963,-2.7269957,8.343793,-0.8063421,-0.3726278,-0.02321288
2085.0,-1.6041151,-2.9999347,8.614338,-0.88453287,-0.39095375,-0.056199603
2094.0,-1.6567876,-3.4093432,8.918402,-0.86376345,-0.41783184,-0.081855945
2106.0,-1.4700398,-3.9217024,9.3421755,-0.72326446,-0.44226643,-0.06963864
2114.0,-1.127669,-4.6710877,9.433155,-0.45570546,-0.4251622,-0.017104227
2124.0,-0.9672575,-5.1786585,9.56723,-0.13439035,-0.4166101,0.040317107
2134.0,-0.92895025,-5.305551,9.390059,0.13072516,-0.4447099,0.06841691
2145.0,-0.7493851,-4.951209,9.473856,0.27977628,-0.44593164,0.080634214
2155.0,-0.59855044,-4.6279917,9.5385,0.31398472,-0.4202753,0.09407325
2165.0,-0.45968673,-4.19943,9.758766,0.28344148,-0.38362336,0.10262536
2175.0,-0.39504328,-3.9600096,9.900024,0.24801129,-0.36041048,0.10262536
2185.0,-0.3184288,-3.763685,9.988609,0.22724187,-0.3323107,0.105068825
2194.0,-0.22505496,-3.550601,9.931149,0.2284636,-0.28710666,0.10629055
2205.0,-0.35194764,-3.5051112,10.115502,0.2687807,-0.24923302,0.11484267
2215.0,-0.47165772,-3.4117374,9.653421,0.33841935,-0.2284636,0.1282817
2226.0,-0.5674258,-3.2489316,9.490616,0.38973203,-0.20280726,0.12339478
2235.0,-0.5243302,-3.004723,9.3182335,0.37384954,-0.18203785,0.10140363
2244.0,-0.49799395,-2.6240451,9.205706,0.2883284,-0.1600467,0.08552113
2256.0,-0.46447513,-2.6719291,9.284714,0.18570304,-0.119729586,0.080634214
2267.0,-0.50757074,-2.8514943,9.198523,0.15149458,-0.1001819,0.064751714
2275.0,-0.49559975,-2.944868,9.200917,0.20280726,-0.08674286,0.043982297
2288.0,-0.56982,-3.0502129,9.100361,0.27488935,-0.09285152,0.02687807
2295.0,-0.59136784,-2.9712043,9.090784,0.31887165,-0.08674286,0.02321288
2305.0,-0.62967503,-2.8658595,8.939949,0.30909783,-0.0720821,0.012217305
2315.0,-0.5410896,-2.8514943,9.006987,0.24923302,-0.052534413,-0.019547688
2325.0,-0.62967503,-2.861071,9.002198,0.18325958,-0.034208454,-0.039095376
2335.0,-0.60333884,-2.7605145,9.040505,0.13805555,-0.02321288,-0.04153884
2346.0,-0.5434838,-2.5905263,9.107543,0.11362094,-0.019547688,-0.04520403
2354.0,-0.5793968,-2.765303,9.143456,0.09407325,-0.008552114,-0.061086524
2365.0,-0.5530606,-2.801216,9.267955,0.096516706,0.002443461,-0.07086037
2376.0,-0.61291564,-2.9831753,9.246407,0.13561209,0.02321288,-0.073303826
2386.0,-0.6919243,-3.1028855,9.291897,0.19914207,0.04153884,-0.07941248
2395.0,-0.557849,-3.181894,9.291897,0.25045475,0.039095376,-0.0842994
2406.0,-0.581791,-3.1244333,9.32781,0.2687807,0.043982297,-0.089186326
2415.0,-0.59855044,-2.8921957,9.277532,0.24678956,0.05131268,-0.09040806
2425.0,-0.60333884,-2.6479871,9.169792,0.2003638,0.052534413,-0.09285152
2435.0,-0.5482722,-2.4708161,9.057265,0.1441642,0.056199603,-0.096516706
2445.0,-0.521936,-2.4851813,9.033323,0.07696902,0.056199603,-0.08674286
2457.0,-0.46686932,-2.633622,9.02614,0.028099801,0.05131268,-0.061086524
2467.0,-0.5386954,-2.7748797,9.126697,0.015882496,0.052534413,-0.05131268
2475.0,-0.5267244,-2.755726,9.160215,0.039095376,0.042760566,-0.05497787
2488.0,-0.45968673,-2.6791117,9.222465,0.06352998,0.04153884,-0.056199603
2495.0,-0.557849,-2.815581,9.323022,0.07452556,0.04520403,-0.04520403
2505.0,-0.5554548,-2.9975405,9.275137,0.09040806,0.030543262,-0.02687807
2516.0,-0.60094464,-2.930503,9.289502,0.1160644,0.02321288,-0.02687807
2527.0,-0.5722142,-2.7581203,9.28232,0.11728613,0.012217305,-0.036651913
2536.0,-0.56982,-2.5474305,9.227253,0.052534413,0.008552114,-0.02443461
2546.0,-0.63206923,-2.504335,9.19134,-0.034208454,0.015882496,0.0
2556.0,-0.58897364,-2.6767175,9.169792,-0.07696902,0.015882496,0.010995574
2565.0,-0.6536171,-2.8323407,9.167398,-0.073303826,0.010995574,0.0061086523
2575.0,-0.6607997,-2.705448,9.19134,-0.043982297,0.0012217305,0.008552114
2588.0,-0.6464345,-2.8419175,9.296685,-0.0012217305,-0.0012217305,0.030543262
2595.0,-0.7350199,-2.9233203,9.294291,0.039095376,-0.0036651916,0.042760566
2606.0,-0.63206923,-2.920926,9.306262,0.062308256,-0.015882496,0.03176499
2617.0,-0.63206923,-2.930503,9.275137,0.058643065,-0.007330383,0.029321533
2626.0,-0.6703765,-2.8299465,9.382876,0.05375614,0.0061086523,0.05131268
2637.0,-0.7445967,-2.8323407,9.356541,0.052534413,0.0012217305,0.062308256
2647.0,-0.6895301,-2.7485435,9.294291,0.040317107,-0.0012217305,0.047647487
2656.0,-0.7493851,-2.7269957,9.239224,0.02443461,0.002443461,0.04153884
2666.0,-0.7733272,-2.7365725,9.193734,0.017104227,-0.0036651916,0.05009095
2676.0,-0.6607997,-2.6862943,9.088389,0.043982297,0.0012217305,0.043982297
2686.0,-0.60573304,-2.6168625,8.980651,0.043982297,0.0012217305,0.043982297
2696.0,-0.6823475,-2.6384103,9.0476885,0.062308256,-0.0036651916,0.05497787
2707.0,-0.6919243,-2.7509377,9.016563,0.05375614,-0.02321288,0.04886922
2716.0,-0.7206547,-2.6551697,9.064447,0.037873644,-0.035430185,0.032986723
2726.0,-0.7278373,-2.6886885,9.16261,0.035430185,-0.047647487,0.02687807
2737.0,-0.6919243,-2.6647465,9.23683,0.05375614,-0.052534413,0.02687807
2747.0,-0.6847417,-2.6048915,9.244013,0.080634214,-0.056199603,0.018325957
2757.0,-0.7661445,-2.6384103,9.334992,0.08552113,-0.05009095,0.0036651916
2767.0,-0.6847417,-2.645593,9.203311,0.065973446,-0.04886922,-0.0012217305
2777.0,-0.59136784,-2.540248,9.181764,0.039095376,-0.05009095,-0.0061086523
2787.0,-0.56982,-2.6527755,9.105149,0.02565634,-0.043982297,-0.010995574
2796.0,-0.6464345,-2.8443117,9.193734,0.04153884,-0.040317107,-0.007330383
2805.0,-0.6368576,-2.932897,9.217676,0.087964594,-0.040317107,-0.0061086523
2816.0,-0.62488663,-2.8754363,9.25359,0.1282817,-0.04153884,-0.013439035
2827.0,-0.58657944,-2.72939,9.315839,0.12339478,-0.043982297,-0.02076942
2836.0,-0.557849,-2.5474305,9.368511,0.0720821,-0.030543262,-0.02321288
2846.0,-0.58418524,-2.5617957,9.301474,0.017104227,-0.018325957,-0.021991149
2857.0,-0.581791,-2.6120741,9.284714,-0.004886922,-0.012217305,-0.028099801
2866.0,-0.58897364,-2.5929205,9.390059,-0.009773844,-0.0012217305,-0.043982297
2877.0,-0.5363012,-2.6384103,9.485827,-0.014660766,0.009773844,-0.047647487
2889.0,-0.61052144,-2.753332,9.504981,-0.008552114,0.02443461,-0.029321533
2897.0,-0.5626374,-2.7485435,9.466674,0.019547688,0.02565634,-0.02443461
2906.0,-0.5410896,-2.822764,9.485827,0.05497787,0.037873644,-0.032986723
2917.0,-0.6344634,-2.7629087,9.334992,0.08307768,0.042760566,-0.034208454
2926.0,-0.6775591,-2.7126305,9.354146,0.09285152,0.037873644,-0.037873644
2937.0,-0.5722142,-2.5091233,9.28232,0.08307768,0.034208454,-0.047647487
2947.0,-0.6368576,-2.3343468,9.186552,0.039095376,0.035430185,-0.052534413
2956.0,-0.59136784,-2.372654,9.13388,-0.029321533,0.039095376,-0.047647487
2967.0,-0.6368576,-2.3798366,9.129091,-0.08674286,0.05009095,-0.047647487
2976.0,-0.5650316,-2.5115175,9.083601,-0.10629055,0.039095376,-0.05497787
2986.0,-0.60333884,-2.60968,9.059659,-0.09162979,0.036651913,-0.059864793
2997.0,-0.59376204,-2.6671407,9.066842,-0.061086524,0.030543262,-0.064751714
3007.0,-0.557849,-2.597709,9.14585,-0.037873644,0.014660766,-0.073303826
