18.0,-5.662287,0.8403648,8.463503,-0.019547688,-0.010995574,-0.021991149
38.0,-5.662287,0.8403648,8.463503,-0.019547688,-0.010995574,-0.021991149
38.0,-5.185841,0.8403648,8.334216,-0.02443461,-0.2968805,-0.27488935
56.0,-4.6495395,0.60573304,8.202535,-0.02443461,-0.2968805,-0.27488935
62.0,-4.584896,0.34955344,8.171411,-0.08674286,-0.43127087,-0.3042109
64.0,-4.7524905,0.7541735,8.149862,0.036651913,0.3481932,0.06719518
82.0,-4.781221,0.6631939,8.4108305,0.007330383,0.18448131,-0.042760566
85.0,-4.8841715,0.6823475,8.3868885,-0.0061086523,0.015882496,-0.059864793
95.0,-4.709395,0.5722142,8.408437,-0.02076942,0.014660766,-0.03176499
163.0,-4.6662993,0.62967503,8.3868885,-0.008552114,0.019547688,-0.036651913
163.0,-4.733337,0.6727707,8.3821,-0.004886922,0.034208454,-0.061086524
163.0,-4.7046065,0.62967503,8.451532,0.0,0.04642576,-0.07086037
163.0,-4.757279,0.6943185,8.403648,0.002443461,0.05497787,-0.06963864
163.0,-4.7884035,0.6895301,8.319851,0.0012217305,0.059864793,-0.07452556
163.0,-4.6830587,0.79487497,8.293514,0.0012217305,0.059864793,-0.081855945
164.0,-4.7979803,0.6775591,8.123527,-0.004886922,0.061086524,-0.08674286
175.0,-5.109226,0.5291186,7.9343843,-0.012217305,0.058643065,-0.087964594
184.0,-5.521029,0.095768064,7.8625584,0.015882496,0.035430185,-0.065973446
196.0,-4.7022123,0.107739076,7.8410106,0.111177474,-0.0061086523,-0.02443461
205.0,-4.8626237,0.6392518,7.867347,0.19547687,-0.040317107,-0.07086037
215.0,-4.5681367,1.1803415,8.020576,0.2125811,-0.047647487,-0.14660765
225.0,-5.2600613,1.3431472,8.058883,0.15393804,-0.02565634,-0.18936823
236.0,-5.305551,0.81163436,8.269572,0.03176499,0.008552114,-0.172264
245.0,-4.7764325,0.320823,8.4826565,-0.04886922,0.037873644,-0.14049901
256.0,-4.9464207,0.25378537,8.736442,-0.07574729,0.06963864,-0.13439035
265.0,-4.948815,0.04070143,8.743625,-0.08307768,0.08552113,-0.15882497
275.0,-5.0038815,-0.009576807,8.939949,-0.09040806,0.119729586,-0.18081611
285.0,-4.9895163,-0.1436521,8.935161,-0.10262536,0.16982053,-0.19303341
295.0,-4.8003745,-0.1364695,9.02614,-0.10629055,0.21135938,-0.19547687
305.0,-4.9105077,0.009576807,9.172187,-0.11362094,0.25900686,-0.18203785
316.0,-4.9105077,0.25857377,9.28232,-0.118507855,0.31031954,-0.18325958
325.0,-4.8458643,0.6775591,9.595961,-0.118507855,0.36651915,-0.20158553
336.0,-4.8578353,0.8858546,9.68694,-0.12950343,0.45081854,-0.21135938
346.0,-4.76925,0.8643068,9.900024,-0.16249016,0.5534439,-0.2125811
356.0,-4.733337,0.61052144,9.840169,-0.22479841,0.6621779,-0.20891592
366.0,-4.8123455,0.51714754,10.014946,-0.30665436,0.7855727,-0.2125811
377.0,-5.00867,0.33279404,10.218452,-0.38240165,0.9297369,-0.2284636
386.0,-5.3582234,0.17477672,10.46745,-0.46181414,1.0677924,-0.23457226
396.0,-5.947197,-0.0023942017,10.692505,-0.54000485,1.2180653,-0.22724187
406.0,-6.31351,-0.29448682,10.986992,-0.59986967,1.3768903,-0.2003638
416.0,-6.5816603,-0.34715924,11.389217,-0.63163465,1.5308284,-0.16371189
426.0,-6.682217,-0.06943185,11.504139,-0.6230826,1.6737708,-0.1282817
438.0,-6.6965823,0.110133275,11.405977,-0.625526,1.8142698,-0.058643065
446.0,-6.667852,-0.21068975,10.852917,-0.6963864,1.9633209,0.065973446
456.0,-6.823475,-0.8858546,10.441113,-0.77824235,2.1429152,0.20891592
466.0,-6.969521,-1.2904748,9.847352,-0.8381071,2.2944098,0.31520647
476.0,-7.1466923,-1.3862427,9.339781,-0.84665924,2.4092526,0.37140608
485.0,-7.1730285,-1.2976574,8.700529,-0.77457714,2.5057693,0.41416663
497.0,-7.043741,-1.2785037,8.305486,-0.66339964,2.5802948,0.48991394
506.0,-7.089231,-1.412579,7.93199,-0.593761,2.6719246,0.59986967
516.0,-7.237672,-1.6807296,7.309498,-0.5522222,2.7708848,0.70371675
526.0,-7.357382,-1.7142484,6.658275,-0.47403142,2.8356364,0.7696902
537.0,-7.36217,-1.6065093,5.825093,-0.34574974,2.856406,0.79534656
549.0,-7.2831616,-1.352724,5.209783,-0.19303341,2.8539624,0.8222246
559.0,-7.359776,-0.89064306,4.654328,-0.0720821,2.856406,0.87109387
569.0,-7.36217,-0.45968673,4.223372,-0.002443461,2.864958,0.92485
579.0,-7.5106106,-0.37828386,3.845088,0.03176499,2.8625145,0.9627236
589.0,-7.57286,-0.37110126,3.3734303,0.05009095,2.8515189,0.9896017
599.0,-7.69257,-0.1388637,3.1244333,0.07941248,2.8124237,1.0140363
609.0,-7.639898,0.22266077,2.6312277,0.16371189,2.7684412,1.0299188
620.0,-7.7189064,0.50278234,2.1212628,0.3115413,2.6988027,1.033584
629.0,-7.723695,0.8858546,1.8028339,0.46181414,2.6267207,1.0189233
640.0,-7.66384,1.0773908,1.6017209,0.5815437,2.5583036,0.9602802
648.0,-7.639898,1.340753,1.388637,0.6450737,2.4898868,0.8772025
659.0,-7.536947,1.4317327,1.4149733,0.6133087,2.4190264,0.81122905
668.0,-7.6111674,1.3479356,0.9672575,0.5045747,2.3493876,0.78801614
679.0,-7.654263,1.1994951,0.6368576,0.4129449,2.257758,0.7672467
690.0,-7.771579,0.9576807,0.19393034,0.37873647,2.140472,0.70738196
700.0,-7.824251,0.89303726,-0.32321724,0.3481932,1.9950858,0.6377433
708.0,-7.893683,1.043872,-0.94570965,0.2846632,1.831374,0.59131753
718.0,-7.8170686,1.0462662,-1.5777789,0.19303341,1.6627752,0.5412266
730.0,-7.8529816,1.0749966,-1.8818425,0.06841691,1.4758505,0.48747048
740.0,-7.795521,1.1851299,-2.255338,-0.06719518,1.2705997,0.45081854
747.0,-7.747637,1.091756,-2.3415294,-0.18448131,1.0531317,0.44104472
759.0,-7.8027034,1.0630256,-2.5330653,-0.29565877,0.8258898,0.44226643
769.0,-7.8170686,0.89543146,-2.755726,-0.3848451,0.5742133,0.42271876
779.0,-7.867347,0.7637503,-2.9903579,-0.44104472,0.32620203,0.3848451
789.0,-7.9104424,0.8451532,-3.1842883,-0.47525316,0.043982297,0.35185838
800.0,-7.8865004,0.92895025,-3.2992098,-0.5119051,-0.25167647,0.33108896
810.0,-7.714118,1.0390835,-3.4093432,-0.56077427,-0.5510005,0.312763
820.0,-7.529764,0.9504981,-3.157952,-0.6133087,-0.8539896,0.29565877
828.0,-7.405266,1.2234371,-2.7964275,-0.6462954,-1.1569787,0.2773328
839.0,-7.2544312,1.553837,-2.540248,-0.6462954,-1.4477507,0.27000242
849.0,-7.0605006,1.721431,-2.2098482,-0.6462954,-1.7311921,0.27122417
860.0,-6.8905125,1.6687586,-1.7741034,-0.6658431,-1.9682078,0.26389378
868.0,-6.9527617,1.5921441,-1.3982137,-0.69027776,-2.1771238,0.23579398
878.0,-6.9288197,1.4197617,-0.9648633,-0.68783426,-2.3848178,0.17959438
889.0,-6.8809357,1.3359646,-0.6512229,-0.6621779,-2.5851817,0.10751228
900.0,-6.8809357,1.3000516,-0.35673606,-0.6365216,-2.7794368,0.04886922
909.0,-6.9048777,1.3623008,-0.095768064,-0.6389651,-2.9724703,0.0061086523
919.0,-6.742072,1.5011644,-0.1412579,-0.6719518,-3.1703906,-0.03176499
927.0,-6.4020953,1.6017209,-0.088585466,-0.72692966,-3.368311,-0.062308256
940.0,-5.568913,1.3814543,1.3982137,-0.9053023,-3.6957347,-0.10995574
947.0,-5.1906295,1.0366893,2.5330653,-0.99082345,-3.8240163,-0.13316862
959.0,-5.0374002,0.4261679,3.6822822,-1.0372492,-3.9009855,-0.15760323
970.0,-5.267244,0.016759412,4.3406878,-1.028697,-3.966959,-0.17837265
980.0,-5.3941364,0.61530983,4.5082817,-1.0384709,-4.0866885,-0.20158553
989.0,-5.403713,1.4987702,4.2760444,-1.1362094,-4.2223005,-0.20769419
999.0,-4.96318,1.8938135,3.4739866,-1.3768903,-4.348139,-0.18570304
1009.0,-4.098873,1.6376339,2.9951463,-1.7580702,-4.425108,-0.13683382
1019.0,-3.071761,1.2545617,3.763685,-2.1771238,-4.4593163,-0.07819075
1030.0,-2.1380222,0.093373865,5.2121773,-2.5937338,-4.465425,-0.02687807
1043.0,-1.5155296,-1.6352397,6.634333,-2.928488,-4.416556,0.032986723
1066.0,-1.2737153,-3.2752678,8.12592,-3.128852,-4.329813,0.12095132
1066.0,-1.1994951,-4.3047748,9.509769,-3.164282,-4.224744,0.2125811
1066.0,-1.0127473,-5.020641,10.168175,-2.9651399,-4.120897,0.23579398
1078.0,-0.81881696,-5.4061074,10.21127,-2.5619688,-4.039041,0.19058995
1088.0,-0.5386954,-5.805939,10.251971,-2.1160371,-3.9596286,0.15882497
1100.0,-0.36391866,-5.8921304,10.117896,-1.7641789,-3.8545597,0.16737708
1108.0,-0.4261679,-5.5641246,9.80665,-1.5357152,-3.7409387,0.18448131
1118.0,-0.50038815,-4.900931,8.939949,-1.4049901,-3.6541958,0.18936823
1128.0,-0.059855044,-5.779603,10.326192,-1.2791518,-3.5027013,0.19792034
1140.0,-0.05746084,-11.757924,8.178593,-0.8222246,-3.0983086,0.3005457
1147.0,0.8571242,-10.6398325,44.53694,0.34697145,-2.4569001,0.7819075
1160.0,-3.9624038,9.691729,33.047165,0.30176744,-1.4929546,0.51923543
1168.0,0.1340753,20.525492,17.099388,-0.18203785,-1.600467,-0.9957104
1179.0,1.9488802,7.6614456,10.381259,0.15393804,-1.0458013,-1.4477507
1188.0,-0.44532153,-11.736377,9.916783,-0.5021312,0.2602286,-0.29932398
1197.0,-4.4460325,-13.019669,11.384429,-2.2553146,0.8491027,0.6914995
1208.0,-5.746084,-5.0541596,11.279084,-2.2369885,0.61819565,-0.13561209
1220.0,-4.2161894,0.6919243,9.471462,0.081855945,-0.065973446,-1.4355333
1228.0,-1.5993267,3.0597897,9.361329,1.6896533,-0.3933972,-1.3952162
1240.0,0.7637503,3.7804444,11.391612,1.2119566,-0.344528,-0.3371976
1249.0,1.2569559,2.3056161,13.656527,0.002443461,-0.037873644,0.27000242
1259.0,-0.10534488,-0.31364042,13.9198885,-0.50579643,0.25167647,-0.09407325
1270.0,-1.6472107,-2.2481554,12.899959,-0.47525316,0.39095375,-0.68661255
1282.0,-2.6839,-3.1268275,12.160151,-0.42638394,0.43127087,-0.7476991
1289.0,-2.669535,-3.0095115,11.951855,-0.36041048,0.43493605,-0.4251622
1301.0,-1.9967642,-2.2385786,11.753136,-0.17592919,0.408058,-0.2602286
1311.0,-1.4269443,-1.7669208,10.984597,0.04520403,0.37140608,-0.3371976
1319.0,-1.4748282,-1.8770541,10.400413,0.13683382,0.37873647,-0.3921755
1329.0,-1.9297266,-2.2266076,9.981427,0.06719518,0.3921755,-0.29077184
1342.0,-2.1260512,-2.5450363,9.794679,0.007330383,0.39461896,-0.13927728
1349.0,-2.123657,-2.6743233,9.397242,0.10629055,0.35308012,-0.047647487
1358.0,-1.99437,-2.5115175,9.157822,0.3042109,0.28221974,-0.004886922
1370.0,-1.9991584,-2.2266076,8.851364,0.46670106,0.23823744,0.040317107
1380.0,-2.0757728,-1.7238252,8.6095495,0.53878313,0.17959438,0.07086037
1389.0,-2.3391352,-1.2689269,8.439561,0.52412236,0.13316862,0.07941248
1400.0,-2.5354595,-1.0821792,8.475474,0.47158796,0.095294975,0.09407325
1410.0,-2.6503813,-1.0271125,8.403648,0.40439278,0.080634214,0.12705997
1420.0,-2.7006595,-0.90021986,8.39886,0.3481932,0.06719518,0.1563815
1430.0,-2.6527755,-1.1180922,8.271967,0.29810223,0.034208454,0.15515977
1442.0,-2.516306,-1.0342951,8.09719,0.24556783,0.0036651916,0.1441642
1450.0,-2.5115175,-1.091756,8.02297,0.19058995,-0.030543262,0.13439035
1462.0,-2.542642,-1.1085154,7.9511437,0.12583824,-0.05497787,0.1160644
1469.0,-2.4229321,-1.1827357,8.010999,0.043982297,-0.06963864,0.09040806
1479.0,-2.492364,-1.3359646,8.228871,-0.028099801,-0.080634214,0.058643065
1490.0,-2.492364,-1.3718776,8.497022,-0.073303826,-0.10262536,0.039095376
1501.0,-2.4277205,-1.364695,8.7053175,-0.1001819,-0.10873401,0.018325957
1510.0,-2.5234885,-1.2114661,8.956709,-0.10873401,-0.11362094,-0.02076942
1521.0,-2.4229321,-1.1372458,9.153033,-0.10140363,-0.112399206,-0.064751714
1530.0,-2.27928,-1.2473791,9.306262,-0.10873401,-0.10140363,-0.087964594
1542.0,-2.1308396,-1.3958195,9.25359,-0.12950343,-0.103847094,-0.087964594
1550.0,-2.066196,-1.4796166,9.258378,-0.16615535,-0.07941248,-0.08674286
1560.0,-2.0638018,-1.4820108,9.246407,-0.204029,-0.062308256,-0.09407325
1569.0,-2.0254946,-1.5705963,9.368511,-0.23335053,-0.034208454,-0.10140363
1580.0,-2.0207062,-1.7310078,9.3733,-0.22968534,-0.013439035,-0.10262536
1590.0,-1.9752164,-1.8243817,9.428367,-0.204029,-0.007330383,-0.09896017
1601.0,-2.0350714,-1.7621324,9.49301,-0.172264,0.007330383,-0.09285152
1611.0,-2.0925324,-1.7549498,9.639056,-0.1441642,0.02443461,-0.096516706
1620.0,-2.171541,-1.7166426,9.7084875,-0.12583824,0.04642576,-0.09773844
1631.0,-2.1380222,-1.8698715,9.665392,-0.118507855,0.06352998,-0.0842994
1643.0,-2.1452048,-1.9321208,9.619903,-0.112399206,0.073303826,-0.06352998
1650.0,-2.2050598,-2.018312,9.569624,-0.1001819,0.07696902,-0.05131268
1660.0,-2.2290018,-1.9776106,9.55047,-0.081855945,0.08674286,-0.042760566
1670.0,-2.315193,-2.1188686,9.526528,-0.05009095,0.105068825,-0.02687807
1680.0,-2.3415294,-2.1906946,9.445126,-0.0036651916,0.112399206,-0.004886922
1690.0,-2.3127987,-2.1906946,9.404425,0.047647487,0.103847094,0.009773844
1701.0,-2.5474305,-2.018312,9.406818,0.087964594,0.10629055,0.010995574
1710.0,-2.4492683,-1.745373,9.423578,0.12095132,0.103847094,0.010995574
1720.0,-2.4588451,-1.532289,9.411607,0.14172074,0.103847094,0.014660766
1731.0,-2.4349031,-1.3910311,9.332599,0.13561209,0.09896017,0.02076942
1742.0,-2.4229321,-1.3551182,9.301474,0.057421334,0.103847094,0.036651913
1750.0,-2.432509,-1.3431472,9.291897,0.057421334,0.103847094,0.036651913
1762.0,-2.4636335,-1.388637,9.181764,0.019547688,0.09407325,0.037873644
1769.0,-2.3654714,-1.4556746,9.148245,-0.0012217305,0.08674286,0.034208454
1780.0,-2.3582888,-1.3934253,9.141062,-0.0036651916,0.064751714,0.029321533
1789.0,-2.3630772,-1.3958195,9.105149,-0.009773844,0.05375614,0.03176499
1799.0,-2.3056161,-1.3910311,9.186552,-0.019547688,0.047647487,0.032986723
1811.0,-2.384625,-1.4772224,9.203311,-0.02687807,0.043982297,0.037873644
1821.0,-2.3798366,-1.5490485,9.275137,-0.035430185,0.04153884,0.047647487
1830.0,-2.3894134,-1.5610195,9.215282,-0.032986723,0.035430185,0.05131268
1840.0,-2.2984335,-1.5777789,9.19134,-0.015882496,0.019547688,0.043982297
1850.0,-2.3008277,-1.4580688,9.210494,-0.008552114,0.008552114,0.036651913
1860.0,-2.219425,-1.3575124,9.184157,-0.019547688,0.004886922,0.032986723
1870.0,-2.2098482,-1.340753,9.141062,-0.040317107,0.008552114,0.036651913
1881.0,-2.207454,-1.3503298,9.109938,-0.07086037,0.0036651916,0.04153884
1890.0,-2.2505496,-1.3814543,9.102755,-0.10629055,0.0036651916,0.042760566
1901.0,-2.2840683,-1.4221559,9.172187,-0.13561209,0.004886922,0.040317107
1911.0,-2.2625206,-1.4987702,9.232041,-0.16126843,-0.002443461,0.04153884
1920.0,-2.207454,-1.5705963,9.25359,-0.19303341,0.0036651916,0.04642576
1931.0,-2.2505496,-1.6352397,9.315839,-0.22479841,0.017104227,0.05009095
1943.0,-2.255338,-1.8124107,9.406818,-0.25045475,0.030543262,0.04642576
1949.0,-2.348712,-1.8818425,9.368511,-0.25045475,0.039095376,0.040317107
1960.0,-2.2984335,-1.8698715,9.409213,-0.22113322,0.05009095,0.039095376
1970.0,-2.408567,-1.9177556,9.315839,-0.172264,0.062308256,0.04520403
1980.0,-2.3104045,-2.018312,9.210494,-0.118507855,0.065973446,0.05131268
1990.0,-2.3870192,-1.9297266,9.172187,-0.07696902,0.059864793,0.042760566
2002.0,-2.384625,-1.8579005,9.148245,-0.05497787,0.052534413,0.028099801
2010.0,-2.5091233,-1.8363527,9.078813,-0.04153884,0.04642576,0.02321288
2021.0,-2.4372973,-1.8076223,9.040505,-0.030543262,0.043982297,0.02565634
2028.0,-2.4013844,-1.8650831,9.028535,-0.03176499,0.04153884,0.02687807
2041.0,-2.432509,-1.8722657,9.064447,-0.04153884,0.035430185,0.021991149
2067.0,-2.4396915,-1.8100165,9.090784,-0.047647487,0.02321288,0.015882496
2068.0,-2.4516625,-1.8722657,9.119514,-0.042760566,0.02565634,0.017104227
2068.0,-2.4899697,-1.970428,9.062054,-0.02321288,0.017104227,0.02321288
2078.0,-2.5953147,-1.9560628,9.062054,0.0,0.0036651916,0.028099801
2088.0,-2.5474305,-1.7717092,8.987833,0.02565634,-0.007330383,0.02565634
2098.0,-2.5258827,-1.7166426,9.02614,0.05131268,-0.02076942,0.021991149
2110.0,-2.4756045,-1.5873557,8.944737,0.056199603,-0.036651913,0.02076942
2120.0,-2.3918076,-1.5131354,8.978256,0.028099801,-0.037873644,0.02076942
2128.0,-2.3630772,-1.5442601,8.947132,-0.015882496,-0.04153884,0.02076942
2139.0,-2.3798366,-1.6831238,9.01417,-0.05497787,-0.04153884,0.021991149
2147.0,-2.4061728,-1.8243817,9.02614,-0.07452556,-0.04520403,0.021991149
2158.0,-2.408567,-1.8602947,9.102755,-0.07941248,-0.04886922,0.018325957
2168.0,-2.372654,-1.9440918,9.078813,-0.06719518,-0.05131268,0.013439035
2180.0,-2.4109612,-1.9608512,9.160215,-0.039095376,-0.058643065,0.013439035
2188.0,-2.408567,-1.8770541,9.105149,-0.015882496,-0.062308256,0.015882496
2198.0,-2.4133554,-1.7956513,9.19134,-0.012217305,-0.06841691,0.015882496
2209.0,-2.3750482,-1.7836803,9.186552,-0.02076942,-0.062308256,0.012217305
2220.0,-2.3175871,-1.8243817,9.212888,-0.040317107,-0.059864793,0.012217305
2230.0,-2.2960393,-1.8531121,9.289502,-0.06841691,-0.05009095,0.014660766
2243.0,-2.2505496,-1.8986019,9.227253,-0.081855945,-0.032986723,0.013439035
2250.0,-2.267309,-1.9177556,9.222465,-0.06719518,-0.039095376,0.0061086523
2259.0,-2.2290018,-1.8794483,9.222465,-0.05131268,-0.032986723,0.0012217305
2269.0,-2.327164,-1.8339585,9.241618,-0.036651913,-0.018325957,0.0061086523
2279.0,-2.2864625,-1.7884687,9.220071,-0.021991149,-0.02687807,0.013439035
2289.0,-2.2481554,-1.8602947,9.160215,-0.019547688,-0.02565634,0.017104227
2303.0,-2.2457612,-1.9728222,9.277532,-0.017104227,-0.015882496,0.02076942
2310.0,-2.2290018,-1.9752164,9.330204,-0.012217305,-0.0036651916,0.02565634
2320.0,-2.3558946,-1.9369092,9.263166,-0.0012217305,-0.0061086523,0.02321288
2330.0,-2.3223755,-1.9009962,9.272743,0.012217305,-0.0061086523,0.013439035
2341.0,-2.3223755,-1.8579005,9.227253,0.02687807,-0.007330383,0.007330383
2349.0,-2.3558946,-1.8842367,9.176975,0.035430185,-0.0061086523,0.008552114
2360.0,-2.3175871,-1.7860745,9.198523,0.03176499,-0.015882496,0.013439035
2369.0,-2.3008277,-1.721431,9.095572,0.015882496,-0.0061086523,0.012217305
2379.0,-2.3415294,-1.70946,9.167398,0.009773844,-0.02076942,0.012217305
2390.0,-2.3798366,-1.8842367,9.227253,0.007330383,-0.014660766,0.021991149
2400.0,-2.3127987,-1.8674773,9.181764,0.010995574,-0.0036651916,0.03176499
2410.0,-2.3175871,-1.9081788,9.157822,0.030543262,-0.028099801,0.028099801
2422.0,-2.3175871,-1.7621324,9.085996,0.04153884,-0.036651913,0.019547688
2431.0,-2.2840683,-1.70946,9.035717,0.034208454,-0.030543262,0.017104227
2443.0,-2.3319526,-1.6136919,9.038112,0.019547688,-0.042760566,0.018325957
2451.0,-2.2649148,-1.6041151,8.983045,0.0,-0.052534413,0.019547688
2460.0,-2.2385786,-1.7621324,9.078813,-0.02076942,-0.052534413,0.028099801
2471.0,-2.2888567,-1.7764976,8.985439,-0.035430185,-0.057421334,0.036651913
2482.0,-2.231396,-1.8076223,9.021352,-0.034208454,-0.058643065,0.039095376
2491.0,-2.1883004,-1.7669208,9.028535,-0.02687807,-0.06719518,0.034208454
2502.0,-2.207454,-1.7046716,8.949526,-0.032986723,-0.06963864,0.02565634
2511.0,-2.2242134,-1.7142484,8.9519205,-0.05131268,-0.07452556,0.019547688
2520.0,-2.1978772,-1.6903064,9.052477,-0.081855945,-0.07086037,0.013439035
2530.0,-2.195483,-1.7597382,9.083601,-0.10995574,-0.06719518,0.008552114
2543.0,-2.2457612,-1.7884687,9.078813,-0.12705997,-0.065973446,0.008552114
2551.0,-2.2290018,-1.9847932,9.078813,-0.13316862,-0.06352998,0.004886922
2562.0,-2.1811178,-1.934515,9.085996,-0.12705997,-0.06352998,0.0012217305
2572.0,-2.267309,-2.0039468,9.13388,-0.112399206,-0.057421334,0.0012217305
2581.0,-2.1787236,-1.9440918,9.157822,-0.1001819,-0.057421334,0.002443461
2590.0,-2.1691468,-1.9033904,9.155427,-0.096516706,-0.047647487,-0.0012217305
2603.0,-2.2122424,-1.9512744,9.150639,-0.10140363,-0.042760566,-0.007330383
2611.0,-2.195483,-1.99437,9.208099,-0.112399206,-0.029321533,-0.010995574
2622.0,-2.1906946,-2.0374656,9.303867,-0.12339478,-0.02321288,-0.014660766
2631.0,-2.27928,-1.9991584,9.306262,-0.118507855,-0.02076942,-0.02076942
2643.0,-2.2577322,-2.0231004,9.323022,-0.087964594,-0.018325957,-0.03176499
2651.0,-2.2409728,-2.0135236,9.332599,-0.087964594,-0.018325957,-0.03176499
2664.0,-2.2577322,-2.0254946,9.25359,-0.09040806,-0.0061086523,-0.036651913
2672.0,-2.231396,-2.0805612,9.270349,-0.095294975,-0.0061086523,-0.034208454
2682.0,-2.195483,-2.1140802,9.303867,-0.08552113,-0.004886922,-0.030543262
2691.0,-2.2218192,-2.1332338,9.330204,-0.062308256,-0.0061086523,-0.021991149
2701.0,-2.2050598,-2.1523874,9.28232,-0.042760566,-0.013439035,-0.014660766
2711.0,-2.1428106,-2.066196,9.241618,-0.02687807,-0.009773844,-0.007330383
2722.0,-2.207454,-2.018312,9.198523,-0.009773844,-0.017104227,-0.004886922
2733.0,-2.1811178,-2.030283,9.220071,-0.0012217305,-0.015882496,-0.002443461
2743.0,-2.1787236,-2.0446482,9.198523,0.004886922,-0.013439035,0.0
2754.0,-2.1308396,-1.9919758,9.200917,0.0,-0.008552114,0.002443461
2761.0,-2.2050598,-1.9752164,9.16261,-0.012217305,-0.009773844,-0.0012217305
2773.0,-2.1763294,-1.9967642,9.167398,-0.02443461,-0.004886922,-0.002443461
2784.0,-2.219425,-2.0853498,9.157822,-0.028099801,-0.008552114,0.0
2792.0,-2.1691468,-2.0973208,9.052477,-0.03176499,-0.014660766,0.004886922
2801.0,-2.219425,-2.054225,9.112331,-0.03176499,-0.015882496,0.004886922
2810.0,-2.195483,-2.1883004,9.165004,-0.028099801,-0.015882496,0.0061086523
2821.0,-2.2122424,-2.0949266,9.069236,-0.02321288,-0.019547688,0.008552114
2831.0,-2.1547816,-2.0590134,9.212888,-0.015882496,-0.018325957,0.007330383
2842.0,-2.1787236,-1.9967642,9.25359,-0.004886922,-0.015882496,0.0036651916
2851.0,-2.1763294,-2.0709844,9.215282,-0.002443461,-0.010995574,0.0012217305
2861.0,-2.1906946,-2.0135236,9.184157,-0.0061086523,-0.012217305,-0.0012217305
2871.0,-2.243367,-2.0494366,9.172187,-0.012217305,-0.009773844,-0.002443461
2881.0,-2.171541,-2.0973208,9.107543,-0.015882496,-0.009773844,-0.004886922
2892.0,-2.1883004,-2.0901382,9.203311,-0.015882496,-0.015882496,-0.0061086523
2903.0,-2.1140802,-1.9512744,9.141062,-0.017104227,-0.014660766,-0.009773844
2911.0,-2.1380222,-2.0470424,9.196129,-0.015882496,-0.015882496,-0.007330383
2921.0,-2.0805612,-2.123657,9.229648,-0.015882496,-0.010995574,-0.002443461
2933.0,-2.1619642,-2.1068976,9.136273,-0.015882496,-0.013439035,-0.0012217305
2941.0,-2.1643584,-2.0398598,9.153033,-0.013439035,-0.017104227,-0.0036651916
2950.0,-2.195483,-2.018312,9.153033,-0.015882496,-0.0012217305,-0.0061086523
2961.0,-2.1523874,-1.9895816,9.172187,-0.014660766,0.0012217305,-0.008552114
2970.0,-2.135628,-2.0015526,9.150639,-0.015882496,-0.0036651916,-0.009773844
2982.0,-2.1643584,-1.982399,9.155427,-0.017104227,-0.0061086523,-0.0061086523
2991.0,-2.147599,-2.018312,9.097966,-0.019547688,-0.015882496,-0.002443461
3002.0,-2.1188686,-2.0231004,9.11712,-0.02565634,-0.014660766,0.002443461
3011.0,-2.1092918,-2.0207062,9.13388,-0.029321533,-0.02076942,0.004886922
