36.0,-1.2186487,-1.9536686,9.794679,0.1600467,0.14660765,-0.07086037
41.0,-1.3982137,-0.44771573,9.452309,0.05131268,-0.2724459,-0.312763
49.0,-1.2617443,-0.46686932,9.607931,0.056199603,-0.46181414,-0.2773328
59.0,-0.91458505,-1.0821792,9.701305,0.13439035,0.33475417,0.14782938
72.0,-0.80924016,-1.5466543,9.835381,-0.018325957,0.37507126,0.12339478
79.0,-1.0295067,-1.7956513,9.928755,-0.09896017,0.20769419,0.04153884
90.0,-1.1659763,-1.5394717,9.835381,-0.08307768,0.030543262,0.02565634
100.0,-1.1109096,-1.2904748,9.821015,-0.06963864,0.018325957,0.04520403
110.0,-0.9672575,-1.340753,9.859323,-0.09896017,0.036651913,0.032986723
120.0,-0.81402856,-1.6424223,9.928755,-0.14660765,0.07086037,0.042760566
130.0,-0.93852705,-1.8818425,9.916783,-0.15271631,0.10995574,0.0720821
140.0,-0.9696517,-2.1428106,9.765948,-0.07819075,0.13927728,0.08674286
151.0,-1.0606314,-2.1140802,9.691729,0.05131268,0.1563815,0.081855945
160.0,-1.1300632,-2.0446482,9.734824,0.19547687,0.16249016,0.073303826
172.0,-1.2306197,-1.9321208,9.564836,0.32498032,0.17104226,0.06841691
180.0,-1.3192052,-1.5658079,9.466674,0.40561453,0.16982053,0.061086524
190.0,-1.340753,-1.3838485,9.519346,0.43249258,0.17837265,0.04642576
200.0,-1.4532804,-1.1731589,9.600749,0.4166101,0.19303341,0.036651913
211.0,-1.5059528,-1.0366893,9.753978,0.37140608,0.21135938,0.03176499
220.0,-1.7070658,-0.92176765,9.8042555,0.30543262,0.23579398,0.028099801
230.0,-1.8531121,-0.7637503,9.720459,0.18570304,0.2565634,0.02076942
240.0,-1.8291701,-0.79248077,9.603143,0.02321288,0.27122417,0.018325957
250.0,-1.9608512,-0.9864111,9.569624,-0.15027285,0.2932153,0.035430185
260.0,-1.99437,-1.42455,9.44752,-0.29810223,0.30909783,0.061086524
272.0,-1.99437,-1.6065093,9.349358,-0.3885103,0.3213151,0.081855945
280.0,-2.2625206,-1.6256629,8.834604,-0.39706242,0.30543262,0.0842994
290.0,-2.0087352,-1.3096284,8.700529,-0.31764993,0.27000242,0.058643065
300.0,-2.2409728,-1.0055647,8.899248,-0.2565634,0.25045475,0.05009095
310.0,-2.1499932,-1.1563994,9.01417,-0.25778514,0.24801129,0.080634214
320.0,-2.27928,-1.5705963,9.167398,-0.27366763,0.2602286,0.13194689
331.0,-2.3056161,-1.6759412,9.052477,-0.27366763,0.24923302,0.18936823
340.0,-2.315193,-1.5155296,9.01417,-0.2443461,0.21746802,0.19425514
350.0,-2.4301147,-1.2761095,8.731653,-0.20769419,0.17104226,0.18203785
360.0,-2.3247697,-0.9864111,8.456321,-0.22479841,0.12339478,0.17470746
371.0,-2.3630772,-0.82599956,8.360553,-0.38973203,0.05131268,0.21380283
380.0,-2.2984335,-0.89303726,8.389283,-0.38973203,0.05131268,0.21380283
392.0,-2.2936451,-1.1444284,8.595184,-0.47647488,0.034208454,0.25167647
400.0,-2.303222,-1.4891934,8.949526,-0.5119051,0.02443461,0.28955013
411.0,-2.3247697,-1.661576,9.038112,-0.49235737,0.009773844,0.31398472
421.0,-2.2960393,-1.733402,9.272743,-0.43127087,-0.021991149,0.312763
430.0,-2.2888567,-1.6112977,9.28232,-0.36163223,-0.06352998,0.29443705
441.0,-2.2697031,-1.2569559,8.887277,-0.2968805,-0.14782938,0.2687807
452.0,-2.2720973,-1.2378023,8.7292595,-0.33964106,-0.18936823,0.26511553
461.0,-2.2050598,-1.1659763,8.6813755,-0.4092797,-0.22113322,0.25778514
472.0,-2.1667526,-1.1204864,8.552089,-0.47158796,-0.2565634,0.24556783
481.0,-2.0207062,-1.3144168,8.6334915,-0.52656585,-0.29077184,0.2284636
491.0,-1.7741034,-1.5777789,8.748413,-0.5729916,-0.30298916,0.22357668
501.0,-1.5658079,-1.9129672,9.143456,-0.57910025,-0.312763,0.21502456
512.0,-1.553837,-2.1883004,9.368511,-0.50946164,-0.30298916,0.1966986
520.0,-1.484405,-2.336741,9.768343,-0.37995818,-0.29077184,0.18325958
531.0,-1.520318,-2.099715,10.014946,-0.25534168,-0.28588495,0.16493362
541.0,-1.4173675,-1.9560628,10.158598,-0.17837265,-0.26267207,0.1160644
551.0,-1.4389153,-1.9057846,10.113108,-0.12461651,-0.22357668,0.065973446
561.0,-1.472434,-1.7908629,10.146626,-0.09773844,-0.1881465,0.047647487
573.0,-1.5370775,-1.8028339,10.070012,-0.10873401,-0.15149458,0.040317107
581.0,-1.5610195,-1.7908629,10.012551,-0.14172074,-0.11362094,0.02321288
591.0,-1.5945383,-1.7357962,9.969456,-0.18570304,-0.080634214,-0.002443461
600.0,-1.6065093,-1.7357962,9.880871,-0.2321288,-0.042760566,-0.019547688
611.0,-1.5729905,-1.8674773,9.682152,-0.27122417,-0.014660766,-0.029321533
621.0,-1.5849615,-2.006341,9.560047,-0.28955013,0.004886922,-0.039095376
633.0,-1.6041151,-2.0973208,9.406818,-0.28221974,0.019547688,-0.04520403
641.0,-1.5825673,-2.2098482,9.308656,-0.25289822,0.02565634,-0.042760566
652.0,-1.5298948,-2.315193,9.109938,-0.20280726,0.02321288,-0.039095376
661.0,-1.5682021,-2.3582888,8.99741,-0.14538592,0.015882496,-0.042760566
673.0,-1.5466543,-2.291251,8.889671,-0.11484267,0.0036651916,-0.04153884
681.0,-1.6065093,-2.2146366,8.791509,-0.12095132,-0.008552114,-0.035430185
692.0,-1.5705963,-2.2146366,8.736442,-0.13805555,-0.019547688,-0.03176499
701.0,-1.4460979,-2.0829554,8.655039,-0.16615535,-0.04886922,-0.030543262
712.0,-1.4532804,-1.958457,8.504205,-0.21013765,-0.081855945,-0.028099801
721.0,-1.376666,-2.066196,8.573636,-0.25900686,-0.112399206,-0.02565634
731.0,-1.2808979,-2.3319526,8.645462,-0.30298916,-0.13561209,-0.015882496
741.0,-1.3263878,-2.5809495,8.693346,-0.3323107,-0.1563815,-0.0061086523
752.0,-1.3383588,-2.5258827,8.7292595,-0.32986724,-0.18936823,-0.013439035
761.0,-1.2282255,-2.4061728,8.631097,-0.29932398,-0.23090707,-0.036651913
772.0,-1.2018893,-2.3989902,8.585608,-0.26267207,-0.2724459,-0.057421334
782.0,-1.2042835,-2.2170308,8.350976,-0.24312437,-0.312763,-0.06719518
792.0,-1.2138603,-2.1739352,8.310274,-0.23701571,-0.35185838,-0.080634214
801.0,-1.2569559,-1.9991584,8.080431,-0.23090707,-0.39095375,-0.10140363
812.0,-1.2808979,-1.8722657,7.929596,-0.23335053,-0.44104472,-0.118507855
822.0,-1.3982137,-1.7956513,7.6710224,-0.26511553,-0.49480084,-0.12583824
831.0,-1.4413095,-1.7477672,7.52737,-0.33475417,-0.5497787,-0.13927728
841.0,-1.5897499,-1.6472107,7.216124,-0.4373795,-0.6035349,-0.1685988
852.0,-1.4915876,-1.6927006,7.1610575,-0.5546656,-0.6731735,-0.204029
862.0,-1.364695,-1.9177556,7.4483614,-0.6560693,-0.7305948,-0.23701571
874.0,-1.2497733,-2.3630772,7.7093296,-0.6805039,-0.77824235,-0.27488935
881.0,-1.103727,-2.5330653,7.9391727,-0.6169739,-0.8356637,-0.312763
891.0,-0.9576807,-2.7389667,8.101978,-0.49602258,-0.8943067,-0.35430184
902.0,-0.78050977,-2.6839,8.080431,-0.3652974,-0.9492846,-0.39828414
912.0,-0.78050977,-2.4660277,7.9966335,-0.28099802,-1.0103711,-0.44104472
922.0,-0.61052144,-2.4181437,8.121132,-0.24801129,-1.0506883,-0.47891834
932.0,-0.47884035,-2.1164744,8.085219,-0.26145032,-1.0983357,-0.5143485
941.0,-0.39983168,-2.0039468,8.085219,-0.34330627,-1.1508701,-0.54733527
952.0,-0.11971009,-1.9536686,7.943961,-0.4972443,-1.1753048,-0.56321776
962.0,0.17956513,-2.030283,7.9990277,-0.73426,-1.2021828,-0.58032197
973.0,0.2681506,-2.5570073,7.920019,-1.0299188,-1.2070698,-0.63163465
981.0,0.60812724,-4.247314,8.504205,-1.2730432,-1.1948525,-0.6988298
993.0,0.9552865,-4.560954,8.51857,-1.3316863,-1.2180653,-0.766025
1001.0,1.13964,-1.8962077,8.695741,-1.4172074,-1.2901474,-0.906524
1012.0,1.2378023,-0.78290397,8.995016,-1.6236799,-1.2803736,-1.1618657
1022.0,1.5945383,-0.9935937,8.968679,-1.9413297,-1.2534955,-1.3475688
1032.0,2.123657,-1.2617443,9.23683,-2.3090706,-1.1924089,-1.4501941
1063.0,2.255338,-1.9201498,10.9103775,-2.4019222,-1.1276573,-1.6432275
1063.0,2.0207062,-1.9871874,9.648633,-2.32984,-1.0946705,-1.9596558
1064.0,2.1571758,-1.6184803,6.7468605,-2.3872614,-1.2461652,-2.3151793
1074.0,2.6599581,-1.8962077,5.046977,-2.2809708,-1.4147639,-2.702468
1083.0,3.809175,-2.3056161,4.6112323,-1.8399261,-1.4489723,-2.946814
1093.0,4.7907977,-3.4524388,5.631162,-1.1215485,-1.3353515,-2.879619
1104.0,6.0166287,-5.386954,7.548918,-0.2846632,-1.2278391,-2.6120598
1114.0,7.2568254,-8.329428,10.096349,0.37751472,-1.1911873,-2.307849
1123.0,7.6949644,-11.559206,11.693281,0.6621779,-1.0592403,-1.990199
1134.0,7.2807674,-12.533646,12.497733,0.79168135,-0.9260717,-1.6029104
1144.0,6.2009826,-10.500969,12.830527,0.98837996,-0.86254174,-1.3548992
1153.0,5.509058,-7.7452426,12.624625,0.91507614,-0.784351,-1.2999213
1163.0,5.3127337,-7.0006456,12.227188,0.27855456,-0.63041294,-1.0629056
1179.0,5.0374002,-7.750031,11.925519,-0.6230826,-0.38973203,-0.6243043
1184.0,4.2185836,-8.798691,11.496957,-1.2986995,-0.18081611,-0.32742378
1195.0,3.323152,-8.863335,10.84334,-1.5577064,-0.04520403,-0.23823744
1205.0,2.743755,-8.413225,10.132261,-1.5173893,0.037873644,-0.19181168
1216.0,2.408567,-7.97748,9.545682,-1.3109168,0.1001819,-0.08307768
1226.0,2.2864625,-7.5201874,9.033323,-1.0091494,0.14172074,0.05497787
1237.0,2.3223755,-6.6893997,8.554482,-0.6536258,0.1685988,0.15515977
1245.0,2.255338,-5.9519854,8.010999,-0.31520647,0.18081611,0.19058995
1256.0,2.1811178,-5.3438582,7.642292,-0.062308256,0.19181168,0.19303341
1265.0,2.0039468,-4.2521024,6.9838862,0.13194689,0.22235495,0.21380283
1277.0,2.042254,-3.976769,6.9479733,0.10995574,0.23090707,0.2125811
1284.0,2.0590134,-3.9456444,6.945579,0.047647487,0.2443461,0.18570304
1296.0,2.0829554,-4.1371803,7.074866,-0.02321288,0.25167647,0.14172074
1305.0,2.147599,-4.3263226,7.21373,-0.06841691,0.25045475,0.09285152
1316.0,2.3295584,-4.3861775,7.237672,-0.06719518,0.24923302,0.047647487
1326.0,2.4851813,-4.4963107,7.2927384,-0.02565634,0.23579398,0.0061086523
1335.0,2.585738,-4.7022123,7.252037,0.043982297,0.21746802,-0.02687807
1347.0,2.7461493,-4.7788267,7.237672,0.12705997,0.19181168,-0.04520403
1357.0,2.9161377,-4.831499,7.299921,0.21624629,0.17104226,-0.05375614
1364.0,3.0573955,-4.8243165,7.311892,0.29810223,0.14905111,-0.06352998
1377.0,3.1603463,-4.8099513,7.429208,0.35796702,0.12583824,-0.0720821
1384.0,3.205836,-4.9895163,7.639898,0.3848451,0.112399206,-0.07574729
1394.0,3.3446999,-4.9799395,7.78355,0.38728857,0.1001819,-0.07452556
1404.0,3.4931402,-5.073313,8.020576,0.38606682,0.09162979,-0.07696902
1415.0,3.5769374,-4.891354,8.018182,0.3811799,0.089186326,-0.080634214
1425.0,3.620033,-4.783615,7.9990277,0.36285394,0.07941248,-0.07452556
1436.0,3.632004,-4.7764325,7.9726915,0.31764993,0.07574729,-0.064751714
1447.0,3.4356794,-4.76925,8.010999,0.25900686,0.07941248,-0.058643065
1455.0,3.4284968,-4.855441,7.9750857,0.204029,0.081855945,-0.047647487
1467.0,3.4500446,-4.8722005,7.8984714,0.1563815,0.080634214,-0.029321533
1478.0,3.4141316,-4.781221,7.9343843,0.11728613,0.0842994,-0.018325957
1485.0,3.3446999,-4.7644615,7.920019,0.087964594,0.08674286,-0.02565634
1496.0,3.289633,-4.7381253,7.81228,0.06352998,0.09162979,-0.03176499
1505.0,3.2489316,-4.6232033,7.771579,0.02443461,0.089186326,-0.032986723
1515.0,3.1531637,-4.757279,7.8386164,-0.015882496,0.09773844,-0.02443461
1525.0,3.145981,-4.7500963,7.991845,-0.032986723,0.10140363,-0.015882496
1536.0,3.0789435,-4.831499,7.9128366,-0.017104227,0.103847094,-0.015882496
1546.0,3.095703,-4.6519337,7.884106,0.009773844,0.09407325,-0.010995574
1557.0,3.0095115,-4.5681367,7.884106,0.02076942,0.087964594,-0.0061086523
1567.0,3.028665,-4.570531,7.943961,0.02687807,0.081855945,-0.0061086523
1578.0,3.0023289,-4.5872903,7.941567,0.036651913,0.07819075,-0.004886922
1585.0,2.9975405,-4.5872903,7.9104424,0.04886922,0.064751714,0.004886922
1598.0,3.0382419,-4.5418005,7.9224133,0.04642576,0.05375614,0.014660766
1605.0,3.0214825,-4.6016555,7.8649526,0.034208454,0.04642576,0.018325957
1615.0,3.0262709,-4.582502,7.9966335,0.015882496,0.039095376,0.019547688
1625.0,2.956839,-4.5561657,7.845799,-0.0036651916,0.028099801,0.02076942
1633.0,3.0142999,-4.546589,7.8912888,-0.02321288,0.018325957,0.017104227
1645.0,3.064578,-4.6279917,8.025364,-0.032986723,0.017104227,0.010995574
1655.0,3.0597897,-4.582502,8.090008,-0.028099801,0.017104227,0.014660766
1664.0,3.0358477,-4.537012,8.027759,-0.014660766,0.013439035,0.02076942
1678.0,3.0693667,-4.6519337,8.034941,-0.002443461,0.015882496,0.018325957
1683.0,3.0813377,-4.6112323,7.9511437,0.010995574,0.013439035,0.015882496
1694.0,3.0550013,-4.584896,7.8984714,0.017104227,0.007330383,0.017104227
1703.0,3.016694,-4.510676,7.8912888,0.012217305,0.008552114,0.013439035
1716.0,2.992752,-4.525041,7.9367785,0.0036651916,0.010995574,0.0061086523
1723.0,3.004723,-4.5202527,8.008605,0.0012217305,0.013439035,0.0036651916
1733.0,3.0382419,-4.606444,8.101978,0.0012217305,0.014660766,0.0
1742.0,3.040636,-4.51307,8.130709,-0.004886922,0.013439035,-0.0061086523
1754.0,3.107674,-4.5872903,8.133103,-0.02076942,0.017104227,-0.010995574
1763.0,3.1124623,-4.6686935,8.178593,-0.032986723,0.021991149,-0.008552114
1774.0,3.1148565,-4.7500963,8.147469,-0.039095376,0.02321288,-0.0061086523
1782.0,3.145981,-4.709395,8.207323,-0.040317107,0.036651913,-0.009773844
1794.0,3.1292217,-4.8267107,8.118738,-0.034208454,0.042760566,-0.008552114
1804.0,3.0885203,-4.747702,8.058883,-0.028099801,0.056199603,0.0
1814.0,3.0669725,-4.572925,8.027759,-0.019547688,0.05375614,-0.0012217305
1824.0,3.0190883,-4.5753193,8.034941,-0.015882496,0.056199603,-0.0061086523
1834.0,2.9616275,-4.570531,7.9391727,-0.02076942,0.064751714,-0.0036651916
1843.0,2.885013,-4.5753193,7.9870567,-0.029321533,0.047647487,0.0
1856.0,2.930503,-4.630386,8.121132,-0.034208454,0.057421334,-0.007330383
1867.0,2.930503,-4.6351743,8.101978,-0.019547688,0.061086524,-0.014660766
1877.0,3.0071173,-4.596867,8.025364,-0.007330383,0.047647487,-0.017104227
1885.0,3.0573955,-4.630386,8.121132,-0.008552114,0.05375614,-0.02443461
1897.0,3.0789435,-4.709395,8.039729,-0.004886922,0.05497787,-0.030543262
1905.0,2.9903579,-4.6136265,7.9942393,0.002443461,0.052534413,-0.02687807
1915.0,3.0597897,-4.582502,7.9966335,0.0,0.04886922,-0.030543262
1926.0,2.980781,-4.6519337,7.9631147,-0.009773844,0.05497787,-0.037873644
1936.0,2.9879637,-4.6902413,7.9607205,-0.014660766,0.05497787,-0.030543262
1946.0,3.0071173,-4.608838,8.015787,-0.013439035,0.056199603,-0.02565634
1959.0,2.9999347,-4.7644615,8.135497,-0.008552114,0.057421334,-0.030543262
1968.0,2.9975405,-4.6519337,8.082825,-0.0012217305,0.062308256,-0.030543262
1978.0,2.9975405,-4.644751,8.078036,0.0061086523,0.057421334,-0.028099801
1987.0,3.040636,-4.6662993,8.073248,0.014660766,0.059864793,-0.030543262
1998.0,2.9879637,-4.5872903,8.051701,0.02443461,0.042760566,-0.03176499
2007.0,2.9041667,-4.711789,8.063671,0.02443461,0.059864793,-0.030543262
2019.0,2.9903579,-4.6950297,8.061277,0.029321533,0.061086524,-0.028099801
2026.0,2.9783869,-4.7022123,8.025364,0.037873644,0.05375614,-0.02443461
2037.0,3.0190883,-4.630386,8.046912,0.037873644,0.05497787,-0.02076942
2061.0,2.992752,-4.711789,8.066066,0.028099801,0.056199603,-0.02076942
2061.0,2.9783869,-4.699818,8.025364,0.014660766,0.043982297,-0.018325957
2064.0,2.9903579,-4.6830587,8.030152,0.0,0.04642576,-0.017104227
2077.0,2.96881,-4.6902413,8.013393,0.002443461,0.04642576,-0.013439035
2087.0,2.9712043,-4.608838,7.9942393,0.004886922,0.039095376,-0.008552114
2097.0,2.9400797,-4.6806645,7.9248075,0.0012217305,0.034208454,-0.010995574
2105.0,2.932897,-4.6351743,7.9224133,0.0036651916,0.032986723,-0.012217305
2115.0,2.9616275,-4.5681367,7.860164,0.0061086523,0.030543262,-0.012217305
2125.0,2.8993783,-4.584896,7.917625,0.0061086523,0.02443461,-0.015882496
2136.0,2.9496565,-4.510676,7.860164,0.0,0.02076942,-0.019547688
2145.0,2.944868,-4.5801077,7.9104424,-0.010995574,0.02076942,-0.02076942
2156.0,2.885013,-4.5657425,7.9248075,-0.021991149,0.019547688,-0.02321288
2165.0,3.0142999,-4.656722,8.034941,-0.028099801,0.015882496,-0.029321533
2177.0,3.004723,-4.685453,8.027759,-0.02565634,0.015882496,-0.037873644
2184.0,3.0142999,-4.6279917,7.9726915,-0.014660766,0.017104227,-0.04153884
2196.0,3.0621839,-4.644751,7.9032598,-0.004886922,0.012217305,-0.04642576
2206.0,3.098097,-4.5777135,7.908048,-0.004886922,0.012217305,-0.05375614
2216.0,3.052607,-4.7046065,7.9583263,-0.010995574,0.019547688,-0.05131268
2226.0,2.9759927,-4.747702,7.917625,-0.013439035,0.019547688,-0.04886922
2236.0,2.9735985,-4.6375685,7.97748,-0.02076942,0.014660766,-0.05375614
2247.0,2.9855695,-4.584896,7.9966335,-0.036651913,0.014660766,-0.061086524
2258.0,3.0502129,-4.711789,8.039729,-0.05009095,0.015882496,-0.062308256
2266.0,3.016694,-4.781221,8.020576,-0.04520403,0.010995574,-0.056199603
2276.0,3.0238767,-4.7668557,8.042124,-0.03176499,0.002443461,-0.057421334
2287.0,3.1244333,-4.745308,8.106767,-0.015882496,-0.0012217305,-0.06841691
2297.0,3.028665,-4.7620673,8.157045,0.0036651916,-0.0012217305,-0.06719518
2307.0,3.0621839,-4.7022123,8.109161,0.021991149,-0.007330383,-0.056199603
2318.0,3.0454245,-4.747702,8.082825,0.037873644,-0.008552114,-0.05131268
2325.0,2.96881,-4.7189717,8.056489,0.05131268,-0.014660766,-0.04886922
2335.0,2.9783869,-4.7165775,8.111555,0.05497787,-0.021991149,-0.04153884
2346.0,3.028665,-4.781221,8.152257,0.04886922,-0.02565634,-0.029321533
2356.0,3.0597897,-4.7548847,8.154651,0.042760566,-0.02321288,-0.019547688
2366.0,2.9879637,-4.644751,8.176199,0.04153884,-0.021991149,-0.015882496
2380.0,3.0095115,-4.6519337,8.157045,0.039095376,-0.02565634,-0.014660766
2385.0,2.9975405,-4.6495395,8.154651,0.035430185,-0.02321288,-0.007330383
2397.0,3.028665,-4.6591167,8.118738,0.032986723,-0.017104227,0.002443461
2407.0,2.9472623,-4.687847,8.169016,0.040317107,-0.014660766,0.004886922
2418.0,3.0095115,-4.661511,8.236053,0.05497787,-0.013439035,0.002443461
2427.0,2.992752,-4.620809,8.2169,0.06963864,-0.010995574,0.0036651916
2439.0,2.992752,-4.5633483,8.161834,0.07819075,-0.0061086523,0.0061086523
2447.0,2.966416,-4.6375685,8.078036,0.08307768,-0.002443461,0.0061086523
2457.0,3.0502129,-4.644751,8.104373,0.08674286,0.0061086523,0.0036651916
2467.0,3.0358477,-4.548983,8.118738,0.08552113,0.014660766,0.002443461
2478.0,2.9376855,-4.5681367,8.130709,0.07819075,0.02321288,-0.0012217305
2487.0,2.9999347,-4.5896845,8.104373,0.06841691,0.030543262,-0.0012217305
2498.0,3.0238767,-4.6016555,8.14268,0.061086524,0.034208454,-0.0012217305
2508.0,3.0142999,-4.5992613,8.128315,0.058643065,0.040317107,-0.004886922
2518.0,3.0334535,-4.5178585,8.104373,0.057421334,0.047647487,-0.010995574
2528.0,3.040636,-4.608838,8.106767,0.056199603,0.05375614,-0.013439035
2538.0,3.0358477,-4.5441947,8.130709,0.057421334,0.06352998,-0.010995574
2546.0,3.083732,-4.63278,7.9966335,0.059864793,0.06352998,-0.009773844
2558.0,3.0478187,-4.5394063,8.008605,0.057421334,0.06719518,-0.010995574
2567.0,3.0119057,-4.548983,7.9942393,0.05375614,0.06963864,-0.012217305
2577.0,2.9783869,-4.596867,8.015787,0.04520403,0.06841691,-0.015882496
2588.0,2.9951463,-4.5274353,8.0445175,0.039095376,0.06719518,-0.018325957
2598.0,2.9281087,-4.525041,8.066066,0.032986723,0.058643065,-0.019547688
2607.0,3.0071173,-4.5753193,8.039729,0.021991149,0.05131268,-0.02443461
2619.0,2.9783869,-4.462792,8.020576,0.013439035,0.04886922,-0.02687807
2627.0,2.9520507,-4.4699745,7.9607205,0.009773844,0.04642576,-0.02565634
2638.0,2.9855695,-4.498705,7.9966335,0.007330383,0.040317107,-0.02687807
2647.0,3.0430303,-4.537012,7.9966335,0.004886922,0.035430185,-0.02687807
2656.0,3.0262709,-4.560954,8.030152,0.004886922,0.030543262,-0.02321288
2667.0,3.0621839,-4.5082817,8.010999,0.007330383,0.02687807,-0.02321288
2678.0,3.0478187,-4.5872903,8.032547,0.007330383,0.02687807,-0.021991149
2687.0,3.0358477,-4.5441947,8.02297,0.009773844,0.02565634,-0.018325957
2698.0,3.0095115,-4.453215,8.051701,0.013439035,0.017104227,-0.015882496
2709.0,2.9855695,-4.5537715,8.02297,0.015882496,0.017104227,-0.014660766
2719.0,2.9975405,-4.5418005,8.018182,0.018325957,0.008552114,-0.009773844
2728.0,3.0142999,-4.606444,8.099585,0.013439035,-0.0012217305,-0.007330383
2740.0,3.0119057,-4.5298295,8.082825,0.010995574,-0.0012217305,-0.008552114
2748.0,3.0214825,-4.51307,8.082825,0.013439035,-0.004886922,-0.004886922
2757.0,2.9855695,-4.4939165,8.123527,0.015882496,-0.012217305,-0.002443461
2767.0,2.9783869,-4.5058875,8.09719,0.015882496,-0.012217305,-0.004886922
2779.0,2.9496565,-4.4484267,8.070854,0.013439035,-0.013439035,-0.002443461
2785.0,2.9759927,-4.3957543,8.111555,0.004886922,-0.010995574,0.0012217305
2797.0,2.9113493,-4.4484267,8.051701,-0.0061086523,-0.009773844,0.0036651916
2808.0,2.9113493,-4.4244847,8.073248,-0.015882496,-0.007330383,0.0061086523
2819.0,2.9041667,-4.441244,8.099585,-0.02321288,-0.012217305,0.0061086523
2827.0,2.8299465,-4.5394063,8.11395,-0.02321288,-0.009773844,0.004886922
2837.0,2.7988217,-4.4675803,8.063671,-0.013439035,-0.009773844,0.007330383
2848.0,2.9041667,-4.4316673,8.14268,-0.002443461,-0.013439035,0.008552114
2859.0,2.870648,-4.4580035,8.1402855,0.0061086523,-0.009773844,0.004886922
2867.0,2.8443117,-4.4556093,8.195353,0.014660766,-0.010995574,0.007330383
2878.0,2.861071,-4.4915223,8.123527,0.007330383,-0.002443461,0.009773844
2888.0,2.846706,-4.43885,8.123527,0.007330383,-0.002443461,0.009773844
2897.0,2.8299465,-4.501099,8.180987,-0.004886922,0.0,0.012217305
2909.0,2.8203697,-4.486734,8.130709,-0.02443461,0.007330383,0.017104227
2920.0,2.8179753,-4.5274353,8.135497,-0.02443461,0.0061086523,0.014660766
2927.0,2.837129,-4.5441947,8.159439,-0.018325957,0.004886922,0.014660766
2936.0,2.9041667,-4.570531,8.161834,-0.008552114,0.008552114,0.014660766
2948.0,2.8634653,-4.5992613,8.1163435,0.0012217305,0.009773844,0.015882496
2959.0,2.882619,-4.594473,8.185776,0.008552114,0.0061086523,0.015882496
2967.0,2.8921957,-4.5801077,8.195353,0.009773844,0.007330383,0.015882496
2981.0,2.896984,-4.606444,8.214506,0.009773844,0.010995574,0.018325957
2987.0,2.9496565,-4.5537715,8.209718,0.007330383,0.015882496,0.02443461
2998.0,2.8921957,-4.55856,8.157045,0.004886922,0.018325957,0.029321533
3006.0,2.9161377,-4.522647,8.224083,0.0012217305,0.019547688,0.030543262
