18.0,0.39983168,-2.492364,9.572019,0.007330383,-0.021991149,-0.0012217305
30.0,1.4197617,-2.4636335,9.502586,0.16982053,0.12583824,-0.065973446
43.0,0.7493851,-2.1068976,9.655815,0.017104227,-0.2846632,-0.2443461
49.0,0.059855044,-2.4588451,9.646238,-0.06719518,-0.3933972,-0.21746802
52.0,0.4429273,-2.44448,9.583989,0.035430185,0.39950588,0.10995574
66.0,0.641646,-1.9656396,9.61272,-0.02076942,0.43493605,0.0842994
71.0,0.79726917,-1.9632454,9.610326,-0.06841691,0.28955013,0.11728613
81.0,0.80684596,-2.2577322,9.662998,-0.08307768,0.15882497,0.08674286
93.0,0.7038953,-2.4181437,9.677363,-0.062308256,0.17592919,0.034208454
101.0,0.7374141,-2.3630772,9.837775,-0.02687807,0.19547687,0.0012217305
112.0,0.8643068,-2.3295584,9.933543,0.002443461,0.21624629,0.012217305
121.0,0.89543146,-2.4468741,10.014946,0.008552114,0.24923302,0.029321533
133.0,0.92655605,-2.6120741,10.311827,0.012217305,0.2883284,0.037873644
143.0,0.93373865,-2.7844565,10.359711,0.05009095,0.31642818,0.034208454
151.0,0.82360536,-2.861071,10.409989,0.13072516,0.34574974,0.021991149
162.0,0.92655605,-2.743755,10.46745,0.21868975,0.376293,0.019547688
173.0,0.8882488,-2.6264393,10.326192,0.26633725,0.4129449,0.032986723
181.0,0.8619126,-2.3774424,10.213664,0.25411993,0.46303585,0.05375614
194.0,0.79487497,-2.2218192,10.125079,0.17715092,0.52412236,0.07941248
202.0,0.6584055,-2.0446482,10.113108,0.04520403,0.5815437,0.112399206
212.0,0.49081135,-2.2529438,10.220847,-0.10262536,0.6450737,0.15149458
222.0,0.29448682,-2.2936451,10.223241,-0.22724187,0.6939429,0.18081611
234.0,0.14604631,-2.3894134,10.187328,-0.3115413,0.7257079,0.19058995
244.0,0.0023942017,-2.4971523,10.206482,-0.35185838,0.75747293,0.19181168
252.0,-0.24420857,-2.44448,10.134656,-0.3811799,0.77946407,0.20158553
262.0,-0.40940848,-2.4947581,9.950302,-0.41050145,0.79290307,0.21746802
272.0,-0.58418524,-2.554613,9.751583,-0.43493605,0.8038987,0.22724187
282.0,-0.78529817,-2.6360161,9.552865,-0.44593164,0.80756384,0.22968534
293.0,-0.92895025,-2.7389667,9.404425,-0.44104472,0.80756384,0.23823744
302.0,-1.0726024,-2.9257145,9.220071,-0.4129449,0.8063421,0.25289822
312.0,-1.2114661,-2.9472623,9.136273,-0.3567453,0.79412484,0.2602286
322.0,-1.2234371,-2.7868507,9.066842,-0.31764993,0.7892379,0.26145032
333.0,-1.3455414,-2.753332,9.196129,-0.3371976,0.8038987,0.26633725
342.0,-1.4221559,-2.8299465,9.220071,-0.39584067,0.83199847,0.27366763
353.0,-1.5155296,-2.9281087,9.13388,-0.43249258,0.8405506,0.2773328
362.0,-1.721431,-2.956839,8.9758625,-0.4373795,0.8332202,0.2773328
372.0,-1.8842367,-2.89459,8.868123,-0.43493605,0.82344633,0.27000242
382.0,-1.9416976,-2.813187,8.832211,-0.4288274,0.8136725,0.26511553
392.0,-2.1045034,-2.7629087,8.614338,-0.45081854,0.7867944,0.27122417
402.0,-2.1332338,-2.6431987,8.396465,-0.47525316,0.7684685,0.28099802
414.0,-2.1547816,-3.0214825,8.422802,-0.45204028,0.75625116,0.2919936
422.0,-2.1260512,-3.3542767,8.451532,-0.3726278,0.7293731,0.30665436
434.0,-2.1859062,-3.5290532,8.324639,-0.23945917,0.689056,0.312763
442.0,-2.2361844,-3.6343982,8.276755,-0.0842994,0.6401868,0.30298916
452.0,-2.1523874,-3.6511576,8.11395,0.04642576,0.5839872,0.28221974
463.0,-2.1859062,-3.4691982,7.8865004,0.13194689,0.52778757,0.27488935
474.0,-2.0925324,-3.2369606,7.7308774,0.16249016,0.47891834,0.28344148
484.0,-2.1667526,-3.0909145,7.5824366,0.14538592,0.44104472,0.2919936
494.0,-2.0949266,-3.0454245,7.884106,0.10262536,0.4166101,0.29932398
503.0,-2.0015526,-2.9999347,7.7452426,0.08307768,0.38606682,0.3200934
513.0,-2.0374656,-3.0933087,7.8290396,0.11362094,0.3481932,0.34697145
523.0,-2.1523874,-3.1435869,7.8170686,0.09773844,0.30298916,0.3567453
535.0,-2.219425,-3.040636,7.687782,0.04886922,0.26389378,0.33841935
544.0,-2.147599,-2.9735985,7.7572136,0.012217305,0.22479841,0.30909783
553.0,-2.0518308,-2.942474,7.764396,-0.02321288,0.18448131,0.29443705
564.0,-2.135628,-2.7844565,7.7452426,-0.05497787,0.15149458,0.2883284
572.0,-2.066196,-2.815581,7.965509,-0.087964594,0.13316862,0.2761111
584.0,-2.1452048,-3.040636,8.360553,-0.09773844,0.12339478,0.2602286
594.0,-2.0685902,-3.1986535,8.611943,-0.064751714,0.09896017,0.2406809
604.0,-2.1523874,-3.1052797,8.738836,0.004886922,0.065973446,0.19914207
616.0,-2.147599,-3.0214825,8.698134,0.08674286,0.02443461,0.14294247
625.0,-2.0925324,-2.7222073,8.4826565,0.17348573,-0.032986723,0.07941248
635.0,-2.0159178,-2.5881321,8.384495,0.17348573,-0.032986723,0.07941248
646.0,-1.9728222,-2.5378537,8.303091,0.17837265,-0.037873644,0.07574729
656.0,-2.0566192,-2.6839,8.470686,0.17715092,-0.036651913,0.06352998
666.0,-2.0135236,-2.7389667,8.839393,0.18448131,-0.04153884,0.039095376
676.0,-1.9081788,-2.8682537,9.126697,0.20769419,-0.05497787,0.007330383
686.0,-1.8028339,-2.779668,9.181764,0.22357668,-0.07452556,-0.019547688
696.0,-1.8459295,-2.597709,9.141062,0.21135938,-0.08552113,-0.034208454
706.0,-1.8602947,-2.3175871,9.095572,0.16371189,-0.089186326,-0.04153884
717.0,-1.7836803,-2.231396,9.02614,0.06841691,-0.095294975,-0.034208454
726.0,-1.8195933,-2.456451,8.722076,0.062308256,-0.112399206,-0.02687807
738.0,-2.0111294,-2.6431987,8.590396,0.07696902,-0.13805555,-0.028099801
745.0,-2.0805612,-2.6982653,8.549694,0.09162979,-0.16982053,-0.032986723
756.0,-2.0087352,-2.6288335,8.51857,0.09407325,-0.2003638,-0.039095376
766.0,-1.9393034,-2.4995465,8.588001,0.09407325,-0.22357668,-0.043982297
777.0,-1.8243817,-2.4660277,8.767567,0.06963864,-0.22724187,-0.030543262
786.0,-1.8076223,-2.5617957,9.006987,0.013439035,-0.22113322,-0.0036651916
798.0,-1.9009962,-2.56419,9.109938,-0.05009095,-0.22113322,-0.009773844
806.0,-1.9967642,-2.4301147,9.097966,-0.096516706,-0.21991149,-0.039095376
817.0,-1.9847932,-2.3630772,9.052477,-0.1441642,-0.22357668,-0.052534413
828.0,-1.9680338,-2.2744915,8.78672,-0.21135938,-0.24312437,-0.06841691
839.0,-2.0326772,-2.0829554,8.7053175,-0.2846632,-0.25289822,-0.096516706
844.0,-1.8914193,-2.3127987,8.9998045,-0.29932398,-0.2406809,-0.12339478
856.0,-1.6328455,-2.858677,9.100361,-0.23945917,-0.24678956,-0.12950343
865.0,-1.5729905,-3.0310593,9.093178,-0.14782938,-0.26267207,-0.13316862
876.0,-1.5490485,-3.1268275,9.069236,-0.042760566,-0.2687807,-0.15515977
886.0,-1.6352397,-3.0621839,8.944737,0.039095376,-0.27366763,-0.17715092
897.0,-1.7310078,-2.89459,8.829816,0.07696902,-0.27977628,-0.18325958
906.0,-1.8650831,-2.801216,8.6813755,0.065973446,-0.28955013,-0.18325958
916.0,-1.8842367,-2.657564,8.611943,0.019547688,-0.29932398,-0.18692477
927.0,-1.8746599,-2.5953147,8.523358,-0.04520403,-0.31642818,-0.18936823
938.0,-1.697489,-2.3439236,8.295909,-0.12705997,-0.34697145,-0.18692477
947.0,-1.6903064,-2.147599,8.087613,-0.24923302,-0.38362336,-0.19303341
957.0,-1.7597382,-2.0398598,7.8888946,-0.408058,-0.41050145,-0.21502456
967.0,-1.5969325,-2.0398598,8.061277,-0.54733527,-0.41538838,-0.2443461
977.0,-1.4652514,-2.504335,8.513782,-0.5852089,-0.40683624,-0.26633725
985.0,-1.3192052,-3.0262709,8.631097,-0.5558874,-0.4288274,-0.27488935
995.0,-1.3311762,-3.2202013,8.789114,-0.46792278,-0.43860126,-0.29565877
1006.0,-1.3359646,-3.4380736,8.942344,-0.32742378,-0.4288274,-0.32253686
1019.0,-1.4053963,-3.632004,8.959103,-0.17715092,-0.43493605,-0.33108896
1026.0,-1.5227122,-3.6008794,8.860941,-0.057421334,-0.44837508,-0.3323107
1038.0,-1.5179238,-3.4979286,8.700529,0.014660766,-0.46181414,-0.34697145
1067.0,-1.400608,-3.193865,8.602366,0.017104227,-0.48502702,-0.36651915
1068.0,-1.2569559,-2.7629087,8.341399,-0.062308256,-0.50823987,-0.37751472
1068.0,-1.1180922,-2.4588451,8.207323,-0.21868975,-0.5363397,-0.3885103
1077.0,-0.9552865,-2.1260512,7.9631147,-0.43860126,-0.5693264,-0.4092797
1085.0,-0.8499416,-1.9393034,7.6829934,-0.7098254,-0.60231316,-0.43493605
1096.0,-0.79008657,-1.970428,7.4483614,-1.0152581,-0.63041294,-0.46670106
1105.0,-0.8643068,-1.9177556,7.2448545,-1.3096951,-0.66706485,-0.50823987
1116.0,-0.866701,-2.1188686,6.981492,-1.5479325,-0.7122689,-0.5510005
1126.0,-0.8858546,-2.315193,6.9000893,-1.7324139,-0.7611381,-0.59864795
1138.0,-0.7110779,-2.4612393,6.7588315,-1.8851302,-0.8185594,-0.64996064
1145.0,-0.58897364,-3.2034419,6.38773,-1.9291124,-0.8723156,-0.70738196
1156.0,-0.19393034,-5.104438,7.0102224,-1.7336355,-0.97005403,-0.8038987
1165.0,0.011971008,-4.5082817,6.777985,-1.4648548,-1.1362094,-1.078788
1176.0,0.0,-0.557849,6.4499793,-1.4391985,-1.1655309,-1.5283848
1186.0,0.033518825,1.6519991,6.612785,-1.7214183,-1.1227703,-1.8680259
1197.0,0.58418524,1.42455,6.8282633,-2.0732768,-1.1508701,-2.0451767
1206.0,0.78529817,0.8595184,6.9838862,-2.3445008,-1.1753048,-2.2748623
1217.0,1.412579,0.51714754,7.1251445,-2.6462681,-1.1985176,-2.6340508
1231.0,1.7836803,0.6631939,5.60722,-2.7476718,-1.3072516,-3.0787609
1238.0,1.8267759,0.7781156,3.6343982,-2.6364944,-1.4294246,-3.4892623
1251.0,2.4372973,0.6512229,2.6240451,-2.4813347,-1.5137241,-3.721391
1260.0,3.6128504,-1.292869,3.1292217,-2.2504275,-1.4514158,-3.649309
1267.0,4.8602295,-4.6495395,5.1355624,-1.8374827,-1.346347,-3.5515707
1277.0,6.1626754,-7.141904,7.1634517,-1.2473868,-1.3011429,-3.6334264
1287.0,7.7093296,-9.057265,8.707711,-0.5558874,-1.2522738,-3.6505308
1295.0,8.523358,-10.323798,9.423578,0.08674286,-1.2205088,-3.4807103
1306.0,9.0716305,-10.771513,9.782708,0.56077427,-1.205848,-3.2925637
1318.0,8.801085,-9.672575,9.655815,0.67073005,-1.1887437,-3.145956
1326.0,8.6574335,-8.360553,9.385271,0.4007276,-1.1044444,-2.9248228
1339.0,8.887277,-8.4347725,9.564836,-0.04153884,-0.95172805,-2.557082
1346.0,9.176975,-9.279925,9.7563715,-0.50579643,-0.8038987,-2.1661282
1357.0,9.085996,-10.024523,9.832987,-0.9602802,-0.65118235,-1.8704693
1368.0,8.5473,-10.805033,9.902418,-1.3976597,-0.49968776,-1.5968018
1379.0,7.7931266,-11.2312,9.753978,-1.7324139,-0.36163223,-1.3060299
1385.0,7.0820484,-11.36767,9.378088,-1.8716911,-0.24312437,-1.0629056
1397.0,6.4020953,-11.118672,9.006987,-1.817935,-0.15515977,-0.87598073
1407.0,5.8107276,-10.42196,8.492233,-1.6627752,-0.08674286,-0.7171558
1416.0,5.281609,-9.710882,8.030152,-1.4856243,-0.02321288,-0.5693264
1426.0,4.685453,-9.064447,7.5465236,-1.3121386,0.034208454,-0.42394048
1439.0,4.223372,-8.6095495,7.2352777,-1.128879,0.07941248,-0.29443705
1447.0,3.7541082,-8.11395,6.8881183,-0.9456194,0.10995574,-0.1966986
1457.0,3.4739866,-7.762002,6.6989765,-0.75991637,0.13805555,-0.12095132
1467.0,3.277662,-7.553706,6.5625067,-0.5766568,0.1600467,-0.064751714
1478.0,3.0933087,-7.1155677,6.423643,-0.41416663,0.16982053,-0.029321533
1488.0,3.1004913,-6.7923503,6.1387334,-0.3005457,0.18203785,-0.012217305
1499.0,3.0885203,-6.631939,6.129156,-0.23335053,0.19914207,0.0012217305
1508.0,3.1387985,-6.5577183,5.949591,-0.19547687,0.21991149,0.019547688
1518.0,3.3494883,-6.4427967,5.920861,-0.1563815,0.2565634,0.02687807
1528.0,3.4572272,-6.411672,5.861006,-0.1563815,0.2773328,0.018325957
1539.0,3.5889084,-6.3949127,5.896919,-0.16737708,0.2919936,0.019547688
1546.0,3.787627,-6.505046,5.8705826,-0.16982053,0.29810223,0.02443461
1558.0,3.9695864,-6.5098343,5.961562,-0.16249016,0.29932398,0.02443461
1566.0,4.156334,-6.531382,5.9543796,-0.1563815,0.30298916,0.034208454
1578.0,4.3263226,-6.6056023,6.0238113,-0.14294247,0.3042109,0.05009095
1588.0,4.4819455,-6.7684083,6.0621185,-0.1160644,0.30176744,0.06963864
1598.0,4.630386,-6.8522053,6.1123967,-0.07819075,0.29077184,0.095294975
1607.0,4.747702,-6.775591,6.160281,-0.04153884,0.27977628,0.12705997
1618.0,4.8362875,-6.8426285,6.1387334,-0.009773844,0.267559,0.15882497
1629.0,4.9296613,-6.847417,6.1626754,0.019547688,0.25167647,0.18936823
1639.0,5.0637364,-6.8569937,6.169858,0.05375614,0.23090707,0.22968534
1647.0,5.085284,-6.9000893,6.181829,0.0842994,0.21624629,0.27000242
1658.0,5.145139,-6.789956,6.1243677,0.103847094,0.19547687,0.30176744
1668.0,5.1020436,-6.727707,6.1123967,0.11362094,0.18325958,0.32620203
1678.0,5.023035,-6.6295447,6.1123967,0.13561209,0.16982053,0.3494149
1687.0,5.0134583,-6.459556,6.1123967,0.16371189,0.1563815,0.36896262
1698.0,4.8626237,-6.2488666,6.0357823,0.18692477,0.1441642,0.38362336
1707.0,4.7788267,-6.2392898,5.9543796,0.20280726,0.12950343,0.3933972
1718.0,4.687847,-6.129156,5.9639564,0.21013765,0.112399206,0.39706242
1727.0,4.6160207,-5.971139,5.9663506,0.20891592,0.1001819,0.39950588
1741.0,4.584896,-5.901707,5.9567738,0.20769419,0.08674286,0.39950588
1749.0,4.5394063,-5.8226986,5.9424086,0.21380283,0.07086037,0.3885103
1757.0,4.522647,-5.8322754,5.865794,0.21746802,0.057421334,0.37018433
1767.0,4.355053,-5.7365074,5.825093,0.22602014,0.04520403,0.35308012
1777.0,4.295198,-5.604826,5.8466406,0.24678956,0.03176499,0.32742378
1788.0,4.295198,-5.815516,5.9304376,0.27977628,0.02076942,0.3042109
1799.0,4.3382936,-5.6407394,5.935226,0.30665436,0.007330383,0.28344148
1808.0,4.3478703,-5.6000376,6.007052,0.31764993,-0.0012217305,0.26511553
1819.0,4.3957543,-5.566519,5.985504,0.30909783,-0.004886922,0.24923302
1827.0,4.321534,-5.5976434,6.0764837,0.29443705,-0.0036651916,0.23579398
1841.0,4.2425256,-5.793968,6.2105594,0.28710666,-0.0012217305,0.22479841
1847.0,4.345476,-5.861006,6.241684,0.2883284,-0.004886922,0.21502456
1859.0,4.247314,-5.8346696,6.325481,0.27488935,-0.010995574,0.19303341
1866.0,4.2544966,-5.8466406,6.3182983,0.24556783,-0.009773844,0.17104226
1877.0,4.220978,-5.9160724,6.361394,0.21868975,-0.004886922,0.15515977
1888.0,4.2401314,-6.0525417,6.423643,0.20280726,-0.009773844,0.1441642
1898.0,4.2760444,-5.9543796,6.3566055,0.18570304,-0.009773844,0.13805555
1907.0,4.357447,-6.042965,6.361394,0.1600467,0.0012217305,0.14538592
1917.0,4.486734,-6.2368956,6.4140663,0.13561209,0.02076942,0.16126843
1927.0,4.4364557,-6.4164605,6.55293,0.1282817,0.037873644,0.17104226
1938.0,4.369418,-6.4404025,6.619968,0.12583824,0.056199603,0.17837265
1947.0,4.1659107,-6.385336,6.6056023,0.11362094,0.07086037,0.19058995
1957.0,4.1252093,-6.3685765,6.7013707,0.105068825,0.08307768,0.20280726
1965.0,4.06296,-6.4643445,6.7468605,0.11484267,0.0842994,0.20769419
1977.0,3.9983168,-6.3446345,6.7612257,0.13316862,0.087964594,0.20647246
1986.0,3.9312792,-6.325481,6.7444663,0.14538592,0.09040806,0.2125811
1996.0,3.9240966,-6.363788,6.777985,0.15393804,0.0842994,0.22357668
2006.0,4.06296,-6.289568,6.6870055,0.15760323,0.095294975,0.23090707
2017.0,4.024653,-6.253655,6.646304,0.16126843,0.10140363,0.23579398
2031.0,4.0342298,-6.244078,6.6247563,0.15760323,0.11362094,0.2443461
2039.0,3.9743748,-6.1866174,6.5984197,0.14782938,0.12095132,0.25411993
2061.0,3.9480386,-6.155493,6.6103907,0.14049901,0.1282817,0.2602286
2061.0,3.8546648,-6.105214,6.6295447,0.13439035,0.13072516,0.26389378
2066.0,3.7565024,-6.0405707,6.6726403,0.13561209,0.13561209,0.26511553
2076.0,3.8546648,-5.98311,6.7348895,0.14538592,0.13683382,0.26511553
2087.0,3.7852328,-5.971139,6.6606693,0.1600467,0.13316862,0.26511553
2099.0,3.7565024,-5.932832,6.6726403,0.172264,0.14172074,0.26389378
2106.0,3.7181952,-5.829881,6.6079965,0.17959438,0.13561209,0.25778514
2117.0,3.6822822,-5.896919,6.5601125,0.17959438,0.13194689,0.24923302
2126.0,3.643975,-5.884948,6.555324,0.172264,0.13072516,0.24190263
2138.0,3.691859,-5.7604494,6.459556,0.15515977,0.12217305,0.23090707
2147.0,3.5984852,-5.7149596,6.4619503,0.12705997,0.118507855,0.21868975
2159.0,3.5889084,-5.693412,6.519411,0.096516706,0.1160644,0.20891592
2168.0,3.5434184,-5.7149596,6.5385647,0.07086037,0.111177474,0.19547687
2178.0,3.5482068,-5.6527104,6.5984197,0.05375614,0.10629055,0.18203785
2189.0,3.596091,-5.7484784,6.6510925,0.04886922,0.10140363,0.16737708
2199.0,3.5793316,-5.7508726,6.6247563,0.052534413,0.09407325,0.15393804
2208.0,3.5984852,-5.777209,6.658275,0.061086524,0.09162979,0.14294247
2219.0,3.643975,-5.9041014,6.5960255,0.073303826,0.081855945,0.13561209
2229.0,3.6703112,-5.973533,6.619968,0.08674286,0.080634214,0.12950343
2240.0,3.6631286,-5.961562,6.619968,0.10262536,0.07819075,0.12583824
2247.0,3.679888,-6.105214,6.6750345,0.12217305,0.07941248,0.12705997
2258.0,3.6822822,-6.1195793,6.777985,0.13683382,0.07819075,0.13316862
2268.0,3.6846764,-6.227319,6.7708025,0.14049901,0.07819075,0.13805555
2280.0,3.6272156,-6.066907,6.7444663,0.13072516,0.07452556,0.13561209
2287.0,3.6128504,-6.0285997,6.8450227,0.10995574,0.073303826,0.13439035
2299.0,3.5817258,-6.054936,6.871359,0.087964594,0.07452556,0.13683382
2308.0,3.4093432,-6.1100025,6.9264255,0.073303826,0.07086037,0.14172074
2319.0,3.4644098,-6.105214,6.8761473,0.06841691,0.07086037,0.14538592
2330.0,3.4715924,-6.277597,6.897695,0.096516706,0.07452556,0.1600467
2342.0,3.53863,-6.327875,6.9168487,0.096516706,0.07452556,0.1600467
2347.0,3.550601,-6.1123967,6.8186865,0.10873401,0.08674286,0.16249016
2358.0,3.3734303,-6.196194,6.8162923,0.11362094,0.09407325,0.16371189
2368.0,3.25372,-6.1100025,6.7731967,0.118507855,0.096516706,0.15882497
2378.0,3.2130187,-6.0716953,6.8545995,0.12461651,0.09896017,0.15149458
2389.0,3.229778,-6.054936,6.897695,0.13072516,0.096516706,0.14660765
2401.0,3.3135753,-6.054936,6.9120603,0.13561209,0.09407325,0.14294247
2409.0,3.301604,-6.021417,6.919243,0.13683382,0.09773844,0.13805555
2419.0,3.2992098,-6.0645127,6.88333,0.13805555,0.10262536,0.13316862
2429.0,3.2154129,-5.93762,6.9144545,0.13683382,0.103847094,0.12950343
2442.0,3.1052797,-5.8921304,6.895301,0.13439035,0.09896017,0.12950343
2451.0,3.1244333,-5.911284,6.9383965,0.13561209,0.09040806,0.12950343
2459.0,3.1004913,-5.8945246,6.909666,0.13072516,0.07819075,0.13072516
2467.0,3.086126,-5.829881,6.9407907,0.111177474,0.0720821,0.12950343
2478.0,3.1531637,-5.7628436,6.9767036,0.08674286,0.06963864,0.1282817
2489.0,3.1004913,-5.877765,6.967127,0.0720821,0.064751714,0.13194689
2499.0,3.028665,-5.851429,6.9886746,0.06963864,0.058643065,0.12705997
2508.0,3.110068,-5.8203044,6.9719152,0.07086037,0.05009095,0.11484267
2520.0,3.074155,-5.746084,6.945579,0.06963864,0.04642576,0.10751228
2529.0,3.0597897,-5.829881,6.9958572,0.07086037,0.042760566,0.103847094
2540.0,3.028665,-5.8705826,7.117962,0.08307768,0.040317107,0.10140363
2549.0,3.122039,-5.829881,7.089231,0.10262536,0.030543262,0.095294975
2560.0,3.0909145,-5.7484784,7.0844426,0.118507855,0.02565634,0.09040806
2569.0,3.107674,-5.8107276,7.089231,0.12583824,0.02565634,0.09407325
2580.0,3.1028855,-5.803545,7.0605006,0.12339478,0.021991149,0.095294975
2588.0,3.0621839,-5.7724204,7.0485296,0.11728613,0.02321288,0.087964594
2599.0,3.016694,-5.781997,7.129933,0.111177474,0.02321288,0.0842994
2608.0,2.9999347,-5.825093,7.1395097,0.10629055,0.017104227,0.0842994
2619.0,3.074155,-5.793968,7.132327,0.09896017,0.018325957,0.07819075
2629.0,3.052607,-5.8705826,7.201759,0.09896017,0.02565634,0.0720821
2642.0,3.0382419,-5.90889,7.2185183,0.10262536,0.02687807,0.07086037
2647.0,3.0909145,-5.896919,7.1873937,0.09773844,0.029321533,0.07086037
2657.0,3.0214825,-5.8346696,7.2233067,0.08674286,0.036651913,0.06963864
2667.0,2.9735985,-5.899313,7.177817,0.07696902,0.036651913,0.07086037
2681.0,2.9640217,-5.896919,7.2209125,0.06963864,0.04153884,0.06963864
2689.0,2.8993783,-5.93762,7.2089415,0.065973446,0.039095376,0.06963864
2701.0,2.9520507,-5.901707,7.2065473,0.062308256,0.035430185,0.06841691
2710.0,3.0238767,-5.877765,7.1754227,0.05375614,0.039095376,0.0720821
2721.0,2.9592333,-5.949591,7.2448545,0.04520403,0.04520403,0.080634214
2729.0,2.9233203,-5.9783216,7.2448545,0.040317107,0.04886922,0.08552113
2740.0,2.885013,-5.923255,7.1754227,0.037873644,0.047647487,0.0842994
2749.0,2.8491,-5.853823,7.1945763,0.035430185,0.04642576,0.0842994
2761.0,2.9233203,-5.827487,7.2424603,0.03176499,0.057421334,0.087964594
2768.0,2.7844565,-5.8586116,7.192182,0.036651913,0.056199603,0.09040806
2778.0,2.822764,-5.8921304,7.2711906,0.04520403,0.05497787,0.08674286
2790.0,2.8562827,-5.803545,7.129933,0.05375614,0.05375614,0.081855945
2800.0,2.753332,-5.7987566,7.1466923,0.059864793,0.05375614,0.081855945
2809.0,2.815581,-5.8346696,7.1490865,0.0720821,0.052534413,0.08552113
2821.0,2.8083985,-5.839458,7.1849995,0.08674286,0.05375614,0.08552113
2830.0,2.8395233,-5.899313,7.1730285,0.09773844,0.05131268,0.0842994
2842.0,2.7868507,-5.901707,7.2304893,0.10629055,0.05131268,0.0842994
2850.0,2.7868507,-5.8107276,7.1873937,0.112399206,0.04886922,0.081855945
2859.0,2.906561,-5.7987566,7.153875,0.11362094,0.05009095,0.07941248
2870.0,2.8275523,-5.7125654,7.2568254,0.11362094,0.04886922,0.07696902
2881.0,2.8802247,-5.853823,7.2711906,0.11728613,0.052534413,0.07574729
2890.0,2.8658595,-5.7748146,7.2568254,0.11728613,0.05131268,0.07574729
2900.0,2.8921957,-5.8346696,7.2472486,0.11362094,0.05375614,0.07086037
2909.0,2.89459,-5.7843914,7.323863,0.11362094,0.056199603,0.06963864
2920.0,2.9472623,-5.801151,7.3430166,0.11484267,0.05497787,0.06841691
2931.0,2.9137435,-5.695806,7.323863,0.11484267,0.05497787,0.064751714
2942.0,2.8443117,-5.7748146,7.3071036,0.1160644,0.052534413,0.064751714
2950.0,2.8275523,-5.7628436,7.309498,0.11728613,0.047647487,0.06841691
2959.0,2.8658595,-5.6886234,7.2568254,0.112399206,0.043982297,0.06352998
2972.0,2.837129,-5.595249,7.285556,0.105068825,0.040317107,0.057421334
2981.0,2.755726,-5.5617304,7.326257,0.1001819,0.035430185,0.061086524
2990.0,2.6982653,-5.693412,7.321469,0.09773844,0.02443461,0.06352998
3001.0,2.7246015,-5.647922,7.261614,0.09773844,0.019547688,0.05375614
