30.0,-3.3686419,0.18435353,9.349358,0.23945917,0.24312437,0.25045475
41.0,-3.7110126,0.019153614,9.557653,0.15882497,0.13316862,-0.07696902
42.0,-3.2968156,0.08379706,9.334992,0.0012217305,-0.30909783,-0.24801129
51.0,-3.289633,0.22266077,9.198523,-0.07819075,-0.4801401,-0.34330627
61.0,-3.0142999,0.08140286,9.169792,0.07574729,0.25167647,0.05497787
71.0,-2.4636335,0.15083471,9.018958,0.061086524,0.21624629,0.039095376
82.0,-2.8993783,0.5363012,9.299079,-0.017104227,0.036651913,-0.1966986
91.0,-3.311181,0.6919243,9.423578,-0.089186326,-0.07941248,-0.35430184
103.0,-3.2609026,0.49559975,9.533711,-0.13194689,-0.064751714,-0.28221974
112.0,-2.9831753,0.32800564,9.454702,-0.15149458,-0.061086524,-0.19547687
123.0,-2.9352913,0.1604115,9.392453,-0.1441642,-0.05497787,-0.19303341
132.0,-2.7006595,0.31124622,9.19134,-0.12583824,-0.052534413,-0.23335053
145.0,-2.6072857,0.36631286,9.004593,-0.13316862,-0.04153884,-0.26633725
153.0,-2.7006595,0.46447513,8.817844,-0.18081611,-0.02443461,-0.27977628
162.0,-2.597709,0.5410896,8.628703,-0.25778514,-0.013439035,-0.29565877
173.0,-2.4995465,0.545878,8.420407,-0.34330627,-0.007330383,-0.32986724
182.0,-2.4947581,0.37588966,8.209718,-0.4373795,-0.010995574,-0.37018433
193.0,-2.432509,0.2777274,8.152257,-0.53878313,-0.012217305,-0.40317106
203.0,-2.3654714,0.01436521,7.989451,-0.6389651,-0.017104227,-0.42760566
213.0,-2.303222,-0.260968,7.8027034,-0.7318166,-0.02321288,-0.45204028
223.0,-2.2218192,-0.49320555,7.515399,-0.8368854,-0.05131268,-0.54733527
232.0,-2.1380222,-0.6655881,7.4483614,-0.8368854,-0.05131268,-0.54733527
242.0,-2.1906946,-0.62967503,7.422025,-0.88331115,-0.07574729,-0.689056
252.0,-2.1499932,-0.6823475,7.577648,-0.9456194,-0.081855945,-0.7501425
264.0,-2.3295584,-0.82121116,7.773973,-1.0421361,-0.07574729,-0.79901177
272.0,-2.3942018,-1.091756,7.9463553,-1.1496484,-0.06841691,-0.8356637
282.0,-2.6192567,-1.2785037,8.109161,-1.2449434,-0.07452556,-0.87109387
292.0,-2.7246015,-1.5873557,8.537724,-1.3035865,-0.07696902,-0.90408057
303.0,-2.7724855,-2.018312,9.057265,-1.2999213,-0.064751714,-0.9260717
313.0,-2.8634653,-2.5761611,9.363723,-1.2425,-0.057421334,-0.9272934
324.0,-3.004723,-2.813187,9.794679,-1.187522,-0.052534413,-0.9224065
333.0,-3.0023289,-3.1555579,10.053253,-1.1496484,-0.036651913,-0.92485
342.0,-2.9783869,-3.4356794,10.371682,-1.1191051,-0.002443461,-0.9297369
353.0,-2.930503,-4.0174704,10.635044,-1.1007792,0.037873644,-0.91874135
363.0,-2.815581,-4.6471453,10.907983,-1.0873401,0.08674286,-0.893085
372.0,-2.870648,-5.0637364,10.977415,-1.0384709,0.13927728,-0.8576548
383.0,-2.825158,-4.781221,10.951078,-0.9370673,0.17470746,-0.8222246
393.0,-3.0789435,-4.3263226,10.9582615,-0.84788096,0.20158553,-0.77824235
403.0,-3.41892,-4.390966,10.984597,-0.8552113,0.25167647,-0.6951646
413.0,-3.904943,-4.7620673,11.020511,-0.9663888,0.3408628,-0.5522222
423.0,-4.4915223,-5.1690817,11.154586,-1.0946705,0.44593164,-0.37384954
432.0,-5.0254292,-5.2169657,11.113884,-1.1398746,0.5290093,-0.22113322
444.0,-5.463568,-4.8841715,10.848128,-1.0629056,0.56199604,-0.10995574
453.0,-5.494693,-4.489128,10.307038,-0.89675015,0.54611355,-0.007330383
463.0,-5.45878,-4.1491513,9.883265,-0.7110472,0.5363397,0.14660765
473.0,-5.2361193,-4.297592,9.967062,-0.5852089,0.5693264,0.37507126
483.0,-4.996699,-4.630386,10.129868,-0.5009095,0.6377433,0.63529986
493.0,-4.7070007,-4.819528,10.072407,-0.37384954,0.7171558,0.8454375
504.0,-4.620809,-4.1419687,10.096349,-0.15882497,0.7318166,0.956615
513.0,-4.414908,-3.2106245,10.0748005,0.059864793,0.6976081,0.97494096
524.0,-3.9312792,-2.9257145,9.184157,0.21746802,0.7244862,0.9822713
533.0,-3.9504328,-2.956839,9.337387,0.39095375,0.79168135,1.0458013
543.0,-3.7181952,-2.267309,9.387665,0.5314528,0.78801614,1.0897835
553.0,-3.4237084,-1.532289,9.481039,0.41538838,0.79901177,1.0519099
564.0,-3.3758245,-1.4772224,8.76996,0.10995574,0.88086766,1.0714576
573.0,-3.632004,-2.0757728,8.209718,-0.12950343,0.9334021,1.1362094
583.0,-3.9312792,-2.6072857,7.6351094,-0.24312437,0.9224065,1.0946705
593.0,-3.916914,-2.7222073,7.1849995,-0.25167647,0.8686504,0.9663888
603.0,-3.7493198,-2.7940333,7.1754227,-0.14049901,0.82344633,0.89675015
613.0,-3.7588966,-2.552219,7.1873937,0.061086524,0.77213365,0.893085
626.0,-3.8067808,-1.9369092,6.9383965,0.24801129,0.70249504,0.8576548
633.0,-3.7972038,-1.4389153,6.6870055,0.33108896,0.63163465,0.7672467
643.0,-3.9863458,-1.2641385,6.3470287,0.30176744,0.5717699,0.66339964
653.0,-4.0653543,-1.5921441,5.949591,0.21013765,0.5021312,0.6047566
663.0,-4.144363,-1.8914193,5.932832,0.10995574,0.43249258,0.5900958
673.0,-4.280833,-1.9680338,5.9902925,0.043982297,0.34697145,0.5705481
685.0,-4.1683054,-1.7788919,6.1243677,0.0012217305,0.24801129,0.516792
693.0,-4.110844,-1.6879122,6.3589997,-0.056199603,0.16371189,0.43493605
703.0,-4.146757,-1.7022774,6.4499793,-0.11484267,0.10262536,0.3494149
713.0,-4.1946416,-1.922544,6.5481415,-0.14172074,0.05131268,0.28221974
724.0,-4.209007,-1.9129672,6.576872,-0.12217305,-0.0061086523,0.21746802
733.0,-4.24492,-1.8459295,6.5457473,-0.059864793,-0.07086037,0.14049901
744.0,-4.292804,-1.5921441,6.576872,0.019547688,-0.12705997,0.057421334
755.0,-4.2305546,-1.2761095,6.789956,0.08674286,-0.16982053,-0.012217305
765.0,-4.4843397,-1.5155296,6.9527617,0.103847094,-0.18325958,-0.052534413
776.0,-4.4196963,-1.9249382,7.249643,0.10995574,-0.18692477,-0.057421334
786.0,-4.4939165,-2.1260512,7.5800424,0.12339478,-0.19303341,-0.080634214
796.0,-4.390966,-2.0733786,7.5824366,0.16982053,-0.21380283,-0.13805555
807.0,-4.247314,-1.6448165,7.445967,0.19181168,-0.2565634,-0.204029
816.0,-4.1299977,-1.1109096,6.9743094,0.17104226,-0.30298916,-0.267559
827.0,-3.928885,-0.7589619,6.301539,0.10751228,-0.35796702,-0.33353242
837.0,-4.0414124,-0.35194764,5.57849,0.008552114,-0.42271876,-0.42149702
847.0,-4.048595,-0.23223756,5.056554,-0.10751228,-0.5143485,-0.52412236
857.0,-4.3766007,-0.37588966,4.489128,-0.1600467,-0.59620446,-0.61575216
867.0,-4.8362875,-0.23702596,3.7612908,-0.09407325,-0.7244862,-0.7122689
876.0,-4.9679685,0.5530606,3.4165258,-0.02443461,-0.8979719,-0.86254174
886.0,-5.0158525,1.0749966,3.2034419,-0.028099801,-1.0836749,-1.0604621
897.0,-4.663905,1.2473791,3.4500446,-0.21380283,-1.2632693,-1.2400564
907.0,-3.9935284,-0.40462008,4.1156325,-0.6230826,-1.4208726,-1.382999
917.0,-2.8299465,-2.765303,5.8681884,-1.0458013,-1.5406022,-1.5503759
929.0,-1.5562311,-3.2225955,7.654263,-1.2534955,-1.6114625,-1.78617
937.0,-0.07182605,-2.0231004,9.595961,-1.1753048,-1.6371188,-2.0916026
947.0,0.7517793,1.922544,12.49055,-1.2400564,-1.6664404,-2.3677137
957.0,0.29927522,4.8099513,10.874464,-1.9058995,-1.5919148,-2.7146852
966.0,-0.9935937,6.4906807,8.678981,-2.9663615,-1.5711454,-3.2925637
976.0,-0.8834604,5.595249,3.0597897,-3.6981783,-1.6383406,-4.085467
988.0,1.661576,3.3327289,0.8738836,-4.2723913,-1.6884315,-4.359134
997.0,4.3358994,-4.6040497,3.181894,-4.106236,-1.2583824,-4.074471
1007.0,6.2991447,-14.516045,7.740454,-2.7415633,-0.9272934,-3.3695326
1018.0,6.363788,-15.255854,13.644555,-0.3213151,-1.0580186,-2.483778
1029.0,3.3183637,-13.13459,14.346057,0.14905111,-1.1362094,-2.1587977
1056.0,2.4971523,-13.017275,14.209587,-0.13072516,-1.0067059,-1.8118263
1056.0,0.90979666,-13.587094,13.13459,-0.7293731,-0.7806858,-1.6016886
1056.0,-1.6448165,-14.4130945,12.081141,-1.287704,-0.54000485,-1.4404203
1065.0,-4.5561657,-14.611813,11.384429,-1.5760323,-0.22968534,-1.3072516
1075.0,-6.6630635,-14.075512,10.857705,-1.5100589,0.064751714,-1.1643091
1088.0,-7.297527,-13.223176,10.388441,-1.1533136,0.28099802,-0.89552844
1096.0,-6.2512608,-12.191275,10.101137,-0.6731735,0.43982297,-0.5216789
1108.0,-4.0701427,-11.212047,9.629479,-0.2443461,0.5558874,-0.16126843
1116.0,-2.4061728,-10.412383,9.394848,-0.004886922,0.66706485,0.08674286
1127.0,-1.2665327,-9.528923,8.935161,0.07574729,0.77213365,0.24801129
1136.0,-0.58897364,-8.614338,8.286332,0.14782938,0.8210029,0.39828414
1147.0,0.023942016,-7.747637,7.881712,0.2761111,0.8197812,0.5546656
1156.0,0.33758244,-7.0245876,7.4124484,0.42760566,0.7892379,0.6914995
1169.0,0.4213795,-6.2991447,7.091625,0.55955255,0.73792523,0.766025
1177.0,0.37588966,-5.7843914,6.849811,0.6585127,0.6719518,0.7672467
1187.0,0.29688102,-5.3007627,6.5744777,0.7501425,0.5888741,0.72692966
1197.0,0.19871874,-4.8698063,6.3087215,0.83077675,0.48624873,0.6719518
1207.0,0.14844051,-4.3766007,6.155493,0.8686504,0.38973203,0.6560693
1218.0,0.055066638,-4.0174704,6.009446,0.86132,0.30298916,0.6536258
1228.0,0.021547815,-4.050989,6.0764837,0.81489426,0.22724187,0.6084218
1238.0,-0.18435353,-4.185065,6.1938,0.74281216,0.16126843,0.5448918
1249.0,-0.29688102,-4.2161894,6.4260373,0.66706485,0.1001819,0.49235737
1258.0,-0.4213795,-4.2640734,6.6295447,0.6169739,0.04153884,0.4202753
1267.0,-0.5410896,-4.414908,6.7564373,0.5742133,-0.012217305,0.344528
1278.0,-0.7110779,-4.5872903,6.8689647,0.5180137,-0.04520403,0.28955013
1288.0,-0.8619126,-4.771644,6.823475,0.4642576,-0.0720821,0.2443461
1297.0,-0.91937345,-4.7046065,6.9168487,0.4202753,-0.10995574,0.19914207
1308.0,-0.8810662,-4.999093,7.156269,0.38973203,-0.112399206,0.15515977
1317.0,-0.91458505,-5.3582234,7.386112,0.41172317,-0.105068825,0.1160644
1329.0,-0.866701,-5.3342814,7.565677,0.47158796,-0.089186326,0.08674286
1337.0,-0.90979666,-5.3127337,7.8529816,0.5522222,-0.0720821,0.039095376
1348.0,-0.8810662,-5.2361193,8.020576,0.5852089,-0.04642576,-0.0061086523
1358.0,-0.92176765,-5.267244,8.075643,0.52534413,-0.02076942,-0.017104227
1368.0,-1.0414777,-5.1020436,8.061277,0.40317106,0.009773844,-0.029321533
1377.0,-1.0342951,-5.2026005,8.106767,0.23823744,0.036651913,-0.047647487
1387.0,-1.1444284,-5.3845596,8.104373,0.059864793,0.06963864,-0.04520403
1398.0,-1.1659763,-5.590461,8.109161,-0.0720821,0.095294975,-0.030543262
1409.0,-1.2354081,-5.793968,8.145074,-0.111177474,0.118507855,-0.036651913
1418.0,-1.3024458,-5.6790466,8.054094,-0.057421334,0.13439035,-0.04642576
1429.0,-1.3479356,-5.568913,8.058883,0.037873644,0.13194689,-0.04642576
1436.0,-1.388637,-5.521029,8.054094,0.12583824,0.13805555,-0.034208454
1448.0,-1.4987702,-5.5018754,8.032547,0.20280726,0.15149458,-0.02687807
1457.0,-1.5275006,-5.3438582,8.02297,0.2687807,0.1441642,-0.028099801
1469.0,-1.541866,-5.3007627,8.039729,0.3005457,0.13927728,-0.02443461
1477.0,-1.6424223,-5.149928,8.049306,0.2846632,0.13683382,-0.010995574
1489.0,-1.6232687,-5.0996494,8.013393,0.23701571,0.13194689,-0.0061086523
1499.0,-1.5753847,-5.020641,7.943961,0.17592919,0.12217305,-0.0036651916
1508.0,-1.5921441,-5.094861,7.97748,0.111177474,0.12217305,0.0012217305
1518.0,-1.5370775,-5.2169657,7.97748,0.06719518,0.119729586,0.009773844
1531.0,-1.5346833,-5.185841,8.013393,0.052534413,0.111177474,0.02443461
1538.0,-1.5107412,-5.0134583,7.989451,0.05131268,0.09773844,0.034208454
1547.0,-1.5705963,-5.1235914,7.97748,0.052534413,0.08674286,0.036651913
1559.0,-1.553837,-5.1571107,7.97748,0.059864793,0.089186326,0.043982297
1567.0,-1.4460979,-5.044583,8.00621,0.07452556,0.08307768,0.04886922
1579.0,-1.3934253,-5.1379566,8.030152,0.09162979,0.07452556,0.05009095
1591.0,-1.3263878,-4.9943047,7.9702973,0.096516706,0.0720821,0.05131268
1597.0,-1.3072342,-4.876989,7.872135,0.081855945,0.065973446,0.04520403
1606.0,-1.316811,-4.936844,8.008605,0.04886922,0.0720821,0.03176499
1615.0,-1.30484,-5.0374002,8.013393,0.019547688,0.06963864,0.028099801
1628.0,-1.2425907,-4.972757,7.920019,-0.0012217305,0.064751714,0.02687807
1636.0,-1.2545617,-4.999093,7.821857,-0.015882496,0.065973446,0.017104227
1649.0,-1.3910311,-5.080496,7.8170686,-0.018325957,0.06841691,0.009773844
1656.0,-1.42455,-5.0876784,7.8745294,-0.0012217305,0.064751714,0.0061086523
1667.0,-1.4820108,-4.996699,7.8625584,0.032986723,0.062308256,0.0
1677.0,-1.4030021,-4.8458643,7.845799,0.06841691,0.039095376,-0.009773844
1687.0,-1.3670892,-4.841076,7.824251,0.07696902,0.04642576,-0.019547688
1697.0,-1.472434,-4.8362875,7.869741,0.07941248,0.03176499,-0.028099801
1708.0,-1.3814543,-4.8578353,7.9702973,0.073303826,0.02687807,-0.037873644
1717.0,-1.4317327,-4.853047,7.9750857,0.065973446,0.019547688,-0.04886922
1730.0,-1.376666,-4.8841715,7.9846625,0.05497787,0.02321288,-0.052534413
1738.0,-1.3934253,-4.987122,8.046912,0.05009095,0.021991149,-0.059864793
1747.0,-1.4867992,-5.035006,8.051701,0.052534413,0.021991149,-0.06963864
1758.0,-1.4532804,-5.032612,8.078036,0.058643065,0.019547688,-0.0720821
1769.0,-1.5442601,-5.0397944,8.010999,0.061086524,0.019547688,-0.07086037
1778.0,-1.6376339,-4.9559975,8.085219,0.061086524,0.013439035,-0.07452556
1788.0,-1.520318,-4.8698063,8.101978,0.056199603,0.018325957,-0.07574729
1798.0,-1.4820108,-5.0062757,8.226477,0.064751714,0.0036651916,-0.07086037
1808.0,-1.4772224,-5.068525,8.281544,0.0842994,-0.0012217305,-0.061086524
1819.0,-1.4532804,-5.0517654,8.228871,0.10629055,-0.013439035,-0.052534413
1829.0,-1.4053963,-5.08289,8.008605,0.12339478,-0.015882496,-0.05009095
1838.0,-1.4867992,-5.197812,8.058883,0.12461651,-0.02321288,-0.043982297
1849.0,-1.4460979,-5.2169657,8.161834,0.12461651,-0.012217305,-0.030543262
1859.0,-1.4053963,-5.142745,8.1642275,0.1441642,-0.02443461,-0.02565634
1868.0,-1.3742718,-4.9440265,8.1642275,0.15760323,-0.03176499,-0.030543262
1881.0,-1.3024458,-4.8482585,8.157045,0.13561209,-0.03176499,-0.029321533
1889.0,-1.328782,-4.9536033,8.224083,0.087964594,-0.02565634,-0.02687807
1899.0,-1.3910311,-5.0637364,8.219295,0.04520403,-0.012217305,-0.017104227
1910.0,-1.4030021,-5.023035,8.109161,0.02687807,-0.002443461,-0.013439035
1918.0,-1.364695,-5.0397944,8.075643,0.02565634,0.004886922,-0.018325957
1931.0,-1.3862427,-5.0278234,8.111555,0.02687807,0.009773844,-0.02321288
1940.0,-1.3694834,-4.951209,8.070854,0.02565634,0.014660766,-0.02565634
1949.0,-1.328782,-5.073313,8.130709,0.02687807,0.02076942,-0.02687807
1957.0,-1.3814543,-5.00867,8.135497,0.030543262,0.019547688,-0.02443461
1969.0,-1.2976574,-5.0541596,8.1402855,0.030543262,0.017104227,-0.02076942
1980.0,-1.3215994,-5.0397944,8.169016,0.02443461,0.012217305,-0.018325957
1988.0,-1.3575124,-4.972757,8.042124,0.015882496,0.007330383,-0.017104227
1998.0,-1.3551182,-4.900931,8.049306,0.009773844,0.002443461,-0.019547688
2010.0,-1.4053963,-4.8985367,8.104373,0.0061086523,-0.007330383,-0.015882496
2019.0,-1.436521,-4.9703627,8.11395,0.0061086523,-0.008552114,-0.0061086523
2030.0,-1.4269443,-4.948815,8.018182,0.010995574,-0.015882496,-0.007330383
2038.0,-1.4053963,-4.903325,8.082825,0.008552114,-0.029321533,-0.012217305
2048.0,-1.4173675,-4.9105077,8.066066,-0.002443461,-0.030543262,-0.008552114
2075.0,-1.472434,-4.9775453,8.075643,-0.007330383,-0.028099801,-0.002443461
2080.0,-1.4580688,-4.984728,8.090008,-0.0012217305,-0.034208454,0.0
2080.0,-1.3790601,-4.972757,8.111555,0.008552114,-0.03176499,0.0036651916
2087.0,-1.3934253,-4.9057193,8.209718,0.015882496,-0.030543262,0.007330383
2098.0,-1.3311762,-4.984728,8.209718,0.017104227,-0.029321533,0.009773844
2108.0,-1.2904748,-4.996699,8.180987,0.019547688,-0.028099801,0.009773844
2117.0,-1.3072342,-4.9440265,8.087613,0.02076942,-0.03176499,0.009773844
2131.0,-1.3742718,-4.9655743,8.207323,0.018325957,-0.03176499,0.0036651916
2138.0,-1.4460979,-5.023035,8.248025,0.018325957,-0.028099801,0.002443461
2147.0,-1.3934253,-5.0374002,8.202535,0.02076942,-0.030543262,0.007330383
2158.0,-1.400608,-4.912902,8.152257,0.021991149,-0.035430185,0.0061086523
2169.0,-1.4030021,-4.939238,8.145074,0.02076942,-0.034208454,0.0
2178.0,-1.376666,-5.0038815,8.14268,0.018325957,-0.032986723,0.004886922
2190.0,-1.3263878,-4.867412,8.180987,0.014660766,-0.032986723,0.015882496
2198.0,-1.328782,-4.891354,8.214506,0.009773844,-0.030543262,0.019547688
2209.0,-1.3096284,-4.936844,8.190564,0.0061086523,-0.030543262,0.021991149
2220.0,-1.3718776,-4.88896,8.106767,0.009773844,-0.030543262,0.029321533
2230.0,-1.3024458,-4.8362875,8.104373,0.018325957,-0.034208454,0.029321533
2239.0,-1.2880806,-4.927267,8.14268,0.02443461,-0.035430185,0.02687807
2252.0,-1.2449849,-4.939238,8.202535,0.029321533,-0.04153884,0.029321533
2260.0,-1.2330139,-4.9320555,8.214506,0.03176499,-0.039095376,0.02565634
2268.0,-1.1731589,-4.8626237,8.238448,0.039095376,-0.042760566,0.015882496
2278.0,-1.127669,-4.8602295,8.207323,0.04153884,-0.04886922,0.007330383
2289.0,-1.2593501,-4.9320555,8.195353,0.034208454,-0.04642576,0.0
2299.0,-1.2808979,-4.960786,8.1881695,0.02443461,-0.043982297,-0.0036651916
2310.0,-1.3144168,-4.8841715,8.195353,0.018325957,-0.040317107,-0.0036651916
2319.0,-1.2593501,-4.8338933,8.159439,0.009773844,-0.037873644,-0.007330383
2332.0,-1.3790601,-4.807557,8.176199,-0.007330383,-0.034208454,-0.004886922
2340.0,-1.4221559,-4.8745947,8.209718,-0.015882496,-0.030543262,0.0036651916
2349.0,-1.4341269,-4.9583917,8.23366,-0.009773844,-0.02565634,0.009773844
2360.0,-1.3790601,-4.805163,8.200141,0.007330383,-0.035430185,0.015882496
2371.0,-1.3694834,-4.829105,8.240842,0.017104227,-0.037873644,0.019547688
2380.0,-1.3934253,-4.8243165,8.224083,0.02321288,-0.036651913,0.018325957
2389.0,-1.3790601,-4.867412,8.281544,0.02687807,-0.037873644,0.021991149
2400.0,-1.2808979,-4.771644,8.26239,0.02687807,-0.040317107,0.02565634
2409.0,-1.2210429,-4.8003745,8.264784,0.02565634,-0.039095376,0.02443461
2420.0,-1.3096284,-4.7740383,8.322245,0.021991149,-0.034208454,0.021991149
2432.0,-1.3144168,-4.7189717,8.307879,0.019547688,-0.030543262,0.019547688
2440.0,-1.292869,-4.7524905,8.252813,0.018325957,-0.02565634,0.018325957
2450.0,-1.30484,-4.8123455,8.307879,0.019547688,-0.02076942,0.019547688
2460.0,-1.2952632,-4.817134,8.176199,0.021991149,-0.02076942,0.018325957
2469.0,-1.3479356,-4.735731,8.224083,0.019547688,-0.021991149,0.013439035
2480.0,-1.3479356,-4.76925,8.178593,0.013439035,-0.021991149,0.012217305
2491.0,-1.3383588,-4.781221,8.185776,0.012217305,-0.021991149,0.017104227
2499.0,-1.2593501,-4.8219223,8.135497,0.010995574,-0.02321288,0.017104227
2509.0,-1.2737153,-4.7548847,8.195353,0.008552114,-0.02076942,0.010995574
2519.0,-1.2856863,-4.793192,8.135497,0.0061086523,-0.017104227,0.010995574
2531.0,-1.2737153,-4.7907977,8.252813,0.0,-0.02076942,0.012217305
2540.0,-1.163582,-4.807557,8.180987,-0.0061086523,-0.021991149,0.0061086523
2550.0,-1.2258313,-4.8243165,8.209718,-0.015882496,-0.012217305,0.0012217305
2560.0,-1.2665327,-4.9200845,8.231265,-0.017104227,-0.018325957,0.002443461
2569.0,-1.2306197,-4.9895163,8.226477,-0.014660766,-0.021991149,0.0
2580.0,-1.2761095,-4.829105,8.195353,-0.010995574,-0.02321288,-0.0061086523
2590.0,-1.2521675,-4.771644,8.226477,-0.009773844,-0.02687807,-0.010995574
2600.0,-1.2808979,-4.807557,8.248025,-0.012217305,-0.02687807,-0.010995574
2612.0,-1.2282255,-4.9679685,8.276755,-0.009773844,-0.02565634,-0.009773844
2621.0,-1.2162545,-4.972757,8.269572,-0.002443461,-0.02565634,-0.0061086523
2631.0,-1.2497733,-4.9464207,8.23366,0.010995574,-0.032986723,-0.0061086523
2639.0,-1.2737153,-4.8698063,8.26239,0.0061086523,-0.028099801,-0.004886922
2650.0,-1.2473791,-4.9464207,8.291121,0.0036651916,-0.029321533,-0.002443461
2660.0,-1.1683705,-4.829105,8.236053,0.004886922,-0.02443461,-0.0012217305
2670.0,-1.2090719,-4.8506527,8.23366,0.004886922,-0.021991149,-0.002443461
2680.0,-1.2306197,-4.8578353,8.209718,-0.0012217305,-0.015882496,-0.002443461
2691.0,-1.151611,-4.8745947,8.23366,-0.009773844,-0.0061086523,-0.0036651916
2699.0,-1.2473791,-4.8482585,8.212111,-0.012217305,-0.002443461,-0.002443461
2710.0,-1.1971009,-4.8937483,8.279149,-0.008552114,0.0012217305,-0.0061086523
2720.0,-1.2306197,-4.915296,8.23366,-0.0061086523,0.007330383,-0.007330383
2734.0,-1.2689269,-4.88896,8.250419,-0.0036651916,0.0061086523,-0.002443461
2740.0,-1.2162545,-4.9440265,8.271967,-0.0036651916,0.008552114,-0.0061086523
2750.0,-1.2282255,-4.8937483,8.221688,0.0,0.008552114,-0.009773844
2759.0,-1.2162545,-4.9224787,8.200141,0.0,0.002443461,-0.013439035
2769.0,-1.2138603,-4.84347,8.224083,-0.007330383,0.0,-0.02076942
2779.0,-1.2425907,-4.8841715,8.183381,-0.009773844,-0.0061086523,-0.02076942
2789.0,-1.2401965,-4.831499,8.195353,-0.012217305,-0.004886922,-0.013439035
2798.0,-1.2785037,-4.829105,8.209718,-0.017104227,-0.0036651916,-0.012217305
2808.0,-1.2569559,-4.9057193,8.228871,-0.02076942,0.0012217305,-0.012217305
2819.0,-1.2449849,-4.9464207,8.2169,-0.014660766,-0.002443461,-0.004886922
2830.0,-1.2641385,-4.900931,8.24563,-0.010995574,0.010995574,-0.0012217305
2840.0,-1.1827357,-4.867412,8.240842,-0.0036651916,0.014660766,-0.004886922
2851.0,-1.2641385,-4.8578353,8.2169,0.0036651916,0.008552114,-0.004886922
2858.0,-1.2856863,-4.841076,8.202535,0.0012217305,0.009773844,-0.002443461
2870.0,-1.283292,-4.8386817,8.2169,-0.004886922,0.014660766,-0.004886922
2879.0,-1.2449849,-4.8722005,8.248025,-0.007330383,-0.0012217305,-0.002443461
2889.0,-1.2138603,-4.876989,8.207323,-0.014660766,0.010995574,0.002443461
2899.0,-1.2401965,-4.8626237,8.209718,-0.013439035,-0.0012217305,-0.0012217305
2911.0,-1.283292,-4.855441,8.197746,-0.014660766,-0.002443461,-0.0012217305
2921.0,-1.2186487,-4.8386817,8.147469,-0.014660766,0.0012217305,0.0036651916
2931.0,-1.2330139,-4.867412,8.248025,-0.012217305,0.0,0.0036651916
2939.0,-1.2761095,-4.867412,8.190564,-0.008552114,-0.008552114,0.0061086523
2951.0,-1.2258313,-4.96318,8.298303,-0.014660766,-0.0036651916,0.009773844
2961.0,-1.2138603,-4.9464207,8.312668,-0.014660766,-0.009773844,0.009773844
2972.0,-1.1611878,-4.8578353,8.279149,-0.007330383,-0.019547688,0.007330383
2981.0,-1.2449849,-4.8698063,8.271967,0.002443461,-0.014660766,0.0
2990.0,-1.1923125,-4.865018,8.329428,0.012217305,-0.018325957,-0.0036651916
3000.0,-1.2521675,-4.853047,8.271967,0.008552114,-0.013439035,-0.0012217305
