18.0,0.641646,2.7222073,9.861717,0.0061086523,-0.02076942,0.0
37.0,0.8451532,1.6591818,9.986216,0.17592919,0.11484267,-0.07086037
54.0,1.1731589,1.6184803,10.0029745,-0.028099801,-0.25289822,-0.27488935
54.0,1.1133038,1.7884687,9.983821,-0.081855945,-0.39828414,-0.36774087
63.0,0.94331545,1.8243817,9.947908,0.040317107,0.4092797,-0.039095376
66.0,0.7422025,1.9297266,9.835381,-0.004886922,0.44226643,-0.04886922
78.0,0.80445176,1.9800048,9.694122,-0.09285152,0.28221974,-0.15515977
85.0,0.80205756,1.7381904,9.5385,-0.16126843,0.13927728,-0.2565634
95.0,0.9600749,1.532289,9.603143,-0.17959438,0.1441642,-0.2724459
105.0,0.9504981,1.5370775,9.7803135,-0.16615535,0.16371189,-0.28710666
116.0,0.94570965,1.5753847,9.9550905,-0.14049901,0.19181168,-0.30298916
125.0,0.85473,1.685518,10.132261,-0.12217305,0.21502456,-0.31764993
136.0,0.89782566,1.6328455,10.170568,-0.15760323,0.25289822,-0.34574974
145.0,1.043872,1.7238252,10.220847,-0.23457226,0.29932398,-0.39095375
155.0,1.3838485,1.5921441,10.366894,-0.33841935,0.35185838,-0.44348818
166.0,1.6591818,1.5514427,10.637438,-0.48502702,0.4373795,-0.516792
176.0,1.7166426,1.6256629,10.508151,-0.6658431,0.54244834,-0.6059783
185.0,1.8315643,1.7405846,10.323798,-0.90285885,0.6377433,-0.689056
195.0,1.8914193,1.5298948,10.522516,-1.2522738,0.7611381,-0.7733554
205.0,1.6328455,1.3982137,10.656591,-1.7299703,0.93462384,-0.8857546
217.0,1.3263878,0.9768343,10.579977,-2.2479842,1.1166617,-0.99082345
225.0,1.091756,0.37110126,11.018116,-2.7488935,1.2767084,-1.0519099
238.0,0.9624691,-0.30645782,11.274296,-3.273016,1.4636332,-1.078788
245.0,1.0151415,-1.2497733,11.693281,-3.8508945,1.6664404,-1.065349
257.0,0.90021986,-2.336741,11.295844,-4.415334,1.894904,-0.9810496
266.0,0.5793968,-3.6463692,10.378864,-4.8710394,2.1050417,-0.84421575
276.0,0.29209262,-5.1810527,10.177752,-5.208237,2.324953,-0.70249504
285.0,-0.58418524,-6.6367273,9.291897,-5.4012704,2.624277,-0.57787853
298.0,-1.6376339,-8.159439,8.219295,-5.3682837,2.856406,-0.42638394
307.0,-2.731784,-9.114726,8.195353,-5.117829,2.9773571,-0.1600467
316.0,-3.7948096,-9.186552,7.9343843,-4.746423,3.050661,0.13683382
326.0,-4.537012,-8.566454,7.2233067,-4.3261476,3.0433307,0.3640757
337.0,-5.08289,-7.393295,7.067683,-3.8802161,2.9492574,0.59131753
347.0,-5.427655,-5.7005944,6.8522053,-3.500258,2.7708848,0.8258898
357.0,-5.6646814,-4.4939165,6.9024835,-3.264464,2.597399,1.0250319
366.0,-5.6239796,-3.7948096,7.103596,-3.1398473,2.4263568,1.2425
377.0,-5.3103395,-3.952827,7.1730285,-3.0347786,2.2296581,1.5100589
386.0,-5.1235914,-3.7253778,7.153875,-2.8099802,2.0635028,1.7275269
397.0,-5.1642933,-3.3446999,6.825869,-2.4226916,1.9156734,1.8264871
406.0,-5.41329,-3.028665,6.157887,-1.9058995,1.7482964,1.8606955
417.0,-5.8562174,-3.0358477,5.473145,-1.4795157,1.5735888,1.890017
426.0,-6.227319,-3.821146,5.149928,-1.2547172,1.3707817,1.9010127
438.0,-6.2464724,-4.8003745,5.140351,-1.1569787,1.1863003,1.8594738
446.0,-5.9926867,-5.4899044,5.3941364,-1.1032226,1.0054842,1.781283
457.0,-5.5737014,-5.281609,5.4444146,-0.97494096,0.81245077,1.7275269
466.0,-5.2289367,-3.9815574,5.2145715,-0.82344633,0.63529986,1.6933185
478.0,-5.0014873,-2.6168625,5.1140146,-0.7330383,0.4801401,1.6261233
486.0,-4.9344497,-1.70946,5.5138464,-0.7501425,0.3481932,1.5259414
497.0,-4.72376,-1.6998832,6.0022635,-0.8576548,0.27488935,1.4110987
506.0,-4.3239284,-2.3247697,6.2129536,-0.90285885,0.17959438,1.2913691
517.0,-4.0462008,-2.779668,6.50744,-0.7464773,0.09040806,1.1557571
526.0,-3.9983168,-2.6599581,6.7468605,-0.44593164,0.021991149,1.0152581
539.0,-3.9312792,-2.3127987,6.6486983,-0.12461651,-0.06841691,0.8943067
546.0,-3.9025488,-1.7046716,6.3087215,0.103847094,-0.15393804,0.7806858
556.0,-3.6535518,-1.3215994,6.2345014,0.19303341,-0.21502456,0.6169739
566.0,-3.217807,-0.8690952,5.0158525,0.17592919,-0.2846632,0.376293
577.0,-2.336741,-1.1013328,6.241684,0.19792034,-0.33841935,0.080634214
586.0,-2.255338,-1.4101849,7.869741,0.38973203,-0.28955013,-0.25289822
598.0,-2.1523874,-2.1499932,8.983045,0.5815437,-0.28710666,-0.5497787
606.0,-1.757344,-2.6144683,9.619903,0.42149702,-0.3115413,-0.7318166
618.0,-1.2354081,-2.6862943,9.662998,0.09040806,-0.25900686,-0.8698721
628.0,-0.80924016,-2.6767175,8.492233,-0.05497787,-0.22357668,-1.0677924
641.0,-0.61052144,-2.597709,7.228095,-0.015882496,-0.2565634,-1.3365731
649.0,-0.6512229,-2.0901382,6.2632318,0.05131268,-0.28710666,-1.5992452
659.0,-0.6584055,-1.946486,5.161899,0.02076942,-0.3371976,-1.7971655
668.0,-0.557849,-2.4013844,4.237737,-0.06841691,-0.4166101,-1.9963076
678.0,-0.17717093,-2.3008277,3.916914,-0.103847094,-0.49113566,-2.2785273
689.0,0.10055647,-1.1659763,4.187459,-0.07452556,-0.5693264,-2.6328292
699.0,0.25139117,0.24181437,4.7548847,-0.087964594,-0.6218608,-3.0042353
708.0,0.39025488,1.3311762,5.0254292,-0.2321288,-0.6536258,-3.3744197
720.0,0.5554548,0.8355764,5.2409077,-0.50701815,-0.6817256,-3.7372735
729.0,1.1252748,-1.0031705,5.353435,-0.84665924,-0.6927212,-4.083023
740.0,1.4532804,-5.29358,5.1690817,-1.382999,-0.60231316,-4.555833
750.0,0.6368576,-6.3566055,5.2959743,-1.5222762,-0.56199604,-4.6547933
758.0,-0.1388637,-7.07726,5.386954,-1.6200147,-0.59131753,-4.718323
769.0,-0.8499416,-9.097966,5.7149596,-1.6884315,-0.59864795,-4.768414
780.0,-1.3024458,-10.960655,5.8681884,-1.8081611,-0.5326745,-4.8075094
791.0,-1.2665327,-11.077971,6.4739213,-2.0158553,-0.43860126,-4.7171016
799.0,-0.49559975,-12.265495,7.120356,-2.1355848,-0.36896262,-4.491081
809.0,0.6392518,-15.5838585,6.5577183,-1.971873,-0.3115413,-4.3310347
818.0,1.4939818,-18.26297,5.046977,-1.5528195,-0.22602014,-4.1441097
828.0,2.1619642,-19.440918,3.679888,-1.2779301,-0.10751228,-3.6468656
844.0,2.0901382,-22.196644,1.6711528,-1.1459832,-0.035430185,-2.888171
848.0,0.7541735,-25.064898,0.7038953,-0.95539325,0.036651913,-2.179567
860.0,-1.5011644,-25.210943,0.82360536,-0.6230826,0.07452556,-1.6065756
869.0,-3.2585084,-22.948423,1.30484,-0.25411993,0.014660766,-1.0360274
879.0,-4.345476,-20.362686,1.6711528,-0.15271631,-0.06352998,-0.44715336
889.0,-5.121197,-18.179174,2.042254,-0.37751472,-0.12461651,0.09040806
901.0,-5.911284,-16.534357,2.3415294,-0.7293731,-0.14905111,0.55955255
909.0,-6.4523735,-15.6078005,2.291251,-0.98471475,-0.17348573,0.9663888
919.0,-6.339846,-15.344439,2.1811178,-1.1472049,-0.21991149,1.378112
930.0,-5.5018754,-15.248671,1.8842367,-1.2290609,-0.30298916,1.8594738
941.0,-4.5178585,-14.611813,1.6759412,-1.1960741,-0.42638394,2.3506095
950.0,-3.5697548,-14.027628,1.769315,-1.0360274,-0.5705481,2.7574458
960.0,-2.9735985,-13.093889,2.2481554,-0.7476991,-0.6988298,3.0763173
969.0,-2.7389667,-12.684481,2.9879637,-0.36896262,-0.79290307,3.336546
981.0,-2.1523874,-12.392388,3.6822822,0.019547688,-0.87109387,3.571118
990.0,-1.2138603,-11.973403,4.1132383,0.32742378,-0.93951076,3.7885861
1000.0,-0.21068975,-11.106702,4.5202527,0.54000485,-0.9993755,3.9522982
1010.0,0.59615624,-10.352529,5.020641,0.70249504,-1.0164797,4.0365977
1022.0,0.94092125,-9.184157,5.3079453,0.84421575,-0.98471475,4.043928
1028.0,1.30484,-7.845799,5.8322754,0.94806284,-0.9370673,4.0097194
1057.0,1.5131354,-6.95755,5.9878983,0.94806284,-0.91996306,3.9510765
1058.0,1.8076223,-6.131551,6.0022635,0.8564331,-0.8784242,3.8398988
1058.0,1.8674773,-5.5497594,6.2752028,0.7867944,-0.8136725,3.6700783
1067.0,2.0231004,-5.097255,6.172252,0.80756384,-0.7855727,3.4416149
1078.0,2.147599,-4.4101195,6.136339,0.88697636,-0.7464773,3.1838295
1089.0,2.195483,-3.0813377,6.315904,0.93951076,-0.6719518,2.9150488
1098.0,2.1787236,-1.8267759,6.399701,0.90041536,-0.5876524,2.6145031
1108.0,1.8698715,-0.60573304,5.647922,0.79045963,-0.49235737,2.2626448
1119.0,1.7142484,-0.38067806,4.9823337,0.6450737,-0.4092797,1.8826867
1129.0,1.8962077,-1.2114661,7.905654,0.7635816,-0.26267207,1.4941764
1141.0,1.0271125,-2.15957,10.419566,1.2168436,0.02565634,1.0800097
1149.0,0.7469909,-2.8538885,10.852917,1.5406022,0.19792034,0.7134906
1160.0,0.581791,-1.1851299,9.368511,1.4062119,0.33475417,0.39461896
1170.0,0.6751649,0.088585466,8.451532,1.0103711,0.47647488,0.09773844
1180.0,0.32321724,0.18435353,6.4858923,0.5558874,0.59498274,-0.27122417
1189.0,-0.050278235,-0.5363012,4.699818,-0.02443461,0.6377433,-0.6658431
1201.0,-0.4429273,-2.1092918,2.8083985,-0.68661255,0.6243043,-0.9651671
1210.0,-0.11492168,-2.9640217,1.8435353,-1.1594223,0.5729916,-1.2046263
1220.0,0.32321724,-2.2840683,2.1332338,-1.1997393,0.50579643,-1.5198327
1230.0,0.58418524,-1.6280571,2.7365725,-0.95172805,0.45814893,-1.9559906
1242.0,0.59615624,-1.1444284,3.5482068,-0.77457714,0.44837508,-2.4092526
1250.0,0.45250413,-0.93134445,3.8666358,-0.8393288,0.43860126,-2.7757716
1262.0,0.6871359,-1.7142484,4.0797195,-1.0922271,0.42394048,-3.0909781
1270.0,1.0845734,-3.6631286,3.940856,-1.3671165,0.42760566,-3.4110715
1279.0,1.376666,-5.9304376,3.7181952,-1.5381587,0.453262,-3.6932912
1290.0,1.4101849,-7.69257,3.4021606,-1.5980235,0.45204028,-3.8679988
1300.0,0.9768343,-9.0476885,3.4524388,-1.6053538,0.48258355,-3.938859
1310.0,0.055066638,-10.096349,3.4332852,-1.6786577,0.53023106,-3.9962804
1321.0,-0.8810662,-10.699687,3.3183637,-2.025629,0.6059783,-4.0549235
1330.0,-1.8674773,-12.186486,2.8060043,-2.71102,0.68294734,-4.0084977
1342.0,-2.645593,-13.778631,2.420538,-3.5564575,0.766025,-3.830125
1350.0,-2.681506,-14.561535,3.4141316,-4.289496,0.9053023,-3.5259142
1359.0,-1.9752164,-14.894329,2.6264393,-4.4532075,1.0213667,-3.2742376
1369.0,-0.557849,-15.875952,-0.91937345,-3.8777726,1.0250319,-3.1703906
1380.0,1.2593501,-17.053898,-3.3039982,-2.7256808,0.8735373,-2.8771753
1391.0,2.420538,-19.632454,-4.6519337,-1.3243558,0.6035349,-2.1905627
1399.0,0.36152446,-24.387339,-5.2145715,-0.24801129,0.37873647,-1.4025466
1410.0,-3.7493198,-25.49825,-4.223372,0.23701571,0.41538838,-0.6218608
1420.0,-6.5481415,-21.827936,-1.9967642,0.6963864,0.37507126,-0.07696902
1430.0,-7.1131735,-17.362751,-0.6607997,1.1178834,0.08674286,0.23090707
1442.0,-6.801927,-15.253459,-0.045489833,1.0189233,-0.20525073,0.5876524
1450.0,-6.435614,-15.179238,0.2633622,0.4972443,-0.38362336,1.0494665
1461.0,-6.078878,-15.040375,0.48123455,-0.002443461,-0.46670106,1.4672983
1470.0,-5.6335564,-14.67885,0.007182605,-0.17470746,-0.5534439,1.8558086
1480.0,-5.0541596,-14.101848,-0.23942018,-0.008552114,-0.65240407,2.2479842
1489.0,-4.122815,-12.674904,0.41180268,0.29810223,-0.75502944,2.6413813
1502.0,-3.5122938,-11.307815,1.127669,0.61941737,-0.88086766,2.9455922
1509.0,-3.1531637,-10.931925,1.7788919,0.9431759,-1.0128145,3.1080823
1520.0,-2.6886885,-10.263943,2.2457612,1.3048081,-1.1178834,3.2119296
1531.0,-2.171541,-9.598354,2.6384103,1.6358972,-1.205848,3.323107
1541.0,-1.8315643,-9.382876,2.825158,1.9120082,-1.2620476,3.450167
1551.0,-1.4580688,-8.911219,2.7150247,1.9120082,-1.2620476,3.450167
1561.0,-1.2186487,-8.798691,2.542642,1.8020525,-1.282817,3.472158
1570.0,-0.8690952,-8.341399,2.7509377,1.5564847,-1.3035865,3.4538321
1581.0,-0.5530606,-7.3166804,3.1244333,1.1643091,-1.3622295,3.4037411
1591.0,-0.4333505,-6.50744,4.6255975,0.4801401,-1.3842206,3.1764994
1600.0,-0.30885202,-6.131551,5.195418,0.21013765,-1.3683381,3.0140092
1610.0,-0.088585466,-5.686229,5.2504845,0.02321288,-1.3255776,2.83808
1622.0,0.1436521,-5.7389016,5.327099,-0.061086524,-1.2608259,2.6083946
1631.0,0.19632454,-5.781997,5.341464,-0.05009095,-1.1667526,2.3286183
1641.0,0.2657564,-5.4204726,5.2624555,0.013439035,-1.0629056,2.0683897
1650.0,0.34237084,-4.865018,5.315128,0.1001819,-0.9419542,1.8509218
1661.0,0.40462008,-3.9863458,3.8833952,0.16371189,-0.81245077,1.6126842
1671.0,1.1563994,-4.4795513,6.2632318,0.26389378,-0.68783426,1.3377949
1681.0,0.6823475,-6.030994,7.6231384,0.816116,-0.3848451,1.0396926
1690.0,0.14844051,-7.445967,8.846576,1.772731,-0.112399206,0.75747293
1702.0,0.2873042,-4.2066126,9.655815,2.204002,0.030543262,0.62796944
1711.0,0.521936,-1.6256629,8.180987,1.9498819,0.28221974,0.48380527
1721.0,0.31124622,-1.4820108,6.694188,1.391551,0.50335294,0.23579398
1730.0,-0.14844051,-2.60968,4.8817773,0.7867944,0.6072,-0.11484267
1744.0,-0.6368576,-3.490746,3.3662477,0.30787608,0.64873886,-0.46181414
1752.0,-1.0247183,-3.7301662,2.837129,0.029321533,0.70249504,-0.72326446
1760.0,-1.1061212,-3.3566709,2.837129,-0.07941248,0.7122689,-1.0042624
1770.0,-1.1851299,-2.8898015,3.1603463,-0.096516706,0.70616025,-1.4025466
1781.0,-1.2473791,-2.0829554,3.3303347,-0.09896017,0.72204274,-1.8606955
1791.0,-1.0749966,-1.5969325,3.6942532,-0.14782938,0.7293731,-2.2785273
1802.0,-0.78290397,-1.7190368,4.232949,-0.23090707,0.7098254,-2.6450465
1810.0,-0.40940848,-2.0278888,4.5274353,-0.30176744,0.71837753,-2.973692
1821.0,-0.095768064,-2.492364,4.6782703,-0.39950588,0.7696902,-3.25469
1832.0,0.038307227,-2.6048915,4.6112323,-0.6059783,0.7855727,-3.503923
1842.0,-0.05267244,-3.0621839,4.309563,-0.90285885,0.80756384,-3.712839
1850.0,-0.49799395,-3.7852328,3.9432502,-1.2498302,0.8527679,-3.8826594
1863.0,-1.0366893,-4.6255975,3.7205894,-1.6530013,0.9224065,-4.0084977
1871.0,-1.5227122,-6.7372837,3.466804,-2.0207422,0.9810496,-4.084245
1880.0,-1.8579005,-9.167398,2.7269957,-2.2834144,1.0360274,-4.1050143
1891.0,-1.958457,-11.523293,2.2002714,-2.4691174,1.0922271,-4.025602
1901.0,-1.8602947,-14.137761,1.5921441,-2.4569001,1.1325442,-3.8508945
1909.0,-1.7046716,-17.03235,0.90979666,-2.144137,1.1508701,-3.6163223
1921.0,-1.4820108,-19.27093,-0.10534488,-1.4489723,1.1337659,-3.3108897
1930.0,-1.2641385,-20.60929,-1.2808979,-0.5131268,1.0482447,-2.8771753
1941.0,-0.9528923,-21.320366,-2.0494366,0.40683624,0.8686504,-2.3591616
1951.0,-1.2042835,-21.808783,-2.0566192,1.0103711,0.6658431,-1.8142698
1960.0,-1.922544,-22.127213,-1.4748282,1.2583824,0.4972443,-1.2608259
1970.0,-3.0382419,-21.224598,-0.5267244,1.1655309,0.39095375,-0.72204274
1983.0,-3.8379054,-19.167978,0.12689269,0.7892379,0.34208453,-0.15882497
1992.0,-4.486734,-17.082628,0.28491,0.33108896,0.28099802,0.344528
2001.0,-5.2289367,-15.562311,0.23463176,-0.0842994,0.1966986,0.7684685
2011.0,-5.6646814,-14.872781,0.090979666,-0.39095375,0.08552113,1.1826351
2022.0,-5.6239796,-14.372393,-0.055066638,-0.5363397,-0.081855945,1.5858061
2034.0,-5.133168,-13.78342,0.090979666,-0.49113566,-0.27366763,1.9706513
2060.0,-4.3837833,-12.665327,0.21787235,-0.27488935,-0.46181414,2.3005185
2060.0,-3.6152446,-11.899182,0.7469909,0.047647487,-0.63407815,2.5631905
2060.0,-3.1627405,-10.960655,1.0630256,0.40683624,-0.78801614,2.765998
2068.0,-2.777274,-10.172963,1.5490485,0.72082096,-0.91629785,2.9541442
2080.0,-2.4157495,-9.646238,1.9369092,0.9492846,-1.0238101,3.119078
2090.0,-2.267309,-9.423578,2.3175871,1.0421361,-1.1191051,3.2241468
2100.0,-1.9249382,-8.611943,2.7222073,0.95905846,-1.1606439,3.321885
2110.0,-1.7477672,-7.81228,3.095703,0.75747293,-1.2009611,3.4159584
2120.0,-1.4772224,-7.2209125,3.2800562,0.52290064,-1.2583824,3.4208453
2130.0,-1.3838485,-7.038953,3.763685,0.29077184,-1.3072516,3.35365
2142.0,-1.2066777,-6.8641763,3.9624038,0.096516706,-1.3365731,3.2473598
2150.0,-0.9528923,-6.71813,4.0462008,0.019547688,-1.3756685,3.1215215
2162.0,-0.7230489,-6.682217,4.3239284,0.0720821,-1.3952162,2.9590313
2170.0,-0.3878607,-6.50744,4.7644615,0.17592919,-1.3952162,2.7672195
2181.0,-0.20829555,-5.659893,4.8985367,0.27855456,-1.3646729,2.5680776
2190.0,-0.31124622,-4.3239284,4.9320555,0.27855456,-1.2791518,2.3652701
2201.0,-0.50996494,-2.779668,4.915296,0.103847094,-1.1887437,2.13925
2212.0,-0.81402856,-1.9608512,4.7285485,-0.21624629,-1.0861185,1.8729129
2223.0,-1.079785,-1.6807296,2.858677,-0.55833083,-0.98471475,1.5650368
2232.0,-0.45010993,-2.6551697,4.27365,-0.72204274,-0.9272934,1.2217305
2243.0,-0.30406362,-4.259285,7.1610575,-0.3481932,-0.75991637,0.82833326
2250.0,-0.2777274,-8.53054,10.15381,0.64751714,-0.5216789,0.4007276
2262.0,0.4237737,-7.477092,11.743559,1.5100589,-0.344528,0.18570304
2272.0,1.2545617,-3.98874,11.233594,1.8044959,-0.06719518,0.118507855
2283.0,1.1707647,-2.7581203,9.107543,1.7250835,0.24556783,-0.14905111
2290.0,0.090979666,-3.466804,6.2392898,1.1863003,0.5131268,-0.5375614
2302.0,-1.0414777,-3.9959226,4.321534,0.26267207,0.6951646,-0.7415904
2313.0,-1.4413095,-3.6463692,3.3901896,-0.64996064,0.7538077,-0.7464773
2321.0,-1.3335704,-4.201824,2.6503813,-1.1801916,0.7489208,-0.8784242
2332.0,-0.6584055,-5.2480903,2.5761611,-1.3060299,0.7367035,-1.2583824
2345.0,0.1412579,-4.2425256,3.620033,-1.0665708,0.8356637,-1.971873
2351.0,0.40940848,-3.7493198,4.5034933,-1.0665708,0.8356637,-1.971873
2362.0,0.49799395,-3.8307228,4.477157,-0.9309586,0.9407325,-2.2553146
2371.0,0.39264908,-3.6008794,4.8027687,-0.77946407,1.0555751,-2.557082
2381.0,0.39983168,-3.8019924,4.7644615,-0.5852089,1.1472049,-2.8454103
2392.0,0.62249243,-4.5058875,4.414908,-0.3811799,1.1814134,-3.0812044
2403.0,0.6727707,-4.8386817,3.9073372,-0.1966986,1.205848,-3.28279
2412.0,0.7038953,-5.171476,3.371036,-0.2443461,1.2473868,-3.6969564
2423.0,0.46926352,-7.101202,2.4995465,-0.54733527,1.251052,-3.821573
2432.0,0.15083471,-8.937555,2.3654714,-0.9260717,1.2534955,-3.8741074
2443.0,-0.31603462,-9.483433,2.1547816,-1.3096951,1.2596041,-3.8374555
2452.0,-1.2258313,-10.213664,1.7501614,-1.5540411,1.2889256,-3.7995818
2463.0,-2.135628,-11.77229,1.0630256,-1.6114625,1.3109168,-3.8337903
2470.0,-2.6192567,-12.945449,-0.1316811,-1.6432275,1.2779301,-3.7959166
2482.0,-2.6886885,-14.12579,-1.2497733,-1.6701056,1.205848,-3.5735617
2491.0,-2.420538,-15.768212,-2.231396,-1.5858061,1.0861185,-3.2803464
2500.0,-2.042254,-17.55668,-2.719813,-1.3451253,0.9211848,-2.9541442
2510.0,-1.5586253,-18.935741,-2.681506,-0.97249746,0.72082096,-2.5558603
2522.0,-1.2210429,-19.381063,-3.0478187,-0.52778757,0.4972443,-2.1062634
2530.0,-1.3144168,-19.680338,-3.1747115,-0.030543262,0.27122417,-1.6554449
2542.0,-1.8674773,-20.252552,-3.1052797,0.35185838,0.05375614,-1.1753048
2551.0,-2.5809495,-20.19988,-2.5258827,0.4202753,-0.12217305,-0.59986967
2561.0,-3.3327289,-19.122488,-2.0446482,0.30909783,-0.28221974,-0.02687807
2572.0,-3.9097314,-17.932571,-1.5921441,0.13927728,-0.4129449,0.43982297
2583.0,-4.4340615,-16.096218,-1.1348516,-0.056199603,-0.5290093,0.8723156
2593.0,-4.7548847,-14.834474,-0.79966336,-0.19792034,-0.66950834,1.2657127
2602.0,-4.6160207,-14.2862015,-0.40701428,-0.21991149,-0.82833326,1.577254
2611.0,-4.0701427,-13.979744,0.047884032,-0.103847094,-0.98715824,1.8655825
2622.0,-3.181894,-13.747506,0.545878,0.15149458,-1.1337659,2.1563544
2632.0,-2.2960393,-13.208811,0.8619126,0.48502702,-1.2620476,2.411696
2644.0,-1.7884687,-12.069171,1.4053963,0.7806858,-1.3316863,2.6328292
2651.0,-1.3670892,-11.197681,2.018312,1.0250319,-1.3720033,2.823419
2662.0,-0.8762778,-10.96305,2.7030537,1.2278391,-1.4220943,2.9712486
2672.0,-0.21308395,-10.376471,3.071761,1.4049901,-1.455081,3.0799825
2681.0,0.19153613,-9.497798,3.4117374,1.5540411,-1.4611896,3.1410692
2692.0,0.581791,-8.710106,3.6703112,1.6688838,-1.4355333,3.1667254
2704.0,0.6991069,-8.264784,4.1299977,1.7299703,-1.3842206,3.1483996
2713.0,0.7062895,-8.025364,4.1539397,1.7275269,-1.3353515,3.055548
2722.0,0.6799533,-7.065289,4.189853,1.6982054,-1.2705997,2.933375
2732.0,0.82360536,-6.5936313,4.285621,1.6224581,-1.2437216,2.8258626
2744.0,0.92176765,-6.3230867,4.489128,1.4257594,-1.2119566,2.702468
2751.0,0.82121116,-5.920861,4.331111,1.1044444,-1.1643091,2.533869
2763.0,0.90261406,-5.5737014,2.9113493,0.73426,-1.0983357,2.3518312
2772.0,1.3072342,-5.48751,4.0581717,0.50823987,-1.0299188,2.1526892
2783.0,0.79966336,-5.872977,6.83784,0.6976081,-0.82344633,1.8619173
2792.0,1.2066777,-6.241684,12.401965,1.1667526,-0.59498274,1.5503759
2802.0,1.5131354,-3.9839516,12.62702,1.4086553,-0.2773328,1.3707817
2812.0,2.0829554,-2.042254,11.9374895,1.3927728,0.058643065,1.2742649
2825.0,1.532289,-0.79966336,9.277532,1.2046263,0.40683624,1.0177015
2833.0,0.62728083,-1.2617443,6.885724,0.9260717,0.63041294,0.63285637
2842.0,-0.4189853,-2.3702598,5.109226,0.4166101,0.7867944,0.39461896
2850.0,-0.92416185,-3.1148565,3.7708676,-0.21868975,0.8417723,0.21624629
2863.0,-0.92895025,-3.655946,2.8060043,-0.5815437,0.7855727,-0.07819075
2876.0,-0.62967503,-4.213795,2.5953147,-0.5558874,0.70249504,-0.43249258
2882.0,-0.320823,-4.223372,3.1387985,-0.3408628,0.6243043,-0.7696902
2891.0,0.074220255,-3.7972038,3.6583402,-0.07819075,0.5705481,-1.0763446
2902.0,0.12210429,-3.1364043,3.7972038,0.21624629,0.56199604,-1.3891076
2913.0,0.50517654,-3.6631286,3.9935284,0.4972443,0.5534439,-1.7214183
2922.0,0.93134445,-3.8235402,4.3957543,0.7367035,0.54611355,-2.0512855
2936.0,1.0486604,-2.8275523,4.8099513,0.829555,0.5644395,-2.356718
2944.0,1.0606314,-2.0470424,5.073313,0.70249504,0.6218608,-2.624277
2952.0,1.1133038,-2.932897,4.8698063,0.47036624,0.66828656,-2.9211576
2963.0,1.340753,-4.7046065,4.4915223,0.31398472,0.7440339,-3.25469
2972.0,1.7429788,-6.0621185,4.3382936,0.22357668,0.7831292,-3.5246925
2983.0,2.0685902,-6.981492,4.3885717,0.13194689,0.81245077,-3.6566393
2994.0,2.1811178,-7.386112,4.156334,0.04520403,0.84421575,-3.7103956
3002.0,2.0590134,-7.3669586,3.9576154,-0.05009095,0.86376345,-3.76293
