48.0,2.8754363,1.7429788,9.7563715,0.0061086523,-0.02076942,0.0
48.0,2.4420857,1.5466543,10.079589,0.15271631,0.1282817,-0.07452556
48.0,2.3630772,1.5514427,10.06283,-0.015882496,-0.27488935,-0.2919936
70.0,2.5258827,1.9033904,10.070012,-0.17715092,-0.35918877,-0.4373795
70.0,2.528277,2.0207062,10.055647,-0.16371189,0.49235737,-0.23945917
76.0,2.4779987,2.0518308,10.077195,-0.3286455,0.59742624,-0.4202753
87.0,2.2242134,1.9057846,10.117896,-0.535118,0.52656585,-0.6597345
103.0,2.0590134,1.7717092,10.247183,-0.6792821,0.43493605,-0.8185594
107.0,1.7884687,1.4891934,10.412383,-0.7892379,0.5021312,-0.89919364
116.0,1.6208745,1.2090719,10.611102,-0.88208944,0.5681047,-0.9737192
129.0,1.6352397,0.93134445,10.840945,-0.95905846,0.63041294,-1.0238101
136.0,1.5729905,0.5410896,11.104307,-1.028697,0.71593404,-1.0604621
147.0,1.4700398,0.25617957,11.250354,-1.1264355,0.8258898,-1.0836749
157.0,1.3359646,-0.035913024,11.087548,-1.2791518,0.9370673,-1.0861185
167.0,1.1085154,-0.46926352,11.11149,-1.5015068,1.065349,-1.070236
177.0,0.8643068,-0.9672575,11.135432,-1.7873917,1.210735,-1.0433578
188.0,0.5746084,-1.4772224,10.905589,-2.1038198,1.3548992,-0.99082345
197.0,0.46926352,-2.0494366,10.589554,-2.4190264,1.4746287,-0.9138544
208.0,0.2896984,-2.5306711,10.184934,-2.701246,1.600467,-0.81245077
217.0,0.12928689,-2.9496565,9.639056,-2.9675834,1.7079792,-0.68539083
228.0,-0.08379706,-3.4763808,8.870518,-3.2375858,1.8362609,-0.52778757
237.0,-0.45250413,-3.8666358,8.133103,-3.503923,1.9401081,-0.33841935
248.0,-0.94570965,-4.295198,7.3885064,-3.726278,2.008525,-0.12583824
257.0,-1.4700398,-4.5657425,6.907272,-3.9241984,2.0207422,0.1160644
267.0,-1.8938135,-4.951209,6.5816603,-4.0989056,1.9926424,0.37018433
277.0,-2.267309,-5.1140146,6.4906807,-4.2003093,1.9181169,0.61086524
288.0,-2.456451,-4.7764325,6.2368956,-4.234518,1.7825048,0.83199847
297.0,-2.6647465,-4.3837833,6.208165,-4.238183,1.6126842,1.0348058
310.0,-2.9472623,-4.268862,6.3063273,-4.229631,1.4514158,1.210735
317.0,-3.0478187,-4.5418005,6.43322,-4.216192,1.2840388,1.3585643
329.0,-3.0669725,-4.999093,6.351817,-4.107458,0.96883225,1.6481144
337.0,-3.1842883,-5.3438582,6.5984197,-4.107458,0.96883225,1.6481144
348.0,-3.3399115,-5.3438582,6.646304,-3.903429,0.82344633,1.7397442
358.0,-3.3303347,-5.4922986,6.8162923,-3.3341024,0.50701815,1.7018706
369.0,-3.1028855,-5.7484784,6.885724,-2.928488,0.37995818,1.6126842
378.0,-3.083732,-5.451597,6.9647326,-2.506991,0.27855456,1.5161675
388.0,-3.0334535,-4.771644,7.1993647,-2.1673498,0.20525073,1.4269812
397.0,-3.0765493,-4.4196963,7.4028716,-1.9327776,0.14294247,1.3121386
407.0,-3.071761,-4.211401,7.335834,-1.8191566,0.09773844,1.174083
418.0,-3.1028855,-4.3885717,7.443573,-1.8203784,0.04520403,1.0421361
430.0,-2.954445,-4.6662993,7.3549876,-1.8558086,-0.013439035,0.9114109
437.0,-2.980781,-4.8817773,7.132327,-1.8887954,-0.06963864,0.7733554
448.0,-3.1124623,-5.0278234,6.7971387,-1.8997909,-0.12705997,0.6401868
458.0,-3.3135753,-5.159505,6.706159,-1.8839084,-0.1966986,0.50579643
468.0,-3.311181,-5.628768,6.8426285,-1.844813,-0.2919936,0.3567453
478.0,-3.1316159,-6.1938,6.8665705,-1.8106046,-0.36651915,0.20891592
489.0,-2.815581,-6.5122285,6.567295,-1.8203784,-0.44104472,0.105068825
498.0,-2.5019407,-6.787562,6.4763155,-1.8191566,-0.5204572,0.043982297
508.0,-2.5330653,-7.0581064,6.131551,-1.7580702,-0.57543504,-0.021991149
518.0,-2.4995465,-7.479486,6.4787097,-1.6395624,-0.6206391,-0.08552113
529.0,-2.6527755,-8.090008,6.471527,-1.4123205,-0.6401868,-0.11484267
538.0,-2.542642,-8.836999,6.7564373,-1.1178834,-0.6951646,-0.10262536
549.0,-2.2720973,-8.959103,7.086837,-0.8918633,-0.75869465,-0.05497787
558.0,-2.042254,-8.631097,7.2783732,-0.7147123,-0.752586,-0.013439035
568.0,-1.922544,-8.085219,6.9407907,-0.5839872,-0.7623598,0.02687807
578.0,-1.8914193,-7.589619,6.634333,-0.50946164,-0.784351,0.0720821
588.0,-1.8555063,-7.587225,6.469133,-0.45448375,-0.79045963,0.111177474
601.0,-1.7764976,-7.7093296,6.1770406,-0.40194935,-0.7965683,0.14172074
612.0,-1.5490485,-7.860164,5.9663506,-0.312763,-0.8197812,0.16371189
622.0,-1.2593501,-7.551312,5.758055,-0.16493362,-0.83199847,0.17104226
632.0,-1.0821792,-6.694188,5.6982,0.008552114,-0.86498517,0.14172074
640.0,-0.842759,-5.9567738,5.849035,0.1600467,-0.8979719,0.064751714
650.0,-0.5243302,-5.3582234,5.9304376,0.26633725,-0.9077458,-0.062308256
661.0,-0.074220255,-5.183447,6.26802,0.3848451,-0.9016371,-0.22968534
671.0,0.11971009,-4.987122,6.895301,0.5925393,-0.8564331,-0.43127087
680.0,0.37828386,-4.247314,7.074866,0.8784242,-0.7867944,-0.6426302
691.0,0.61052144,-3.7828386,6.859388,1.1264355,-0.72204274,-0.86498517
701.0,0.7565677,-3.892972,6.325481,1.2779301,-0.62796944,-1.1007792
711.0,0.7038953,-3.6535518,5.805939,1.3231341,-0.50579643,-1.346347
721.0,0.5291186,-3.1483753,5.3199162,1.2681563,-0.3933972,-1.5894713
733.0,0.46926352,-2.7605145,4.793192,1.097114,-0.312763,-1.8362609
741.0,0.61530983,-2.6910827,4.7046065,0.82833326,-0.21624629,-2.1038198
752.0,0.830788,-2.054225,4.9224787,0.47769663,-0.12705997,-2.4007003
762.0,0.830788,-1.2042835,4.903325,0.021991149,-0.021991149,-2.6914723
771.0,0.90979666,-2.5067291,4.6375685,-0.43982297,0.09896017,-2.9529226
781.0,1.3311762,-4.4196963,4.4699745,-0.6462954,0.20280726,-3.2045991
793.0,2.0326772,-4.6112323,5.2887917,-0.61819565,0.24678956,-3.4367278
800.0,2.336741,-4.261679,6.1530986,-0.6047566,0.32253686,-3.6468656
812.0,3.0502129,-3.86903,7.445967,-0.8222246,0.40317106,-3.8814378
821.0,3.7301662,-4.5058875,7.8146744,-1.4037683,0.49357912,-4.079358
832.0,4.0677485,-7.252037,7.2328835,-2.243097,0.6805039,-4.1954226
841.0,3.6463692,-10.644621,5.837064,-2.983466,0.9089675,-4.1233406
853.0,2.8443117,-12.344504,3.8881836,-3.3609805,1.1154399,-3.8899899
861.0,1.7262194,-12.193669,2.408567,-3.4440582,1.3023647,-3.612657
872.0,1.0582372,-11.760319,1.3718776,-3.563788,1.4245378,-3.4074063
881.0,1.3359646,-14.472949,1.2066777,-3.7604864,1.4966198,-3.2339206
892.0,2.7509377,-17.530344,2.1523874,-3.903429,1.536937,-2.9040534
902.0,4.027047,-20.463242,2.834735,-3.6822958,1.6297885,-2.3530529
914.0,4.7620673,-22.831108,3.028665,-2.765998,1.704314,-1.7605137
921.0,4.5322237,-23.15193,2.042254,-1.5784758,1.7250835,-1.2571607
933.0,3.5984852,-21.990742,1.661576,-0.548557,1.7421877,-0.7684685
941.0,2.2936451,-21.073763,0.8643068,0.12217305,1.7421877,-0.22724187
951.0,1.3383588,-20.13763,-0.34237084,0.43249258,1.6310102,0.35430184
961.0,0.4381389,-18.744205,-1.0199299,0.5448918,1.4575244,0.893085
972.0,-0.58897364,-17.714699,-1.0821792,0.56077427,1.2986995,1.3292428
982.0,-1.1540052,-16.618155,-0.7637503,0.5448918,1.1301007,1.736079
991.0,-1.0486604,-15.210363,-0.521936,0.5204572,0.89919364,2.1343632
1001.0,-0.6560113,-13.912706,-0.20111294,0.48991394,0.62796944,2.4593434
1012.0,-0.37349546,-12.9167185,0.20590134,0.5204572,0.3726278,2.7036896
1023.0,-0.38307226,-11.801021,0.6631939,0.6927212,0.16249016,2.878397
1032.0,-0.39264908,-10.235212,0.9911995,0.9663888,-0.04153884,3.0201178
1041.0,-0.18195933,-8.880095,1.3503298,1.2278391,-0.26511553,3.1471777
1071.0,0.20111294,-7.201759,1.5011644,1.4062119,-0.47769663,3.2583551
1071.0,0.38307226,-5.403713,1.769315,1.5296066,-0.66950834,3.3108897
1071.0,0.20350714,-4.177882,1.745373,1.6126842,-0.8393288,3.2485814
1079.0,0.18435353,-3.6248214,1.8938135,1.6481144,-1.0201449,3.1422908
1092.0,0.01436521,-2.980781,1.9249382,1.6187929,-1.1985176,3.042109
1099.0,-0.031124622,-2.2768857,1.9177556,1.5088371,-1.382999,2.8930578
1108.0,0.16280572,-2.1140802,2.147599,1.2791518,-1.5882497,2.702468
1120.0,0.37828386,-2.9999347,2.789245,0.9651671,-1.7800614,2.4984388
1131.0,0.6991069,-4.098873,3.6176388,0.8979719,-1.9706513,2.057394
1139.0,0.7302315,-4.3382936,4.2999864,0.8979719,-1.9706513,2.057394
1151.0,0.79487497,-3.526659,4.8386817,1.2754866,-2.0402899,1.7739527
1160.0,1.0007763,-2.0159178,5.5258174,1.6285667,-2.1038198,1.4807373
1170.0,0.7565677,1.9393034,6.4380083,1.3206906,-2.017077,0.9260717
1180.0,0.7158663,2.695871,6.555324,0.63041294,-1.9413297,0.61086524
1190.0,0.91219085,2.4588451,7.029376,-0.22235495,-1.8325957,0.24801129
1200.0,1.2521675,1.283292,7.1945763,-0.9859365,-1.6639969,-0.18936823
1212.0,1.7405846,-0.05267244,5.3486466,-1.4037683,-1.4416419,-0.67073005
1221.0,2.5330653,-2.4349031,9.581595,-1.1679744,-1.1178834,-1.1142182
1232.0,1.661576,-2.789245,12.284649,-0.4569272,-0.56199604,-1.5809193
1242.0,2.0135236,-2.932897,13.204022,-0.24801129,-0.28221974,-1.8936822
1252.0,1.5682021,-3.845088,11.812991,-0.77579886,0.0842994,-1.9669861
1261.0,1.3623008,-7.038953,9.911995,-1.0580186,0.56321776,-2.0451767
1273.0,1.4077905,-9.346964,7.807492,-0.8063421,0.7415904,-2.2235496
1281.0,1.7070658,-9.677363,6.2847795,-0.6450737,0.8038987,-2.271197
1291.0,2.2601264,-8.166622,5.841852,-0.68783426,0.86132,-2.1844542
1303.0,3.0813377,-3.9839516,6.9719152,-1.1374311,0.86742866,-2.2834144
1312.0,2.4947581,-1.3934253,6.993463,-2.0427334,1.0213667,-2.6169467
1321.0,2.15957,-2.693477,5.8634,-3.0592132,1.2852604,-2.9700267
1334.0,2.7461493,-5.767632,5.21936,-3.811799,1.3768903,-3.137404
1343.0,2.992752,-8.66701,4.9416323,-4.15144,1.5088371,-3.119078
1352.0,3.1004913,-10.290278,4.5034933,-3.9791763,1.740966,-3.0225613
1362.0,3.6032736,-10.445902,3.6583402,-3.4196236,1.8497,-2.8930578
1372.0,4.0174704,-10.484209,3.3039982,-2.7525587,1.863139,-2.796541
1382.0,4.8698063,-12.576741,3.241749,-2.2797492,1.881465,-2.733011
1394.0,5.896919,-16.378735,2.5905263,-1.8093829,1.8961257,-2.5302038
1401.0,6.5984197,-19.02672,1.3670892,-1.0897835,1.8765781,-1.9999728
1412.0,6.742072,-20.432117,0.40940848,-0.14538592,1.8106046,-1.4526376
1423.0,6.0118403,-20.362686,0.2825158,0.6743952,1.7275269,-1.1447614
1434.0,4.9464207,-19.86948,0.033518825,1.0360274,1.6224581,-0.8894198
1441.0,3.7588966,-19.041086,-0.035913024,1.0213667,1.53205,-0.49602258
1454.0,2.657564,-17.808073,-0.02633622,0.7684685,1.4501941,-0.073303826
1463.0,1.6783354,-17.046717,-0.23463176,0.38362336,1.3390167,0.28955013
1473.0,0.7685388,-16.606182,-0.62488663,0.030543262,1.2229522,0.63163465
1482.0,0.09816227,-16.141708,-0.5674258,-0.16371189,1.0641272,0.98837996
1492.0,-0.19393034,-15.614984,-0.44532153,-0.21502456,0.8772025,1.3011429
1503.0,-0.076614454,-15.018827,-0.5626374,-0.20525073,0.6731735,1.5809193
1513.0,0.12210429,-13.862428,-0.46447513,-0.17470746,0.46670106,1.8729129
1521.0,-0.08619126,-12.89517,-0.16280572,-0.05375614,0.27122417,2.1294763
1533.0,-0.31364042,-12.071565,0.15562311,0.19303341,0.09285152,2.2968533
1541.0,-0.45010993,-11.437101,0.4357447,0.5314528,-0.09285152,2.4556782
1552.0,-0.40940848,-10.6398325,0.5267244,0.88697636,-0.2565634,2.6193902
1562.0,-0.30885202,-9.64145,0.82121116,1.174083,-0.42149702,2.7440066
1574.0,-0.2681506,-8.803479,0.8882488,1.3377949,-0.54244834,2.8295279
1583.0,-0.4333505,-8.094796,0.878672,1.3878858,-0.6585127,2.8747318
1593.0,-0.5315128,-7.1586633,0.842759,1.3683381,-0.77824235,2.8942795
1602.0,-0.7493851,-6.0022635,0.830788,1.2840388,-0.9089675,2.8979447
1613.0,-0.81881696,-4.9416323,0.91937345,1.1007792,-1.0690142,2.8612928
1623.0,-0.9528923,-4.489128,1.1228806,0.8136725,-1.2486086,2.787989
1635.0,-0.79487497,-4.3526587,1.4293385,0.48502702,-1.4184291,2.6914723
1642.0,-0.62967503,-4.039018,1.7956513,0.18081611,-1.5735888,2.579073
1653.0,-0.4213795,-3.6343982,2.3295584,-0.11728613,-1.7201965,2.4569001
1662.0,-0.28491,-3.4883518,3.086126,-0.38728857,-1.8558086,2.3102922
1672.0,-0.17477672,-3.442862,4.003105,-0.57543504,-1.9620992,2.1062634
1682.0,0.019153614,-3.8546648,4.9200845,-0.63285637,-2.026851,1.8362609
1693.0,0.22266077,-4.0198646,5.6239796,-0.52656585,-2.0610592,1.5564847
1704.0,0.40222588,-3.70383,5.9280434,-0.29077184,-2.043955,1.2901474
1713.0,0.49799395,-2.8107927,5.949591,-0.018325957,-2.0073032,1.0177015
1722.0,0.61770403,-1.8746599,6.445191,0.12950343,-1.9364429,0.7367035
1734.0,0.7469909,-1.3096284,6.5457473,0.06841691,-1.8044959,0.43371433
1743.0,0.89543146,-0.6895301,6.6774287,-0.17104226,-1.6737708,0.118507855
1755.0,1.3910311,-0.8283938,7.3406224,-0.45937067,-1.5149459,-0.22357668
1762.0,1.7022774,-1.1611878,7.860164,-0.675617,-1.2583824,-0.6389651
1772.0,2.066196,-1.4676456,8.293514,-0.79779,-0.9627236,-1.0763446
1783.0,2.3678656,-1.4173675,7.007828,-0.9236283,-0.6646214,-1.4526376
1794.0,2.741361,-2.743755,10.620679,-1.078788,-0.31520647,-1.7263051
1802.0,1.2593501,-7.848193,10.208876,-1.105666,0.204029,-1.9547688
1814.0,1.3263878,-13.323732,8.231265,-0.956615,0.44715336,-2.0427334
1823.0,1.4030021,-12.832921,7.941567,-0.6206391,0.6230826,-1.7873917
1834.0,1.2689269,-11.568783,6.9767036,0.13805555,0.87598073,-1.6310102
1843.0,1.7764976,-11.386824,6.658275,0.7489208,0.9114109,-1.8411479
1853.0,2.3056161,-8.176199,6.8306575,0.54244834,0.956615,-1.9657644
1862.0,2.006341,-6.694188,7.019799,-0.30665436,1.0995574,-1.9181169
1874.0,1.6160861,-5.995081,6.3566055,-1.3060299,1.2864822,-2.057394
1882.0,1.6256629,-6.1530986,6.0884547,-2.1343632,1.4159856,-2.2834144
1893.0,1.9153614,-6.021417,4.8578353,-2.6939158,1.5748106,-2.3677137
1904.0,2.6479871,-6.7612257,3.9073372,-3.0750957,1.7470746,-2.3677137
1913.0,3.4596214,-10.108319,2.753332,-3.1655037,1.8509218,-2.35794
1922.0,4.2760444,-14.753071,2.3942018,-2.7366762,1.9034561,-2.244319
1935.0,4.673482,-17.286137,2.327164,-0.4642576,1.9645426,-1.7140878
1942.0,4.8698063,-17.621325,2.2601264,-0.4642576,1.9645426,-1.7140878
1950.0,4.6375685,-17.290924,2.0350714,0.65240407,1.9315559,-1.6310102
1960.0,4.1611223,-17.017986,1.5658079,1.2742649,1.8912388,-1.4526376
1973.0,3.5170822,-16.867151,1.0749966,1.4966198,1.8643607,-1.0848967
1981.0,2.6743233,-16.112978,0.61052144,1.5015068,1.7910569,-0.7476991
1991.0,1.8076223,-14.480132,-0.60573304,0.80756384,1.536937,-0.17592919
2000.0,-0.15322891,-14.757859,-0.8810662,0.32986724,1.4245378,0.10751228
2010.0,-0.59855044,-14.537593,-1.0534488,-0.0061086523,1.269378,0.4129449
2019.0,-0.58418524,-14.386758,-0.94810385,-0.13683382,1.0641272,0.7281514
2032.0,-0.3184288,-14.032416,-0.7374141,-0.052534413,0.85154617,0.95905846
2042.0,-0.1340753,-13.199234,-0.5722142,0.16615535,0.6719518,1.1386528
2052.0,-0.2801216,-12.35887,-0.32561144,0.44226643,0.49357912,1.3109168
2060.0,-0.48841715,-11.678916,-0.08140286,0.7696902,0.35063666,1.4636332
2070.0,-0.6775591,-10.82658,-0.033518825,1.1386528,0.20280726,1.6065756
2080.0,-0.80445176,-9.56723,0.1412579,1.4245378,0.042760566,1.7336355
2090.0,-1.2282255,-8.796297,0.36631286,1.5271631,-0.095294975,1.8240436
2100.0,-1.4077905,-8.331821,0.58657944,1.46852,-0.21868975,1.9107865
2114.0,-1.5801731,-7.797915,0.8523358,1.3304645,-0.35063666,1.9792033
2122.0,-1.7046716,-7.1059904,1.0247183,1.2070698,-0.50823987,1.9914207
2133.0,-1.5993267,-6.622362,1.4460979,1.1081096,-0.6719518,1.9730947
2141.0,-1.3096284,-6.0716953,1.8626889,1.0421361,-0.8258898,1.958434
2152.0,-1.1085154,-5.255273,2.2002714,0.9969321,-0.98349303,1.9083431
2162.0,-0.770933,-4.7141833,3.098097,0.91996306,-1.1398746,1.8191566
2173.0,-0.5363012,-4.414908,4.247314,0.77824235,-1.2803736,1.7275269
2183.0,-0.2633622,-4.0533834,5.681441,0.61453044,-1.3683381,1.6175711
2192.0,-0.0023942017,-3.8714242,7.1993647,0.54244834,-1.4257594,1.4501941
2203.0,0.047884032,-3.5314474,7.419631,0.6377433,-1.4110987,1.2437216
2213.0,0.12689269,-2.954445,7.422025,0.9407325,-1.3548992,1.0372492
2222.0,-0.007182605,-2.3127987,6.8402343,1.3646729,-1.2803736,0.8356637
2235.0,-0.038307227,-1.0510546,6.7827735,1.6652187,-1.1667526,0.61086524
2242.0,0.12689269,0.59615624,7.711724,1.6016886,-1.0189233,0.3200934
2254.0,0.33039984,1.9153614,8.456321,1.1459832,-0.8210029,-0.05375614
2264.0,0.62967503,2.27928,9.3661175,0.49235737,-0.58276546,-0.4654793
2274.0,0.7206547,2.2122424,9.375694,-0.11362094,-0.3408628,-0.8979719
2288.0,0.7445967,1.4508862,8.942344,-0.5681047,-0.12095132,-1.3170254
2293.0,0.8355764,0.7733272,7.8386164,-0.9443977,0.103847094,-1.6713274
2302.0,0.6775591,0.047884032,8.121132,-1.351234,0.3555236,-1.9511036
2312.0,0.02633622,-4.8722005,8.820239,-1.6310102,0.6743952,-2.130698
2323.0,-0.16759412,-10.053253,7.029376,-1.6151277,0.9224065,-2.289523
2335.0,0.36870706,-10.723629,7.759608,-1.5735888,0.99082345,-2.2944098
2343.0,0.7493851,-8.9040365,7.97748,-1.4465289,1.1264355,-2.1416936
2355.0,0.5770026,-7.00304,8.283937,-1.5540411,1.2681563,-2.1966715
2364.0,0.15322891,-6.2943563,6.6103907,-2.3273966,1.3170254,-2.3945918
2374.0,-0.29927522,-7.2687964,5.3486466,-3.5234706,1.4391985,-2.4581218
2383.0,-0.6631939,-9.555259,4.1180267,-4.4361033,1.6249015,-2.3591616
2395.0,-0.19871874,-11.781867,3.0789435,-4.597372,1.7776178,-2.2088888
2403.0,0.7733272,-14.920665,1.6136919,-3.980398,1.8521434,-2.017077
2415.0,2.2026656,-15.777789,0.5315128,-2.8405235,1.8497,-1.7898352
2423.0,4.1826706,-15.406688,-0.32561144,-1.6297885,1.813048,-1.5552629
2435.0,6.009446,-17.733852,-1.436521,-0.41538838,1.6505579,-1.2938126
2443.0,6.0046577,-22.639572,-2.6024973,0.8943067,1.4049901,-0.8051204
2453.0,4.285621,-24.212563,-2.5929205,2.0341814,1.2620476,-0.080634214
2464.0,1.8531121,-22.007502,-1.9728222,2.6535985,1.1679744,0.41050145
2475.0,-0.30645782,-19.05545,-1.5394717,2.6682594,1.0067059,0.6401868
2483.0,-1.9800048,-16.457743,-0.9935937,2.179567,0.8185594,0.99204516
2492.0,-2.7030537,-15.167268,-0.56982,1.5149459,0.59131753,1.3952162
2506.0,-2.597709,-14.583082,-0.24181437,0.91751957,0.27488935,1.6713274
2516.0,-1.5705963,-14.065935,0.05267244,0.50579643,-0.06841691,1.9327776
2525.0,-0.5530606,-13.278243,0.32561144,0.3323107,-0.37018433,2.2272146
2535.0,-0.079008654,-11.733982,0.82360536,0.34574974,-0.6084218,2.452013
2544.0,-0.24181437,-10.060435,1.2234371,0.45814893,-0.8038987,2.5876253
2554.0,-0.6344634,-8.614338,1.5873557,0.66706485,-0.98471475,2.6768115
2563.0,-0.6871359,-7.541735,1.9967642,0.9639453,-1.1838568,2.761111
2573.0,-0.48123455,-6.7205243,2.633622,1.2803736,-1.3524556,2.8356364
2584.0,-0.093373865,-5.8945246,3.2345665,1.5357152,-1.4611896,2.8661797
2594.0,0.2777274,-4.9895163,3.9576154,1.7299703,-1.5357152,2.8270843
2603.0,0.47165772,-3.9432502,4.596867,1.8594738,-1.5699236,2.7171285
2613.0,0.62249243,-2.954445,4.972757,1.890017,-1.5796975,2.5815165
2623.0,0.60812724,-2.195483,5.3342814,1.8289305,-1.5870279,2.4459045
2634.0,0.48602295,-1.5490485,5.33907,1.6652187,-1.582141,2.2944098
2644.0,0.50757074,-2.0638018,5.4300494,1.4318681,-1.5845845,2.094046
2654.0,0.80445176,-2.1906946,5.592855,1.1814134,-1.5870279,1.8472565
2669.0,1.2138603,-1.6807296,6.3805475,0.9334021,-1.5393804,1.5735888
2672.0,1.4867992,-0.7326257,7.1945763,0.74036866,-1.4477507,1.2632693
2682.0,1.7046716,0.1316811,8.319851,0.6084218,-1.3121386,0.86620694
2692.0,1.661576,1.3000516,8.652645,0.5021312,-1.1496484,0.40194935
2702.0,1.6304513,2.195483,8.429984,0.31764993,-0.9492846,-0.062308256
2714.0,1.8171991,2.171541,8.635885,0.11728613,-0.7440339,-0.48991394
2722.0,1.7381904,1.721431,8.432379,-0.07452556,-0.5131268,-0.9211848
2734.0,1.661576,1.2090719,8.003817,-0.29932398,-0.29565877,-1.3487904
2743.0,1.6065093,0.31603462,7.920019,-0.5729916,-0.09407325,-1.7348573
2753.0,1.6089035,-0.581791,7.563283,-0.9224065,0.111177474,-2.0879374
2762.0,1.7142484,-1.7477672,7.1251445,-1.3793337,0.3005457,-2.42147
2774.0,1.5610195,-1.7860745,5.9687448,-1.9486601,0.4886922,-2.7097983
2783.0,0.82360536,-4.9559975,7.0605006,-2.6682594,0.7293731,-2.8490756
2794.0,0.641646,-16.158466,4.5920787,-3.0066788,0.9859365,-2.823419
2803.0,1.5442601,-18.44493,6.030994,-2.6865854,1.0897835,-2.58396
2814.0,1.9536686,-13.702016,8.269572,-1.863139,1.2315043,-2.1649065
2823.0,1.7429788,-7.821857,7.702147,-1.5063937,1.5100589,-2.6645942
2837.0,0.770933,-7.493851,3.9863458,-2.3469443,1.7250835,-2.6181684
2844.0,1.1803415,-9.052477,2.408567,-2.9553661,1.8338175,-2.3994787
2854.0,2.621651,-13.350069,1.3814543,-3.0433307,1.7886134,-2.194228
2864.0,3.6487634,-18.626888,-0.3184288,-2.460565,1.7055358,-1.8093829
2875.0,3.1172507,-20.606894,-0.4357447,-1.1227703,1.677436,-1.2241739
2885.0,1.745373,-19.663578,0.5650316,0.54611355,1.6151277,-0.8857546
2896.0,0.38307226,-17.81286,1.5227122,1.7996091,1.4453071,-0.8063421
2905.0,-0.533907,-16.21114,1.8674773,2.289523,1.2412782,-0.6169739
2915.0,-1.0223241,-15.17445,1.8363527,2.2296581,1.0433578,-0.29565877
2925.0,-1.436521,-13.874399,1.5610195,1.8875736,0.8454375,-0.017104227
2936.0,-2.0015526,-12.835316,1.0941502,1.3487904,0.6988298,0.24190263
2945.0,-2.5210943,-12.559982,0.85473,0.73426,0.55833083,0.50701815
2955.0,-2.456451,-12.382812,0.9528923,0.18203785,0.36285394,0.75869465
2964.0,-1.9009962,-12.152967,0.9624691,-0.15515977,0.13683382,1.0115929
2977.0,-1.3120226,-11.853693,0.80924016,-0.204029,-0.08674286,1.2290609
2985.0,-1.0127473,-11.331757,0.6895301,0.012217305,-0.28099802,1.3817772
2994.0,-0.91697925,-10.398018,0.7661445,0.39095375,-0.47647488,1.4990633
3004.0,-0.9888053,-9.423578,0.9911995,0.84299403,-0.69027776,1.5992452
3016.0,-1.0127473,-8.623915,1.2234371,1.282817,-0.9126327,1.6701056
