39.0,1.2569559,1.388637,10.551247,0.0061086523,-0.02076942,0.0
39.0,0.7422025,1.6998832,10.6637745,0.15882497,0.112399206,-0.057421334
58.0,0.47644615,1.7836803,10.699687,0.021991149,-0.2761111,-0.2724459
58.0,0.6368576,1.8579005,10.733206,-0.037873644,-0.35918877,-0.31520647
68.0,0.94092125,1.7525556,10.740389,0.10140363,0.50946164,0.04153884
84.0,0.80205756,1.9632454,10.828975,0.10995574,0.6059783,0.029321533
86.0,0.6655881,2.0685902,10.99178,0.10995574,0.5131268,-0.06352998
97.0,0.6967127,2.1068976,11.317391,0.089186326,0.41172317,-0.14294247
108.0,0.8690952,2.030283,11.5951185,0.058643065,0.4654793,-0.16493362
116.0,0.9504981,1.9321208,11.674128,0.02565634,0.54000485,-0.19303341
128.0,0.8690952,1.9177556,11.973403,-0.034208454,0.6169739,-0.2125811
137.0,0.90740246,1.9057846,12.081141,-0.13927728,0.7147123,-0.22479841
150.0,0.89303726,1.8555063,12.361263,-0.3359759,0.8136725,-0.2406809
157.0,0.9840169,1.472434,12.708423,-0.67073005,0.95417154,-0.24312437
168.0,0.9600749,1.1085154,12.909535,-1.1154399,1.1129965,-0.20158553
176.0,0.90740246,0.8810662,12.629414,-1.6175711,1.3048081,-0.14538592
189.0,0.5363012,0.8571242,12.210428,-2.0891593,1.4831808,-0.09896017
196.0,0.29209262,0.78290397,11.920731,-2.4984388,1.6615535,-0.07086037
207.0,0.14604631,0.12928689,11.870452,-2.8686233,1.8362609,-0.061086524
216.0,0.0023942017,-1.0821792,11.563994,-3.268129,2.0207422,-0.028099801
227.0,-0.33997664,-2.4420857,10.81461,-3.76293,2.207667,0.103847094
237.0,-1.079785,-3.892972,9.742006,-4.333478,2.3823745,0.32253686
249.0,-1.8722657,-4.9895163,8.966286,-5.214346,2.6181684,0.7648033
256.0,-2.6527755,-5.9663506,8.207323,-5.214346,2.6181684,0.7648033
267.0,-3.1866825,-6.3206925,7.575254,-5.4122663,2.6316075,1.1166617
277.0,-3.6415808,-5.3941364,6.588843,-5.434257,2.565634,1.2547172
287.0,-3.8355112,-5.0014873,6.1123967,-5.5796432,2.4581218,1.4257594
297.0,-4.1539397,-4.927267,5.3438582,-5.8362064,2.3420575,1.6639969
310.0,-4.3119574,-5.1930237,4.7788267,-6.106209,2.211332,1.9572122
317.0,-4.280833,-5.5401826,3.928885,-6.2076125,2.0329595,2.1783454
327.0,-4.2042184,-5.959168,3.4404678,-5.9412756,1.7898352,2.3054054
337.0,-4.0821137,-5.9663506,3.4284968,-5.277876,1.4990633,2.371379
350.0,-3.7900212,-5.303157,3.7660792,-4.3860126,1.1691961,2.371379
357.0,-3.7086184,-4.3885717,4.5274353,-3.5430183,0.86132,2.3225098
368.0,-3.6870706,-3.5889084,4.831499,-2.8637362,0.6243043,2.2418754
377.0,-3.8594532,-3.2872388,5.33907,-2.2870796,0.45204028,2.1429152
389.0,-3.8498764,-2.542642,5.521029,-1.8106046,0.28955013,2.0097466
398.0,-4.084508,-2.1571758,5.628768,-1.4856243,0.15393804,1.8655825
407.0,-4.3047748,-2.315193,5.5018754,-1.2974777,0.06352998,1.709201
418.0,-4.5082817,-2.3080103,5.3438582,-1.2021828,-0.013439035,1.5515977
430.0,-4.51307,-2.1739352,5.4085016,-1.1435398,-0.10873401,1.4110987
437.0,-4.3837833,-2.1930888,5.741296,-1.102001,-0.19303341,1.2327261
449.0,-4.2185836,-2.7605145,6.10282,-1.1227703,-0.22357668,1.0262536
458.0,-4.072537,-3.4237084,6.5601125,-1.1582005,-0.23579398,0.8539896
468.0,-4.06296,-3.9240966,6.88333,-1.1142182,-0.22724187,0.70738196
477.0,-3.8977604,-5.2983685,7.398083,-0.9602802,-0.21746802,0.5497787
488.0,-3.454833,-7.029376,7.773973,-0.57910025,-0.13927728,0.37140608
498.0,-2.9759927,-6.76362,7.5680714,0.36041048,-0.043982297,0.21013765
508.0,-2.8395233,-4.7788267,7.93199,1.600467,-0.009773844,0.058643065
518.0,-2.9496565,-2.8993783,7.9128366,2.3958135,-0.0061086523,-0.15515977
528.0,-3.0789435,-1.9871874,7.5465236,2.3726006,-0.002443461,-0.3359759
538.0,-2.585738,-2.0254946,6.895301,1.7434094,-0.052534413,-0.43127087
551.0,-2.006341,-2.44448,6.3542113,0.9089675,-0.1160644,-0.51923543
558.0,-1.6352397,-3.3925838,5.9878983,0.2724459,-0.16737708,-0.6719518
568.0,-1.4628572,-4.050989,5.841852,0.073303826,-0.21013765,-0.8894198
578.0,-1.3479356,-3.715801,5.872977,0.3213151,-0.26633725,-1.1276573
592.0,-1.067814,-2.767697,6.019023,0.8026769,-0.36651915,-1.3854424
601.0,-0.6679823,-1.8938135,6.019023,1.2290609,-0.46181414,-1.6664404
611.0,-0.22984336,-1.3215994,5.746084,1.4526376,-0.5412266,-1.9572122
622.0,0.11971009,-0.8355764,5.571307,1.518611,-0.59742624,-2.2455406
633.0,0.3878607,-0.51714754,5.5401826,1.4758505,-0.6658431,-2.52043
642.0,0.6991069,-0.4357447,5.2720323,1.3206906,-0.72692966,-2.7843237
654.0,1.0271125,-0.46208093,5.058948,1.033584,-0.77579886,-3.0445523
660.0,1.3982137,-0.8379706,5.0613422,0.64751714,-0.8014552,-3.2925637
674.0,1.7405846,-1.8267759,5.073313,0.2321288,-0.80756384,-3.5442402
681.0,2.1930888,-3.2585084,5.104438,-0.1600467,-0.79168135,-3.7959166
690.0,2.4588451,-5.2840033,5.2480903,-0.46181414,-0.7684685,-4.0268235
700.0,2.5570073,-6.727707,5.403713,-0.61941737,-0.72692966,-4.2003093
711.0,2.6120741,-7.1610575,5.5377884,-0.59742624,-0.6976081,-4.310265
722.0,2.540248,-7.1610575,5.815516,-0.47769663,-0.68661255,-4.408004
733.0,2.5689783,-7.177817,5.5282116,-0.47525316,-0.6597345,-4.515516
740.0,2.480393,-6.8282633,5.3965306,-0.75502944,-0.6426302,-4.586376
754.0,2.7581203,-7.6590514,5.279215,-1.2742649,-0.59986967,-4.5766025
763.0,3.0478187,-8.664616,5.4204726,-1.7886134,-0.51923543,-4.5387287
770.0,3.265691,-9.737218,6.0956373,-2.1270328,-0.408058,-4.477642
781.0,3.4691982,-10.8864355,6.351817,-2.0561724,-0.2968805,-4.425108
792.0,3.5434184,-11.777079,6.375759,-1.5943583,-0.204029,-4.397008
800.0,3.5194764,-12.818556,6.3063273,-0.87598073,-0.14538592,-4.3713517
810.0,3.301604,-13.615825,5.9400144,-0.10140363,-0.1160644,-4.3114867
819.0,3.1603463,-13.678074,5.533,0.44593164,-0.13561209,-4.166101
834.0,3.3087866,-13.467384,5.116409,0.5888741,-0.1685988,-3.9339721
839.0,3.4572272,-12.902353,4.525041,0.34330627,-0.19303341,-3.63587
853.0,3.4021606,-12.215217,4.223372,-0.12095132,-0.20891592,-3.3512068
860.0,3.0502129,-11.494562,4.3885717,-0.6377433,-0.18570304,-3.1887167
870.0,2.6647465,-11.456255,4.570531,-1.1679744,-0.14782938,-3.0653217
881.0,2.4732103,-12.176909,5.0038815,-1.627345,-0.12095132,-2.8808405
892.0,2.4372973,-13.623008,5.506664,-1.7837266,-0.08552113,-2.6731462
901.0,2.7341783,-13.9917145,5.731719,-1.5552629,-0.04520403,-2.5228734
915.0,3.1004913,-13.661315,5.5617304,-1.0910053,-0.021991149,-2.398257
920.0,3.2465374,-12.864046,5.317522,-0.5742133,-0.0061086523,-2.2553146
931.0,3.028665,-11.587936,4.9775453,-0.17104226,0.014660766,-2.1050417
940.0,2.5474305,-10.374076,4.663905,0.06352998,0.059864793,-1.9413297
953.0,2.2816741,-9.507375,4.501099,0.14538592,0.06352998,-1.7654005
961.0,2.4756045,-9.241618,4.6016555,0.08674286,0.043982297,-1.6041322
973.0,2.657564,-9.028535,4.9105077,-0.07819075,0.02076942,-1.4587462
981.0,2.7605145,-9.196129,5.2887917,-0.2883284,0.028099801,-1.3341297
993.0,2.8443117,-9.533711,5.590461,-0.47525316,0.056199603,-1.2290609
1002.0,2.8060043,-9.7084875,5.710171,-0.5864306,0.0842994,-1.128879
1011.0,3.0095115,-9.82341,5.6766524,-0.59986967,0.096516706,-1.0201449
1021.0,3.3375173,-9.885659,5.556942,-0.5522222,0.10262536,-0.9053023
1035.0,3.5649664,-9.600749,5.494693,-0.47769663,0.12583824,-0.80878556
1042.0,3.6343982,-9.124303,5.2361193,-0.4166101,0.14660765,-0.70738196
1075.0,3.70383,-8.619126,4.9416323,-0.42638394,0.1600467,-0.49480084
1075.0,3.7852328,-8.429984,4.9224787,-0.42638394,0.1600467,-0.49480084
1075.0,3.8905778,-8.348581,4.9943047,-0.46792278,0.17715092,-0.31887165
1080.0,4.173094,-8.190564,5.2169657,-0.45937067,0.16493362,-0.23579398
1092.0,4.175488,-8.063671,5.33907,-0.44348818,0.17715092,-0.16249016
1101.0,4.146757,-7.759608,5.3127337,-0.41905355,0.18692477,-0.10995574
1113.0,4.187459,-7.606379,5.159505,-0.40439278,0.17837265,-0.061086524
1121.0,4.1802764,-7.4746976,5.1259856,-0.40683624,0.17470746,-0.015882496
1131.0,4.156334,-7.4627266,4.927267,-0.41416663,0.16126843,0.017104227
1141.0,4.43885,-7.3406224,4.9057193,-0.42149702,0.1441642,0.04642576
1154.0,4.498705,-7.3669586,4.960786,-0.4092797,0.10629055,0.07941248
1161.0,4.594473,-7.1059904,4.96318,-0.35918877,0.06841691,0.10629055
1171.0,4.5441947,-7.038953,5.046977,-0.2883284,0.04153884,0.12095132
1182.0,4.51307,-7.017405,5.2720323,-0.21624629,0.012217305,0.12339478
1193.0,4.548983,-6.825869,5.327099,-0.14782938,-0.029321533,0.12583824
1202.0,4.4819455,-6.7851677,5.315128,-0.096516706,-0.039095376,0.13194689
1212.0,4.5202527,-6.9000893,5.398925,-0.061086524,-0.06719518,0.13072516
1222.0,4.6662993,-7.0006456,5.389348,-0.04642576,-0.056199603,0.12339478
1232.0,4.831499,-6.955156,5.403713,-0.040317107,-0.06352998,0.12095132
1244.0,4.8745947,-6.907272,5.303157,-0.035430185,-0.081855945,0.12461651
1254.0,4.891354,-6.9240313,5.149928,-0.021991149,-0.06719518,0.119729586
1261.0,4.853047,-6.993463,4.996699,-0.0061086523,-0.058643065,0.103847094
1275.0,4.819528,-7.1347213,4.936844,0.02443461,-0.058643065,0.09773844
1282.0,4.8745947,-7.1610575,5.080496,0.081855945,-0.05497787,0.10262536
1292.0,4.8985367,-7.0724716,5.161899,0.13927728,-0.047647487,0.09896017
1303.0,4.903325,-7.041347,5.233725,0.16493362,-0.043982297,0.08307768
1311.0,4.96318,-7.0221934,5.1882353,0.15149458,-0.02687807,0.07574729
1320.0,4.8985367,-6.95755,5.1762643,0.12461651,0.0,0.080634214
1333.0,4.9559975,-6.945579,5.085284,0.1001819,-0.004886922,0.07452556
1340.0,4.999093,-7.0245876,4.9823337,0.06963864,-0.002443461,0.064751714
1353.0,4.9823337,-6.9838862,4.8386817,0.04642576,0.004886922,0.058643065
1361.0,4.984728,-6.967127,4.853047,0.02565634,0.013439035,0.059864793
1372.0,5.08289,-6.9479733,4.675876,0.02443461,0.019547688,0.05497787
1381.0,4.912902,-6.8569937,4.7285485,0.02565634,0.02565634,0.05009095
1393.0,4.987122,-6.9599442,4.7165775,0.008552114,0.036651913,0.043982297
1402.0,5.0541596,-7.03177,4.759673,-0.0061086523,0.034208454,0.04153884
1412.0,5.0374002,-7.0940194,4.8147397,0.0,0.030543262,0.040317107
1423.0,5.118803,-6.993463,4.7189717,0.02076942,0.02443461,0.037873644
1433.0,5.068525,-7.0126166,4.7046065,0.040317107,0.02687807,0.036651913
1441.0,5.0757074,-6.993463,4.6495395,0.062308256,0.017104227,0.035430185
1455.0,5.00867,-6.909666,4.606444,0.07819075,0.008552114,0.030543262
1461.0,4.9823337,-6.8162923,4.5561657,0.096516706,-0.009773844,0.02687807
1473.0,4.9799395,-6.8929067,4.582502,0.10995574,-0.015882496,0.028099801
1482.0,4.9320555,-6.8162923,4.6232033,0.1282817,-0.02321288,0.017104227
1492.0,4.9895163,-6.787562,4.642357,0.14905111,-0.029321533,0.004886922
1503.0,4.9943047,-6.6989765,4.8219223,0.16737708,-0.036651913,-0.008552114
1515.0,5.070919,-6.8569937,4.817134,0.1600467,-0.047647487,-0.028099801
1523.0,4.960786,-6.981492,4.8602295,0.13927728,-0.043982297,-0.04642576
1533.0,4.984728,-6.919243,4.927267,0.10873401,-0.056199603,-0.05375614
1543.0,4.924873,-6.6989765,4.8578353,0.065973446,-0.043982297,-0.057421334
1556.0,4.9176903,-6.6726403,4.8003745,0.029321533,-0.04153884,-0.065973446
1563.0,4.8458643,-6.7372837,4.673482,-0.017104227,-0.034208454,-0.07819075
1574.0,4.7285485,-6.8426285,4.5513773,-0.057421334,-0.035430185,-0.07941248
1582.0,4.781221,-7.041347,4.618415,-0.061086524,-0.042760566,-0.080634214
1594.0,4.8147397,-7.079654,4.709395,-0.02565634,-0.056199603,-0.09162979
1603.0,4.8722005,-7.089231,4.7788267,0.012217305,-0.05131268,-0.103847094
1613.0,4.9583917,-7.2113357,4.900931,0.056199603,-0.05375614,-0.10140363
1623.0,4.891354,-7.1610575,4.8817773,0.07941248,-0.036651913,-0.096516706
1635.0,4.817134,-7.00304,4.745308,0.07696902,-0.02076942,-0.09407325
1643.0,4.6710877,-6.95755,4.582502,0.052534413,-0.015882496,-0.08674286
1654.0,4.661511,-6.931214,4.661511,0.02321288,-0.008552114,-0.081855945
1663.0,4.6830587,-7.0605006,4.618415,-0.02565634,-0.014660766,-0.081855945
1674.0,4.7309427,-7.103596,4.6782703,-0.07941248,-0.0061086523,-0.080634214
1683.0,4.7141833,-7.079654,4.8147397,-0.112399206,0.0061086523,-0.07819075
1694.0,4.7022123,-7.1730285,4.807557,-0.11484267,0.010995574,-0.07696902
1703.0,4.711789,-7.144298,4.88896,-0.096516706,0.007330383,-0.080634214
1714.0,4.7620673,-7.1514807,4.805163,-0.0720821,-0.0036651916,-0.0842994
1723.0,4.876989,-7.237672,4.7907977,-0.047647487,0.002443461,-0.0842994
1734.0,4.8841715,-7.1610575,4.757279,-0.02321288,0.019547688,-0.08307768
1744.0,4.8003745,-7.0341644,4.7524905,-0.004886922,0.015882496,-0.07819075
1755.0,4.8362875,-6.8881183,4.6830587,-0.004886922,0.002443461,-0.06963864
1762.0,4.6950297,-6.9383965,4.709395,-0.010995574,-0.018325957,-0.06352998
1772.0,4.7405195,-7.0245876,4.819528,-0.021991149,-0.017104227,-0.057421334
1781.0,4.697424,-7.067683,4.8602295,-0.02687807,-0.02565634,-0.040317107
1792.0,4.7189717,-7.1107793,4.88896,-0.015882496,-0.029321533,-0.02443461
1802.0,4.6806645,-7.091625,4.9895163,0.009773844,-0.040317107,-0.014660766
1813.0,4.6136265,-7.165846,4.9655743,0.047647487,-0.043982297,-0.009773844
1821.0,4.6686935,-7.2424603,4.9224787,0.09773844,-0.04520403,-0.0036651916
1836.0,4.7261543,-7.165846,4.8458643,0.15760323,-0.06352998,0.002443461
1842.0,4.8267107,-7.00304,4.8003745,0.20891592,-0.06352998,0.0036651916
1854.0,4.8961425,-6.9168487,4.8841715,0.20769419,-0.062308256,0.0012217305
1862.0,5.0254292,-6.979098,4.829105,0.20769419,-0.062308256,0.0012217305
1875.0,5.0493712,-7.0724716,4.915296,0.13439035,-0.030543262,0.013439035
1882.0,5.1259856,-7.007828,4.9320555,0.10873401,-0.017104227,0.013439035
1892.0,5.130774,-6.9383965,4.9655743,0.09162979,-0.017104227,0.010995574
1902.0,5.1379566,-6.969521,4.9943047,0.07086037,-0.002443461,0.007330383
1916.0,5.094861,-6.871359,4.939238,0.04886922,0.009773844,0.002443461
1923.0,4.9799395,-6.7947445,4.951209,0.036651913,0.015882496,0.0012217305
1935.0,5.0541596,-6.7588315,4.841076,0.02076942,0.014660766,-0.0012217305
1943.0,5.0278234,-6.7588315,4.8003745,0.0012217305,0.015882496,-0.0012217305
1955.0,4.9703627,-6.7684083,4.8362875,-0.013439035,0.02687807,0.0
1964.0,5.0014873,-6.6750345,4.8482585,-0.021991149,0.018325957,-0.0036651916
1974.0,4.951209,-6.6893997,4.795586,-0.03176499,0.0061086523,-0.008552114
1983.0,4.948815,-6.8186865,4.819528,-0.035430185,-0.0012217305,-0.015882496
1996.0,5.00867,-6.83784,4.891354,-0.029321533,-0.012217305,-0.02443461
2004.0,5.058948,-6.799533,4.9224787,-0.015882496,-0.007330383,-0.034208454
2013.0,5.1259856,-6.88333,4.9320555,0.0012217305,-0.009773844,-0.034208454
2025.0,5.068525,-6.885724,4.8458643,0.0036651916,-0.013439035,-0.032986723
2034.0,4.9823337,-6.859388,4.8626237,0.0,-0.013439035,-0.042760566
2044.0,4.96318,-6.8522053,4.84347,-0.0061086523,-0.007330383,-0.047647487
2077.0,4.9703627,-6.835446,4.7070007,-0.010995574,-0.013439035,-0.042760566
2077.0,4.903325,-6.9623384,4.7620673,-0.007330383,-0.017104227,-0.040317107
2077.0,4.841076,-6.8545995,4.831499,0.0,-0.015882496,-0.04520403
2083.0,4.8578353,-6.885724,4.8123455,0.0036651916,-0.029321533,-0.04520403
2094.0,4.8362875,-6.945579,4.7548847,-0.004886922,-0.036651913,-0.036651913
2102.0,4.831499,-6.9168487,4.8722005,-0.0061086523,-0.037873644,-0.032986723
2116.0,4.7764325,-6.8545995,4.829105,0.0036651916,-0.028099801,-0.03176499
2124.0,4.7620673,-6.969521,4.829105,0.018325957,-0.035430185,-0.02565634
2133.0,4.8602295,-6.955156,4.76925,0.02687807,-0.04153884,-0.02076942
2142.0,4.7884035,-6.8665705,4.7668557,0.029321533,-0.04886922,-0.02443461
2157.0,4.8482585,-6.9383965,4.7764325,0.029321533,-0.052534413,-0.02443461
2162.0,4.783615,-7.1059904,4.7141833,0.042760566,-0.05009095,-0.021991149
2174.0,4.793192,-7.0700774,4.745308,0.06352998,-0.037873644,-0.015882496
2184.0,4.8243165,-7.192182,4.572925,0.11728613,-0.05131268,-0.014660766
2194.0,4.8722005,-7.153875,4.5058875,0.19547687,-0.06352998,-0.02443461
2205.0,4.996699,-7.0605006,4.489128,0.2602286,-0.06352998,-0.02565634
2214.0,5.046977,-6.955156,4.5681367,0.2883284,-0.08674286,-0.02076942
2225.0,5.0397944,-6.847417,4.6255975,0.27366763,-0.08674286,-0.015882496
2236.0,5.08289,-6.8761473,4.72376,0.2284636,-0.08307768,-0.014660766
2245.0,5.1235914,-6.739678,4.6926355,0.16982053,-0.089186326,-0.009773844
2257.0,5.133168,-6.7803793,4.8147397,0.10140363,-0.09285152,-0.007330383
2264.0,5.1666875,-6.7612257,4.84347,0.029321533,-0.09040806,-0.012217305
2276.0,5.1140146,-6.7013707,4.8506527,-0.039095376,-0.081855945,-0.008552114
2285.0,5.0876784,-6.6534867,4.924873,-0.09285152,-0.0720821,0.0
2296.0,5.0757074,-6.6391215,4.9200845,-0.11728613,-0.080634214,-0.0012217305
2304.0,5.097255,-6.6247563,4.9296613,-0.118507855,-0.09285152,-0.010995574
2316.0,5.0661306,-6.6271505,4.939238,-0.12095132,-0.096516706,-0.019547688
2325.0,5.1786585,-6.622362,5.032612,-0.12217305,-0.09407325,-0.021991149
2335.0,5.2600613,-6.6750345,4.939238,-0.12217305,-0.09040806,-0.030543262
2344.0,5.389348,-6.6367273,4.9895163,-0.13439035,-0.09773844,-0.040317107
2358.0,5.4899044,-6.646304,4.9919105,-0.14294247,-0.07941248,-0.043982297
2364.0,5.374983,-6.7588315,5.035006,-0.119729586,-0.06719518,-0.043982297
2374.0,5.3725886,-6.7492547,5.0517654,-0.089186326,-0.07086037,-0.04520403
2385.0,5.3678,-6.622362,5.133168,-0.07452556,-0.073303826,-0.052534413
2395.0,5.329493,-6.703765,5.1116204,-0.07574729,-0.062308256,-0.052534413
2405.0,5.267244,-6.706159,5.0517654,-0.081855945,-0.04642576,-0.04886922
2416.0,5.2528787,-6.8186865,5.0421886,-0.07696902,-0.034208454,-0.04642576
2425.0,5.233725,-6.8043213,4.999093,-0.065973446,-0.035430185,-0.05131268
2436.0,5.21936,-6.8210807,4.900931,-0.065973446,-0.02687807,-0.05375614
2445.0,5.2720323,-6.8426285,4.8267107,-0.06963864,-0.013439035,-0.043982297
2456.0,5.303157,-6.9599442,4.8362875,-0.064751714,-0.021991149,-0.030543262
2465.0,5.305551,-6.979098,4.7860093,-0.05497787,-0.0061086523,-0.02443461
2477.0,5.2528787,-6.955156,4.865018,-0.029321533,-0.004886922,-0.021991149
2485.0,5.2289367,-6.9288197,4.8219223,-0.004886922,0.008552114,-0.013439035
2495.0,5.231331,-6.861782,4.876989,0.018325957,0.012217305,-0.0012217305
2504.0,5.317522,-6.849811,4.936844,0.029321533,0.015882496,0.008552114
2516.0,5.303157,-6.8905125,4.8003745,0.035430185,0.008552114,0.012217305
2525.0,5.353435,-6.799533,4.841076,0.034208454,0.02443461,0.010995574
2535.0,5.3223104,-6.7684083,4.805163,0.02565634,0.030543262,0.012217305
2545.0,5.303157,-6.7085533,4.7261543,0.0036651916,0.042760566,0.010995574
2555.0,5.2840033,-6.777985,4.7285485,-0.010995574,0.052534413,0.0061086523
2563.0,5.2648497,-6.849811,4.7309427,-0.010995574,0.059864793,0.0
2574.0,5.2720323,-6.835446,4.771644,0.010995574,0.06352998,-0.0012217305
2583.0,5.2504845,-6.8162923,4.6950297,0.040317107,0.07696902,0.0012217305
2596.0,5.207389,-6.6774287,4.606444,0.05375614,0.06963864,-0.0061086523
2604.0,5.2121773,-6.7372837,4.582502,0.06719518,0.056199603,-0.014660766
2614.0,5.2121773,-6.787562,4.4843397,0.065973446,0.059864793,-0.007330383
2624.0,5.2600613,-6.789956,4.5058875,0.056199603,0.047647487,0.004886922
2635.0,5.269638,-6.7971387,4.4340615,0.034208454,0.052534413,0.0061086523
2645.0,5.3007627,-6.8162923,4.477157,0.017104227,0.030543262,0.0036651916
2658.0,5.149928,-6.8306575,4.402937,0.0,0.02687807,-0.0036651916
2663.0,5.2624555,-6.787562,4.486734,0.0,0.02687807,-0.0036651916
2677.0,5.2768207,-6.7708025,4.4915223,-0.013439035,0.03176499,-0.017104227
2685.0,5.3366756,-6.7684083,4.51307,-0.012217305,0.009773844,-0.02443461
2695.0,5.3486466,-6.7348895,4.5034933,-0.007330383,0.012217305,-0.030543262
2703.0,5.33907,-6.5984197,4.55856,-0.004886922,0.0,-0.032986723
2717.0,5.3318872,-6.528988,4.596867,-0.013439035,-0.009773844,-0.037873644
2725.0,5.353435,-6.6630635,4.6519337,-0.040317107,-0.015882496,-0.043982297
2735.0,5.279215,-6.670246,4.673482,-0.06841691,-0.012217305,-0.05375614
2745.0,5.2145715,-6.6606693,4.747702,-0.080634214,-0.032986723,-0.062308256
2756.0,5.2169657,-6.667852,4.673482,-0.07696902,-0.036651913,-0.06963864
2765.0,5.2720323,-6.742072,4.805163,-0.065973446,-0.047647487,-0.087964594
2774.0,5.255273,-6.7708025,4.853047,-0.065973446,-0.036651913,-0.10262536
2784.0,5.2409077,-6.8043213,4.819528,-0.052534413,-0.04886922,-0.10751228
2794.0,5.1906295,-6.7588315,4.8458643,-0.034208454,-0.04886922,-0.11362094
2804.0,5.1235914,-6.7684083,4.8578353,-0.017104227,-0.05009095,-0.12583824
2813.0,5.1642933,-6.789956,4.9416323,-0.009773844,-0.04153884,-0.12950343
2822.0,5.1810527,-6.777985,4.865018,-0.0061086523,-0.04520403,-0.1282817
2839.0,5.1475334,-6.8569937,4.8386817,-0.008552114,-0.04642576,-0.1282817
2844.0,5.140351,-6.8761473,4.8698063,-0.018325957,-0.034208454,-0.12950343
2856.0,5.097255,-6.88333,4.8123455,-0.029321533,-0.034208454,-0.13194689
2865.0,5.1523223,-6.9767036,4.876989,-0.030543262,-0.017104227,-0.12705997
2876.0,5.1235914,-6.9719152,4.9536033,-0.015882496,0.0036651916,-0.1160644
2884.0,5.116409,-6.9886746,5.0493712,0.004886922,0.017104227,-0.09896017
2896.0,5.0038815,-7.007828,5.1930237,0.029321533,0.012217305,-0.08674286
2905.0,4.9655743,-7.0485296,5.2049947,0.05009095,0.032986723,-0.06963864
2916.0,4.936844,-7.1083846,5.1930237,0.08552113,0.04642576,-0.05009095
2926.0,4.9703627,-7.0221934,5.118803,0.12217305,0.061086524,-0.035430185
2935.0,4.9296613,-6.9479733,5.12838,0.14782938,0.052534413,-0.02565634
2945.0,4.9583917,-6.9503675,5.011064,0.14905111,0.059864793,-0.018325957
2957.0,4.9416323,-7.0006456,5.1690817,0.12339478,0.056199603,-0.009773844
2964.0,4.999093,-7.1634517,5.315128,0.09285152,0.065973446,0.002443461
2975.0,5.133168,-7.4627266,5.386954,0.064751714,0.06719518,0.017104227
2985.0,5.231331,-7.666234,5.523423,0.039095376,0.07452556,0.043982297
2997.0,5.183447,-7.9463553,5.638345,0.037873644,0.10140363,0.089186326
3005.0,5.207389,-8.09719,5.6335564,0.089186326,0.12095132,0.1441642
