30.0,0.45489833,3.2848446,9.892841,0.037873644,-0.015882496,-0.07574729
47.0,-0.33997664,2.5234885,9.591172,0.14782938,0.09407325,-0.07696902
61.0,-0.059855044,2.3942018,9.579201,-0.039095376,-0.26633725,-0.27977628
61.0,1.271321,2.006341,9.296685,-0.105068825,-0.41416663,-0.35430184
69.0,0.16280572,2.1667526,9.428367,0.22113322,0.376293,0.09773844
84.0,-0.062249243,2.9783869,9.3421755,0.46670106,0.32253686,0.20525073
89.0,-0.48841715,3.3877954,9.435549,0.5131268,0.13439035,0.08552113
97.0,-0.16280572,3.3063924,9.481039,0.32375857,0.010995574,-0.09773844
109.0,0.41180268,2.9712043,9.607931,0.07574729,0.028099801,-0.20280726
117.0,0.5410896,2.468422,9.7084875,-0.0720821,0.07696902,-0.21991149
128.0,0.39983168,2.4109612,9.763555,-0.052534413,0.09407325,-0.16982053
137.0,0.31364042,2.693477,9.785102,0.004886922,0.09162979,-0.16249016
149.0,0.45010993,3.0813377,9.921572,0.018325957,0.111177474,-0.1966986
157.0,0.7158663,3.083732,9.878476,-0.04520403,0.14538592,-0.24312437
169.0,0.8523358,3.2513258,9.89763,-0.1563815,0.18692477,-0.28344148
178.0,0.9696517,3.301604,10.000581,-0.2761111,0.22602014,-0.3286455
187.0,0.9792285,3.2752678,10.25676,-0.3933972,0.2846632,-0.4007276
198.0,1.1611878,3.2154129,10.508151,-0.5412266,0.34330627,-0.48747048
210.0,1.1707647,3.2321723,10.680533,-0.79290307,0.41172317,-0.5717699
217.0,1.1109096,3.2680852,10.953473,-1.17897,0.5143485,-0.65118235
227.0,0.9911995,3.311181,11.547235,-1.6798794,0.63529986,-0.71837753
237.0,1.0199299,3.0238767,12.29662,-2.3151793,0.7965683,-0.77213365
248.0,0.9888053,2.5929205,12.957419,-3.1227431,1.0103711,-0.8344419
258.0,0.6512229,1.9728222,13.486538,-3.9913936,1.2791518,-0.8857546
269.0,0.0047884034,0.78529817,13.13459,-4.7635274,1.5503759,-0.87964594
277.0,0.074220255,-0.545878,12.641385,-5.375614,1.7702875,-0.77457714
288.0,-0.50517654,-2.15957,12.406754,-5.7323594,2.0415115,-0.63163465
298.0,-1.0031705,-3.5410242,11.930307,-5.7470202,2.3371704,-0.44226643
310.0,-1.6089035,-4.4699745,11.099519,-5.434257,2.5583036,-0.26267207
319.0,-2.3774424,-5.327099,10.216059,-4.9565606,2.6988027,-0.028099801
329.0,-3.2632968,-6.019023,9.3661175,-4.5020766,2.8050933,0.25778514
338.0,-3.9911342,-6.493075,8.221688,-4.170988,2.8857274,0.56688297
348.0,-4.673482,-6.363788,7.477092,-3.9498546,2.9174924,0.86009824
358.0,-5.2361193,-5.7508726,6.895301,-3.803247,2.8930578,1.1117748
369.0,-5.645528,-5.020641,6.373365,-3.716504,2.7989845,1.3255776
378.0,-5.7508726,-4.4340615,6.1100025,-3.6517525,2.615725,1.536937
390.0,-5.781997,-3.8163576,5.8825536,-3.5760052,2.3848178,1.7458528
398.0,-5.695806,-3.2513258,5.9567738,-3.5100317,2.172237,1.9071213
410.0,-5.7149596,-2.9783869,5.602432,-3.4416149,1.9511036,2.0244074
419.0,-5.583278,-2.9951463,5.121197,-3.3927455,1.7067575,2.140472
429.0,-5.329493,-3.3494883,4.7907977,-3.296229,1.4416419,2.2418754
438.0,-5.011064,-3.0885203,4.4699745,-3.0445523,1.187522,2.2956316
450.0,-4.853047,-3.0334535,4.7070007,-2.6303856,0.9370673,2.2944098
458.0,-4.9919105,-3.3207579,4.9895163,-2.1453588,0.72692966,2.2235496
469.0,-5.0757074,-3.7612908,5.195418,-1.6701056,0.52656585,2.1148155
478.0,-4.8985367,-4.2521024,5.4779334,-1.1667526,0.35063666,2.0024164
489.0,-4.6782703,-4.6375685,5.719748,-0.6035349,0.204029,1.881465
499.0,-4.333505,-4.283227,5.681441,-0.007330383,0.11728613,1.7568485
511.0,-4.249708,-3.3518825,5.6670756,0.4813618,0.037873644,1.6420058
519.0,-4.5082817,-2.5330653,5.5737014,0.7367035,-0.013439035,1.518611
530.0,-4.747702,-2.1332338,5.556942,0.73548174,-0.039095376,1.3903292
539.0,-4.9583917,-1.7836803,5.571307,0.55955255,-0.052534413,1.2644911
549.0,-4.9823337,-1.9057846,5.829881,0.3323107,-0.073303826,1.1313224
559.0,-4.924873,-2.1188686,6.155493,0.12339478,-0.081855945,1.0030408
571.0,-4.817134,-2.4708161,6.4308257,-0.009773844,-0.09162979,0.8894198
579.0,-4.7070007,-2.7940333,6.7013707,-0.06963864,-0.087964594,0.7867944
589.0,-4.8003745,-2.956839,6.9838862,-0.09162979,-0.07452556,0.6939429
600.0,-5.0158525,-3.2106245,6.634333,-0.12095132,-0.030543262,0.5510005
612.0,-5.023035,-3.53863,6.7851677,-0.029321533,0.013439035,0.49602258
619.0,-5.3247046,-4.0342298,7.5082164,0.21868975,0.07819075,0.43127087
633.0,-5.5856724,-3.8379054,8.406042,0.47158796,0.13072516,0.37995818
640.0,-5.813122,-3.2632968,8.226477,0.56199604,0.18692477,0.3555236
651.0,-5.770026,-2.705448,7.869741,0.58032197,0.20525073,0.35063666
660.0,-5.7628436,-2.384625,7.350199,0.5448918,0.22968534,0.31398472
670.0,-5.8921304,-2.3630772,6.933608,0.43249258,0.23823744,0.24801129
681.0,-5.9639564,-2.6072857,6.5218053,0.22602014,0.25411993,0.20525073
693.0,-6.0046577,-2.633622,6.1985884,0.0,0.25411993,0.18692477
700.0,-6.0645127,-2.693477,5.853823,-0.16982053,0.25411993,0.16249016
713.0,-6.1387334,-2.765303,5.683835,-0.23457226,0.2284636,0.118507855
721.0,-6.181829,-2.801216,5.5856724,-0.20891592,0.1966986,0.0720821
732.0,-6.114791,-2.9400797,5.650316,-0.12339478,0.14294247,0.029321533
741.0,-6.0740895,-2.992752,5.74369,-0.019547688,0.103847094,-0.007330383
754.0,-6.0956373,-3.145981,5.8226986,0.087964594,0.06841691,-0.032986723
761.0,-6.2105594,-3.0909145,5.8466406,0.18081611,0.05009095,-0.052534413
772.0,-6.277597,-3.1172507,5.98311,0.2406809,0.021991149,-0.061086524
782.0,-6.3661823,-3.0573955,5.995081,0.25534168,-0.002443461,-0.061086524
792.0,-6.4020953,-3.13401,5.9304376,0.23823744,-0.02565634,-0.062308256
802.0,-6.3542113,-3.0693667,5.9759274,0.18570304,-0.035430185,-0.06719518
814.0,-6.3805475,-3.181894,6.0501475,0.111177474,-0.02321288,-0.0720821
821.0,-6.3829417,-3.3327289,6.1411276,0.035430185,-0.015882496,-0.073303826
833.0,-6.3302693,-3.4021606,6.160281,-0.021991149,-0.0061086523,-0.07086037
843.0,-6.241684,-3.5458126,6.129156,-0.056199603,-0.0012217305,-0.06963864
855.0,-6.229713,-3.5410242,6.155493,-0.07574729,0.015882496,-0.07086037
861.0,-6.229713,-3.4284968,6.2249246,-0.09162979,0.034208454,-0.06719518
874.0,-6.2105594,-3.2106245,6.2105594,-0.09896017,0.047647487,-0.06352998
883.0,-6.1100025,-3.2585084,6.169858,-0.09040806,0.04642576,-0.07574729
892.0,-5.841852,-3.0765493,6.232107,-0.06352998,0.06719518,-0.095294975
902.0,-5.7724204,-2.9281087,6.227319,-0.02076942,0.07819075,-0.11484267
914.0,-5.571307,-2.7341783,6.303933,0.004886922,0.09285152,-0.14294247
924.0,-5.521029,-2.6910827,6.3063273,0.0012217305,0.1160644,-0.18448131
936.0,-5.4180784,-2.4827871,6.373365,-0.02321288,0.13561209,-0.23701571
942.0,-5.149928,-2.3463178,6.3589997,-0.05009095,0.1441642,-0.3042109
953.0,-4.8243165,-2.1906946,6.203377,-0.065973446,0.1685988,-0.3885103
962.0,-4.5777135,-1.9871874,6.143522,-0.062308256,0.17837265,-0.49357912
972.0,-4.2305546,-1.7046716,6.0166287,-0.042760566,0.1600467,-0.6169739
983.0,-4.0294414,-1.4149733,5.8322754,-0.032986723,0.15027285,-0.7611381
993.0,-3.6990416,-1.1587936,5.631162,-0.047647487,0.12461651,-0.93218035
1003.0,-3.4165258,-1.0702082,5.568913,-0.12217305,0.07941248,-1.1191051
1014.0,-3.1723173,-1.3455414,5.386954,-0.28221974,0.058643065,-1.3072516
1024.0,-2.6743233,-1.8890251,5.662287,-0.4654793,0.052534413,-1.4892895
1033.0,-2.4420857,-1.7764976,6.066907,-0.5839872,0.03176499,-1.6823229
1042.0,-2.372654,-1.757344,6.385336,-0.63041294,0.052534413,-1.8875736
1070.0,-2.2960393,-2.0087352,6.55293,-0.6401868,0.034208454,-2.094046
1071.0,-2.2242134,-2.27928,6.4787097,-0.6365216,0.03176499,-2.3005185
1072.0,-2.0733786,-2.621651,6.315904,-0.56077427,0.028099801,-2.5130997
1083.0,-1.9680338,-2.7988217,6.1530986,-0.4251622,0.05131268,-2.71102
1092.0,-1.9273324,-2.7868507,5.949591,-0.24801129,0.056199603,-2.9028316
1101.0,-1.6136919,-3.0119057,5.6407394,-0.057421334,0.061086524,-3.1093042
1113.0,-1.2952632,-3.2082303,5.389348,0.08674286,0.059864793,-3.3438764
1121.0,-0.90740246,-3.4213142,5.171476,0.12461651,0.047647487,-3.5686748
1132.0,-0.5650316,-3.833117,5.073313,0.043982297,0.047647487,-3.7543778
1141.0,-0.18195933,-4.489128,4.9440265,-0.13439035,0.05009095,-3.9241984
1152.0,0.19393034,-4.84347,4.7405195,-0.40439278,0.06352998,-4.08791
1161.0,0.46926352,-4.9464207,4.656722,-0.7330383,0.09407325,-4.2051964
1176.0,0.6512229,-4.9416323,4.510676,-1.0299188,0.13194689,-4.301713
1182.0,0.6943185,-4.8506527,4.27365,-1.2412782,0.17715092,-4.428773
1194.0,0.866701,-5.4899044,4.1060557,-1.3573426,0.21135938,-4.579046
1202.0,1.2330139,-6.540959,3.8235402,-1.3732251,0.23090707,-4.7268753
1214.0,1.8124107,-7.917625,3.41892,-1.3426818,0.2321288,-4.8295007
1223.0,2.384625,-9.119514,3.1124623,-1.3439035,0.21502456,-4.8624873
1235.0,3.016694,-9.828198,2.9592333,-1.4440855,0.2003638,-4.823392
1244.0,3.2585084,-9.562442,2.956839,-1.6212363,0.21868975,-4.728097
1253.0,3.3423057,-9.581595,2.870648,-1.7763962,0.24923302,-4.6621237
1263.0,3.2561142,-9.701305,3.0933087,-1.8558086,0.26389378,-4.6743407
1274.0,3.4476504,-11.587936,3.064578,-1.817935,0.28710666,-4.6621237
1282.0,4.0174704,-13.891158,3.074155,-1.568702,0.2565634,-4.564385
1294.0,4.697424,-15.892711,3.4045548,-1.1386528,0.20280726,-4.350582
1302.0,5.023035,-16.402676,3.8666358,-0.6377433,0.172264,-4.1050143
1315.0,4.9320555,-15.705963,4.3239284,-0.23945917,0.16737708,-3.893655
1323.0,4.489128,-14.932636,4.5537715,0.02321288,0.19181168,-3.707952
1332.0,3.560178,-14.489709,4.256891,0.204029,0.21991149,-3.5271358
1342.0,2.6479871,-13.996503,3.9815574,0.36774087,0.24190263,-3.3084462
1355.0,2.2098482,-13.469779,3.9839516,0.49480084,0.23335053,-3.0702088
1365.0,2.0254946,-13.223176,3.8881836,0.5510005,0.2125811,-2.8612928
1374.0,2.1523874,-13.357251,3.7780502,0.5204572,0.1685988,-2.7000244
1382.0,2.3798366,-13.141773,3.7732618,0.33475417,0.14660765,-2.5399778
1393.0,2.5761611,-12.739547,3.8594532,0.0036651916,0.13927728,-2.32984
1402.0,2.4708161,-11.87524,4.0773253,-0.63163465,0.18570304,-1.9926424
1415.0,2.4540567,-11.137826,4.0677485,-0.7635816,0.204029,-1.8704693
1421.0,2.4468741,-10.654198,4.0892963,-0.75502944,0.204029,-1.7446312
1432.0,2.4420857,-10.33098,4.292804,-0.68783426,0.1966986,-1.6236799
1442.0,2.5210943,-10.55843,4.2185836,-0.62796944,0.2125811,-1.4905112
1453.0,2.7150247,-10.718841,4.189853,-0.5546656,0.22968534,-1.351234
1463.0,2.7605145,-10.465055,4.1132383,-0.47891834,0.24923302,-1.2290609
1475.0,2.5905263,-10.242394,4.122815,-0.43127087,0.27000242,-1.1276573
1483.0,2.5761611,-9.94312,4.0701427,-0.42149702,0.27855456,-1.0311406
1493.0,2.6527755,-9.8042555,3.9863458,-0.44104472,0.26633725,-0.93462384
1503.0,2.8754363,-9.674969,4.0462008,-0.47769663,0.25045475,-0.85154617
1515.0,2.954445,-9.560047,4.0916905,-0.52534413,0.23823744,-0.7733554
1522.0,3.064578,-9.476251,4.132392,-0.56077427,0.23090707,-0.6914995
1534.0,3.1268275,-9.49301,4.187459,-0.5644395,0.22602014,-0.61208695
1543.0,3.2273839,-9.346964,4.1132383,-0.54733527,0.22113322,-0.5363397
1554.0,3.4404678,-9.308656,4.003105,-0.53023106,0.20891592,-0.46303585
1562.0,3.53863,-9.272743,3.9312792,-0.53023106,0.19425514,-0.3933972
1573.0,3.7373488,-9.157822,3.9097314,-0.54000485,0.19181168,-0.31887165
1584.0,3.845088,-8.980651,3.7373488,-0.52778757,0.18203785,-0.24312437
1593.0,3.857059,-8.858546,3.7469256,-0.4813618,0.17592919,-0.18203785
1603.0,3.9791632,-8.750807,3.6870706,-0.41050145,0.15393804,-0.13072516
1614.0,4.0581717,-8.590396,3.5817258,-0.33964106,0.14905111,-0.07941248
1621.0,4.0222588,-8.477868,3.763685,-0.2724459,0.13927728,-0.030543262
1633.0,4.110844,-8.303091,3.8402996,-0.21502456,0.14172074,0.004886922
1643.0,4.156334,-8.090008,3.7301662,-0.18203785,0.13927728,0.028099801
1654.0,4.1946416,-7.9870567,3.799598,-0.18325958,0.1563815,0.04886922
1661.0,4.2760444,-7.9750857,3.751714,-0.19303341,0.16249016,0.06352998
1673.0,4.357447,-7.9870567,3.7780502,-0.20769419,0.16493362,0.07574729
1683.0,4.465186,-7.9631147,3.8043866,-0.21380283,0.1563815,0.08552113
1693.0,4.3646297,-7.85777,3.8594532,-0.20769419,0.15027285,0.09407325
1703.0,4.43885,-7.797915,3.9097314,-0.20891592,0.15149458,0.096516706
1716.0,4.429273,-7.747637,3.9576154,-0.22968534,0.14782938,0.105068825
1723.0,4.5322237,-7.6853876,3.9217024,-0.26389378,0.13194689,0.112399206
1734.0,4.4220905,-7.8769236,4.039018,-0.29565877,0.13072516,0.11362094
1741.0,4.4460325,-7.97748,4.0222588,-0.312763,0.119729586,0.11484267
1752.0,4.510676,-8.015787,4.06296,-0.30543262,0.09162979,0.11484267
1762.0,4.582502,-8.250419,4.1180267,-0.27122417,0.07941248,0.112399206
1774.0,4.6495395,-8.331821,4.1659107,-0.20769419,0.062308256,0.10751228
1784.0,4.76925,-8.274361,4.1802764,-0.15149458,0.052534413,0.11728613
1792.0,4.8386817,-8.101978,4.2305546,-0.10262536,0.029321533,0.13194689
1803.0,4.8722005,-7.9750857,4.2544966,-0.059864793,0.034208454,0.13316862
1816.0,4.8722005,-7.9631147,4.175488,-0.017104227,0.02321288,0.12583824
1822.0,4.7500963,-7.8984714,4.10845,0.019547688,0.017104227,0.13072516
1834.0,4.7500963,-7.867347,4.185065,0.047647487,0.017104227,0.13561209
1843.0,4.771644,-7.8625584,4.185065,0.062308256,0.028099801,0.13439035
1857.0,4.7070007,-7.7811556,4.173094,0.06352998,0.02687807,0.12339478
1864.0,4.642357,-7.7332716,4.156334,0.052534413,0.052534413,0.11484267
1874.0,4.584896,-7.723695,4.06296,0.04153884,0.081855945,0.10751228
1884.0,4.498705,-7.680599,3.9504328,0.032986723,0.09407325,0.09773844
1895.0,4.450821,-7.6829934,3.881001,0.028099801,0.103847094,0.089186326
1904.0,4.4364557,-7.690176,3.7708676,0.02687807,0.10629055,0.07941248
1915.0,4.321534,-7.7572136,3.6703112,0.035430185,0.10873401,0.06963864
1924.0,4.247314,-7.7452426,3.6990416,0.04886922,0.1282817,0.062308256
1936.0,4.1826706,-7.656657,3.667917,0.065973446,0.14294247,0.05497787
1944.0,4.1802764,-7.7308774,3.6008794,0.08552113,0.14049901,0.036651913
1956.0,4.24492,-7.821857,3.655946,0.10751228,0.14538592,0.02076942
1964.0,4.309563,-7.7931266,3.6008794,0.13439035,0.14538592,0.007330383
1974.0,4.405331,-8.008605,3.6607344,0.16371189,0.13683382,-0.0061086523
1984.0,4.5298295,-7.979874,3.5984852,0.19058995,0.13805555,-0.021991149
1995.0,4.6279917,-7.893683,3.5745432,0.20280726,0.14172074,-0.028099801
2003.0,4.795586,-7.81228,3.5218706,0.19181168,0.14294247,-0.028099801
2016.0,4.6926355,-7.5345526,3.4284968,0.15515977,0.14538592,-0.029321533
2024.0,4.5992613,-7.642292,3.502717,0.111177474,0.13316862,-0.03176499
2035.0,4.5657425,-7.680599,3.5434184,0.06719518,0.12705997,-0.03176499
2044.0,4.4795513,-7.78355,3.6511576,0.039095376,0.11484267,-0.02687807
2054.0,4.4699745,-7.750031,3.8187518,0.019547688,0.11484267,-0.02443461
2097.0,4.4484267,-7.848193,3.8594532,0.014660766,0.096516706,-0.029321533
2097.0,4.4939165,-7.845799,3.8379054,0.007330383,0.09285152,-0.030543262
2097.0,4.367024,-7.716512,3.8618474,0.004886922,0.081855945,-0.030543262
2097.0,4.357447,-7.5968018,3.787627,0.004886922,0.080634214,-0.036651913
2104.0,4.2281604,-7.654263,3.70383,0.0036651916,0.073303826,-0.042760566
2114.0,4.220978,-7.680599,3.6367924,-0.0012217305,0.06719518,-0.043982297
2121.0,4.343082,-7.7213006,3.6296098,-0.002443461,0.047647487,-0.05009095
2132.0,4.343082,-7.896077,3.6511576,-0.0012217305,0.035430185,-0.058643065
2141.0,4.390966,-7.9224133,3.727772,0.010995574,0.035430185,-0.065973446
2151.0,4.3622355,-7.9104424,3.8522706,0.03176499,0.030543262,-0.07086037
2161.0,4.355053,-7.855376,3.8786068,0.052534413,0.03176499,-0.07574729
2173.0,4.4556093,-7.8170686,3.8786068,0.057421334,0.028099801,-0.081855945
2182.0,4.3646297,-7.785944,3.8379054,0.04642576,0.036651913,-0.080634214
2194.0,4.3646297,-7.809886,3.7684734,0.034208454,0.034208454,-0.07819075
2203.0,4.441244,-7.773973,3.691859,0.007330383,0.05375614,-0.081855945
2214.0,4.3526587,-7.809886,3.7469256,-0.0036651916,0.05375614,-0.08307768
2222.0,4.3358994,-7.869741,3.7948096,-0.010995574,0.047647487,-0.08307768
2233.0,4.3885717,-7.800309,3.7780502,-0.015882496,0.05131268,-0.08307768
2243.0,4.3526587,-7.8146744,3.7708676,-0.019547688,0.058643065,-0.08307768
2256.0,4.235343,-7.7452426,3.7804444,-0.018325957,0.056199603,-0.0842994
2263.0,4.261679,-7.795521,3.8019924,-0.018325957,0.056199603,-0.08307768
2274.0,4.2066126,-7.7572136,3.7301662,-0.017104227,0.043982297,-0.080634214
2284.0,4.3167458,-7.776367,3.7493198,-0.010995574,0.04642576,-0.07941248
2294.0,4.4196963,-7.869741,3.7708676,0.007330383,0.030543262,-0.081855945
2304.0,4.498705,-7.869741,3.7780502,0.034208454,0.032986723,-0.0842994
2316.0,4.6016555,-7.8170686,3.8498764,0.064751714,0.013439035,-0.0842994
2324.0,4.51307,-7.771579,3.8786068,0.07941248,0.008552114,-0.081855945
2335.0,4.5537715,-7.687782,3.8833952,0.07086037,0.007330383,-0.07574729
2344.0,4.4723687,-7.654263,3.8379054,0.05009095,-0.007330383,-0.06963864
2356.0,4.3766007,-7.735666,3.8881836,0.028099801,-0.010995574,-0.06719518
2365.0,4.4340615,-7.711724,3.928885,0.0036651916,-0.010995574,-0.06841691
2376.0,4.474763,-7.7691846,4.0078936,-0.014660766,-0.010995574,-0.06963864
2384.0,4.4819455,-7.795521,3.9624038,-0.017104227,-0.019547688,-0.07086037
2393.0,4.5058875,-7.773973,3.9719806,-0.008552114,-0.02321288,-0.07574729
2405.0,4.4220905,-7.785944,3.964798,0.002443461,-0.02076942,-0.080634214
2417.0,4.357447,-7.809886,4.003105,0.014660766,-0.013439035,-0.07941248
2425.0,4.4675803,-7.8266454,3.964798,0.021991149,-0.019547688,-0.07696902
2436.0,4.453215,-7.7667904,3.9959226,0.028099801,-0.029321533,-0.06719518
2445.0,4.429273,-7.7907324,4.027047,0.029321533,-0.02076942,-0.058643065
2455.0,4.367024,-7.714118,4.0462008,0.03176499,-0.008552114,-0.05375614
2465.0,4.4316673,-7.78355,4.122815,0.034208454,-0.0036651916,-0.04886922
2475.0,4.4125137,-7.735666,4.096479,0.03176499,-0.004886922,-0.047647487
2485.0,4.43885,-7.750031,4.086902,0.021991149,0.0,-0.05131268
2496.0,4.4125137,-7.73806,4.0462008,0.010995574,0.0036651916,-0.05131268
2505.0,4.426879,-7.7667904,4.0198646,0.004886922,0.02076942,-0.05009095
2516.0,4.465186,-7.8146744,3.9480386,0.0061086523,0.019547688,-0.052534413
2526.0,4.4939165,-7.7811556,3.9240966,0.0036651916,0.028099801,-0.05375614
2535.0,4.5202527,-7.714118,3.8833952,0.0012217305,0.030543262,-0.05009095
2546.0,4.548983,-7.740454,3.8786068,0.0012217305,0.028099801,-0.04642576
2557.0,4.5992613,-7.73806,3.9025488,0.0012217305,0.02687807,-0.043982297
2566.0,4.596867,-7.771579,3.8977604,-0.008552114,0.030543262,-0.040317107
2575.0,4.673482,-7.7667904,3.8857894,-0.017104227,0.018325957,-0.037873644
2585.0,4.661511,-7.7452426,3.9001546,-0.021991149,0.02687807,-0.039095376
2593.0,4.5872903,-7.7572136,3.9097314,-0.014660766,0.02687807,-0.04153884
2604.0,4.6710877,-7.7787614,3.9097314,-0.004886922,0.021991149,-0.042760566
2616.0,4.721366,-7.740454,3.833117,0.0,0.017104227,-0.043982297
2624.0,4.7070007,-7.73806,3.8355112,-0.0036651916,0.02443461,-0.04153884
2634.0,4.661511,-7.66384,3.751714,-0.010995574,0.030543262,-0.040317107
2644.0,4.5801077,-7.5968018,3.739743,-0.018325957,0.028099801,-0.043982297
2655.0,4.4723687,-7.5944076,3.7349546,-0.02443461,0.02443461,-0.04520403
2664.0,4.546589,-7.6231384,3.7205894,-0.03176499,0.015882496,-0.039095376
2676.0,4.6136265,-7.6494746,3.8139634,-0.035430185,0.008552114,-0.032986723
2685.0,4.6495395,-7.699753,3.8977604,-0.029321533,0.010995574,-0.032986723
2696.0,4.6782703,-7.627927,3.9025488,-0.010995574,0.0036651916,-0.036651913
2705.0,4.606444,-7.608773,3.8714242,0.0036651916,0.002443461,-0.042760566
2716.0,4.5657425,-7.6255326,3.8881836,0.0061086523,0.008552114,-0.043982297
2725.0,4.560954,-7.563283,3.857059,-0.002443461,-0.0061086523,-0.040317107
2736.0,4.5681367,-7.565677,3.7684734,-0.015882496,0.0061086523,-0.040317107
2746.0,4.560954,-7.563283,3.7972038,-0.02687807,0.007330383,-0.042760566
2756.0,4.534618,-7.589619,3.7708676,-0.037873644,0.0036651916,-0.043982297
2767.0,4.5777135,-7.66384,3.821146,-0.05131268,0.010995574,-0.042760566
2776.0,4.5322237,-7.6494746,3.8139634,-0.056199603,0.017104227,-0.04520403
2785.0,4.525041,-7.61835,3.8762126,-0.047647487,0.008552114,-0.04886922
2798.0,4.489128,-7.666234,3.857059,-0.036651913,0.0036651916,-0.05375614
2806.0,4.477157,-7.69257,3.8355112,-0.028099801,0.0061086523,-0.061086524
2817.0,4.4939165,-7.7069354,3.8762126,-0.02321288,0.0,-0.07086037
2825.0,4.5322237,-7.855376,3.881001,-0.028099801,0.010995574,-0.07452556
2836.0,4.4675803,-7.8865004,3.9025488,-0.02443461,0.0061086523,-0.07452556
2845.0,4.5441947,-7.953538,3.8881836,-0.02321288,0.0061086523,-0.07452556
2860.0,4.584896,-7.9583263,3.8594532,-0.021991149,0.0061086523,-0.0720821
2865.0,4.709395,-7.953538,3.8426938,-0.015882496,-0.002443461,-0.06841691
2876.0,4.721366,-8.058883,3.8355112,-0.010995574,-0.02076942,-0.06352998
2886.0,4.795586,-8.003817,3.8857894,-0.008552114,-0.015882496,-0.05375614
2896.0,4.8362875,-8.042124,3.8786068,-0.007330383,-0.018325957,-0.042760566
2906.0,4.7907977,-8.054094,3.9217024,-0.0061086523,-0.018325957,-0.030543262
2918.0,4.7405195,-8.003817,3.9839516,-0.0061086523,-0.012217305,-0.02321288
2925.0,4.8243165,-7.9870567,3.9815574,-0.007330383,-0.009773844,-0.013439035
2940.0,4.927267,-7.9942393,4.074931,-0.004886922,-0.008552114,0.0012217305
2947.0,4.9559975,-7.9152308,4.084508,0.0036651916,-0.002443461,0.015882496
2956.0,4.8841715,-7.7691846,4.0701427,0.012217305,0.007330383,0.021991149
2967.0,4.915296,-7.7308774,4.060566,0.018325957,0.013439035,0.02565634
2978.0,4.805163,-7.644686,4.0797195,0.008552114,0.018325957,0.028099801
2986.0,4.8027687,-7.6255326,3.9959226,-0.0012217305,0.019547688,0.030543262
2997.0,4.7644615,-7.48188,3.9959226,-0.004886922,0.030543262,0.032986723
3006.0,4.7429137,-7.443573,3.9456444,0.0012217305,0.037873644,0.032986723
3018.0,4.687847,-7.4148426,3.8762126,0.009773844,0.035430185,0.02565634
