34.0,-0.074220255,-2.1667526,9.689334,0.16249016,-0.080634214,0.07696902
34.0,2.327164,-2.0494366,9.938332,0.1600467,0.1160644,-0.081855945
46.0,-2.6072857,-2.195483,9.13388,-0.03176499,-0.28710666,-0.23090707
51.0,-0.20350714,-2.147599,9.631873,-0.09896017,-0.38973203,-0.2846632
66.0,-0.9959879,-2.1428106,9.404425,-0.0012217305,0.4251622,0.07086037
69.0,-0.61052144,-1.8698715,9.437943,-0.034208454,0.49235737,0.061086524
80.0,-0.6943185,-1.8698715,9.44752,-0.07941248,0.3640757,-0.018325957
89.0,-0.7685388,-1.6879122,9.375694,-0.12705997,0.2284636,-0.10262536
100.0,-0.89543146,-1.7238252,9.361329,-0.19425514,0.26267207,-0.14294247
110.0,-0.7374141,-1.8339585,9.105149,-0.27366763,0.28099802,-0.172264
121.0,-0.78050977,-1.9321208,9.093178,-0.344528,0.2968805,-0.19303341
129.0,-0.59136784,-1.7381904,8.789114,-0.39706242,0.31764993,-0.2406809
140.0,-0.7685388,-1.7812861,8.839393,-0.4728097,0.376293,-0.35185838
150.0,-0.5530606,-1.745373,8.702923,-0.5729916,0.40317106,-0.3885103
162.0,-0.36391866,-1.7764976,8.508993,-0.65240407,0.41538838,-0.43982297
170.0,-0.33518824,-1.7669208,8.439561,-0.7330383,0.43982297,-0.52290064
181.0,-0.33997664,-1.8483237,8.305486,-0.8210029,0.4654793,-0.59620446
191.0,-0.33279404,-1.9656396,8.161834,-0.9211848,0.4801401,-0.6719518
201.0,-0.2705448,-2.231396,7.920019,-1.0274754,0.49846604,-0.75502944
212.0,-0.23942018,-2.5474305,7.759608,-1.1374311,0.5204572,-0.8246681
220.0,-0.25378537,-2.9855695,7.398083,-1.2229522,0.5326745,-0.86132
230.0,-0.40701428,-3.4739866,7.28795,-1.2608259,0.54244834,-0.8772025
241.0,-0.78769237,-3.6703112,7.249643,-1.2388347,0.52290064,-0.89919364
250.0,-1.8842367,-3.9145198,6.9743094,-1.1899655,0.46670106,-0.9272934
262.0,-1.412579,-3.6128504,6.8282633,-1.142318,0.37873647,-0.9492846
270.0,-0.80205756,-3.3494883,6.9982514,-1.097114,0.27488935,-0.97005403
281.0,-3.4883518,-2.920926,6.2584434,-1.0726794,0.16249016,-0.9944886
290.0,-2.3080103,-2.4899697,6.5337763,-1.0958922,0.04886922,-1.0250319
302.0,-2.3463178,-2.0566192,6.459556,-1.1936307,-0.07574729,-1.0616838
312.0,-2.896984,-1.6567876,6.2129536,-1.378112,-0.18570304,-1.110553
321.0,-3.2273839,-1.6567876,6.5361705,-1.6212363,-0.27366763,-1.1630874
331.0,-2.7150247,-2.6527755,7.309498,-1.8973475,-0.29077184,-1.1814134
340.0,-2.6384103,-4.996699,8.772355,-2.125811,-0.18203785,-1.1227703
351.0,-2.6431987,-7.9248075,10.077195,-2.1905627,-0.009773844,-0.97005403
363.0,-2.906561,-10.726024,11.087548,-2.1184807,0.073303826,-0.7147123
371.0,-2.8802247,-12.579136,11.999739,-1.971873,0.073303826,-0.43249258
381.0,-3.4835634,-13.13459,12.34211,-1.7641789,0.09040806,-0.20158553
391.0,-3.9073372,-12.7970085,12.337321,-1.5076154,0.118507855,0.0
401.0,-4.122815,-12.212823,11.956643,-1.269378,0.14660765,0.25900686
411.0,-4.213795,-11.7268,11.429919,-1.1643091,0.22235495,0.6010914
422.0,-4.2904096,-11.444284,10.69011,-1.2339478,0.33841935,0.9993755
430.0,-4.3766007,-11.35091,10.15381,-1.4624114,0.4654793,1.4257594
441.0,-4.4077253,-11.731588,9.964667,-1.7299703,0.6389651,1.8558086
451.0,-4.220978,-13.295002,10.716447,-1.8118263,0.97494096,2.6548204
462.0,-3.9695864,-13.711593,11.173739,-1.5442673,1.0824533,3.0286698
471.0,-3.5769374,-13.256695,11.085154,-1.1227703,1.1349876,3.3805282
482.0,-3.1986535,-11.767501,10.644621,-0.6597345,1.1606439,3.694513
491.0,-2.8275523,-9.983821,10.0029745,-0.267559,1.1924089,3.948633
501.0,-2.5067291,-8.307879,9.232041,-0.02443461,1.251052,4.142888
511.0,-2.1691468,-6.823475,8.504205,0.02076942,1.3206906,4.3004913
521.0,-2.0087352,-5.7005944,7.8027034,-0.09285152,1.4025466,4.4312167
531.0,-1.8267759,-4.9320555,7.192182,-0.28955013,1.4782939,4.5045204
542.0,-1.7046716,-4.3861775,6.7684083,-0.49480084,1.5210545,4.53262
551.0,-1.6567876,-3.6750996,6.5002575,-0.6462954,1.5149459,4.522846
562.0,-1.541866,-3.0909145,6.241684,-0.7049385,1.4526376,4.454429
571.0,-1.4389153,-2.3511062,5.884948,-0.6719518,1.3402383,4.3090434
581.0,-0.78050977,-1.8028339,7.00304,-0.5693264,1.1948525,4.129449
592.0,0.22744916,-0.21787235,6.447585,-0.3652974,1.2009611,3.8728857
605.0,0.20111294,1.4030021,6.0860605,0.3323107,1.2205088,3.2656856
613.0,-0.48123455,0.82599956,5.056554,1.7922786,0.8723156,2.5583036
623.0,-0.61052144,0.7757214,3.952827,2.6755898,0.38240165,2.3408356
634.0,-0.19632454,1.4580688,3.5482068,2.3041837,0.13072516,2.284636
643.0,-0.035913024,1.8674773,3.7708676,1.3988814,0.17348573,1.894904
652.0,-0.2896984,1.8315643,4.1611223,0.52412236,0.28955013,1.2840388
664.0,-0.50517654,1.6280571,4.4580035,-0.2284636,0.29077184,0.77091193
672.0,-0.50517654,1.127669,4.939238,-0.81000733,0.24801129,0.41050145
682.0,-0.6368576,0.34715924,5.1882353,-1.1068878,0.19303341,0.05131268
693.0,-0.48602295,-0.5243302,5.0613422,-1.1203269,0.09896017,-0.37384954
703.0,-0.38067806,-1.2880806,4.8602295,-0.9309586,-0.008552114,-0.8014552
713.0,-0.35434186,-1.5777789,4.618415,-0.58276546,-0.12095132,-1.2095132
724.0,-0.5650316,-1.5849615,4.378995,-0.12217305,-0.2773328,-1.6053538
733.0,-0.4429273,-1.5035586,4.261679,0.34330627,-0.44226643,-2.0109684
742.0,-0.34955344,-1.2282255,4.2760444,0.7440339,-0.5925393,-2.4324653
752.0,-0.2777274,-0.830788,4.2042184,1.0555751,-0.73792523,-2.8710666
764.0,-0.04070143,-0.2801216,4.2425256,1.2742649,-0.9053023,-3.314555
773.0,0.30166942,0.12449849,4.4364557,1.3695599,-1.0665708,-3.7519343
784.0,0.81163436,0.11731588,4.8626237,1.3243558,-1.2009611,-4.1783185
792.0,1.6519991,-0.7445967,5.9783216,1.1594223,-1.2571607,-4.586376
802.0,2.1691468,-2.4827871,6.7851677,0.97249746,-1.1850786,-4.9663343
812.0,2.4301147,-4.4077253,7.457938,0.84421575,-1.0946705,-5.252219
823.0,2.1691468,-5.8825536,7.807492,0.8417723,-1.0580186,-5.4330354
835.0,1.6903064,-6.7803793,7.896077,0.9944886,-1.0555751,-5.5820866
845.0,1.1085154,-6.8905125,7.991845,1.2449434,-1.1276573,-5.7726765
852.0,0.79487497,-6.969521,8.161834,1.5357152,-1.2241739,-6.002362
864.0,0.830788,-7.3549876,8.851364,1.8069394,-1.3011429,-6.234491
873.0,1.1013328,-8.003817,9.514558,1.9792033,-1.3451253,-6.3945374
883.0,1.2210429,-8.2169,9.593566,2.0635028,-1.382999,-6.455624
892.0,1.3670892,-8.180987,10.139444,2.1453588,-1.4856243,-6.4605107
904.0,1.673547,-7.821857,10.414778,2.2137756,-1.6224581,-6.467841
913.0,2.2768857,-6.7348895,10.25676,2.1135938,-1.7837266,-6.5118237
923.0,3.3423057,-5.2887917,10.213664,1.7763962,-1.9144517,-6.586349
932.0,4.596867,-4.7309427,10.354922,1.2534955,-1.9511036,-6.6486573
942.0,5.6766524,-5.3199162,10.469844,0.5705481,-1.7996091,-6.5961227
952.0,6.5864487,-6.2464724,11.003751,-0.11484267,-1.5259414,-6.4067545
964.0,7.007828,-8.0445175,11.702858,-0.57543504,-1.2266175,-6.1575217
972.0,6.4044895,-10.110714,11.87524,-0.8222246,-0.9138544,-5.805663
982.0,5.547365,-12.090718,11.678916,-0.98715824,-0.67073005,-5.2876496
993.0,4.261679,-13.883976,11.178528,-1.1447614,-0.5009095,-4.6951103
1003.0,2.6599581,-15.433024,11.097125,-1.2742649,-0.2883284,-4.1221185
1013.0,1.1755531,-17.173609,10.941502,-1.2522738,-0.10995574,-3.5601227
1024.0,0.074220255,-18.607735,10.529699,-1.0201449,-0.07819075,-2.9309313
1033.0,-0.6847417,-19.050663,10.0269165,-0.6536258,-0.17959438,-2.2589796
1057.0,-1.3623008,-18.54788,9.749189,-0.2406809,-0.27977628,-1.632232
1057.0,-1.8004397,-17.2598,9.56723,0.16493362,-0.3640757,-1.0580186
1063.0,-1.9201498,-15.45936,9.26556,0.4642576,-0.42638394,-0.50579643
1073.0,-2.0326772,-13.668497,8.987833,0.5656612,-0.4202753,0.021991149
1084.0,-2.147599,-12.366052,8.868123,0.44348818,-0.31887165,0.52412236
1093.0,-2.111686,-11.633426,8.908825,0.1600467,-0.15027285,1.0079277
1103.0,-1.9393034,-11.281479,9.009381,-0.1881465,0.059864793,1.4636332
1113.0,-1.697489,-11.765107,9.131485,-0.5204572,0.2761111,1.8924606
1124.0,-1.283292,-12.4785795,9.169792,-0.7867944,0.49113566,2.3310618
1133.0,-0.89303726,-13.091495,9.263166,-0.9309586,0.6621779,2.7574458
1145.0,-0.46686932,-13.24233,9.414001,-0.9272934,0.79045963,3.1264083
1154.0,0.02633622,-12.957419,9.504981,-0.8258898,0.89675015,3.4526103
1164.0,0.5626374,-12.320562,9.540894,-0.6914995,0.97249746,3.7507126
1174.0,0.9696517,-11.592725,9.560047,-0.5888741,1.0543534,4.0268235
1185.0,1.4341269,-11.164163,9.639056,-0.55955255,1.1557571,4.3053784
1193.0,1.8387469,-10.967838,9.919178,-0.5681047,1.2705997,4.5851545
1205.0,2.1547816,-10.852917,10.053253,-0.56321776,1.3683381,4.872261
1214.0,2.44448,-10.534488,10.247183,-0.5705481,1.4416419,5.136155
1223.0,2.5594015,-10.6877165,10.620679,-0.59864795,1.5234979,5.3511796
1234.0,2.6910827,-10.864887,10.845734,-0.6414085,1.600467,5.5637608
1243.0,2.7485435,-10.505757,10.608707,-0.68661255,1.6505579,5.793446
1253.0,2.7724855,-9.67018,10.127473,-0.68416905,1.672549,5.977927
1266.0,2.6623523,-8.389283,9.900024,-0.4972443,1.6664404,6.1294217
1274.0,2.4947581,-6.4164605,9.165004,-0.4972443,1.6664404,6.1294217
1284.0,2.372654,-5.734113,8.652645,-0.36774087,1.6530013,6.170961
1294.0,2.3199813,-5.0062757,7.9511437,-0.35918877,1.613906,6.177069
1303.0,2.1212628,-3.6391866,7.2472486,-0.376293,1.5515977,6.079331
1314.0,1.70946,-2.5330653,6.6774287,-0.38240165,1.4941764,5.8862977
1325.0,1.2904748,-1.412579,6.2991447,-0.40317106,1.4172074,5.646838
1335.0,1.0965444,-0.6847417,5.9567738,-0.49357912,1.3219124,5.3927183
1345.0,0.92416185,-0.14844051,5.6766524,-0.6047566,1.2034045,5.1202726
1354.0,0.6775591,0.055066638,5.389348,-0.6914995,1.047023,4.817283
1365.0,0.47644615,0.18435353,5.149928,-0.7538077,0.8881981,4.4629817
1374.0,0.41180268,0.3184288,5.386954,-0.7819075,0.71959925,4.0720277
1385.0,0.45489833,0.60094464,5.41329,-0.77213365,0.5644395,3.6884043
1396.0,0.50517654,0.92655605,5.5521536,-0.71959925,0.42149702,3.313333
1406.0,0.4213795,1.1659763,5.45878,-0.61208695,0.27855456,2.896723
1416.0,0.5530606,1.2497733,5.3342814,-0.50946164,0.15760323,2.4251351
1426.0,0.4429273,1.2258313,4.999093,-0.43860126,0.05009095,1.9291124
1437.0,0.36870706,1.2354081,4.7907977,-0.3848451,-0.05009095,1.4184291
1446.0,0.16998832,1.2066777,4.5394063,-0.35430184,-0.12950343,0.89552844
1455.0,-0.095768064,1.1563994,4.3406878,-0.31887165,-0.19547687,0.3481932
1466.0,-0.19393034,1.163582,4.5633483,-0.2761111,-0.2761111,-0.2125811
1474.0,-0.260968,1.3958195,4.5681367,-0.22113322,-0.34330627,-0.77091193
1486.0,-0.5770026,1.5921441,4.4125137,-0.15515977,-0.4129449,-1.3096951
1495.0,-0.7637503,1.8052281,4.3143516,-0.09407325,-0.49480084,-1.817935
1507.0,-0.92176765,1.8674773,4.259285,-0.030543262,-0.57543504,-2.2992969
1515.0,-0.91458505,1.4796166,4.4196963,0.032986723,-0.66706485,-2.7855456
1525.0,-0.7589619,0.78290397,4.7429137,0.09407325,-0.7684685,-3.2534683
1536.0,-0.5315128,-0.16998832,5.2744265,0.16249016,-0.84665924,-3.6822958
1546.0,-0.2657564,-1.472434,6.129156,0.2773328,-0.8894198,-4.0964622
1555.0,-0.09816227,-2.9161377,7.1131735,0.48624873,-0.9419542,-4.4764204
1568.0,0.050278235,-4.5561657,7.9391727,0.8063421,-0.9737192,-4.785518
1574.0,0.011971008,-6.007052,8.173804,1.2644911,-1.0409144,-5.0066514
1586.0,-0.25857377,-6.31351,7.9008656,1.8069394,-1.1911873,-5.144707
1594.0,-0.4309563,-5.6335564,7.7811556,2.3640485,-1.4489723,-5.275432
1605.0,-0.33039984,-4.4125137,7.666234,2.8502972,-1.7629571,-5.477018
1615.0,0.33997664,-2.8754363,7.680599,3.0262265,-2.07572,-5.710368
1628.0,1.3072342,-1.982399,8.224083,2.7794368,-2.2907448,-5.9046235
1634.0,2.0685902,-1.8674773,8.506598,2.2064452,-2.3261747,-6.02924
1646.0,3.1172507,-2.5713725,10.0269165,1.4318681,-2.2504275,-6.0573397
1656.0,3.4021606,-4.757279,11.353305,0.71837753,-1.9743165,-6.0341268
1667.0,3.5338416,-6.71813,11.5951185,0.2125811,-1.6676621,-5.9400535
1674.0,3.5889084,-7.991845,11.48738,-0.05497787,-1.5357152,-5.793446
1686.0,3.265691,-8.7532015,11.571177,-0.037873644,-1.4538593,-5.71159
1696.0,2.741361,-9.016563,11.032481,0.15027285,-1.3866642,-5.657834
1705.0,2.336741,-8.4108305,10.266336,0.32253686,-1.3878858,-5.5503216
1714.0,2.2361844,-8.001422,10.108319,0.45081854,-1.4391985,-5.4318137
1725.0,2.1164744,-8.264784,9.900024,0.5155703,-1.4013249,-5.345071
1736.0,2.4899697,-8.456321,9.703699,0.49357912,-1.3561208,-5.2045717
1746.0,2.621651,-9.052477,9.964667,0.47158796,-1.3255776,-4.9980993
1755.0,2.60968,-9.792285,10.287885,0.5180137,-1.2632693,-4.754975
1766.0,3.0142999,-10.764331,10.876859,0.6084218,-1.251052,-4.450764
1775.0,3.145981,-11.403583,10.984597,0.71593404,-1.2596041,-4.070806
1785.0,3.335123,-11.585542,11.219229,0.79779,-1.2681563,-3.667635
1795.0,3.311181,-11.990162,11.377247,0.7867944,-1.2351695,-3.2400293
1807.0,3.289633,-12.409147,11.5616,0.6450737,-1.1117748,-2.7623327
1817.0,3.3446999,-12.770672,11.688493,0.43371433,-0.9224065,-2.2382102
1825.0,3.1507695,-12.816162,11.3964,0.22357668,-0.6976081,-1.690875
1836.0,2.5905263,-12.744335,11.226412,0.04886922,-0.46914452,-1.1301007
1846.0,1.9153614,-12.899959,10.833763,-0.112399206,-0.19181168,-0.5644395
1857.0,1.3934253,-12.914324,10.534488,-0.27366763,0.04153884,-0.010995574
1868.0,0.9792285,-12.571953,9.986216,-0.4166101,0.25045475,0.5021312
1875.0,0.3184288,-12.01171,9.672575,-0.5412266,0.44104472,0.9737192
1885.0,-0.079008654,-11.566388,9.677363,-0.6560693,0.6243043,1.4159856
1896.0,-0.21547815,-11.15698,9.816227,-0.7305948,0.77579886,1.8216002
1906.0,-0.035913024,-10.654198,10.0029745,-0.7330383,0.8979719,2.1734586
1915.0,0.4429273,-10.117896,10.254366,-0.7049385,0.9859365,2.4788911
1926.0,0.7637503,-9.763555,10.3932295,-0.7330383,1.0910053,2.7782152
1934.0,1.0055647,-9.7084875,10.5704,-0.8417723,1.2339478,3.0787609
1945.0,1.1827357,-9.811439,10.314221,-0.9859365,1.3646729,3.3731978
1956.0,1.3599066,-9.811439,10.103531,-1.142318,1.4721853,3.6566393
1967.0,1.352724,-9.710882,9.883265,-1.2754866,1.568702,3.911981
1977.0,1.520318,-9.662998,9.847352,-1.3377949,1.6505579,4.129449
1988.0,1.7190368,-9.727641,9.722853,-1.314582,1.7140878,4.346917
1995.0,1.9632454,-9.813833,9.619903,-1.2168436,1.7263051,4.577824
2009.0,2.1452048,-9.643845,9.375694,-1.0910053,1.704314,4.7977357
2016.0,2.0446482,-9.009381,8.961497,-0.98349303,1.6652187,4.9846606
2027.0,2.0973208,-8.4108305,9.112331,-0.9260717,1.609019,5.122716
2039.0,1.8938135,-8.1163435,9.105149,-0.9407325,1.6371188,5.248554
2077.0,1.6711528,-7.4387846,9.141062,-0.9810496,1.6444492,5.407379
2077.0,1.5634137,-6.349423,8.750807,-1.0311406,1.5906931,5.5417695
2077.0,1.2306197,-5.5138464,8.300697,-1.2278391,1.486846,5.6505036
2077.0,0.92176765,-4.8865657,7.699753,-1.2278391,1.486846,5.6505036
2085.0,0.51235914,-4.486734,7.00304,-1.382999,1.4465289,5.689599
2095.0,0.088585466,-4.5561657,6.9503675,-1.46852,1.378112,5.698151
2106.0,-0.5506664,-5.509058,7.117962,-1.4062119,1.2400564,5.5881953
2117.0,-0.4405331,-5.2480903,7.120356,-1.2168436,1.1178834,5.507561
2126.0,-0.29448682,-4.2401314,6.9503675,-0.8784242,0.9224065,5.375614
2135.0,-0.33758244,-2.944868,6.5960255,-0.5375614,0.7464773,5.1960196
2145.0,-0.5243302,-1.4748282,6.3709707,-0.3323107,0.63285637,4.9797735
2155.0,-0.7422025,-0.5410896,6.184223,-0.267559,0.5510005,4.750088
2167.0,-0.7086837,-0.19871874,6.6846113,-0.33108896,0.5045747,4.5277333
2176.0,-0.90021986,-0.4357447,6.7372837,-0.4129449,0.516792,4.2504005
2186.0,-0.80205756,-1.091756,6.7564373,-0.3811799,0.4728097,3.8875463
2195.0,-0.80445176,-1.3742718,6.2464724,-0.24923302,0.41783184,3.5527923
2206.0,-1.0989386,-1.3359646,5.825093,-0.034208454,0.31642818,3.291342
2216.0,-1.3814543,-0.7350199,5.521029,0.21502456,0.17104226,3.0017917
2228.0,-1.5562311,-0.045489833,5.5401826,0.41416663,0.015882496,2.6267207
2235.0,-1.4628572,0.79966336,5.8107276,0.47403142,-0.089186326,2.221106
2247.0,-1.292869,1.4796166,5.861006,0.408058,-0.1685988,1.8301523
2256.0,-1.0319009,2.2098482,5.93762,0.2724459,-0.2406809,1.423316
2268.0,-0.9552865,2.7964275,5.7748146,0.15027285,-0.2773328,0.94806284
2276.0,-1.115698,3.1292217,5.058948,0.1685988,-0.31520647,0.35430184
2291.0,-1.1061212,2.9472623,4.534618,0.3481932,-0.42149702,-0.33964106
2295.0,-0.866701,2.597709,4.1491513,0.51068336,-0.66339964,-0.91874135
2305.0,-0.91697925,2.6072857,3.9073372,0.4166101,-0.8552113,-1.3292428
2315.0,-1.1420342,2.7988217,4.012682,0.15271631,-0.9602802,-1.7556267
2325.0,-1.0965444,2.9041667,4.1299977,-0.08552113,-1.0763446,-2.234545
2334.0,-0.79966336,2.9113493,4.247314,-0.27488935,-1.2144,-2.7085764
2347.0,-0.23463176,2.4372973,4.51307,-0.44593164,-1.3133603,-3.2119296
2355.0,0.47884035,1.1971009,5.568913,-0.5681047,-1.3219124,-3.7152824
2367.0,1.1109096,-0.7206547,6.2871737,-0.5119051,-1.3084733,-4.162436
2376.0,1.2521675,-2.633622,6.7612257,-0.29810223,-1.3060299,-4.505742
2386.0,1.0319009,-4.010288,6.706159,0.02321288,-1.3500122,-4.7268753
2395.0,0.46686932,-4.381389,6.363788,0.43249258,-1.459968,-4.891809
2406.0,-0.12689269,-4.0222588,5.9759274,0.91874135,-1.6334536,-5.1104984
2417.0,-0.009576807,-3.6224272,6.655881,1.4135422,-1.844813,-5.396384
2426.0,0.34715924,-4.2066126,7.627927,1.8093829,-1.9999728,-5.670051
2436.0,0.8643068,-4.960786,8.456321,2.043955,-2.1160371,-5.808107
2445.0,1.2641385,-5.9759274,10.21127,2.1148155,-2.1966715,-5.7922244
2455.0,1.0606314,-6.64391,10.30225,2.1294763,-2.2223277,-5.706703
2469.0,1.103727,-5.9926867,9.703699,2.003638,-2.3335052,-5.604078
2475.0,1.2354081,-4.3047748,9.150639,1.7434094,-2.4666739,-5.585752
2486.0,1.5562311,-2.3127987,8.655039,1.4318681,-2.547308,-5.725029
2496.0,2.6408045,-1.5729905,9.509769,1.0250319,-2.58396,-5.9229493
2506.0,3.3255463,-3.3662477,10.117896,0.49113566,-2.4007003,-5.9681535
2515.0,4.0414124,-5.899313,11.133038,-0.19792034,-2.1135938,-5.6883774
2527.0,4.3957543,-9.14585,12.79222,-0.79901177,-1.8167132,-5.208237
2535.0,3.8738184,-12.045229,13.261483,-1.0079277,-1.4795157,-4.783075
2546.0,3.6272156,-12.945449,12.98615,-0.8784242,-1.346347,-4.4312167
2556.0,3.0214825,-12.437878,12.734758,-0.46792278,-1.3377949,-4.15144
2566.0,2.492364,-11.087548,12.344504,0.10873401,-1.3255776,-3.975511
2577.0,2.5594015,-9.583989,11.798626,0.5558874,-1.3585643,-3.8069122
2588.0,2.743755,-8.671799,11.422736,0.7171558,-1.3341297,-3.5650096
2595.0,3.0789435,-8.027759,11.130644,0.63407815,-1.2156218,-3.2559118
2606.0,3.4644098,-7.52737,11.085154,0.43493605,-1.0824533,-2.9565878
2617.0,3.383007,-7.5800424,11.451467,0.23945917,-0.8723156,-2.7159069
2628.0,3.6391866,-7.7667904,11.60709,0.06963864,-0.6377433,-2.4507914
2636.0,3.6128504,-7.7691846,11.420342,-0.080634214,-0.45937067,-2.147802
2647.0,3.3303347,-7.560889,10.831368,-0.20158553,-0.29077184,-1.8753563
2656.0,3.0885203,-7.644686,10.407595,-0.30787608,-0.14660765,-1.6212363
2667.0,2.705448,-7.419631,9.854534,-0.38606682,-0.012217305,-1.3634512
2676.0,2.3391352,-7.441179,9.361329,-0.43127087,0.10751228,-1.1447614
2687.0,2.1164744,-7.2592196,9.045294,-0.43860126,0.19547687,-0.9407325
2696.0,2.042254,-7.156269,8.793902,-0.42394048,0.26389378,-0.7489208
2709.0,1.8746599,-6.8665705,8.619126,-0.38728857,0.31398472,-0.5693264
2715.0,1.7860745,-6.55293,8.537724,-0.33108896,0.34208453,-0.41050145
2726.0,1.7070658,-6.0980315,8.631097,-0.27366763,0.35796702,-0.28099802
2736.0,1.7070658,-5.7724204,8.552089,-0.23090707,0.3726278,-0.172264
2747.0,1.6950948,-5.631162,8.461109,-0.2125811,0.38973203,-0.07452556
2755.0,1.8195933,-5.523423,8.39886,-0.21868975,0.39706242,0.012217305
2768.0,1.8914193,-5.6096144,8.355764,-0.23823744,0.42271876,0.087964594
2775.0,2.0039468,-5.535394,8.259995,-0.25900686,0.44348818,0.15882497
2786.0,2.2529438,-5.4324436,8.365341,-0.27122417,0.45448375,0.21746802
2796.0,2.44448,-5.4922986,8.413225,-0.27122417,0.47647488,0.26389378
2807.0,2.6767175,-5.4204726,8.549694,-0.2565634,0.4972443,0.312763
2816.0,2.956839,-5.3247046,8.659827,-0.2284636,0.5021312,0.36285394
2829.0,3.1316159,-5.1786585,8.540117,-0.20647246,0.5021312,0.40194935
2835.0,3.359065,-4.793192,8.446744,-0.20647246,0.50823987,0.43493605
2847.0,3.3279405,-4.5872903,8.329428,-0.23335053,0.52656585,0.46792278
2858.0,3.3327289,-4.450821,8.171411,-0.27977628,0.5448918,0.50823987
2868.0,3.2968156,-4.321534,8.085219,-0.32253686,0.5510005,0.5522222
2876.0,3.2632968,-4.285621,7.9870567,-0.3371976,0.54000485,0.5900958
2887.0,3.1675289,-4.173094,7.872135,-0.3200934,0.5180137,0.61575216
2896.0,3.13401,-4.134786,7.9272017,-0.2773328,0.4728097,0.6377433
2906.0,3.083732,-4.0940847,8.039729,-0.22235495,0.42394048,0.6585127
2916.0,3.0262709,-4.0462008,8.070854,-0.15882497,0.36896262,0.6792821
2927.0,3.1052797,-3.9576154,8.169016,-0.09407325,0.3115413,0.6988298
2937.0,2.9759927,-3.916914,8.300697,-0.040317107,0.26145032,0.7098254
2949.0,2.956839,-3.8043866,8.269572,-0.012217305,0.21380283,0.71837753
2957.0,2.966416,-3.7900212,8.283937,-0.002443461,0.14294247,0.72326446
2967.0,2.7605145,-3.7181952,8.291121,-0.007330383,0.119729586,0.7171558
2978.0,2.6671407,-3.6463692,8.250419,-0.017104227,0.09896017,0.70249504
2987.0,2.5689783,-3.5482068,8.327033,-0.02443461,0.06963864,0.675617
2996.0,2.4851813,-3.6032736,8.281544,-0.039095376,0.065973446,0.6401868
3007.0,2.3870192,-3.6128504,8.269572,-0.052534413,0.064751714,0.6096435
