27.0,-0.22505496,-2.3223755,9.478644,0.0036651916,0.0012217305,0.05009095
39.0,-0.2896984,-2.2888567,9.440337,0.15760323,0.14049901,-0.07452556
41.0,-0.20350714,-2.2601264,9.536105,0.014660766,-0.28588495,-0.26145032
51.0,-0.24660277,-2.2888567,9.483433,-0.061086524,-0.38362336,-0.2687807
62.0,-0.3184288,-2.4468741,9.478644,0.080634214,0.42760566,0.15393804
75.0,-0.33518824,-2.621651,9.502586,0.095294975,0.47158796,0.1966986
83.0,-0.39025488,-2.6360161,9.416395,0.11484267,0.31764993,0.14172074
91.0,-0.37588966,-2.5378537,9.404425,0.12583824,0.16249016,0.07696902
101.0,-0.50517654,-2.4133554,9.3421755,0.12339478,0.1563815,0.07819075
111.0,-0.48602295,-2.2840683,9.289502,0.08674286,0.16371189,0.047647487
122.0,-0.48841715,-2.15957,9.160215,0.0012217305,0.18448131,-0.0061086523
131.0,-0.095768064,-1.7118542,9.0429,-0.1966986,0.2724459,-0.16371189
143.0,-0.31364042,-1.6089035,8.980651,-0.408058,0.32498032,-0.18081611
151.0,-0.47405192,-1.8866309,8.820239,-0.52656585,0.32375857,-0.11362094
162.0,-0.45010993,-2.0685902,8.750807,-0.5558874,0.30909783,-0.15760323
172.0,-0.4405331,-2.1643584,8.726865,-0.56077427,0.2919936,-0.25045475
182.0,-0.36631286,-2.2720973,8.645462,-0.55955255,0.28221974,-0.30176744
192.0,-0.23223756,-2.255338,8.678981,-0.5448918,0.27488935,-0.33475417
203.0,-0.34715924,-2.2840683,8.731653,-0.5412266,0.2761111,-0.3885103
212.0,-0.30166942,-2.315193,8.717288,-0.56321776,0.27977628,-0.44959682
224.0,-0.23463176,-2.3511062,8.674192,-0.59498274,0.29443705,-0.5045747
232.0,-0.260968,-2.3175871,8.619126,-0.61453044,0.3005457,-0.5546656
242.0,-0.20350714,-2.3535004,8.590396,-0.6230826,0.30176744,-0.61575216
251.0,-0.20590134,-2.384625,8.556877,-0.6401868,0.30543262,-0.6927212
263.0,-0.19632454,-2.4133554,8.628703,-0.67073005,0.31398472,-0.7648033
273.0,-0.17477672,-2.4827871,8.485051,-0.7122689,0.32986724,-0.82833326
282.0,-0.088585466,-2.6671407,8.341399,-0.7635816,0.33475417,-0.8979719
292.0,-0.12210429,-2.7820623,8.135497,-0.8222246,0.3481932,-0.97249746
303.0,-0.30406362,-2.743755,7.872135,-0.8723156,0.36285394,-1.0372492
312.0,-0.5554548,-2.7389667,7.66384,-0.9126327,0.35430184,-1.0946705
325.0,-0.8451532,-2.5474305,7.477092,-0.97005403,0.31520647,-1.1594223
332.0,-1.127669,-2.4133554,7.2687964,-1.0494665,0.27488935,-1.2315043
343.0,-1.412579,-2.4229321,6.9958572,-1.1410962,0.23090707,-1.2864822
352.0,-1.5873557,-2.585738,6.9719152,-1.2266175,0.18692477,-1.3084733
362.0,-1.7142484,-2.956839,7.405266,-1.2596041,0.1685988,-1.3060299
372.0,-1.8962077,-3.9193082,7.93199,-1.219287,0.1685988,-1.2632693
384.0,-1.8411411,-5.1786585,8.645462,-1.0958922,0.15149458,-1.1545353
392.0,-1.8315643,-6.327875,9.337387,-0.91507614,0.103847094,-1.0042624
402.0,-1.8794483,-7.029376,9.947908,-0.72082096,0.04642576,-0.8735373
412.0,-1.9440918,-7.0341644,10.357317,-0.46792278,0.0036651916,-0.6133087
424.0,-1.934515,-7.038953,10.723629,-0.46792278,0.0036651916,-0.6133087
433.0,-2.087744,-7.091625,11.099519,-0.50823987,0.065973446,-0.39950588
444.0,-2.255338,-7.45315,11.434708,-0.65240407,0.15027285,-0.13927728
453.0,-2.3678656,-7.845799,11.626244,-1.0054842,0.38362336,0.43493605
463.0,-2.5785553,-8.441956,11.702858,-1.1117748,0.5216789,0.7305948
473.0,-2.932897,-9.437943,11.518504,-1.1166617,0.6169739,0.9957104
483.0,-3.2273839,-9.32781,11.439496,-1.0396926,0.6927212,1.2315043
493.0,-3.2680852,-9.076419,11.60709,-0.9285152,0.8026769,1.4672983
504.0,-3.1603463,-9.26556,11.86327,-0.7892379,0.9578367,1.7275269
513.0,-2.8299465,-10.0029745,12.528857,-0.59620446,1.1349876,2.021964
524.0,-2.4301147,-10.776301,12.543222,-0.36041048,1.2705997,2.3322835
533.0,-2.0039468,-10.771513,12.258312,-0.11362094,1.3622295,2.6010642
543.0,-1.9321208,-9.737218,11.856087,0.08307768,1.4660766,2.7977629
553.0,-2.0398598,-8.540117,11.279084,0.14538592,1.609019,2.9712486
564.0,-2.135628,-7.577648,10.668563,0.089186326,1.7800614,3.1667254
573.0,-2.0949266,-6.9838862,10.108319,0.0012217305,1.926669,3.3524284
583.0,-2.1260512,-6.2632318,9.459491,-0.04886922,2.0158553,3.4697146
593.0,-2.1428106,-5.327099,8.746018,-0.040317107,2.0561724,3.5124753
603.0,-2.2266076,-4.3478703,8.276755,-0.012217305,2.0891593,3.522249
613.0,-2.2098482,-3.7349546,8.042124,0.008552114,2.122146,3.5344663
627.0,-2.2026656,-3.3854012,7.7691846,0.008552114,2.1319196,3.5515707
637.0,-1.9608512,-3.0310593,7.893683,0.07574729,2.1331415,3.5210273
644.0,-1.7357962,-2.348712,7.6949644,0.25167647,2.0622811,3.313333
656.0,-1.2808979,-1.1061212,6.5984197,0.57787853,1.9376645,2.9236012
665.0,-1.2186487,0.1436521,5.693412,0.9334021,1.8032742,2.5045476
676.0,-1.472434,1.4030021,5.145139,1.1753048,1.6737708,2.2406538
686.0,-2.147599,1.6759412,4.450821,1.105666,1.5625933,2.1355848
695.0,-2.3535004,1.4341269,4.0054994,0.7611381,1.4697418,2.0244074
706.0,-2.456451,0.5602432,3.7565024,0.312763,1.4086553,1.8167132
716.0,-2.7030537,-0.5243302,3.8977604,-0.04520403,1.3439035,1.5882497
726.0,-2.9472623,-1.1540052,4.086902,-0.18448131,1.1936307,1.3683381
735.0,-3.4284968,-1.2808979,4.414908,-0.16126843,0.98349303,1.1472049
746.0,-3.6008794,-1.3192052,4.307169,-0.12950343,0.7635816,0.9114109
756.0,-3.4763808,-1.292869,4.048595,-0.1441642,0.5693264,0.66339964
765.0,-3.2369606,-1.2066777,3.8522706,-0.15760323,0.3811799,0.41783184
776.0,-3.0597897,-1.0103531,3.632004,-0.13072516,0.17592919,0.15027285
787.0,-2.8802247,-0.272939,3.550601,-0.0720821,-0.059864793,-0.14905111
797.0,-2.7006595,0.50996494,3.2968156,-0.018325957,-0.30909783,-0.47525316
806.0,-2.4061728,1.2210429,3.1531637,-0.0012217305,-0.5558874,-0.8222246
817.0,-2.1906946,1.5514427,3.1196449,-0.04153884,-0.79168135,-1.1655309
828.0,-2.0614076,1.5729905,3.1794999,-0.13927728,-1.0042624,-1.491733
837.0,-1.946486,1.4293385,3.4093432,-0.26511553,-1.2009611,-1.8093829
845.0,-1.8531121,1.2617443,3.3686419,-0.4092797,-1.3976597,-2.1429152
856.0,-1.4580688,1.1683705,3.6655228,-0.5143485,-1.5406022,-2.543643
868.0,-0.9935937,0.51475334,4.5082817,-0.56688297,-1.6029104,-2.9345965
876.0,-0.34955344,-0.6560113,5.3366756,-0.6414085,-1.6285667,-3.2424726
886.0,0.1412579,-1.5658079,5.813122,-0.6267477,-1.6676621,-3.5027013
895.0,0.3184288,-2.0638018,6.184223,-0.42638394,-1.7128662,-3.8081338
907.0,0.45968673,-2.2385786,6.38773,-0.096516706,-1.7910569,-4.1587706
917.0,0.6847417,-2.1691468,6.505046,0.25778514,-1.9071213,-4.509407
928.0,1.0606314,-1.8124107,6.7013707,0.5363397,-2.021964,-4.8392744
935.0,1.4915876,-1.7381904,6.8785415,0.68416905,-2.0964894,-5.144707
947.0,2.243367,-1.8555063,7.884106,0.75747293,-2.0525072,-5.4586916
955.0,3.181894,-3.3734303,10.43872,0.7501425,-1.8802432,-5.701816
965.0,3.799598,-5.5282116,10.599131,0.6059783,-1.7580702,-5.706703
976.0,4.134786,-6.703765,9.962274,0.6291912,-1.7214183,-5.6688294
987.0,3.5458126,-6.217742,8.714894,0.86254174,-1.7922786,-5.83132
997.0,2.9759927,-4.620809,8.1402855,1.1545353,-1.9364429,-6.1611867
1006.0,3.2632968,-3.0262709,7.9487495,1.2131784,-2.0744984,-6.4385195
1017.0,4.144363,-2.3247697,8.231265,0.84299403,-2.1025982,-6.514267
1028.0,5.1642933,-2.8634653,8.844181,0.10262536,-1.9914207,-6.393316
1037.0,5.755661,-4.76925,9.433155,-0.72326446,-1.7971655,-6.134309
1046.0,5.6646814,-7.3406224,10.251971,-1.2486086,-1.5247196,-5.8643064
1070.0,5.209783,-10.479421,12.117055,-1.2547172,-1.2449434,-5.6321774
1070.0,4.501099,-13.709199,12.492945,-0.8246681,-1.1716396,-5.341406
1074.0,3.8977604,-15.124172,11.870452,-0.040317107,-1.314582,-4.9919906
1084.0,3.1723173,-14.719552,11.48738,0.8381071,-1.5308284,-4.6865582
1095.0,2.669535,-13.029245,11.092337,1.4844025,-1.709201,-4.447099
1106.0,2.6503813,-11.128249,11.228806,1.7165314,-1.7849482,-4.161214
1114.0,3.181894,-10.129868,11.44189,1.4306464,-1.6994271,-3.6969564
1126.0,3.9432502,-10.45069,12.433089,0.80878556,-1.378112,-3.055548
1135.0,4.0892963,-11.796232,13.084312,0.19547687,-1.0213667,-2.3640485
1146.0,3.9983168,-13.302185,12.921507,-0.13316862,-0.7330383,-1.754405
1156.0,3.3925838,-14.0803,12.787432,-0.16249016,-0.51068336,-1.2644911
1167.0,2.6264393,-14.144943,12.51928,-0.057421334,-0.31520647,-0.84299403
1176.0,1.9656396,-13.295002,11.820174,0.02687807,-0.14172074,-0.43860126
1186.0,1.2425907,-12.26789,11.286267,0.010995574,0.056199603,-0.04520403
1196.0,0.58418524,-11.346122,10.783484,-0.10751228,0.26511553,0.3213151
1206.0,0.12928689,-10.510546,10.287885,-0.2443461,0.46670106,0.65118235
1216.0,-0.2825158,-10.019734,10.189722,-0.3213151,0.8222246,1.2266175
1230.0,-0.521936,-9.9550905,10.278308,-0.3213151,0.8222246,1.2266175
1236.0,-0.35913026,-9.878476,10.412383,-0.24801129,0.9615019,1.4807373
1246.0,0.074220255,-9.830592,10.488997,-0.14172074,1.0836749,1.7116444
1256.0,0.5434838,-9.5385,10.33098,-0.05497787,1.2034045,1.9327776
1268.0,0.8714894,-9.088389,10.517728,-0.065973446,1.4807373,2.406809
1280.0,1.508347,-8.887277,10.694899,-0.14905111,1.640784,2.6670377
1286.0,1.8674773,-9.188946,10.807426,-0.2284636,1.8044959,2.9345965
1297.0,2.1164744,-9.354146,10.764331,-0.25534168,1.9095647,3.1801646
1307.0,2.3439236,-9.229648,10.493786,-0.23945917,1.9840903,3.3793066
1318.0,2.360683,-8.827422,10.340557,-0.2565634,2.0476203,3.5564575
1328.0,2.2218192,-8.669404,10.235212,-0.36285394,2.1416936,3.7531562
1335.0,2.3127987,-8.698134,10.488997,-0.49602258,2.243097,3.9865067
1348.0,2.3080103,-9.181764,10.477027,-0.5729916,2.2956316,4.2223005
1357.0,2.372654,-9.349358,10.213664,-0.5546656,2.289523,4.420221
1366.0,2.4779987,-8.944737,9.770737,-0.47647488,2.26631,4.5619416
1377.0,2.3104045,-8.073248,9.275137,-0.41905355,2.2235496,4.681671
1387.0,2.171541,-7.381324,8.868123,-0.42638394,2.1917844,4.8075094
1396.0,1.9680338,-6.825869,8.583213,-0.51068336,2.171015,4.932126
1407.0,1.757344,-6.31351,8.149862,-0.6230826,2.1209242,5.013982
1416.0,1.6112977,-5.4779334,7.6853876,-0.70005155,2.0647244,5.042082
1428.0,1.3024458,-4.924873,7.491457,-0.7733554,1.990199,5.0665164
1437.0,1.0342951,-4.501099,7.2185183,-0.8539896,1.9193386,5.0897293
1446.0,0.82360536,-4.331111,6.9886746,-0.8881981,1.8460348,5.073847
1458.0,0.60094464,-4.1132383,6.847417,-0.88208944,1.7336355,5.009095
1468.0,0.48841715,-3.2752678,6.459556,-0.8197812,1.5968018,4.891809
1478.0,0.16998832,-2.2361844,6.179435,-0.7049385,1.4648548,4.71588
1486.0,-0.16280572,-1.4460979,6.1243677,-0.65240407,1.3439035,4.511851
1497.0,-0.30166942,-0.93852705,5.896919,-0.73426,1.2290609,4.3004913
1508.0,-0.521936,-0.5554548,5.7508726,-0.84299403,1.1496484,4.05248
1517.0,-0.7326257,-0.6919243,5.877765,-0.89552844,1.0616838,3.7836993
1529.0,-1.0630256,-0.92416185,5.770026,-0.9138544,0.9492846,3.5124753
1536.0,-1.2617443,-0.91937345,5.6551046,-0.86009824,0.82344633,3.2058208
1548.0,-1.4101849,-0.63206923,5.518635,-0.752586,0.6719518,2.8722885
1558.0,-1.6089035,-0.24899697,5.410896,-0.63041294,0.5314528,2.533869
1567.0,-1.6663644,-0.06464344,5.5497594,-0.50946164,0.39950588,2.1844542
1578.0,-1.2617443,0.8834604,6.0142345,-0.3213151,0.28344148,1.7263051
1588.0,-1.0103531,3.0095115,5.717354,-0.02076942,0.089186326,1.097114
1598.0,-1.043872,3.7541082,5.291186,0.118507855,-0.07452556,0.5338962
1606.0,-1.067814,3.0119057,5.00867,-0.061086524,-0.14660765,0.17104226
1618.0,-1.1348516,1.4221559,4.865018,-0.32620203,-0.20891592,-0.119729586
1629.0,-1.1563994,0.16519992,4.8578353,-0.44226643,-0.32742378,-0.4886922
1638.0,-1.079785,-0.5482722,5.0062757,-0.33841935,-0.47403142,-0.9260717
1647.0,-0.9840169,-1.067814,5.269638,-0.10140363,-0.65118235,-1.3182472
1657.0,-0.78290397,-1.1923125,5.461174,0.112399206,-0.84788096,-1.6285667
1667.0,-0.6991069,-0.8762778,5.3079453,0.21746802,-1.0128145,-1.9120082
1676.0,-0.5650316,-0.62967503,5.327099,0.21624629,-1.1154399,-2.1930063
1686.0,-0.48602295,-0.545878,5.377377,0.15515977,-1.1948525,-2.4691174
1696.0,-0.29927522,-0.90261406,5.8442464,0.12339478,-1.2278391,-2.7366762
1708.0,-0.055066638,-2.1021092,6.3182983,0.17715092,-1.2620476,-2.978579
1718.0,-0.074220255,-3.145981,6.567295,0.3359759,-1.3377949,-3.1801646
1728.0,-0.1604115,-3.6774938,6.694188,0.5729916,-1.4563028,-3.376863
1738.0,-0.45250413,-3.5817258,6.8067155,0.82833326,-1.5968018,-3.6089919
1747.0,-0.6392518,-3.5410242,6.909666,0.9981538,-1.7214183,-3.8521163
1757.0,-0.25139117,-3.2154129,7.577648,0.99204516,-1.813048,-4.074471
1767.0,0.016759412,-2.7006595,7.5561004,0.80756384,-1.8655825,-4.246735
1777.0,0.4189853,-3.1196449,8.626308,0.5742133,-1.7690657,-4.393343
1786.0,0.5363012,-4.522647,9.512163,0.3811799,-1.6542231,-4.488638
1797.0,0.6823475,-6.0501475,9.653421,0.29443705,-1.6249015,-4.5081854
1808.0,0.80445176,-6.8641763,9.854534,0.3811799,-1.6126842,-4.5399504
1816.0,0.50996494,-7.491457,9.892841,0.54000485,-1.6505579,-4.601037
1830.0,0.5243302,-7.455544,9.682152,0.65484756,-1.690875,-4.6437974
1839.0,0.33997664,-6.885724,9.588778,0.72326446,-1.7128662,-4.6572366
1847.0,0.06464344,-6.1530986,9.205706,0.72082096,-1.7324139,-4.656015
1857.0,0.06703765,-5.829881,9.794679,0.6719518,-1.6505579,-4.638911
1868.0,0.11252748,-6.5864487,10.390836,0.61575216,-1.5173893,-4.572937
1879.0,0.48841715,-7.1227503,10.800244,0.63285637,-1.4563028,-4.4642034
1889.0,1.2138603,-7.422025,11.403583,0.7318166,-1.3927728,-4.3371434
1898.0,1.5251064,-8.149862,12.016499,0.7476991,-1.314582,-4.157549
1908.0,1.7932571,-8.542512,12.121843,0.6536258,-1.2486086,-3.9461894
1918.0,1.8770541,-8.477868,12.021287,0.54000485,-1.1484267,-3.7531562
1929.0,1.9560628,-7.989451,11.494562,0.453262,-1.0262536,-3.5735617
1938.0,2.1811178,-7.503428,11.358093,0.3885103,-0.8772025,-3.3805282
1949.0,2.3798366,-7.038953,11.178528,0.2883284,-0.7012733,-3.1483996
1959.0,2.3511062,-7.07726,11.085154,0.09040806,-0.5021312,-2.8393016
1968.0,2.3798366,-7.240066,10.5440645,-0.16982053,-0.32986724,-2.4446826
1980.0,2.2385786,-7.7548194,9.94312,-0.42271876,-0.13316862,-2.026851
1988.0,1.6543933,-8.59279,9.41879,-0.6096435,0.065973446,-1.6358972
2000.0,1.2976574,-9.363723,9.227253,-0.70005155,0.21502456,-1.3023647
2009.0,0.6991069,-9.667787,9.121908,-0.6719518,0.31642818,-1.0238101
2018.0,0.079008654,-9.763555,9.14585,-0.32620203,0.30909783,-0.54367006
2030.0,-0.20350714,-9.557653,9.277532,-0.32620203,0.30909783,-0.54367006
2038.0,-0.37110126,-9.074024,9.229648,-0.09896017,0.25167647,-0.3323107
2068.0,-0.48362875,-8.2169,9.038112,0.09040806,0.19303341,-0.15027285
2068.0,-0.36152446,-7.338228,8.918402,0.21380283,0.14049901,0.1160644
2069.0,-0.25617957,-6.4308257,8.710106,0.14172074,0.15149458,0.20891592
2077.0,0.35673606,-5.0254292,8.39886,0.0,0.17959438,0.2883284
2088.0,0.6919243,-4.6686935,8.2169,-0.17348573,0.22235495,0.36285394
2097.0,1.0702082,-4.560954,8.080431,-0.32375857,0.26145032,0.42760566
2109.0,1.4053963,-4.5872903,7.9822683,-0.4129449,0.2919936,0.47403142
2117.0,1.661576,-4.805163,7.9008656,-0.43249258,0.3005457,0.5021312
2130.0,1.8674773,-4.972757,7.735666,-0.3933972,0.28099802,0.5216789
2137.0,2.1068976,-4.939238,7.797915,-0.31887165,0.2687807,0.5326745
2148.0,2.2026656,-5.080496,7.797915,-0.2284636,0.25167647,0.5375614
2158.0,2.3870192,-5.0397944,7.9152308,-0.13927728,0.22479841,0.54000485
2167.0,2.4756045,-4.9057193,7.9367785,-0.062308256,0.20280726,0.5326745
2178.0,2.4349031,-4.7524905,8.157045,-0.010995574,0.19547687,0.516792
2190.0,2.542642,-4.5753193,8.219295,0.0,0.204029,0.49480084
2198.0,2.4636335,-4.489128,8.267179,-0.028099801,0.19425514,0.46670106
2207.0,2.6599581,-4.261679,8.171411,-0.07941248,0.19792034,0.43860126
2220.0,2.7126305,-4.197036,8.14268,-0.13927728,0.21624629,0.4166101
2230.0,2.693477,-4.189853,8.0684595,-0.18081611,0.22724187,0.38362336
2239.0,2.695871,-4.110844,8.037335,-0.20280726,0.21746802,0.34330627
2249.0,2.6647465,-4.1132383,8.027759,-0.21624629,0.21013765,0.31764993
2259.0,2.597709,-4.1060557,8.02297,-0.21868975,0.19914207,0.30176744
2268.0,2.4540567,-4.144363,7.9152308,-0.20280726,0.18203785,0.28099802
2279.0,2.3415294,-4.1922474,7.8888946,-0.17470746,0.1563815,0.25534168
2288.0,2.27928,-4.1802764,7.833828,-0.13072516,0.13194689,0.2284636
2299.0,2.2050598,-4.220978,7.893683,-0.06963864,0.103847094,0.1966986
2310.0,2.1332338,-4.285621,7.9463553,-0.019547688,0.08674286,0.16615535
2320.0,2.0494366,-4.2904096,8.0924015,0.017104227,0.064751714,0.14905111
2328.0,1.99437,-4.321534,8.224083,0.042760566,0.039095376,0.13805555
2338.0,1.946486,-4.3885717,8.209718,0.065973446,0.017104227,0.12217305
2349.0,1.9201498,-4.465186,8.257602,0.09285152,-0.010995574,0.105068825
2359.0,1.958457,-4.489128,8.379706,0.112399206,-0.034208454,0.09773844
2370.0,1.9560628,-4.3502645,8.418014,0.12339478,-0.05497787,0.09285152
2380.0,1.9536686,-4.321534,8.520964,0.10629055,-0.061086524,0.087964594
2390.0,1.9273324,-4.285621,8.535329,0.06963864,-0.059864793,0.08552113
2400.0,1.8842367,-4.3358994,8.532935,0.028099801,-0.05009095,0.081855945
2408.0,1.8698715,-4.414908,8.549694,-0.002443461,-0.040317107,0.073303826
2419.0,1.8171991,-4.5154643,8.540117,-0.019547688,-0.030543262,0.06352998
2431.0,1.8986019,-4.584896,8.463503,-0.02443461,-0.019547688,0.056199603
2440.0,1.9416976,-4.7189717,8.487445,-0.012217305,-0.009773844,0.05009095
2448.0,1.8650831,-4.7500963,8.506598,0.0012217305,0.0,0.05009095
2459.0,1.8411411,-4.7907977,8.492233,0.018325957,0.0036651916,0.056199603
2468.0,1.8148049,-4.84347,8.506598,0.036651913,0.018325957,0.056199603
2479.0,1.7501614,-4.7524905,8.559271,0.057421334,0.030543262,0.05131268
2489.0,1.6807296,-4.7070007,8.549694,0.0720821,0.037873644,0.043982297
2499.0,1.6759412,-4.7620673,8.468291,0.065973446,0.052534413,0.042760566
2510.0,1.6160861,-4.6591167,8.425196,0.05131268,0.06841691,0.035430185
2519.0,1.6687586,-4.6255975,8.365341,0.039095376,0.07819075,0.02565634
2530.0,1.6304513,-4.72376,8.372523,0.02565634,0.09773844,0.02565634
2539.0,1.6065093,-4.6926355,8.319851,0.02443461,0.09896017,0.02565634
2551.0,1.6424223,-4.771644,8.271967,0.032986723,0.095294975,0.02321288
2560.0,1.5275006,-4.663905,8.305486,0.035430185,0.1001819,0.021991149
2569.0,1.5825673,-4.735731,8.257602,0.028099801,0.09773844,0.030543262
2579.0,1.532289,-4.76925,8.264784,0.019547688,0.089186326,0.040317107
2589.0,1.5634137,-4.72376,8.2169,0.021991149,0.07574729,0.039095376
2599.0,1.5945383,-4.7405195,8.279149,0.02321288,0.064751714,0.04153884
2609.0,1.6400281,-4.7381253,8.204929,0.02565634,0.058643065,0.05009095
2619.0,1.5873557,-4.745308,8.180987,0.032986723,0.04642576,0.05497787
2629.0,1.6017209,-4.7500963,8.236053,0.035430185,0.04520403,0.059864793
2640.0,1.5969325,-4.759673,8.238448,0.030543262,0.042760566,0.065973446
2649.0,1.553837,-4.654328,8.2169,0.02565634,0.04153884,0.06719518
2660.0,1.6663644,-4.685453,8.331821,0.02076942,0.039095376,0.073303826
2671.0,1.6136919,-4.759673,8.281544,0.029321533,0.02687807,0.081855945
2679.0,1.5945383,-4.7070007,8.240842,0.047647487,0.02076942,0.08552113
2688.0,1.6041151,-4.6830587,8.394072,0.07086037,0.014660766,0.08552113
2698.0,1.6496049,-4.572925,8.317456,0.0842994,0.009773844,0.0842994
2708.0,1.5705963,-4.5178585,8.312668,0.0842994,0.017104227,0.08552113
2719.0,1.5490485,-4.55856,8.3868885,0.087964594,0.010995574,0.087964594
2731.0,1.5658079,-4.5274353,8.374918,0.09040806,0.002443461,0.08674286
2739.0,1.5873557,-4.546589,8.384495,0.08307768,-0.002443461,0.0842994
2749.0,1.5753847,-4.4819455,8.456321,0.057421334,-0.0061086523,0.08552113
2759.0,1.5777789,-4.5657425,8.389283,0.018325957,-0.018325957,0.08552113
2771.0,1.5490485,-4.5992613,8.4108305,-0.02443461,-0.012217305,0.081855945
2780.0,1.5849615,-4.618415,8.295909,-0.05497787,0.0036651916,0.07574729
2791.0,1.5562311,-4.546589,8.293514,-0.06719518,-0.007330383,0.073303826
2801.0,1.5777789,-4.630386,8.173804,-0.06963864,-0.013439035,0.06352998
2810.0,1.5993267,-4.6495395,8.190564,-0.05131268,-0.012217305,0.042760566
2820.0,1.553837,-4.606444,8.202535,0.008552114,-0.017104227,0.021991149
2831.0,1.541866,-4.596867,8.408437,0.008552114,-0.017104227,0.021991149
2839.0,1.5801731,-4.6351743,8.408437,0.009773844,-0.017104227,0.017104227
2850.0,1.6591818,-4.6160207,8.432379,0.013439035,-0.009773844,0.007330383
2859.0,1.7070658,-4.6279917,8.360553,0.02076942,-0.008552114,0.002443461
2869.0,1.661576,-4.5681367,8.379706,0.05009095,-0.018325957,0.0036651916
2881.0,1.6711528,-4.5801077,8.406042,0.07086037,-0.014660766,0.0
2890.0,1.6017209,-4.489128,8.413225,0.08552113,-0.018325957,-0.0061086523
2899.0,1.5825673,-4.4244847,8.4826565,0.07941248,-0.017104227,-0.012217305
2912.0,1.6232687,-4.3957543,8.422802,0.05009095,-0.0061086523,-0.015882496
2922.0,1.5131354,-4.489128,8.408437,0.019547688,-0.0036651916,-0.013439035
2933.0,1.5634137,-4.5418005,8.334216,0.0061086523,0.0012217305,-0.018325957
2939.0,1.5705963,-4.4939165,8.317456,0.010995574,0.0012217305,-0.02565634
2949.0,1.5466543,-4.537012,8.346188,0.02321288,-0.002443461,-0.028099801
2961.0,1.4820108,-4.5058875,8.396465,0.030543262,0.0061086523,-0.02565634
2969.0,1.5729905,-4.5896845,8.429984,0.032986723,0.014660766,-0.019547688
2978.0,1.5777789,-4.630386,8.425196,0.040317107,0.009773844,-0.012217305
2989.0,1.5155296,-4.6591167,8.4108305,0.052534413,0.010995574,-0.007330383
2998.0,1.4652514,-4.6782703,8.475474,0.06841691,0.012217305,-0.002443461
3009.0,1.484405,-4.6710877,8.429984,0.0842994,-0.002443461,-0.002443461
