35.0,0.18674773,-1.496376,9.375694,0.0061086523,-0.02076942,0.0
46.0,0.093373865,-1.8938135,9.481039,0.16615535,0.14049901,-0.08552113
50.0,-0.0047884034,-2.0398598,9.526528,-0.05497787,-0.23335053,-0.27977628
58.0,0.29688102,-1.8507179,9.483433,-0.18203785,-0.344528,-0.3481932
70.0,0.21068975,-1.8435353,9.583989,-0.16982053,0.5216789,-0.13439035
79.0,0.7350199,-2.348712,9.660604,-0.35796702,0.6426302,-0.15515977
89.0,0.39983168,-2.087744,10.029311,-0.44959682,0.56321776,-0.17837265
99.0,0.38067806,-1.6136919,10.34774,-0.43004912,0.45204028,-0.36774087
108.0,0.39983168,-1.1731589,10.58716,-0.45448375,0.52778757,-0.516792
118.0,0.48362875,-1.1324574,10.70687,-0.6084218,0.63163465,-0.6047566
130.0,0.6512229,-1.7070658,10.670957,-0.8539896,0.7611381,-0.6206391
138.0,0.6847417,-2.4971523,10.601525,-1.0873401,0.8943067,-0.5766568
149.0,0.521936,-3.229778,10.85531,-1.2425,1.0189233,-0.548557
159.0,0.22505496,-4.1395745,11.013328,-1.2974777,1.1630874,-0.52778757
170.0,0.1436521,-4.8338933,11.039664,-1.2705997,1.2718215,-0.47158796
179.0,-0.11492168,-4.9105077,11.058818,-1.2131784,1.3536774,-0.39095375
190.0,-0.7589619,-4.6830587,10.953473,-1.1704178,1.4245378,-0.312763
205.0,-1.352724,-4.462792,10.67814,-1.1911873,1.4941764,-0.2443461
209.0,-1.8698715,-4.175488,10.357317,-1.2913691,1.5699236,-0.1600467
219.0,-2.3104045,-4.098873,9.919178,-1.4184291,1.6395624,-0.047647487
228.0,-2.6048915,-4.096479,9.495404,-1.536937,1.6835446,0.07574729
240.0,-3.0190883,-4.213795,9.052477,-1.6358972,1.6969837,0.19425514
251.0,-3.2585084,-4.4436383,8.611943,-1.709201,1.6945401,0.3042109
258.0,-3.490746,-5.221754,8.520964,-1.704314,1.6957619,0.4202753
270.0,-3.6535518,-6.1195793,8.6095495,-1.3695599,1.7079792,0.72082096
278.0,-3.6535518,-6.775591,8.836999,-1.3695599,1.7079792,0.72082096
290.0,-3.5673606,-7.098808,8.880095,-0.59742624,1.6554449,0.91507614
299.0,-3.53863,-6.0357823,8.35337,-0.18936823,1.5625933,0.9786061
310.0,-3.6703112,-4.8267107,7.8505874,0.07941248,1.4697418,1.0115929
319.0,-3.8283286,-3.6966474,7.467515,0.08307768,1.4587462,1.0372492
329.0,-3.8953662,-3.1268275,7.2568254,-0.172264,1.5222762,1.0775663
339.0,-3.7110126,-3.3063924,7.2687964,-0.5693264,1.613906,1.1239921
350.0,-3.8163576,-4.060566,7.3406224,-1.0030408,1.749518,1.1911873
359.0,-3.7349546,-4.900931,7.240066,-1.3842206,1.8606955,1.2803736
371.0,-3.6942532,-5.1116204,6.9288197,-1.6187929,1.8997909,1.3634512
379.0,-3.7301662,-5.130774,6.5002575,-1.640784,1.894904,1.391551
390.0,-3.7684734,-4.620809,6.136339,-1.4978416,1.844813,1.3585643
399.0,-3.8881836,-3.9552212,5.4420204,-1.2938126,1.7605137,1.2852604
409.0,-4.1515455,-3.4213142,5.1116204,-1.1032226,1.6749926,1.2046263
419.0,-4.441244,-2.96881,4.8745947,-0.95539325,1.6151277,1.1410962
430.0,-4.596867,-2.731784,4.618415,-0.82344633,1.5271631,1.0836749
440.0,-4.6016555,-2.2888567,4.441244,-0.6963864,1.3939945,1.0067059
450.0,-4.5681367,-1.922544,4.537012,-0.6072,1.2498302,0.88453287
459.0,-4.510676,-1.7549498,4.5777135,-0.6230826,1.1362094,0.7367035
471.0,-4.4795513,-1.8866309,4.72376,-0.7538077,1.0274754,0.6010914
479.0,-4.5394063,-2.135628,4.9296613,-0.96761054,0.9236283,0.48624873
491.0,-4.711789,-2.5330653,4.9296613,-1.1850786,0.8197812,0.38973203
499.0,-4.9296613,-2.9951463,4.606444,-1.3487904,0.70249504,0.29932398
510.0,-5.0038815,-3.1364043,4.5418005,-1.409877,0.5705481,0.19058995
519.0,-4.948815,-3.0071173,4.378995,-1.2986995,0.4202753,0.043982297
530.0,-4.747702,-2.7581203,4.5920787,-1.0213667,0.23701571,-0.13072516
539.0,-4.560954,-2.4660277,4.654328,-0.71593404,0.04642576,-0.29443705
551.0,-4.2401314,-2.2864625,4.972757,-0.5119051,-0.112399206,-0.43493605
559.0,-3.9671922,-2.3511062,5.542577,-0.42271876,-0.21868975,-0.5815437
571.0,-3.9121256,-2.7389667,6.05733,-0.42149702,-0.27366763,-0.73914695
579.0,-3.6846764,-3.2609026,6.2584434,-0.44593164,-0.2919936,-0.89675015
590.0,-3.7301662,-3.5482068,6.2728086,-0.38606682,-0.31887165,-1.0531317
600.0,-3.5889084,-3.4045548,5.8586116,-0.18692477,-0.39828414,-1.2217305
611.0,-3.394978,-3.0909145,5.6407394,0.10751228,-0.51923543,-1.423316
619.0,-3.265691,-2.6168625,5.470751,0.376293,-0.64873886,-1.6468927
630.0,-3.0142999,-2.1212628,5.2504845,0.47769663,-0.7501425,-1.8399261
639.0,-2.755726,-1.5658079,4.853047,0.43127087,-0.8258898,-2.0097466
650.0,-2.4995465,-1.4580688,4.6016555,0.3323107,-0.88697636,-2.1991148
659.0,-2.2601264,-1.3503298,4.3119574,0.25167647,-0.9407325,-2.420248
672.0,-1.8602947,-1.4987702,4.6806645,0.21624629,-0.9969321,-2.6584857
679.0,-1.508347,-2.6312277,5.4922986,0.23823744,-1.0225884,-2.8906143
690.0,-1.1061212,-4.2760444,5.920861,0.26633725,-1.0152581,-3.0653217
699.0,-0.6871359,-5.767632,6.5601125,0.2406809,-1.0189233,-3.1422908
711.0,-0.91219085,-7.81228,7.338228,0.27366763,-0.99204516,-3.1606169
721.0,-1.2617443,-10.014946,7.529764,0.4288274,-0.9431759,-3.1264083
733.0,-1.5921441,-11.271901,7.5082164,0.7110472,-0.9443977,-3.0250046
741.0,-1.8363527,-11.501745,7.750031,1.2180653,-1.0213667,-2.9089403
752.0,-2.078167,-10.903194,7.788338,1.9352211,-1.1533136,-2.8441887
763.0,-1.8483237,-9.502586,7.9846625,2.5937338,-1.3646729,-2.814867
774.0,-1.4413095,-8.1163435,8.564059,2.8576276,-1.5589281,-2.756224
782.0,-0.9720459,-7.57286,9.174581,2.5350907,-1.5784758,-2.6145031
793.0,-0.6368576,-8.123527,9.957485,1.6933185,-1.3891076,-2.3554964
802.0,-0.8379706,-9.519346,10.228029,0.60231316,-1.0396926,-1.9889772
811.0,-1.364695,-10.699687,10.177752,-0.39095375,-0.6963864,-1.5748106
821.0,-2.1811178,-11.901577,10.065224,-1.0262536,-0.43982297,-1.2070698
833.0,-2.837129,-12.555194,9.634268,-1.2852604,-0.27000242,-0.89675015
842.0,-3.406949,-12.509704,9.112331,-1.2681563,-0.17837265,-0.6035349
854.0,-3.8402996,-11.748347,8.779537,-1.028697,-0.15149458,-0.3323107
862.0,-4.06296,-10.606314,8.520964,-0.6743952,-0.14905111,-0.11728613
874.0,-4.120421,-9.425972,8.48984,-0.35308012,-0.13072516,0.061086524
883.0,-4.036624,-8.659827,8.401254,-0.14905111,-0.058643065,0.23090707
892.0,-3.7445314,-8.243237,8.358158,-0.062308256,0.058643065,0.4007276
901.0,-3.2609026,-8.286332,8.50181,-0.02687807,0.20280726,0.56199604
914.0,-3.0262709,-8.561666,8.535329,0.014660766,0.3359759,0.7049385
923.0,-2.7461493,-8.738836,8.51857,0.059864793,0.4569272,0.84665924
933.0,-2.6048915,-8.74123,8.520964,0.111177474,0.5558874,0.9859365
941.0,-2.5737667,-8.619126,8.3821,0.1563815,0.66339964,1.1117748
953.0,-2.4875755,-8.171411,8.324639,0.16615535,0.7330383,1.2266175
963.0,-2.5354595,-7.603985,8.166622,0.13072516,0.79534656,1.3292428
975.0,-2.4851813,-7.395689,8.243237,0.052534413,0.87964594,1.4135422
981.0,-2.4420857,-7.345411,8.238448,-0.073303826,0.9663888,1.4966198
992.0,-2.3223755,-7.4483614,8.274361,-0.23701571,1.0396926,1.600467
1002.0,-2.2218192,-7.800309,8.341399,-0.39095375,1.1191051,1.7140878
1012.0,-2.1667526,-8.145074,8.049306,-0.4813618,1.1728612,1.8191566
1022.0,-2.0374656,-8.255207,7.675811,-0.45937067,1.17897,1.9181169
1035.0,-1.9608512,-7.9272017,7.2831616,-0.31031954,1.1386528,1.9963076
1042.0,-2.0111294,-7.3765354,6.8641763,-0.12705997,1.0775663,2.0463986
1076.0,-2.0039468,-6.9383965,6.8091097,-0.02565634,1.0348058,2.0964894
1076.0,-2.042254,-6.5601125,6.655881,-0.034208454,1.028697,2.1673498
1076.0,-2.207454,-6.1938,6.615179,-0.22602014,0.9773844,2.307849
1085.0,-2.372654,-5.74369,6.5361705,-0.22602014,0.9773844,2.307849
1092.0,-2.6671407,-5.4899044,6.229713,-0.40317106,0.9456194,2.3726006
1102.0,-2.813187,-4.936844,5.815516,-0.61941737,0.9114109,2.4019222
1111.0,-2.9783869,-4.2521024,5.4324436,-0.83077675,0.8454375,2.389705
1121.0,-3.1986535,-3.7684734,5.1140146,-1.0042624,0.77946407,2.3542747
1131.0,-3.4955344,-2.8203697,4.709395,-1.2864822,0.6267477,2.1551325
1141.0,-3.454833,-2.585738,4.5537715,-1.409877,0.5448918,1.990199
1153.0,-3.4284968,-2.6048915,4.5753193,-1.5100589,0.47036624,1.8142698
1162.0,-3.4859576,-2.7485435,4.2760444,-1.5552629,0.41783184,1.632232
1173.0,-3.41892,-3.040636,4.1659107,-1.5039502,0.33841935,1.4367551
1182.0,-3.2944214,-3.335123,4.510676,-1.319469,0.26633725,1.2070698
1193.0,-3.3063924,-3.7110126,4.6375685,-0.9957104,0.20525073,0.9578367
1202.0,-3.2130187,-3.6774938,4.606444,-0.61208695,0.09896017,0.7367035
1214.0,-3.2010477,-3.241749,4.7429137,-0.21013765,-0.02076942,0.52290064
1223.0,-3.1866825,-2.765303,4.927267,0.16615535,-0.111177474,0.2687807
1234.0,-3.145981,-2.1523874,4.453215,0.43860126,-0.19547687,-0.015882496
1244.0,-3.0071173,-1.7549498,4.5322237,0.6169739,-0.26267207,-0.35308012
1253.0,-2.9831753,-1.4197617,4.522647,0.7867944,-0.28710666,-0.72082096
1262.0,-2.8634653,-1.6879122,4.948815,0.9822713,-0.33964106,-1.0299188
1276.0,-2.6647465,-2.7581203,5.41329,1.1899655,-0.40194935,-1.2498302
1282.0,-2.2170308,-4.321534,5.8634,1.2608259,-0.43371433,-1.3988814
1293.0,-2.1499932,-5.793968,6.375759,1.1753048,-0.44226643,-1.4844025
1302.0,-2.3702598,-6.6295447,6.7205243,1.0531317,-0.42271876,-1.5271631
1314.0,-2.741361,-6.682217,7.0221934,1.0201449,-0.4801401,-1.5858061
1327.0,-3.1028855,-6.3805475,7.2089415,1.0714576,-0.56077427,-1.6859881
1333.0,-3.4213142,-6.105214,7.252037,1.0910053,-0.6291912,-1.7898352
1341.0,-3.4596214,-5.9543796,7.405266,0.98837996,-0.6658431,-1.8509218
1356.0,-3.6774938,-5.9998693,7.4986396,0.79901177,-0.63285637,-1.9022343
1361.0,-3.7469256,-6.2823853,7.381324,0.5900958,-0.6035349,-1.9669861
1376.0,-3.8666358,-6.5601125,6.9527617,0.41783184,-0.54244834,-2.01219
1382.0,-4.197036,-6.8569937,6.7372837,0.45081854,-0.4447099,-2.0305161
1394.0,-4.295198,-6.847417,6.5337763,0.7257079,-0.4886922,-2.0696115
1402.0,-4.2904096,-6.6630635,6.3709707,1.1081096,-0.6133087,-2.1600194
1414.0,-4.271256,-6.2752028,6.691794,1.473407,-0.6951646,-2.2626448
1421.0,-4.31914,-5.8346696,7.0006456,1.7702875,-0.7611381,-2.3261747
1434.0,-4.1132383,-5.547365,7.311892,1.9486601,-0.8417723,-2.3738225
1443.0,-3.7253778,-5.2768207,7.7548194,2.008525,-0.88697636,-2.3945918
1455.0,-3.2106245,-4.8362875,7.9583263,2.0427334,-0.91507614,-2.3689353
1463.0,-2.755726,-4.2880154,8.238448,2.0635028,-1.0030408,-2.3237314
1475.0,-2.018312,-4.2042184,8.111555,1.9254472,-1.1142182,-2.1978931
1484.0,-1.532289,-4.5082817,8.202535,1.53205,-1.0848967,-1.9547688
1493.0,-1.460463,-4.735731,8.413225,0.98471475,-0.88697636,-1.7055358
1503.0,-1.7286136,-5.3127337,8.59279,0.41538838,-0.63529986,-1.4856243
1515.0,-2.1092918,-6.1219735,8.92319,-0.12339478,-0.3555236,-1.2449434
1523.0,-2.5450363,-6.8881183,9.150639,-0.5558874,-0.095294975,-1.0091494
1534.0,-2.7102363,-7.66384,8.973468,-0.86742866,0.07452556,-0.77946407
1543.0,-2.9376855,-8.348581,8.772355,-1.0494665,0.16615535,-0.52534413
1554.0,-3.1890767,-8.805874,8.485051,-1.0824533,0.21013765,-0.2761111
1562.0,-3.3063924,-8.6813755,8.2169,-0.9981538,0.22479841,-0.073303826
1576.0,-3.2968156,-8.568848,8.008605,-0.8527679,0.21380283,0.07819075
1582.0,-3.2130187,-8.152257,7.740454,-0.7122689,0.17348573,0.21502456
1593.0,-3.2130187,-7.2687964,7.630321,-0.593761,0.15760323,0.27000242
1603.0,-3.0119057,-6.5146227,7.4387846,-0.5119051,0.13316862,0.27977628
1613.0,-2.8898015,-6.0285997,7.2927384,-0.49235737,0.11728613,0.34697145
1623.0,-2.7222073,-5.861006,7.089231,-0.51923543,0.12217305,0.408058
1634.0,-2.5929205,-5.710171,7.086837,-0.5546656,0.13194689,0.44593164
1644.0,-2.4660277,-5.530606,6.9886746,-0.5681047,0.13683382,0.46914452
1654.0,-2.3918076,-5.6000376,7.015011,-0.5571091,0.13316862,0.47525316
1663.0,-2.3702598,-5.791574,7.074866,-0.5363397,0.1282817,0.47158796
1675.0,-2.2385786,-5.920861,7.005434,-0.5143485,0.13194689,0.47158796
1682.0,-2.1164744,-6.105214,7.1155677,-0.47158796,0.12705997,0.46303585
1695.0,-2.1404164,-6.337452,7.1849995,-0.40561453,0.12339478,0.44593164
1702.0,-2.0638018,-6.3709707,7.1059904,-0.31887165,0.10262536,0.42394048
1713.0,-1.958457,-6.397307,7.2328835,-0.21380283,0.07696902,0.39828414
1723.0,-1.9560628,-6.3230867,7.264008,-0.10140363,0.062308256,0.3652974
1733.0,-1.8794483,-6.1530986,7.326257,0.004886922,0.05131268,0.32986724
1744.0,-1.7405846,-5.971139,7.3669586,0.09407325,0.032986723,0.2968805
1756.0,-1.7142484,-5.777209,7.443573,0.14538592,0.02321288,0.27122417
1763.0,-1.6256629,-5.5521536,7.4244194,0.15271631,0.029321533,0.24801129
1776.0,-1.5658079,-5.568913,7.4842744,0.12339478,0.036651913,0.2284636
1782.0,-1.5969325,-5.4779334,7.395689,0.06841691,0.057421334,0.2125811
1795.0,-1.5921441,-5.590461,7.40766,0.018325957,0.059864793,0.19547687
1803.0,-1.6448165,-5.638345,7.359776,-0.019547688,0.056199603,0.17959438
1815.0,-1.7884687,-5.7628436,7.374141,-0.05009095,0.06352998,0.17104226
1823.0,-1.8722657,-5.865794,7.28795,-0.064751714,0.05497787,0.16493362
1835.0,-1.9608512,-5.8681884,7.3047094,-0.06719518,0.04886922,0.16126843
1843.0,-2.0805612,-5.9687448,7.2352777,-0.05009095,0.036651913,0.15393804
1854.0,-2.0709844,-5.973533,7.2927384,-0.014660766,0.02443461,0.14538592
1863.0,-2.1787236,-6.007052,7.252037,0.029321533,0.013439035,0.14049901
1876.0,-2.111686,-6.081272,7.249643,0.06963864,-0.0061086523,0.13439035
1883.0,-2.1452048,-6.0764837,7.1849995,0.09162979,-0.004886922,0.13072516
1894.0,-2.219425,-5.971139,7.1945763,0.10873401,-0.019547688,0.12583824
1903.0,-2.2625206,-5.78918,7.275979,0.12583824,-0.02321288,0.112399206
1915.0,-2.2601264,-5.767632,7.2568254,0.13683382,-0.017104227,0.103847094
1923.0,-2.3319526,-5.899313,7.314286,0.13805555,-0.013439035,0.10262536
1936.0,-2.291251,-5.9783216,7.33344,0.13072516,-0.012217305,0.105068825
1943.0,-2.360683,-6.007052,7.273585,0.12095132,0.002443461,0.103847094
1954.0,-2.3295584,-6.009446,7.3310456,0.118507855,0.009773844,0.10140363
1965.0,-2.3630772,-5.9160724,7.2209125,0.11362094,0.015882496,0.080634214
1974.0,-2.303222,-5.8921304,7.07726,0.1001819,0.02321288,0.06963864
1983.0,-2.3319526,-5.9424086,7.079654,0.081855945,0.04642576,0.06719518
1996.0,-2.2984335,-5.98311,7.1347213,0.07452556,0.057421334,0.065973446
2003.0,-2.2984335,-5.98311,7.129933,0.07941248,0.06963864,0.06719518
2014.0,-2.3558946,-5.9567738,7.156269,0.09162979,0.06352998,0.06963864
2023.0,-2.2888567,-5.8921304,7.1514807,0.09162979,0.06352998,0.0720821
2035.0,-2.3175871,-5.932832,7.141904,0.07941248,0.0720821,0.07941248
2066.0,-2.360683,-5.899313,7.165846,0.065973446,0.07696902,0.087964594
2066.0,-2.3894134,-5.899313,7.189788,0.059864793,0.057421334,0.09040806
2066.0,-2.4612393,-5.693412,7.16824,0.057421334,0.05131268,0.08307768
2073.0,-2.4301147,-5.659893,7.101202,0.04520403,0.058643065,0.07452556
2082.0,-2.4349031,-5.6096144,7.1107793,0.02443461,0.04520403,0.06841691
2093.0,-2.4851813,-5.7029886,7.00304,-0.002443461,0.032986723,0.062308256
2102.0,-2.4516625,-5.8442464,7.026982,-0.02321288,0.02687807,0.062308256
2115.0,-2.4899697,-5.887342,7.0581064,-0.02076942,0.010995574,0.061086524
2122.0,-2.4612393,-5.889736,7.053318,0.002443461,-0.002443461,0.05131268
2132.0,-2.4492683,-5.781997,7.132327,0.036651913,-0.02076942,0.043982297
2142.0,-2.44448,-5.755661,7.1083846,0.06963864,-0.058643065,0.036651913
2153.0,-2.303222,-5.74369,7.141904,0.08552113,-0.06841691,0.03176499
2163.0,-2.3535004,-5.710171,7.153875,0.089186326,-0.07574729,0.02687807
2175.0,-2.3175871,-5.7389016,7.2185183,0.08552113,-0.07819075,0.021991149
2185.0,-2.291251,-5.674258,7.1466923,0.07574729,-0.07696902,0.019547688
2194.0,-2.2960393,-5.7029886,7.2185183,0.06352998,-0.07574729,0.015882496
2204.0,-2.2601264,-5.7628436,7.2568254,0.05009095,-0.07696902,0.014660766
2215.0,-2.2409728,-5.8322754,7.299921,0.040317107,-0.06963864,0.017104227
2223.0,-2.2864625,-5.8825536,7.2831616,0.04153884,-0.06963864,0.012217305
2235.0,-2.3463178,-5.803545,7.4148426,0.05009095,-0.062308256,0.004886922
2243.0,-2.2816741,-5.839458,7.505822,0.057421334,-0.057421334,0.004886922
2255.0,-2.255338,-5.887342,7.477092,0.057421334,-0.05497787,0.010995574
2264.0,-2.2816741,-5.827487,7.398083,0.05009095,-0.05375614,0.014660766
2276.0,-2.2457612,-5.731719,7.405266,0.035430185,-0.043982297,0.010995574
2283.0,-2.3080103,-5.7269306,7.3885064,0.021991149,-0.030543262,0.009773844
2296.0,-2.3415294,-5.7963624,7.347805,0.007330383,-0.029321533,0.014660766
2305.0,-2.396596,-5.705383,7.3430166,-0.0036651916,-0.017104227,0.013439035
2315.0,-2.3343468,-5.7389016,7.3430166,-0.0061086523,-0.019547688,0.010995574
2323.0,-2.3798366,-5.7484784,7.393295,-0.0036651916,-0.012217305,0.012217305
2334.0,-2.372654,-5.8226986,7.323863,0.004886922,-0.012217305,0.019547688
2343.0,-2.3558946,-5.861006,7.3310456,0.018325957,-0.014660766,0.02565634
2355.0,-2.3223755,-5.8681884,7.410054,0.036651913,-0.02565634,0.028099801
2363.0,-2.3080103,-5.8634,7.395689,0.05497787,-0.021991149,0.03176499
2375.0,-2.3104045,-5.7843914,7.371747,0.07086037,-0.02321288,0.039095376
2383.0,-2.3319526,-5.74369,7.410054,0.07574729,-0.02321288,0.047647487
2395.0,-2.3343468,-5.717354,7.3765354,0.065973446,-0.02443461,0.05131268
2403.0,-2.3989902,-5.74369,7.445967,0.05009095,-0.012217305,0.05375614
2417.0,-2.3463178,-5.753267,7.4268136,0.039095376,-0.007330383,0.059864793
2425.0,-2.303222,-5.710171,7.422025,0.030543262,-0.007330383,0.06719518
2436.0,-2.3056161,-5.626374,7.491457,0.02565634,-0.010995574,0.06963864
2443.0,-2.2960393,-5.6910176,7.3525934,0.021991149,-0.019547688,0.06841691
2455.0,-2.2266076,-5.5880666,7.3190746,0.013439035,-0.007330383,0.06963864
2463.0,-2.2864625,-5.5162406,7.3047094,0.007330383,-0.010995574,0.0720821
2479.0,-2.3127987,-5.523423,7.381324,0.0036651916,-0.013439035,0.0720821
2484.0,-2.3654714,-5.571307,7.371747,0.0,-0.012217305,0.07086037
2495.0,-2.3295584,-5.595249,7.347805,-0.0036651916,-0.007330383,0.073303826
2505.0,-2.3511062,-5.7245364,7.3789296,-0.007330383,-0.004886922,0.07574729
2516.0,-2.4133554,-5.662287,7.359776,-0.0036651916,-0.004886922,0.073303826
2524.0,-2.4181437,-5.659893,7.3765354,0.010995574,-0.004886922,0.065973446
2537.0,-2.3463178,-5.6790466,7.4148426,0.02565634,-0.0061086523,0.061086524
2545.0,-2.3918076,-5.5497594,7.323863,0.03176499,-0.0036651916,0.05375614
2556.0,-2.348712,-5.602432,7.381324,0.02687807,0.0012217305,0.04642576
2565.0,-2.2744915,-5.614403,7.386112,0.018325957,0.012217305,0.04520403
2575.0,-2.3175871,-5.6407394,7.369353,0.019547688,0.013439035,0.042760566
2585.0,-2.3942018,-5.6551046,7.3669586,0.02565634,0.021991149,0.037873644
2596.0,-2.3391352,-5.580884,7.493851,0.02687807,0.02443461,0.034208454
2604.0,-2.3774424,-5.650316,7.3765354,0.02076942,0.02565634,0.032986723
2616.0,-2.4109612,-5.683835,7.3669586,0.014660766,0.019547688,0.032986723
2624.0,-2.3918076,-5.628768,7.347805,0.013439035,0.02076942,0.028099801
2636.0,-2.4157495,-5.647922,7.3765354,0.013439035,0.014660766,0.021991149
2644.0,-2.4037786,-5.7029886,7.371747,0.0061086523,0.02321288,0.02565634
2656.0,-2.336741,-5.568913,7.347805,0.002443461,0.02443461,0.030543262
2666.0,-2.3654714,-5.6096144,7.3549876,0.0061086523,0.019547688,0.028099801
2675.0,-2.3582888,-5.647922,7.2209125,0.007330383,0.014660766,0.02565634
2683.0,-2.4157495,-5.628768,7.264008,0.0036651916,0.009773844,0.02443461
2694.0,-2.4109612,-5.590461,7.285556,-0.004886922,0.012217305,0.02076942
2705.0,-2.4468741,-5.568913,7.252037,-0.009773844,0.007330383,0.015882496
2716.0,-2.384625,-5.710171,7.3286514,-0.012217305,0.010995574,0.012217305
2724.0,-2.4349031,-5.674258,7.326257,-0.010995574,0.004886922,0.012217305
2735.0,-2.384625,-5.6790466,7.3190746,-0.012217305,0.0,0.014660766
2746.0,-2.3630772,-5.686229,7.33344,-0.015882496,-0.0012217305,0.019547688
2756.0,-2.3463178,-5.6000376,7.3310456,-0.019547688,-0.002443461,0.02076942
2764.0,-2.4061728,-5.6646814,7.2711906,-0.02565634,0.0036651916,0.021991149
2778.0,-2.468422,-5.559336,7.311892,-0.019547688,-0.009773844,0.013439035
2784.0,-2.5354595,-5.659893,7.326257,-0.019547688,-0.009773844,0.013439035
2796.0,-2.44448,-5.590461,7.33344,-0.019547688,-0.017104227,0.009773844
2804.0,-2.5019407,-5.705383,7.3549876,-0.019547688,-0.018325957,0.004886922
2815.0,-2.4277205,-5.710171,7.386112,-0.017104227,-0.018325957,0.0036651916
2825.0,-2.456451,-5.66947,7.345411,-0.012217305,-0.018325957,0.0036651916
2836.0,-2.432509,-5.6431336,7.3071036,-0.0036651916,-0.021991149,0.0
2844.0,-2.3894134,-5.650316,7.3765354,0.0061086523,-0.017104227,-0.0012217305
2855.0,-2.408567,-5.659893,7.323863,0.015882496,-0.03176499,-0.002443461
2866.0,-2.4420857,-5.559336,7.374141,0.013439035,-0.02687807,-0.002443461
2877.0,-2.4372973,-5.5617304,7.309498,0.0036651916,-0.019547688,-0.002443461
2884.0,-2.4277205,-5.6551046,7.2352777,-0.0036651916,-0.008552114,-0.0061086523
2896.0,-2.456451,-5.650316,7.3286514,-0.0036651916,-0.007330383,-0.012217305
2905.0,-2.4899697,-5.6670756,7.309498,-0.0036651916,-0.0061086523,-0.014660766
2917.0,-2.456451,-5.6670756,7.3525934,-0.010995574,0.0,-0.013439035
2925.0,-2.4420857,-5.6790466,7.335834,-0.014660766,0.002443461,-0.013439035
2936.0,-2.4133554,-5.626374,7.326257,-0.012217305,0.0,-0.015882496
2945.0,-2.4037786,-5.6910176,7.3885064,-0.0036651916,-0.002443461,-0.012217305
2956.0,-2.4013844,-5.6551046,7.4004774,0.0061086523,-0.014660766,-0.008552114
2966.0,-2.3870192,-5.57849,7.3286514,0.007330383,-0.013439035,-0.010995574
2979.0,-2.4396915,-5.5760956,7.3166804,0.002443461,-0.008552114,-0.010995574
2984.0,-2.4612393,-5.5401826,7.302315,-0.007330383,-0.002443461,-0.009773844
2998.0,-2.4827871,-5.60722,7.3166804,-0.014660766,0.0036651916,-0.008552114
3006.0,-2.4492683,-5.592855,7.3549876,-0.017104227,0.0,-0.010995574
3015.0,-2.4396915,-5.6646814,7.2831616,-0.010995574,-0.0012217305,-0.014660766
