11.0,0.9911995,-1.9057846,9.392453,0.014660766,0.06719518,0.052534413
24.0,1.0247183,-2.0326772,9.349358,0.15027285,0.12461651,-0.07086037
36.0,1.0989386,-2.195483,9.284714,0.014660766,-0.2724459,-0.27366763
37.0,0.9600749,-2.3463178,9.272743,-0.17592919,-0.3323107,-0.34574974
48.0,0.8619126,-2.44448,9.349358,-0.10873401,0.53023106,0.0
63.0,0.6703765,-2.4277205,9.287108,-0.12583824,0.60231316,0.0036651916
68.0,0.7374141,-2.516306,9.428367,-0.13805555,0.47769663,-0.11484267
77.0,0.7134721,-2.219425,9.488221,-0.17837265,0.3481932,-0.26145032
87.0,0.7398083,-2.078167,9.502586,-0.2846632,0.38240165,-0.27977628
97.0,0.7206547,-2.2337902,9.509769,-0.42638394,0.43249258,-0.25534168
108.0,0.7493851,-2.542642,9.370906,-0.51923543,0.48258355,-0.23701571
117.0,0.61770403,-2.6384103,9.435549,-0.54733527,0.5143485,-0.25534168
127.0,0.50278234,-2.8179753,9.504981,-0.5412266,0.535118,-0.27855456
139.0,0.5363012,-2.956839,9.476251,-0.53023106,0.55955255,-0.28588495
148.0,0.545878,-2.9999347,9.394848,-0.52290064,0.57543504,-0.28344148
158.0,0.47405192,-2.992752,9.428367,-0.5216789,0.59498274,-0.27855456
170.0,0.24660277,-2.966416,9.394848,-0.52290064,0.61453044,-0.27488935
177.0,0.20829555,-3.0023289,9.334992,-0.52778757,0.625526,-0.2761111
189.0,0.16280572,-2.944868,9.320627,-0.51923543,0.643852,-0.2932153
198.0,0.06464344,-2.8658595,9.320627,-0.51068336,0.65484756,-0.3213151
208.0,0.0023942017,-2.669535,9.406818,-0.54244834,0.6719518,-0.3408628
217.0,0.038307227,-2.681506,9.41879,-0.6206391,0.70738196,-0.3408628
229.0,0.09816227,-2.8514943,9.267955,-0.72082096,0.7489208,-0.33841935
237.0,0.12689269,-3.0262709,9.186552,-0.80756384,0.8014552,-0.344528
248.0,-0.08379706,-3.2154129,9.181764,-0.8686504,0.8576548,-0.33964106
259.0,-0.20111294,-3.560178,9.303867,-0.9370673,0.9370673,-0.25900686
269.0,-0.34237084,-3.952827,9.346964,-0.9456194,0.9651671,-0.21991149
278.0,-0.581791,-4.232949,9.212888,-0.9419542,0.9737192,-0.1966986
289.0,-0.8834604,-4.0821137,9.184157,-0.9578367,0.98471475,-0.17592919
299.0,-1.1899183,-3.9695864,9.19134,-1.0030408,0.9981538,-0.14172074
309.0,-1.5514427,-4.132392,9.090784,-1.0677924,1.0152581,-0.08674286
318.0,-1.7262194,-4.4125137,8.841787,-1.0934488,1.0445796,-0.028099801
328.0,-2.0326772,-4.5896845,8.734048,-1.0372492,1.0580186,0.032986723
338.0,-2.3439236,-4.8961425,8.611943,-0.91751957,1.0372492,0.10751228
349.0,-2.7341783,-5.068525,8.899248,-0.7696902,0.9993755,0.17959438
358.0,-2.932897,-5.1930237,9.129091,-0.62796944,0.97249746,0.2284636
370.0,-2.9712043,-5.171476,9.263166,-0.52534413,0.94806284,0.2773328
378.0,-2.9879637,-4.9344497,9.414001,-0.49480084,0.9431759,0.35185838
388.0,-3.0334535,-4.84347,9.452309,-0.5375614,0.9663888,0.44226643
398.0,-3.289633,-4.891354,9.617508,-0.61819565,1.0152581,0.5534439
409.0,-3.4644098,-5.267244,10.024523,-0.7049385,1.0885619,0.6976081
418.0,-3.6152446,-5.755661,10.172963,-0.79534656,1.1630874,0.85154617
429.0,-3.5649664,-6.244078,10.089166,-0.8503244,1.210735,0.9810496
438.0,-3.6535518,-6.14831,9.722853,-0.8588765,1.2290609,1.0824533
448.0,-3.5673606,-5.8921304,9.414001,-0.83077675,1.2461652,1.1691961
459.0,-3.560178,-5.619191,9.215282,-0.77946407,1.2681563,1.2363913
471.0,-3.3973722,-5.473145,9.260772,-0.77091193,1.287704,1.3072516
479.0,-3.1651347,-5.6000376,9.28232,-0.8552113,1.3341297,1.4074335
489.0,-2.8898015,-5.693412,9.287108,-0.9443977,1.4013249,1.5308284
498.0,-2.7988217,-6.4260373,9.308656,-0.99204516,1.4636332,1.677436
508.0,-2.834735,-6.9527617,9.248801,-1.0458013,1.4941764,1.8325957
519.0,-2.8898015,-7.0365586,9.13388,-1.0873401,1.518611,1.9523253
529.0,-2.9472623,-7.0102224,8.836999,-1.1129965,1.5442673,2.035403
539.0,-3.1244333,-6.8067155,8.568848,-1.1301007,1.5540411,2.1062634
549.0,-3.2130187,-6.2129536,8.185776,-1.1447614,1.5418239,2.172237
559.0,-3.2800562,-5.6239796,7.7428484,-1.1850786,1.5271631,2.2186625
570.0,-3.3303347,-4.8267107,7.3789296,-1.269378,1.4880677,2.2492058
579.0,-3.2609026,-4.3287168,7.062895,-1.4025466,1.4428637,2.2675319
590.0,-3.2130187,-3.8426938,6.612785,-1.5601498,1.3903292,2.2589796
601.0,-3.3255463,-3.2872388,6.1746464,-1.6823229,1.3133603,2.2162192
610.0,-3.3423057,-3.0095115,5.746084,-1.7434094,1.2034045,2.1368067
621.0,-3.3063924,-2.8754363,5.4324436,-1.7421877,1.0897835,2.0231857
631.0,-3.1842883,-2.7341783,5.185841,-1.6713274,0.9639453,1.881465
642.0,-2.8802247,-2.4540567,5.497087,-1.4660766,0.9077458,1.6786577
652.0,-1.7764976,-1.4676456,6.469133,-0.79290307,0.9492846,1.2449434
662.0,-2.0757728,0.20829555,5.080496,0.61575216,0.6133087,0.66706485
672.0,-2.1188686,-0.088585466,4.3263226,1.8692477,0.087964594,0.3408628
682.0,-2.231396,0.37110126,3.7565024,2.0867157,-0.26389378,0.17837265
691.0,-2.456451,1.3814543,3.3662477,1.500285,-0.46670106,-0.037873644
702.0,-2.4732103,2.0111294,2.9903579,0.6035349,-0.50579643,-0.34208453
714.0,-2.3511062,1.8674773,3.2920272,-0.19303341,-0.45570546,-0.7049385
721.0,-2.243367,0.81881696,3.8642416,-0.7293731,-0.45570546,-1.0567969
731.0,-1.9776106,-0.6464345,4.402937,-0.9761627,-0.5180137,-1.3402383
742.0,-1.3742718,-1.8890251,5.1690817,-0.9407325,-0.59986967,-1.5845845
752.0,-1.0462662,-3.5003228,5.6790466,-0.75625116,-0.66950834,-1.7739527
762.0,-0.7757214,-4.8745947,5.770026,-0.44348818,-0.74281216,-1.9010127
774.0,-0.7038953,-5.60722,5.6790466,0.059864793,-0.829555,-2.0305161
782.0,-0.93373865,-5.913678,5.7005944,0.63285637,-0.9969321,-2.1856759
792.0,-1.2162545,-5.583278,5.7389016,1.0824533,-1.1520919,-2.3652701
802.0,-1.3958195,-4.900931,5.7149596,1.3304645,-1.2791518,-2.5705209
812.0,-1.4796166,-4.050989,5.6120086,1.4135422,-1.3658947,-2.791654
822.0,-1.6256629,-3.3782187,5.683835,1.3976597,-1.423316,-2.9859092
833.0,-1.2042835,-3.229778,5.3438582,1.3878858,-1.4538593,-3.2339206
843.0,-0.062249243,-3.1411927,6.5984197,1.4819591,-1.3732251,-3.6505308
851.0,0.11492168,-3.3854012,8.48984,1.4294246,-1.3439035,-3.876551
862.0,0.4213795,-4.0294414,8.487445,1.1753048,-1.3610078,-3.8362339
873.0,1.2042835,-4.7548847,8.738836,0.9260717,-1.2767084,-3.8276815
881.0,0.7541735,-5.0996494,8.240842,0.75136423,-1.2241739,-3.9278636
892.0,0.48123455,-4.745308,8.061277,0.7244862,-1.2253957,-4.128227
902.0,0.557849,-4.5154643,8.204929,0.64996064,-1.2547172,-4.3542476
913.0,0.90740246,-4.84347,8.255207,0.39095375,-1.1545353,-4.542394
922.0,1.5131354,-6.4787097,9.059659,0.008552114,-0.88331115,-4.6340237
932.0,1.7812861,-8.599973,9.586384,-0.31764993,-0.6462954,-4.586376
941.0,2.006341,-10.493786,9.947908,-0.37873647,-0.46303585,-4.4580946
954.0,1.5873557,-11.700463,10.108319,-0.15271631,-0.3567453,-4.3322563
961.0,0.6871359,-11.360487,10.086772,0.2565634,-0.38240165,-4.274835
973.0,-0.021547815,-10.472239,9.969456,0.625526,-0.45937067,-4.2271876
982.0,-0.079008654,-9.591172,9.964667,0.7440339,-0.46181414,-4.0866885
993.0,0.15322891,-9.3182335,10.084377,0.63407815,-0.41172317,-3.8105774
1003.0,0.33039984,-9.464279,10.196905,0.39095375,-0.35430184,-3.435506
1013.0,0.23702596,-9.888053,10.010158,0.112399206,-0.28099802,-3.042109
1024.0,-0.1604115,-10.290278,9.77792,-0.1600467,-0.18936823,-2.64749
1032.0,-0.89303726,-10.929531,9.437943,-0.42638394,-0.1001819,-2.2174408
1043.0,-1.5921441,-11.765107,8.983045,-0.6719518,-0.042760566,-1.7385225
1073.0,-2.3630772,-12.454638,8.37013,-0.8246681,-0.034208454,-1.2583824
1074.0,-2.801216,-12.976573,7.9152308,-0.7318166,-0.09773844,-0.39828414
1074.0,-3.1914709,-13.048399,7.548918,-0.5045747,-0.17837265,0.0012217305
1080.0,-3.25372,-12.497733,7.216124,-0.24190263,-0.25411993,0.35185838
1093.0,-2.9257145,-11.604695,7.2209125,-0.040317107,-0.2919936,0.6426302
1101.0,-2.5234885,-10.424355,7.1514807,0.028099801,-0.27488935,0.9114109
1111.0,-2.0949266,-9.713276,7.383718,-0.06719518,-0.18325958,1.1850786
1122.0,-1.6783354,-9.488221,7.7572136,-0.27488935,-0.061086524,1.459968
1132.0,-1.2354081,-9.691729,7.8912888,-0.50335294,0.065973446,1.7287487
1142.0,-0.90979666,-9.957485,8.104373,-0.6927212,0.18936823,1.9804251
1151.0,-0.6919243,-10.007763,8.295909,-0.82833326,0.28344148,2.212554
1161.0,-0.60812724,-10.081984,8.475474,-0.9224065,0.3640757,2.4288
1173.0,-0.44532153,-10.189722,8.714894,-1.0042624,0.44715336,2.6438248
1181.0,-0.21068975,-10.15381,8.78672,-1.0592403,0.5326745,2.8527408
1194.0,0.02873042,-10.156203,8.803479,-1.0641272,0.5742133,3.0457742
1202.0,0.19153613,-9.830592,8.746018,-1.0433578,0.59620446,3.2107077
1213.0,0.29209262,-9.471462,8.623915,-1.0360274,0.61941737,3.3377676
1222.0,0.4189853,-9.059659,8.520964,-1.0629056,0.64751714,3.4562755
1232.0,0.51235914,-8.7292595,8.511387,-1.0848967,0.7012733,3.563788
1244.0,0.4213795,-8.2169,8.456321,-1.0482447,0.7098254,3.630983
1254.0,0.4141969,-7.606379,8.310274,-0.99204516,0.68661255,3.6468656
1262.0,0.40462008,-6.9599442,8.082825,-0.97249746,0.6731735,3.6419785
1273.0,0.35673606,-6.4284315,7.97748,-0.9944886,0.66339964,3.6407568
1283.0,0.22266077,-6.007052,7.603985,-1.0348058,0.63407815,3.612657
1292.0,0.15801731,-5.291186,7.371747,-1.0873401,0.5729916,3.5198054
1303.0,-0.055066638,-4.5872903,7.0581064,-1.1814134,0.535118,3.378085
1316.0,-0.25139117,-3.9121256,6.8186865,-1.314582,0.5119051,3.218038
1324.0,-0.4429273,-3.289633,6.5241995,-1.4672983,0.45937067,3.0396655
1333.0,-0.6464345,-2.906561,6.155493,-1.6151277,0.42760566,2.8307495
1343.0,-0.6631939,-2.813187,6.090849,-1.704314,0.43004912,2.6022859
1353.0,-0.8355764,-3.371036,6.0046577,-1.690875,0.43004912,2.3872614
1362.0,-0.94092125,-4.072537,5.971139,-1.5198327,0.38362336,2.1954496
1374.0,-0.60094464,-4.369418,6.2009826,-1.1178834,0.3371976,1.9046779
1383.0,-0.095768064,-3.2920272,6.5505357,-0.4129449,0.27122417,1.4159856
1394.0,-0.1604115,-2.5929205,6.1507044,0.39461896,0.17715092,0.9370673
1404.0,-0.50757074,-2.6048915,5.717354,0.9822713,0.11484267,0.657291
1414.0,-0.9935937,-2.9161377,4.972757,1.2767084,0.019547688,0.49968776
1422.0,-1.2425907,-3.454833,4.5537715,1.4037683,-0.08674286,0.3042109
1433.0,-1.3694834,-3.560178,4.24492,1.4905112,-0.17592919,0.013439035
1441.0,-1.5011644,-3.4596214,4.31914,1.5760323,-0.26145032,-0.29565877
1452.0,-1.376666,-3.406949,4.7046065,1.5980235,-0.35063666,-0.5571091
1462.0,-1.0606314,-3.3303347,5.494693,1.5015068,-0.3848451,-0.77824235
1474.0,-0.830788,-3.5865142,6.129156,1.2901474,-0.37384954,-0.93828905
1483.0,-0.7110779,-4.4819455,6.4667387,1.0433578,-0.36896262,-1.0030408
1494.0,-0.7230489,-5.4922986,6.7923503,0.8173377,-0.36774087,-1.0458013
1502.0,-0.8738836,-6.1770406,6.6606693,0.6646214,-0.36896262,-1.1264355
1513.0,-1.1563994,-6.4499793,6.5481415,0.59498274,-0.3933972,-1.2412782
1522.0,-1.5179238,-6.279991,6.2943563,0.5522222,-0.43860126,-1.382999
1534.0,-1.5873557,-6.021417,6.2632318,0.49968776,-0.43860126,-1.53205
1543.0,-1.6400281,-5.8705826,6.2392898,0.48747048,-0.42638394,-1.6676621
1553.0,-1.7645266,-5.8681884,6.469133,0.5497787,-0.41538838,-1.7849482
1563.0,-1.757344,-6.0501475,6.658275,0.67073005,-0.40317106,-1.8863518
1574.0,-1.7046716,-6.117185,6.739678,0.8503244,-0.42394048,-1.9975294
1583.0,-1.6927006,-5.9878983,6.8330517,1.0458013,-0.44959682,-2.140472
1593.0,-1.6424223,-5.602432,7.041347,1.1899655,-0.45814893,-2.2907448
1603.0,-1.5825673,-5.482722,7.3047094,1.2534955,-0.44104472,-2.4019222
1614.0,-1.6065093,-5.473145,7.3885064,1.2241739,-0.45081854,-2.4642303
1623.0,-1.4796166,-5.6790466,7.6829934,1.0995574,-0.43127087,-2.5216517
1633.0,-1.472434,-6.160281,8.027759,0.9419542,-0.38362336,-2.5534167
1642.0,-1.4317327,-6.564901,8.226477,0.8491027,-0.312763,-2.5460863
1653.0,-1.508347,-6.943185,8.346188,0.87598073,-0.29077184,-2.5399778
1663.0,-1.5059528,-7.0461354,8.4108305,0.9798279,-0.30176744,-2.5644124
1677.0,-1.412579,-6.8929067,8.429984,1.0800097,-0.29932398,-2.5912905
1685.0,-1.3359646,-6.3925185,8.413225,1.1191051,-0.29443705,-2.5876253
1694.0,-1.0295067,-5.98311,8.3629465,1.0848967,-0.267559,-2.5485299
1704.0,-0.80445176,-5.90889,8.329428,0.9810496,-0.21135938,-2.4715607
1714.0,-0.5315128,-5.877765,8.4826565,0.81000733,-0.14782938,-2.375044
1724.0,-0.4405331,-6.0118403,8.463503,0.5925393,-0.06963864,-2.261423
1735.0,-0.39025488,-6.3422403,8.465898,0.38362336,0.028099801,-2.117259
1744.0,-0.45968673,-6.7133417,8.573636,0.23090707,0.119729586,-1.9572122
1755.0,-0.5746084,-6.907272,8.6813755,0.13561209,0.19792034,-1.8044959
1764.0,-0.81402856,-7.1610575,8.698134,0.008552114,0.29565877,-1.5015068
1774.0,-0.9744401,-7.419631,8.597578,0.008552114,0.29565877,-1.5015068
1783.0,-1.0199299,-7.7452426,8.480263,-0.02443461,0.344528,-1.3414601
1796.0,-1.1109096,-7.831434,8.389283,0.004886922,0.35918877,-1.1826351
1803.0,-1.271321,-7.809886,8.305486,0.07086037,0.3555236,-1.0360274
1813.0,-1.4269443,-7.6949644,8.197746,0.14660765,0.34574974,-0.8979719
1824.0,-1.4748282,-7.529764,8.147469,0.20769419,0.31520647,-0.7635816
1834.0,-1.400608,-7.192182,7.967903,0.2284636,0.26267207,-0.5216789
1845.0,-1.3215994,-6.682217,7.764396,0.19058995,0.24923302,-0.4166101
1854.0,-1.2665327,-6.5337763,7.6375036,0.13683382,0.23945917,-0.3213151
1864.0,-1.1300632,-6.469133,7.4962454,0.087964594,0.23823744,-0.2406809
1876.0,-0.8595184,-6.3446345,7.4244194,0.05497787,0.23823744,-0.17470746
1884.0,-0.81881696,-6.373365,7.359776,0.037873644,0.23090707,-0.10751228
1894.0,-0.770933,-6.3422403,7.3190746,0.029321533,0.20647246,-0.040317107
1904.0,-0.6991069,-6.3470287,7.395689,0.02321288,0.1881465,0.014660766
1915.0,-0.5602432,-6.3087215,7.3669586,0.019547688,0.17348573,0.058643065
1924.0,-0.48362875,-6.2943563,7.4603324,0.019547688,0.1685988,0.09896017
1934.0,-0.37349546,-6.3063273,7.479486,0.029321533,0.15882497,0.13439035
1944.0,-0.35673606,-6.179435,7.4507556,0.040317107,0.14782938,0.15882497
1954.0,-0.22266077,-6.1411276,7.469909,0.04153884,0.13194689,0.17592919
1964.0,-0.14844051,-6.0764837,7.5201874,0.02443461,0.13316862,0.1881465
1976.0,-0.023942016,-6.0262055,7.5800424,0.0061086523,0.13072516,0.2003638
1985.0,0.047884032,-5.949591,7.5106106,-0.012217305,0.12339478,0.20525073
1993.0,0.07182605,-5.781997,7.529764,-0.032986723,0.13194689,0.20647246
2005.0,0.12210429,-5.7484784,7.551312,-0.06352998,0.13683382,0.21013765
2017.0,0.17717093,-5.5737014,7.48188,-0.09773844,0.13439035,0.20525073
2024.0,0.2705448,-5.547365,7.4483614,-0.1282817,0.14294247,0.19058995
2035.0,0.17717093,-5.475539,7.4627266,-0.15515977,0.1441642,0.17470746
2059.0,0.17717093,-5.463568,7.445967,-0.17348573,0.13927728,0.16249016
2079.0,0.20829555,-5.4683566,7.515399,-0.18203785,0.13316862,0.14660765
2079.0,0.17717093,-5.494693,7.560889,-0.17959438,0.1282817,0.13072516
2079.0,0.1340753,-5.631162,7.599196,-0.16371189,0.11484267,0.11728613
2081.0,0.12689269,-5.6335564,7.5584946,-0.13927728,0.09773844,0.103847094
2094.0,0.11731588,-5.6551046,7.5321584,-0.119729586,0.07574729,0.08674286
2102.0,0.045489833,-5.530606,7.560889,-0.10995574,0.064751714,0.073303826
2113.0,0.059855044,-5.5760956,7.57286,-0.09773844,0.05009095,0.064751714
2122.0,0.038307227,-5.60722,7.5920134,-0.07941248,0.032986723,0.05497787
2133.0,-0.038307227,-5.5282116,7.553706,-0.062308256,0.019547688,0.042760566
2142.0,-0.021547815,-5.374983,7.61835,-0.05131268,0.004886922,0.03176499
2154.0,0.019153614,-5.3845596,7.6829934,-0.05131268,-0.009773844,0.017104227
2164.0,-0.06464344,-5.255273,7.6351094,-0.0720821,-0.017104227,0.008552114
2176.0,-0.08619126,-5.197812,7.668628,-0.10751228,-0.021991149,0.0012217305
2184.0,-0.12928689,-5.269638,7.69257,-0.13683382,-0.02565634,-0.0036651916
2195.0,-0.076614454,-5.485116,7.728483,-0.14782938,-0.02687807,-0.004886922
2205.0,-0.11971009,-5.6790466,7.78355,-0.13439035,-0.040317107,-0.007330383
2216.0,-0.12449849,-5.722142,7.807492,-0.10995574,-0.05375614,-0.007330383
2225.0,-0.1340753,-5.8322754,7.831434,-0.09162979,-0.056199603,-0.002443461
2235.0,-0.14844051,-5.793968,7.9032598,-0.07819075,-0.061086524,0.002443461
2245.0,-0.1364695,-5.7748146,7.929596,-0.06352998,-0.064751714,0.008552114
2255.0,-0.18195933,-5.753267,7.8793178,-0.05009095,-0.05497787,0.017104227
2264.0,-0.095768064,-5.707777,7.908048,-0.032986723,-0.058643065,0.019547688
2278.0,-0.11492168,-5.7125654,7.989451,-0.02443461,-0.05497787,0.02443461
2286.0,-0.1364695,-5.6766524,8.001422,-0.035430185,-0.05009095,0.035430185
2297.0,-0.11731588,-5.681441,7.9726915,-0.057421334,-0.039095376,0.042760566
2305.0,-0.090979666,-5.6982,8.015787,-0.081855945,-0.019547688,0.04886922
2317.0,-0.1604115,-5.729325,8.042124,-0.103847094,-0.007330383,0.056199603
2326.0,-0.21547815,-5.7245364,8.0445175,-0.118507855,0.002443461,0.062308256
2336.0,-0.12210429,-5.7987566,8.015787,-0.12095132,0.014660766,0.064751714
2344.0,-0.22505496,-5.851429,8.018182,-0.11728613,0.02687807,0.064751714
2356.0,-0.20829555,-5.829881,7.9726915,-0.11484267,0.029321533,0.065973446
2365.0,-0.21787235,-5.8466406,7.989451,-0.10873401,0.035430185,0.06719518
2376.0,-0.33518824,-5.813122,7.9942393,-0.096516706,0.02687807,0.065973446
2384.0,-0.29448682,-5.9160724,7.9128366,-0.08552113,0.02321288,0.061086524
2396.0,-0.2633622,-5.8586116,7.8888946,-0.07086037,0.021991149,0.04886922
2405.0,-0.23463176,-5.81791,7.8769236,-0.059864793,0.02076942,0.037873644
2414.0,-0.2777274,-5.767632,7.752425,-0.05497787,0.017104227,0.036651913
2424.0,-0.22026655,-5.681441,7.723695,-0.04520403,0.028099801,0.034208454
2435.0,-0.24899697,-5.81791,7.7213006,-0.028099801,0.028099801,0.032986723
2445.0,-0.24660277,-5.777209,7.690176,-0.010995574,0.030543262,0.03176499
2457.0,-0.21787235,-5.765238,7.6710224,0.002443461,0.036651913,0.02321288
2464.0,-0.25378537,-5.74369,7.73806,0.008552114,0.030543262,0.015882496
2477.0,-0.21787235,-5.758055,7.702147,0.007330383,0.021991149,0.012217305
2486.0,-0.15083471,-5.7484784,7.630321,-0.0012217305,0.034208454,0.012217305
2494.0,-0.17238252,-5.8203044,7.666234,0.002443461,0.028099801,0.014660766
2504.0,-0.16280572,-5.793968,7.7189064,0.02076942,0.029321533,0.013439035
2517.0,-0.16280572,-5.8705826,7.776367,0.04642576,0.02565634,0.008552114
2524.0,-0.2681506,-5.722142,7.7332716,0.057421334,0.021991149,0.004886922
2534.0,-0.21308395,-5.74369,7.807492,0.052534413,0.017104227,0.0036651916
2545.0,-0.22266077,-5.770026,7.7069354,0.042760566,0.018325957,0.0012217305
2555.0,-0.11492168,-5.755661,7.6710224,0.035430185,0.028099801,-0.0036651916
2565.0,-0.20590134,-5.8203044,7.726089,0.03176499,0.028099801,-0.008552114
2578.0,-0.1412579,-5.779603,7.716512,0.02321288,0.028099801,-0.010995574
2585.0,-0.18914193,-5.777209,7.6494746,0.013439035,0.02687807,-0.010995574
2596.0,-0.17717093,-5.801151,7.6710224,0.0,0.039095376,-0.0061086523
2606.0,-0.14604631,-5.8586116,7.642292,-0.007330383,0.040317107,-0.004886922
2616.0,-0.1316811,-5.753267,7.714118,-0.012217305,0.042760566,-0.007330383
2625.0,-0.22266077,-5.791574,7.668628,-0.018325957,0.04886922,-0.009773844
2637.0,-0.22505496,-5.8083334,7.6590514,-0.02443461,0.04886922,-0.0061086523
2646.0,-0.18674773,-5.837064,7.6853876,-0.02687807,0.05375614,-0.0061086523
2655.0,-0.20350714,-5.791574,7.651869,-0.021991149,0.04642576,-0.012217305
2664.0,-0.16759412,-5.767632,7.6494746,-0.019547688,0.04886922,-0.017104227
2676.0,-0.24181437,-5.7724204,7.5920134,-0.029321533,0.043982297,-0.019547688
2684.0,-0.2681506,-5.7508726,7.589619,-0.040317107,0.040317107,-0.02076942
2695.0,-0.2753332,-5.841852,7.5680714,-0.042760566,0.039095376,-0.02443461
2703.0,-0.17238252,-5.884948,7.6135616,-0.034208454,0.037873644,-0.028099801
2716.0,-0.2801216,-5.887342,7.6111674,-0.017104227,0.035430185,-0.030543262
2725.0,-0.25857377,-5.9064956,7.587225,-0.0012217305,0.02076942,-0.03176499
2736.0,-0.29209262,-5.829881,7.5680714,0.008552114,0.0061086523,-0.032986723
2744.0,-0.29688102,-5.911284,7.6614456,0.014660766,-0.0012217305,-0.035430185
2758.0,-0.22744916,-5.8705826,7.6949644,0.015882496,-0.004886922,-0.032986723
2765.0,-0.19153613,-5.853823,7.6135616,0.013439035,-0.009773844,-0.029321533
2777.0,-0.2633622,-5.8226986,7.61835,0.009773844,-0.013439035,-0.02687807
2785.0,-0.32800564,-5.8442464,7.699753,0.0012217305,-0.009773844,-0.021991149
2795.0,-0.29688102,-5.8346696,7.654263,-0.0036651916,-0.018325957,-0.019547688
2805.0,-0.2825158,-5.8226986,7.651869,-0.004886922,-0.019547688,-0.019547688
2817.0,-0.2681506,-5.841852,7.675811,-0.004886922,-0.02321288,-0.012217305
2825.0,-0.33518824,-5.911284,7.675811,-0.0012217305,-0.029321533,-0.007330383
2836.0,-0.33039984,-5.841852,7.678205,0.002443461,-0.02687807,-0.0061086523
2847.0,-0.36152446,-5.8586116,7.7189064,0.0036651916,-0.029321533,-0.002443461
2855.0,-0.24660277,-5.8921304,7.7332716,0.007330383,-0.040317107,0.002443461
2864.0,-0.34955344,-5.8945246,7.699753,0.008552114,-0.040317107,0.002443461
2878.0,-0.2873042,-5.8634,7.603985,0.007330383,-0.034208454,0.002443461
2885.0,-0.23223756,-5.8586116,7.7189064,0.0036651916,-0.034208454,0.002443461
2896.0,-0.24181437,-5.8586116,7.6949644,0.0,-0.030543262,0.0036651916
2906.0,-0.23942018,-5.887342,7.702147,-0.002443461,-0.029321533,0.0061086523
2917.0,-0.20590134,-5.8825536,7.728483,-0.002443461,-0.021991149,0.004886922
2926.0,-0.1316811,-5.813122,7.8146744,-0.0012217305,-0.028099801,0.004886922
2937.0,-0.260968,-5.8825536,7.740454,-0.002443461,-0.02076942,0.007330383
2948.0,-0.16759412,-5.932832,7.680599,-0.0061086523,-0.019547688,0.007330383
2957.0,-0.21308395,-5.8681884,7.7069354,-0.009773844,-0.004886922,0.004886922
2968.0,-0.17717093,-5.8466406,7.752425,-0.014660766,0.0,0.0
2977.0,-0.24420857,-5.8226986,7.690176,-0.02076942,0.0,-0.0012217305
2984.0,-0.19393034,-5.7508726,7.642292,-0.030543262,0.007330383,0.0
2997.0,-0.2777274,-5.8634,7.620744,-0.034208454,0.012217305,0.0
