73.0,-1.7525556,-0.59615624,9.689334,0.15149458,0.1001819,-0.07696902
73.0,-1.520318,-0.20829555,9.65821,0.019547688,-0.3042109,-0.24556783
73.0,-1.5442601,0.8714894,9.576807,-0.012217305,-0.43493605,-0.34208453
73.0,-1.8962077,0.45250413,9.622296,0.089186326,0.35185838,-0.07452556
73.0,-1.8507179,-0.04309563,9.583989,-0.06352998,0.3652974,-0.05497787
116.0,-1.8291701,-0.46926352,9.394848,-0.16126843,0.18081611,-0.02687807
116.0,-1.6663644,-0.095768064,9.576807,-0.14538592,0.0061086523,-0.1441642
116.0,-1.6711528,-0.21787235,9.660604,-0.07819075,0.009773844,-0.21502456
117.0,-1.4413095,-0.3878607,9.689334,-0.014660766,-0.0012217305,-0.16982053
117.0,-1.4389153,-0.37349546,9.749189,0.014660766,0.0036651916,-0.15271631
141.0,-1.2521675,-0.30885202,9.821015,0.02321288,0.018325957,-0.18570304
141.0,-1.0175357,-0.22026655,9.7563715,0.013439035,0.03176499,-0.21624629
148.0,-0.78050977,-0.24420857,9.785102,-0.02443461,0.056199603,-0.24801129
157.0,-0.49559975,-0.1412579,9.854534,-0.07574729,0.096516706,-0.29443705
167.0,-0.35434186,0.079008654,9.928755,-0.1282817,0.14538592,-0.36041048
177.0,-0.18435353,0.035913024,9.844957,-0.19914207,0.20647246,-0.44226643
188.0,-0.17238252,0.007182605,9.888053,-0.29810223,0.25900686,-0.52534413
198.0,-0.6631939,-0.06943185,9.785102,-0.43860126,0.3286455,-0.5900958
208.0,-1.0414777,-0.32800564,10.0341,-0.59986967,0.38973203,-0.63041294
217.0,-1.3623008,-0.6655881,10.366894,-0.7330383,0.4605924,-0.66950834
228.0,-1.3910311,-0.8690952,10.524911,-0.816116,0.52656585,-0.71959925
237.0,-1.472434,-0.9864111,10.819398,-0.8417723,0.5864306,-0.75502944
247.0,-1.8028339,-1.1061212,10.864887,-0.8491027,0.64873886,-0.75747293
259.0,-2.2936451,-1.271321,10.8624935,-0.9138544,0.72326446,-0.72692966
268.0,-2.896984,-1.6519991,10.670957,-1.0348058,0.80878556,-0.6743952
277.0,-3.1771057,-2.066196,10.656591,-1.1606439,0.89919364,-0.6206391
288.0,-3.3997664,-2.7222073,10.783484,-1.2657127,0.9993755,-0.5705481
297.0,-3.679888,-3.323152,10.675745,-1.3170254,1.1093313,-0.4972443
310.0,-4.0222588,-3.490746,10.5440645,-1.3610078,1.1997393,-0.37384954
317.0,-4.6279917,-3.3375173,10.192117,-1.4330899,1.2705997,-0.22357668
329.0,-5.0062757,-2.9759927,9.64145,-1.5344934,1.3316863,-0.080634214
338.0,-5.185841,-2.5953147,8.944737,-1.6933185,1.3585643,0.037873644
347.0,-5.2959743,-2.5019407,8.463503,-1.9193386,1.3939945,0.16126843
358.0,-5.3199162,-2.7820623,7.965509,-2.20278,1.4367551,0.3115413
367.0,-5.3318872,-3.4117374,7.750031,-2.5289822,1.4721853,0.4801401
377.0,-5.233725,-3.8307228,7.395689,-2.8612928,1.4953982,0.65118235
389.0,-4.9344497,-4.048595,7.2568254,-3.1398473,1.4880677,0.7965683
398.0,-4.6926355,-3.9552212,7.053318,-3.313333,1.4563028,0.9077458
408.0,-4.426879,-3.7349546,6.895301,-3.4196236,1.3817772,0.99204516
418.0,-4.220978,-3.3566709,6.739678,-3.532023,1.2999213,1.0592403
429.0,-3.9863458,-3.2034419,6.5241995,-3.630983,1.2082914,1.1166617
438.0,-3.809175,-3.323152,6.495469,-3.6554177,1.0946705,1.1618657
451.0,-3.6966474,-3.7780502,6.363788,-3.5442402,0.9663888,1.1716396
458.0,-3.6846764,-4.2904096,6.4308257,-3.286455,0.85154617,1.1630874
468.0,-3.7660792,-4.594473,6.4068837,-2.896723,0.7415904,1.1435398
478.0,-3.7852328,-4.321534,6.7205243,-2.42147,0.63529986,1.0861185
488.0,-3.8163576,-4.048595,7.1490865,-1.9669861,0.56688297,0.98471475
498.0,-3.857059,-3.7253778,7.417237,-1.613906,0.52290064,0.86254174
509.0,-3.809175,-3.5051112,7.359776,-1.3866642,0.47891834,0.752586
518.0,-3.9312792,-3.5314474,7.0700774,-1.2559389,0.45570546,0.6621779
530.0,-4.039018,-3.4955344,6.7372837,-1.1936307,0.44959682,0.58276546
538.0,-4.307169,-3.6367924,6.505046,-1.1655309,0.4361578,0.50823987
549.0,-4.4699745,-3.9719806,5.875371,-1.1264355,0.42271876,0.44226643
558.0,-4.3502645,-4.8003745,6.3470287,-0.98349303,0.4202753,0.3885103
571.0,-4.6950297,-4.9679685,6.9623384,-0.65484756,0.4447099,0.3200934
580.0,-4.876989,-5.106832,7.6590514,-0.3359759,0.43493605,0.24312437
590.0,-4.841076,-4.9679685,8.013393,-0.24678956,0.4288274,0.2003638
600.0,-4.951209,-4.900931,7.716512,-0.3042109,0.4361578,0.21624629
610.0,-5.2265425,-5.0254292,7.0365586,-0.37873647,0.44837508,0.21868975
621.0,-5.48751,-4.960786,6.4044895,-0.48258355,0.42638394,0.19792034
634.0,-5.695806,-4.960786,5.8346696,-0.6096435,0.3933972,0.20158553
641.0,-5.9543796,-5.0158525,5.547365,-0.7086037,0.36285394,0.22113322
651.0,-6.0118403,-5.171476,5.2361193,-0.75136423,0.29810223,0.21991149
661.0,-6.1866174,-5.035006,5.0421886,-0.7318166,0.25167647,0.19914207
671.0,-6.205771,-5.0062757,4.9200845,-0.63041294,0.19425514,0.16126843
681.0,-6.1076083,-4.697424,4.867412,-0.46792278,0.14172074,0.111177474
693.0,-5.959168,-4.4556093,4.84347,-0.30543262,0.08307768,0.065973446
701.0,-5.849035,-4.2664676,4.8123455,-0.18081611,0.029321533,0.032986723
711.0,-5.791574,-4.120421,4.709395,-0.07941248,-0.008552114,0.015882496
721.0,-5.729325,-4.1060557,4.7524905,0.028099801,-0.04153884,-0.007330383
733.0,-5.506664,-3.9959226,4.84347,0.16615535,-0.064751714,-0.095294975
741.0,-5.5162406,-3.9312792,5.0254292,0.16615535,-0.064751714,-0.095294975
752.0,-5.4683566,-4.048595,5.12838,0.2125811,-0.057421334,-0.14905111
762.0,-5.2648497,-4.156334,5.269638,0.267559,-0.064751714,-0.21868975
772.0,-5.032612,-4.185065,5.3127337,0.28344148,-0.056199603,-0.2919936
783.0,-4.9105077,-4.211401,5.3701944,0.25900686,-0.036651913,-0.35308012
792.0,-4.654328,-4.3478703,5.3582234,0.22113322,-0.028099801,-0.4202753
801.0,-4.0557775,-4.5058875,5.4324436,0.118507855,-0.02076942,-0.5693264
814.0,-3.904943,-4.465186,5.365406,0.04642576,-0.010995574,-0.6365216
821.0,-3.7205894,-4.546589,5.3366756,-0.042760566,-0.019547688,-0.7171558
832.0,-3.560178,-4.572925,5.1379566,-0.12583824,-0.008552114,-0.79901177
841.0,-3.289633,-4.620809,5.1571107,-0.15027285,0.013439035,-0.88208944
852.0,-3.2345665,-3.9264908,5.401319,-0.073303826,0.030543262,-0.9944886
861.0,-3.071761,-3.4979286,5.8634,0.015882496,0.036651913,-1.1484267
872.0,-2.8323407,-3.7541082,5.877765,0.015882496,0.07452556,-1.3243558
880.0,-2.5953147,-4.1491513,5.8442464,-0.008552114,0.111177474,-1.4746287
891.0,-2.5019407,-4.259285,5.777209,0.009773844,0.12461651,-1.6029104
901.0,-2.4420857,-4.405331,5.753267,0.034208454,0.15760323,-1.7434094
912.0,-2.336741,-4.8003745,5.5521536,0.04642576,0.17470746,-1.8924606
921.0,-2.1332338,-5.410896,5.279215,0.015882496,0.18448131,-2.0451767
934.0,-1.9847932,-5.695806,5.159505,-0.07086037,0.19547687,-2.1685717
942.0,-1.8459295,-5.7724204,4.9775453,-0.16982053,0.21624629,-2.2553146
952.0,-1.8387469,-5.695806,4.7764325,-0.25411993,0.22602014,-2.3469443
962.0,-1.8387469,-5.494693,4.548983,-0.33475417,0.2284636,-2.452013
972.0,-1.6543933,-5.746084,4.381389,-0.4166101,0.21624629,-2.5546384
981.0,-1.6687586,-6.3829417,4.4484267,-0.46670106,0.19547687,-2.6426032
992.0,-1.7310078,-7.129933,4.261679,-0.49846604,0.16493362,-2.7220156
1001.0,-1.970428,-7.848193,4.477157,-0.5876524,0.14172074,-2.756224
1013.0,-2.15957,-9.344569,4.8506527,-0.6291912,0.1563815,-2.761111
1023.0,-2.147599,-10.16578,4.7548847,-0.52778757,0.15027285,-2.7782152
1044.0,-2.0470424,-10.247183,4.6375685,-0.37751472,0.09162979,-2.7366762
1045.0,-2.4899697,-10.350134,4.5896845,-0.24801129,0.07574729,-2.6230555
1116.0,-2.9712043,-10.465055,4.4436383,-0.23335053,0.07819075,-2.5179865
1116.0,-3.2728736,-10.941502,4.4196963,-0.31764993,0.059864793,-2.3958135
1116.0,-3.4476504,-11.604695,4.3263226,-0.36163223,0.06719518,-2.2553146
1116.0,-3.3758245,-11.824963,4.247314,-0.3115413,0.047647487,-2.0891593
1116.0,-3.3542767,-11.688493,4.345476,-0.1966986,0.002443461,-1.881465
1116.0,-3.5362358,-11.413159,4.4915223,-0.06963864,-0.009773844,-1.6872098
1116.0,-3.478775,-11.140221,4.6782703,0.004886922,-0.039095376,-1.5271631
1122.0,-3.3159695,-11.066,4.975151,-0.032986723,-0.06352998,-1.3573426
1131.0,-3.016694,-10.879252,5.0781016,-0.1600467,-0.062308256,-1.1777482
1140.0,-2.837129,-10.498574,5.1140146,-0.312763,-0.058643065,-0.9981538
1150.0,-2.6791117,-10.254366,4.9583917,-0.4288274,-0.057421334,-0.8381071
1161.0,-2.6072857,-10.081984,5.0421886,-0.49602258,-0.047647487,-0.7086037
1171.0,-2.3774424,-10.012551,5.0637364,-0.5021312,-0.035430185,-0.5876524
1180.0,-2.1739352,-9.888053,4.984728,-0.43127087,-0.043982297,-0.47647488
1191.0,-2.0015526,-9.828198,5.0493712,-0.31642818,-0.04886922,-0.37507126
1200.0,-1.9009962,-9.832987,5.2720323,-0.16126843,-0.04153884,-0.30298916
1211.0,-1.7357962,-9.653421,5.4324436,-0.002443461,-0.032986723,-0.25045475
1221.0,-1.6136919,-9.325416,5.559336,0.112399206,-0.028099801,-0.18325958
1233.0,-1.4676456,-8.896853,5.5760956,0.15760323,-0.013439035,-0.12095132
1241.0,-1.3718776,-8.62152,5.437232,0.14538592,0.019547688,-0.089186326
1251.0,-1.2880806,-8.441956,5.499481,0.10140363,0.04520403,-0.07574729
1261.0,-1.1300632,-8.329428,5.3462524,0.034208454,0.064751714,-0.056199603
1271.0,-1.0127473,-8.195353,5.2361193,-0.034208454,0.081855945,-0.034208454
1281.0,-0.842759,-8.157045,5.1762643,-0.08307768,0.10140363,-0.028099801
1294.0,-0.79966336,-8.051701,5.046977,-0.10262536,0.118507855,-0.035430185
1303.0,-0.7254431,-8.02297,5.070919,-0.103847094,0.13072516,-0.042760566
1312.0,-0.7374141,-8.061277,5.130774,-0.10140363,0.14049901,-0.042760566
1323.0,-0.7038953,-8.001422,5.0876784,-0.111177474,0.13805555,-0.04520403
1334.0,-0.6991069,-8.030152,4.9919105,-0.14172074,0.12950343,-0.04642576
1343.0,-0.6512229,-8.171411,4.8865657,-0.1600467,0.12339478,-0.04520403
1353.0,-0.7062895,-8.26239,4.924873,-0.14538592,0.119729586,-0.05131268
1361.0,-0.6751649,-8.252813,5.0421886,-0.1001819,0.11362094,-0.065973446
1373.0,-0.6727707,-8.200141,5.0158525,-0.05375614,0.10140363,-0.07819075
1382.0,-0.59615624,-8.212111,4.8745947,-0.021991149,0.07941248,-0.07819075
1391.0,-0.6919243,-8.23366,4.8147397,0.0,0.06841691,-0.07696902
1401.0,-0.62488663,-8.283937,4.8578353,0.02076942,0.059864793,-0.081855945
1416.0,-0.6655881,-8.274361,4.807557,0.043982297,0.056199603,-0.080634214
1422.0,-0.79008657,-8.298303,4.8817773,0.0720821,0.05131268,-0.073303826
1433.0,-0.842759,-8.324639,4.865018,0.09896017,0.04520403,-0.073303826
1442.0,-0.89064306,-8.324639,4.795586,0.10873401,0.04642576,-0.07452556
1453.0,-0.92176765,-8.451532,4.817134,0.10629055,0.039095376,-0.06719518
1463.0,-0.93613285,-8.300697,4.8745947,0.103847094,0.034208454,-0.062308256
1474.0,-1.0007763,-8.238448,4.9344497,0.07819075,0.030543262,-0.065973446
1481.0,-0.9888053,-8.243237,4.9057193,0.03176499,0.042760566,-0.062308256
1495.0,-1.0127473,-8.336611,4.8698063,-0.008552114,0.04520403,-0.05009095
1503.0,-0.9768343,-8.3821,4.7860093,-0.02565634,0.043982297,-0.039095376
1513.0,-1.091756,-8.513782,4.7381253,-0.007330383,0.03176499,-0.035430185
1523.0,-1.0462662,-8.461109,4.618415,0.019547688,0.034208454,-0.032986723
1536.0,-1.0247183,-8.485051,4.6136265,0.040317107,0.04153884,-0.02076942
1543.0,-1.0893618,-8.535329,4.6112323,0.07086037,0.052534413,-0.007330383
1552.0,-1.0079589,-8.456321,4.735731,0.118507855,0.057421334,-0.0036651916
1562.0,-1.0726024,-8.334216,4.699818,0.17837265,0.059864793,-0.0012217305
1574.0,-0.9840169,-8.228871,4.7285485,0.22113322,0.06352998,0.0012217305
1581.0,-0.85473,-8.202535,4.8003745,0.22724187,0.062308256,-0.0012217305
1593.0,-0.830788,-8.221688,4.759673,0.19547687,0.061086524,-0.0036651916
1601.0,-0.8283938,-8.180987,4.745308,0.13927728,0.07452556,0.004886922
1611.0,-0.8379706,-8.078036,4.745308,0.073303826,0.06963864,0.02076942
1621.0,-0.82360536,-8.209718,4.7022123,-0.073303826,0.09162979,0.034208454
1635.0,-0.8475474,-8.360553,4.7548847,-0.112399206,0.096516706,0.039095376
1642.0,-0.85473,-8.35337,4.72376,-0.11728613,0.10262536,0.043982297
1653.0,-0.7278373,-8.348581,4.7620673,-0.09040806,0.096516706,0.04153884
1662.0,-0.7374141,-8.3821,4.8578353,-0.05375614,0.09040806,0.03176499
1673.0,-0.7302315,-8.346188,4.8099513,-0.02565634,0.08552113,0.02565634
1683.0,-0.60812724,-8.300697,4.7381253,-0.017104227,0.08307768,0.02687807
1695.0,-0.7422025,-8.391677,4.642357,-0.012217305,0.081855945,0.028099801
1702.0,-0.7015011,-8.50181,4.711789,0.004886922,0.07086037,0.029321533
1713.0,-0.7541735,-8.305486,4.757279,0.02443461,0.05497787,0.028099801
1723.0,-0.8283938,-8.274361,4.7740383,0.029321533,0.04642576,0.02565634
1736.0,-0.79966336,-8.274361,4.8147397,0.015882496,0.039095376,0.02443461
1743.0,-0.78050977,-8.238448,4.7668557,-0.0012217305,0.036651913,0.02321288
1753.0,-0.91937345,-8.178593,4.7189717,-0.008552114,0.02076942,0.015882496
1763.0,-0.89543146,-8.099585,4.6806645,-0.013439035,0.0061086523,0.012217305
1774.0,-0.93613285,-7.9990277,4.6232033,-0.021991149,0.0036651916,0.008552114
1784.0,-0.89782566,-8.018182,4.606444,-0.04153884,-0.018325957,-0.0012217305
1793.0,-0.9696517,-8.111555,4.55856,-0.06352998,-0.036651913,-0.009773844
1802.0,-0.9792285,-8.1642275,4.560954,-0.07574729,-0.04642576,-0.017104227
1814.0,-0.9600749,-8.209718,4.6926355,-0.0720821,-0.064751714,-0.028099801
1821.0,-0.79487497,-8.350976,4.817134,-0.052534413,-0.07086037,-0.037873644
1835.0,-0.89064306,-8.432379,4.8722005,-0.032986723,-0.065973446,-0.04520403
1843.0,-0.78529817,-8.425196,4.8602295,-0.02687807,-0.062308256,-0.047647487
1854.0,-0.8451532,-8.4587145,4.9799395,-0.029321533,-0.065973446,-0.047647487
1864.0,-0.8834604,-8.453926,4.891354,-0.030543262,-0.056199603,-0.052534413
1874.0,-0.8499416,-8.4587145,4.9081135,-0.034208454,-0.062308256,-0.056199603
1883.0,-0.8499416,-8.3629465,4.8841715,-0.032986723,-0.04642576,-0.057421334
1894.0,-0.8690952,-8.2169,4.8506527,-0.02687807,-0.034208454,-0.06352998
1903.0,-0.81402856,-8.281544,4.805163,-0.029321533,-0.036651913,-0.06963864
1913.0,-0.89543146,-8.341399,4.781221,-0.034208454,-0.02687807,-0.06841691
1923.0,-0.8331822,-8.406042,4.8338933,-0.029321533,-0.014660766,-0.06719518
1935.0,-0.7517793,-8.3390045,4.8865657,-0.021991149,-0.014660766,-0.06719518
1942.0,-0.7302315,-8.293514,4.996699,-0.02687807,-0.010995574,-0.06352998
1954.0,-0.78290397,-8.221688,5.035006,-0.042760566,0.0,-0.061086524
1963.0,-0.7422025,-8.355764,4.972757,-0.065973446,0.0012217305,-0.059864793
1974.0,-0.7326257,-8.367735,4.8482585,-0.089186326,0.007330383,-0.047647487
1984.0,-0.78290397,-8.346188,4.7644615,-0.08674286,0.012217305,-0.040317107
1993.0,-0.78050977,-8.274361,4.7261543,-0.07452556,0.013439035,-0.043982297
2003.0,-0.7206547,-8.24563,4.654328,-0.064751714,0.0036651916,-0.043982297
2015.0,-0.7637503,-8.360553,4.7070007,-0.06352998,0.008552114,-0.040317107
2034.0,-0.7685388,-8.300697,4.7764325,-0.061086524,0.008552114,-0.04153884
2034.0,-0.79487497,-8.317456,4.7788267,-0.057421334,0.012217305,-0.04642576
2047.0,-0.770933,-8.336611,4.781221,-0.05131268,0.0061086523,-0.047647487
2108.0,-0.79008657,-8.286332,4.84347,-0.05009095,0.008552114,-0.042760566
2108.0,-0.7445967,-8.257602,4.817134,-0.05131268,0.013439035,-0.047647487
2108.0,-0.80445176,-8.240842,4.7788267,-0.059864793,0.015882496,-0.05009095
2108.0,-0.7781156,-8.178593,4.7668557,-0.064751714,0.004886922,-0.04520403
2108.0,-0.8571242,-8.279149,4.711789,-0.06352998,0.002443461,-0.04642576
2108.0,-0.8738836,-8.327033,4.6950297,-0.057421334,-0.0012217305,-0.05009095
2113.0,-0.81881696,-8.437167,4.7620673,-0.04520403,-0.018325957,-0.042760566
2121.0,-0.7781156,-8.47308,4.687847,-0.02687807,-0.017104227,-0.034208454
2134.0,-0.79726917,-8.415619,4.7165775,-0.009773844,-0.02565634,-0.034208454
2142.0,-0.78050977,-8.494628,4.656722,0.009773844,-0.043982297,-0.030543262
2152.0,-0.81163436,-8.446744,4.7740383,0.03176499,-0.04642576,-0.019547688
2162.0,-0.7445967,-8.446744,4.745308,0.04886922,-0.05131268,-0.010995574
2173.0,-0.8571242,-8.3868885,4.771644,0.05131268,-0.052534413,-0.0061086523
2182.0,-0.78529817,-8.406042,4.7189717,0.04642576,-0.056199603,-0.0012217305
2193.0,-0.80445176,-8.453926,4.7189717,0.034208454,-0.062308256,0.0
2202.0,-0.81642276,-8.377312,4.6399627,0.02076942,-0.07696902,0.0036651916
2213.0,-0.7733272,-8.307879,4.6471453,0.004886922,-0.07819075,0.008552114
2223.0,-0.80205756,-8.492233,4.6950297,-0.013439035,-0.0842994,0.012217305
2234.0,-0.7637503,-8.422802,4.733337,-0.02443461,-0.09285152,0.014660766
2244.0,-0.79487497,-8.401254,4.7548847,-0.028099801,-0.07819075,0.021991149
2256.0,-0.7374141,-8.374918,4.673482,-0.017104227,-0.07696902,0.02565634
2264.0,-0.7781156,-8.334216,4.697424,0.0012217305,-0.081855945,0.028099801
2273.0,-0.79726917,-8.298303,4.7022123,0.009773844,-0.0720821,0.032986723
2284.0,-0.78529817,-8.291121,4.6926355,0.014660766,-0.073303826,0.037873644
2294.0,-0.6536171,-8.432379,4.6686935,0.018325957,-0.06841691,0.039095376
2305.0,-0.7110779,-8.48984,4.733337,0.02321288,-0.06841691,0.040317107
2316.0,-0.6679823,-8.384495,4.6782703,0.02321288,-0.065973446,0.047647487
2323.0,-0.58418524,-8.453926,4.7022123,0.02565634,-0.06963864,0.052534413
2336.0,-0.6344634,-8.595184,4.7740383,0.039095376,-0.0720821,0.05009095
2343.0,-0.56982,-8.480263,4.747702,0.058643065,-0.059864793,0.05131268
2353.0,-0.58897364,-8.408437,4.7860093,0.07452556,-0.058643065,0.056199603
2364.0,-0.5626374,-8.3629465,4.8578353,0.0842994,-0.057421334,0.057421334
2375.0,-0.62009823,-8.374918,4.8219223,0.08674286,-0.052534413,0.05375614
2384.0,-0.59136784,-8.3390045,4.805163,0.08307768,-0.04886922,0.05131268
2393.0,-0.5315128,-8.219295,4.8003745,0.07086037,-0.04642576,0.05009095
2404.0,-0.58418524,-8.176199,4.7740383,0.05375614,-0.047647487,0.05009095
2414.0,-0.61291564,-8.236053,4.7764325,0.037873644,-0.04642576,0.04642576
2424.0,-0.6679823,-8.212111,4.7788267,0.02076942,-0.052534413,0.04520403
2436.0,-0.6775591,-8.180987,4.903325,0.0061086523,-0.052534413,0.035430185
2443.0,-0.7326257,-8.329428,4.867412,0.017104227,-0.052534413,0.02687807
2454.0,-0.6631939,-8.307879,4.975151,0.040317107,-0.057421334,0.019547688
2464.0,-0.6991069,-8.231265,4.9416323,0.057421334,-0.04886922,0.009773844
2474.0,-0.6847417,-8.231265,4.9703627,0.062308256,-0.043982297,0.002443461
2483.0,-0.6631939,-8.226477,4.9081135,0.058643065,-0.042760566,-0.0036651916
2496.0,-0.7565677,-8.271967,4.829105,0.047647487,-0.036651913,-0.008552114
2505.0,-0.6464345,-8.212111,4.8626237,0.032986723,-0.02565634,-0.010995574
2514.0,-0.6967127,-8.200141,4.72376,0.02076942,-0.03176499,-0.010995574
2523.0,-0.7134721,-8.228871,4.745308,0.0036651916,-0.017104227,-0.008552114
2536.0,-0.7757214,-8.367735,4.783615,-0.002443461,-0.02565634,-0.009773844
2545.0,-0.6871359,-8.327033,4.7189717,-0.007330383,-0.028099801,-0.009773844
2556.0,-0.7469909,-8.418014,4.7524905,-0.009773844,-0.029321533,-0.007330383
2563.0,-0.7350199,-8.42759,4.7429137,-0.007330383,-0.02321288,-0.008552114
2575.0,-0.7541735,-8.384495,4.76925,-0.0012217305,-0.02565634,-0.012217305
2585.0,-0.82360536,-8.3629465,4.7405195,0.004886922,-0.036651913,-0.008552114
2593.0,-0.7038953,-8.336611,4.7165775,0.008552114,-0.037873644,-0.004886922
2604.0,-0.6488287,-8.461109,4.7668557,0.007330383,-0.039095376,-0.008552114
2616.0,-0.6584055,-8.516175,4.7548847,0.008552114,-0.043982297,-0.007330383
2625.0,-0.59376204,-8.4826565,4.7764325,0.015882496,-0.05009095,0.0036651916
2636.0,-0.5722142,-8.513782,4.8027687,0.035430185,-0.042760566,0.010995574
2643.0,-0.581791,-8.444349,4.807557,0.061086524,-0.05131268,0.009773844
2656.0,-0.5410896,-8.377312,4.829105,0.0720821,-0.05131268,0.015882496
2665.0,-0.5267244,-8.319851,4.8267107,0.06719518,-0.047647487,0.02565634
2676.0,-0.557849,-8.192958,4.8458643,0.04886922,-0.043982297,0.02687807
2684.0,-0.5243302,-8.236053,4.8841715,0.017104227,-0.039095376,0.028099801
2694.0,-0.60812724,-8.252813,4.876989,-0.009773844,-0.034208454,0.034208454
2705.0,-0.59376204,-8.197746,4.9081135,-0.017104227,-0.029321533,0.034208454
2714.0,-0.58897364,-8.267179,4.8386817,-0.007330383,-0.02565634,0.030543262
2726.0,-0.6607997,-8.178593,4.8841715,0.014660766,-0.035430185,0.02687807
2737.0,-0.6727707,-8.204929,4.8027687,0.029321533,-0.021991149,0.02076942
2746.0,-0.7134721,-8.236053,4.8338933,0.037873644,-0.02565634,0.015882496
2755.0,-0.6775591,-8.295909,4.807557,0.042760566,-0.018325957,0.010995574
2765.0,-0.7015011,-8.157045,4.8338933,0.042760566,0.0012217305,0.009773844
2774.0,-0.7589619,-8.109161,4.8626237,0.035430185,-0.0036651916,0.008552114
2784.0,-0.7302315,-8.238448,4.8267107,0.02443461,0.002443461,0.0061086523
2796.0,-0.79726917,-8.305486,4.7788267,0.019547688,0.012217305,0.0
2804.0,-0.6775591,-8.389283,4.807557,0.021991149,0.02076942,-0.0012217305
2815.0,-0.5602432,-8.365341,4.8338933,0.036651913,0.02565634,0.0012217305
2825.0,-0.557849,-8.468291,4.8745947,0.061086524,0.03176499,-0.0036651916
2835.0,-0.51954174,-8.453926,4.8937483,0.081855945,0.030543262,-0.0061086523
2844.0,-0.5554548,-8.451532,4.951209,0.09773844,0.03176499,-0.0012217305
2857.0,-0.46208093,-8.487445,4.9176903,0.10995574,0.035430185,0.0036651916
2864.0,-0.49081135,-8.291121,4.8985367,0.105068825,0.04153884,0.008552114
2874.0,-0.39025488,-8.283937,4.8458643,0.08307768,0.039095376,0.017104227
2884.0,-0.5267244,-8.346188,4.865018,0.05131268,0.04642576,0.02321288
2893.0,-0.5410896,-8.312668,4.8745947,0.021991149,0.04153884,0.028099801
2903.0,-0.5530606,-8.350976,4.8482585,-0.004886922,0.05497787,0.03176499
2916.0,-0.62488663,-8.298303,4.819528,-0.012217305,0.05009095,0.02687807
2924.0,-0.6847417,-8.367735,4.841076,-0.008552114,0.04153884,0.017104227
2935.0,-0.6967127,-8.224083,4.8578353,-0.002443461,0.04886922,0.008552114
2948.0,-0.6727707,-8.192958,4.7668557,-0.0012217305,0.04886922,0.0012217305
2954.0,-0.7661445,-8.190564,4.8482585,-0.0012217305,0.04520403,-0.0061086523
2965.0,-0.6967127,-8.23366,4.8362875,-0.0061086523,0.05375614,-0.015882496
2977.0,-0.6895301,-8.154651,4.7860093,-0.009773844,0.056199603,-0.019547688
2985.0,-0.7517793,-8.133103,4.733337,-0.008552114,0.04520403,-0.015882496
2995.0,-0.7398083,-8.161834,4.699818,-0.008552114,0.04520403,-0.015882496
3004.0,-0.7781156,-8.207323,4.7165775,-0.008552114,0.047647487,-0.015882496
