20.0,-1.0390835,-0.45010993,9.610326,0.0061086523,-0.02076942,0.0
37.0,-1.1372458,-0.4141969,9.691729,0.16371189,0.12461651,-0.061086524
37.0,-1.2689269,-0.5674258,9.634268,0.056199603,-0.2443461,-0.2406809
56.0,-1.4939818,-0.7493851,9.722853,0.014660766,-0.37018433,-0.18203785
56.0,-0.89543146,0.5746084,9.548077,0.19303341,0.47403142,0.1966986
66.0,-1.3982137,0.91937345,9.679757,-0.10873401,0.64873886,0.021991149
74.0,-1.3192052,0.6919243,9.648633,-0.57787853,0.6414085,0.1160644
83.0,-1.1611878,-0.50278234,9.555259,-0.77579886,0.56688297,0.24923302
94.0,-0.91458505,-1.4700398,9.323022,-0.66950834,0.59620446,0.17715092
104.0,-1.4053963,-1.2545617,9.315839,-0.4813618,0.5925393,-0.019547688
113.0,-1.6639702,-0.50517654,9.315839,-0.37995818,0.5742133,-0.14294247
124.0,-1.6591818,-0.15083471,9.296685,-0.39950588,0.60231316,-0.19303341
135.0,-1.6400281,0.035913024,9.354146,-0.50701815,0.6597345,-0.20525073
143.0,-1.9776106,0.079008654,9.390059,-0.63285637,0.7049385,-0.16249016
156.0,-2.042254,-0.19393034,9.263166,-0.6963864,0.73426,-0.103847094
164.0,-2.1906946,-0.56982,9.153033,-0.68783426,0.7648033,-0.095294975
174.0,-2.6839,-0.79248077,9.406818,-0.64996064,0.79412484,-0.103847094
183.0,-4.378995,-1.1563994,9.01417,-0.6169739,0.8246681,-0.087964594
195.0,-3.0813377,-1.4460979,9.751583,-0.58032197,0.8564331,-0.052534413
205.0,-2.1260512,-1.8483237,10.228029,-0.5448918,0.9016371,-0.0036651916
214.0,-3.3925838,-2.27928,10.2974615,-0.49480084,0.9431759,0.056199603
224.0,-3.3925838,-2.6527755,10.364499,-0.40561453,0.9810496,0.11362094
236.0,-4.6830587,-2.7940333,10.323798,-0.29443705,1.0030408,0.16249016
244.0,-4.0892963,-2.6192567,10.376471,-0.13805555,1.0519099,0.15882497
256.0,-4.3861775,-2.0925324,10.314221,-0.13805555,1.0519099,0.15882497
263.0,-3.9456444,-1.6089035,10.479421,-0.17104226,1.1129965,0.19547687
274.0,-4.3957543,-1.4891934,10.563218,-0.3115413,1.2119566,0.29443705
283.0,-4.331111,-1.7405846,10.673351,-0.49357912,1.3377949,0.4007276
294.0,-4.5418005,-2.0350714,10.7356,-0.61208695,1.4257594,0.49357912
304.0,-4.8003745,-2.3008277,10.718841,-0.61575216,1.5210545,0.6792821
315.0,-4.912902,-2.6862943,10.718841,-0.61086524,1.5650368,0.752586
325.0,-5.0158525,-2.9759927,10.503363,-0.6169739,1.6297885,0.82344633
334.0,-5.0038815,-3.074155,10.5440645,-0.59131753,1.7067575,0.93584555
344.0,-5.0517654,-3.1986535,10.33098,-0.5412266,1.7617353,1.070236
356.0,-5.0637364,-3.0190883,10.125079,-0.42760566,1.8191566,1.1704178
364.0,-4.9943047,-3.13401,10.283096,-0.25778514,1.8790215,1.2559389
375.0,-4.9105077,-3.4883518,10.409989,-0.14660765,1.9572122,1.4025466
385.0,-5.035006,-3.715801,10.491392,-0.13316862,2.0292943,1.5919148
395.0,-5.171476,-3.6391866,10.263943,-0.19181168,2.1050417,1.7617353
404.0,-5.398925,-3.265691,9.782708,-0.30176744,2.179567,1.8985692
414.0,-5.580884,-2.8299465,9.011775,-0.4166101,2.2382102,2.0134118
424.0,-5.650316,-2.5258827,8.329428,-0.51068336,2.276084,2.117259
435.0,-5.568913,-1.9656396,7.929596,-0.5693264,2.2858577,2.2003367
445.0,-5.449203,-1.4077905,7.493851,-0.5510005,2.2602015,2.2406538
456.0,-5.2049947,-0.7589619,7.2951326,-0.4447099,2.2467623,2.2467623
465.0,-4.9296613,-0.641646,7.4028716,-0.29565877,2.2418754,2.244319
474.0,-4.6662993,-0.58897364,7.216124,-0.16371189,2.1954496,2.252871
485.0,-4.6040497,-0.34237084,7.0006456,-0.06841691,2.1233675,2.2638667
496.0,-4.8386817,-0.1316811,6.742072,-0.0061086523,2.0451767,2.2467623
505.0,-5.1690817,0.18674773,6.349423,0.02321288,1.958434,2.194228
514.0,-5.6766524,0.58897364,5.9280434,0.047647487,1.8790215,2.1270328
525.0,-5.9807158,0.6871359,5.590461,0.06719518,1.8118263,2.043955
535.0,-5.9041014,0.61770403,5.638345,0.04886922,1.7592919,1.9498819
545.0,-5.7125654,0.62488663,5.6886234,0.002443461,1.690875,1.8594738
557.0,-5.4779334,0.7661445,5.619191,-0.059864793,1.6053538,1.7690657
565.0,-5.130774,1.1899183,5.628768,-0.13194689,1.5222762,1.6676621
575.0,-4.8817773,1.5490485,5.5018754,-0.20769419,1.4343116,1.5625933
587.0,-4.72376,1.661576,5.2768207,-0.26389378,1.3231341,1.4636332
596.0,-4.5202527,1.8986019,5.0182467,-0.25411993,1.187522,1.3414601
606.0,-4.381389,2.2385786,4.8745947,-0.1563815,1.0189233,1.1704178
619.0,-4.201824,2.7844565,4.8506527,0.009773844,0.82711154,0.9492846
626.0,-4.000711,3.3207579,4.721366,0.16982053,0.6267477,0.6951646
637.0,-3.8019924,3.4213142,4.3885717,0.23335053,0.4129449,0.44104472
646.0,-3.6224272,3.3063924,4.0533834,0.15882497,0.21502456,0.19425514
656.0,-3.4404678,3.2920272,3.8905778,0.009773844,0.032986723,-0.0842994
665.0,-3.064578,3.2944214,3.7469256,-0.15393804,-0.15393804,-0.41050145
677.0,-2.695871,3.2393548,3.4356794,-0.30543262,-0.34697145,-0.7318166
686.0,-2.4732103,3.083732,3.5889084,-0.43371433,-0.52656585,-1.0042624
696.0,-2.3415294,2.5929205,3.596091,-0.52290064,-0.70005155,-1.2534955
707.0,-2.2960393,2.111686,3.6248214,-0.548557,-0.8979719,-1.5137241
717.0,-2.207454,1.7477672,3.4883518,-0.50335294,-1.1044444,-1.7983873
726.0,-2.0470424,1.4820108,3.5889084,-0.3933972,-1.2901474,-2.098933
737.0,-1.9249382,0.8331822,3.6607344,-0.2565634,-1.4721853,-2.398257
745.0,-1.7525556,0.31603462,3.6750996,-0.12095132,-1.6468927,-2.6816983
758.0,-1.6328455,-0.1412579,3.9097314,-0.0061086523,-1.8167132,-2.9529226
766.0,-1.5610195,-0.545878,4.4484267,0.07941248,-1.9449949,-3.199712
776.0,-1.2904748,-1.2569559,5.0781016,0.10751228,-2.0476203,-3.440393
785.0,-0.91697925,-1.5610195,5.803545,0.02076942,-2.1245892,-3.6920695
797.0,-0.7086837,-1.5777789,6.4667387,-0.15760323,-2.1539109,-3.9009855
806.0,-0.6847417,-1.8148049,6.6391215,-0.35918877,-2.1600194,-4.0818014
817.0,-0.7589619,-1.9680338,6.4284315,-0.54367006,-2.162463,-4.3004913
826.0,-0.7182605,-2.1787236,6.227319,-0.6597345,-2.162463,-4.5802674
836.0,-0.6536171,-1.970428,5.7508726,-0.6927212,-2.2064452,-4.90647
846.0,-0.31364042,-1.5825673,5.2385135,-0.6401868,-2.2834144,-5.272989
859.0,0.2777274,-1.079785,5.279215,-0.50946164,-2.3237314,-5.652947
866.0,0.8619126,-1.3024458,5.5258174,-0.40317106,-2.3628268,-5.9815927
878.0,1.7262194,-1.697489,6.136339,-0.36651915,-2.375044,-6.21983
886.0,2.645593,-2.8107927,7.699753,-0.34697145,-2.2883012,-6.370103
897.0,3.0621839,-4.663905,8.846576,-0.376293,-2.2137756,-6.3982024
906.0,3.442862,-6.5625067,9.497798,-0.4166101,-2.1832323,-6.3762116
918.0,3.4572272,-7.726089,9.689334,-0.38728857,-2.172237,-6.4434066
926.0,2.8993783,-7.833828,9.380483,-0.2968805,-2.1881194,-6.6425486
936.0,2.3439236,-7.4124484,9.797073,-0.18203785,-2.1197023,-6.89056
946.0,1.8842367,-7.869741,10.45069,-0.118507855,-2.0231857,-7.044498
957.0,2.054225,-8.942344,10.941502,-0.16126843,-1.9486601,-7.040833
967.0,2.7940333,-9.751583,11.056423,-0.16371189,-1.8374827,-6.9650855
978.0,3.1364043,-10.0269165,11.054029,0.019547688,-1.7898352,-6.9101076
987.0,3.53863,-9.49301,11.003751,0.2565634,-1.844813,-6.857573
997.0,3.9695864,-8.90643,10.903194,0.30909783,-1.8619173,-6.764722
1008.0,4.098873,-8.034941,10.623073,0.056199603,-1.772731,-6.592458
1017.0,4.3406878,-7.860164,11.147403,-0.3885103,-1.5112807,-6.3139033
1026.0,4.4220905,-9.457097,12.210428,-0.7965683,-1.1765264,-5.915619
1040.0,4.333505,-11.870452,12.686874,-1.0140363,-0.9627236,-5.447696
1071.0,4.223372,-14.180857,12.935872,-0.7330383,-0.7330383,-4.483751
1071.0,3.7708676,-15.629349,12.629414,-0.7330383,-0.7330383,-4.483751
1071.0,3.107674,-15.557523,12.272678,-0.24678956,-0.77579886,-4.042706
1077.0,2.8778305,-14.882358,12.294226,0.35796702,-0.86620694,-3.626096
1089.0,3.052607,-14.070724,12.248735,0.8356637,-0.95905846,-3.1337388
1099.0,3.8426938,-13.40753,12.169727,0.98349303,-0.9932669,-2.5314255
1109.0,4.5202527,-13.184869,11.9853735,0.73792523,-0.8564331,-1.8423696
1116.0,4.6375685,-13.249513,11.566388,-0.34697145,-0.19914207,-0.47525316
1127.0,4.189853,-13.278243,10.919954,-0.79168135,0.1600467,0.096516706
1137.0,1.7262194,-13.6254015,10.357317,-1.0396926,0.39706242,0.61086524
1147.0,0.7254431,-13.723564,10.04607,-1.0848967,0.5363397,1.065349
1159.0,0.04309563,-13.737929,9.94312,-0.956615,0.64751714,1.4575244
1166.0,-0.37349546,-13.570335,10.096349,-0.6914995,0.75991637,1.7983873
1178.0,-0.36870706,-13.558364,10.726024,-0.36896262,0.86376345,2.1294763
1187.0,0.19393034,-13.532028,11.068395,-0.13316862,0.9370673,2.4666739
1197.0,1.3072342,-13.079524,11.188105,-0.111177474,1.073901,2.796541
1210.0,1.9393034,-12.239159,10.714052,-0.31520647,1.2632693,3.136182
1221.0,2.2122424,-11.518504,10.235212,-0.6951646,1.5234979,3.517362
1228.0,2.243367,-11.456255,9.8042555,-1.1227703,1.8191566,3.948633
1238.0,2.111686,-11.877635,9.313444,-1.455081,2.025629,4.3957863
1248.0,2.2505496,-12.363658,9.083601,-1.5809193,2.112372,4.7842965
1258.0,2.4229321,-12.648567,8.7532015,-1.5088371,2.1160371,5.116607
1268.0,2.695871,-12.732365,8.762778,-1.319469,2.0842721,5.415931
1279.0,2.9759927,-12.404359,8.408437,-1.1203269,2.0231857,5.6969295
1287.0,3.1723173,-11.944673,8.171411,-0.9822713,2.003638,5.9620447
1298.0,2.9975405,-11.259931,7.7811556,-0.9370673,1.9498819,6.208834
1309.0,2.9831753,-10.532093,7.7213006,-0.9786061,1.9401081,6.436076
1318.0,2.825158,-10.3453455,7.477092,-1.0372492,1.9156734,6.660875
1329.0,2.504335,-9.698911,7.0461354,-1.0873401,1.7910569,6.840469
1339.0,2.3798366,-8.604761,6.823475,-1.1166617,1.6627752,6.9382076
1350.0,2.0254946,-7.7428484,6.600814,-1.17897,1.5552629,6.9882984
1359.0,1.6472107,-6.6391215,6.3949127,-1.3329079,1.3854424,7.009068
1369.0,1.5466543,-5.5760956,6.2512608,-1.5247196,1.2217305,6.9711943
1378.0,1.2593501,-4.2521024,6.007052,-1.7385225,1.0396926,6.895447
1389.0,1.0319009,-3.5194764,6.203377,-1.9816469,0.88697636,6.790378
1400.0,0.6703765,-2.7509377,5.9926867,-2.2284365,0.73548174,6.577797
1409.0,0.48362875,-2.6168625,6.081272,-2.4178047,0.5925393,6.3139033
1419.0,0.48362875,-2.6072857,6.0477533,-2.4874432,0.4642576,5.9510493
1428.0,0.47405192,-2.5881321,6.399701,-2.3554964,0.34208453,5.5332174
1438.0,0.44771573,-2.2242134,6.3206925,-2.043955,0.18448131,5.158146
1448.0,0.37828386,-1.9776106,6.078878,-1.5980235,0.04886922,4.8075094
1461.0,0.23942018,-1.8866309,5.8346696,-1.0531317,-0.059864793,4.383569
1468.0,0.23702596,-1.5490485,5.5377884,-0.47403142,-0.17837265,3.86189
1479.0,0.49559975,-1.2473791,5.327099,0.065973446,-0.28710666,3.291342
1490.0,0.8283938,-0.80445176,5.3318872,0.4886922,-0.33841935,2.7061331
1499.0,0.91697925,-0.007182605,5.619191,0.7367035,-0.37384954,2.1319196
1509.0,0.6991069,0.94331545,5.851429,0.79779,-0.41172317,1.5894713
1519.0,0.4357447,1.8004397,5.813122,0.67073005,-0.43004912,1.073901
1530.0,0.33039984,2.3942018,5.925649,0.42394048,-0.42638394,0.52656585
1538.0,0.39743748,2.7988217,5.973533,0.1600467,-0.38362336,-0.07452556
1549.0,0.39504328,2.7581203,5.7843914,-0.047647487,-0.32620203,-0.6927212
1560.0,0.5602432,2.0614076,5.4444146,-0.20280726,-0.2883284,-1.2351695
1570.0,0.49559975,1.2354081,5.08289,-0.26511553,-0.27977628,-1.6713274
1579.0,0.2657564,0.5554548,4.661511,-0.15393804,-0.33108896,-2.1184807
1589.0,-0.107739076,0.14844051,4.4077253,0.118507855,-0.43982297,-2.6401596
1598.0,-0.1412579,-0.01436521,4.5058875,0.41172317,-0.5693264,-3.19116
1609.0,-0.107739076,-0.30645782,4.8578353,0.5900958,-0.6646214,-3.6871827
1618.0,0.2633622,-0.80445176,5.3438582,0.6597345,-0.6914995,-4.097684
1629.0,0.48841715,-1.7597382,5.923255,0.6963864,-0.66706485,-4.418999
1640.0,0.5363012,-3.1507695,6.5505357,0.8014552,-0.625526,-4.6755624
1648.0,0.2681506,-4.793192,6.7947445,1.0164797,-0.6377433,-4.877148
1660.0,0.035913024,-6.2105594,7.1730285,1.3927728,-0.67073005,-5.054299
1668.0,-0.5363012,-7.0820484,7.386112,1.9498819,-0.7648033,-5.2558846
1678.0,-1.2497733,-7.050924,7.285556,2.547308,-1.0445796,-5.494122
1687.0,-1.6328455,-5.851429,7.07726,3.0311134,-1.3353515,-5.788559
1699.0,-1.388637,-5.4539914,8.020576,3.3304374,-1.4196508,-6.0671134
1707.0,-0.9792285,-6.469133,8.554482,3.385415,-1.4978416,-6.142861
1718.0,-0.34715924,-7.627927,8.968679,3.3121114,-1.5882497,-6.0463443
1728.0,-0.09816227,-7.7787614,9.114726,3.273016,-1.772731,-6.0219097
1739.0,-0.107739076,-6.567295,9.033323,3.1752775,-2.0195205,-6.196617
1749.0,0.21308395,-4.618415,9.533711,2.9089403,-2.0879374,-6.4482937
1760.0,0.6967127,-3.526659,9.816227,2.4471262,-2.0500638,-6.5448103
1770.0,1.9177556,-2.942474,9.92636,1.863139,-1.9950858,-6.47395
1780.0,3.5170822,-3.0669725,10.795456,1.2791518,-1.8020525,-6.41042
1789.0,4.223372,-4.381389,11.365275,0.7855727,-1.6065756,-6.2943554
1800.0,5.1140146,-5.9400144,11.549629,0.4007276,-1.5100589,-5.996253
1808.0,5.3199162,-7.3190746,10.99178,0.12461651,-1.3842206,-5.616295
1820.0,4.9224787,-8.293514,10.766725,-0.059864793,-1.1618657,-5.252219
1828.0,4.1802764,-9.200917,10.929531,-0.1881465,-0.93828905,-4.8881435
1840.0,3.739743,-10.163386,11.166556,-0.31031954,-0.7464773,-4.4947467
1849.0,3.5194764,-11.042058,11.403583,-0.4288274,-0.5375614,-4.0646973
1860.0,3.0765493,-12.093113,11.7148285,-0.49480084,-0.33475417,-3.6114354
1868.0,2.731784,-12.931084,11.839328,-0.47403142,-0.2003638,-3.1667254
1879.0,2.3295584,-13.189657,11.5951185,-0.36651915,-0.118507855,-2.7598891
1889.0,1.6807296,-12.988544,11.310209,-0.21502456,-0.062308256,-2.379931
1898.0,1.1444284,-12.641385,11.027693,-0.07086037,-0.02321288,-2.0146337
1909.0,0.79726917,-11.87524,10.584765,0.052534413,-0.004886922,-1.6737708
1920.0,0.61052144,-11.133038,10.19451,0.13439035,0.010995574,-1.3561208
1930.0,0.49559975,-10.216059,9.785102,0.15027285,0.040317107,-1.0604621
1940.0,0.39264908,-9.234436,9.100361,0.1160644,0.061086524,-0.79168135
1949.0,0.272939,-8.341399,8.674192,-0.02443461,0.12950343,-0.34330627
1961.0,0.09816227,-7.6375036,8.365341,-0.10873401,0.14294247,-0.14049901
1969.0,0.007182605,-7.0341644,7.8888946,-0.16982053,0.15393804,0.039095376
1979.0,0.023942016,-6.7588315,7.8050976,-0.2003638,0.1685988,0.18448131
1989.0,0.095768064,-6.631939,7.69257,-0.22235495,0.17837265,0.32498032
2001.0,0.22984336,-6.4188547,7.7667904,-0.24312437,0.18081611,0.45570546
2010.0,0.320823,-6.2512608,7.893683,-0.2565634,0.19058995,0.56688297
2019.0,0.50517654,-6.1770406,7.941567,-0.25167647,0.20280726,0.67073005
2032.0,0.7254431,-6.133945,7.884106,-0.22602014,0.19914207,0.7648033
2041.0,0.92655605,-6.0262055,7.8769236,-0.18325958,0.19547687,0.8356637
2072.0,1.1540052,-5.8107276,7.9990277,-0.13194689,0.204029,0.8894198
2072.0,1.4341269,-5.8442464,8.027759,-0.07696902,0.21991149,0.9468411
2072.0,1.685518,-5.837064,8.128315,-0.02076942,0.23335053,0.9981538
2078.0,2.1045034,-5.801151,8.243237,0.036651913,0.2321288,1.0348058
2088.0,2.3678656,-5.731719,8.384495,0.080634214,0.24678956,1.0726794
2098.0,2.5953147,-5.4779334,8.492233,0.09407325,0.2773328,1.110553
2109.0,2.6791117,-5.161899,8.6334915,0.073303826,0.30298916,1.1349876
2120.0,2.719813,-4.879383,8.774749,0.014660766,0.33841935,1.1447614
2128.0,2.8299465,-4.55856,8.820239,-0.07452556,0.3811799,1.1410962
2139.0,2.8419175,-4.3167458,8.875306,-0.18325958,0.4361578,1.128879
2149.0,2.834735,-4.3263226,8.774749,-0.28955013,0.47525316,1.1239921
2161.0,2.882619,-4.402937,8.784326,-0.376293,0.5143485,1.1252137
2169.0,2.707842,-4.6160207,8.674192,-0.42638394,0.54733527,1.1227703
2180.0,2.5761611,-4.7405195,8.664616,-0.43982297,0.55955255,1.1166617
2190.0,2.4947581,-4.7405195,8.611943,-0.4166101,0.5693264,1.0995574
2200.0,2.3295584,-4.853047,8.760384,-0.35918877,0.5864306,1.0873401
2211.0,2.111686,-5.0134583,8.808268,-0.28588495,0.55955255,1.0958922
2219.0,2.018312,-4.88896,8.640674,-0.21991149,0.5155703,1.0934488
2230.0,1.8818425,-4.4795513,8.549694,-0.17592919,0.4642576,1.0445796
2240.0,1.8890251,-3.9312792,8.317456,-0.1685988,0.4202753,0.97249746
2251.0,1.8483237,-3.4380736,8.291121,-0.19058995,0.4092797,0.91996306
2261.0,1.6639702,-3.5673606,8.42759,-0.21991149,0.41538838,0.9126327
2269.0,1.5921441,-3.9863458,8.62152,-0.22357668,0.40317106,0.93462384
2281.0,1.5514427,-4.4101195,8.552089,-0.17592919,0.3567453,0.93828905
2289.0,1.3670892,-4.510676,8.564059,-0.095294975,0.30543262,0.906524
2300.0,1.0630256,-4.280833,8.506598,-0.039095376,0.25900686,0.86376345
2310.0,0.8283938,-3.9432502,8.420407,-0.04153884,0.2284636,0.8381071
2319.0,0.6512229,-4.024653,8.358158,-0.08552113,0.2321288,0.83077675
2330.0,0.4213795,-4.2640734,8.228871,-0.1282817,0.21868975,0.83077675
2339.0,0.39264908,-4.4316673,8.073248,-0.14049901,0.1966986,0.8222246
2350.0,0.36870706,-4.4939165,7.979874,-0.105068825,0.15149458,0.7867944
2362.0,0.21068975,-4.510676,7.9487495,-0.042760566,0.11362094,0.7415904
2370.0,0.25617957,-4.5992613,7.941567,0.021991149,0.08552113,0.72082096
2379.0,0.1604115,-4.63278,8.008605,0.08674286,0.05375614,0.7098254
2389.0,0.17238252,-4.8099513,7.9966335,0.13683382,0.05497787,0.6988298
2399.0,0.10295067,-5.0134583,8.058883,0.17592919,0.05131268,0.6951646
2410.0,0.1436521,-5.070919,8.073248,0.22113322,0.03176499,0.66950834
2421.0,0.19871874,-4.709395,8.111555,0.24923302,0.03176499,0.59986967
2429.0,0.10055647,-4.297592,8.034941,0.2125811,0.039095376,0.535118
2439.0,0.019153614,-4.015076,8.09719,0.10262536,0.059864793,0.50579643
2448.0,-0.011971008,-4.1036615,7.9966335,-0.035430185,0.118507855,0.49602258
2461.0,-0.016759412,-4.3861775,7.8888946,-0.12461651,0.1441642,0.48624873
2470.0,-0.079008654,-4.8027687,7.93199,-0.13194689,0.16371189,0.47158796
2483.0,-0.1316811,-5.17387,7.836222,-0.064751714,0.15515977,0.45081854
2489.0,-0.23702596,-5.257667,7.8146744,0.043982297,0.12095132,0.41905355
2499.0,-0.25857377,-4.9823337,7.9272017,0.14538592,0.09040806,0.37751472
2509.0,-0.2705448,-4.7524905,7.9990277,0.20280726,0.07819075,0.33964106
2520.0,-0.23702596,-4.4915223,8.020576,0.20280726,0.06841691,0.30909783
2531.0,-0.29927522,-4.1132383,8.042124,0.1563815,0.06719518,0.28099802
2541.0,-0.33039984,-4.0916905,8.145074,0.0720821,0.081855945,0.25411993
2550.0,-0.33758244,-4.175488,8.202535,-0.015882496,0.09773844,0.23945917
2561.0,-0.37828386,-4.3239284,8.221688,-0.07941248,0.09896017,0.23457226
2569.0,-0.39025488,-4.537012,8.248025,-0.103847094,0.08674286,0.22357668
2580.0,-0.45010993,-4.6806645,8.2169,-0.10629055,0.06841691,0.204029
2589.0,-0.40222588,-4.675876,8.14268,-0.09773844,0.04520403,0.18081611
2602.0,-0.5243302,-4.477157,8.166622,-0.09285152,0.018325957,0.1563815
2610.0,-0.49081135,-4.4220905,8.135497,-0.10262536,0.002443461,0.14049901
2621.0,-0.39025488,-4.5801077,8.133103,-0.112399206,0.0,0.13194689
2629.0,-0.37349546,-4.6399627,8.209718,-0.09773844,-0.009773844,0.12461651
2640.0,-0.4357447,-4.709395,8.269572,-0.061086524,-0.010995574,0.1160644
2649.0,-0.4333505,-4.76925,8.293514,-0.014660766,-0.04520403,0.111177474
2661.0,-0.35434186,-4.7788267,8.348581,0.018325957,-0.059864793,0.10629055
2669.0,-0.51475334,-4.817134,8.3868885,0.034208454,-0.06352998,0.10751228
2681.0,-0.39743748,-4.912902,8.322245,0.04520403,-0.06719518,0.103847094
2690.0,-0.46926352,-4.7740383,8.401254,0.05375614,-0.06352998,0.0842994
2700.0,-0.4285621,-4.687847,8.461109,0.04886922,-0.056199603,0.061086524
2710.0,-0.48362875,-4.5896845,8.413225,0.029321533,-0.05497787,0.047647487
2722.0,-0.47884035,-4.5441947,8.377312,-0.0012217305,-0.047647487,0.043982297
2731.0,-0.48123455,-4.6160207,8.42759,-0.029321533,-0.039095376,0.040317107
2740.0,-0.533907,-4.656722,8.485051,-0.04642576,-0.032986723,0.039095376
2750.0,-0.51714754,-4.76925,8.477868,-0.028099801,-0.032986723,0.039095376
2763.0,-0.50278234,-4.891354,8.372523,-0.028099801,-0.032986723,0.039095376
2772.0,-0.48362875,-4.948815,8.374918,-0.004886922,-0.03176499,0.032986723
2781.0,-0.45250413,-4.972757,8.322245,0.014660766,-0.032986723,0.02687807
2790.0,-0.46447513,-4.951209,8.288726,0.057421334,-0.034208454,0.032986723
2800.0,-0.5530606,-4.9679685,8.336611,0.08674286,-0.03176499,0.02565634
2810.0,-0.5386954,-4.8961425,8.358158,0.10751228,-0.032986723,0.018325957
2820.0,-0.61530983,-4.8362875,8.384495,0.11362094,-0.03176499,0.018325957
2830.0,-0.5410896,-5.0038815,8.429984,0.119729586,-0.030543262,0.02565634
2841.0,-0.47165772,-4.9895163,8.4587145,0.13805555,-0.02321288,0.03176499
2850.0,-0.50038815,-5.0278234,8.408437,0.17104226,-0.02076942,0.02687807
2861.0,-0.51714754,-4.9583917,8.50181,0.2003638,-0.02321288,0.02321288
2871.0,-0.48841715,-4.8362875,8.535329,0.2125811,-0.021991149,0.02687807
2881.0,-0.5267244,-4.7979803,8.492233,0.21380283,-0.019547688,0.03176499
2891.0,-0.5243302,-4.757279,8.535329,0.20769419,-0.02076942,0.035430185
2901.0,-0.5674258,-4.733337,8.480263,0.19792034,-0.013439035,0.037873644
2910.0,-0.59376204,-4.6591167,8.441956,0.18692477,-0.007330383,0.042760566
2922.0,-0.5626374,-4.72376,8.360553,0.18081611,-0.009773844,0.04642576
2930.0,-0.5482722,-4.711789,8.453926,0.18081611,-0.010995574,0.04886922
2941.0,-0.61770403,-4.8386817,8.439561,0.18081611,-0.015882496,0.062308256
2951.0,-0.5770026,-4.88896,8.449138,0.19303341,-0.015882496,0.08674286
2962.0,-0.5650316,-4.9679685,8.377312,0.2321288,-0.03176499,0.1001819
2971.0,-0.51714754,-4.9943047,8.391677,0.28099802,-0.052534413,0.09896017
2981.0,-0.5506664,-4.865018,8.415619,0.312763,-0.07086037,0.09773844
2991.0,-0.48362875,-4.6279917,8.348581,0.312763,-0.08674286,0.09773844
3001.0,-0.46208093,-4.560954,8.312668,0.28955013,-0.09162979,0.096516706
