36.0,5.901707,-3.1747115,7.323863,0.1600467,0.12217305,-0.07819075
49.0,6.2464724,-2.801216,7.156269,-0.02565634,-0.25534168,-0.31642818
52.0,6.2823853,-2.4899697,7.1754227,-0.24923302,-0.37751472,-0.38362336
61.0,6.1866174,-2.4851813,7.1730285,-0.37018433,0.47403142,-0.103847094
77.0,6.0884547,-2.4133554,6.921637,-0.7244862,0.5656612,-0.17959438
81.0,6.045359,-2.5737667,6.727707,-1.0995574,0.4605924,-0.32498032
93.0,6.0525417,-2.6503813,6.6295447,-1.3170254,0.3323107,-0.43127087
102.0,6.0980315,-2.8778305,6.4044895,-1.459968,0.35185838,-0.4605924
112.0,6.2488666,-3.1292217,6.445191,-1.5454891,0.36896262,-0.48747048
124.0,6.88333,-2.6408045,7.132327,-1.5858061,0.39584067,-0.5119051
133.0,6.8665705,-3.086126,6.8186865,-1.6420058,0.3567453,-0.43371433
142.0,6.4140663,-3.2704794,6.6774287,-1.7617353,0.40194935,-0.33841935
152.0,6.337452,-3.095703,6.495469,-1.890017,0.43371433,-0.42638394
162.0,6.4140663,-2.858677,6.38773,-1.9999728,0.42638394,-0.51923543
174.0,6.363788,-2.8083985,6.3542113,-2.1160371,0.4166101,-0.52290064
182.0,6.315904,-2.5905263,6.3111157,-2.2638667,0.40194935,-0.50701815
195.0,6.3542113,-2.5210943,6.2392898,-2.460565,0.38973203,-0.5143485
202.0,6.363788,-2.5330653,6.0836663,-2.6975808,0.37751472,-0.52656585
213.0,6.3206925,-2.6551697,5.901707,-2.9174924,0.37018433,-0.53023106
225.0,6.215348,-2.8802247,5.78918,-3.072652,0.3494149,-0.5290093
233.0,6.133945,-3.205836,5.509058,-3.1569517,0.3005457,-0.52778757
242.0,6.045359,-3.550601,5.2241483,-3.1887167,0.22968534,-0.5290093
254.0,5.887342,-3.8714242,4.9823337,-3.169169,0.16126843,-0.53023106
262.0,5.829881,-4.1611223,4.6806645,-3.1129694,0.09040806,-0.5375614
274.0,5.722142,-4.6016555,4.259285,-3.0250046,0.010995574,-0.56077427
282.0,5.583278,-5.317522,3.4045548,-2.9565878,-0.12217305,-0.6096435
294.0,6.253655,-7.1371155,3.1292217,-2.9358184,-0.24923302,-0.6963864
302.0,7.0126166,-11.058818,3.1507695,-2.8038714,-0.04642576,-0.7318166
314.0,6.612785,-15.2367,4.6519337,-2.0512855,0.46670106,-0.6010914
323.0,4.570531,-16.83842,6.6079965,-0.21746802,0.6963864,-0.51068336
333.0,3.0478187,-15.98369,7.0126166,2.443461,0.312763,-0.6743952
343.0,3.0262709,-13.608643,7.041347,5.1422634,-0.25167647,-0.82711154
353.0,3.775656,-10.54167,6.993463,7.1263537,-0.7867944,-0.77091193
363.0,4.685453,-7.21373,7.086837,7.924144,-1.2168436,-0.6377433
374.0,6.658275,-3.3662477,7.8625584,7.4904294,-1.4660766,-0.55833083
383.0,8.571242,-0.11492168,8.580819,6.1233134,-1.3988814,-0.5546656
394.0,10.235212,1.2856863,9.7563715,4.2907176,-0.9627236,-0.4801401
403.0,10.386047,0.9864111,9.358934,2.2308798,-0.29565877,-0.2321288
413.0,9.737218,-1.2952632,8.384495,0.15149458,0.3286455,0.15149458
423.0,9.25359,-4.8147397,7.642292,-1.5723672,0.8906415,0.70005155
435.0,8.415619,-8.250419,7.764396,-2.6426032,1.4526376,1.3292428
443.0,6.8210807,-10.998962,8.319851,-2.9700267,1.9889772,1.8741345
453.0,5.1930237,-12.861651,8.980651,-2.742785,2.3530529,2.3518312
463.0,3.8522706,-13.462596,9.380483,-2.1465805,2.4373524,2.6865854
473.0,2.873042,-13.467384,10.000581,-1.3426818,2.3383923,2.8393016
483.0,2.468422,-13.160927,10.340557,-0.6243043,2.1771238,2.9663615
495.0,2.6144683,-12.054806,10.378864,-0.04153884,1.9755383,3.150843
503.0,2.80361,-10.338163,10.603919,0.5314528,1.8240436,3.268129
513.0,2.8323407,-8.690952,10.6398325,0.91996306,1.7629571,3.2876768
523.0,2.966416,-7.493851,10.235212,0.9053023,1.8154916,3.3573153
533.0,2.8754363,-7.117962,9.495404,0.52778757,1.9462167,3.5466835
543.0,2.4468741,-7.4603324,8.662222,-0.02076942,2.0977113,3.8020253
555.0,1.8411411,-7.991845,8.020576,-0.593761,2.244319,4.051258
563.0,1.3192052,-8.8777,8.130709,-1.0079277,2.3261747,4.251622
574.0,0.9888053,-9.284714,8.209718,-1.1606439,2.3225098,4.4043384
583.0,0.8379706,-9.356541,8.145074,-1.1032226,2.1930063,4.522846
595.0,0.79726917,-9.157822,7.819463,-0.9419542,2.0195205,4.6266932
604.0,0.6631939,-8.652645,7.1107793,-0.7965683,1.881465,4.7403145
615.0,0.7517793,-8.1642275,6.483498,-0.68661255,1.736079,4.836831
624.0,0.62249243,-7.836222,5.925649,-0.61208695,1.6236799,4.900361
634.0,0.2705448,-7.541735,5.9424086,-0.5497787,1.5528195,4.9577823
643.0,-0.18674773,-7.6829934,6.3781533,-0.40194935,1.5161675,4.9980993
654.0,-0.30406362,-7.8865004,6.6247563,-0.13805555,1.455081,5.0200906
663.0,-0.007182605,-7.6829934,6.8665705,0.15760323,1.3500122,5.013982
675.0,0.10295067,-7.4483614,7.015011,0.42638394,1.2718215,4.972443
684.0,0.06943185,-7.129933,6.777985,0.5839872,1.2473868,4.9309044
695.0,0.019153614,-6.543353,6.4499793,0.30176744,1.2473868,4.912578
703.0,-0.33758244,-5.530606,5.9759274,0.30176744,1.2473868,4.912578
714.0,-0.90740246,-4.618415,5.461174,0.056199603,1.2913691,4.8527136
724.0,-1.4508862,-4.209007,5.2169657,-0.09040806,1.2938126,4.754975
735.0,-1.6304513,-4.048595,5.4420204,-0.20525073,1.2522738,4.6535716
744.0,-1.6232687,-4.5537715,6.007052,-0.3042109,1.2583824,4.5497246
754.0,-1.3718776,-5.3941364,6.1100025,-0.35796702,1.287704,4.4593163
764.0,-1.2282255,-5.710171,5.734113,-0.07696902,1.2327261,4.3029346
774.0,-1.5586253,-4.831499,5.29358,0.31398472,1.1166617,4.1905355
784.0,-1.8411411,-3.4955344,5.171476,0.6389651,0.9859365,4.048815
796.0,-2.006341,-2.705448,4.996699,0.7281514,0.93584555,3.9095376
804.0,-2.0398598,-2.2505496,5.1379566,0.56688297,0.95294976,3.7788124
814.0,-2.1691468,-2.1380222,5.183447,0.3005457,1.0274754,3.6248744
824.0,-2.2864625,-1.7884687,5.485116,0.02565634,1.0677924,3.467271
835.0,-2.4372973,-1.6927006,5.7987566,-0.2284636,1.0885619,3.313333
846.0,-2.5330653,-1.8052281,6.1387334,-0.39095375,1.1215485,3.1496212
858.0,-2.6910827,-1.364695,5.884948,-0.4447099,1.1301007,2.982244
866.0,-3.0909145,-0.9911995,5.5880666,-0.3115413,1.0934488,2.8099802
875.0,-3.4931402,-0.9696517,5.3007627,-0.015882496,1.0274754,2.6218336
886.0,-3.845088,-0.641646,4.72376,0.23457226,0.9224065,2.4446826
895.0,-4.1371803,0.15083471,4.4101195,0.34574974,0.8038987,2.2785273
904.0,-4.474763,0.8451532,4.474763,0.32986724,0.7305948,2.1025982
915.0,-4.72376,1.0007763,4.417302,0.2284636,0.7049385,1.9144517
924.0,-5.011064,1.1348516,4.4220905,0.04520403,0.6731735,1.7470746
934.0,-5.4204726,0.92655605,4.378995,-0.12095132,0.6414085,1.6126842
944.0,-5.825093,1.1587936,4.110844,-0.19547687,0.5815437,1.4697418
954.0,-5.985504,1.520318,3.9815574,-0.19303341,0.48991394,1.2840388
964.0,-6.0884547,1.9919758,3.8379054,-0.112399206,0.39584067,1.0567969
975.0,-6.1507044,2.360683,3.8355112,-0.056199603,0.28221974,0.8246681
983.0,-6.1004257,2.6072857,3.7349546,-0.0842994,0.18936823,0.59986967
995.0,-6.069301,2.8514943,3.7708676,-0.17104226,0.12339478,0.36774087
1005.0,-6.2991447,3.0573955,3.4332852,-0.267559,0.05131268,0.13561209
1015.0,-6.43322,3.371036,3.3087866,-0.34208453,-0.06963864,-0.09285152
1025.0,-6.4044895,3.6343982,3.3183637,-0.39461896,-0.18203785,-0.3481932
1037.0,-6.277597,3.7253778,3.4045548,-0.45570546,-0.28955013,-0.6414085
1049.0,-5.947197,3.6367924,3.6415808,-0.56199604,-0.37995818,-0.9431759
1054.0,-5.710171,3.3518825,3.7684734,-0.70616025,-0.4605924,-1.2290609
1066.0,-5.2121773,2.920926,3.9911342,-0.8552113,-0.50579643,-1.5210545
1075.0,-4.6040497,2.1906946,4.489128,-0.9615019,-0.5363397,-1.8411479
1085.0,-3.9360676,0.7469909,5.159505,-0.98471475,-0.5290093,-2.171015
1098.0,-3.2609026,-0.5602432,5.5976434,-0.9077458,-0.49846604,-2.485
1105.0,-2.9903579,-1.685518,5.853823,-0.7476991,-0.48380527,-2.737898
1115.0,-2.9472623,-2.621651,5.865794,-0.4654793,-0.48624873,-2.9223793
1126.0,-2.966416,-3.1890767,5.5856724,-0.09407325,-0.5326745,-3.0775392
1136.0,-2.9783869,-3.1866825,5.1906295,0.31642818,-0.625526,-3.2363641
1144.0,-3.0119057,-3.0454245,5.1762643,0.7415904,-0.74281216,-3.4147367
1156.0,-2.9712043,-2.906561,5.097255,1.1459832,-0.86254174,-3.604105
1165.0,-2.8419175,-2.6719291,4.7046065,1.4489723,-1.0225884,-3.7739255
1175.0,-2.9257145,-2.6431987,4.8003745,1.6639969,-1.1924089,-3.916868
1185.0,-2.791639,-3.122039,4.747702,1.8936822,-1.3353515,-4.020715
1196.0,-1.1085154,-2.621651,4.7189717,2.1111503,-1.5931365,-4.1001277
1205.0,-0.557849,-1.4460979,6.105214,2.1832323,-1.8191566,-4.456873
1217.0,-0.25139117,-1.055843,6.7324953,1.9364429,-1.8655825,-4.8649306
1226.0,0.50517654,-1.3215994,6.9886746,1.3842206,-1.8545868,-4.9883256
1236.0,1.0462662,-1.8938135,7.2424603,0.7098254,-1.8325957,-4.9260173
1247.0,1.1348516,-2.6384103,7.1251445,0.111177474,-1.7690657,-4.9345694
1256.0,1.42455,-3.335123,6.3949127,-0.38728857,-1.7324139,-5.1031685
1267.0,1.8267759,-4.2161894,6.244078,-0.7696902,-1.717753,-5.338962
1278.0,1.9680338,-5.21936,5.829881,-0.96883225,-1.6676621,-5.542991
1287.0,2.6910827,-6.4140663,6.6654577,-1.0348058,-1.672549,-5.6712728
1297.0,2.6264393,-8.3629465,7.2951326,-0.9309586,-1.5564847,-5.761681
1307.0,2.8538885,-10.184934,7.965509,-0.7147123,-1.4624114,-5.797111
1317.0,3.0190883,-10.613496,7.8027034,-0.47769663,-1.5234979,-5.7775636
1327.0,2.767697,-9.7084875,7.740454,-0.16982053,-1.6249015,-5.8129935
1337.0,2.468422,-8.544906,8.264784,0.172264,-1.6847663,-5.9547143
1346.0,2.3127987,-8.336611,8.396465,0.37995818,-1.704314,-6.1123176
1356.0,2.8658595,-8.257602,8.130709,0.31642818,-1.7373008,-6.134309
1366.0,3.6703112,-8.3390045,8.267179,0.047647487,-1.7776178,-6.0463443
1376.0,4.0940847,-9.160215,8.355764,-0.204029,-1.6884315,-5.957158
1386.0,4.3263226,-9.928755,8.39886,-0.3933972,-1.5809193,-5.808107
1399.0,4.6112323,-11.089942,9.102755,-0.5155703,-1.5296066,-5.553987
1407.0,4.4484267,-12.090718,9.337387,-0.50823987,-1.4257594,-5.2387805
1417.0,4.187459,-12.538434,9.5385,-0.39584067,-1.409877,-4.874705
1427.0,3.8642416,-12.667721,9.528923,-0.23457226,-1.4611896,-4.511851
1438.0,3.7852328,-12.488156,9.689334,-0.10995574,-1.5088371,-4.1734314
1448.0,4.098873,-12.737153,9.991004,-0.09773844,-1.5125023,-3.8337903
1458.0,4.477157,-13.524845,10.13705,-0.15515977,-1.4196508,-3.4306192
1467.0,4.879383,-14.2143755,10.053253,-0.23579398,-1.3329079,-2.9345965
1477.0,4.8626237,-14.147338,9.792285,-0.2602286,-1.2217305,-2.4691174
1487.0,4.644751,-13.65892,9.61272,-0.19792034,-1.0861185,-2.0879374
1498.0,4.2880154,-12.665327,9.358934,0.02687807,-0.8063421,-1.409877
1508.0,4.003105,-11.733982,9.141062,0.02687807,-0.8063421,-1.409877
1519.0,3.7708676,-10.929531,8.956709,0.1160644,-0.68783426,-1.1129965
1528.0,3.7253778,-10.230424,8.686164,0.1563815,-0.548557,-0.8344419
1537.0,3.5075054,-9.394848,8.453926,0.16493362,-0.43982297,-0.5815437
1547.0,3.1675289,-8.537724,8.192958,0.1441642,-0.3323107,-0.38240165
1558.0,2.8921957,-7.867347,8.027759,0.07574729,-0.2321288,-0.22357668
1567.0,2.6024973,-7.3406224,7.833828,-0.043982297,-0.12339478,-0.0842994
1578.0,2.566584,-7.0700774,7.5920134,-0.32375857,0.05497787,0.1282817
1587.0,2.6623523,-7.1371155,7.620744,-0.4373795,0.15027285,0.2125811
1598.0,2.767697,-7.357382,7.429208,-0.4642576,0.23335053,0.3005457
1608.0,2.930503,-7.357382,7.371747,-0.38973203,0.28099802,0.38240165
1618.0,3.1866825,-7.189788,7.2568254,-0.2406809,0.30543262,0.44226643
1628.0,3.3782187,-6.7372837,7.029376,-0.073303826,0.29565877,0.47769663
1640.0,3.6487634,-6.5361705,6.9958572,0.05497787,0.3005457,0.51068336
1648.0,3.952827,-6.3422403,6.8761473,0.13194689,0.3213151,0.5522222
1657.0,4.220978,-6.2464724,6.8091097,0.17470746,0.3408628,0.60231316
1667.0,4.390966,-6.129156,6.8043213,0.20891592,0.3481932,0.6414085
1678.0,4.673482,-6.2129536,6.789956,0.26145032,0.36285394,0.6731735
1687.0,4.831499,-6.1195793,6.8043213,0.32986724,0.36651915,0.7122689
1699.0,4.96318,-6.033388,6.8929067,0.41050145,0.3567453,0.75625116
1708.0,5.0421886,-5.8107276,6.919243,0.49113566,0.34208453,0.79290307
1719.0,5.085284,-5.470751,7.0006456,0.55833083,0.32375857,0.81489426
1729.0,5.1523223,-5.1930237,6.9838862,0.5888741,0.31398472,0.8258898
1738.0,5.1786585,-4.88896,7.07726,0.5693264,0.31887165,0.8332202
1748.0,5.267244,-4.618415,7.043741,0.49968776,0.31764993,0.829555
1760.0,5.2504845,-4.498705,7.129933,0.3848451,0.344528,0.81122905
1769.0,5.231331,-4.644751,7.03177,0.2443461,0.38973203,0.79290307
1777.0,5.21936,-4.5801077,6.945579,0.11484267,0.4166101,0.7819075
1788.0,5.149928,-4.620809,6.9264255,0.02687807,0.42271876,0.75625116
1800.0,4.912902,-4.6255975,6.8641763,-0.02565634,0.44715336,0.7110472
1809.0,4.76925,-4.642357,6.8402343,-0.064751714,0.46792278,0.6792821
1818.0,4.6950297,-4.8506527,6.811504,-0.081855945,0.4605924,0.6658431
1828.0,4.4819455,-4.9679685,6.8522053,-0.06352998,0.4642576,0.64751714
1839.0,4.1922474,-4.9703627,6.8210807,-0.018325957,0.46792278,0.61453044
1848.0,4.06296,-4.9464207,6.7564373,0.04642576,0.44348818,0.58032197
1857.0,3.9552212,-4.817134,6.825869,0.12095132,0.4007276,0.53878313
1868.0,3.7684734,-4.9655743,6.919243,0.18570304,0.37995818,0.49846604
1880.0,3.7421372,-5.1642933,6.943185,0.23701571,0.3567453,0.48380527
1887.0,3.6056678,-5.2624555,7.0461354,0.2932153,0.33353242,0.47525316
1900.0,3.4572272,-5.2863975,7.1347213,0.3567453,0.30298916,0.4605924
1910.0,3.3854012,-5.121197,7.1849995,0.41050145,0.267559,0.43982297
1916.0,3.2585084,-5.116409,7.2185183,0.4373795,0.23579398,0.4202753
1927.0,3.3494883,-5.068525,7.285556,0.42638394,0.21991149,0.39950588
1937.0,3.371036,-5.020641,7.338228,0.3921755,0.21868975,0.37384954
1948.0,3.3901896,-5.1523223,7.4603324,0.35185838,0.21991149,0.3494149
1958.0,3.265691,-5.2863975,7.433996,0.31031954,0.21624629,0.3408628
1968.0,3.301604,-5.3223104,7.4603324,0.27977628,0.2003638,0.344528
1977.0,3.1364043,-5.2768207,7.457938,0.26389378,0.19303341,0.33964106
1987.0,3.0669725,-5.159505,7.5106106,0.24556783,0.19303341,0.32742378
2000.0,3.0621839,-5.1116204,7.4004774,0.2125811,0.19914207,0.31520647
2008.0,3.064578,-5.142745,7.36217,0.172264,0.20280726,0.30176744
2018.0,3.098097,-5.116409,7.273585,0.13439035,0.204029,0.28955013
2028.0,3.052607,-5.2648497,7.216124,0.10262536,0.19792034,0.2761111
2041.0,3.1124623,-5.3941364,7.2209125,0.08552113,0.20280726,0.27122417
2059.0,3.0023289,-5.475539,7.201759,0.09285152,0.2003638,0.27000242
2059.0,2.9903579,-5.5641246,7.2113357,0.11728613,0.1881465,0.2687807
2066.0,2.9017725,-5.4779334,7.3047094,0.15027285,0.18448131,0.2602286
2075.0,2.906561,-5.329493,7.311892,0.17959438,0.17592919,0.2406809
2087.0,2.8921957,-5.2600613,7.371747,0.1881465,0.17715092,0.21868975
2100.0,2.8682537,-5.3318872,7.3525934,0.17470746,0.17959438,0.204029
2108.0,2.80361,-5.245696,7.33344,0.15149458,0.17959438,0.19547687
2118.0,2.731784,-5.243302,7.36217,0.12583824,0.18325958,0.18448131
2125.0,2.7964275,-5.2504845,7.4244194,0.10262536,0.17592919,0.172264
2137.0,2.7748797,-5.243302,7.417237,0.081855945,0.16126843,0.16249016
2146.0,2.7940333,-5.145139,7.33344,0.052534413,0.14172074,0.15027285
2156.0,2.7820623,-5.209783,7.2831616,0.019547688,0.12461651,0.13927728
2166.0,2.7820623,-5.121197,7.3310456,-0.009773844,0.112399206,0.1282817
2178.0,2.6839,-5.0900726,7.2711906,-0.036651913,0.103847094,0.11484267
2186.0,2.6910827,-5.0900726,7.2448545,-0.061086524,0.10629055,0.103847094
2198.0,2.741361,-5.130774,7.275979,-0.06841691,0.07574729,0.09040806
2206.0,2.7102363,-5.195418,7.302315,-0.062308256,0.061086524,0.07452556
2217.0,2.6503813,-5.3007627,7.311892,-0.043982297,0.04153884,0.065973446
2226.0,2.6862943,-5.3247046,7.264008,-0.021991149,0.017104227,0.064751714
2238.0,2.693477,-5.315128,7.3310456,0.008552114,-0.008552114,0.05497787
2247.0,2.6551697,-5.1882353,7.4004774,0.036651913,-0.032986723,0.037873644
2257.0,2.7269957,-5.185841,7.429208,0.052534413,-0.04886922,0.02687807
2267.0,2.7006595,-5.1906295,7.40766,0.052534413,-0.061086524,0.017104227
2278.0,2.7461493,-5.171476,7.4363904,0.043982297,-0.065973446,0.008552114
2288.0,2.6862943,-5.161899,7.513005,0.036651913,-0.07086037,-0.0012217305
2299.0,2.6647465,-5.1666875,7.5848308,0.034208454,-0.07696902,-0.009773844
2309.0,2.765303,-5.2241483,7.603985,0.028099801,-0.07696902,-0.019547688
2319.0,2.7150247,-5.2480903,7.6351094,0.02076942,-0.080634214,-0.02687807
2329.0,2.7485435,-5.374983,7.6614456,0.015882496,-0.08552113,-0.02687807
2339.0,2.8179753,-5.4324436,7.7452426,0.012217305,-0.07452556,-0.02321288
2349.0,2.8299465,-5.5856724,7.750031,0.013439035,-0.06841691,-0.021991149
2361.0,2.7605145,-5.482722,7.752425,0.02321288,-0.057421334,-0.02076942
2368.0,2.8060043,-5.410896,7.788338,0.035430185,-0.05131268,-0.02076942
2379.0,2.779668,-5.4659624,7.771579,0.04153884,-0.040317107,-0.021991149
2388.0,2.777274,-5.463568,7.8170686,0.042760566,-0.035430185,-0.019547688
2400.0,2.8107927,-5.3941364,7.8266454,0.039095376,-0.008552114,-0.012217305
2408.0,2.7844565,-5.3558292,7.85777,0.039095376,-0.008552114,-0.012217305
2420.0,2.801216,-5.446809,7.78355,0.02321288,0.013439035,0.0061086523
2429.0,2.7389667,-5.4420204,7.7691846,0.015882496,0.02076942,0.015882496
2440.0,2.7629087,-5.434838,7.6949644,0.013439035,0.021991149,0.02565634
2449.0,2.717419,-5.377377,7.7548194,0.014660766,0.036651913,0.030543262
2460.0,2.7222073,-5.415684,7.7093296,0.02076942,0.034208454,0.034208454
2468.0,2.7461493,-5.4324436,7.7428484,0.02565634,0.032986723,0.04153884
2481.0,2.779668,-5.509058,7.6255326,0.030543262,0.02076942,0.04886922
2488.0,2.7509377,-5.427655,7.687782,0.035430185,0.02321288,0.056199603
2501.0,2.7581203,-5.403713,7.644686,0.043982297,0.02076942,0.059864793
2509.0,2.6503813,-5.2624555,7.668628,0.047647487,0.030543262,0.056199603
2520.0,2.669535,-5.2265425,7.668628,0.039095376,0.03176499,0.04886922
2528.0,2.6168625,-5.2361193,7.668628,0.017104227,0.030543262,0.04642576
2540.0,2.6503813,-5.3079453,7.6351094,-0.0012217305,0.02687807,0.039095376
2548.0,2.6503813,-5.3582234,7.728483,-0.010995574,0.032986723,0.029321533
2559.0,2.6192567,-5.2744265,7.699753,-0.0061086523,0.018325957,0.028099801
2568.0,2.585738,-5.3199162,7.678205,-0.0012217305,0.008552114,0.028099801
2579.0,2.60968,-5.243302,7.680599,-0.0036651916,0.0061086523,0.02565634
2589.0,2.6192567,-5.3127337,7.675811,-0.013439035,0.009773844,0.02565634
2602.0,2.5833437,-5.365406,7.6710224,-0.02443461,0.017104227,0.02687807
2610.0,2.5881321,-5.3079453,7.632715,-0.028099801,0.009773844,0.02565634
2621.0,2.5067291,-5.281609,7.608773,-0.02565634,0.014660766,0.02076942
2631.0,2.5019407,-5.2600613,7.6949644,-0.013439035,0.012217305,0.010995574
2641.0,2.5450363,-5.3127337,7.5968018,0.0012217305,0.0012217305,0.007330383
2651.0,2.552219,-5.379771,7.627927,0.014660766,0.0,0.010995574
2662.0,2.5210943,-5.3438582,7.5824366,0.02565634,0.0012217305,0.010995574
2669.0,2.5953147,-5.494693,7.575254,0.035430185,0.013439035,0.010995574
2681.0,2.6503813,-5.451597,7.608773,0.04886922,0.028099801,0.015882496
2689.0,2.6791117,-5.391742,7.656657,0.062308256,0.02443461,0.019547688
2701.0,2.6408045,-5.3318872,7.642292,0.06841691,0.036651913,0.014660766
2709.0,2.681506,-5.4085016,7.66384,0.06352998,0.043982297,0.010995574
2722.0,2.7102363,-5.4659624,7.6853876,0.05131268,0.05375614,0.012217305
2729.0,2.707842,-5.427655,7.6949644,0.037873644,0.05497787,0.010995574
2740.0,2.717419,-5.485116,7.728483,0.02687807,0.061086524,0.007330383
2752.0,2.7724855,-5.4539914,7.702147,0.017104227,0.064751714,0.007330383
2761.0,2.7389667,-5.389348,7.819463,0.007330383,0.0720821,0.008552114
2770.0,2.707842,-5.4324436,7.773973,-0.0012217305,0.07574729,0.012217305
2782.0,2.755726,-5.482722,7.726089,-0.008552114,0.065973446,0.013439035
2789.0,2.80361,-5.45878,7.7189064,-0.009773844,0.062308256,0.013439035
2801.0,2.765303,-5.422867,7.668628,-0.004886922,0.057421334,0.017104227
2809.0,2.705448,-5.33907,7.5944076,-0.002443461,0.058643065,0.02443461
2821.0,2.6886885,-5.3582234,7.620744,-0.0012217305,0.05375614,0.029321533
2830.0,2.6886885,-5.2744265,7.599196,-0.009773844,0.058643065,0.035430185
2842.0,2.554613,-5.2768207,7.632715,-0.015882496,0.05497787,0.04153884
2851.0,2.552219,-5.3079453,7.7452426,-0.021991149,0.057421334,0.04520403
2860.0,2.597709,-5.3606176,7.6734166,-0.02321288,0.05131268,0.047647487
2869.0,2.5761611,-5.365406,7.726089,-0.02321288,0.034208454,0.047647487
2880.0,2.597709,-5.446809,7.61835,-0.02565634,0.028099801,0.04886922
2889.0,2.5306711,-5.568913,7.6111674,-0.02443461,0.036651913,0.052534413
2902.0,2.5881321,-5.6646814,7.6351094,0.002443461,0.035430185,0.059864793
2908.0,2.4995465,-5.710171,7.764396,0.05009095,0.037873644,0.06963864
2920.0,2.3678656,-5.6982,7.7667904,0.11484267,0.036651913,0.07452556
2928.0,2.4157495,-5.542577,7.881712,0.18081611,0.02565634,0.07819075
2942.0,2.2816741,-5.4444146,7.855376,0.22602014,0.017104227,0.08674286
2951.0,2.360683,-5.3007627,7.788338,0.24556783,0.0036651916,0.103847094
2962.0,2.3080103,-5.2648497,7.8170686,0.24312437,0.0061086523,0.119729586
2969.0,2.2218192,-5.1930237,7.893683,0.22479841,0.009773844,0.13072516
2981.0,2.255338,-5.1475334,7.785944,0.19303341,0.02076942,0.14294247
2990.0,2.2337902,-5.1690817,7.824251,0.16126843,0.014660766,0.15271631
3002.0,2.1811178,-5.133168,7.78355,0.12583824,0.009773844,0.15882497
3010.0,2.0973208,-5.21936,7.776367,0.08674286,0.0036651916,0.16737708
