27.0,0.21068975,0.48841715,9.387665,-0.0012217305,0.010995574,-0.012217305
40.0,0.21068975,0.48841715,9.387665,0.15882497,0.12705997,-0.073303826
43.0,0.20350714,0.7302315,9.387665,-0.017104227,-0.20647246,-0.27855456
55.0,0.48602295,0.49799395,9.107543,-0.19425514,-0.32986724,-0.3640757
63.0,0.32321724,0.4237737,9.14585,-0.20280726,0.5412266,-0.080634214
73.0,0.4213795,0.48123455,9.057265,-0.36163223,0.6560693,-0.15882497
85.0,0.9552865,0.24181437,8.860941,-0.5143485,0.5717699,-0.3652974
93.0,0.9672575,0.31603462,8.765172,-0.59498274,0.45937067,-0.5290093
103.0,0.9911995,0.45010993,8.566454,-0.6658431,0.49480084,-0.5876524
113.0,1.1180922,0.5650316,8.468291,-0.7855727,0.52534413,-0.66339964
124.0,1.1851299,0.5722142,8.1881695,-0.95417154,0.58276546,-0.7476991
134.0,1.0582372,0.58897364,8.0445175,-1.1398746,0.6365216,-0.81489426
145.0,0.9768343,0.33039984,7.8505874,-1.3121386,0.6768387,-0.8881981
154.0,0.78769237,0.110133275,7.795521,-1.4440855,0.7049385,-0.98715824
163.0,0.7469909,-0.05746084,7.716512,-1.5308284,0.7110472,-1.0861185
173.0,0.7637503,-0.34955344,7.6351094,-1.6578883,0.73792523,-1.2473868
185.0,0.7517793,-0.62009823,7.656657,-1.6578883,0.73792523,-1.2473868
194.0,0.50517654,-0.6823475,7.943961,-1.7324139,0.75625116,-1.3170254
205.0,0.11971009,-1.1324574,8.171411,-1.858252,0.7831292,-1.351234
214.0,-0.20590134,-1.6232687,8.39886,-2.0097466,0.84421575,-1.3548992
224.0,-0.5554548,-2.2960393,8.805874,-2.122146,0.91507614,-1.3561208
234.0,-0.94810385,-2.930503,9.270349,-2.162463,0.9969321,-1.3170254
244.0,-1.8387469,-4.2640734,10.263943,-2.125811,1.0189233,-1.2730432
253.0,-2.3295584,-4.5322237,10.520123,-2.085494,1.0299188,-1.2266175
265.0,-2.6982653,-4.6112323,10.682928,-2.1099286,1.0360274,-1.1704178
274.0,-3.0550013,-4.5801077,10.625467,-2.2296581,1.0714576,-1.0885619
285.0,-3.4021606,-4.4843397,10.381259,-2.420248,1.110553,-0.9639453
294.0,-3.8474822,-4.6471453,10.060435,-2.6254988,1.1325442,-0.816116
304.0,-4.1539397,-5.0062757,9.854534,-2.806315,1.1630874,-0.6585127
314.0,-4.453215,-5.693412,9.6845455,-2.896723,1.2253957,-0.48502702
325.0,-4.5441947,-6.6247563,9.442732,-2.8319712,1.2425,-0.29565877
334.0,-4.819528,-7.606379,9.263166,-2.6047294,1.2119566,-0.10262536
345.0,-4.9057193,-8.161834,9.248801,-2.2406538,1.1496484,0.0842994
354.0,-5.1355624,-8.626308,9.215282,-1.8154916,1.0629056,0.2761111
364.0,-5.315128,-8.6813755,9.277532,-1.382999,0.98471475,0.49235737
374.0,-5.6335564,-8.554482,9.43076,-0.9822713,0.89675015,0.7110472
386.0,-5.6982,-8.169016,9.607931,-0.6658431,0.84421575,0.9114109
394.0,-5.6527104,-7.9104424,9.734824,-0.43982297,0.8356637,1.1081096
404.0,-5.511452,-7.85777,10.084377,-0.3359759,0.87109387,1.3267993
414.0,-5.2528787,-7.9870567,10.524911,-0.3042109,0.94806284,1.5564847
424.0,-4.924873,-8.291121,10.87207,-0.267559,1.0519099,1.7873917
434.0,-4.534618,-8.446744,10.984597,-0.18692477,1.1472049,2.0244074
445.0,-4.2521024,-8.48984,10.668563,-0.05497787,1.2229522,2.2553146
454.0,-4.1922474,-8.248025,10.340557,0.10262536,1.3011429,2.452013
465.0,-4.1659107,-7.587225,10.04607,0.25045475,1.3939945,2.5986207
474.0,-3.751714,-6.157887,10.208876,0.4361578,1.4892895,2.6193902
485.0,-2.6001031,-3.3686419,10.670957,0.73426,1.5540411,2.3151793
495.0,-1.9273324,-1.70946,10.405201,0.7611381,1.6920967,1.958434
505.0,-1.922544,-1.6711528,10.093954,0.18448131,1.9865338,1.9889772
515.0,-2.5139117,-2.504335,9.964667,-0.5864306,2.3774874,2.3469443
525.0,-3.347094,-4.6830587,9.713276,-0.9370673,2.638938,2.6621506
535.0,-4.426879,-6.3111157,8.504205,-0.6047566,2.6035078,2.7708848
544.0,-5.0134583,-6.979098,7.819463,0.22602014,2.4361305,2.7207937
555.0,-5.0493712,-6.5625067,7.299921,1.1252137,2.2504275,2.637716
565.0,-4.6662993,-5.398925,6.4404025,1.7800614,2.1148155,2.5864034
575.0,-4.3478703,-4.223372,5.461174,2.0818288,2.0195205,2.5546384
585.0,-4.2784386,-2.9616275,4.4603977,2.0842721,1.953547,2.5082128
595.0,-4.3861775,-1.7118542,3.6415808,1.9181169,1.8875736,2.4165828
605.0,-4.441244,-0.58657944,2.9759927,1.677436,1.8008307,2.2821925
615.0,-4.51307,0.4381389,2.5833437,1.3793337,1.6982054,2.1294763
626.0,-4.486734,1.1109096,2.315193,1.0629056,1.5674802,1.9914207
636.0,-4.4939165,1.496376,2.2170308,0.7611381,1.3988814,1.8655825
648.0,-4.711789,1.8124107,2.0374656,0.4654793,1.210735,1.7336355
657.0,-4.84347,1.7812861,2.0398598,0.17592919,1.028697,1.5699236
667.0,-5.0038815,1.673547,2.042254,-0.06963864,0.8564331,1.359786
678.0,-4.9200845,1.5275006,2.0733786,-0.21502456,0.657291,1.1154399
690.0,-5.00867,1.3982137,2.2505496,-0.26267207,0.4288274,0.8539896
696.0,-4.9583917,1.4413095,2.2625206,-0.2761111,0.19058995,0.57910025
707.0,-4.8985367,2.006341,2.3415294,-0.3042109,-0.056199603,0.28588495
718.0,-4.6710877,2.5139117,2.4037786,-0.4092797,-0.267559,-0.018325957
727.0,-4.3837833,2.954445,2.6767175,-0.6072,-0.4373795,-0.32986724
737.0,-4.0438066,2.944868,3.1411927,-0.8772025,-0.54611355,-0.643852
748.0,-3.7612908,2.4540567,3.6750996,-1.1459832,-0.5815437,-0.95294976
758.0,-3.4237084,1.8315643,4.1419687,-1.3292428,-0.61208695,-1.2534955
769.0,-3.3446999,1.0989386,4.7309427,-1.3720033,-0.6389651,-1.5577064
777.0,-3.1675289,0.23463176,5.257667,-1.282817,-0.6646214,-1.8643607
789.0,-3.016694,-0.60333884,5.559336,-1.0751228,-0.6927212,-2.1600194
798.0,-2.8754363,-1.3934253,5.695806,-0.75747293,-0.71959925,-2.4251351
810.0,-2.8562827,-2.2361844,5.645528,-0.3848451,-0.7696902,-2.6572638
817.0,-2.9041667,-2.930503,5.5641246,0.021991149,-0.82711154,-2.8735101
827.0,-2.9759927,-3.3279405,5.509058,0.47403142,-0.9101892,-3.0921998
838.0,-3.122039,-3.2704794,5.434838,0.94806284,-1.0494665,-3.321885
848.0,-3.074155,-2.822764,5.506664,1.4184291,-1.2046263,-3.5918877
857.0,-2.5833437,-2.291251,6.2943563,1.7629571,-1.3109168,-3.8948767
868.0,-2.1045034,-1.9991584,6.7205243,1.8106046,-1.3878858,-4.10868
877.0,-1.4077905,-1.934515,7.041347,1.6420058,-1.3744467,-4.2271876
888.0,-0.9672575,-2.1452048,7.1706343,1.4294246,-1.3206906,-4.348139
897.0,-0.6799533,-2.5115175,7.1586633,1.2669345,-1.2999213,-4.5265117
907.0,-0.45968673,-2.7246015,6.933608,1.1679744,-1.3341297,-4.7390924
919.0,-0.2633622,-2.707842,6.71813,1.0775663,-1.4001031,-4.9797735
930.0,0.25378537,-2.693477,6.871359,0.9211848,-1.4245378,-5.226563
937.0,0.7302315,-2.7748797,7.2687964,0.6377433,-1.3878858,-5.4147096
947.0,1.3096284,-3.550601,7.8290396,0.27000242,-1.269378,-5.511226
958.0,1.745373,-4.793192,7.93199,-0.0720821,-1.1545353,-5.5491
968.0,2.123657,-6.0956373,8.532935,-0.23823744,-1.0128145,-5.597969
979.0,2.1260512,-7.893683,8.966286,-0.12095132,-0.86376345,-5.629734
990.0,2.0733786,-9.758766,9.323022,-0.12095132,-0.86376345,-5.629734
997.0,1.8195933,-10.972627,9.109938,0.08674286,-0.86132,-5.5820866
1008.0,1.4987702,-11.420342,9.172187,0.4166101,-0.88208944,-5.5588737
1018.0,0.93852705,-11.21444,9.186552,0.7464773,-0.9786061,-5.575978
1028.0,0.62967503,-10.546458,8.856153,0.90285885,-1.0751228,-5.5686474
1037.0,0.85473,-9.773131,9.035717,0.8503244,-1.0629056,-5.480683
1069.0,1.2856863,-9.636662,9.416395,0.6988298,-0.9285152,-5.2998667
1070.0,1.6041151,-10.280702,9.9790325,0.46914452,-0.74281216,-4.7439795
1070.0,1.6519991,-10.623073,10.304645,0.41050145,-0.6927212,-4.5350637
1077.0,1.5682021,-10.510546,10.448297,0.28710666,-0.6059783,-4.318817
1089.0,1.5107412,-10.572795,10.381259,0.04153884,-0.49235737,-4.0268235
1097.0,1.364695,-10.85531,10.326192,-0.27122417,-0.33353242,-3.6835175
1108.0,1.0175357,-11.353305,10.010158,-0.5656612,-0.14905111,-3.3426547
1117.0,0.641646,-11.7148285,9.76116,-0.7489208,-0.0012217305,-3.015231
1128.0,0.2681506,-12.248735,9.481039,-0.7819075,0.13194689,-2.6841419
1136.0,-0.110133275,-12.849681,9.337387,-0.6646214,0.21135938,-2.3273966
1146.0,-0.4405331,-12.823344,9.14585,-0.45448375,0.23701571,-1.9608774
1157.0,-0.6631939,-12.571953,9.0716305,-0.2406809,0.25045475,-1.6249015
1170.0,-0.9696517,-11.915942,9.002198,-0.10995574,0.26389378,-1.3035865
1179.0,-1.2593501,-11.075577,8.863335,-0.096516706,0.28955013,-0.9627236
1189.0,-1.4149733,-10.539276,8.611943,-0.17104226,0.3323107,-0.6206391
1198.0,-1.5777789,-10.172963,8.3390045,-0.29077184,0.37995818,-0.29810223
1208.0,-1.6472107,-10.041282,8.180987,-0.41538838,0.4361578,0.014660766
1218.0,-1.7022774,-10.081984,7.979874,-0.50335294,0.48624873,0.31642818
1227.0,-1.769315,-10.213664,7.9990277,-0.5375614,0.5155703,0.6072
1238.0,-1.7956513,-10.338163,8.018182,-0.52778757,0.52290064,0.89675015
1248.0,-1.5969325,-10.536881,8.1163435,-0.48991394,0.5314528,1.1814134
1258.0,-1.2737153,-10.764331,8.408437,-0.44959682,0.5497787,1.4587462
1268.0,-0.93852705,-10.929531,8.6095495,-0.44348818,0.5644395,1.7421877
1279.0,-0.45968673,-10.733206,8.492233,-0.4886922,0.58276546,2.0231857
1290.0,-0.17477672,-10.658986,8.343793,-0.5815437,0.61819565,2.298075
1297.0,-0.079008654,-10.31901,8.0924015,-0.7012733,0.6597345,2.5607471
1309.0,0.01436521,-10.206482,7.855376,-0.82344633,0.6939429,2.8209758
1318.0,0.08619126,-10.390836,7.776367,-0.9443977,0.70738196,3.082426
1329.0,0.23702596,-10.6158905,7.726089,-1.0421361,0.73914695,3.3304374
1338.0,0.3854665,-11.039664,7.7667904,-1.0726794,0.75747293,3.5894442
1349.0,0.5793968,-11.662156,7.714118,-0.98471475,0.75625116,3.8716638
1358.0,0.6703765,-12.088325,7.7213006,-0.78801614,0.68294734,4.1331143
1369.0,0.80924016,-11.810597,7.529764,-0.5717699,0.57787853,4.324926
1378.0,0.8595184,-10.91756,7.297527,-0.45448375,0.5143485,4.486194
1389.0,0.8355764,-10.070012,7.029376,-0.49357912,0.4886922,4.660902
1400.0,0.6727707,-9.200917,6.6870055,-0.6780604,0.47525316,4.8417177
1409.0,0.5434838,-8.789114,6.5457473,-0.93584555,0.516792,5.0164256
1418.0,0.22505496,-8.987833,6.4858923,-1.1728612,0.56077427,5.20335
1429.0,0.0023942017,-9.25359,6.399701,-1.282817,0.51068336,5.373171
1440.0,0.007182605,-9.030929,6.315904,-1.2095132,0.44715336,5.439144
1449.0,0.076614454,-8.485051,6.694188,-1.0177015,0.4129449,5.436701
1458.0,-0.05746084,-7.5106106,6.8162923,-0.8405506,0.35308012,5.4464746
1469.0,-0.11971009,-6.4858923,7.1227503,-0.7367035,0.3323107,5.4501395
1478.0,-0.2825158,-5.5617304,7.323863,-0.72082096,0.37873647,5.4147096
1490.0,-0.31364042,-5.0062757,7.5704656,-0.77579886,0.45204028,5.347514
1498.0,-0.5267244,-4.39336,7.165846,-0.8332202,0.50823987,5.2253413
1509.0,-0.7326257,-4.0892963,6.9767036,-0.9211848,0.55955255,5.064073
1519.0,-1.1947067,-3.5553896,6.519411,-1.0458013,0.59131753,4.8966956
1531.0,-1.5370775,-3.241749,6.2488666,-1.1496484,0.6047566,4.718323
1538.0,-1.8842367,-2.765303,6.0501475,-1.17897,0.5888741,4.511851
1549.0,-2.1332338,-2.336741,6.2488666,-1.0934488,0.56321776,4.2785
1559.0,-2.3056161,-2.087744,6.567295,-0.9114109,0.52290064,4.01705
1569.0,-2.4612393,-1.9680338,6.9527617,-0.6536258,0.47525316,3.7274997
1577.0,-2.4253263,-1.6089035,6.7731967,-0.40439278,0.43982297,3.4074063
1590.0,-2.4636335,-1.103727,6.7205243,-0.13316862,0.4092797,3.0702088
1598.0,-2.5474305,-0.7685388,6.253655,0.06719518,0.3726278,2.742785
1608.0,-2.6791117,-0.5243302,5.7843914,0.16493362,0.33475417,2.4410176
1618.0,-2.7605145,0.07182605,5.482722,0.17715092,0.27977628,2.1294763
1626.0,-2.7509377,0.50996494,5.281609,0.12950343,0.23457226,1.781283
1637.0,-2.6048915,0.9768343,5.2049947,0.07452556,0.1881465,1.3439035
1651.0,-2.5498247,1.8028339,4.9464207,0.018325957,0.11484267,0.7892379
1657.0,-2.7988217,2.468422,4.795586,-0.081855945,0.058643065,0.24556783
1669.0,-3.1292217,2.731784,4.7644615,-0.17470746,0.057421334,-0.22235495
1677.0,-3.3039982,1.8746599,4.8458643,-0.2003638,0.043982297,-0.6426302
1689.0,-3.122039,0.2753332,4.7668557,-0.25289822,-0.007330383,-1.0054842
1698.0,-3.0334535,-1.0007763,4.5154643,-0.2687807,-0.06719518,-1.3060299
1709.0,-3.0358477,-1.9273324,4.697424,-0.16982053,-0.15271631,-1.582141
1718.0,-3.2345665,-2.4181437,4.781221,-0.002443461,-0.24556783,-1.8545868
1728.0,-3.4691982,-2.56419,4.939238,0.172264,-0.36163223,-2.1209242
1738.0,-3.5098996,-2.291251,4.618415,0.2968805,-0.4728097,-2.3848178
1748.0,-3.5075054,-1.673547,4.3526587,0.35430184,-0.59620446,-2.6743681
1759.0,-3.3327289,-0.91697925,3.940856,0.3323107,-0.7049385,-3.0079005
1769.0,-3.0238767,-0.23223756,3.4213142,0.22235495,-0.8173377,-3.363424
1778.0,-2.6551697,0.4165911,3.040636,0.057421334,-0.9126327,-3.7201693
1789.0,-2.1619642,0.8834604,2.920926,-0.12461651,-0.96883225,-4.076915
1798.0,-1.388637,0.5793968,3.620033,-0.2773328,-0.91751957,-4.414112
1808.0,-0.79966336,-0.9648633,4.6830587,-0.3726278,-0.79290307,-4.651128
1817.0,-0.095768064,-3.5553896,6.117185,-0.29443705,-0.6267477,-4.7610836
1828.0,-0.023942016,-6.64391,6.7564373,0.062308256,-0.5705481,-4.7977357
1837.0,-0.29688102,-9.3733,6.7923503,0.7134906,-0.70738196,-4.8270574
1848.0,-0.7661445,-10.618284,7.1083846,1.609019,-0.9456194,-4.9052477
1857.0,-1.6783354,-10.429143,6.576872,2.574186,-1.2522738,-5.039638
1868.0,-2.1930888,-8.578424,6.50744,3.3707545,-1.6334536,-5.2387805
1879.0,-1.9321208,-7.079654,7.9152308,3.5234706,-1.9181169,-5.336519
1890.0,-1.4676456,-6.50744,8.834604,3.5234706,-1.9181169,-5.336519
1897.0,-0.44771573,-6.6175733,9.478644,2.171015,-1.8289305,-4.97733
1907.0,1.0965444,-5.9878983,11.046846,1.5467108,-1.6615535,-4.9663343
1918.0,1.4748282,-5.401319,11.398794,1.0592403,-1.5161675,-5.013982
1928.0,1.99437,-4.709395,11.341333,0.70005155,-1.423316,-5.0701814
1938.0,2.5330653,-4.9655743,10.668563,0.30298916,-1.3365731,-5.0335298
1950.0,3.1172507,-6.2512608,10.005369,-0.10995574,-1.17897,-4.8270574
1959.0,3.442862,-7.8912888,9.294291,-0.36896262,-0.9896017,-4.5497246
1969.0,3.4500446,-9.497798,9.13388,-0.42394048,-0.8014552,-4.280944
1978.0,3.1914709,-10.419566,8.947132,-0.3726278,-0.68539083,-4.010941
1987.0,2.717419,-10.857705,9.107543,-0.29443705,-0.5705481,-3.7018435
1997.0,2.171541,-11.559206,9.215282,-0.21502456,-0.46914452,-3.3279939
2008.0,1.7262194,-12.090718,9.533711,-0.08674286,-0.41172317,-2.9492574
2017.0,1.3479356,-12.164939,9.531317,0.10262536,-0.39461896,-2.607173
2026.0,0.89782566,-11.9135475,9.646238,0.28221974,-0.39461896,-2.2834144
2037.0,0.7038953,-11.307815,9.519346,0.39584067,-0.39950588,-1.971873
2055.0,0.50996494,-10.58716,9.301474,0.42149702,-0.37751472,-1.6737708
2057.0,0.32800564,-9.854534,9.078813,0.37018433,-0.33841935,-1.3976597
2068.0,0.24420857,-9.337387,8.913613,0.27977628,-0.29932398,-1.1557571
2077.0,0.12928689,-8.645462,8.628703,0.17104226,-0.25289822,-0.9407325
2089.0,0.17717093,-8.1881695,8.276755,0.05009095,-0.21868975,-0.7440339
2097.0,0.18195933,-7.788338,7.9367785,-0.07574729,-0.18448131,-0.5729916
2107.0,0.23942018,-7.503428,7.7667904,-0.19058995,-0.1441642,-0.42149702
2118.0,0.2657564,-7.4268136,7.565677,-0.2724459,-0.1160644,-0.27855456
2129.0,0.36152446,-7.4268136,7.405266,-0.3005457,-0.096516706,-0.16126843
2139.0,0.60812724,-7.275979,7.2927384,-0.2846632,-0.073303826,-0.07819075
2148.0,0.6847417,-7.1634517,7.314286,-0.25045475,-0.05009095,-0.0061086523
2159.0,0.81163436,-7.21373,7.33344,-0.21624629,-0.028099801,0.06352998
2169.0,1.0654198,-7.03177,7.3286514,-0.19425514,-0.002443461,0.12217305
2179.0,1.271321,-6.897695,7.347805,-0.18570304,0.028099801,0.16615535
2191.0,1.4556746,-6.6870055,7.359776,-0.18936823,0.065973446,0.20158553
2201.0,1.6136919,-6.459556,7.4124484,-0.2003638,0.10629055,0.22968534
2209.0,1.7190368,-6.3542113,7.4842744,-0.21746802,0.13805555,0.24678956
2220.0,1.8890251,-6.145916,7.4507556,-0.23823744,0.16493362,0.2565634
2230.0,1.99437,-6.0022635,7.4746976,-0.26511553,0.1966986,0.26633725
2238.0,2.0685902,-5.925649,7.4627266,-0.29565877,0.22724187,0.28099802
2250.0,2.123657,-5.8634,7.5321584,-0.32253686,0.25045475,0.29565877
2260.0,2.2026656,-5.961562,7.441179,-0.3371976,0.2687807,0.30909783
2269.0,2.2577322,-5.9878983,7.40766,-0.3323107,0.26633725,0.31764993
2280.0,2.3654714,-5.911284,7.4363904,-0.30787608,0.27122417,0.32253686
2292.0,2.3702598,-5.8825536,7.455544,-0.27488935,0.2761111,0.32498032
2299.0,2.3463178,-5.7724204,7.433996,-0.23823744,0.26389378,0.3286455
2311.0,2.384625,-5.717354,7.529764,-0.20769419,0.24312437,0.32498032
2320.0,2.4899697,-5.722142,7.5441294,-0.18692477,0.23335053,0.31642818
2330.0,2.4588451,-5.616797,7.6494746,-0.172264,0.22968534,0.3115413
2341.0,2.4708161,-5.616797,7.69257,-0.16493362,0.21624629,0.312763
2350.0,2.528277,-5.559336,7.6470804,-0.1685988,0.19547687,0.31520647
2359.0,2.5187001,-5.509058,7.632715,-0.17959438,0.19058995,0.3115413
2372.0,2.60968,-5.5617304,7.690176,-0.17470746,0.19303341,0.29565877
2379.0,2.6503813,-5.523423,7.690176,-0.15515977,0.17837265,0.27855456
2390.0,2.707842,-5.5138464,7.723695,-0.13927728,0.15515977,0.26511553
2399.0,2.777274,-5.463568,7.7332716,-0.13561209,0.15393804,0.2565634
2410.0,2.813187,-5.4444146,7.6829934,-0.13805555,0.1563815,0.24923302
2420.0,2.7629087,-5.439626,7.651869,-0.13683382,0.15882497,0.23823744
2431.0,2.542642,-5.305551,7.599196,-0.13805555,0.1563815,0.22357668
2440.0,2.4756045,-5.3007627,7.5345526,-0.13927728,0.14782938,0.20525073
2450.0,2.3942018,-5.410896,7.539341,-0.13683382,0.14660765,0.18692477
2461.0,2.3582888,-5.439626,7.489063,-0.11728613,0.14172074,0.16615535
2469.0,2.3582888,-5.494693,7.501034,-0.09162979,0.13805555,0.1441642
2481.0,2.3343468,-5.6551046,7.551312,-0.065973446,0.12705997,0.1282817
2492.0,2.3008277,-5.7365074,7.5201874,-0.039095376,0.12950343,0.112399206
2499.0,2.3295584,-5.7365074,7.469909,-0.0061086523,0.13316862,0.09162979
2509.0,2.243367,-5.7987566,7.48188,0.02565634,0.12461651,0.073303826
2520.0,2.1380222,-5.7724204,7.457938,0.04520403,0.12583824,0.058643065
2530.0,2.1332338,-5.722142,7.52737,0.05497787,0.12583824,0.042760566
2540.0,2.078167,-5.710171,7.505822,0.05497787,0.13561209,0.02565634
2550.0,2.066196,-5.7389016,7.536947,0.05497787,0.13194689,0.007330383
2560.0,2.0805612,-5.707777,7.524976,0.047647487,0.13927728,-0.002443461
2570.0,2.0159178,-5.8203044,7.5201874,0.032986723,0.14172074,-0.0061086523
2578.0,2.0015526,-5.8825536,7.5824366,0.02076942,0.15393804,-0.012217305
2591.0,1.9776106,-5.959168,7.5704656,0.018325957,0.1600467,-0.021991149
2598.0,1.8890251,-5.932832,7.5680714,0.017104227,0.1563815,-0.02321288
2609.0,1.9201498,-6.069301,7.4962454,0.017104227,0.172264,-0.019547688
2619.0,1.8148049,-6.0525417,7.5441294,0.02687807,0.16493362,-0.019547688
2628.0,1.7980455,-5.9543796,7.5465236,0.03176499,0.17348573,-0.02076942
2638.0,1.6759412,-6.0501475,7.565677,0.036651913,0.15882497,-0.02076942
2648.0,1.7070658,-5.9519854,7.4507556,0.02565634,0.1563815,-0.02321288
2660.0,1.6280571,-5.90889,7.4723034,0.004886922,0.16493362,-0.02321288
2671.0,1.5658079,-5.9663506,7.455544,-0.009773844,0.15271631,-0.017104227
2680.0,1.5107412,-5.9687448,7.3885064,-0.004886922,0.14905111,-0.012217305
2691.0,1.5059528,-5.9567738,7.4363904,-0.004886922,0.14905111,-0.012217305
2700.0,1.436521,-5.9280434,7.40766,0.004886922,0.12705997,-0.0061086523
2709.0,1.4149733,-6.007052,7.3669586,0.009773844,0.10873401,0.0036651916
2719.0,1.3359646,-5.947197,7.3286514,0.014660766,0.095294975,0.013439035
2731.0,1.3383588,-5.9041014,7.3669586,0.021991149,0.0842994,0.019547688
2739.0,1.3623008,-5.93762,7.3669586,0.028099801,0.065973446,0.02443461
2750.0,1.3958195,-5.932832,7.371747,0.030543262,0.056199603,0.02565634
2760.0,1.448492,-5.913678,7.33344,0.028099801,0.057421334,0.028099801
2771.0,1.4269443,-5.851429,7.4028716,0.02321288,0.056199603,0.036651913
2780.0,1.4053963,-5.9759274,7.3885064,0.02076942,0.043982297,0.04153884
2793.0,1.4341269,-6.0716953,7.4028716,0.019547688,0.037873644,0.042760566
2801.0,1.4437037,-6.054936,7.3909006,0.02076942,0.034208454,0.04153884
2811.0,1.484405,-6.0525417,7.359776,0.02076942,0.036651913,0.039095376
2821.0,1.3958195,-6.0621185,7.431602,0.02565634,0.028099801,0.04153884
2831.0,1.4867992,-6.0764837,7.3549876,0.03176499,0.021991149,0.04520403
2841.0,1.532289,-6.0956373,7.383718,0.032986723,0.029321533,0.05009095
2852.0,1.5035586,-6.069301,7.431602,0.029321533,0.02565634,0.05375614
2861.0,1.448492,-6.021417,7.489063,0.02076942,0.035430185,0.057421334
2870.0,1.5873557,-6.0477533,7.5082164,0.013439035,0.043982297,0.058643065
2881.0,1.460463,-6.0166287,7.489063,0.0012217305,0.042760566,0.064751714
2892.0,1.541866,-6.0980315,7.529764,-0.018325957,0.039095376,0.0720821
2900.0,1.472434,-5.947197,7.4507556,-0.037873644,0.04520403,0.07574729
2911.0,1.5011644,-5.9998693,7.465121,-0.04886922,0.04886922,0.07941248
2920.0,1.4891934,-5.98311,7.395689,-0.05375614,0.040317107,0.08552113
2932.0,1.4652514,-5.9998693,7.491457,-0.05497787,0.039095376,0.087964594
2941.0,1.4556746,-5.98311,7.3885064,-0.04886922,0.035430185,0.08552113
2952.0,1.4556746,-5.9783216,7.4268136,-0.042760566,0.03176499,0.08307768
2962.0,1.4820108,-5.9543796,7.4244194,-0.043982297,0.03176499,0.08552113
2972.0,1.5059528,-5.961562,7.4004774,-0.043982297,0.029321533,0.08674286
2981.0,1.5251064,-6.009446,7.433996,-0.037873644,0.02443461,0.087964594
2993.0,1.5227122,-5.9424086,7.441179,-0.034208454,0.02687807,0.087964594
3001.0,1.5442601,-5.911284,7.445967,-0.034208454,0.029321533,0.087964594
