29.0,0.9576807,-1.5275006,9.730036,0.015882496,-0.034208454,-0.0012217305
45.0,0.8738836,-1.70946,9.696517,0.16126843,0.087964594,-0.081855945
45.0,0.8379706,-1.7669208,9.552865,-0.030543262,-0.30176744,-0.2724459
60.0,0.878672,-1.6591818,9.610326,-0.10140363,-0.40683624,-0.3115413
68.0,1.0295067,-1.5514427,9.560047,0.009773844,0.38240165,0.056199603
90.0,1.0390835,-1.6160861,9.466674,-0.013439035,0.40194935,0.07696902
90.0,1.0079589,-1.5945383,9.483433,-0.047647487,0.2284636,0.021991149
96.0,1.0223241,-1.5993267,9.461885,-0.06963864,0.064751714,-0.042760566
106.0,1.0462662,-1.5466543,9.3661175,-0.080634214,0.057421334,-0.043982297
116.0,0.9911995,-1.5514427,9.382876,-0.09040806,0.04886922,-0.040317107
128.0,0.9911995,-1.6328455,9.378088,-0.09407325,0.04153884,-0.036651913
136.0,1.0103531,-1.5729905,9.399636,-0.09040806,0.029321533,-0.037873644
148.0,0.93852705,-1.5634137,9.380483,-0.0842994,0.018325957,-0.040317107
157.0,0.9911995,-1.5682021,9.378088,-0.073303826,0.0012217305,-0.036651913
167.0,0.9768343,-1.5490485,9.320627,-0.062308256,-0.012217305,-0.035430185
176.0,0.9935937,-1.4772224,9.337387,-0.05375614,-0.02443461,-0.040317107
187.0,1.0390835,-1.5969325,9.378088,-0.05009095,-0.02565634,-0.04520403
196.0,0.91697925,-1.6448165,9.414001,-0.04642576,-0.029321533,-0.04886922
207.0,0.91219085,-1.5490485,9.449914,-0.043982297,-0.03176499,-0.05375614
216.0,0.79966336,-1.496376,9.346964,-0.047647487,-0.032986723,-0.061086524
227.0,0.7661445,-1.5298948,9.382876,-0.056199603,-0.030543262,-0.06719518
236.0,0.7637503,-1.4820108,9.323022,-0.07452556,-0.028099801,-0.07086037
246.0,0.7541735,-1.5490485,9.421184,-0.09773844,-0.02321288,-0.07696902
256.0,0.6991069,-1.6519991,9.361329,-0.1160644,-0.021991149,-0.08552113
267.0,0.7015011,-1.6208745,9.445126,-0.12583824,-0.021991149,-0.09285152
277.0,0.6727707,-1.5993267,9.481039,-0.13194689,-0.02321288,-0.1001819
287.0,0.7158663,-1.6472107,9.435549,-0.13439035,-0.02565634,-0.105068825
296.0,0.80445176,-1.6831238,9.516952,-0.13805555,-0.02687807,-0.105068825
306.0,0.6943185,-1.6903064,9.564836,-0.14538592,-0.029321533,-0.105068825
316.0,0.7757214,-1.7980455,9.586384,-0.15271631,-0.03176499,-0.10262536
328.0,0.81881696,-1.8722657,9.607931,-0.1563815,-0.035430185,-0.1001819
336.0,0.89782566,-1.9249382,9.593566,-0.15393804,-0.042760566,-0.09773844
346.0,0.81163436,-1.8866309,9.622296,-0.1563815,-0.052534413,-0.095294975
356.0,0.866701,-1.9967642,9.636662,-0.16126843,-0.062308256,-0.087964594
366.0,0.9672575,-2.0135236,9.691729,-0.1685988,-0.07452556,-0.07696902
376.0,0.9528923,-2.0254946,9.718064,-0.172264,-0.08674286,-0.06352998
389.0,0.9504981,-2.0398598,9.607931,-0.16493362,-0.096516706,-0.043982297
396.0,0.9672575,-1.9752164,9.514558,-0.15882497,-0.10140363,-0.019547688
406.0,0.9816227,-1.9919758,9.502586,-0.15882497,-0.09773844,0.012217305
417.0,0.92655605,-1.99437,9.406818,-0.1600467,-0.09040806,0.05009095
427.0,0.94570965,-1.9919758,9.337387,-0.1563815,-0.08674286,0.09162979
437.0,0.89782566,-1.99437,9.272743,-0.15393804,-0.09162979,0.13439035
448.0,0.9504981,-1.982399,9.212888,-0.15882497,-0.096516706,0.17470746
456.0,0.90500826,-1.934515,9.198523,-0.16615535,-0.10751228,0.21013765
467.0,0.8523358,-1.9991584,9.074024,-0.17348573,-0.12217305,0.23457226
476.0,0.79008657,-1.9033904,9.062054,-0.18325958,-0.13927728,0.25167647
487.0,0.7565677,-1.9919758,9.076419,-0.19547687,-0.1600467,0.25900686
496.0,0.61052144,-2.0590134,9.090784,-0.21502456,-0.18081611,0.25900686
508.0,0.60573304,-2.123657,9.200917,-0.25167647,-0.204029,0.2565634
516.0,0.7134721,-2.2122424,9.392453,-0.31398472,-0.22602014,0.25534168
526.0,0.7517793,-2.4301147,9.701305,-0.39706242,-0.23701571,0.25778514
536.0,0.8882488,-2.858677,10.081984,-0.48747048,-0.23335053,0.26633725
546.0,0.79008657,-3.1866825,10.441113,-0.59742624,-0.21746802,0.28710666
556.0,0.62967503,-3.6032736,10.824186,-0.75747293,-0.18570304,0.32375857
568.0,0.37828386,-4.010288,11.370064,-0.98837996,-0.12095132,0.3811799
576.0,0.20111294,-4.685453,11.84651,-1.2925909,-0.03176499,0.46792278
588.0,-0.01436521,-5.291186,12.20564,-1.6481144,0.059864793,0.59498274
596.0,-0.20350714,-6.1195793,12.464214,-2.0427334,0.14294247,0.7611381
607.0,-0.29448682,-6.8545995,12.684481,-2.4349089,0.23335053,0.9602802
618.0,-0.30166942,-7.759608,12.990938,-2.7317894,0.33108896,1.1753048
630.0,-0.35434186,-8.734048,13.211205,-2.8502972,0.44593164,1.4110987
640.0,-0.5530606,-9.964667,13.041217,-2.7598891,0.5852089,1.677436
649.0,-1.0534488,-11.099519,13.034034,-2.4324653,0.73914695,1.9975294
659.0,-1.4437037,-11.915942,12.830527,-1.9058995,0.8686504,2.366492
670.0,-1.6639702,-12.10269,12.447454,-1.2986995,0.9334021,2.769663
678.0,-1.4676456,-11.35091,11.654974,-0.6939429,0.9431759,3.1618385
690.0,-0.92895025,-9.911995,10.42196,-0.19547687,0.9224065,3.4917057
698.0,-0.038307227,-8.286332,9.581595,0.14294247,0.89919364,3.7067304
709.0,0.62249243,-6.5696893,9.196129,0.2687807,0.9505063,3.8227947
720.0,1.0103531,-4.817134,8.992621,0.12095132,1.1068878,3.8460076
729.0,0.9624691,-3.6990416,8.942344,-0.3323107,1.3842206,3.8276815
739.0,0.38067806,-3.5553896,8.588001,-1.0005972,1.7067575,3.885103
750.0,-0.5363012,-4.156334,8.470686,-1.7238617,1.9975294,4.0036106
760.0,-1.2737153,-5.073313,8.724471,-2.2956316,2.2198844,4.007276
769.0,-1.8986019,-6.0285997,9.040505,-2.5460863,2.3554964,3.844786
779.0,-2.147599,-6.4787097,9.41879,-2.4459045,2.4507914,3.6432004
790.0,-2.6408045,-6.289568,9.809045,-1.3744467,2.6450465,3.5430183
800.0,-3.1292217,-5.315128,9.727641,-1.3744467,2.6450465,3.5430183
810.0,-3.1004913,-3.6487634,9.346964,-0.6914995,2.6401596,3.490484
819.0,-2.5187001,-1.9608512,8.911219,-0.1600467,2.6548204,3.2485814
830.0,-2.0111294,-0.6464345,8.236053,0.2003638,2.7598891,2.9541442
840.0,-1.6879122,0.011971008,7.1586633,0.31887165,2.888171,2.7708848
849.0,-1.316811,0.02873042,5.791574,0.33841935,2.8930578,2.6829202
859.0,-1.2617443,0.25139117,3.7780502,0.5143485,2.6022859,2.398257
870.0,-1.9967642,0.581791,2.72939,0.8038987,2.3518312,2.1245892
879.0,-1.9273324,0.830788,1.4317327,1.1117748,1.990199,1.8240436
890.0,-1.4628572,0.5243302,0.48123455,1.2705997,1.600467,1.5662584
899.0,-1.0079589,-0.076614454,-0.5363012,1.1948525,1.1679744,1.3500122
910.0,-0.6799533,-0.7350199,-1.1851299,0.96883225,0.6817256,1.1643091
921.0,-0.47644615,-1.2114661,-1.8315643,0.7684685,0.10751228,0.9981538
930.0,0.37110126,-1.2066777,-1.8555063,0.6133087,-0.5742133,0.8857546
939.0,1.7669208,-1.0151415,-1.673547,0.3811799,-1.3255776,0.8588765
949.0,3.0621839,-0.41180268,-1.2880806,0.15882497,-2.0549507,0.79901177
960.0,3.7421372,0.32800564,-0.5626374,0.013439035,-2.7354546,0.657291
969.0,3.1986535,0.9576807,-0.08379706,0.042760566,-3.3841934,0.45814893
978.0,2.3750482,1.0342951,0.36391866,0.32986724,-3.998724,0.2761111
992.0,1.9895816,0.48123455,0.8355764,0.8185594,-4.579046,0.12950343
1000.0,1.7908629,-0.08379706,1.3982137,1.3610078,-5.114164,-0.015882496
1011.0,1.13964,-0.18435353,1.5586253,1.8044959,-5.5820866,-0.15393804
1020.0,0.37110126,-0.29927522,3.0550013,2.1380284,-5.9913664,-0.25900686
1031.0,0.090979666,-0.6679823,5.631162,2.2736404,-6.3444467,-0.2773328
1041.0,0.49559975,-1.3192052,8.7125,2.1245892,-6.5851274,-0.23579398
1075.0,0.48841715,-0.59376204,14.305355,1.6029104,-6.6339965,-0.27000242
1075.0,0.11492168,1.5945383,17.690756,0.35430184,-6.609562,-0.36896262
1077.0,0.48123455,1.9752164,18.957289,-1.8325957,-6.399424,-0.3481932
1089.0,0.272939,-1.3670892,20.896593,-4.1905355,-5.5686474,-0.16737708
1093.0,-0.24899697,-5.451597,21.86385,-5.0494123,-4.422664,-0.043982297
1099.0,0.45729253,-10.036493,22.201433,-3.938859,-3.3402112,-0.22113322
1113.0,4.525041,-19.438524,30.672117,-2.1135938,-2.1294763,-0.48991394
1119.0,0.3854665,-24.155102,39.815575,-0.3200934,-0.2443461,-0.20280726
1129.0,-4.144363,-9.346964,31.720778,0.5876524,0.17837265,0.63163465
1140.0,-5.109226,-1.0845734,23.951593,0.55833083,0.2003638,0.766025
1150.0,-5.3342814,-0.31124622,18.89504,-0.48747048,1.2425,0.087964594
1161.0,-5.159505,-4.644751,17.506403,-1.4697418,2.6682594,-0.13194689
1170.0,-4.3406878,-7.656657,16.96292,-1.5589281,3.5185838,0.3921755
1179.0,-3.2752678,-6.1507044,16.385916,-1.128879,3.8227947,0.9272934
1193.0,-2.468422,-3.1411927,15.131354,-0.38240165,3.9791763,0.9138544
1200.0,-1.7812861,-0.7374141,12.990938,0.3848451,4.1648793,0.56199604
1209.0,-0.91697925,0.24899697,10.5680065,0.8197812,4.4263296,0.30543262
1221.0,-0.22266077,0.33758244,7.795521,0.9761627,4.709771,0.27977628
1233.0,0.095768064,0.2681506,5.3007627,1.105666,4.8576,0.30909783
1238.0,-0.05746084,0.2633622,2.837129,1.2864822,4.8576,0.19547687
1249.0,-0.2633622,-0.016759412,0.30885202,1.3866642,4.77941,-0.06841691
1257.0,-0.48841715,-0.5770026,-2.1930888,1.2388347,4.5814896,-0.37507126
1268.0,-0.6512229,-2.4372973,-4.213795,0.81122905,4.2675047,-0.59986967
1279.0,-0.6871359,-4.819528,-5.365406,0.26389378,3.7739255,-0.6780604
1290.0,-0.4405331,-6.265626,-5.415684,-0.22602014,3.0469959,-0.5888741
1298.0,-0.29688102,-5.518635,-4.6279917,-0.56199604,2.1856759,-0.33475417
1309.0,0.15562311,-2.791639,-3.6846764,-0.7293731,1.3170254,-0.118507855
1318.0,1.8818425,0.5650316,-2.6791117,-0.83077675,0.453262,-0.062308256
1329.0,5.0397944,4.0174704,-1.6208745,-1.1325442,-0.40561453,0.019547688
1339.0,6.5960255,4.6950297,-0.89064306,-1.4013249,-1.1508701,0.064751714
1351.0,4.6255975,1.745373,-0.011971008,-1.2339478,-1.8289305,0.0842994
1359.0,1.7022774,-2.3319526,0.04309563,-0.6230826,-2.5485299,0.13072516
1369.0,0.6799533,-4.280833,0.1316811,0.31764993,-3.3646457,0.07574729
1380.0,0.33279404,-4.381389,0.33039984,1.2315043,-4.152662,-0.0061086523
1391.0,-0.34476504,-3.323152,1.0989386,1.817935,-4.834388,-0.07941248
1398.0,-0.81881696,-2.779668,4.144363,2.0231857,-5.425705,-0.10995574
1410.0,-0.6775591,-2.6479871,7.785944,1.9804251,-5.9266148,-0.04886922
1418.0,-0.17717093,-2.920926,11.166556,1.8558086,-6.295577,0.0012217305
1430.0,-0.9624691,-0.9888053,15.727511,1.5454891,-6.4116416,-0.0720821
1439.0,-1.6831238,3.2920272,17.087418,0.47891834,-6.3884287,-0.21135938
1451.0,-2.1092918,4.5034933,14.911088,-1.4428637,-6.0903263,-0.15271631
1460.0,-1.8219875,0.5602432,14.69561,-2.983466,-5.326745,0.18570304
1471.0,0.18674773,-7.3071036,17.899052,-2.5008824,-4.1001277,0.4092797
1480.0,5.2409077,-18.44493,37.99598,-0.10262536,-2.764776,-0.02321288
1492.0,4.6471453,-18.600554,34.66804,1.5210545,-2.1429152,-0.38240165
1500.0,3.3159695,-6.126762,37.462074,0.3200934,-1.7263051,0.6218608
1511.0,-0.49559975,-3.5889084,33.14054,-0.96883225,-0.014660766,0.9236283
1520.0,-2.89459,-2.6024973,28.629864,-1.6517797,1.2669345,0.036651913
1532.0,-5.056554,-2.1308396,22.73055,-1.7140878,2.2247713,-0.4251622
1541.0,-5.439626,-4.0557775,17.906235,-1.3573426,3.1300735,-0.08674286
1551.0,-4.0533834,-6.9982514,15.844827,-0.45570546,3.749491,0.4361578
1562.0,-1.6184803,-7.797915,15.05474,0.55833083,3.9449677,0.68416905
1571.0,-0.4357447,-5.145139,13.735536,1.1068878,4.021937,0.68294734
1580.0,0.30406362,-1.2066777,11.398794,1.0091494,4.129449,0.5326745
1593.0,0.6967127,1.3120226,9.169792,0.12705997,4.6022587,0.19792034
1600.0,0.78529817,1.3215994,7.608773,0.12705997,4.6022587,0.19792034
1610.0,0.51235914,-0.46686932,6.169858,0.06719518,4.7952924,0.29932398
1621.0,0.37349546,-2.1571758,4.6950297,0.17348573,4.8563786,0.38362336
1632.0,0.39504328,-2.834735,2.7700913,0.28955013,4.7623053,0.24190263
1641.0,0.50757074,-2.861071,0.29448682,0.3005457,4.5216246,-0.09773844
1651.0,0.58897364,-3.0119057,-2.1691468,0.13561209,4.1734314,-0.38606682
1661.0,0.5243302,-3.5290532,-3.9911342,-0.17715092,3.7103956,-0.45204028
1671.0,0.533907,-3.8283286,-5.1666875,-0.94806284,2.4483478,-0.1001819
1682.0,1.163582,-2.5091233,-5.0661306,-1.2889256,1.6639969,0.080634214
1692.0,2.0374656,-0.22026655,-4.1706996,-1.5100589,0.8552113,0.12461651
1701.0,3.4691982,2.2409728,-3.1986535,-1.5259414,0.014660766,0.02321288
1713.0,4.697424,3.857059,-2.3008277,-1.3695599,-0.79534656,-0.111177474
1721.0,4.333505,3.454833,-1.6400281,-1.1081096,-1.4978416,-0.17104226
1729.0,2.8514943,0.94570965,-0.9935937,-0.70616025,-2.1734586,-0.21502456
1740.0,1.6807296,-1.2880806,-0.62009823,-0.15515977,-2.8686233,-0.3494149
1751.0,0.91458505,-2.2409728,-0.4189853,0.47158796,-3.5967746,-0.6096435
1759.0,-0.019153614,-2.3104045,-0.22744916,1.001819,-4.3371434,-0.87598073
1772.0,-1.1731589,-2.3223755,0.40222588,1.3060299,-5.0885077,-1.0360274
1781.0,-1.127669,-2.5905263,1.6065093,1.2986995,-5.842315,-1.0726794
1793.0,0.4333505,-3.8666358,4.1635165,1.097114,-6.4116416,-1.0372492
1801.0,2.2361844,-3.13401,7.7428484,0.75747293,-6.64377,-1.0531317
1811.0,3.2225955,-0.533907,12.737153,-0.26511553,-6.4849453,-1.1960741
1823.0,3.7541082,-1.3000516,16.326061,-2.284636,-6.0219097,-1.1911873
1834.0,4.0940847,-7.469909,20.79843,-4.4067817,-5.3866096,-0.8368854
1842.0,4.378995,-15.727511,25.412056,-5.275432,-4.4312167,-0.50946164
1851.0,3.4931402,-21.147984,26.185385,-4.4935246,-3.345098,-0.6267477
1862.0,6.205771,-23.997084,37.402218,-2.8637362,-2.2736404,-0.88453287
1871.0,1.6998832,-22.237345,36.552277,-2.2015584,-0.8246681,-0.35796702
1882.0,-1.7597382,-17.542316,31.936256,-1.9230038,0.4373795,0.8405506
1895.0,-4.8003745,-10.649409,25.787947,-1.1032226,1.3182472,0.8894198
1901.0,-5.2361193,-6.8162923,20.451271,-0.037873644,2.1429152,0.54611355
1910.0,-4.132392,-5.9783216,17.781736,1.1007792,2.7207937,0.5705481
1921.0,-2.1212628,-7.4746976,16.25663,1.8851302,3.1764994,0.9370673
1931.0,-0.7374141,-9.160215,15.198392,2.053729,3.649309,1.5308284
1941.0,-0.079008654,-7.687782,13.426683,1.9144517,4.0280457,1.7971655
1951.0,0.047884032,-4.522647,10.84334,1.7116444,4.293161,1.5454891
1960.0,0.24420857,-1.946486,8.554482,1.3011429,4.505742,1.1728612
1969.0,0.50517654,-1.1420342,7.03177,0.829555,4.7256536,0.9761627
1980.0,0.61530983,-1.7477672,5.729325,0.6206391,4.8979177,0.9786061
1990.0,0.7469909,-2.6408045,3.7421372,0.6743952,4.92113,0.9639453
1999.0,0.7493851,-2.8083985,1.0007763,0.7367035,4.81484,0.784351
2010.0,0.50517654,-2.7365725,-1.99437,0.6365216,4.5912633,0.5009095
2020.0,0.15083471,-3.1507695,-4.072537,0.24190263,4.2675047,0.30176744
2031.0,0.17238252,-3.9815574,-4.960786,-0.312763,3.7959166,0.30787608
2041.0,0.22505496,-3.8235402,-5.035006,-0.5864306,3.1520646,0.42394048
2057.0,0.80684596,-3.181894,-4.8458643,-0.44593164,2.3652701,0.4886922
2060.0,2.384625,-1.1420342,-4.5418005,-0.1441642,1.4636332,0.46181414
2069.0,4.249708,1.4532804,-3.8259344,0.04642576,0.5766568,0.33841935
2080.0,4.378995,2.822764,-3.301604,0.18081611,-0.21135938,0.14172074
2091.0,3.074155,2.171541,-2.791639,0.32498032,-1.0005972,0.035430185
2101.0,1.99437,0.08140286,-2.3798366,0.56321776,-1.8216002,0.03176499
2109.0,1.7741034,-1.5634137,-1.970428,1.0005972,-2.6279423,-0.030543262
2120.0,1.508347,-1.9057846,-1.3790601,1.505172,-3.3756413,-0.18325958
2132.0,0.866701,-1.8435353,-0.62249243,1.8961257,-4.0402627,-0.3640757
2141.0,0.5530606,-2.717419,1.2880806,2.094046,-4.649906,-0.46303585
2151.0,0.7278373,-3.9121256,4.4580035,2.0451767,-5.2045717,-0.46181414
2160.0,1.3910311,-5.2744265,7.2185183,1.8509218,-5.661499,-0.45814893
2171.0,1.4628572,-5.470751,10.132261,1.59558,-5.8911843,-0.48747048
2181.0,1.0247183,-4.3622355,11.944673,1.1154399,-5.8239894,-0.5644395
2193.0,0.5482722,-2.3175871,12.227188,0.20891592,-5.661499,-0.6462954
2201.0,1.0319009,-2.0853498,13.67568,-1.0128145,-5.4501395,-0.6230826
2211.0,1.1013328,-4.0294414,13.929465,-1.9498819,-4.8356094,-0.46914452
2220.0,0.85473,-6.445191,10.536881,-1.9620992,-4.0646973,-0.25167647
2230.0,-2.2361844,-6.411672,2.4995465,-1.1301007,-3.5063665,-0.22724187
2240.0,4.0557775,-7.0006456,25.471912,-0.1563815,-4.08791,-0.2919936
2251.0,5.4659624,-6.5840545,29.807812,-1.2363913,-2.8478537,0.103847094
2260.0,1.1228806,-8.51857,30.396784,-3.5979962,-0.35430184,0.657291
2270.0,-2.15957,-9.615114,27.686548,-3.0335567,0.31887165,0.16493362
2281.0,-3.1292217,-7.00304,20.793642,-0.4288274,-0.30665436,-0.95294976
2291.0,-2.1787236,-3.1292217,17.029957,1.0824533,-0.4642576,-0.71593404
2301.0,0.6368576,-1.3359646,12.694057,1.409877,-0.20891592,-0.17348573
2313.0,2.1428106,-1.9608512,9.26556,1.2400564,0.10751228,-0.017104227
2321.0,1.1540052,-3.7708676,7.66384,0.8784242,0.57910025,0.04886922
2330.0,0.074220255,-4.3718123,6.8186865,0.3359759,0.9272934,0.036651913
2342.0,-0.45968673,-4.355053,6.9623384,-0.13927728,0.98349303,0.07086037
2353.0,-0.2705448,-4.9679685,7.067683,-0.012217305,0.8539896,0.14294247
2363.0,0.7086837,-5.8203044,6.457162,0.49113566,0.5729916,0.07574729
2373.0,1.4460979,-5.2361193,5.997475,0.75869465,0.35918877,-0.065973446
2383.0,1.6400281,-4.197036,5.829881,0.7611381,0.26633725,-0.087964594
2394.0,1.4556746,-3.7541082,5.9639564,0.7293731,0.20158553,-0.0012217305
2403.0,1.316811,-4.185065,6.481104,0.72326446,0.15027285,0.05009095
2413.0,1.3383588,-4.606444,7.053318,0.66339964,0.103847094,0.02565634
2421.0,1.3575124,-4.5920787,7.5968018,0.48258355,0.07452556,-0.013439035
2433.0,1.5131354,-4.5633483,8.085219,0.27977628,0.05375614,-0.029321533
2443.0,1.5370775,-4.687847,8.384495,0.12705997,0.04153884,-0.02076942
2453.0,1.4891934,-4.7405195,8.7771435,-0.0012217305,0.05009095,0.0036651916
2461.0,1.3239936,-4.7022123,8.817844,-0.0720821,0.06963864,0.034208454
2471.0,1.1324574,-4.486734,8.865729,-0.062308256,0.07086037,0.061086524
2481.0,1.0702082,-4.144363,8.882488,-0.034208454,0.064751714,0.07086037
2495.0,1.0295067,-3.7588966,8.858546,-0.089186326,0.080634214,0.04642576
2503.0,1.055843,-3.2321723,9.011775,-0.13439035,0.089186326,0.04520403
2511.0,0.9792285,-3.122039,9.119514,-0.17715092,0.103847094,0.04520403
2521.0,1.0414777,-3.1268275,9.030929,-0.17959438,0.1160644,0.035430185
2532.0,1.1348516,-3.1387985,9.069236,-0.15027285,0.12461651,0.010995574
2543.0,1.043872,-3.1986535,9.160215,-0.10140363,0.13805555,-0.019547688
2554.0,1.1324574,-3.2872388,9.124303,-0.03176499,0.1600467,-0.047647487
2561.0,1.0654198,-3.5362358,9.038112,0.04153884,0.17592919,-0.07086037
2571.0,1.067814,-3.4165258,8.930372,0.10140363,0.18570304,-0.1001819
2581.0,0.90740246,-3.406949,8.801085,0.14538592,0.19058995,-0.13316862
2595.0,0.90979666,-3.5218706,8.734048,0.16249016,0.19425514,-0.1600467
2603.0,0.79248077,-3.6104562,8.628703,0.15515977,0.19547687,-0.16737708
2614.0,0.79248077,-3.7062242,8.523358,0.13927728,0.18692477,-0.16615535
2623.0,0.7589619,-3.7086184,8.39886,0.1160644,0.172264,-0.16982053
2631.0,0.6607997,-3.7660792,8.322245,0.0842994,0.16126843,-0.172264
2641.0,0.6344634,-3.6367924,8.224083,0.040317107,0.1441642,-0.1685988
2652.0,0.59615624,-3.5194764,8.190564,-0.029321533,0.12583824,-0.15882497
2661.0,0.51475334,-3.550601,8.135497,-0.10751228,0.1160644,-0.15149458
2673.0,0.51235914,-3.6966474,8.295909,-0.16493362,0.103847094,-0.15027285
2682.0,0.4333505,-3.881001,8.487445,-0.19303341,0.1001819,-0.14660765
2693.0,0.51714754,-4.010288,8.7292595,-0.18692477,0.09162979,-0.13927728
2703.0,0.59615624,-3.940856,8.848969,-0.16371189,0.07941248,-0.13072516
2714.0,0.6392518,-4.1060557,8.980651,-0.12217305,0.080634214,-0.12095132
2723.0,0.6368576,-4.3358994,9.083601,-0.07941248,0.09040806,-0.10873401
2734.0,0.58418524,-4.3143516,9.179369,-0.04153884,0.095294975,-0.09285152
2744.0,0.62488663,-4.345476,9.153033,-0.02565634,0.09040806,-0.0720821
2753.0,0.59615624,-4.2880154,9.244013,-0.028099801,0.087964594,-0.04153884
2763.0,0.62967503,-4.309563,9.370906,-0.043982297,0.089186326,-0.010995574
2774.0,0.6943185,-4.2425256,9.390059,-0.07452556,0.09040806,0.014660766
2781.0,0.7062895,-4.2305546,9.315839,-0.10629055,0.0842994,0.043982297
2794.0,0.6943185,-4.1802764,9.344569,-0.12950343,0.080634214,0.07574729
2801.0,0.770933,-4.1299977,9.351752,-0.14538592,0.07574729,0.09773844
2813.0,0.81642276,-3.9791632,9.303867,-0.16126843,0.07574729,0.12095132
2823.0,0.8499416,-3.845088,9.303867,-0.1600467,0.07452556,0.14782938
2834.0,0.93134445,-3.881001,9.227253,-0.14294247,0.073303826,0.16126843
2844.0,0.93134445,-3.7421372,9.196129,-0.11728613,0.0720821,0.15515977
2855.0,0.9600749,-3.5410242,8.980651,-0.087964594,0.06719518,0.14905111
2864.0,0.92655605,-3.5362358,8.913613,-0.04642576,0.064751714,0.14538592
2872.0,0.9911995,-3.4979286,8.939949,0.002443461,0.06352998,0.13072516
2881.0,1.0007763,-3.3806129,8.9519205,0.037873644,0.057421334,0.105068825
2894.0,1.0366893,-3.3423057,8.820239,0.04642576,0.062308256,0.08307768
2903.0,1.0390835,-3.3854012,8.78672,0.042760566,0.064751714,0.06719518
2914.0,0.94331545,-3.514688,8.772355,0.034208454,0.065973446,0.04642576
2924.0,1.0103531,-3.679888,8.707711,0.034208454,0.07086037,0.02321288
2933.0,0.9959879,-3.7612908,8.659827,0.03176499,0.06352998,0.008552114
2943.0,0.92176765,-3.7181952,8.566454,0.02321288,0.05375614,-0.002443461
2954.0,0.8403648,-3.6272156,8.513782,0.010995574,0.04153884,-0.014660766
2963.0,0.6847417,-3.6128504,8.525752,-0.0061086523,0.034208454,-0.02321288
2973.0,0.7302315,-3.6343982,8.480263,-0.029321533,0.02443461,-0.03176499
2985.0,0.6655881,-3.6703112,8.480263,-0.056199603,0.013439035,-0.039095376
2994.0,0.6799533,-3.7612908,8.571242,-0.07941248,0.0036651916,-0.04642576
3002.0,0.62967503,-4.048595,8.652645,-0.09407325,-0.0012217305,-0.05497787
3013.0,0.7086837,-4.177882,8.65025,-0.103847094,-0.007330383,-0.058643065
3024.0,0.62967503,-4.2401314,8.825027,-0.112399206,-0.02076942,-0.057421334
