41.0,1.115698,0.11971009,9.758766,0.4007276,-0.45204028,-0.19547687
49.0,1.0654198,0.033518825,9.68694,0.15393804,0.1160644,-0.06719518
58.0,1.0749966,-0.062249243,9.689334,-0.07574729,-0.43127087,-0.267559
67.0,1.1348516,0.0047884034,9.586384,0.043982297,0.33353242,0.07941248
78.0,1.1252748,-0.06943185,9.581595,0.02443461,0.3323107,0.10262536
87.0,1.13964,-0.079008654,9.564836,-0.002443461,0.118507855,0.04886922
97.0,1.1204864,-0.088585466,9.579201,-0.008552114,-0.047647487,-0.012217305
107.0,1.1659763,-0.06464344,9.634268,0.0012217305,-0.05375614,-0.015882496
119.0,1.1133038,-0.06943185,9.636662,0.0061086523,-0.064751714,-0.02076942
128.0,1.2066777,0.0047884034,9.634268,0.004886922,-0.062308256,-0.02565634
138.0,1.1755531,-0.074220255,9.710882,-0.008552114,-0.05497787,-0.028099801
148.0,1.2066777,-0.009576807,9.701305,-0.035430185,-0.04642576,-0.02321288
158.0,1.1372458,0.007182605,9.710882,-0.062308256,-0.042760566,-0.021991149
168.0,1.1252748,-0.08140286,9.720459,-0.07941248,-0.040317107,-0.02687807
178.0,1.103727,-0.08140286,9.646238,-0.08674286,-0.042760566,-0.03176499
188.0,1.1228806,-0.11971009,9.595961,-0.09040806,-0.04520403,-0.034208454
199.0,1.2138603,-0.15801731,9.586384,-0.09040806,-0.04520403,-0.039095376
207.0,1.1994951,-0.1316811,9.631873,-0.081855945,-0.042760566,-0.04153884
220.0,1.1947067,-0.11971009,9.691729,-0.065973446,-0.037873644,-0.042760566
228.0,1.3455414,-0.090979666,9.593566,-0.058643065,-0.043982297,-0.05009095
240.0,1.3742718,-0.019153614,9.619903,-0.07696902,-0.05497787,-0.064751714
248.0,1.448492,-0.04070143,9.555259,-0.12095132,-0.058643065,-0.073303826
259.0,1.448492,-0.08619126,9.457097,-0.18448131,-0.04153884,-0.07696902
268.0,1.5658079,-0.2896984,9.540894,-0.25411993,-0.039095376,-0.081855945
278.0,1.532289,-0.2873042,9.706094,-0.30298916,-0.037873644,-0.087964594
288.0,1.4891934,-0.05267244,9.840169,-0.31398472,-0.035430185,-0.11362094
298.0,1.5179238,0.11492168,9.969456,-0.2932153,-0.02565634,-0.1600467
308.0,1.4700398,0.1412579,9.983821,-0.25289822,0.0061086523,-0.18692477
321.0,1.4077905,0.06464344,9.916783,-0.20280726,0.02076942,-0.18570304
328.0,1.436521,0.033518825,9.753978,-0.18448131,0.015882496,-0.17470746
338.0,1.4772224,0.088585466,9.543288,-0.20891592,0.007330383,-0.19058995
348.0,1.5753847,0.25617957,9.557653,-0.26389378,-0.0012217305,-0.2565634
359.0,1.6567876,0.4285621,9.433155,-0.3555236,0.004886922,-0.3371976
368.0,1.7142484,0.36870706,9.421184,-0.47891834,0.015882496,-0.3848451
380.0,1.7741034,0.1364695,9.397242,-0.59864795,0.047647487,-0.408058
388.0,1.7142484,-0.14844051,9.471462,-0.675617,0.081855945,-0.43982297
398.0,1.7118542,-0.39264908,9.679757,-0.6976081,0.10629055,-0.48747048
408.0,1.7477672,-0.545878,9.765948,-0.6792821,0.13194689,-0.5448918
420.0,1.7262194,-0.5267244,9.77792,-0.61941737,0.15027285,-0.61086524
428.0,1.733402,-0.49320555,9.746795,-0.5571091,0.15393804,-0.6731735
439.0,1.6711528,-0.40701428,9.672575,-0.5497787,0.15760323,-0.71837753
448.0,1.6927006,-0.4213795,9.7324295,-0.6218608,0.1600467,-0.752586
459.0,1.7525556,-0.5674258,9.895236,-0.7806858,0.17837265,-0.766025
468.0,1.8148049,-0.8499416,10.110714,-0.9737192,0.2125811,-0.7611381
478.0,1.8148049,-1.3934253,10.757148,-1.1301007,0.27488935,-0.7489208
488.0,1.5945383,-1.9656396,11.372458,-1.1667526,0.35796702,-0.72692966
500.0,1.2138603,-2.2529438,11.264719,-1.1410962,0.39828414,-0.66828656
508.0,1.1061212,-2.3822308,11.125855,-1.17897,0.40683624,-0.5693264
520.0,0.92655605,-3.052607,11.097125,-1.2180653,0.4728097,-0.48747048
528.0,0.5506664,-3.4165258,10.939108,-1.1349876,0.5705481,-0.44959682
539.0,-0.031124622,-3.6056678,10.733206,-0.956615,0.6291912,-0.38973203
548.0,-0.39025488,-3.5458126,10.778696,-0.75747293,0.6450737,-0.2761111
560.0,-0.60094464,-3.3997664,10.601525,-0.5571091,0.64996064,-0.16982053
568.0,-0.7134721,-3.0933087,10.295067,-0.35185838,0.64751714,-0.095294975
579.0,-0.7350199,-2.791639,10.093954,-0.19914207,0.65240407,-0.0061086523
591.0,-0.830788,-2.6264393,9.794679,-0.12217305,0.6658431,0.13683382
600.0,-0.9744401,-2.741361,9.528923,-0.09407325,0.6951646,0.3042109
611.0,-1.1228806,-2.8443117,9.179369,-0.07574729,0.7098254,0.4605924
624.0,-1.1851299,-2.8443117,8.793902,-0.05497787,0.6817256,0.5888741
631.0,-0.93134445,-2.5594015,8.401254,-0.042760566,0.6072,0.6719518
641.0,-0.6895301,-2.291251,8.178593,-0.04642576,0.5216789,0.7147123
651.0,-0.5291186,-1.970428,8.030152,-0.06841691,0.44715336,0.7501425
661.0,-0.49799395,-1.6950948,7.941567,-0.105068825,0.38240165,0.80756384
672.0,-0.51954174,-1.3790601,7.9870567,-0.14538592,0.30909783,0.87598073
682.0,-0.61052144,-1.0749966,7.93199,-0.18448131,0.22968534,0.9224065
692.0,-0.7015011,-0.6536171,7.893683,-0.22357668,0.14049901,0.93462384
703.0,-0.6679823,-0.25378537,7.6015906,-0.27366763,0.042760566,0.91629785
713.0,-0.7661445,-0.021547815,7.4842744,-0.33841935,-0.06352998,0.8698721
722.0,-0.7398083,0.107739076,7.503428,-0.42149702,-0.17348573,0.80756384
732.0,-0.45729253,-0.09816227,7.395689,-0.50823987,-0.2761111,0.7305948
744.0,-0.033518825,-1.0007763,7.85777,-0.535118,-0.35185838,0.64873886
752.0,0.4165911,-2.1452048,8.329428,-0.42760566,-0.36896262,0.57543504
761.0,0.8810662,-3.169923,9.433155,-0.15760323,-0.37140608,0.5216789
772.0,1.1348516,-3.6750996,10.45069,0.25534168,-0.34574974,0.4447099
781.0,1.2785037,-3.2992098,11.154586,0.7623598,-0.33841935,0.2932153
792.0,1.3359646,-2.2505496,11.334151,1.1594223,-0.33964106,0.103847094
802.0,1.3096284,-1.3335704,11.137826,1.3121386,-0.31031954,-0.047647487
812.0,1.2330139,-0.5291186,10.936713,1.1899655,-0.23701571,-0.119729586
823.0,1.3096284,-0.6488287,11.09473,0.86498517,-0.095294975,-0.10873401
831.0,1.13964,-1.3742718,11.370064,0.5143485,0.103847094,-0.062308256
841.0,0.91219085,-2.0973208,11.417948,0.21991149,0.25411993,-0.0061086523
852.0,0.7206547,-2.3104045,11.293449,-0.0036651916,0.34330627,0.04886922
863.0,0.51235914,-2.2649148,11.166556,-0.15760323,0.38973203,0.06352998
873.0,0.45968673,-2.195483,10.874464,-0.24556783,0.4569272,0.019547688
882.0,0.39264908,-2.3582888,10.551247,-0.23457226,0.51923543,-0.030543262
891.0,0.2681506,-2.4660277,10.175357,-0.15149458,0.5729916,-0.02321288
901.0,0.074220255,-2.2649148,9.91439,-0.036651913,0.6047566,0.010995574
912.0,-0.08140286,-1.910573,9.749189,0.08552113,0.61208695,0.007330383
924.0,-0.20590134,-1.484405,9.500193,0.28344148,0.6084218,-0.081855945
932.0,-0.24181437,-1.2282255,9.11712,0.31764993,0.59620446,-0.07086037
942.0,-0.2896984,-1.2904748,8.870518,0.30787608,0.59131753,-0.014660766
952.0,-0.46208093,-1.3455414,8.714894,0.25900686,0.56199604,0.039095376
962.0,-0.6464345,-1.412579,8.494628,0.21380283,0.5180137,0.05131268
972.0,-0.5530606,-1.6041151,8.470686,0.21868975,0.45448375,0.034208454
983.0,-0.58657944,-1.7597382,8.532935,0.25534168,0.39461896,0.032986723
992.0,-0.641646,-1.8171991,8.48984,0.31642818,0.344528,0.037873644
1002.0,-0.7230489,-1.5969325,8.319851,0.38362336,0.28099802,0.04153884
1012.0,-0.89303726,-1.412579,7.991845,0.41538838,0.1881465,0.056199603
1023.0,-0.8355764,-1.1707647,7.752425,0.39828414,0.087964594,0.07086037
1033.0,-0.91937345,-0.8810662,7.5920134,0.3494149,-0.009773844,0.06841691
1043.0,-0.89064306,-0.770933,7.5584946,0.26267207,-0.10751228,0.057421334
1052.0,-0.7062895,-0.6464345,8.075643,0.15393804,-0.19425514,0.04886922
1081.0,-0.49559975,-0.61530983,8.497022,0.096516706,-0.26267207,0.019547688
1082.0,-0.22984336,-0.80445176,8.887277,0.11728613,-0.33475417,-0.009773844
1082.0,0.0,-1.4030021,9.753978,0.14294247,-0.3652974,0.004886922
1090.0,0.079008654,-1.745373,10.620679,0.21624629,-0.35185838,0.02687807
1102.0,0.10055647,-1.7812861,10.970232,0.37751472,-0.35063666,0.02321288
1112.0,0.02873042,-1.3838485,10.852917,0.49968776,-0.37751472,0.004886922
1121.0,-0.07182605,-0.7781156,10.436325,0.45448375,-0.3726278,-0.021991149
1131.0,-0.1436521,-0.5482722,10.156203,0.23945917,-0.32620203,-0.061086524
1141.0,-0.055066638,-1.1803415,10.196905,-0.02565634,-0.2284636,-0.081855945
1151.0,-0.3878607,-2.2840683,10.759542,-0.23823744,-0.081855945,-0.039095376
1164.0,-0.94092125,-3.1914709,11.712435,-0.33964106,0.05497787,0.039095376
1173.0,-1.4772224,-3.6535518,12.366052,-0.3408628,0.1600467,0.096516706
1183.0,-1.7717092,-3.6343982,12.29662,-0.30298916,0.20158553,0.13683382
1192.0,-1.6160861,-2.966416,11.779472,-0.2687807,0.22479841,0.14905111
1202.0,-1.4460979,-2.2266076,10.879252,-0.22235495,0.2724459,0.11362094
1212.0,-1.2425907,-1.9129672,10.070012,-0.19058995,0.344528,0.1001819
1226.0,-1.0893618,-2.0159178,9.655815,-0.19058995,0.453262,0.16126843
1232.0,-1.115698,-1.9752164,9.081207,-0.1600467,0.52534413,0.26633725
1243.0,-1.0606314,-1.4508862,8.47308,-0.13683382,0.52412236,0.37018433
1253.0,-1.0821792,-0.7206547,7.642292,-0.15882497,0.4605924,0.43860126
1263.0,-1.0726024,-0.05267244,7.050924,-0.23823744,0.37751472,0.46792278
1272.0,-1.1659763,0.47884035,6.301539,-0.3933972,0.27977628,0.4642576
1284.0,-1.0486604,0.80684596,5.925649,-0.63041294,0.14660765,0.4569272
1292.0,-0.92655605,0.90979666,5.693412,-0.9822713,-0.02076942,0.43860126
1303.0,-0.89782566,0.18195933,5.9519854,-1.1850786,-0.21135938,0.4202753
1313.0,-0.7445967,-0.8858546,6.691794,-1.1032226,-0.376293,0.4251622
1323.0,-0.6512229,-1.5921441,7.2448545,-0.6426302,-0.54611355,0.35796702
1332.0,-0.78529817,-1.2785037,7.8290396,0.05375614,-0.75747293,0.20525073
1343.0,-0.878672,-0.38067806,8.916007,0.657291,-1.0213667,0.058643065
1352.0,-0.7038953,0.5746084,9.878476,0.93828905,-1.2437216,-0.032986723
1363.0,0.11492168,0.9600749,10.445902,0.84299403,-1.3768903,-0.052534413
1373.0,1.1348516,0.009576807,10.977415,0.453262,-1.3267993,0.012217305
1384.0,2.2720973,-1.8986019,11.238382,0.002443461,-1.1239921,0.10751228
1393.0,3.277662,-4.5058875,13.18008,-0.24312437,-0.7965683,0.17837265
1403.0,3.5529952,-6.7324953,15.497667,-0.057421334,-0.41050145,0.25045475
1413.0,2.552219,-6.6510925,16.871939,0.29443705,-0.0842994,0.2919936
1425.0,1.0893618,-4.606444,16.510414,0.45081854,0.17592919,0.24678956
1433.0,-0.1604115,-2.135628,14.702792,0.30543262,0.41905355,0.13072516
1442.0,-0.92176765,-0.61291564,12.777855,-0.058643065,0.6817256,0.05375614
1453.0,-0.91219085,-0.33279404,11.183316,-0.50823987,0.9810496,0.096516706
1464.0,-0.6919243,-0.9648633,10.187328,-0.8417723,1.2351695,0.19914207
1473.0,-0.39264908,-1.7262194,9.414001,-0.95539325,1.3866642,0.29810223
1482.0,-0.4357447,-2.147599,8.406042,-0.8491027,1.4074335,0.3555236
1493.0,-0.7398083,-1.7980455,7.4962454,-0.58276546,1.3329079,0.34330627
1503.0,-1.1133038,-1.067814,6.5936313,-0.26145032,1.1838568,0.24923302
1513.0,-1.2258313,-0.272939,5.78918,0.004886922,1.0140363,0.12583824
1525.0,-1.1659763,0.16759412,5.1020436,0.14538592,0.8368854,0.034208454
1531.0,-1.0366893,0.23463176,4.4843397,0.17837265,0.63163465,0.0036651916
1543.0,-1.055843,0.3184288,3.799598,0.15393804,0.37018433,0.007330383
1552.0,-1.1731589,0.6607997,3.394978,0.09040806,0.0720821,-0.010995574
1562.0,-1.4652514,0.8619126,3.6511576,0.05009095,-0.2406809,-0.07696902
1573.0,-1.4197617,0.50996494,4.235343,0.06841691,-0.57787853,-0.15515977
1585.0,-1.1540052,-0.25139117,4.745308,0.14172074,-0.9114109,-0.18692477
1594.0,-0.8882488,-0.89303726,5.626374,0.27977628,-1.2522738,-0.18203785
1602.0,-0.9504981,-1.2617443,8.178593,0.47036624,-1.5723672,-0.21746802
1613.0,-0.90500826,-1.6089035,10.714052,0.6597345,-1.8240436,-0.30909783
1626.0,-0.48362875,-1.520318,10.9582615,0.6914995,-2.0073032,-0.3652974
1634.0,0.50038815,-1.9919758,11.113884,0.45204028,-2.0415115,-0.28221974
1644.0,1.721431,-3.1148565,10.426748,0.14294247,-1.8533652,-0.16493362
1650.0,4.5801077,-4.8602295,16.010027,0.02076942,-1.5418239,-0.17837265
1662.0,3.8355112,-5.8586116,17.24304,0.30665436,-0.84421575,-0.33475417
1673.0,1.934515,-6.471527,19.52232,0.7293731,-0.35430184,-0.32986724
1683.0,-0.095768064,-4.9081135,17.432182,0.61208695,-0.02443461,0.14905111
1693.0,-1.6424223,-1.7597382,14.010868,0.16249016,0.23457226,0.36285394
1705.0,-2.0614076,0.7493851,11.638214,-0.31764993,0.49602258,0.13316862
1713.0,-1.5011644,0.78050977,9.981427,-0.7415904,0.79290307,-0.1441642
1724.0,-0.5674258,-0.7182605,9.246407,-1.2070698,1.1227703,0.1160644
1733.0,-0.25857377,-2.6312277,8.882488,-1.2070698,1.1227703,0.1160644
1744.0,-0.641646,-3.1747115,8.532935,-1.0311406,1.1117748,0.4202753
1753.0,-0.9959879,-2.2026656,8.082825,-0.54000485,0.95172805,0.42760566
1764.0,-0.9768343,-0.581791,7.536947,0.44715336,0.5021312,-0.04642576
1773.0,-0.14844051,1.283292,7.165846,0.6206391,0.3200934,-0.080634214
1783.0,0.20350714,1.3359646,6.7468605,0.59864795,0.15271631,0.029321533
1793.0,0.09816227,0.92176765,6.2009826,0.4569272,0.008552114,0.13316862
1803.0,-0.51714754,0.11252748,5.8466406,0.35308012,-0.15515977,0.13439035
1813.0,-1.0319009,-0.5746084,5.7484784,0.344528,-0.3933972,0.07941248
1825.0,-1.1133038,-0.89064306,6.2464724,0.39950588,-0.675617,0.02076942
1834.0,-0.7302315,-1.0223241,7.5201874,0.5045747,-0.95417154,-0.036651913
1842.0,-0.2633622,-1.5155296,9.619903,0.63529986,-1.1447614,-0.06963864
1853.0,-0.1364695,-1.9057846,11.379641,0.84421575,-1.2253957,-0.087964594
1864.0,-0.24420857,-1.4197617,10.776301,1.0580186,-1.314582,-0.11362094
1874.0,1.2880806,-0.61770403,7.690176,0.97005403,-1.4501941,-0.05497787
1884.0,2.846706,-0.44532153,7.371747,0.7098254,-1.3500122,0.036651913
1893.0,4.2999864,-3.442862,15.86398,0.81245077,-1.0372492,-0.002443461
1903.0,3.8307228,-5.365406,16.630125,1.1178834,-0.5326745,0.010995574
1914.0,2.719813,-4.5178585,16.093824,0.9810496,-0.21380283,0.25045475
1924.0,0.6512229,-1.8746599,14.539987,0.7281514,0.004886922,0.5290093
1933.0,-0.1412579,0.44771573,12.588713,0.4202753,0.111177474,0.41172317
1944.0,0.0023942017,1.508347,10.625467,-0.18203785,0.23945917,0.03176499
1952.0,0.4285621,1.2138603,9.682152,-0.91751957,0.4605924,-0.15027285
1962.0,0.557849,-0.46926352,9.454702,-1.4819591,0.7147123,0.004886922
1973.0,0.25617957,-2.1691468,9.188946,-1.6627752,0.874759,0.3481932
1983.0,-0.21547815,-2.9616275,8.810662,-1.4648548,0.86498517,0.54000485
1992.0,-0.581791,-2.3319526,8.190564,-0.96883225,0.7049385,0.41783184
2002.0,-0.7589619,-1.2569559,7.81228,-0.37140608,0.4972443,0.14294247
2009.0,-0.5674258,-0.16280572,7.513005,0.1441642,0.30543262,-0.037873644
2021.0,-0.25617957,0.49081135,7.16824,0.43860126,0.15515977,-0.032986723
2029.0,-0.076614454,0.6871359,6.967127,0.48380527,0.059864793,0.04886922
2041.0,-0.14844051,0.48123455,7.0341644,0.39461896,-0.0061086523,0.08552113
2051.0,-0.30645782,0.2633622,7.0964136,0.26389378,-0.11728613,0.058643065
2061.0,-0.46447513,0.10295067,7.369353,0.14049901,-0.27122417,0.0061086523
2070.0,-0.4165911,-0.2777274,8.425196,0.09773844,-0.40194935,-0.040317107
2080.0,-0.22505496,-0.8738836,9.380483,0.18325958,-0.48502702,-0.09040806
2091.0,-0.19393034,-1.0295067,9.734824,0.31398472,-0.5656612,-0.13927728
2100.0,0.09816227,-0.51954174,9.004593,0.38606682,-0.6780604,-0.17104226
2110.0,1.661576,-0.4285621,7.2352777,0.3885103,-0.7867944,-0.18203785
2123.0,2.7246015,-0.6991069,7.771579,0.4129449,-0.7244862,-0.23090707
2130.0,2.633622,-2.3702598,12.880805,0.6389651,-0.5009095,-0.3494149
2142.0,2.372654,-3.6272156,14.245501,0.6780604,-0.26389378,-0.26145032
2152.0,1.4317327,-3.1866825,13.488933,0.37018433,-0.05131268,-0.052534413
2162.0,0.076614454,-1.4053963,13.06037,0.15393804,0.087964594,0.06841691
2172.0,-0.32321724,-0.06943185,12.157756,-0.02443461,0.13927728,-0.032986723
2183.0,0.06464344,0.6895301,11.020511,-0.36651915,0.1881465,-0.2773328
2192.0,0.5746084,0.81163436,9.993398,-0.8735373,0.31887165,-0.41172317
2203.0,0.7757214,0.016759412,9.56723,-1.3500122,0.48624873,-0.31642818
2212.0,0.5793968,-1.0654198,9.421184,-1.5906931,0.63529986,-0.118507855
2224.0,0.16280572,-1.5993267,9.330204,-1.505172,0.6939429,-0.08674286
2233.0,-0.11731588,-1.4556746,9.31105,-1.2034045,0.6805039,-0.267559
2244.0,-0.07182605,-1.0534488,9.25359,-0.86009824,0.6414085,-0.4813618
2253.0,0.1364695,-0.94092125,9.102755,-0.5766568,0.6206391,-0.5864306
2264.0,0.34237084,-1.0007763,9.057265,-0.36896262,0.6206391,-0.593761
2272.0,0.37828386,-1.0342951,8.90643,-0.22235495,0.6206391,-0.5839872
2283.0,0.31364042,-1.0606314,8.602366,-0.12705997,0.6133087,-0.61208695
2293.0,0.21308395,-0.8714894,8.310274,-0.0720821,0.56199604,-0.6743952
2303.0,0.17956513,-0.7254431,8.145074,-0.059864793,0.4972443,-0.73426
2313.0,0.30406362,-0.8403648,8.123527,-0.09407325,0.44226643,-0.7733554
2323.0,0.2801216,-1.1468226,8.3868885,-0.18081611,0.38973203,-0.78801614
2333.0,0.37828386,-1.541866,8.834604,-0.30176744,0.34330627,-0.77824235
2345.0,0.4405331,-2.0254946,9.394848,-0.39828414,0.32620203,-0.7611381
2353.0,0.38307226,-2.5378537,9.557653,-0.408058,0.30787608,-0.74036866
2364.0,0.29209262,-2.873042,9.562442,-0.31887165,0.28099802,-0.7086037
2372.0,0.22744916,-2.8898015,9.433155,-0.17715092,0.22235495,-0.6621779
2384.0,0.093373865,-2.8562827,9.421184,-0.02076942,0.14782938,-0.6267477
2393.0,-0.016759412,-2.6791117,9.459491,0.09407325,0.07452556,-0.6010914
2403.0,0.021547815,-2.4372973,9.536105,0.10995574,0.019547688,-0.5534439
2412.0,0.076614454,-2.4396915,9.701305,0.040317107,0.0012217305,-0.47525316
2425.0,0.12210429,-2.6910827,9.785102,-0.03176499,0.014660766,-0.38240165
2432.0,-0.04070143,-2.920926,9.864111,-0.064751714,0.019547688,-0.27977628
2442.0,-0.17238252,-3.083732,9.871294,-0.062308256,0.004886922,-0.15882497
2452.0,-0.40940848,-3.110068,9.67018,-0.052534413,-0.042760566,-0.04153884
2463.0,-0.30406362,-3.0358477,9.768343,-0.052534413,-0.087964594,0.05009095
2473.0,-0.37110126,-2.9376855,9.847352,-0.052534413,-0.111177474,0.12583824
2484.0,-0.22984336,-2.885013,9.840169,-0.05131268,-0.13316862,0.20647246
2492.0,-0.1364695,-2.7724855,9.607931,-0.042760566,-0.16615535,0.29932398
2503.0,-0.023942016,-2.801216,9.339781,-0.019547688,-0.21013765,0.3933972
2513.0,-0.08619126,-2.6839,9.263166,0.04153884,-0.2321288,0.46792278
2525.0,-0.30645782,-2.566584,9.375694,0.19425514,-0.31031954,0.5571091
2533.0,-0.17956513,-2.6048915,9.428367,0.19425514,-0.31031954,0.5571091
2544.0,0.06464344,-2.6288335,9.935937,0.267559,-0.3494149,0.5876524
2554.0,0.25378537,-2.396596,10.793061,0.3885103,-0.3848451,0.5852089
2564.0,0.18674773,-1.2689269,11.135432,0.45448375,-0.43860126,0.5900958
2573.0,-0.074220255,-0.2753332,10.402806,0.30298916,-0.4813618,0.6646214
2582.0,-0.4357447,-0.22266077,9.363723,-0.065973446,-0.48991394,0.81489426
2594.0,-0.15322891,-1.8507179,9.23683,-0.45448375,-0.48747048,0.9639453
2605.0,0.050278235,-4.3358994,9.227253,-0.47036624,-0.36041048,1.0433578
2614.0,0.557849,-5.8442464,8.901642,0.9773844,-0.35430184,1.1117748
2627.0,0.39983168,-2.8658595,10.563218,2.3554964,-0.4569272,1.0152581
2634.0,0.8810662,3.5314474,11.664551,3.522249,-0.7330383,0.5045747
2644.0,1.4437037,6.6726403,10.0987425,3.4611626,-0.59131753,0.039095376
2654.0,1.5011644,5.116409,9.727641,2.485,-0.20158553,0.080634214
2666.0,1.4580688,0.7541735,10.189722,1.1777482,0.18692477,0.39095375
2674.0,0.81642276,-2.6527755,10.785878,0.26389378,0.52778757,0.54367006
2683.0,0.11252748,-3.2585084,12.394782,0.019547688,0.70738196,0.42271876
2694.0,-0.33039984,-2.1691468,12.670115,0.39461896,0.70005155,0.23335053
2704.0,-0.38067806,-0.079008654,12.2798605,0.88208944,0.63041294,0.13439035
2714.0,-0.08379706,2.2481554,11.379641,1.0128145,0.6426302,0.103847094
2727.0,-0.16519992,3.040636,9.900024,0.7305948,0.7770206,0.0842994
2734.0,-0.4141969,1.8650831,7.9631147,0.2565634,0.9224065,0.09896017
2745.0,-0.5674258,0.17956513,6.543353,-0.24190263,0.92485,0.18692477
2755.0,-0.7158663,-0.62488663,6.227319,-0.64996064,0.766025,0.26511553
2764.0,-0.7493851,-0.45968673,5.9184666,-0.9456194,0.53878313,0.29565877
2773.0,-0.830788,0.22266077,5.602432,-1.1582005,0.28344148,0.31887165
2786.0,-0.7733272,0.7493851,5.3725886,-1.3402383,0.014660766,0.35918877
2794.0,-0.47884035,0.12928689,5.506664,-1.5088371,-0.22968534,0.38362336
2804.0,-0.19632454,-0.9983821,6.066907,-1.5063937,-0.40317106,0.35063666
2814.0,-0.2825158,-1.5993267,6.227319,-1.187522,-0.56077427,0.26267207
2825.0,-0.50757074,-1.4556746,6.2249246,-0.6719518,-0.7623598,0.21502456
2835.0,-0.7015011,-0.92895025,6.8091097,-0.204029,-0.9993755,0.21380283
2845.0,-0.61530983,-0.59376204,8.169016,0.04520403,-1.2034045,0.17959438
2855.0,-0.24181437,0.08379706,9.083601,0.09162979,-1.3634512,0.07819075
2865.0,0.5386954,0.37828386,10.254366,0.040317107,-1.4294246,-0.028099801
2874.0,1.9153614,-0.32561144,9.835381,0.02076942,-1.3561208,-0.09040806
2884.0,3.5553896,-2.5953147,11.401189,0.15271631,-1.0726794,-0.13805555
2894.0,3.1842883,-3.7732618,14.389153,0.68783426,-0.6609562,-0.112399206
2905.0,2.707842,-2.6288335,16.127342,1.0983357,-0.5180137,0.007330383
2915.0,2.4636335,-1.5849615,15.574282,1.001819,-0.34574974,-0.04642576
2926.0,1.6376339,-0.545878,14.566323,0.5852089,-0.03176499,-0.21380283
2934.0,0.5482722,0.21308395,13.352463,0.12217305,0.28710666,-0.3005457
2943.0,-0.007182605,0.21787235,11.887212,-0.2932153,0.5180137,-0.29077184
2954.0,0.055066638,-0.009576807,10.575189,-0.65240407,0.63529986,-0.26389378
2966.0,0.3878607,-0.5506664,9.715671,-0.93584555,0.6976081,-0.26389378
2972.0,0.49081135,-1.3910311,9.033323,-1.1191051,0.766025,-0.22602014
2985.0,0.22505496,-1.9871874,8.671799,-1.1777482,0.78801614,-0.10629055
2993.0,-0.15322891,-1.9369092,8.319851,-1.097114,0.7464773,-0.008552114
3004.0,-0.35913026,-1.3958195,8.049306,-0.89919364,0.6536258,-0.014660766
3012.0,-0.3878607,-0.8714894,7.702147,-0.63407815,0.50946164,-0.08552113
