27.0,-1.0342951,1.5251064,9.607931,0.0061086523,-0.02076942,0.0
39.0,-1.0342951,1.5251064,9.607931,0.16615535,0.13683382,-0.081855945
39.0,-1.0247183,1.8794483,9.495404,0.042760566,-0.25900686,-0.2773328
49.0,-0.9504981,1.9608512,9.504981,-0.10262536,-0.40683624,-0.3323107
61.0,-0.8738836,2.0805612,9.543288,-0.029321533,0.39584067,-0.0012217305
71.0,-0.7230489,2.099715,9.5385,-0.118507855,0.43493605,-0.032986723
79.0,-0.6799533,2.099715,9.502586,-0.24312437,0.25778514,-0.14172074
89.0,-0.51954174,2.2337902,9.380483,-0.36774087,0.10629055,-0.23823744
100.0,-0.45250413,2.1643584,9.279925,-0.47769663,0.10873401,-0.28221974
109.0,-0.34237084,1.9560628,9.021352,-0.5546656,0.11728613,-0.34330627
121.0,-0.30645782,1.757344,8.980651,-0.5852089,0.1001819,-0.40317106
129.0,-0.17477672,1.7741034,8.968679,-0.59498274,0.07696902,-0.45814893
140.0,0.055066638,1.7621324,9.030929,-0.6230826,0.05497787,-0.51923543
150.0,0.23942018,1.8291701,8.992621,-0.71593404,0.040317107,-0.5815437
160.0,0.32561144,1.922544,8.89446,-0.8881981,0.019547688,-0.63163465
170.0,0.33997664,1.9919758,8.825027,-1.1398746,-0.010995574,-0.6768387
181.0,0.2705448,1.982399,8.813056,-1.46852,-0.056199603,-0.72326446
190.0,0.39504328,1.7884687,8.942344,-1.8704693,-0.09407325,-0.7611381
203.0,0.5482722,1.42455,8.836999,-2.2968533,-0.10262536,-0.77946407
210.0,0.7781156,0.93134445,8.848969,-2.656042,-0.10995574,-0.77579886
220.0,0.80684596,0.20350714,8.643068,-2.8991663,-0.12950343,-0.75869465
230.0,0.82121116,-0.50038815,8.6095495,-3.0176742,-0.15882497,-0.7538077
241.0,0.79008657,-1.0271125,8.62152,-3.0457742,-0.20280726,-0.77824235
250.0,0.7230489,-1.3790601,8.590396,-3.0433307,-0.26267207,-0.8258898
261.0,0.59376204,-1.508347,8.5473,-3.072652,-0.3213151,-0.8784242
270.0,0.62967503,-1.5634137,8.468291,-3.1606169,-0.3652974,-0.9211848
280.0,0.7398083,-1.5227122,8.331821,-3.3011158,-0.3811799,-0.9505063
290.0,0.78290397,-1.8387469,8.274361,-3.4306192,-0.3726278,-0.95905846
302.0,0.81402856,-2.2697031,8.183381,-3.5051448,-0.344528,-0.95294976
310.0,0.82121116,-2.9735985,8.037335,-3.4831536,-0.32498032,-0.9334021
320.0,0.7661445,-3.6703112,7.8888946,-3.3499851,-0.312763,-0.92485
330.0,0.6895301,-4.280833,7.7691846,-3.1398473,-0.31887165,-0.9468411
340.0,0.5722142,-4.829105,7.704541,-2.8918362,-0.35308012,-0.9993755
350.0,0.46686932,-5.0900726,7.666234,-2.6499333,-0.38362336,-1.0751228
363.0,0.33758244,-5.1235914,7.5848308,-2.4349089,-0.41538838,-1.1557571
370.0,0.36870706,-5.159505,7.61835,-2.257758,-0.42394048,-1.2144
381.0,0.3184288,-5.3725886,7.7189064,-2.130698,-0.44104472,-1.237613
390.0,0.34715924,-5.4899044,7.7572136,-2.0598376,-0.46792278,-1.2241739
401.0,0.38067806,-5.6910176,7.848193,-2.0182989,-0.46303585,-1.1997393
410.0,0.5650316,-5.849035,7.7811556,-1.9743165,-0.4654793,-1.1777482
422.0,0.4309563,-5.995081,7.6590514,-1.9425515,-0.48624873,-1.1545353
430.0,0.3854665,-6.009446,7.7213006,-1.9230038,-0.49235737,-1.128879
441.0,0.20350714,-6.3781533,7.821857,-1.8997909,-0.50823987,-1.1007792
450.0,0.074220255,-6.787562,7.9822683,-1.8203784,-0.5522222,-1.0030408
461.0,0.18674773,-7.69257,7.9463553,-1.7250835,-0.59864795,-0.9334021
470.0,0.074220255,-7.9224133,7.9942393,-1.613906,-0.6462954,-0.874759
482.0,-0.009576807,-8.135497,8.355764,-1.4892895,-0.6780604,-0.8356637
491.0,-0.18195933,-8.307879,8.571242,-1.3548992,-0.71837753,-0.7965683
501.0,-0.19153613,-8.243237,9.006987,-1.2388347,-0.75502944,-0.7330383
510.0,-0.11492168,-8.214506,9.14585,-1.17897,-0.7733554,-0.6462954
521.0,-0.074220255,-7.965509,9.263166,-1.187522,-0.752586,-0.54000485
530.0,-0.009576807,-8.003817,9.018958,-1.2217305,-0.68539083,-0.40439278
542.0,-0.16998832,-8.14268,8.992621,-1.205848,-0.5729916,-0.26511553
550.0,-0.30166942,-8.7053175,9.363723,-1.0677924,-0.43004912,-0.14538592
562.0,-0.545878,-9.155427,9.471462,-0.8197812,-0.35308012,-0.036651913
571.0,-0.9696517,-8.9758625,9.442732,-0.56077427,-0.3408628,0.04642576
581.0,-1.0654198,-8.470686,9.414001,-0.34208453,-0.3286455,0.095294975
590.0,-0.9911995,-7.953538,9.069236,-0.1966986,-0.30543262,0.15882497
603.0,-0.7326257,-7.7811556,8.7292595,-0.10995574,-0.22724187,0.29565877
611.0,-0.6464345,-7.8649526,8.599973,-0.010995574,-0.12705997,0.45937067
622.0,-0.7469909,-7.747637,8.494628,0.080634214,-0.07941248,0.5852089
631.0,-0.8403648,-7.4244194,8.372523,0.1441642,-0.047647487,0.675617
642.0,-0.8858546,-7.1993647,8.365341,0.18936823,-0.004886922,0.7623598
652.0,-0.8619126,-7.098808,8.310274,0.21746802,0.032986723,0.8735373
666.0,-0.93613285,-7.050924,8.219295,0.17348573,0.04642576,1.0274754
673.0,-0.8523358,-6.9958572,7.8146744,0.032986723,0.07086037,1.2021828
682.0,-0.6847417,-7.0844426,7.57286,-0.10262536,0.13316862,1.3365731
692.0,-0.48362875,-7.350199,7.656657,-0.13683382,0.1966986,1.4110987
703.0,-0.5410896,-7.465121,7.6135616,-0.08307768,0.22724187,1.4660766
714.0,-0.6392518,-7.273585,7.5345526,0.0061086523,0.2321288,1.5173893
724.0,-0.533907,-7.0700774,7.48188,0.13072516,0.27122417,1.5393804
733.0,-0.5243302,-7.132327,7.5465236,0.30298916,0.3115413,1.5332718
744.0,-0.5530606,-6.835446,7.3071036,0.45081854,0.3200934,1.5393804
753.0,-0.49320555,-6.564901,7.00304,0.5546656,0.35796702,1.5577064
765.0,-0.2825158,-6.3925185,7.03177,0.67073005,0.43982297,1.5381587
775.0,-0.4237737,-6.3422403,7.0581064,0.8063421,0.49357912,1.4905112
784.0,-0.5267244,-6.2943563,7.043741,0.9016371,0.5204572,1.4709635
794.0,-0.50517654,-6.2105594,6.9240313,0.9505063,0.5363397,1.4611896
804.0,-0.4429273,-6.0142345,6.9144545,0.9786061,0.5742133,1.4184291
813.0,-0.35913026,-6.114791,7.0245876,1.0445796,0.6450737,1.3585643
824.0,-0.4309563,-6.2345014,6.9503675,1.1325442,0.66828656,1.3219124
834.0,-0.533907,-6.0764837,6.8450227,1.1911873,0.6731735,1.2974777
845.0,-0.51475334,-5.9759274,6.775591,1.2412782,0.68539083,1.2315043
854.0,-0.5626374,-5.595249,6.8043213,1.2938126,0.7147123,1.1178834
866.0,-0.6536171,-5.389348,6.7588315,1.3243558,0.73548174,1.0115929
873.0,-0.6775591,-5.279215,6.8162923,1.3377949,0.77213365,0.93951076
885.0,-0.7374141,-5.305551,6.9838862,1.3756685,0.78801614,0.8698721
894.0,-0.7589619,-5.209783,7.055712,1.428203,0.77946407,0.77213365
906.0,-0.80205756,-4.7860093,7.1873937,1.4697418,0.77213365,0.64996064
914.0,-0.8283938,-4.414908,7.36217,1.4880677,0.784351,0.50701815
925.0,-0.866701,-4.048595,7.4507556,1.4697418,0.79534656,0.35185838
934.0,-1.0726024,-3.4237084,7.4723034,1.396438,0.8051204,0.21502456
944.0,-1.13964,-3.071761,7.73806,1.3035865,0.84299403,0.10629055
953.0,-1.3072342,-3.1435869,8.298303,1.2168436,0.89675015,-0.012217305
966.0,-1.508347,-3.0119057,8.918402,1.1203269,0.9492846,-0.1441642
976.0,-1.6352397,-2.7222073,9.6845455,0.97494096,1.0079277,-0.27977628
985.0,-1.7717092,-2.255338,10.232818,0.6976081,1.0604621,-0.40439278
994.0,-1.8746599,-1.8459295,10.240001,0.25534168,1.1545353,-0.48502702
1005.0,-1.7142484,-1.99437,10.323798,-0.3005457,1.3536774,-0.50823987
1017.0,-1.673547,-3.1148565,10.383653,-0.874759,1.6102408,-0.47647488
1026.0,-1.8531121,-4.5561657,10.460267,-1.4782939,1.8362609,-0.38362336
1036.0,-2.1045034,-5.8634,10.67814,-2.1013765,2.0024164,-0.28344148
1043.0,-2.5187001,-6.7372837,10.426748,-2.7452285,2.0867157,-0.21013765
1066.0,-2.6431987,-7.1490865,9.706094,-3.4648278,2.1465805,-0.13072516
1066.0,-2.554613,-7.501034,8.446744,-4.211305,2.2504275,0.05375614
1072.0,-2.540248,-8.604761,7.371747,-4.781853,2.35794,0.40317106
1085.0,-2.8323407,-9.768343,6.5002575,-4.968778,2.403144,0.8344419
1091.0,-3.2752678,-11.149797,5.9400144,-4.6132545,2.3286183,1.2852604
1103.0,-3.7612908,-12.559982,5.109226,-3.7360518,2.1331415,1.6835446
1113.0,-4.249708,-13.244724,3.9097314,-2.483778,1.7849482,1.9071213
1123.0,-4.5561657,-12.612655,2.4827871,-1.1178834,1.3390167,1.9963076
1133.0,-4.596867,-11.525687,0.80924016,0.0720821,0.84421575,2.0842721
1145.0,-4.1635165,-10.189722,-0.11252748,0.88086766,0.37018433,2.2101104
1154.0,-3.6894648,-8.789114,-0.56982,1.319469,-0.07941248,2.3420575
1166.0,-3.2704794,-7.4363904,-0.50517654,1.4941764,-0.55955255,2.470339
1174.0,-2.7868507,-6.435614,-0.2633622,1.4782939,-1.0458013,2.574186
1183.0,-2.384625,-5.5617304,0.1388637,1.3035865,-1.5393804,2.6193902
1194.0,-1.9321208,-4.7644615,0.11252748,1.001819,-1.9938642,2.605951
1206.0,-1.7764976,-4.0174704,0.33518824,0.63407815,-2.4007003,2.5644124
1213.0,-1.5370775,-3.3973722,0.81402856,0.30665436,-2.7940977,2.4972172
1225.0,-1.2497733,-2.930503,1.2354081,0.12217305,-3.1740558,2.3921483
1234.0,-0.770933,-2.72939,1.6089035,0.15760323,-3.5051448,2.2162192
1245.0,-0.25378537,-2.633622,2.0087352,0.33353242,-3.7360518,1.926669
1254.0,-0.272939,-2.2002714,2.336741,0.8906415,-4.1551056,1.1508701
1267.0,-0.63206923,-1.7118542,2.6647465,0.8906415,-4.1551056,1.1508701
1275.0,-0.8762778,-0.9624691,3.0142999,1.0519099,-4.7171016,0.41783184
1285.0,-1.4173675,1.0486604,2.348712,0.84788096,-5.007873,-0.012217305
1295.0,-1.2617443,2.1021092,2.1691468,0.6218608,-5.2558846,-0.52412236
1305.0,-0.6368576,2.753332,2.5258827,0.5155703,-5.4061575,-1.0531317
1314.0,0.15083471,2.207454,2.9735985,0.4813618,-5.474574,-1.4575244
1326.0,1.2904748,1.4508862,-1.0151415,0.3408628,-5.064073,-1.7067575
1335.0,7.9822683,2.1811178,1.733402,1.5601498,-3.517362,-1.4697418
1346.0,10.381259,-21.569363,17.417818,2.488665,-2.2540927,1.2522738
1355.0,5.827487,-23.54458,25.55571,2.7867672,-2.5143213,2.3774874
1367.0,-0.011971008,-13.069947,23.807941,5.566204,-2.5961773,-1.0824533
1375.0,-4.709395,-5.74369,23.309948,7.235088,-2.6047294,-3.1899383
1387.0,-3.8977604,3.3901896,21.703438,6.1721826,-2.4959953,-2.5949554
1395.0,-1.0965444,10.635044,18.128895,3.2058208,-1.3793337,-1.0348058
1406.0,0.32800564,10.809821,15.660473,-0.0061086523,-0.19792034,-0.20525073
1415.0,-0.023942016,6.3182983,13.12262,-2.4984388,0.49480084,-0.39095375
1425.0,-0.37588966,1.472434,11.425131,-3.9132028,0.71959925,-0.7440339
1434.0,-0.7781156,-1.7860745,10.005369,-4.3896775,0.78801614,-0.8539896
1446.0,-1.5777789,-2.9951463,9.018958,-4.4751987,0.90285885,-0.816116
1455.0,-2.3008277,-3.2872388,8.597578,-4.5045204,1.028697,-0.7257079
1466.0,-2.255338,-3.6343982,8.066066,-4.4898596,1.1239921,-0.6462954
1474.0,-1.7429788,-4.5992613,7.7907324,-4.3224826,1.2082914,-0.63529986
1485.0,-1.3359646,-6.0645127,7.4986396,-3.9791763,1.2718215,-0.65484756
1495.0,-1.3982137,-7.357382,7.321469,-3.4599407,1.3023647,-0.62796944
1506.0,-1.5777789,-8.358158,7.479486,-2.765998,1.2962561,-0.548557
1515.0,-1.7908629,-8.832211,7.6590514,-1.9999728,1.2070698,-0.48380527
1526.0,-1.8052281,-8.4347725,7.8984714,-1.2705997,1.1178834,-0.4728097
1535.0,-1.7549498,-7.872135,8.279149,-0.64873886,1.0665708,-0.47036624
1545.0,-1.9177556,-7.153875,8.686164,-0.19425514,1.0250319,-0.408058
1555.0,-2.1140802,-6.4140663,9.234436,0.008552114,0.9651671,-0.27366763
1567.0,-2.0374656,-5.645528,9.378088,-0.112399206,0.9419542,-0.1160644
1575.0,-1.5801731,-5.106832,9.722853,-0.44226643,1.0323622,0.035430185
1587.0,-1.3024458,-5.2504845,9.991004,-0.81122905,1.2034045,0.23457226
1596.0,-1.2808979,-6.1530986,10.005369,-1.1814134,1.3768903,0.5180137
1604.0,-1.3311762,-7.2807674,9.330204,-1.5418239,1.4941764,0.7965683
1615.0,-1.4173675,-7.9008656,8.966286,-1.7336355,1.6041322,0.9334021
1627.0,-1.99437,-7.860164,8.827422,-1.7250835,1.6236799,0.93584555
1635.0,-2.348712,-7.192182,8.805874,-1.6945401,1.6102408,0.93828905
1645.0,-2.1308396,-6.622362,8.719683,-1.5870279,1.7385225,1.0152581
1655.0,-2.267309,-7.0221934,8.585608,-1.3121386,1.9034561,1.2583824
1667.0,-2.8993783,-8.204929,8.1881695,-0.9468411,1.9254472,1.6786577
1674.0,-3.58412,-9.121908,7.740454,-0.57543504,1.8252654,2.0292943
1686.0,-4.0940847,-8.822633,7.201759,-0.18692477,1.6566665,2.048842
1695.0,-4.0438066,-7.5968018,6.921637,0.22724187,1.4709635,1.8093829
1704.0,-3.8498764,-6.2608376,6.5505357,0.5839872,1.2901474,1.5919148
1715.0,-3.4237084,-4.9536033,6.181829,0.77946407,1.1203269,1.536937
1726.0,-2.8491,-3.9001546,5.791574,0.8051204,0.97494096,1.59558
1736.0,-2.4396915,-3.406949,5.554548,0.72204274,0.8051204,1.6530013
1748.0,-2.327164,-3.0621839,4.9416323,0.54733527,0.5815437,1.632232
1755.0,-2.2146366,-3.1555579,4.486734,0.43249258,0.3726278,1.5430456
1768.0,-2.0374656,-3.655946,4.0174704,0.50823987,0.16982053,1.3939945
1775.0,-1.7286136,-4.012682,3.667917,0.72326446,-0.03176499,1.2302825
1785.0,-1.9129672,-3.8355112,3.1603463,0.956615,-0.31520647,1.065349
1795.0,-2.1045034,-2.9496565,2.44448,1.1264355,-0.6450737,0.88697636
1808.0,-2.1284454,-2.099715,2.0614076,1.2449434,-0.9419542,0.6621779
1816.0,-1.9033904,-1.376666,2.3582888,1.314582,-1.1948525,0.39950588
1826.0,-1.9369092,-1.0893618,3.0095115,1.3561208,-1.4001031,0.23579398
1835.0,-1.7357962,-1.6687586,4.477157,1.2718215,-1.5760323,0.25534168
1846.0,-1.6950948,-2.6767175,5.590461,1.1435398,-1.7959439,0.30176744
1855.0,-2.2026656,-3.2944214,5.4803276,0.9981538,-2.112372,0.14049901
1868.0,-2.8419175,-3.016694,4.63278,0.83199847,-2.4764478,-0.2968805
1875.0,-3.1603463,-2.0925324,4.343082,0.7464773,-2.7550023,-0.874759
1886.0,-3.5984852,-1.3192052,3.7349546,0.8918633,-3.0017917,-1.3536774
1896.0,-3.964798,-1.0534488,2.944868,1.2253957,-3.2876768,-1.6126842
1906.0,-4.0174704,-0.9888053,2.1404164,1.672549,-3.6822958,-1.7373008
1916.0,-3.8905778,0.89543146,-11.901577,2.147802,-3.6615262,-1.8216002
1927.0,5.4324436,-0.8714894,5.8203044,4.554611,-1.817935,-0.8772025
1936.0,4.903325,-21.437681,30.569168,4.62425,-2.01219,2.1697934
1946.0,2.3439236,-15.7586355,24.677036,2.3017402,-2.140472,1.9120082
1955.0,-0.1388637,-5.829881,25.210943,1.6847663,-1.2217305,-1.0641272
1965.0,-3.3063924,-0.18674773,23.403322,1.0836749,-0.70616025,-2.2369885
1973.0,-3.6367924,1.5993267,17.080235,-0.22113322,-0.25045475,-0.95417154
1983.0,-4.261679,0.7661445,13.163321,-1.8252654,0.36651915,0.79290307
1992.0,-3.8187518,-1.0462662,9.97185,-2.973692,0.7415904,1.2498302
2002.0,-2.6647465,-2.1332338,8.171411,-3.6138787,0.829555,0.5510005
2012.0,-1.9488802,-2.0015526,6.9479733,-4.0915756,0.72082096,-0.31031954
2022.0,-1.9129672,-0.82360536,6.208165,-4.550946,0.64751714,-0.6585127
2033.0,-2.3678656,-0.24181437,5.5521536,-4.9651127,0.6743952,-0.4361578
2043.0,-2.5713725,-0.94092125,5.2600613,-5.209459,0.7501425,-0.04153884
2053.0,-2.4660277,-2.837129,5.0541596,-4.7757444,0.9089675,0.07819075
2063.0,-2.1068976,-5.1666875,5.1235914,-4.7757444,0.9089675,0.07819075
2072.0,-1.9393034,-7.3909006,5.461174,-4.114788,0.91996306,-0.10995574
2082.0,-1.9919758,-8.99741,5.681441,-3.291342,0.8564331,-0.26267207
2092.0,-2.0398598,-9.794679,5.837064,-2.4349089,0.77579886,-0.33353242
2104.0,-2.0039468,-10.079589,5.9687448,-1.0384709,0.6010914,-0.344528
2112.0,-2.078167,-9.354146,6.169858,-0.61575216,0.4972443,-0.32375857
2122.0,-2.2529438,-8.683769,6.117185,-0.32253686,0.3921755,-0.30543262
2132.0,-2.3989902,-7.9152308,6.1243677,-0.13072516,0.29810223,-0.2773328
2142.0,-2.3630772,-7.204153,6.2991447,-0.058643065,0.21380283,-0.24190263
2152.0,-2.27928,-6.495469,6.543353,-0.1001819,0.16615535,-0.20280726
2165.0,-2.0949266,-6.217742,6.88333,-0.20891592,0.16982053,-0.15149458
2172.0,-1.9321208,-6.2249246,7.1371155,-0.33353242,0.17348573,-0.09285152
2182.0,-1.9369092,-6.2512608,7.4603324,-0.44715336,0.18325958,-0.05131268
2192.0,-1.958457,-6.2632318,7.7189064,-0.548557,0.21502456,-0.032986723
2204.0,-2.0135236,-6.339846,7.8170686,-0.6206391,0.25167647,-0.004886922
2212.0,-1.9393034,-6.7324953,7.884106,-0.6621779,0.33353242,0.06963864
2225.0,-1.9393034,-7.4866686,8.166622,-0.6731735,0.43982297,0.17470746
2232.0,-1.8794483,-8.274361,8.147469,-0.6976081,0.5119051,0.2687807
2243.0,-1.721431,-8.784326,7.9822683,-0.7281514,0.59742624,0.33353242
2255.0,-1.6639702,-9.157822,7.8769236,-0.73914695,0.70616025,0.37873647
2265.0,-1.6376339,-9.497798,7.735666,-0.7049385,0.8173377,0.44226643
2274.0,-1.769315,-9.962274,7.144298,-0.5742133,0.93462384,0.5546656
2285.0,-1.8124107,-10.723629,6.531382,-0.23945917,1.078788,0.6927212
2294.0,-1.7836803,-11.990162,6.1770406,0.40194935,1.2168436,0.80756384
2305.0,-2.1404164,-12.689269,5.841852,1.2840388,1.2266175,0.81245077
2315.0,-2.717419,-11.506534,6.215348,2.2174408,1.1533136,0.68661255
2325.0,-3.241749,-10.311827,5.9783216,2.9981265,1.0482447,0.6169739
2335.0,-3.2489316,-9.100361,5.494693,3.4746015,0.95905846,0.63407815
2347.0,-3.2345665,-7.359776,5.41329,3.681074,0.9456194,0.61941737
2355.0,-3.3806129,-5.693412,5.329493,3.662748,0.9272934,0.61208695
2367.0,-3.4739866,-4.213795,5.377377,3.4196236,0.84421575,0.6646214
2375.0,-3.301604,-3.2920272,5.3342814,3.023783,0.7733554,0.7489208
2386.0,-2.9233203,-2.669535,5.580884,2.5607471,0.73792523,0.7965683
2395.0,-2.7461493,-2.3654714,5.710171,2.0964894,0.7330383,0.8063421
2407.0,-2.8682537,-2.372654,5.777209,1.7153096,0.7049385,0.8368854
2415.0,-2.9281087,-2.6360161,5.755661,1.4697418,0.56199604,0.8979719
2426.0,-2.9712043,-3.1747115,5.353435,1.3084733,0.3481932,0.9260717
2435.0,-2.942474,-3.4500446,4.7884035,1.2205088,0.10262536,0.87109387
2446.0,-2.9041667,-3.4356794,4.072537,1.1899655,-0.16371189,0.766025
2456.0,-3.0669725,-2.932897,3.3135753,1.1545353,-0.4642576,0.6560693
2468.0,-3.1148565,-2.0398598,2.7940333,1.0665708,-0.7684685,0.5314528
2476.0,-2.944868,-1.2473791,2.813187,0.95294976,-1.0409144,0.3885103
2486.0,-2.7964275,-0.7661445,3.0454245,0.8368854,-1.2901474,0.2565634
2497.0,-2.420538,-0.94331545,3.8546648,0.6817256,-1.4929546,0.15027285
2507.0,-2.0709844,-1.3934253,5.011064,0.5375614,-1.6481144,0.07941248
2517.0,-2.0326772,-2.2170308,6.435614,0.4251622,-1.7935003,0.030543262
2528.0,-2.4061728,-3.0621839,6.9719152,0.32375857,-2.0073032,-0.06963864
2537.0,-2.873042,-3.0597897,7.1371155,0.14294247,-2.2638667,-0.32742378
2547.0,-3.4763808,-2.0087352,6.9838862,-0.08674286,-2.4996605,-0.7489208
2556.0,-3.8857894,-0.90261406,6.090849,-0.25900686,-2.7269025,-1.2046263
2568.0,-3.940856,-0.1316811,5.2169657,-0.24801129,-2.9639182,-1.5650368
2576.0,-3.5553896,-0.34476504,4.173094,-0.058643065,-3.2534683,-1.813048
2587.0,-0.9768343,4.661511,-7.3071036,0.4886922,-2.7989845,-1.926669
2597.0,6.1411276,-4.3167458,1.7549498,3.4061847,-0.6792821,-0.04520403
2607.0,7.48188,-25.92681,30.966604,4.4947467,-0.82833326,3.6603045
2617.0,-3.6727054,-20.19988,26.113558,1.3732251,-1.2339478,2.117259
2626.0,-5.6431336,-10.180145,24.157495,-0.12705997,-0.48258355,-1.505172
2637.0,-4.915296,-5.351041,22.05778,0.2761111,-0.13194689,-2.4581218
2648.0,-3.7301662,-0.107739076,15.808914,0.70738196,-0.05009095,-0.5693264
2657.0,-3.6870706,1.4652514,12.169727,-0.056199603,0.46792278,1.4941764
2668.0,-3.8235402,0.51235914,9.830592,-1.6285667,0.8564331,1.6957619
2677.0,-3.0909145,0.15322891,8.00621,-3.299894,0.88208944,0.6059783
2686.0,-2.2720973,0.62249243,6.8210807,-4.4128904,0.7867944,-0.30298916
2696.0,-2.4229321,0.9648633,6.042965,-4.8123965,0.766025,-0.29443705
2707.0,-3.0550013,0.02873042,5.853823,-4.805066,0.7806858,0.30298916
2716.0,-3.2824504,-1.6519991,5.7125654,-4.5814896,0.8002335,0.7318166
2725.0,-2.956839,-3.4213142,5.717354,-4.206418,0.86132,0.643852
2736.0,-2.291251,-5.080496,5.853823,-3.6566393,0.9456194,0.29077184
2745.0,-1.8818425,-6.5505357,6.1938,-2.886949,1.0042624,0.040317107
2755.0,-1.8339585,-7.6853876,6.375759,-1.9926424,1.0067059,0.0036651916
2767.0,-1.8698715,-8.343793,6.579266,-1.142318,0.9786061,0.057421334
2782.0,-2.1164744,-8.465898,6.5457473,-0.43371433,0.9285152,0.037873644
2784.0,-2.243367,-8.384495,6.4380083,0.087964594,0.8539896,-0.07086037
2795.0,-2.3798366,-7.8745294,6.289568,0.4129449,0.77579886,-0.17470746
2806.0,-2.5139117,-7.1227503,6.007052,0.5546656,0.6914995,-0.22235495
2815.0,-2.5761611,-6.375759,5.9041014,0.52778757,0.63041294,-0.22724187
2826.0,-2.5187001,-5.8442464,5.8203044,0.37018433,0.5815437,-0.21991149
2836.0,-2.5354595,-5.48751,5.8681884,0.14294247,0.5571091,-0.204029
2846.0,-2.5234885,-5.559336,5.9687448,-0.081855945,0.5412266,-0.16982053
2856.0,-2.3774424,-5.74369,6.31351,-0.25534168,0.5180137,-0.12217305
2867.0,-2.2888567,-6.220136,6.7013707,-0.25534168,0.5180137,-0.12217305
2876.0,-2.1978772,-6.5984197,6.991069,-0.19058995,0.48747048,-0.10995574
2887.0,-2.1308396,-6.8809357,7.1754227,-0.08552113,0.453262,-0.111177474
2897.0,-2.1787236,-6.9958572,7.314286,0.007330383,0.41783184,-0.119729586
2907.0,-2.15957,-6.921637,7.3645644,0.061086524,0.38606682,-0.12583824
2918.0,-2.1380222,-6.6893997,7.2783732,0.06963864,0.36774087,-0.119729586
2928.0,-2.0829554,-6.517017,7.192182,0.043982297,0.34330627,-0.10140363
2936.0,-2.0709844,-6.244078,7.0581064,-0.07574729,0.27488935,-0.087964594
2949.0,-2.0733786,-5.719748,6.8450227,-0.1441642,0.24312437,-0.09162979
2956.0,-2.0733786,-5.6646814,6.7085533,-0.18570304,0.1966986,-0.06963864
2969.0,-2.1811178,-5.645528,6.6391215,-0.2003638,0.15027285,-0.035430185
2977.0,-2.1571758,-5.695806,6.6510925,-0.19425514,0.12705997,-0.021991149
2985.0,-2.1883004,-6.066907,6.897695,-0.14905111,0.119729586,-0.02076942
2997.0,-2.2936451,-6.3542113,7.0605006,-0.080634214,0.09407325,-0.014660766
3009.0,-2.3415294,-6.5218053,7.089231,-0.012217305,0.056199603,-0.014660766
