31.0,1.9536686,-1.7932571,9.435549,-0.04153884,0.10140363,0.015882496
41.0,1.8171991,-1.8986019,9.440337,0.17104226,0.12217305,-0.07819075
47.0,1.8124107,-1.8842367,9.411607,0.015882496,-0.267559,-0.27122417
57.0,1.9273324,-1.9249382,9.392453,-0.081855945,-0.42394048,-0.3005457
64.0,1.9201498,-1.9728222,9.31105,0.04642576,0.3481932,0.0720821
74.0,1.9297266,-1.7884687,9.399636,0.047647487,0.35308012,0.0842994
90.0,1.946486,-1.8674773,9.3661175,0.04153884,0.17104226,0.02321288
95.0,1.9369092,-1.7741034,9.356541,0.02565634,0.0061086523,-0.037873644
105.0,1.946486,-1.7932571,9.3733,0.007330383,0.008552114,-0.04153884
115.0,1.9153614,-1.9009962,9.3182335,-0.010995574,0.019547688,-0.04642576
125.0,1.9632454,-1.9393034,9.3421755,-0.021991149,0.02321288,-0.05131268
137.0,1.9057846,-1.9656396,9.385271,-0.02565634,0.02687807,-0.052534413
146.0,1.9393034,-1.9297266,9.3733,-0.019547688,0.02321288,-0.056199603
156.0,1.8531121,-1.9177556,9.378088,-0.008552114,0.021991149,-0.056199603
165.0,1.9297266,-1.958457,9.40203,-0.002443461,0.021991149,-0.05497787
175.0,1.9129672,-1.958457,9.399636,0.0012217305,0.02076942,-0.05375614
186.0,1.8842367,-1.9081788,9.3733,0.004886922,0.02076942,-0.05497787
196.0,1.9201498,-1.9560628,9.399636,0.004886922,0.02076942,-0.05497787
207.0,1.9393034,-1.9728222,9.368511,-0.0012217305,0.02687807,-0.05375614
215.0,1.9273324,-1.9680338,9.370906,-0.009773844,0.02443461,-0.05131268
226.0,1.9297266,-1.9632454,9.363723,-0.017104227,0.028099801,-0.047647487
235.0,1.8626889,-1.922544,9.334992,-0.017104227,0.030543262,-0.04153884
245.0,1.8866309,-1.8842367,9.378088,-0.019547688,0.030543262,-0.035430185
255.0,1.9009962,-1.9009962,9.330204,-0.02443461,0.032986723,-0.030543262
266.0,1.958457,-1.9512744,9.289502,-0.029321533,0.037873644,-0.02687807
275.0,2.006341,-1.958457,9.294291,-0.03176499,0.034208454,-0.02443461
286.0,1.9608512,-1.8842367,9.32781,-0.032986723,0.032986723,-0.02565634
295.0,1.9800048,-1.8291701,9.241618,-0.036651913,0.03176499,-0.028099801
306.0,1.982399,-1.7956513,9.248801,-0.05131268,0.029321533,-0.03176499
315.0,1.946486,-1.8315643,9.26556,-0.07086037,0.029321533,-0.036651913
326.0,1.9393034,-1.8986019,9.25359,-0.087964594,0.028099801,-0.04153884
335.0,1.9201498,-1.9632454,9.303867,-0.09896017,0.02565634,-0.04520403
345.0,2.0039468,-1.8818425,9.232041,-0.09896017,0.018325957,-0.042760566
355.0,1.9488802,-1.970428,9.244013,-0.09040806,0.010995574,-0.039095376
365.0,1.922544,-1.8746599,9.129091,-0.081855945,0.004886922,-0.035430185
376.0,1.9393034,-1.8148049,9.054871,-0.07574729,0.0,-0.029321533
387.0,1.9009962,-1.8243817,9.136273,-0.07452556,-0.0061086523,-0.02443461
396.0,1.8770541,-1.8531121,9.176975,-0.07819075,-0.015882496,-0.019547688
406.0,1.8770541,-1.9416976,9.239224,-0.080634214,-0.021991149,-0.015882496
416.0,1.8315643,-1.9919758,9.224859,-0.07819075,-0.03176499,-0.009773844
426.0,1.9129672,-2.0231004,9.40203,-0.07574729,-0.042760566,-0.0012217305
436.0,1.8698715,-2.1188686,9.382876,-0.065973446,-0.056199603,0.007330383
447.0,1.9321208,-2.0374656,9.337387,-0.05009095,-0.07086037,0.014660766
456.0,1.8411411,-2.0949266,9.351752,-0.036651913,-0.080634214,0.021991149
466.0,1.9009962,-2.0159178,9.315839,-0.021991149,-0.09162979,0.03176499
476.0,1.9009962,-2.0518308,9.368511,-0.012217305,-0.09773844,0.04642576
486.0,1.8866309,-2.1260512,9.375694,-0.007330383,-0.10262536,0.062308256
496.0,1.8411411,-2.111686,9.44752,-0.004886922,-0.10873401,0.07941248
507.0,1.8483237,-2.2026656,9.459491,-0.0036651916,-0.112399206,0.09773844
516.0,1.8435353,-2.2601264,9.445126,0.0036651916,-0.1160644,0.11484267
526.0,1.8339585,-2.2385786,9.526528,0.02076942,-0.12339478,0.13316862
536.0,1.7836803,-2.2984335,9.500193,0.047647487,-0.12950343,0.15393804
546.0,1.7070658,-2.2649148,9.442732,0.07452556,-0.13561209,0.17470746
555.0,1.6711528,-2.2720973,9.497798,0.096516706,-0.13805555,0.1966986
567.0,1.6927006,-2.3223755,9.495404,0.112399206,-0.14049901,0.21746802
576.0,1.7357962,-2.384625,9.528923,0.12583824,-0.14049901,0.23945917
586.0,1.673547,-2.2409728,9.533711,0.13439035,-0.13805555,0.2602286
596.0,1.7142484,-2.3056161,9.586384,0.14294247,-0.13194689,0.28099802
606.0,1.6927006,-2.432509,9.540894,0.14782938,-0.12583824,0.30176744
615.0,1.5610195,-2.4157495,9.629479,0.15271631,-0.11728613,0.3213151
627.0,1.5682021,-2.4420857,9.665392,0.16126843,-0.10751228,0.33964106
635.0,1.5227122,-2.5139117,9.742006,0.17348573,-0.095294975,0.35796702
647.0,1.5466543,-2.5450363,9.706094,0.19058995,-0.081855945,0.37873647
657.0,1.5131354,-2.5905263,9.6845455,0.20891592,-0.065973446,0.39950588
668.0,1.4628572,-2.6431987,9.67018,0.22479841,-0.05131268,0.42271876
677.0,1.3814543,-2.7581203,9.698911,0.23457226,-0.032986723,0.44959682
688.0,1.3000516,-2.834735,9.631873,0.2406809,-0.014660766,0.48258355
697.0,1.2976574,-2.8634653,9.8042555,0.24678956,0.0012217305,0.52290064
709.0,1.2066777,-3.1292217,9.773131,0.24801129,0.017104227,0.5729916
718.0,1.1707647,-3.1148565,9.7803135,0.23945917,0.030543262,0.63163465
727.0,1.0773908,-3.2154129,9.811439,0.21502456,0.043982297,0.6976081
739.0,0.9864111,-3.359065,9.821015,0.18203785,0.059864793,0.77457714
751.0,0.89303726,-3.4835634,9.849746,0.1441642,0.065973446,0.8588765
758.0,0.7661445,-3.6152446,9.854534,0.095294975,0.0720821,0.95172805
767.0,0.7086837,-3.6750996,9.873688,0.04520403,0.06963864,1.0494665
779.0,0.6727707,-3.7349546,9.983821,0.009773844,0.06963864,1.1533136
789.0,0.7134721,-3.7780502,9.983821,-0.002443461,0.06963864,1.2608259
799.0,0.62488663,-3.7349546,10.244789,0.008552114,0.0720821,1.3671165
809.0,0.61530983,-3.5577838,10.3453455,0.010995574,0.089186326,1.4709635
819.0,0.59615624,-3.3039982,10.352529,-0.02687807,0.10751228,1.582141
829.0,0.58657944,-3.1962593,10.546458,-0.11484267,0.13805555,1.6933185
837.0,0.62249243,-2.8060043,10.907983,-0.24801129,0.17959438,1.7947221
848.0,0.6679823,-2.5091233,11.568783,-0.42760566,0.23335053,1.8765781
858.0,0.81163436,-2.2098482,12.306197,-0.6536258,0.32620203,1.9486601
869.0,0.89303726,-2.1380222,12.887988,-0.91996306,0.45814893,2.0207422
878.0,0.8882488,-2.1906946,13.306973,-1.2241739,0.6218608,2.085494
889.0,0.94810385,-2.6312277,13.579912,-1.5540411,0.8136725,2.1416936
898.0,0.8283938,-3.5984852,13.63019,-1.8912388,1.0274754,2.1978931
910.0,0.842759,-4.805163,13.790602,-2.1954496,1.2571607,2.257758
918.0,0.9504981,-6.253655,14.123396,-2.39337,1.5027285,2.3176227
929.0,1.0247183,-7.491457,14.585477,-2.4410176,1.7873917,2.388483
937.0,0.89064306,-8.3629465,14.585477,-2.3445008,2.0818288,2.452013
949.0,0.62967503,-8.564059,14.324509,-2.0769417,2.3432791,2.5082128
957.0,0.39264908,-8.099585,13.850457,-1.6444492,2.5631905,2.5583036
968.0,0.37828386,-7.3909006,13.194446,-1.128879,2.7464502,2.5925121
979.0,0.41180268,-6.6726403,12.564771,-0.6377433,2.9431489,2.6279423
989.0,0.5746084,-5.9902925,12.155362,-0.23823744,3.1435125,2.6829202
999.0,0.5554548,-5.463568,11.305421,0.030543262,3.3328807,2.724459
1008.0,0.45010993,-4.8626237,10.556035,0.18203785,3.5075881,2.7293458
1019.0,0.19153613,-4.4819455,9.859323,0.2406809,3.667635,2.6841419
1030.0,-0.12928689,-4.10845,9.179369,0.2687807,3.8105774,2.6450465
1056.0,-0.5506664,-3.4284968,8.4587145,0.28710666,3.9217548,2.6450465
1056.0,-0.9888053,-2.89459,7.252037,0.30543262,3.9816196,2.6450465
1056.0,-1.283292,-2.554613,5.7484784,0.27000242,3.980398,2.5876253
1066.0,-1.42455,-2.2170308,4.675876,0.16982053,3.9095376,2.4801128
1077.0,-1.5035586,-1.496376,3.7469256,0.09040806,3.7763689,2.3603833
1090.0,-1.5251064,-0.90261406,2.7844565,0.28710666,3.3524284,2.1416936
1098.0,-1.2808979,-0.01436521,0.90021986,0.48502702,3.0396655,2.0280726
1109.0,-1.0079589,0.19153613,-0.11971009,0.6377433,2.670703,1.8863518
1117.0,-0.91458505,0.19153613,-1.079785,0.7122689,2.239432,1.7250835
1127.0,-1.0749966,0.48841715,-2.2026656,0.6719518,1.7592919,1.577254
1137.0,-1.3239936,0.60333884,-2.705448,0.4886922,1.2290609,1.4611896
1148.0,-1.5801731,0.90740246,-2.705448,0.21502456,0.63529986,1.3573426
1159.0,-1.8698715,1.3383588,-2.8778305,-0.065973446,0.047647487,1.2253957
1170.0,-1.697489,1.9081788,-2.348712,-0.32620203,-0.5375614,1.0665708
1179.0,-0.8283938,2.2170308,-1.733402,-0.5497787,-1.1508701,0.8735373
1190.0,0.90979666,1.970428,-1.1444284,-0.7867944,-1.8057177,0.6914995
1199.0,2.3439236,1.3383588,-0.4213795,-0.9932669,-2.461787,0.45570546
1209.0,2.4109612,0.49799395,0.14604631,-1.0005972,-3.0360003,0.0842994
1219.0,1.7836803,-0.30645782,0.62728083,-0.75991637,-3.5271358,-0.33841935
1231.0,1.1013328,-0.81642276,0.7757214,-0.35430184,-4.0292673,-0.6988298
1239.0,0.45010993,-0.641646,0.9768343,0.05497787,-4.5387287,-1.0177015
1248.0,-0.06703765,-0.45489833,0.90500826,0.3200934,-5.045747,-1.3060299
1258.0,-0.50757074,-0.5770026,2.0685902,0.3933972,-5.5136695,-1.5259414
1268.0,-0.4357447,-1.0031705,4.9536033,0.37018433,-5.9131756,-1.7030923
1278.0,0.4405331,-1.8866309,8.611943,0.3567453,-6.2161646,-1.8387043
1290.0,1.2042835,-3.1004913,13.632585,0.32253686,-6.269921,-1.890017
1299.0,0.320823,-3.1387985,20.683508,0.112399206,-5.997475,-1.8704693
1309.0,-0.8571242,-1.0199299,22.795195,-0.6951646,-5.773898,-1.7788396
1320.0,-1.8219875,0.48841715,17.915812,-2.5815165,-5.3682837,-1.4636332
1328.0,-0.10295067,-0.40701428,15.483302,-4.448321,-4.577824,-1.0274754
1338.0,2.9879637,-5.837064,18.054674,-4.5704937,-3.2852333,-1.0238101
1351.0,5.1140146,-18.119318,23.752874,-2.5460863,-1.9413297,-1.1997393
1358.0,3.550601,-30.42791,31.41432,-0.23335053,-1.0922271,-0.6719518
1368.0,-0.35194764,-16.270994,34.304123,-0.43249258,-1.0580186,0.4801401
1379.0,-2.870648,-9.378088,29.975405,-1.3500122,-0.4728097,0.9957104
1389.0,-4.673482,-7.8410106,24.363396,-2.6083946,0.93584555,0.6927212
1398.0,-6.0262055,-6.847417,21.11207,-3.1422908,1.9743165,0.61819565
1409.0,-6.2704144,-6.411672,18.198328,-2.2992969,2.4055874,0.66828656
1418.0,-5.269638,-7.098808,16.46253,-1.1093313,2.896723,0.829555
1429.0,-3.8666358,-8.295909,15.658079,-0.35918877,3.5283577,1.3121386
1439.0,-2.8060043,-7.9463553,14.329297,0.16371189,3.9584067,1.8325957
1448.0,-2.1188686,-5.913678,12.411542,0.7635816,4.194201,1.8558086
1459.0,-1.460463,-3.7445314,10.196905,1.3658947,4.3603563,1.5161675
1470.0,-0.93134445,-2.2337902,7.97748,1.7336355,4.541172,1.3060299
1479.0,-0.7206547,-1.3790601,5.74369,1.8777997,4.7171016,1.3573426
1489.0,-0.90261406,-1.0606314,4.0222588,1.9327776,4.8563786,1.423316
1499.0,-1.1755531,-1.0821792,2.3774424,1.921782,4.918687,1.3158038
1508.0,-1.30484,-1.685518,0.5674258,1.7873917,4.9015827,1.0567969
1519.0,-1.3575124,-2.504335,-1.4269443,1.5076154,4.77941,0.75502944
1529.0,-1.3479356,-3.4332852,-3.347094,1.0934488,4.510629,0.50823987
1539.0,-1.42455,-3.9959226,-4.72376,0.61208695,4.0781364,0.37018433
1550.0,-1.6567876,-3.9480386,-5.5282116,0.19547687,3.5027013,0.3567453
1559.0,-2.1811178,-3.169923,-5.614403,-0.07452556,2.8539624,0.4129449
1569.0,-2.4061728,-1.7070658,-5.1379566,-0.25534168,2.1355848,0.4373795
1579.0,-1.2856863,0.39504328,-4.5681367,-0.49846604,1.3316863,0.39706242
1591.0,1.283292,2.3630772,-3.7900212,-0.8014552,0.4605924,0.34330627
1598.0,4.3143516,3.0669725,-2.944868,-1.0800097,-0.43249258,0.36163223
1608.0,4.7548847,1.9057846,-2.2984335,-1.219287,-1.2241739,0.28955013
1617.0,3.0813377,-0.51475334,-1.8363527,-1.078788,-1.8924606,-0.002443461
1629.0,1.472434,-2.4636335,-1.6017209,-0.6035349,-2.6132815,-0.31887165
1638.0,0.92895025,-3.0550013,-1.1923125,0.14782938,-3.40985,-0.5815437
1651.0,0.7398083,-2.5187001,-0.7206547,0.8222246,-4.1734314,-0.7684685
1659.0,0.4357447,-1.8986019,0.7757214,1.1850786,-4.8221703,-0.9260717
1669.0,0.045489833,-1.7669208,3.6822822,1.328021,-5.349958,-1.1117748
1679.0,-0.21787235,-2.5785553,7.16824,1.3866642,-5.743355,-1.2864822
1689.0,-0.44771573,-3.6703112,11.602302,1.4782939,-5.957158,-1.4086553
1698.0,-1.8602947,-3.3255463,15.775395,1.5442673,-5.9498277,-1.4624114
1709.0,-3.9145198,0.31364042,17.492037,1.1203269,-5.9547143,-1.3805555
1719.0,-3.6990416,2.3247697,17.02038,-0.54367006,-5.970597,-1.2596041
1728.0,-3.2273839,0.80924016,14.386758,-2.6169467,-5.246111,-0.9309586
1739.0,-0.5793968,-3.2369606,13.5775175,-3.6529741,-4.148997,-0.57543504
1749.0,3.028665,-12.210428,17.142485,-2.5668557,-2.8918362,-0.5876524
1759.0,5.705383,-24.954763,29.798235,0.4728097,-2.021964,-0.6976081
1769.0,4.039018,-21.985954,33.411083,1.8765781,-1.8545868,-0.21868975
1779.0,-0.5674258,-7.989451,34.071884,0.24312437,-1.4001031,1.0714576
1789.0,-3.5889084,-4.912902,26.860548,-1.9743165,-0.13439035,1.5234979
1799.0,-5.1762643,-5.8945246,22.95321,-3.803247,1.3304645,0.7134906
1808.0,-6.6103907,-6.615179,20.221428,-4.114788,2.3640485,0.12095132
1818.0,-7.4363904,-8.588001,17.84638,-3.0030136,2.9712486,0.33841935
1830.0,-6.4164605,-10.0987425,16.402676,-1.6151277,3.4526103,1.0714576
1839.0,-4.2664676,-9.409213,15.176845,-0.47158796,3.8154643,1.6762142
1848.0,-2.5737667,-6.861782,13.345281,0.5717699,4.0549235,1.7287487
1859.0,-1.4053963,-3.8618474,11.121067,1.4489723,4.225966,1.3854424
1870.0,-0.50278234,-1.2234371,8.635885,1.9474384,4.3994517,1.0152581
1879.0,0.04309563,0.088585466,6.2584434,2.0916026,4.6034803,0.8686504
1891.0,-0.14844051,0.0,4.1635165,1.863139,4.9345694,0.9615019
1899.0,-0.80205756,-0.78529817,2.2744915,1.863139,4.9345694,0.9615019
1910.0,-1.553837,-1.7932571,-0.007182605,1.5931365,4.9333477,0.8503244
1920.0,-2.2816741,-2.9352913,-1.8100165,1.174083,4.774523,0.63285637
1928.0,-2.396596,-3.70383,-3.5075054,0.59742624,4.451986,0.41050145
1939.0,-2.291251,-4.120421,-4.474763,0.04520403,3.9559634,0.26389378
1951.0,-2.3415294,-4.1299977,-4.663905,-0.2602286,3.3243287,0.25167647
1959.0,-2.873042,-1.5275006,-3.5984852,-0.21502456,1.8851302,0.37507126
1969.0,-1.7477672,0.59615624,-2.9735985,-0.19547687,1.110553,0.3408628
1979.0,1.3718776,2.372654,-2.5809495,-0.2919936,0.25778514,0.25900686
1990.0,3.608062,2.087744,-2.2050598,-0.46670106,-0.5681047,0.19058995
1999.0,3.311181,-0.3878607,-1.7717092,-0.5326745,-1.2437216,0.042760566
2010.0,1.4030021,-3.2680852,-1.5634137,-0.2883284,-1.8692477,-0.17592919
2022.0,0.7086837,-4.5513773,-1.5442601,0.32986724,-2.6218336,-0.39461896
2029.0,1.0271125,-4.43885,-1.103727,1.0848967,-3.3988543,-0.52778757
2039.0,0.9648633,-3.3518825,-0.5674258,1.5479325,-4.089132,-0.6096435
2063.0,0.7398083,-2.5809495,0.45489833,1.6872098,-4.684115,-0.7134906
2063.0,0.58657944,-2.2577322,3.016694,1.6786577,-5.1740284,-0.8197812
2071.0,0.59615624,-2.303222,5.60722,1.6517797,-5.5368824,-0.8979719
2078.0,0.61052144,-1.697489,7.9391727,1.6420058,-5.7323594,-0.9639453
2092.0,0.4357447,-0.4165911,11.049241,1.4477507,-5.6944857,-1.0604621
2100.0,-0.32800564,1.3000516,13.268666,0.8588765,-5.4843483,-1.1435398
2109.0,-0.5363012,1.7142484,11.920731,-0.065973446,-5.298645,-1.0763446
2118.0,0.088585466,0.5650316,11.563994,-1.0531317,-5.0335298,-0.8527679
2130.0,0.5554548,-2.4851813,12.117055,-1.4501941,-4.447099,-0.7134906
2139.0,1.2138603,-6.7372837,13.6254015,-0.8564331,-3.8631117,-0.816116
2150.0,1.3455414,-11.070788,12.394782,0.56199604,-3.5417967,-0.89552844
2161.0,2.0925324,-13.656527,13.615825,2.4141395,-3.4843755,-0.6414085
2170.0,0.6703765,-8.508993,16.47929,3.6688566,-3.6065483,-0.344528
2178.0,3.3327289,-4.285621,19.80723,3.9510765,-3.9938369,0.25778514
2190.0,1.4532804,2.7461493,22.869415,2.1685717,-3.0983086,0.6658431
2199.0,2.0470424,7.78355,24.693796,-0.23945917,-1.9523253,-0.22968534
2209.0,1.5155296,0.0047884034,23.889345,-2.3102922,-0.8344419,-0.8576548
2219.0,0.60573304,-8.190564,21.382616,-2.856406,0.037873644,-0.37995818
2229.0,-0.93373865,-9.437943,18.083405,-2.035403,0.26633725,-0.103847094
2238.0,-1.2425907,-5.533,14.111424,-0.59864795,0.09773844,-0.20525073
2249.0,-0.40940848,-2.858677,11.324574,0.39950588,0.05009095,-0.10873401
2259.0,0.19632454,-1.8986019,9.739613,0.44959682,0.26145032,0.0842994
2268.0,0.16759412,-2.291251,8.62152,-0.017104227,0.54611355,0.056199603
2278.0,-0.2825158,-3.110068,7.831434,-0.29565877,0.7012733,-0.05497787
2290.0,-0.29688102,-3.1842883,7.3286514,-0.19547687,0.6914995,-0.04153884
2299.0,-0.031124622,-2.3750482,6.739678,0.02076942,0.5742133,0.042760566
2312.0,0.40701428,-1.7788919,6.196194,0.1881465,0.4447099,0.073303826
2321.0,0.6679823,-1.4891934,6.0022635,0.15149458,0.36041048,0.010995574
2330.0,0.7565677,-1.8866309,6.1123967,-0.07452556,0.3213151,-0.081855945
2341.0,0.81642276,-2.6168625,6.279991,-0.33353242,0.2883284,-0.13194689
2350.0,0.92895025,-3.2273839,6.7947445,-0.48624873,0.2125811,-0.15515977
2361.0,1.067814,-3.7972038,7.3909006,-0.46914452,0.11484267,-0.17470746
2371.0,1.3263878,-4.247314,7.917625,-0.3115413,0.015882496,-0.16615535
2381.0,1.6567876,-4.4723687,8.374918,-0.11362094,-0.07452556,-0.13194689
2391.0,1.7022774,-4.5537715,8.722076,0.05375614,-0.12950343,-0.111177474
2398.0,1.7118542,-4.453215,9.064447,0.15515977,-0.15882497,-0.105068825
2411.0,1.5586253,-4.1611223,9.220071,0.17837265,-0.16982053,-0.095294975
2420.0,1.4197617,-3.9552212,9.428367,0.1441642,-0.16615535,-0.08307768
2431.0,1.2521675,-3.7612908,9.545682,0.073303826,-0.14660765,-0.0720821
2441.0,1.1061212,-3.5817258,9.615114,-0.018325957,-0.12950343,-0.062308256
2451.0,1.0127473,-3.4691982,9.636662,-0.12583824,-0.10995574,-0.05009095
2461.0,0.85473,-3.347094,9.701305,-0.22602014,-0.0842994,-0.034208454
2470.0,0.8355764,-3.2920272,9.629479,-0.29932398,-0.05375614,-0.017104227
2481.0,0.7685388,-3.1890767,9.648633,-0.3323107,-0.029321533,-0.008552114
2492.0,0.7493851,-3.1507695,9.583989,-0.3286455,0.0,-0.009773844
2499.0,0.6967127,-3.064578,9.452309,-0.2932153,0.028099801,-0.014660766
2509.0,0.5793968,-2.9496565,9.32781,-0.2406809,0.05009095,-0.009773844
2519.0,0.5482722,-2.834735,9.143456,-0.16126843,0.061086524,-0.012217305
2530.0,0.50517654,-2.8395233,9.095572,-0.09407325,0.06963864,-0.034208454
2540.0,0.62009823,-2.753332,9.11712,-0.06841691,0.08552113,-0.057421334
2550.0,0.6584055,-2.7940333,8.987833,-0.073303826,0.096516706,-0.06352998
2559.0,0.7182605,-2.8562827,9.109938,-0.08307768,0.103847094,-0.06841691
2570.0,0.7781156,-3.0190883,9.26556,-0.09040806,0.103847094,-0.0842994
2581.0,0.85473,-3.1435869,9.246407,-0.089186326,0.10140363,-0.09040806
2594.0,0.94810385,-3.13401,9.196129,-0.09162979,0.095294975,-0.09040806
2601.0,0.92416185,-3.1507695,9.272743,-0.08552113,0.09285152,-0.09285152
2612.0,0.9528923,-3.2609026,9.248801,-0.0842994,0.09407325,-0.10140363
2619.0,0.92176765,-3.2920272,9.179369,-0.0842994,0.08552113,-0.105068825
2629.0,0.9504981,-3.394978,9.200917,-0.0842994,0.08307768,-0.103847094
2639.0,0.9528923,-3.4883518,9.090784,-0.064751714,0.07941248,-0.096516706
2649.0,0.94570965,-3.4715924,9.006987,-0.04153884,0.06841691,-0.09162979
2658.0,0.93852705,-3.4261026,8.978256,-0.018325957,0.052534413,-0.08552113
2669.0,0.90021986,-3.4835634,8.913613,-0.0012217305,0.042760566,-0.07086037
2678.0,0.8882488,-3.5314474,8.990228,-0.0012217305,0.034208454,-0.061086524
2689.0,0.93613285,-3.5290532,9.038112,0.007330383,0.028099801,-0.05131268
2697.0,1.0103531,-3.5458126,8.99741,0.028099801,0.029321533,-0.04153884
2707.0,0.9864111,-3.3997664,8.971074,0.034208454,0.02565634,-0.030543262
2720.0,0.94092125,-3.3566709,8.853758,0.02443461,0.021991149,-0.02321288
2730.0,0.91937345,-3.3303347,8.779537,-0.0036651916,0.034208454,-0.02321288
2739.0,0.80684596,-3.3997664,8.870518,-0.035430185,0.029321533,-0.02321288
2749.0,0.7589619,-3.5362358,8.920795,-0.062308256,0.032986723,-0.029321533
2760.0,0.80205756,-3.58412,8.913613,-0.065973446,0.028099801,-0.035430185
2771.0,0.7469909,-3.5122938,8.882488,-0.065973446,0.02321288,-0.037873644
2780.0,0.7493851,-3.5984852,9.16261,-0.065973446,0.02687807,-0.04520403
2792.0,0.79726917,-3.5673606,9.16261,-0.056199603,0.028099801,-0.04520403
2800.0,0.7302315,-3.5625722,9.148245,-0.05009095,0.029321533,-0.047647487
2812.0,0.7541735,-3.3973722,9.124303,-0.040317107,0.03176499,-0.04886922
2820.0,0.6967127,-3.3854012,9.160215,-0.04520403,0.039095376,-0.04886922
2830.0,0.7086837,-3.3973722,9.172187,-0.06963864,0.05009095,-0.05131268
2840.0,0.62967503,-3.478775,9.143456,-0.087964594,0.062308256,-0.05497787
2852.0,0.6560113,-3.4715924,9.165004,-0.09162979,0.062308256,-0.058643065
2861.0,0.6895301,-3.4045548,9.160215,-0.080634214,0.057421334,-0.057421334
2871.0,0.6823475,-3.5218706,9.208099,-0.06841691,0.05497787,-0.04886922
2882.0,0.7182605,-3.5242648,9.227253,-0.04886922,0.05131268,-0.032986723
2892.0,0.7445967,-3.4715924,9.222465,-0.02321288,0.043982297,-0.021991149
2901.0,0.7565677,-3.4404678,9.229648,0.0012217305,0.037873644,-0.018325957
2913.0,0.7230489,-3.4380736,9.136273,0.017104227,0.034208454,-0.012217305
2922.0,0.8283938,-3.5122938,9.109938,0.028099801,0.032986723,-0.009773844
2932.0,0.81402856,-3.442862,9.035717,0.037873644,0.030543262,-0.008552114
2943.0,0.8858546,-3.4739866,9.081207,0.05009095,0.028099801,-0.008552114
2953.0,0.81163436,-3.3997664,8.980651,0.056199603,0.021991149,-0.009773844
2962.0,0.8643068,-3.4596214,8.942344,0.05375614,0.02076942,-0.009773844
2973.0,0.8451532,-3.5098996,8.971074,0.05009095,0.014660766,-0.009773844
2982.0,0.8523358,-3.526659,8.959103,0.05375614,0.0036651916,-0.0061086523
2993.0,0.92416185,-3.526659,8.920795,0.059864793,-0.0012217305,-0.0061086523
3001.0,0.85473,-3.4500446,8.90643,0.06352998,-0.012217305,-0.008552114
3011.0,0.8523358,-3.5051112,8.937555,0.06352998,-0.017104227,-0.0061086523
