16.0,1.460463,1.5251064,10.335769,0.05009095,-0.04642576,-0.057421334
26.0,1.5825673,1.2162545,10.304645,0.172264,0.118507855,-0.089186326
33.0,2.360683,1.0630256,9.921572,0.02443461,-0.2761111,-0.28955013
44.0,2.6288335,1.1947067,9.813833,-0.15149458,-0.43860126,-0.5705481
60.0,2.5330653,1.1923125,9.785102,-0.089186326,0.3359759,-0.453262
63.0,2.2984335,1.30484,9.660604,-0.25045475,0.35308012,-0.7147123
74.0,2.2337902,1.1133038,9.80665,-0.52534413,0.21135938,-1.047023
83.0,2.195483,0.8595184,9.660604,-0.7806858,0.089186326,-1.2241739
93.0,2.2888567,0.59376204,9.677363,-0.9370673,0.14660765,-1.2986995
104.0,2.195483,0.15083471,9.7803135,-1.028697,0.19058995,-1.3487904
113.0,2.171541,-0.19871874,9.811439,-1.1203269,0.22724187,-1.3634512
123.0,1.8531121,-0.29209262,9.696517,-1.1753048,0.25778514,-1.3756685
135.0,1.5562311,-0.20590134,9.291897,-1.2119566,0.26511553,-1.4001031
144.0,1.2785037,0.19393034,8.9998045,-1.2522738,0.25778514,-1.4306464
154.0,1.2425907,0.18435353,8.882488,-1.2473868,0.27488935,-1.4428637
164.0,1.0654198,-0.4285621,8.523358,-1.1899655,0.25289822,-1.409877
173.0,1.0271125,-1.0319009,8.851364,-1.0115929,0.23335053,-1.359786
183.0,0.7302315,-1.055843,9.097966,-0.8246681,0.26145032,-1.2938126
195.0,0.2681506,-1.0055647,9.605537,-0.7147123,0.22235495,-1.2205088
204.0,0.3854665,-1.5107412,10.187328,-0.5925393,0.23457226,-1.1594223
214.0,0.34955344,-1.7860745,10.919954,-0.43371433,0.23823744,-1.097114
224.0,0.51235914,-1.6687586,10.936713,-0.22479841,0.16126843,-1.0115929
234.0,0.41180268,-1.2042835,10.510546,-0.1600467,0.111177474,-0.8723156
244.0,0.059855044,-0.35434186,10.199299,-0.59986967,0.16737708,-0.6597345
256.0,-0.14604631,0.07182605,10.311827,-0.59986967,0.16737708,-0.6597345
264.0,-0.30406362,-0.33279404,10.386047,-1.1252137,0.15027285,-0.42149702
274.0,-0.8499416,-1.9560628,9.248801,-0.9639453,0.058643065,-0.3726278
284.0,-0.15083471,-1.6903064,9.28232,-0.6805039,0.029321533,-0.28955013
294.0,0.20829555,-1.0654198,9.655815,-0.50946164,0.02687807,-0.15027285
304.0,-0.33997664,-0.7685388,9.581595,-0.41538838,-0.02443461,-0.029321533
315.0,-0.5770026,-0.82360536,9.856929,-0.41783184,-0.014660766,0.06719518
324.0,-0.5650316,-1.0630256,10.108319,-0.48502702,-0.0061086523,0.14905111
334.0,-0.23942018,-1.388637,10.19451,-0.49113566,-0.02443461,0.18448131
344.0,0.22026655,-1.5825673,10.33098,-0.35308012,-0.043982297,0.20158553
355.0,0.4165911,-1.8794483,10.409989,-0.14905111,-0.061086524,0.2773328
364.0,0.32561144,-1.7764976,10.326192,0.02443461,-0.073303826,0.35430184
376.0,0.33997664,-1.376666,10.407595,0.09773844,-0.07696902,0.4092797
384.0,0.48362875,-1.043872,10.6398325,0.0061086523,-0.04153884,0.45448375
395.0,0.5291186,-0.92895025,10.860099,-0.10751228,-0.0061086523,0.46792278
405.0,0.5267244,-0.9672575,10.898406,-0.12095132,0.02076942,0.45814893
415.0,0.4429273,-1.1300632,10.998962,-0.05131268,0.06963864,0.46303585
424.0,0.31124622,-1.0462662,11.135432,0.015882496,0.14538592,0.48624873
435.0,0.107739076,-0.7517793,11.422736,0.010995574,0.204029,0.4813618
444.0,-0.33518824,-0.021547815,11.176133,-0.18081611,0.25778514,0.45570546
455.0,-0.49559975,0.9816227,10.175357,-0.51068336,0.32742378,0.41172317
464.0,-1.0462662,1.508347,5.533,-0.6206391,0.27977628,0.33475417
475.0,0.12449849,0.7182605,4.4915223,-0.20891592,0.10751228,0.0061086523
485.0,1.5634137,0.79248077,5.2840033,0.3371976,0.02443461,-0.27488935
495.0,2.4157495,0.4309563,9.272743,0.1685988,0.28710666,-0.089186326
504.0,1.910573,-1.0366893,11.532869,-0.21746802,0.3652974,0.081855945
514.0,1.4149733,-3.122039,12.299014,-0.25289822,0.3213151,0.16737708
524.0,0.47165772,-3.5673606,12.50731,-0.12461651,0.376293,0.18203785
534.0,-0.06464344,-2.3774424,12.155362,-0.032986723,0.37873647,0.16615535
544.0,0.1340753,-0.6392518,11.145009,-0.1160644,0.376293,0.14782938
557.0,0.32321724,0.19632454,9.864111,-0.36163223,0.40317106,0.12095132
565.0,0.095768064,-0.10055647,9.112331,-0.6230826,0.4361578,0.12217305
575.0,-0.30645782,-0.8499416,8.485051,-0.79412484,0.42149702,0.16371189
585.0,-0.46208093,-1.4652514,8.240842,-0.79534656,0.3567453,0.19058995
595.0,-0.11971009,-2.0087352,8.312668,-0.63041294,0.3200934,0.16249016
606.0,0.11252748,-2.1763294,8.59279,-0.41783184,0.29810223,0.13072516
617.0,0.059855044,-2.006341,8.793902,-0.28710666,0.24678956,0.16126843
625.0,-0.05746084,-1.7645266,8.623915,-0.2565634,0.18570304,0.24190263
637.0,-0.17956513,-1.5873557,8.48984,-0.25411993,0.11484267,0.29077184
647.0,-0.17238252,-1.508347,8.374918,-0.24190263,0.062308256,0.2932153
658.0,-0.1340753,-1.6232687,8.4826565,-0.22968534,0.008552114,0.2932153
666.0,-0.11492168,-1.6591818,8.4826565,-0.23090707,-0.039095376,0.2932153
678.0,-0.110133275,-1.6519991,8.796297,-0.23335053,-0.07086037,0.27122417
687.0,-0.035913024,-1.6160861,8.937555,-0.22968534,-0.11728613,0.2321288
697.0,0.06703765,-1.5969325,8.868123,-0.19547687,-0.16249016,0.19303341
706.0,0.29927522,-1.661576,9.131485,-0.11362094,-0.17470746,0.16493362
717.0,0.25378537,-1.8914193,9.41879,-0.02687807,-0.19058995,0.1563815
728.0,0.45729253,-1.6711528,9.682152,0.02443461,-0.19914207,0.14905111
739.0,0.5650316,-1.5634137,10.070012,0.07574729,-0.16371189,0.12217305
748.0,0.4429273,-1.4556746,9.866506,0.095294975,-0.15515977,0.08552113
759.0,0.47165772,-0.8810662,9.655815,0.09407325,-0.111177474,0.029321533
767.0,0.6631939,-1.283292,9.976639,0.19792034,-0.013439035,-0.014660766
778.0,0.4237737,-2.3654714,9.519346,0.34697145,-0.052534413,-0.02565634
787.0,0.46208093,-2.906561,8.331821,0.6059783,-0.14660765,-0.073303826
797.0,0.6655881,-2.2266076,7.7548194,0.98837996,-0.16982053,-0.19425514
807.0,0.78050977,-1.4652514,7.735666,1.1716396,-0.16249016,-0.29932398
818.0,1.0582372,-0.9624691,8.259995,0.9932669,-0.10140363,-0.28588495
826.0,1.292869,-1.0630256,10.041282,0.42271876,0.07819075,-0.18325958
837.0,1.0079589,-1.7190368,11.489774,-0.36896262,0.22235495,-0.105068825
848.0,0.47405192,-2.3942018,11.719617,-1.0555751,0.2773328,-0.089186326
859.0,-0.0023942017,-2.8921957,10.874464,-1.5088371,0.2932153,-0.09896017
865.0,0.01436521,-2.8562827,9.919178,-1.7165314,0.2932153,-0.1001819
877.0,0.16519992,-2.719813,9.095572,-1.8106046,0.27122417,-0.080634214
887.0,0.33039984,-2.432509,8.614338,-1.9413297,0.23335053,-0.04886922
897.0,0.4357447,-2.468422,8.310274,-2.1111503,0.19425514,-0.030543262
907.0,0.45968673,-2.7748797,8.271967,-2.243097,0.13805555,-0.02687807
919.0,0.48362875,-3.1124623,8.118738,-2.2455406,0.057421334,-0.030543262
927.0,0.5434838,-3.2920272,7.9463553,-2.067168,-0.009773844,-0.039095376
937.0,0.44771573,-3.5218706,7.9463553,-1.7592919,-0.10140363,-0.02443461
947.0,0.50278234,-3.4284968,7.9822683,-1.4147639,-0.21868975,0.02076942
958.0,0.5386954,-2.9257145,8.154651,-1.128879,-0.35430184,0.062308256
967.0,0.6919243,-2.2337902,8.288726,-0.91507614,-0.5009095,0.05131268
978.0,0.92655605,-2.0829554,8.494628,-0.689056,-0.6096435,-0.0012217305
988.0,0.7398083,-2.2720973,8.959103,-0.37873647,-0.6780604,-0.04520403
998.0,0.4189853,-2.7006595,9.840169,-0.002443461,-0.7452556,-0.039095376
1008.0,0.4285621,-2.8778305,10.994174,0.33964106,-0.77091193,-0.004886922
1018.0,0.22984336,-2.846706,11.729194,0.4569272,-0.7672467,0.019547688
1027.0,-0.4285621,-1.5370775,10.9822035,0.172264,-0.81489426,0.05497787
1059.0,-1.0582372,-1.079785,8.291121,-0.26389378,-0.9089675,0.080634214
1059.0,-1.079785,-2.1332338,2.6240451,0.8686504,-0.9053023,-0.49968776
1059.0,1.2449849,-4.486734,2.6743233,0.8686504,-0.9053023,-0.49968776
1067.0,4.2066126,-6.895301,10.0269165,2.057394,-0.6462954,-0.7110472
1076.0,3.6631286,-5.9902925,17.278954,1.4856243,-0.27122417,-0.056199603
1086.0,2.4468741,-3.2752678,18.387468,-0.05497787,-0.065973446,0.37873647
1098.0,2.2625206,-2.4349031,16.294937,-1.1569787,0.49846604,-0.13927728
1106.0,-0.7661445,-3.940856,11.188105,-1.3487904,0.5925393,0.004886922
1117.0,-1.0654198,-4.235343,9.85214,-1.287704,0.6133087,0.24678956
1128.0,-0.6823475,-4.3047748,9.560047,-1.1582005,0.6450737,0.23701571
1138.0,-0.39983168,-4.201824,9.346964,-1.1129965,0.657291,0.13561209
1147.0,-0.06464344,-4.0701427,9.251195,-1.0629056,0.64873886,0.112399206
1160.0,0.079008654,-3.964798,8.8777,-0.9077458,0.6133087,0.103847094
1168.0,0.19632454,-3.5913026,8.3629465,-0.6743952,0.5558874,0.0720821
1177.0,0.23942018,-3.0142999,7.929596,-0.45570546,0.48258355,0.095294975
1187.0,0.23942018,-2.791639,7.4483614,-0.28099802,0.38973203,0.19547687
1197.0,0.18914193,-3.016694,6.9383965,-0.11362094,0.28955013,0.28710666
1208.0,0.02873042,-3.2225955,6.373365,0.062308256,0.16737708,0.29077184
1220.0,-0.08619126,-2.9975405,5.8226986,0.20891592,0.029321533,0.22602014
1228.0,-0.12449849,-2.4708161,5.3462524,0.27488935,-0.103847094,0.16249016
1238.0,-0.1412579,-1.9656396,5.058948,0.2443461,-0.23945917,0.1282817
1250.0,-0.12449849,-1.7046716,4.817134,0.18203785,-0.39584067,0.09162979
1261.0,-0.18914193,-1.5777789,5.0182467,0.16737708,-0.56321776,0.03176499
1268.0,-0.06703765,-1.9488802,5.535394,0.25900686,-0.7281514,-0.043982297
1280.0,0.20829555,-2.8203697,6.8043213,0.46914452,-0.8686504,-0.10751228
1288.0,0.7134721,-3.9552212,8.695741,0.7476991,-0.9260717,-0.13072516
1299.0,1.2665327,-5.0397944,10.82658,1.0103711,-0.906524,-0.096516706
1308.0,1.5035586,-4.951209,12.217611,1.0824533,-0.88331115,-0.03176499
1318.0,1.472434,-4.1635165,11.860875,0.9077458,-0.79779,0.02443461
1328.0,1.460463,-3.7852328,8.767567,0.77091193,-0.6230826,-0.009773844
1340.0,2.5498247,-3.5410242,9.562442,0.9114109,-0.37873647,-0.23457226
1348.0,2.9999347,-4.2425256,11.9374895,1.0213667,-0.06719518,-0.4447099
1360.0,3.1507695,-6.495469,14.942213,0.50823987,0.2932153,-0.10140363
1369.0,3.0142999,-7.8505874,15.44739,-0.16493362,0.56199604,0.25778514
1379.0,2.1212628,-7.1754227,14.480132,-0.24923302,0.6976081,0.19425514
1388.0,0.60094464,-5.0517654,12.643779,-0.2321288,0.7892379,-0.010995574
1400.0,-0.3184288,-3.217807,10.881647,-0.50579643,0.86742866,-0.02443461
1408.0,-0.32800564,-2.6072857,9.452309,-0.8894198,0.90285885,0.09285152
1419.0,0.2753332,-3.2632968,8.453926,-1.1582005,0.9260717,0.16249016
1429.0,0.40462008,-4.4819455,8.039729,-1.2669345,0.92485,0.21502456
1439.0,0.17238252,-4.975151,7.704541,-1.210735,0.8576548,0.28221974
1449.0,-0.11252748,-4.6112323,7.642292,-1.0348058,0.7684685,0.30298916
1461.0,-0.2633622,-3.8522706,7.3885064,-0.8393288,0.6585127,0.26511553
1468.0,-0.18195933,-3.157952,7.144298,-0.6658431,0.5363397,0.24923302
1480.0,0.0,-2.741361,6.897695,-0.4886922,0.40317106,0.30298916
1489.0,0.047884032,-2.7820623,6.4308257,-0.25167647,0.26145032,0.3726278
1500.0,-0.06703765,-2.731784,5.853823,0.037873644,0.105068825,0.37384954
1508.0,-0.2873042,-2.255338,5.3127337,0.2687807,-0.064751714,0.30909783
1520.0,-0.39983168,-1.5658079,4.8243165,0.37140608,-0.24190263,0.23945917
1529.0,-0.50038815,-1.0103531,4.5633483,0.35796702,-0.4288274,0.18692477
1540.0,-0.45968673,-0.81642276,4.5513773,0.30665436,-0.63041294,0.15149458
1549.0,-0.21068975,-1.0773908,4.8267107,0.28344148,-0.8393288,0.11362094
1560.0,-0.20829555,-1.0989386,5.3582234,0.30543262,-1.0409144,0.04520403
1569.0,0.059855044,-1.3431472,6.6846113,0.30787608,-1.2082914,-0.037873644
1582.0,0.60094464,-2.5474305,8.652645,0.29565877,-1.2681563,-0.09896017
1589.0,1.1827357,-4.3382936,10.584765,0.30298916,-1.2583824,-0.096516706
1599.0,1.721431,-5.8083334,12.038046,0.39950588,-1.2082914,-0.040317107
1609.0,1.2856863,-5.741296,12.473791,0.55955255,-1.1496484,0.04886922
1620.0,0.82121116,-4.367024,10.30225,0.7134906,-1.0861185,0.1001819
1628.0,1.5131354,-2.9975405,9.40203,0.9089675,-0.84788096,-0.040317107
1641.0,3.1435869,-4.122815,10.771513,1.1972959,-0.42271876,-0.24556783
1649.0,4.5178585,-7.395689,14.671668,1.3133603,-0.05131268,-0.10995574
1660.0,3.4739866,-9.069236,16.081852,0.9431759,0.18448131,0.38362336
1668.0,1.9752164,-6.9862804,15.423448,0.3933972,0.40194935,0.54244834
1680.0,0.6967127,-4.3981485,13.273455,0.09040806,0.593761,0.27000242
1690.0,-0.17956513,-3.1771057,11.384429,-0.23701571,0.73426,0.10873401
1700.0,-0.5267244,-2.791639,10.350134,-0.6963864,0.8258898,0.23090707
1708.0,-0.32561144,-3.2680852,9.43076,-1.070236,0.86620694,0.38973203
1720.0,0.11252748,-4.000711,9.11712,-1.2266175,0.8564331,0.39095375
1730.0,0.21547815,-4.2760444,8.590396,-1.1753048,0.8381071,0.312763
1740.0,0.12689269,-3.8426938,8.236053,-0.9651671,0.7867944,0.25167647
1749.0,0.062249243,-3.2369606,7.7667904,-0.6988298,0.7049385,0.21013765
1762.0,0.15322891,-2.6288335,7.314286,-0.44226643,0.59864795,0.18692477
1770.0,0.20350714,-2.219425,6.931214,-0.20647246,0.48380527,0.2003638
1780.0,0.22026655,-2.2649148,6.327875,0.0036651916,0.3555236,0.2284636
1789.0,0.12210429,-2.0733786,5.592855,0.15882497,0.21380283,0.20525073
1800.0,-0.11731588,-1.5777789,5.011064,0.22724187,0.06352998,0.11484267
1810.0,-0.32321724,-0.9864111,4.6016555,0.1966986,-0.105068825,0.0
1821.0,-0.46208093,-0.60573304,4.24492,0.089186326,-0.29810223,-0.089186326
1829.0,-0.41180268,-0.49559975,4.1946416,-0.02321288,-0.50701815,-0.14905111
1840.0,-0.11492168,-0.8714894,4.3622355,-0.07819075,-0.7134906,-0.204029
1849.0,0.22266077,-1.5394717,5.5880666,0.14172074,-1.0115929,-0.32375857
1861.0,0.79966336,-2.7246015,7.563283,0.14172074,-1.0115929,-0.32375857
1869.0,1.4460979,-3.9480386,9.80665,0.37995818,-1.0726794,-0.32986724
1880.0,1.697489,-4.426879,11.5616,0.54244834,-1.0910053,-0.29443705
1889.0,2.0087352,-4.5274353,12.243947,0.6096435,-1.0067059,-0.2443461
1899.0,2.0326772,-4.594473,12.181698,0.9053023,-0.59986967,-0.26633725
1908.0,1.9081788,-5.535394,12.112267,1.097114,-0.31520647,-0.28344148
1920.0,2.8419175,-6.564901,13.656527,1.0836749,-0.02076942,-0.23701571
1930.0,2.1739352,-7.089231,15.251065,0.5534439,0.25289822,0.02321288
1941.0,1.7669208,-6.2752028,14.863204,-0.14660765,0.46303585,0.14660765
1949.0,1.3096284,-4.7668557,13.424289,-0.5681047,0.61208695,0.047647487
1961.0,0.51954174,-3.6727054,11.731588,-0.9114109,0.73426,-0.017104227
1970.0,-0.033518825,-3.2106245,9.94312,-1.2009611,0.77579886,0.042760566
1980.0,0.34476504,-3.4045548,8.954314,-1.3243558,0.8002335,0.10995574
1988.0,0.6488287,-4.0940847,8.441956,-1.3035865,0.8197812,0.13927728
2000.0,0.5770026,-4.6399627,8.324639,-1.1960741,0.80878556,0.18448131
2009.0,0.23942018,-4.7381253,8.171411,-0.99204516,0.75136423,0.22724187
2021.0,-0.08140286,-4.522647,7.845799,-0.6805039,0.6585127,0.22357668
2029.0,-0.01436521,-3.940856,7.505822,-0.32620203,0.54733527,0.1881465
2059.0,0.14844051,-3.3063924,7.177817,-0.012217305,0.42760566,0.18570304
2059.0,0.22744916,-2.779668,6.6726403,0.21868975,0.29932398,0.22968534
2061.0,0.2681506,-2.2697031,5.9639564,0.34697145,0.18203785,0.25534168
2069.0,0.090979666,-2.054225,5.6527104,0.37751472,0.057421334,0.22479841
2078.0,-0.05267244,-1.9369092,5.257667,0.34330627,-0.09040806,0.16737708
2089.0,-0.36391866,-1.7812861,4.9536033,0.2968805,-0.24556783,0.12095132
2099.0,-0.4141969,-1.8411411,4.876989,0.26389378,-0.43249258,0.080634214
2109.0,-0.39983168,-1.7956513,4.9583917,0.2687807,-0.6218608,0.021991149
2119.0,-0.320823,-1.8483237,5.2528787,0.34208453,-0.80878556,-0.047647487
2129.0,-0.076614454,-2.006341,6.325481,0.47769663,-0.9822713,-0.111177474
2138.0,0.37110126,-2.731784,8.214506,0.6047566,-1.0861185,-0.14294247
2149.0,0.93852705,-3.7421372,10.058042,0.6291912,-1.105666,-0.12705997
2160.0,1.448492,-4.06296,11.45865,0.5766568,-1.0482447,-0.09040806
2170.0,1.5466543,-3.8474822,11.173739,0.5717699,-0.9639453,-0.07574729
2181.0,1.5227122,-3.5218706,10.204087,0.6792821,-0.8527679,-0.13316862
2189.0,2.006341,-3.6870706,9.31105,0.9297369,-0.61453044,-0.24190263
2200.0,2.6886885,-5.0613422,11.887212,1.1093313,-0.3481932,-0.2932153
2211.0,2.4947581,-6.588843,14.2143755,0.7696902,-0.0842994,-0.010995574
2221.0,2.291251,-6.6367273,14.954184,0.15027285,0.15393804,0.22479841
2230.0,1.9919758,-5.341464,13.958196,-0.12095132,0.32742378,0.1001819
2242.0,0.8762778,-3.6224272,12.435484,-0.30787608,0.47158796,-0.062308256
2250.0,-0.09816227,-2.372654,10.658986,-0.6597345,0.56688297,-0.02687807
2262.0,-0.11971009,-2.4372973,9.490616,-0.9505063,0.6426302,0.056199603
2271.0,0.25857377,-3.70383,8.961497,-1.0348058,0.6951646,0.061086524
2279.0,0.3878607,-5.00867,8.844181,-0.93462384,0.689056,0.080634214
2290.0,0.2753332,-5.3127337,8.63828,-0.68783426,0.63407815,0.10995574
2300.0,0.11971009,-4.4196963,8.408437,-0.36896262,0.5644395,0.07086037
2309.0,0.30406362,-3.1028855,8.133103,-0.12095132,0.4886922,-0.013439035
2321.0,0.3854665,-2.0709844,7.716512,0.0012217305,0.41905355,-0.034208454
2331.0,0.45729253,-1.7956513,7.3406224,0.0720821,0.34330627,0.013439035
2341.0,0.3878607,-2.1428106,6.9503675,0.15515977,0.25289822,0.05009095
2350.0,0.25857377,-2.3654714,6.531382,0.23579398,0.14172074,0.021991149
2363.0,0.09816227,-2.1284454,6.14831,0.27488935,0.013439035,-0.05009095
2371.0,0.093373865,-1.6950948,5.884948,0.2443461,-0.13316862,-0.11728613
2381.0,0.1364695,-1.4197617,5.6120086,0.1563815,-0.29077184,-0.16249016
2390.0,0.2633622,-1.42455,5.535394,0.06841691,-0.44104472,-0.18936823
2400.0,0.30166942,-1.6879122,6.0740895,0.028099801,-0.5839872,-0.21991149
2411.0,0.4141969,-2.1188686,7.1706343,0.032986723,-0.7012733,-0.25289822
2422.0,0.8858546,-3.0142999,9.196129,0.06963864,-0.7648033,-0.25778514
2429.0,1.4556746,-4.096479,10.924743,0.118507855,-0.766025,-0.204029
2440.0,1.9847932,-4.3957543,11.535264,0.15515977,-0.7305948,-0.12461651
2450.0,2.360683,-3.952827,9.974244,0.2773328,-0.6010914,-0.10995574
2462.0,2.9137435,-3.3925838,11.75553,0.548557,-0.37751472,-0.26511553
2470.0,2.6551697,-4.8841715,12.816162,0.73548174,-0.11362094,-0.29443705
2482.0,2.4875755,-8.058883,14.781801,0.5155703,0.21013765,0.040317107
2491.0,2.566584,-8.901642,14.693215,0.3286455,0.408058,0.27000242
2501.0,1.9752164,-7.0485296,13.852851,0.39461896,0.52656585,0.20280726
2510.0,0.7589619,-4.405331,12.169727,0.24190263,0.59986967,0.080634214
2521.0,0.12928689,-2.3343468,10.402806,-0.21135938,0.70005155,0.103847094
2531.0,0.19871874,-2.0494366,9.516952,-0.7293731,0.8173377,0.172264
2542.0,0.40462008,-2.9831753,8.834604,-1.1239921,0.87109387,0.22113322
2550.0,0.32800564,-4.498705,8.540117,-1.2803736,0.8698721,0.3005457
2562.0,0.035913024,-5.2600613,8.3390045,-1.1472049,0.81245077,0.35308012
2571.0,-0.19871874,-4.9536033,8.02297,-0.7819075,0.7086037,0.29810223
2581.0,-0.033518825,-3.7445314,7.656657,-0.38973203,0.6096435,0.19303341
2589.0,0.19153613,-2.566584,7.359776,-0.13072516,0.51923543,0.13805555
2602.0,0.22744916,-1.8794483,6.8282633,0.013439035,0.4251622,0.15515977
2612.0,0.18435353,-1.8435353,6.3326635,0.10873401,0.3213151,0.18936823
2621.0,-0.055066638,-1.8914193,5.645528,0.16737708,0.20280726,0.17715092
2630.0,-0.4165911,-1.5514427,5.0397944,0.19181168,0.057421334,0.1001819
2641.0,-0.557849,-1.0342951,4.5058875,0.17348573,-0.12095132,-0.0061086523
2651.0,-0.6823475,-0.5434838,4.0677485,-0.009773844,-0.54244834,-0.17470746
2663.0,-0.60094464,-0.35913026,3.9815574,-0.009773844,-0.54244834,-0.17470746
2670.0,-0.49559975,-0.6847417,4.015076,-0.10629055,-0.75991637,-0.23945917
2681.0,-0.30885202,-1.1755531,4.879383,-0.15760323,-0.96761054,-0.312763
2691.0,0.16998832,-2.3630772,6.8210807,-0.12095132,-1.1142182,-0.3640757
2702.0,1.1324574,-3.9935284,9.217676,0.21746802,-1.1203269,-0.29443705
2713.0,1.9393034,-5.499481,11.942278,0.32498032,-1.0494665,-0.17959438
2725.0,2.7246015,-4.486734,12.658144,0.37507126,-0.8894198,-0.16126843
2731.0,2.8107927,-4.4316673,11.760319,0.48258355,-0.6291912,-0.25900686
2740.0,2.96881,-5.671864,10.694899,0.68539083,-0.3921755,-0.28344148
2751.0,3.3183637,-7.089231,12.310986,0.874759,-0.18936823,-0.14660765
2762.0,2.540248,-7.869741,12.990938,0.77091193,-0.07086037,0.118507855
2772.0,1.8435353,-6.5457473,13.22557,0.26389378,0.07086037,0.23335053
2783.0,1.2761095,-4.5082817,12.109872,-0.25289822,0.1966986,0.13561209
2791.0,0.7230489,-3.3207579,10.773908,-0.67073005,0.3042109,0.07941248
2802.0,0.23702596,-3.1890767,9.787497,-0.97494096,0.3652974,0.12705997
2810.0,0.055066638,-3.7229836,9.150639,-1.0506883,0.3921755,0.19792034
2820.0,0.25857377,-4.51307,8.899248,-0.9053023,0.4007276,0.2284636
2829.0,0.34237084,-4.7548847,8.750807,-0.61453044,0.3640757,0.21502456
2842.0,0.32800564,-4.247314,8.4587145,-0.2773328,0.31398472,0.172264
2849.0,0.30645782,-3.4237084,8.075643,-0.029321533,0.2724459,0.11484267
2861.0,0.272939,-2.360683,7.548918,0.09162979,0.2125811,0.07452556
2869.0,0.24420857,-1.745373,7.050924,0.14660765,0.13805555,0.064751714
2879.0,0.30406362,-1.4772224,6.555324,0.20525073,0.047647487,0.065973446
2889.0,0.25378537,-1.5849615,6.1650696,0.26511553,-0.061086524,0.04642576
2900.0,0.1412579,-1.8411411,6.0142345,0.29443705,-0.16615535,0.007330383
2910.0,0.11971009,-1.8986019,5.985504,0.27977628,-0.31887165,-0.056199603
2921.0,0.1364695,-1.7429788,6.155493,0.22357668,-0.45814893,-0.12217305
2930.0,0.37110126,-1.8028339,6.6774287,0.1600467,-0.58276546,-0.16982053
2940.0,0.59136784,-2.3774424,8.008605,0.172264,-0.64873886,-0.20280726
2951.0,0.93373865,-3.6032736,10.338163,0.2932153,-0.65240407,-0.20769419
2963.0,1.532289,-4.6279917,11.882423,0.3885103,-0.6084218,-0.14905111
2971.0,1.532289,-3.9264908,11.379641,0.3371976,-0.5705481,-0.06352998
2981.0,1.3359646,-2.4851813,7.6494746,0.29932398,-0.53878313,-0.065973446
2992.0,2.0087352,-1.2808979,8.118738,0.56321776,-0.45448375,-0.37751472
3001.0,2.1428106,-3.4620156,9.653421,0.91507614,-0.26511553,-0.53878313
