30.0,2.719813,-8.611943,4.7429137,-1.0201449,0.49357912,-0.12461651
41.0,1.436521,-8.152257,5.106832,0.16371189,0.12461651,-0.08552113
48.0,1.0319009,-7.905654,5.121197,0.015882496,-0.21624629,-0.26145032
58.0,1.6711528,-7.848193,5.1140146,-0.040317107,-0.41905355,-0.2932153
68.0,2.066196,-8.008605,4.9919105,0.103847094,0.33475417,0.0842994
78.0,1.8746599,-8.123527,5.116409,0.1001819,0.36041048,0.119729586
90.0,1.5155296,-8.104373,5.209783,0.0842994,0.19914207,0.07696902
98.0,1.4317327,-8.154651,5.255273,0.06841691,0.021991149,0.015882496
109.0,1.6424223,-8.147469,5.2145715,0.052534413,-0.03176499,0.008552114
120.0,1.6711528,-8.09719,5.221754,0.052534413,-0.03176499,0.008552114
129.0,1.6041151,-7.9631147,5.104438,0.04642576,-0.028099801,0.004886922
139.0,1.6184803,-7.967903,5.1762643,0.019547688,-0.039095376,0.0061086523
150.0,1.6304513,-8.063671,5.1259856,0.013439035,-0.04886922,0.0061086523
158.0,1.6759412,-7.967903,5.121197,0.018325957,-0.05131268,0.008552114
169.0,1.7190368,-7.943961,5.1690817,0.019547688,-0.05497787,0.008552114
179.0,1.7286136,-8.14268,5.118803,0.012217305,-0.05131268,0.009773844
189.0,1.7645266,-8.135497,5.104438,0.013439035,-0.06352998,0.009773844
198.0,1.7645266,-8.159439,5.1571107,0.028099801,-0.062308256,0.010995574
211.0,1.745373,-8.066066,5.12838,0.061086524,-0.057421334,0.010995574
220.0,1.7669208,-8.11395,5.073313,0.103847094,-0.04886922,0.009773844
228.0,1.8531121,-7.9583263,5.092467,0.10140363,-0.036651913,0.013439035
238.0,1.7717092,-8.037335,5.085284,0.07086037,-0.03176499,0.015882496
249.0,1.745373,-8.190564,5.17387,0.05009095,-0.018325957,0.018325957
258.0,1.733402,-8.317456,5.1810527,0.087964594,-0.0036651916,0.02076942
269.0,1.7621324,-8.169016,5.1379566,0.18448131,0.004886922,0.021991149
278.0,1.7836803,-8.042124,5.1547165,0.25289822,0.002443461,0.02076942
289.0,1.8004397,-7.941567,5.130774,0.28099802,0.0036651916,0.018325957
298.0,1.8291701,-7.9487495,5.3342814,0.27855456,0.010995574,0.014660766
310.0,1.9656396,-7.9152308,5.614403,0.24678956,0.019547688,0.013439035
319.0,2.0590134,-7.8290396,5.9687448,0.21868975,0.043982297,0.018325957
332.0,2.0518308,-7.5920134,6.4308257,0.2443461,0.08307768,0.012217305
339.0,2.0159178,-7.2448545,6.754043,0.3213151,0.13561209,-0.014660766
349.0,1.8698715,-7.103596,6.8545995,0.3555236,0.18081611,-0.05375614
359.0,1.7597382,-7.015011,7.017405,0.3555236,0.25045475,-0.09040806
370.0,1.5490485,-6.6989765,7.479486,0.39584067,0.39095375,-0.119729586
379.0,1.1611878,-6.5002575,7.991845,0.48502702,0.5546656,-0.172264
390.0,0.9624691,-7.055712,7.9343843,0.48258355,0.64996064,-0.22357668
399.0,1.0055647,-7.884106,7.762002,0.2284636,0.72082096,-0.2125811
411.0,0.842759,-7.979874,7.299921,-0.1966986,0.80756384,-0.16982053
419.0,0.78290397,-7.81228,6.564901,-0.64873886,0.8417723,-0.14172074
429.0,0.7110779,-8.02297,6.7444663,-1.0726794,0.86620694,-0.13683382
439.0,0.7086837,-8.645462,7.1826053,-1.4526376,0.9407325,-0.15027285
451.0,0.82121116,-9.830592,7.467515,-1.632232,0.9773844,-0.112399206
459.0,0.94331545,-10.618284,7.5824366,-1.5344934,0.9896017,-0.010995574
469.0,0.8379706,-11.135432,7.680599,-1.2339478,1.0238101,0.09040806
479.0,0.6967127,-11.753136,7.6470804,-0.86132,1.0567969,0.18570304
490.0,0.6440403,-12.246342,7.2592196,-0.4569272,1.0531317,0.312763
499.0,0.40701428,-11.159374,6.0621185,0.02076942,1.0409144,0.48502702
512.0,-0.023942016,-9.387665,4.8338933,0.47525316,0.98715824,0.63041294
519.0,-0.23223756,-10.029311,4.465186,0.7965683,0.87964594,0.7122689
530.0,-0.2896984,-11.757924,4.805163,0.9969321,0.8026769,0.8381071
539.0,-0.4309563,-13.043611,5.705383,1.2791518,0.7452556,1.0555751
550.0,-0.78529817,-12.950237,6.0956373,1.7605137,0.6365216,1.2803736
559.0,-1.2138603,-11.894394,6.3230867,2.3041837,0.5119051,1.4856243
571.0,-1.3599066,-10.556035,6.634333,2.7269025,0.408058,1.7055358
579.0,-1.1994951,-9.045294,6.8330517,2.968805,0.2968805,1.9315559
590.0,-0.93373865,-7.8912888,6.9000893,3.055548,0.15515977,2.1416936
599.0,-1.0510546,-7.809886,6.7684083,3.042109,0.02687807,2.3237314
611.0,-1.3455414,-8.281544,6.339846,3.0017917,-0.08674286,2.510656
619.0,-1.6591818,-8.303091,5.499481,2.9944615,-0.20158553,2.7036896
633.0,-1.9608512,-7.7811556,4.7381253,3.068987,-0.31520647,2.8478537
641.0,-2.1643584,-6.8450227,4.3718123,3.199712,-0.43860126,2.933375
651.0,-2.2122424,-5.9184666,4.3502645,3.2461379,-0.5558874,2.9993484
661.0,-2.0829554,-5.4563856,4.5298295,3.1471777,-0.6939429,3.0482175
672.0,-1.7286136,-5.145139,4.9344497,2.987131,-0.8185594,3.0799825
681.0,-1.5227122,-5.121197,5.437232,2.9040534,-0.89919364,3.0799825
693.0,-1.4867992,-4.7620673,5.7508726,2.951701,-0.9309586,3.0604348
701.0,-1.5586253,-4.2185836,5.815516,3.104417,-0.9492846,3.0225613
714.0,-1.5586253,-4.012682,6.033388,3.314555,-0.95417154,2.9700267
723.0,-1.5251064,-3.5577838,5.920861,3.4929276,-0.95417154,2.9150488
735.0,-1.340753,-3.071761,5.889736,3.5979962,-0.97005403,2.8515189
742.0,-1.3431472,-2.707842,5.777209,3.6346483,-0.9627236,2.7708848
752.0,-1.2234371,-1.9728222,5.4539914,3.604105,-0.94806284,2.6633725
761.0,-1.0702082,-1.436521,5.3678,3.4562755,-0.9431759,2.542421
771.0,-0.89782566,-1.2186487,5.391742,3.2119296,-0.9272934,2.4190264
781.0,-0.82599956,-1.2425907,5.4061074,2.8832839,-0.90408057,2.2992969
791.0,-0.7110779,-1.1899183,5.511452,2.5509732,-0.8943067,2.1697934
803.0,-0.581791,-1.0271125,5.779603,2.2736404,-0.9285152,2.0305161
815.0,-0.2705448,-1.1540052,6.1746464,2.0415115,-0.9773844,1.9120082
822.0,-0.055066638,-1.2306197,6.715736,1.8435913,-1.0079277,1.8106046
833.0,0.15083471,-1.091756,7.21373,1.6982054,-1.028697,1.6835446
842.0,0.33279404,-0.7038953,7.5920134,1.645671,-1.0604621,1.5332718
852.0,0.47884035,-0.11252748,7.4723034,1.6371188,-1.1191051,1.4062119
862.0,0.48602295,0.47884035,7.620744,1.6077974,-1.1349876,1.2999213
873.0,0.4237737,0.5315128,8.042124,1.6187929,-1.128879,1.1997393
882.0,0.59855044,0.30645782,9.069236,1.6945401,-1.1679744,1.0958922
894.0,1.0247183,-0.33279404,9.967062,1.7690657,-1.1838568,1.0250319
902.0,1.3503298,-0.7182605,10.929531,1.7800614,-1.1667526,1.0152581
913.0,1.3239936,-0.3184288,10.972627,1.5125023,-1.0433578,0.9627236
922.0,1.3694834,0.3854665,11.049241,1.5125023,-1.0433578,0.9627236
933.0,1.1994951,1.0247183,9.394848,1.409877,-0.94806284,0.893085
942.0,1.8914193,1.2785037,9.964667,1.3475688,-0.86132,0.84421575
953.0,2.1787236,1.6232687,12.0571995,1.3182472,-0.77824235,0.78801614
963.0,1.9153614,4.4101195,15.727511,-0.25045475,-0.22602014,0.5131268
973.0,1.7788919,1.9656396,16.062698,-1.0189233,0.103847094,0.3371976
982.0,0.40701428,-0.4213795,14.698004,-1.1863003,0.39584067,0.28099802
994.0,-0.78529817,-0.6847417,12.837709,-0.99082345,0.59742624,0.32375857
1003.0,-0.93373865,0.47405192,11.166556,-0.6218608,0.6401868,0.34697145
1016.0,-0.7541735,2.0685902,9.825804,-0.2321288,0.66706485,0.19058995
1022.0,-0.36152446,3.0789435,8.882488,-0.062308256,0.7171558,-0.047647487
1037.0,-0.17956513,1.8531121,8.542512,-0.2773328,0.784351,-0.14782938
1057.0,-0.3878607,-0.055066638,8.468291,-0.70738196,0.86376345,-0.07941248
1058.0,-0.6823475,-0.9911995,8.441956,-1.0641272,0.8906415,0.013439035
1074.0,-1.0031705,-0.59855044,8.564059,-1.1545353,0.86009824,0.018325957
1075.0,-1.0845734,0.1604115,8.324639,-0.93584555,0.77091193,-0.034208454
1081.0,-1.271321,0.82599956,7.776367,-0.59498274,0.6731735,-0.040317107
1090.0,-1.3670892,1.2114661,7.3645644,-0.33475417,0.5766568,0.002443461
1100.0,-1.472434,1.1875241,6.7708025,-0.18570304,0.4642576,0.029321533
1111.0,-1.3503298,0.90261406,6.4906807,-0.1160644,0.32375857,0.03176499
1119.0,-1.079785,0.49799395,6.3685765,-0.13194689,0.15149458,0.05375614
1132.0,-0.8690952,0.23702596,6.409278,-0.20647246,-0.042760566,0.10140363
1141.0,-0.7493851,0.18674773,6.64391,-0.27122417,-0.19914207,0.15149458
1151.0,-0.8331822,0.35194764,6.7971387,-0.24312437,-0.37384954,0.18448131
1161.0,-0.7613561,0.81402856,7.1107793,-0.14294247,-0.535118,0.18081611
1173.0,-0.5434838,0.6464345,7.9487495,-0.009773844,-0.6792821,0.13316862
1182.0,-0.1316811,0.02633622,8.781932,0.11728613,-0.7367035,0.08674286
1192.0,0.22984336,-0.48362875,9.560047,0.26145032,-0.7415904,0.09285152
1203.0,0.37110126,-0.18674773,10.263943,0.3811799,-0.73792523,0.12339478
1215.0,0.33279404,0.7254431,8.576031,0.4288274,-0.7281514,0.14782938
1224.0,1.3838485,1.328782,8.8777,0.4569272,-0.69027776,0.17348573
1234.0,1.7286136,0.59376204,10.776301,0.59620446,-0.6218608,0.09040806
1242.0,1.4437037,1.079785,14.774619,0.49357912,-0.45448375,-0.14294247
1253.0,1.0702082,1.1252748,15.490485,-0.34697145,0.0,-0.27122417
1263.0,0.79966336,-1.0151415,14.396335,-1.1313224,0.267559,-0.20647246
1273.0,-0.7398083,-2.4971523,12.662932,-1.391551,0.50946164,-0.03176499
1282.0,-1.7118542,-1.6256629,10.828975,-1.328021,0.6731735,-0.009773844
1296.0,-1.6783354,-0.0047884034,9.064447,-1.073901,0.70249504,-0.1001819
1302.0,-1.1348516,1.0223241,8.12592,-0.766025,0.7110472,-0.204029
1314.0,-0.8810662,0.80445176,8.109161,-0.71593404,0.752586,-0.267559
1323.0,-1.1851299,-0.10534488,8.42759,-1.0543534,0.79412484,-0.24801129
1335.0,-1.472434,-1.3503298,8.640674,-1.5125023,0.81122905,-0.17348573
1342.0,-1.4293385,-2.566584,8.255207,-1.6420058,0.7623598,-0.14049901
1354.0,-1.4652514,-2.8179753,7.752425,-1.2901474,0.62796944,-0.13683382
1363.0,-1.1420342,-1.7549498,8.264784,-0.66339964,0.42760566,-0.07941248
1374.0,-1.5825673,-0.079008654,7.7811556,-0.14538592,0.2565634,0.02321288
1383.0,-1.3551182,0.8619126,7.735666,0.04886922,0.10262536,0.10995574
1393.0,-1.2282255,0.9935937,7.675811,0.02321288,-0.07452556,0.13561209
1405.0,-1.0821792,0.89303726,7.819463,-0.07696902,-0.19547687,0.119729586
1417.0,-0.9720459,0.6536171,8.408437,-0.15027285,-0.29565877,0.10751228
1422.0,-0.59615624,0.24660277,9.059659,-0.12339478,-0.40317106,0.10873401
1433.0,-0.14604631,-0.5386954,10.0508585,-0.008552114,-0.5009095,0.13683382
1442.0,0.021547815,-1.4772224,11.039664,0.14782938,-0.4972443,0.17837265
1454.0,-0.2705448,-2.1930888,11.401189,0.2968805,-0.4373795,0.21135938
1465.0,-0.7781156,-1.6711528,11.020511,0.40194935,-0.38973203,0.25900686
1473.0,-0.7350199,0.35673606,8.257602,0.43493605,-0.37873647,0.31398472
1482.0,-0.22505496,1.6711528,7.8410106,0.5363397,-0.41416663,0.33841935
1492.0,1.1013328,1.8339585,11.896789,0.79779,-0.5155703,0.047647487
1503.0,1.3335704,2.3247697,14.161703,0.6817256,-0.22602014,-0.3359759
1514.0,1.5825673,0.8499416,15.277401,-0.036651913,0.17348573,-0.45081854
1523.0,0.49320555,-2.0518308,14.630966,-0.7489208,0.4166101,-0.15027285
1536.0,-0.82360536,-3.0478187,12.677298,-1.1203269,0.61086524,0.13316862
1544.0,-1.0462662,-1.5155296,10.740389,-1.0067059,0.675617,0.08307768
1554.0,-0.82360536,0.5291186,9.16261,-0.5326745,0.68661255,-0.15882497
1564.0,-0.5267244,1.0510546,8.283937,-0.14172074,0.70005155,-0.33964106
1574.0,-0.90500826,-0.02873042,8.159439,-0.16615535,0.71837753,-0.312763
1583.0,-1.376666,-1.4221559,8.391677,-0.52412236,0.73792523,-0.172264
1595.0,-1.6232687,-2.1045034,8.549694,-0.82711154,0.7086037,-0.105068825
1604.0,-1.5155296,-2.1547816,8.631097,-0.73792523,0.63407815,-0.15882497
1617.0,-1.4891934,-1.4293385,8.066066,-0.28099802,0.5290093,-0.2565634
1624.0,-1.1540052,-0.36391866,8.42759,0.25045475,0.34330627,-0.29932398
1635.0,-1.2689269,0.78290397,7.9104424,0.5864306,0.16126843,-0.24801129
1644.0,-1.4030021,1.3982137,7.7189064,0.59864795,0.04153884,-0.1441642
1657.0,-1.3814543,1.0702082,7.4004774,0.43004912,-0.08674286,-0.06719518
1664.0,-1.2761095,0.47644615,7.3310456,0.26267207,-0.2125811,-0.057421334
1674.0,-1.2569559,0.22026655,7.548918,0.15149458,-0.34330627,-0.05497787
1683.0,-1.1133038,0.18195933,8.236053,0.105068825,-0.4728097,-0.05009095
1696.0,-0.60094464,-0.22744916,9.303867,0.12095132,-0.60231316,-0.0720821
1704.0,-0.21308395,-0.92895025,10.240001,0.15271631,-0.6536258,-0.080634214
1717.0,-0.19393034,-1.5179238,10.685322,0.105068825,-0.65484756,0.02443461
1721.0,-0.51235914,-1.0366893,10.048465,0.105068825,-0.65484756,0.02443461
1737.0,-0.45250413,-0.009576807,7.9511437,0.064751714,-0.68294734,0.065973446
1744.0,0.5410896,0.24660277,7.967903,0.1685988,-0.6719518,0.009773844
1754.0,1.2904748,-1.1444284,9.615114,0.5900958,-0.6059783,-0.19547687
1763.0,1.1707647,-3.122039,12.978968,1.0641272,-0.53023106,-0.42271876
1777.0,0.60812724,-3.2489316,14.4107,1.0396926,-0.25778514,-0.20647246
1782.0,0.30166942,-0.6584055,14.274231,0.21135938,0.096516706,0.0720821
1794.0,-1.30484,0.7445967,11.008539,-0.17837265,0.26145032,-0.14905111
1803.0,-1.1468226,1.3000516,9.715671,-0.68539083,0.36651915,-0.2883284
1815.0,-0.92655605,0.6823475,8.868123,-1.1410962,0.45204028,-0.29565877
1824.0,-1.0127473,-0.9792285,8.377312,-1.4624114,0.5363397,-0.25289822
1836.0,-1.2808979,-2.6791117,8.525752,-1.5870279,0.5766568,-0.15393804
1844.0,-1.4915876,-3.1316159,9.016563,-1.4306464,0.5510005,-0.089186326
1854.0,-1.661576,-2.5713725,9.224859,-0.9896017,0.50579643,-0.14538592
1864.0,-1.6017209,-1.6065093,9.382876,-0.44715336,0.44593164,-0.2443461
1873.0,-1.4437037,-0.5746084,8.868123,-0.05009095,0.36163223,-0.29077184
1884.0,-1.2306197,0.08619126,8.576031,0.14660765,0.26511553,-0.26511553
1897.0,-1.1372458,0.17238252,8.09719,0.21868975,0.16982053,-0.20158553
1905.0,-1.2186487,-0.038307227,7.6734166,0.26633725,0.06841691,-0.13072516
1915.0,-1.3910311,0.016759412,7.3669586,0.3213151,-0.06963864,-0.061086524
1925.0,-1.5801731,0.22505496,7.3190746,0.33353242,-0.17837265,-0.018325957
1936.0,-1.5011644,0.2777274,7.8050976,0.28099802,-0.29810223,-0.02443461
1945.0,-1.2210429,-0.1604115,8.3868885,0.17104226,-0.43004912,-0.04642576
1956.0,-0.91219085,-0.8331822,9.579201,0.037873644,-0.49968776,-0.032986723
1964.0,-0.6464345,-1.8722657,11.190498,-0.036651913,-0.5290093,0.018325957
1975.0,-0.61770403,-2.5570073,11.9374895,0.012217305,-0.49846604,0.080634214
1983.0,-1.0103531,-1.7621324,10.603919,0.12461651,-0.4642576,0.14660765
1993.0,-0.9983821,0.62488663,8.690952,0.18570304,-0.45570546,0.21868975
2004.0,-0.6655881,2.3989902,7.81228,0.23701571,-0.46303585,0.22968534
2019.0,0.17717093,1.4891934,10.283096,0.41783184,-0.49113566,-0.07819075
2023.0,0.50757074,-0.5410896,12.782643,0.49357912,-0.267559,-0.34208453
2035.0,1.0007763,-1.9895816,14.065935,0.16493362,0.008552114,-0.27855456
2065.0,0.0,-2.554613,13.898341,-0.18570304,0.1881465,0.009773844
2065.0,-1.1085154,-1.8171991,12.672509,-0.37140608,0.3408628,0.12950343
2065.0,-1.508347,-0.06703765,10.948685,-0.41172317,0.41050145,-0.04520403
2079.0,-1.1779473,0.94810385,9.722853,-0.42394048,0.46792278,-0.25778514
2082.0,-0.9600749,0.34476504,8.635885,-0.5155703,0.5143485,-0.30665436
2092.0,-1.1109096,-1.2401965,8.611943,-0.64751714,0.5705481,-0.20891592
2102.0,-1.4508862,-2.2960393,8.686164,-0.66706485,0.56199604,-0.11484267
2114.0,-1.8004397,-2.1068976,8.779537,-0.45204028,0.48747048,-0.1160644
2122.0,-1.6496049,-1.2354081,8.851364,-0.05497787,0.3848451,-0.19303341
2134.0,-1.316811,-0.29448682,8.916007,0.3213151,0.26267207,-0.2773328
2143.0,-1.1420342,0.40940848,8.726865,0.4569272,0.1563815,-0.30298916
2153.0,-1.1587936,0.6488287,8.576031,0.36041048,0.061086524,-0.23945917
2163.0,-1.1707647,0.30645782,8.511387,0.22235495,-0.039095376,-0.13072516
2174.0,-1.340753,0.055066638,8.492233,0.16371189,-0.13439035,-0.04886922
2185.0,-1.436521,-0.2633622,8.719683,0.16615535,-0.21746802,-0.02687807
2195.0,-1.1899183,-0.7062895,9.56723,0.20891592,-0.28955013,-0.04642576
2205.0,-0.9720459,-1.1252748,9.94312,0.27000242,-0.31642818,-0.06841691
2216.0,-0.94570965,-0.9696517,9.739613,0.2932153,-0.3286455,-0.05009095
2225.0,-0.90979666,-0.24181437,7.8290396,0.23823744,-0.3567453,0.0
2236.0,-0.21547815,1.1659763,7.2328835,0.13927728,-0.40561453,0.043982297
2246.0,0.6823475,0.7685388,8.250419,0.1441642,-0.43982297,-0.059864793
2257.0,0.9983821,-2.0709844,11.757924,0.34697145,-0.41416663,-0.3555236
2265.0,0.46447513,-4.120421,13.393165,0.3494149,-0.172264,-0.30176744
2274.0,0.4213795,-3.9552212,13.606248,-0.007330383,0.009773844,0.004886922
2284.0,-0.48841715,-2.930503,12.629414,-0.18692477,0.15271631,0.15393804
2295.0,-1.2210429,-1.283292,10.824186,-0.17104226,0.28344148,0.02443461
2304.0,-1.2330139,0.11731588,9.519346,-0.22479841,0.35308012,-0.15760323
2318.0,-1.1683705,0.33518824,8.925584,-0.35918877,0.43127087,-0.21868975
2324.0,-1.364695,-0.6536171,8.796297,-0.5656612,0.48380527,-0.19181168
2337.0,-1.4676456,-2.042254,8.7771435,-0.7696902,0.50335294,-0.14660765
2346.0,-1.5873557,-2.7700913,8.892065,-0.77946407,0.50946164,-0.12705997
2356.0,-1.5442601,-2.528277,8.789114,-0.516792,0.4642576,-0.14660765
2366.0,-1.4676456,-1.7477672,8.647857,-0.12095132,0.37995818,-0.19303341
2377.0,-1.3575124,-0.7589619,8.343793,0.18692477,0.28955013,-0.21746802
2385.0,-1.2138603,-0.04070143,8.066066,0.28588495,0.18570304,-0.17959438
2396.0,-1.1228806,-0.062249243,7.9367785,0.22357668,0.08307768,-0.09407325
2406.0,-1.0726024,-0.45729253,7.668628,0.15149458,-0.017104227,-0.012217305
2417.0,-1.151611,-0.6991069,7.501034,0.15393804,-0.13072516,0.03176499
2425.0,-1.0821792,-0.62728083,7.5584946,0.21013765,-0.25534168,0.04642576
2437.0,-0.8858546,-0.30166942,7.929596,0.24556783,-0.38362336,0.039095376
2445.0,-0.59376204,-0.320823,8.614338,0.21746802,-0.47769663,0.014660766
2455.0,-0.4261679,-0.9720459,9.368511,0.112399206,-0.54000485,0.0
2465.0,-0.33279404,-1.8387469,10.151415,-0.030543262,-0.56321776,0.021991149
2474.0,-0.34955344,-2.4109612,10.031705,-0.1600467,-0.5693264,0.08307768
2485.0,-0.24420857,-1.934515,7.762002,-0.23945917,-0.5656612,0.14905111
2497.0,0.46686932,-0.842759,8.595184,-0.21380283,-0.55833083,0.17348573
2506.0,0.93373865,-1.6831238,9.490616,0.05375614,-0.54244834,-0.009773844
2518.0,0.6871359,-3.1723173,12.6222315,0.5656612,-0.23579398,-0.12095132
2526.0,0.320823,-3.122039,13.548787,0.5656612,-0.23579398,-0.12095132
2537.0,0.15083471,-2.1523874,13.340492,0.28710666,-0.09773844,0.09040806
2546.0,-0.6919243,-1.1563994,12.119449,-0.028099801,0.047647487,0.10140363
2557.0,-1.3790601,-0.25857377,10.534488,-0.38973203,0.18448131,-0.06352998
2564.0,-1.2425907,-0.059855044,9.667787,-0.81245077,0.267559,-0.1600467
2575.0,-0.8738836,-0.46447513,9.287108,-1.1472049,0.34574974,-0.17104226
2585.0,-0.91219085,-2.0326772,9.303867,-1.1569787,0.44837508,-0.12950343
2596.0,-1.4748282,-3.1148565,9.409213,-0.88086766,0.4251622,-0.07819075
2606.0,-1.3503298,-2.2098482,9.43076,-0.47036624,0.37018433,-0.07696902
2618.0,-1.043872,-1.163582,9.143456,-0.09162979,0.3005457,-0.15027285
2626.0,-1.0773908,-0.260968,8.803479,0.08552113,0.24556783,-0.20647246
2636.0,-1.0342951,0.0023942017,8.413225,0.065973446,0.17959438,-0.15271631
2646.0,-1.1109096,-0.22026655,8.14268,-0.004886922,0.087964594,-0.040317107
2656.0,-0.9696517,-0.50996494,8.049306,-0.004886922,-0.028099801,0.05009095
2666.0,-0.9576807,-0.5315128,8.3629465,0.059864793,-0.15393804,0.09773844
2678.0,-0.8619126,-0.29448682,8.89446,0.1282817,-0.26633725,0.10873401
2687.0,-0.6607997,-0.62009823,9.615114,0.16371189,-0.3494149,0.09162979
2697.0,-0.29927522,-1.2665327,10.860099,0.14294247,-0.3811799,0.06352998
2706.0,0.1412579,-2.4301147,12.29662,0.111177474,-0.3567453,0.065973446
2717.0,0.1436521,-3.3087866,12.457031,0.1282817,-0.2724459,0.12950343
2725.0,-0.23942018,-2.4899697,11.298238,0.15027285,-0.19303341,0.23823744
2739.0,-0.59855044,-0.4333505,7.723695,0.057421334,-0.18570304,0.3286455
2746.0,-0.1316811,1.5131354,7.038953,-0.095294975,-0.1966986,0.32742378
2757.0,0.4141969,0.51475334,8.042124,-0.012217305,-0.19303341,0.04886922
2766.0,0.5386954,-2.4253263,11.200075,0.26389378,-0.10995574,-0.25289822
2775.0,0.23702596,-3.5649664,12.138602,0.19181168,0.064751714,-0.12583824
2784.0,-0.37349546,-3.4835634,12.428301,-0.12583824,0.14049901,0.22113322
2797.0,-1.292869,-2.2026656,11.693281,-0.2724459,0.21746802,0.32253686
2805.0,-1.5275006,-0.80445176,10.553641,-0.36896262,0.29077184,0.09040806
2818.0,-1.2306197,-0.21308395,9.679757,-0.5742133,0.3323107,-0.09162979
2826.0,-1.0127473,-1.0319009,9.193734,-0.82833326,0.3933972,-0.04886922
2836.0,-1.3383588,-2.396596,8.815451,-0.9615019,0.45448375,0.07819075
2848.0,-1.6065093,-3.0597897,8.693346,-0.84788096,0.46181414,0.14172074
2859.0,-1.6519991,-2.645593,8.640674,-0.47647488,0.41172317,0.103847094
2865.0,-1.5298948,-1.4413095,8.50181,0.018325957,0.34697145,0.007330383
2878.0,-1.3383588,-0.18435353,8.178593,0.37140608,0.2761111,-0.09285152
2886.0,-1.2808979,0.40462008,7.9128366,0.4251622,0.18936823,-0.14538592
2899.0,-1.2042835,0.35673606,7.7548194,0.22724187,0.12339478,-0.12950343
2906.0,-1.1994951,-0.23942018,7.4507556,-0.008552114,0.04153884,-0.07696902
2918.0,-1.1707647,-0.7517793,7.606379,-0.118507855,-0.05497787,-0.032986723
2925.0,-1.067814,-0.8858546,8.090008,-0.065973446,-0.18448131,-0.028099801
2941.0,-0.8834604,-0.89782566,8.791509,0.089186326,-0.28955013,-0.05131268
2946.0,-0.50038815,-0.92176765,9.679757,0.24190263,-0.37018433,-0.07941248
2956.0,-0.21547815,-1.13964,10.716447,0.312763,-0.41538838,-0.105068825
2968.0,-0.107739076,-1.5729905,11.176133,0.30665436,-0.38362336,-0.10262536
2979.0,-0.47405192,-1.3910311,11.161768,0.2565634,-0.32986724,-0.06352998
2986.0,-0.9504981,-0.5602432,10.376471,0.1441642,-0.312763,-0.012217305
2996.0,-0.9576807,0.12210429,7.577648,-0.04520403,-0.312763,0.030543262
3006.0,-0.0023942017,0.06464344,7.991845,-0.2125811,-0.2932153,0.02565634
