30.0,1.4772224,-1.3239936,9.536105,0.16371189,0.10995574,-0.081855945
31.0,1.3503298,-1.3982137,9.634268,-0.017104227,-0.31031954,-0.26389378
41.0,1.3096284,-1.4652514,9.615114,-0.058643065,-0.44348818,-0.29077184
51.0,1.2210429,-1.4748282,9.52174,0.08307768,0.31642818,0.103847094
61.0,1.3431472,-1.4796166,9.497798,0.10140363,0.30543262,0.15515977
71.0,1.340753,-1.3982137,9.471462,0.10995574,0.103847094,0.111177474
83.0,1.388637,-1.3838485,9.5385,0.103847094,-0.061086524,0.040317107
91.0,1.3790601,-1.388637,9.562442,0.09285152,-0.062308256,0.04153884
101.0,1.5227122,-1.4173675,9.583989,0.07574729,-0.06352998,0.05497787
111.0,1.508347,-1.4915876,9.622296,0.058643065,-0.062308256,0.06352998
121.0,1.508347,-1.3551182,9.5385,0.043982297,-0.059864793,0.06352998
131.0,1.541866,-1.4460979,9.555259,0.029321533,-0.057421334,0.061086524
142.0,1.5442601,-1.4317327,9.540894,0.018325957,-0.05497787,0.064751714
151.0,1.5179238,-1.4101849,9.483433,0.008552114,-0.05131268,0.0720821
161.0,1.4867992,-1.2737153,9.399636,-0.0012217305,-0.05009095,0.07819075
171.0,1.4700398,-1.3359646,9.394848,-0.010995574,-0.056199603,0.080634214
182.0,1.4939818,-1.2593501,9.32781,-0.02321288,-0.058643065,0.0842994
191.0,1.4197617,-1.2593501,9.404425,-0.03176499,-0.064751714,0.09162979
203.0,1.508347,-1.2976574,9.44752,-0.034208454,-0.0720821,0.1001819
211.0,1.496376,-1.3120226,9.502586,-0.02687807,-0.080634214,0.111177474
221.0,1.5777789,-1.2785037,9.536105,-0.010995574,-0.087964594,0.118507855
232.0,1.5753847,-1.3096284,9.437943,0.009773844,-0.095294975,0.12583824
241.0,1.5227122,-1.2138603,9.423578,0.028099801,-0.103847094,0.12950343
252.0,1.5825673,-1.2234371,9.382876,0.039095376,-0.10629055,0.13561209
263.0,1.6400281,-1.2090719,9.411607,0.04520403,-0.10873401,0.14294247
271.0,1.6352397,-1.1731589,9.382876,0.04153884,-0.11362094,0.14905111
283.0,1.6304513,-1.2018893,9.459491,0.02687807,-0.1160644,0.1563815
291.0,1.6232687,-1.2114661,9.5385,0.012217305,-0.12461651,0.16126843
302.0,1.6687586,-1.2545617,9.461885,0.008552114,-0.13194689,0.16249016
311.0,1.7118542,-1.2521675,9.49301,0.017104227,-0.13927728,0.1600467
322.0,1.7070658,-1.3120226,9.485827,0.029321533,-0.14538592,0.1563815
333.0,1.7597382,-1.3120226,9.512163,0.039095376,-0.14660765,0.15271631
342.0,1.7741034,-1.1779473,9.497798,0.036651913,-0.14538592,0.14905111
351.0,1.757344,-1.1540052,9.526528,0.029321533,-0.1441642,0.14538592
361.0,1.7980455,-1.1085154,9.471462,0.012217305,-0.14294247,0.1441642
372.0,1.8267759,-1.1492168,9.524135,-0.008552114,-0.14294247,0.14660765
383.0,1.8507179,-1.3215994,9.56723,-0.02565634,-0.14172074,0.14905111
392.0,1.8818425,-1.2521675,9.598354,-0.034208454,-0.14538592,0.14905111
401.0,1.8962077,-1.3000516,9.581595,-0.035430185,-0.14905111,0.14660765
411.0,1.9057846,-1.2952632,9.557653,-0.028099801,-0.15882497,0.14294247
423.0,1.9129672,-1.3024458,9.526528,-0.02076942,-0.16493362,0.13683382
432.0,1.9560628,-1.2737153,9.55047,-0.02443461,-0.1685988,0.13561209
442.0,2.111686,-1.2617443,9.583989,-0.039095376,-0.16982053,0.13561209
451.0,2.2218192,-1.2641385,9.452309,-0.06352998,-0.17348573,0.13439035
461.0,2.4181437,-1.2761095,9.488221,-0.096516706,-0.17837265,0.12583824
471.0,2.4947581,-1.328782,9.394848,-0.13194689,-0.17837265,0.112399206
483.0,2.480393,-1.30484,9.3421755,-0.17104226,-0.172264,0.09285152
492.0,2.4636335,-1.3718776,9.289502,-0.21502456,-0.16982053,0.073303826
503.0,2.4851813,-1.4748282,9.258378,-0.25289822,-0.16493362,0.05375614
511.0,2.4349031,-1.6591818,9.246407,-0.27000242,-0.16737708,0.036651913
522.0,2.3942018,-1.8411411,9.181764,-0.26267207,-0.17470746,0.028099801
531.0,2.396596,-1.958457,9.212888,-0.24312437,-0.18570304,0.029321533
542.0,2.3630772,-2.087744,9.258378,-0.20891592,-0.19792034,0.035430185
552.0,2.360683,-2.1906946,9.40203,-0.16493362,-0.20891592,0.04886922
563.0,2.336741,-2.408567,9.562442,-0.12095132,-0.22235495,0.07086037
572.0,2.303222,-2.6647465,9.835381,-0.08674286,-0.23335053,0.10262536
583.0,2.231396,-3.0334535,10.323798,-0.057421334,-0.23945917,0.14660765
592.0,2.2361844,-3.5984852,10.776301,-0.04886922,-0.24312437,0.21013765
602.0,2.2218192,-4.1060557,11.195287,-0.0720821,-0.23579398,0.29932398
612.0,2.042254,-4.489128,11.647791,-0.111177474,-0.21991149,0.41172317
623.0,1.8842367,-4.939238,11.9614315,-0.14049901,-0.19425514,0.535118
632.0,1.6160861,-5.0661306,12.124237,-0.17837265,-0.16126843,0.675617
642.0,1.1420342,-4.7668557,12.260707,-0.2724459,-0.118507855,0.8368854
652.0,0.59136784,-4.6950297,12.445061,-0.43127087,-0.047647487,1.0262536
662.0,0.36152446,-4.644751,12.828133,-0.59620446,0.047647487,1.2449434
672.0,0.20350714,-4.8626237,13.220781,-0.6939429,0.15027285,1.4978416
684.0,0.12689269,-4.9320555,13.175292,-0.72326446,0.2932153,1.7971655
692.0,0.079008654,-4.8147397,12.861651,-0.72326446,0.44104472,2.1453588
702.0,0.076614454,-4.4580035,12.51928,-0.72326446,0.54611355,2.5350907
712.0,0.0047884034,-4.417302,12.337321,-0.75747293,0.6719518,2.8588493
722.0,-0.05746084,-4.5633483,12.164939,-0.8698721,0.84299403,3.1215215
732.0,0.21787235,-4.5418005,12.306197,-1.1081096,1.0140363,3.3903022
743.0,0.44532153,-4.036624,12.196063,-1.4159856,1.1814134,3.6224308
752.0,0.5674258,-3.3159695,12.710816,-1.6847663,1.3646729,3.7470474
763.0,0.89782566,-2.5450363,13.690045,-1.9474384,1.5894713,3.780034
773.0,1.0702082,-1.9393034,14.288596,-2.2553146,1.894904,3.7604864
785.0,0.90021986,-2.7700913,14.015656,-3.2339206,2.6829202,3.721391
794.0,0.35194764,-4.6399627,13.843274,-3.7653735,3.1398473,3.7042868
805.0,-0.34955344,-6.217742,13.15135,-4.0695844,3.5503488,3.5979962
814.0,-0.7469909,-7.1993647,12.2319765,-4.0280457,3.8496728,3.3646457
824.0,-1.2042835,-7.0341644,11.140221,-3.6871827,4.079358,3.0750957
835.0,-1.3263878,-6.349423,9.768343,-3.164282,4.2174134,2.8515189
845.0,-1.3144168,-5.195418,8.3629465,-2.5363126,4.3224826,2.7525587
855.0,-1.3934253,-3.9695864,6.9120603,-1.8790215,4.3994517,2.7366762
866.0,-1.6280571,-2.7222073,5.449203,-1.2986995,4.428773,2.7256808
875.0,-1.8555063,-1.9536686,4.5633483,-0.9236283,4.4043384,2.624277
886.0,-1.8914193,-1.0103531,3.466804,-0.75625116,4.3053784,2.3554964
895.0,-1.6065093,-0.4237737,2.018312,-0.7489208,4.152662,2.0207422
905.0,-0.9864111,-0.78290397,0.7733272,-0.7831292,3.8179078,1.9071213
916.0,-0.45489833,-2.243367,0.1340753,-0.6462954,3.3695326,2.0561724
930.0,-0.01436521,-3.8235402,-1.340753,-0.27000242,2.9064968,2.1917844
933.0,0.770933,-4.0892963,-0.39504328,0.3213151,2.4092526,2.0720549
945.0,1.2282255,-2.554613,-0.8379706,1.0311406,1.8509218,1.7482964
955.0,1.2449849,-0.17238252,-1.067814,1.6065756,1.2620476,1.3976597
965.0,1.1994951,2.3247697,-1.3455414,1.6713274,0.68416905,1.219287
975.0,1.8938135,3.205836,-1.3934253,1.1508701,0.028099801,1.1716396
989.0,1.8770541,2.3247697,-1.1109096,0.47403142,-0.7012733,1.078788
994.0,-0.40940848,0.3854665,-1.1611878,0.004886922,-1.5039502,0.90285885
1006.0,-0.6631939,-1.2808979,-1.5131354,-0.032986723,-2.4788911,0.6719518
1018.0,-0.7086837,-2.1787236,-2.0374656,0.4007276,-3.4428365,0.5204572
1026.0,-0.62249243,-1.7070658,-2.2050598,0.9957104,-4.315152,0.32375857
1035.0,-0.62009823,-1.0821792,-1.970428,1.3927728,-5.071403,0.05497787
1054.0,-0.85473,-0.60094464,-1.4077905,1.5247196,-5.6957073,-0.15882497
1054.0,-0.9600749,-0.32800564,-0.20829555,1.5125023,-6.205169,-0.31764993
1064.0,-1.0223241,-0.09816227,1.8243817,1.500285,-6.6425486,-0.43004912
1074.0,-0.58418524,-0.21308395,4.8937483,1.5210545,-7.062824,-0.48380527
1087.0,0.02873042,-0.80684596,8.901642,1.5735888,-7.3340483,-0.516792
1094.0,0.24899697,-1.2497733,13.012486,1.5992452,-7.392691,-0.5693264
1105.0,-0.4405331,-0.89543146,20.226215,1.2815952,-7.211875,-0.6536258
1115.0,-0.2801216,-0.89543146,23.740904,0.26511553,-6.850243,-0.6951646
1125.0,-1.8387469,-3.0909145,22.460007,-1.4978416,-6.0048056,-0.46792278
1135.0,-3.7804444,-5.2624555,17.836803,-2.751337,-4.959004,-0.03176499
1146.0,-0.6631939,-7.589619,15.571888,-1.8790215,-4.261396,0.24678956
1155.0,6.9240313,-11.6430025,21.93807,0.4605924,-3.2620203,0.44715336
1165.0,13.383588,-14.54717,33.70557,1.3487904,-2.4153612,1.0751228
1173.0,9.021352,-15.507244,31.052795,-0.44226643,-0.7086037,1.7324139
1185.0,1.5634137,-11.166556,30.368053,-2.1539109,1.2070698,0.56199604
1194.0,-5.315128,-4.3263226,25.838224,-2.6316075,2.289523,-1.0213667
1204.0,-7.228095,-0.5746084,19.984402,-2.660929,2.6340508,-1.4758505
1214.0,-6.457162,-3.2154129,16.318878,-2.6120598,3.0140092,-0.7892379
1225.0,-3.8283286,-7.553706,14.595054,-2.2492058,3.7055085,0.43371433
1234.0,-1.42455,-9.900024,13.709199,-1.7311921,4.1673226,1.2473868
1244.0,-0.7374141,-9.28232,12.356475,-0.7867944,4.443434,1.2400564
1254.0,-1.0223241,-6.634333,9.624691,0.31520647,4.618141,0.70005155
1265.0,-1.484405,-3.6367924,6.7851677,1.070236,4.776966,0.2003638
1274.0,-1.7549498,-1.9632454,4.3167458,1.3304645,4.900361,0.034208454
1287.0,-1.934515,-2.2984335,2.123657,1.2559389,4.9480085,0.14172074
1295.0,-2.3008277,-4.0198646,0.0,1.047023,4.8527136,0.35063666
1306.0,-2.669535,-5.5258174,-1.6184803,0.79779,4.577824,0.5216789
1314.0,-2.693477,-5.7245364,-2.944868,0.5497787,4.1966443,0.59131753
1324.0,-2.4109612,-4.546589,-3.4021606,0.33475417,3.7470474,0.51923543
1336.0,-1.9776106,-3.1004913,-2.5929205,0.13072516,3.2632422,0.39584067
1348.0,-1.1252748,-1.1444284,-2.0254946,-0.1600467,2.7782152,0.43982297
1357.0,1.1468226,1.0965444,-1.4700398,-0.548557,2.244319,0.64751714
1367.0,4.3885717,3.0502129,-1.1300632,-0.89919364,1.6346754,0.83077675
1377.0,4.015076,3.8474822,-0.50996494,-1.0580186,1.0225884,0.84665924
1389.0,0.2681506,2.1428106,-0.35194764,-0.8527679,0.19792034,0.7611381
1397.0,0.3854665,-1.0247183,-0.82599956,-0.25778514,-0.91507614,0.8552113
1408.0,0.24181437,-3.052607,-1.2401965,0.77946407,-2.0024164,0.9737192
1417.0,0.20829555,-2.4540567,-1.400608,1.881465,-3.0469959,0.79779
1427.0,-0.15322891,-1.4030021,-1.4460979,2.5277603,-3.9449677,0.54367006
1437.0,-0.81163436,-0.8451532,-0.3184288,2.687807,-4.7061057,0.36651915
1446.0,-0.90261406,-0.8475474,2.3391352,2.5057693,-5.3524013,0.26389378
1456.0,-0.6560113,-0.90500826,5.8634,2.0964894,-5.877745,0.18692477
1469.0,-0.21068975,-0.7062895,10.019734,1.5381587,-6.296799,0.073303826
1476.0,-0.61530983,0.11252748,15.20797,0.8454375,-6.4617324,-0.09773844
1490.0,-1.8387469,1.4580688,20.35311,-0.12583824,-6.437298,-0.31031954
1498.0,-0.14844051,0.36391866,21.205444,-1.7446312,-6.2186084,-0.35063666
1506.0,-1.9177556,-4.522647,22.112846,-3.943746,-5.0885077,-0.11484267
1516.0,-2.930503,-7.762002,21.729774,-4.710993,-3.9022071,0.22724187
1529.0,-0.10295067,-9.916783,19.64682,-3.2265902,-3.0616567,0.25900686
1537.0,2.4516625,-14.271836,16.27339,-0.29443705,-1.9291124,0.3359759
1547.0,8.6813755,-13.500903,27.609934,2.162463,-1.5577064,1.2082914
1556.0,6.1219735,-10.060435,23.17348,1.1227703,-0.6047566,2.0781636
1568.0,0.10295067,-10.54167,22.22298,-1.4477507,1.3267993,0.874759
1576.0,-4.6902413,-6.7612257,22.574928,-3.0396655,2.2565362,-0.63041294
1590.0,-7.4363904,-3.679888,18.686745,-2.8502972,2.8087585,-0.48380527
1597.0,-6.727707,-2.918532,14.049175,-2.8502972,2.8087585,-0.48380527
1606.0,-4.189853,-7.457938,10.603919,-2.2088888,3.3096678,0.9663888
1616.0,-1.6831238,-8.544906,6.8162923,-1.8142698,3.630983,1.4379768
1626.0,-2.707842,-7.6853876,5.8346696,-1.2986995,3.7959166,1.6053538
1636.0,-3.4117374,-6.50744,3.9145198,-0.6560693,3.8521163,1.3683381
1647.0,-3.3854012,-5.887342,1.2354081,0.029321533,3.7739255,0.9981538
1657.0,-2.837129,-5.341464,-1.0414777,0.64996064,3.5931094,0.84299403
1667.0,-2.540248,-3.7684734,-2.9616275,1.219287,3.31822,0.84299403
1677.0,-2.5570073,-1.2449849,-3.8043866,1.709201,2.9981265,0.7819075
1688.0,-2.705448,0.830788,-4.429273,2.112372,2.652377,0.625526
1696.0,-2.980781,1.934515,-4.405331,2.2992969,2.2992969,0.41905355
1709.0,-2.9999347,2.6240451,-3.2704794,2.0292943,1.9339994,0.22357668
1715.0,-2.4253263,3.4524388,-1.8435353,1.328021,1.4953982,0.12217305
1726.0,0.06943185,3.7972038,-0.62967503,0.49480084,0.97494096,0.12705997
1736.0,4.7907977,3.3494883,1.043872,-0.14172074,0.3921755,0.28588495
1747.0,6.172252,2.4588451,2.966416,-0.38728857,-0.11362094,0.5131268
1758.0,0.50278234,0.24899697,3.9935284,-0.21502456,-0.7672467,0.28344148
1768.0,0.18435353,-2.3008277,3.8307228,0.18325958,-1.844813,-0.28588495
1777.0,0.079008654,-3.8594532,3.1028855,1.070236,-2.878397,-0.49846604
1788.0,-0.17956513,-2.6048915,2.6001031,2.162463,-3.7959166,-0.6218608
1797.0,-0.56982,-1.2569559,3.1268275,2.7476718,-4.5619416,-0.86254174
1809.0,-0.5434838,-1.5753847,5.971139,2.791654,-5.1960196,-0.95539325
1817.0,-0.009576807,-2.2936451,9.888053,2.4630086,-5.6590557,-0.86742866
1829.0,0.7086837,-2.7341783,14.958972,1.8081611,-5.871637,-0.8332202
1836.0,-0.023942016,-1.9512744,21.418528,0.78801614,-5.6957073,-0.9639453
1848.0,0.050278235,-0.89782566,23.72175,-0.8784242,-5.4916787,-1.1557571
1856.0,-0.055066638,-2.8203697,23.819912,-3.1899383,-4.8527136,-1.0641272
1867.0,-4.4843397,-6.7947445,9.215282,-5.3914967,-3.585779,-0.64873886
1877.0,-3.004723,-6.5625067,11.537658,-5.7140336,-2.7159069,-0.18203785
1889.0,9.753978,-8.463503,27.483042,-3.681074,-1.7715092,0.13194689
1895.0,9.9790325,-24.471136,17.894264,-1.4318681,-1.102001,1.7800614
1907.0,5.8705826,-24.066515,19.802443,-2.5509732,0.35185838,3.159395
1916.0,-2.5713725,-18.298883,19.455282,-3.8826594,1.890017,0.75991637
1926.0,-7.5561004,-10.819398,17.73864,-3.119078,2.7061331,-1.3414601
1936.0,-8.310274,-7.261614,13.907918,-2.1355848,2.5130997,-1.3524556
1948.0,-5.9424086,-4.9081135,10.903194,-1.3084733,2.2174408,-0.52412236
1958.0,-2.1092918,-4.759673,8.901642,-0.9285152,2.3176227,0.2883284
1968.0,0.39264908,-6.5864487,7.4746976,-0.5522222,2.6829202,0.9822713
1978.0,0.7182605,-8.578424,6.7612257,0.07574729,2.9663615,1.6249015
1988.0,-0.7781156,-8.578424,6.459556,0.71837753,3.177721,2.0231857
1998.0,-2.360683,-6.203377,5.542577,0.9639453,3.3915238,1.754405
2008.0,-3.083732,-4.4819455,3.8402996,0.6768387,3.4697146,0.97005403
2020.0,-3.311181,-4.1922474,2.5689783,0.17959438,3.4306192,0.48624873
2027.0,-3.526659,-4.8267107,1.5514427,-0.02687807,3.2925637,0.6133087
2037.0,-3.560178,-5.3199162,0.40701428,0.30787608,3.0604348,0.9419542
2062.0,-3.3327289,-5.106832,-0.47165772,0.82711154,2.7366762,1.0299188
2063.0,-2.9113493,-4.5058875,-0.8355764,1.2253957,2.3823745,0.8539896
2071.0,-2.1428106,-3.6774938,-0.9888053,1.46852,2.026851,0.6169739
2076.0,-1.5131354,-2.7030537,-0.521936,1.6126842,1.6969837,0.49113566
2087.0,-1.2378023,-1.2090719,0.18195933,1.6701056,1.4355333,0.47647488
2096.0,-1.0821792,0.93852705,0.14604631,1.6737708,1.1386528,0.41905355
2106.0,-0.24899697,3.3399115,0.89303726,1.5723672,0.75991637,0.28099802
2116.0,1.8028339,4.321534,1.9847932,1.2082914,0.25167647,0.29565877
2127.0,2.707842,3.1004913,2.8203697,0.8332202,-0.3005457,0.4251622
2136.0,1.328782,0.48602295,3.58412,0.72692966,-0.86254174,0.4361578
2148.0,-0.12928689,-2.2840683,3.6296098,1.033584,-1.5491543,0.2919936
2157.0,-0.30885202,-3.5769374,3.6750996,1.7556267,-2.3359487,0.13072516
2168.0,-0.36152446,-3.335123,3.394978,2.6022859,-3.0763173,0.014660766
2177.0,-0.8475474,-2.0590134,2.837129,3.2754595,-3.6969564,-0.20891592
2189.0,-1.2976574,-0.47405192,2.8514943,3.5417967,-4.251622,-0.42760566
2197.0,-1.0247183,0.6536171,3.9576154,3.34632,-4.6951103,-0.548557
2207.0,-0.7445967,1.3120226,6.081272,2.8429668,-4.9480085,-0.6585127
2217.0,-0.6344634,1.8267759,7.9391727,2.057394,-5.1239376,-0.7147123
2228.0,-0.16759412,1.3239936,8.693346,0.9334021,-5.353623,-0.6560693
2239.0,0.8331822,-0.4405331,9.880871,-0.3286455,-5.4635787,-0.52778757
2248.0,1.6112977,-3.7708676,10.644621,-1.282817,-5.2876496,-0.44959682
2255.0,1.7238252,-7.074866,-5.971139,-1.3255776,-5.1569242,-0.49113566
2267.0,8.413225,-3.526659,8.50181,-0.26145032,-5.1251593,-0.7538077
2277.0,11.640609,-4.1276035,18.464083,1.0677924,-4.3346996,-0.77946407
2289.0,12.322956,-18.495209,28.70169,1.2327261,-3.0250046,0.15882497
2296.0,5.674258,-22.100876,32.697613,-1.1643091,-1.6432275,1.174083
2308.0,2.2744915,-14.791378,28.107927,-2.0732768,-0.37751472,0.7696902
2317.0,1.4269443,-5.415684,23.75048,0.23579398,-0.3885103,-1.0164797
2328.0,0.6751649,2.147599,19.443312,1.6249015,-0.32742378,-1.7165314
2337.0,-0.32800564,2.6312277,15.241488,1.2363913,0.2761111,-0.80756384
2349.0,-0.56982,-0.9935937,12.258312,0.14538592,0.59498274,0.19303341
2359.0,-0.6464345,-3.679888,10.204087,-1.0238101,0.71959925,0.27366763
2369.0,-0.58897364,-3.8594532,8.614338,-1.7470746,0.9016371,-0.12950343
2378.0,-0.33758244,-3.5051112,7.3406224,-1.8167132,0.9578367,-0.23457226
2390.0,-0.30645782,-3.394978,6.7468605,-1.1154399,0.8564331,0.23457226
2397.0,-0.079008654,-3.7732618,6.3949127,-1.1154399,0.8564331,0.23457226
2409.0,0.031124622,-4.1539397,5.9878983,-0.66950834,0.7623598,0.16493362
2419.0,0.1340753,-4.122815,5.509058,-0.24556783,0.6609562,-0.014660766
2429.0,0.050278235,-3.3423057,5.17387,0.119729586,0.5571091,-0.11362094
2437.0,-0.06943185,-2.4229321,5.035006,0.39461896,0.4288274,-0.11728613
2446.0,-0.035913024,-1.6591818,5.106832,0.5204572,0.28955013,-0.105068825
2457.0,0.30166942,-1.8794483,6.588843,0.17592919,0.034208454,-0.20158553
2468.0,0.8762778,-2.8514943,7.36217,-0.12461651,-0.080634214,-0.23945917
2477.0,1.4556746,-3.7205894,8.358158,-0.3042109,-0.16371189,-0.23090707
2490.0,1.8219875,-4.4556093,8.985439,-0.30176744,-0.19914207,-0.22235495
2499.0,2.0566192,-4.9176903,9.437943,-0.15393804,-0.1881465,-0.22968534
2509.0,2.0135236,-4.8985367,9.639056,0.05497787,-0.14782938,-0.23335053
2518.0,1.7860745,-4.5298295,9.682152,0.27977628,-0.09773844,-0.23335053
2527.0,1.541866,-4.232949,9.746795,0.44837508,-0.062308256,-0.23945917
2537.0,1.3383588,-3.7301662,9.847352,0.5143485,-0.02321288,-0.23823744
2548.0,1.2521675,-3.2273839,9.931149,0.44104472,0.007330383,-0.22235495
2558.0,1.2042835,-2.9017725,10.031705,0.28221974,0.04153884,-0.19181168
2569.0,1.2258313,-2.755726,10.105926,0.05009095,0.06352998,-0.15271631
2576.0,1.2090719,-2.8491,10.213664,-0.16982053,0.089186326,-0.105068825
2588.0,1.3359646,-3.1316159,10.019734,-0.30787608,0.10995574,-0.062308256
2596.0,1.3503298,-3.41892,10.0269165,-0.3213151,0.13194689,-0.037873644
2610.0,1.5035586,-3.5098996,10.081984,-0.25900686,0.1600467,-0.05009095
2618.0,1.4891934,-3.5122938,9.935937,-0.18936823,0.18081611,-0.07574729
2627.0,1.5777789,-3.5003228,9.785102,-0.10140363,0.19914207,-0.08674286
2636.0,1.496376,-3.406949,9.555259,-0.0036651916,0.21746802,-0.09040806
2648.0,1.3670892,-3.3183637,9.260772,0.06719518,0.2284636,-0.103847094
2657.0,1.283292,-3.3638535,9.064447,0.08674286,0.23457226,-0.1160644
2669.0,1.2473791,-3.3734303,8.9279785,0.058643065,0.23701571,-0.12339478
2678.0,1.103727,-3.4237084,8.722076,0.008552114,0.22602014,-0.13194689
2689.0,1.1109096,-3.7205894,8.614338,-0.037873644,0.20769419,-0.13194689
2699.0,1.0941502,-3.6894648,8.511387,-0.06963864,0.18936823,-0.12339478
2710.0,1.0654198,-3.8426938,8.523358,-0.081855945,0.1600467,-0.112399206
2719.0,1.1444284,-3.9480386,8.508993,-0.06841691,0.13561209,-0.10262536
2730.0,1.2258313,-3.9217024,8.360553,-0.036651913,0.103847094,-0.09407325
2738.0,1.2545617,-3.9097314,8.51857,-0.0061086523,0.07696902,-0.08674286
2748.0,1.3096284,-3.8307228,8.614338,0.02321288,0.059864793,-0.089186326
2758.0,1.4077905,-3.809175,8.516175,0.057421334,0.040317107,-0.08674286
2768.0,1.3096284,-3.5817258,8.506598,0.07696902,0.02565634,-0.073303826
2778.0,1.2354081,-3.4237084,8.568848,0.073303826,0.018325957,-0.06841691
2790.0,1.1923125,-3.4045548,8.664616,0.04520403,0.010995574,-0.07086037
2797.0,1.2761095,-3.335123,8.6095495,0.009773844,-0.0012217305,-0.064751714
2810.0,1.2401965,-3.3662477,8.614338,-0.013439035,-0.015882496,-0.05497787
2818.0,1.1755531,-3.3375173,8.669404,-0.02443461,-0.02565634,-0.05009095
2827.0,1.1923125,-3.4045548,8.702923,-0.030543262,-0.036651913,-0.05131268
2838.0,1.1707647,-3.478775,8.762778,-0.035430185,-0.05009095,-0.052534413
2848.0,1.1779473,-3.5410242,8.916007,-0.029321533,-0.057421334,-0.052534413
2858.0,1.2880806,-3.6607344,9.057265,-0.014660766,-0.058643065,-0.058643065
2868.0,1.30484,-3.8762126,9.143456,0.014660766,-0.056199603,-0.062308256
2878.0,1.3790601,-3.892972,9.083601,0.04886922,-0.05009095,-0.057421334
2889.0,1.2425907,-3.7541082,9.045294,0.0720821,-0.04153884,-0.056199603
2898.0,1.2234371,-3.620033,9.02614,0.073303826,-0.030543262,-0.064751714
2910.0,1.0845734,-3.6894648,8.937555,0.04642576,-0.02443461,-0.062308256
2919.0,1.0702082,-3.6942532,8.899248,0.008552114,-0.02443461,-0.05131268
2930.0,1.0821792,-3.833117,8.913613,-0.02076942,-0.02443461,-0.04642576
2939.0,1.0989386,-3.8833952,8.913613,-0.02321288,-0.02565634,-0.04886922
2947.0,1.1300632,-3.8019924,8.880095,-0.0061086523,-0.02565634,-0.043982297
2959.0,1.1348516,-3.7325604,8.995016,0.0061086523,-0.02443461,-0.032986723
2971.0,1.0845734,-3.7972038,8.9758625,0.013439035,-0.02076942,-0.021991149
2978.0,1.1180922,-3.8115692,9.030929,0.015882496,-0.019547688,-0.013439035
2988.0,1.1540052,-3.7014358,8.985439,0.018325957,-0.012217305,-0.009773844
2999.0,1.0534488,-3.620033,9.033323,0.02687807,-0.009773844,-0.007330383
3008.0,1.0534488,-3.6607344,8.983045,0.02565634,-0.0036651916,-0.0012217305
