18.0,2.0925324,1.0079589,9.725247,0.065973446,-0.017104227,-0.03176499
42.0,2.5617957,1.7166426,9.8042555,0.17470746,0.12950343,-0.07452556
42.0,2.4827871,1.7980455,9.85214,0.039095376,-0.25167647,-0.27000242
42.0,2.3080103,1.5227122,9.902418,-0.09773844,-0.4092797,-0.32986724
51.0,3.0597897,1.1611878,9.981427,0.02443461,0.3726278,-0.004886922
62.0,2.006341,1.1923125,9.768343,0.030543262,0.3885103,-0.03176499
71.0,2.3750482,1.328782,9.634268,0.013439035,0.20158553,-0.103847094
80.0,2.0231004,1.520318,9.514558,-0.040317107,0.047647487,-0.17837265
91.0,1.9488802,1.5705963,9.574412,-0.10995574,0.056199603,-0.1966986
100.0,2.0566192,1.484405,9.744401,-0.16371189,0.0720821,-0.20280726
112.0,2.006341,1.1587936,9.859323,-0.16371189,0.089186326,-0.204029
121.0,2.0901382,0.8571242,9.959879,-0.13561209,0.1160644,-0.20525073
131.0,1.9488802,0.8403648,9.991004,-0.10262536,0.13072516,-0.20158553
142.0,1.7645266,0.8379706,9.957485,-0.081855945,0.15027285,-0.19914207
150.0,1.6328455,0.92176765,9.909601,-0.095294975,0.17959438,-0.20280726
160.0,1.7262194,1.127669,9.842564,-0.15027285,0.21624629,-0.20891592
170.0,1.7166426,1.2306197,9.7324295,-0.22235495,0.2443461,-0.21502456
180.0,1.5897499,1.1947067,9.696517,-0.28588495,0.28710666,-0.21624629
192.0,1.5586253,0.9792285,9.682152,-0.31031954,0.31764993,-0.20891592
200.0,1.6232687,0.61052144,9.739613,-0.29932398,0.3286455,-0.19058995
212.0,1.1540052,0.4333505,9.799467,-0.27488935,0.33964106,-0.16371189
220.0,1.2378023,0.37828386,9.730036,-0.2724459,0.344528,-0.13194689
231.0,1.1013328,0.5554548,9.531317,-0.312763,0.34208453,-0.111177474
241.0,2.2816741,0.9600749,9.313444,-0.376293,0.344528,-0.111177474
252.0,0.60573304,1.1085154,9.552865,-0.4447099,0.34697145,-0.111177474
260.0,2.0111294,1.1228806,9.399636,-0.50823987,0.3481932,-0.10140363
270.0,-0.34715924,0.89543146,9.215282,-0.5375614,0.36896262,-0.09773844
280.0,2.5378537,0.89303726,9.358934,-0.52778757,0.37507126,-0.09285152
292.0,0.22266077,0.37349546,9.069236,-0.50823987,0.37873647,-0.062308256
300.0,1.6065093,-0.21308395,9.528923,-0.47525316,0.376293,-0.015882496
312.0,1.0175357,-0.31603462,9.476251,-0.41905355,0.344528,0.015882496
320.0,0.58897364,-0.18674773,9.160215,-0.35430184,0.30176744,0.02687807
331.0,0.9792285,0.37349546,8.908825,-0.31764993,0.26145032,0.02443461
341.0,1.0223241,0.7350199,8.901642,-0.34208453,0.24923302,0.02443461
351.0,0.9935937,0.89543146,9.050082,-0.43982297,0.2724459,0.047647487
361.0,1.0175357,0.6991069,9.49301,-0.56199604,0.29565877,0.07696902
372.0,1.1348516,0.320823,9.878476,-0.6389651,0.31031954,0.0842994
381.0,1.0821792,0.11971009,10.053253,-0.66339964,0.31398472,0.07941248
391.0,0.94570965,0.2657564,10.129868,-0.6218608,0.3042109,0.06963864
400.0,0.9911995,0.3184288,9.598354,-0.5045747,0.28221974,0.05009095
412.0,1.2090719,0.4405331,9.485827,-0.33841935,0.25289822,0.028099801
421.0,1.1372458,0.34955344,9.406818,-0.20647246,0.23579398,0.034208454
432.0,1.2330139,0.29448682,9.504981,-0.16126843,0.2125811,0.047647487
441.0,1.1133038,0.33279404,9.648633,-0.18448131,0.19058995,0.042760566
451.0,1.2401965,0.60573304,9.65821,-0.23823744,0.17837265,0.021991149
461.0,1.3838485,0.7326257,9.624691,-0.2773328,0.16249016,0.0012217305
471.0,1.283292,0.7445967,9.6845455,-0.28221974,0.14172074,0.0036651916
481.0,1.2354081,0.59136784,9.528923,-0.2602286,0.11728613,0.012217305
493.0,1.2378023,0.7110779,9.65821,-0.22235495,0.1001819,0.015882496
501.0,1.1109096,0.62249243,9.861717,-0.2003638,0.07941248,0.019547688
512.0,0.94331545,0.6991069,9.854534,-0.20280726,0.056199603,0.028099801
521.0,1.055843,0.7445967,9.909601,-0.21380283,0.05375614,0.039095376
531.0,-0.5626374,0.6871359,9.830592,-0.22479841,0.064751714,0.05131268
541.0,1.2856863,0.45489833,10.613496,-0.24190263,0.09285152,0.06719518
552.0,0.92176765,0.20829555,11.063606,-0.2968805,0.1282817,0.1001819
561.0,-0.32561144,0.06943185,11.099519,-0.37873647,0.16737708,0.12461651
571.0,1.1875241,0.0023942017,11.281479,-0.4447099,0.21991149,0.12583824
581.0,1.4820108,-0.11731588,11.640609,-0.5326745,0.30543262,0.14172074
592.0,1.5682021,-0.20590134,11.425131,-0.64873886,0.40194935,0.17348573
603.0,0.40222588,-0.4237737,11.36767,-0.6976081,0.5766568,0.19792034
615.0,0.533907,-0.7158663,11.317391,-0.6047566,0.63407815,0.20158553
622.0,0.47644615,-1.1252748,11.010934,-0.4972443,0.6768387,0.21013765
632.0,0.2681506,-1.0175357,10.596737,-0.41416663,0.7049385,0.21991149
642.0,0.37110126,-0.93613285,10.149021,-0.36774087,0.7318166,0.2284636
653.0,0.17717093,-0.8283938,9.667787,-0.35063666,0.71837753,0.23701571
663.0,0.031124622,-0.6967127,8.990228,-0.34330627,0.6976081,0.23945917
674.0,-0.033518825,-0.641646,8.468291,-0.2968805,0.6389651,0.22968534
682.0,-0.08379706,-0.63206923,8.008605,-0.20280726,0.5656612,0.21868975
693.0,-0.19393034,-0.59136784,7.7428484,-0.09896017,0.46914452,0.22357668
703.0,-0.24420857,-0.59615624,7.4004774,-0.010995574,0.33964106,0.23701571
714.0,-0.15083471,-0.5243302,7.0940194,0.065973446,0.20769419,0.2443461
722.0,-0.20111294,-0.50996494,6.873753,0.10751228,0.07452556,0.2565634
735.0,-0.22266077,-0.3184288,6.8306575,0.118507855,-0.07696902,0.28710666
743.0,-0.15083471,-0.4237737,6.8402343,0.11728613,-0.23579398,0.3213151
753.0,-0.15801731,-0.34715924,6.813898,0.10629055,-0.39584067,0.32253686
763.0,-0.050278235,-0.24899697,6.8545995,0.12461651,-0.5412266,0.30909783
774.0,0.1340753,-0.25857377,7.067683,0.1563815,-0.6939429,0.30543262
783.0,0.39743748,-0.059855044,7.5345526,0.19425514,-0.80756384,0.3042109
794.0,0.44771573,0.0023942017,8.1163435,0.21013765,-0.9077458,0.28710666
803.0,0.6440403,-0.062249243,8.767567,0.17715092,-0.9932669,0.2724459
814.0,0.866701,-0.5386954,9.631873,0.20769419,-1.0079277,0.26633725
822.0,1.091756,-1.2090719,10.833763,0.32742378,-0.97249746,0.25534168
833.0,1.0821792,-1.6448165,12.354081,0.47403142,-0.8723156,0.26511553
843.0,1.1252748,-1.9416976,13.694834,0.6267477,-0.72326446,0.3042109
854.0,0.9576807,-1.9919758,14.226347,0.7086037,-0.5766568,0.3567453
863.0,0.15322891,-0.92895025,12.239159,0.65118235,-0.5314528,0.42271876
873.0,0.4405331,1.4460979,5.461174,0.69027776,-0.49235737,0.4092797
883.0,2.0805612,2.0207062,7.311892,0.79290307,-0.48747048,-0.021991149
894.0,3.406949,2.5474305,12.088325,0.28588495,-0.13439035,-0.3481932
903.0,3.3997664,2.5234885,14.865599,-0.7281514,0.17837265,-0.204029
916.0,3.1124623,-0.6536171,15.497667,-1.282817,0.49235737,0.1685988
923.0,1.3958195,-3.5697548,14.736312,-1.1484267,0.6719518,0.21746802
933.0,0.23463176,-2.882619,12.169727,-0.6035349,0.66950834,-0.013439035
944.0,0.39743748,-0.8619126,9.76116,-0.012217305,0.6792821,-0.19303341
955.0,0.81163436,-0.21308395,8.597578,0.2003638,0.73426,-0.2003638
964.0,0.866701,-0.8451532,8.616732,-0.08307768,0.7831292,-0.087964594
976.0,0.29688102,-1.1372458,8.693346,-0.48747048,0.7831292,-0.0012217305
984.0,-0.04070143,-1.0773908,8.748413,-0.657291,0.7330383,-0.028099801
995.0,-0.3878607,-0.6871359,8.403648,-0.6059783,0.66706485,-0.112399206
1003.0,-0.4141969,-0.1436521,8.461109,-0.47525316,0.5693264,-0.11362094
1015.0,-0.045489833,-0.17956513,8.779537,-0.35918877,0.42149702,0.012217305
1023.0,0.20111294,-0.3184288,8.537724,-0.28221974,0.30787608,0.17104226
1036.0,-0.059855044,-0.5386954,8.051701,-0.16249016,0.18081611,0.18203785
1054.0,-0.21787235,-0.6847417,7.920019,0.007330383,0.056199603,0.06963864
1054.0,-0.17717093,-0.6919243,7.7213006,0.13683382,-0.056199603,0.02565634
1063.0,0.01436521,-0.49799395,7.848193,0.22724187,-0.18448131,0.095294975
1073.0,0.007182605,-0.15562311,7.6829934,0.3371976,-0.31398472,0.14172074
1084.0,0.1412579,0.09816227,7.6590514,0.49602258,-0.4202753,0.10751228
1094.0,0.2801216,-0.016759412,8.106767,0.62796944,-0.49357912,0.089186326
1103.0,0.4189853,0.023942016,8.559271,0.72204274,-0.5314528,0.14782938
1114.0,0.45968673,-0.4189853,8.887277,0.80756384,-0.57543504,0.21013765
1123.0,0.557849,-0.80924016,9.148245,0.90285885,-0.60231316,0.23090707
1133.0,0.37110126,-1.0965444,7.1059904,1.0726794,-0.6719518,0.2883284
1143.0,1.091756,-0.5770026,5.9304376,1.4049901,-0.87964594,0.2724459
1155.0,1.9560628,-0.5267244,7.9990277,1.4526376,-0.95172805,0.04886922
1163.0,2.5450363,1.7070658,12.220005,0.75991637,-0.68416905,-0.13561209
1174.0,3.6176388,3.833117,15.485697,-0.10751228,-0.42271876,-0.14172074
1183.0,4.2425256,1.5586253,17.058687,-0.7696902,0.004886922,0.09285152
1194.0,2.7222073,-1.7525556,16.678009,-1.0812315,0.32253686,0.27977628
1203.0,1.2617443,-2.348712,14.978126,-0.9578367,0.46792278,0.25900686
1215.0,0.6751649,-1.99437,12.959814,-0.5705481,0.5375614,0.1282817
1222.0,0.15083471,-1.079785,10.9343195,-0.29565877,0.53023106,-0.018325957
1235.0,0.272939,-0.16759412,9.574412,-0.22968534,0.5314528,-0.12095132
1243.0,0.40940848,0.30166942,8.726865,-0.33108896,0.5571091,-0.12461651
1253.0,0.49320555,0.2825158,8.051701,-0.516792,0.54367006,-0.1001819
1264.0,0.7278373,0.06464344,7.503428,-0.59864795,0.54244834,-0.10751228
1275.0,0.8690952,-0.48841715,7.587225,-0.535118,0.52290064,-0.10629055
1284.0,0.63206923,-0.7733272,7.9032598,-0.4373795,0.45937067,-0.05131268
1295.0,0.19871874,-0.7422025,7.7332716,-0.33964106,0.37140608,-0.008552114
1304.0,0.02873042,-0.6991069,7.7093296,-0.172264,0.28344148,-0.061086524
1316.0,-0.05267244,-0.5363012,7.800309,0.056199603,0.17959438,-0.16737708
1325.0,-0.16280572,-0.059855044,8.238448,0.19181168,0.034208454,-0.19792034
1335.0,-0.01436521,0.11252748,8.523358,0.10751228,-0.0720821,-0.10873401
1345.0,0.11252748,-0.11492168,8.760384,-0.11484267,-0.15271631,-0.018325957
1355.0,0.19632454,-0.33518824,8.90643,-0.23335053,-0.2443461,-0.03176499
1364.0,0.3854665,-0.6655881,9.387665,-0.17959438,-0.30543262,-0.059864793
1376.0,0.2681506,-0.5482722,8.992621,-0.002443461,-0.376293,-0.042760566
1385.0,0.04309563,-0.10534488,8.26239,0.2968805,-0.5021312,-0.028099801
1395.0,-0.16519992,0.12689269,7.445967,0.6597345,-0.6267477,-0.030543262
1404.0,-0.1436521,-0.038307227,7.141904,1.1398746,-0.8503244,-0.035430185
1417.0,0.11252748,-0.2753332,5.45878,1.4208726,-1.0115929,-0.04153884
1425.0,1.3599066,-0.5626374,7.9248075,1.4660766,-1.0934488,-0.09040806
1436.0,2.4301147,0.7733272,11.494562,0.9236283,-0.8918633,-0.13561209
1446.0,2.954445,2.4947581,13.910312,0.27122417,-0.7305948,-0.15149458
1456.0,3.2369606,1.448492,15.423448,-0.30176744,-0.4092797,-0.039095376
1466.0,2.2864625,-0.78769237,15.8783455,-0.72082096,-0.1160644,0.0842994
1475.0,1.4173675,-1.8195933,14.4130945,-0.73914695,0.047647487,0.073303826
1485.0,0.8331822,-2.267309,12.665327,-0.453262,0.1441642,-0.058643065
1496.0,0.5386954,-1.7812861,11.508927,-0.16371189,0.19914207,-0.16371189
1505.0,0.4333505,-0.90740246,10.608707,-0.018325957,0.24190263,-0.1441642
1517.0,0.49081135,-0.51954174,9.919178,-0.009773844,0.2687807,-0.06841691
1527.0,0.39264908,-0.33039984,9.52174,-0.04886922,0.27122417,-0.040317107
1535.0,0.40940848,-0.23223756,9.23683,-0.018325957,0.25411993,-0.04642576
1546.0,0.59136784,-0.016759412,9.045294,0.0842994,0.21746802,-0.040317107
1557.0,0.7302315,0.04070143,8.92319,0.172264,0.17592919,-0.021991149
1566.0,0.9504981,0.074220255,8.863335,0.204029,0.1441642,-0.0061086523
1577.0,1.0055647,0.11971009,8.781932,0.19914207,0.11362094,0.007330383
1586.0,1.0366893,0.23942018,8.813056,0.172264,0.07086037,0.008552114
1597.0,1.0151415,0.45729253,8.901642,0.1282817,0.030543262,0.0012217305
1606.0,1.0390835,0.5434838,8.963891,0.0720821,0.007330383,-0.002443461
1616.0,1.0342951,0.47644615,9.083601,0.02687807,-0.017104227,-0.0012217305
1625.0,1.0534488,0.37110126,9.224859,0.010995574,-0.043982297,-0.007330383
1637.0,1.0462662,0.21787235,9.43076,0.02565634,-0.06352998,-0.010995574
1647.0,1.2138603,0.079008654,9.595961,0.058643065,-0.080634214,-0.012217305
1655.0,1.2641385,0.009576807,9.744401,0.087964594,-0.08674286,-0.018325957
1666.0,1.0702082,-0.04070143,9.768343,0.12217305,-0.096516706,-0.017104227
1677.0,1.0486604,-0.04309563,9.818622,0.15271631,-0.1001819,-0.010995574
1687.0,1.1300632,-0.02633622,9.861717,0.15515977,-0.095294975,-0.008552114
1696.0,1.0510546,0.035913024,9.962274,0.13805555,-0.10140363,-0.009773844
1706.0,1.0390835,0.021547815,10.014946,0.10262536,-0.087964594,-0.007330383
1718.0,1.0199299,0.08619126,9.993398,0.04642576,-0.0720821,-0.002443461
1726.0,1.0031705,0.02633622,9.947908,-0.02076942,-0.058643065,-0.0012217305
1735.0,0.89303726,0.035913024,9.904813,-0.080634214,-0.04886922,-0.0012217305
1746.0,0.8379706,0.07182605,9.945514,-0.11728613,-0.043982297,-0.0012217305
1758.0,0.8810662,0.038307227,9.7563715,-0.12095132,-0.04153884,0.0012217305
1766.0,0.8451532,-0.007182605,9.643845,-0.105068825,-0.032986723,0.002443461
1775.0,0.8643068,0.06464344,9.5385,-0.07574729,-0.029321533,-0.002443461
1786.0,0.8451532,0.023942016,9.461885,-0.03176499,-0.043982297,-0.008552114
1796.0,0.8451532,0.10055647,9.392453,0.0036651916,-0.05131268,-0.02076942
1805.0,0.8355764,0.21068975,9.181764,0.013439035,-0.065973446,-0.035430185
1818.0,0.8858546,0.4261679,9.054871,0.002443461,-0.0842994,-0.04642576
1826.0,0.92655605,0.36631286,9.038112,0.0012217305,-0.10262536,-0.058643065
1837.0,0.9576807,0.2657564,9.064447,0.030543262,-0.12583824,-0.06963864
1847.0,1.1133038,0.079008654,9.296685,0.081855945,-0.13805555,-0.07452556
1856.0,1.163582,-0.110133275,9.500193,0.13316862,-0.15271631,-0.064751714
1866.0,1.2617443,-0.16998832,9.727641,0.16126843,-0.15149458,-0.05009095
1878.0,1.3359646,-0.11492168,9.67018,0.16371189,-0.14782938,-0.04642576
1886.0,1.4149733,0.01436521,9.85214,0.13561209,-0.13927728,-0.05375614
1896.0,1.3790601,0.06943185,9.995792,0.064751714,-0.12095132,-0.062308256
1906.0,1.4939818,0.007182605,10.2495775,-0.02321288,-0.09162979,-0.05375614
1918.0,1.4508862,-0.1388637,10.263943,-0.07696902,-0.062308256,-0.035430185
1927.0,1.340753,-0.2896984,10.292673,-0.081855945,-0.04642576,-0.02565634
1937.0,1.283292,-0.29448682,10.311827,-0.05375614,-0.032986723,-0.017104227
1946.0,1.163582,-0.37588966,10.110714,-0.018325957,-0.021991149,-0.008552114
1956.0,1.1420342,-0.16280572,10.031705,0.0036651916,-0.0061086523,-0.004886922
1966.0,1.163582,-0.079008654,9.907207,0.009773844,0.008552114,0.002443461
1975.0,1.1228806,-0.062249243,9.890448,0.009773844,0.02076942,0.013439035
1986.0,1.0534488,-0.059855044,9.900024,0.021991149,0.019547688,0.014660766
1998.0,1.1492168,-0.05746084,9.742006,0.04886922,0.017104227,0.010995574
2007.0,1.1659763,0.062249243,9.809045,0.07452556,0.02687807,0.008552114
2017.0,1.2138603,0.15322891,9.7803135,0.087964594,0.02687807,0.007330383
2027.0,1.2066777,0.17238252,9.722853,0.073303826,0.040317107,0.007330383
2038.0,1.1971009,0.2777274,9.593566,0.05497787,0.034208454,0.007330383
2062.0,1.1827357,0.34955344,9.617508,0.032986723,0.032986723,0.004886922
2062.0,1.127669,0.2873042,9.569624,0.002443461,0.037873644,-0.0036651916
2064.0,1.1923125,0.34237084,9.572019,-0.032986723,0.037873644,-0.015882496
2076.0,1.1444284,0.31603462,9.552865,-0.062308256,0.036651913,-0.02321288
2085.0,1.1300632,0.20829555,9.507375,-0.0720821,0.02687807,-0.02687807
2097.0,1.1228806,0.14844051,9.524135,-0.062308256,0.02076942,-0.030543262
2105.0,1.0223241,0.04309563,9.397242,-0.029321533,0.009773844,-0.035430185
2118.0,1.0342951,0.11252748,9.404425,0.015882496,-0.010995574,-0.04153884
2125.0,1.0606314,0.12689269,9.28232,0.04642576,-0.030543262,-0.043982297
2136.0,1.1204864,0.20829555,9.363723,0.04642576,-0.04886922,-0.04153884
2145.0,1.1659763,0.2801216,9.392453,0.017104227,-0.056199603,-0.035430185
2157.0,1.2258313,0.23942018,9.471462,-0.019547688,-0.059864793,-0.029321533
2165.0,1.2090719,0.17717093,9.52174,-0.043982297,-0.065973446,-0.021991149
2177.0,1.271321,0.02873042,9.610326,-0.047647487,-0.06719518,-0.018325957
2186.0,1.316811,0.01436521,9.639056,-0.039095376,-0.06719518,-0.02565634
2196.0,1.3934253,0.016759412,9.691729,-0.030543262,-0.057421334,-0.032986723
2207.0,1.3239936,-0.007182605,9.888053,-0.008552114,-0.039095376,-0.032986723
2218.0,1.3239936,-0.050278235,9.928755,-0.008552114,-0.039095376,-0.032986723
2226.0,1.30484,-0.1364695,9.957485,-0.0036651916,-0.02443461,-0.032986723
2238.0,1.3072342,-0.14604631,9.97185,0.008552114,-0.007330383,-0.017104227
2247.0,1.2138603,-0.088585466,9.921572,0.0036651916,-0.0012217305,-0.012217305
2255.0,1.2090719,-0.04309563,9.816227,-0.009773844,0.009773844,-0.0012217305
2267.0,1.30484,-0.11252748,9.706094,-0.02443461,0.019547688,0.0036651916
2277.0,1.2234371,-0.06464344,9.646238,-0.021991149,0.014660766,0.0061086523
2286.0,1.2066777,-0.06703765,9.662998,-0.017104227,0.009773844,0.0061086523
2298.0,1.2330139,0.0047884034,9.600749,-0.010995574,0.017104227,0.0061086523
2307.0,1.1180922,-0.007182605,9.593566,0.0061086523,0.013439035,0.010995574
2317.0,1.2330139,0.05267244,9.512163,0.02321288,0.015882496,0.015882496
2327.0,1.1587936,0.12689269,9.548077,0.03176499,0.004886922,0.02076942
2337.0,1.1923125,0.12210429,9.5385,0.018325957,0.0036651916,0.02321288
2347.0,1.1731589,0.19153613,9.591172,-0.002443461,0.002443461,0.02321288
2358.0,1.1803415,0.12449849,9.586384,-0.013439035,-0.004886922,0.02321288
2367.0,1.2641385,0.10295067,9.607931,-0.012217305,-0.009773844,0.018325957
2377.0,1.2617443,0.095768064,9.627085,-0.017104227,-0.008552114,0.012217305
2387.0,1.2354081,0.17477672,9.691729,-0.02687807,-0.002443461,0.004886922
2397.0,1.2521675,0.15322891,9.7563715,-0.034208454,-0.008552114,-0.0036651916
2408.0,1.2785037,0.15083471,9.7324295,-0.032986723,-0.012217305,-0.008552114
2419.0,1.2282255,0.062249243,9.765948,-0.018325957,-0.007330383,-0.008552114
2427.0,1.3359646,0.15562311,9.768343,0.0,-0.009773844,-0.0061086523
2438.0,1.271321,0.16280572,9.751583,0.018325957,-0.008552114,-0.002443461
2447.0,1.3383588,0.12449849,9.782708,0.029321533,-0.0036651916,0.0036651916
2457.0,1.3551182,0.095768064,9.770737,0.034208454,-0.0012217305,0.009773844
2467.0,1.2808979,0.17477672,9.703699,0.030543262,-0.0036651916,0.013439035
2478.0,1.2473791,0.12210429,9.7084875,0.02565634,-0.0036651916,0.018325957
2487.0,1.328782,0.095768064,9.698911,0.02321288,-0.004886922,0.017104227
2497.0,1.3215994,0.18674773,9.696517,0.018325957,-0.0012217305,0.018325957
2507.0,1.3120226,0.12928689,9.679757,0.018325957,-0.0061086523,0.021991149
2519.0,1.3814543,0.10055647,9.634268,0.028099801,-0.010995574,0.02076942
2527.0,1.2306197,0.038307227,9.67018,0.040317107,-0.013439035,0.015882496
2538.0,1.3263878,0.1340753,9.624691,0.04642576,-0.02076942,0.012217305
2547.0,1.3479356,0.1604115,9.64145,0.036651913,-0.021991149,0.0036651916
2558.0,1.352724,0.17477672,9.646238,0.018325957,-0.02076942,-0.0036651916
2568.0,1.3503298,0.11252748,9.691729,0.0061086523,-0.017104227,-0.002443461
2577.0,1.3718776,0.107739076,9.631873,0.002443461,-0.014660766,0.0
2587.0,1.3599066,0.088585466,9.562442,0.0,-0.017104227,0.002443461
2598.0,1.3239936,0.12210429,9.660604,-0.0012217305,-0.019547688,0.007330383
2607.0,1.3000516,0.059855044,9.605537,0.004886922,-0.02321288,0.010995574
2618.0,1.2186487,0.06464344,9.531317,0.02321288,-0.030543262,0.007330383
2627.0,1.2282255,0.093373865,9.56723,0.05009095,-0.039095376,0.0012217305
2639.0,1.2042835,0.17477672,9.555259,0.059864793,-0.035430185,-0.0036651916
2648.0,1.1827357,0.22744916,9.545682,0.04886922,-0.039095376,-0.007330383
2657.0,1.1947067,0.24899697,9.619903,0.021991149,-0.030543262,-0.012217305
2667.0,1.2521675,0.17717093,9.691729,-0.004886922,-0.02687807,-0.013439035
2677.0,1.2401965,0.16280572,9.679757,-0.019547688,-0.02321288,-0.014660766
2687.0,1.2282255,0.107739076,9.751583,-0.010995574,-0.015882496,-0.013439035
2697.0,1.2090719,0.074220255,9.749189,0.014660766,-0.015882496,-0.007330383
2708.0,1.2521675,0.088585466,9.725247,0.034208454,-0.015882496,-0.0061086523
2720.0,1.2114661,0.06464344,9.600749,0.035430185,-0.007330383,-0.007330383
2726.0,1.2042835,0.2681506,9.634268,0.02321288,-0.007330383,-0.009773844
2736.0,1.1731589,0.1412579,9.591172,0.0061086523,-0.012217305,-0.010995574
2747.0,1.151611,0.09816227,9.519346,-0.008552114,-0.010995574,-0.014660766
2756.0,1.1803415,0.062249243,9.500193,-0.009773844,-0.0061086523,-0.018325957
2766.0,1.2689269,-0.0023942017,9.624691,0.0036651916,-0.014660766,-0.019547688
2778.0,1.2330139,-0.05746084,9.5385,0.018325957,-0.014660766,-0.015882496
2787.0,1.2593501,0.023942016,9.674969,0.02565634,-0.009773844,-0.009773844
2797.0,1.2449849,0.016759412,9.720459,0.02443461,-0.002443461,-0.004886922
2807.0,1.271321,0.04070143,9.6845455,0.017104227,-0.002443461,0.0
2819.0,1.2880806,0.10055647,9.662998,0.002443461,0.0,0.002443461
2828.0,1.2904748,0.18435353,9.696517,-0.018325957,-0.007330383,0.0012217305
2840.0,1.2617443,0.11492168,9.615114,-0.042760566,0.0061086523,-0.0036651916
2848.0,1.2665327,0.12210429,9.552865,-0.056199603,0.008552114,-0.0061086523
2859.0,1.3096284,0.15083471,9.591172,-0.052534413,0.0061086523,-0.007330383
2868.0,1.3120226,-0.0047884034,9.639056,-0.028099801,0.007330383,-0.004886922
2879.0,1.3623008,-0.0047884034,9.655815,0.0,0.0012217305,-0.002443461
2887.0,1.3024458,0.074220255,9.555259,0.018325957,0.0,0.0
2898.0,1.2785037,0.12449849,9.643845,0.02076942,0.002443461,0.002443461
2908.0,1.3575124,0.17477672,9.619903,0.0,0.0036651916,0.0
2919.0,1.2497733,0.088585466,9.622296,-0.03176499,0.008552114,0.0012217305
2927.0,1.2808979,0.107739076,9.653421,-0.05009095,0.002443461,0.007330383
2939.0,1.2138603,0.04309563,9.572019,-0.05131268,0.0036651916,0.007330383
2947.0,1.2641385,0.093373865,9.61272,-0.040317107,0.004886922,0.0
2959.0,1.2449849,0.15562311,9.610326,-0.030543262,0.002443461,-0.0012217305
2968.0,1.2641385,0.12928689,9.634268,-0.02076942,-0.013439035,0.0
2979.0,1.3000516,0.16280572,9.715671,-0.018325957,0.0012217305,-0.002443461
2987.0,1.3623008,0.059855044,9.710882,-0.015882496,-0.009773844,-0.007330383
3001.0,1.2952632,-0.05267244,9.799467,-0.015882496,0.002443461,-0.008552114
