37.0,-0.62967503,3.8187518,9.354146,0.0061086523,-0.02076942,0.0
37.0,-0.4141969,4.3358994,9.481039,0.15760323,0.14538592,-0.064751714
50.0,-0.39743748,4.2664676,9.459491,0.0061086523,-0.25289822,-0.3005457
54.0,-0.36870706,3.9911342,9.464279,-0.27366763,-0.42271876,-0.44226643
66.0,-0.38067806,3.550601,9.536105,-0.4007276,0.36285394,-0.19914207
77.0,-0.35434186,3.347094,9.725247,-0.6646214,0.39584067,-0.3481932
86.0,-0.2681506,3.2728736,9.92636,-0.8356637,0.24923302,-0.58032197
95.0,-0.16759412,3.4715924,10.280702,-0.8210029,0.12461651,-0.7281514
105.0,-0.1604115,3.5865142,10.572795,-0.7648033,0.172264,-0.77579886
115.0,-1.6998832,3.526659,10.508151,-0.7696902,0.23335053,-0.8136725
125.0,0.80924016,3.4500446,10.79785,-0.8588765,0.2919936,-0.84788096
136.0,-1.1923125,3.1435869,10.539276,-0.9786061,0.376293,-0.87109387
146.0,-0.4405331,2.5019407,10.850522,-1.0421361,0.47525316,-0.89675015
155.0,-0.36870706,2.1523874,10.761936,-1.0421361,0.5815437,-0.9272934
166.0,-0.45010993,1.8794483,10.867282,-1.0054842,0.675617,-0.95539325
175.0,-2.8179753,1.4508862,10.900801,-0.98471475,0.75991637,-0.9822713
185.0,-1.328782,1.1851299,11.226412,-0.9798279,0.8344419,-1.0128145
195.0,-2.4588451,0.9935937,11.154586,-0.98837996,0.93951076,-1.0396926
208.0,-1.2138603,0.80445176,11.554418,-0.9957104,1.0629056,-1.0555751
215.0,-0.7206547,0.47165772,11.420342,-0.98471475,1.1838568,-1.047023
226.0,-1.4580688,0.059855044,11.137826,-0.96883225,1.3060299,-1.0152581
235.0,-1.7429788,-0.46208093,11.176133,-0.9456194,1.423316,-0.9761627
245.0,-2.1428106,-1.1659763,11.379641,-0.8943067,1.5515977,-0.9285152
256.0,-2.1643584,-1.6041151,11.611878,-0.8136725,1.6835446,-0.86376345
267.0,-2.1811178,-1.8579005,11.386824,-0.49968776,1.8973475,-0.7855727
275.0,-2.1691468,-1.6591818,10.82658,-0.49968776,1.8973475,-0.7855727
286.0,-2.2984335,-1.42455,10.223241,-0.32498032,1.958434,-0.79779
295.0,-2.504335,-1.1803415,8.980651,-0.22968534,2.080607,-0.73914695
306.0,-2.8634653,-1.400608,8.497022,-0.32986724,2.1514673,-0.6230826
315.0,-3.3255463,-1.4676456,8.054094,-0.47769663,2.1991148,-0.5045747
326.0,-3.620033,-1.6160861,7.7332716,-0.6536258,2.1930063,-0.4007276
335.0,-3.9145198,-1.8555063,7.61835,-0.829555,2.144137,-0.2968805
346.0,-4.0892963,-1.8938135,7.441179,-0.9627236,2.0769417,-0.19303341
356.0,-4.247314,-1.6687586,7.0940194,-1.0641272,1.9694295,-0.09040806
367.0,-4.280833,-1.5227122,6.8881183,-1.1459832,1.8325957,0.02321288
375.0,-4.201824,-1.5705963,6.50744,-1.1924089,1.7055358,0.15027285
387.0,-4.2305546,-1.6112977,5.9567738,-1.2095132,1.5479325,0.27977628
396.0,-4.3526587,-1.7070658,5.566519,-1.2547172,1.3683381,0.41050145
405.0,-4.537012,-1.9129672,4.972757,-1.3182472,1.174083,0.5375614
416.0,-4.4843397,-2.066196,4.687847,-1.4037683,0.95417154,0.6609562
426.0,-4.661511,-2.2026656,4.63278,-1.4587462,0.7147123,0.7696902
436.0,-4.6902413,-2.3175871,4.5896845,-1.4001031,0.46303585,0.8527679
447.0,-4.534618,-2.327164,4.594473,-1.2217305,0.18081611,0.9224065
456.0,-4.3263226,-2.3127987,4.6016555,-1.0225884,-0.10140363,1.0067059
467.0,-4.1515455,-2.2218192,4.3766007,-0.8539896,-0.3652974,1.0946705
476.0,-3.9719806,-2.1164744,4.3382936,-0.7318166,-0.63041294,1.1765264
486.0,-3.9384618,-1.8531121,4.1132383,-0.6365216,-0.90408057,1.2400564
496.0,-3.8953662,-1.6112977,3.964798,-0.5534439,-1.1691961,1.2718215
507.0,-3.6703112,-1.5370775,3.7541082,-0.49968776,-1.4391985,1.2986995
516.0,-3.383007,-1.532289,3.7110126,-0.5119051,-1.7128662,1.3402383
526.0,-3.0550013,-1.5634137,3.9815574,-0.5864306,-1.9816469,1.3976597
536.0,-2.7246015,-1.553837,4.510676,-0.6426302,-2.2296581,1.4563028
546.0,-2.44448,-1.2808979,5.133168,-0.6010914,-2.4593434,1.4844025
556.0,-2.2050598,-0.8810662,5.7987566,-0.46670106,-2.6658158,1.4746287
568.0,-2.1428106,-0.3184288,6.7684083,-0.32253686,-2.8405235,1.4465289
576.0,-2.1332338,0.2896984,7.347805,-0.21013765,-2.9846876,1.4208726
587.0,-2.1092918,0.8690952,7.845799,-0.103847094,-3.1154127,1.4074335
597.0,-1.9129672,1.1755531,8.963891,0.0012217305,-3.2119296,1.4110987
633.0,-1.5466543,1.5586253,11.08276,0.14294247,-3.200934,1.3842206
633.0,-1.2354081,2.0326772,13.163321,0.36651915,-3.095865,1.2669345
633.0,-1.3551182,2.111686,14.839262,0.64873886,-2.9126055,1.070236
636.0,-1.8052281,2.360683,15.049952,0.8552113,-2.7085764,0.89552844
646.0,-2.0326772,2.4708161,14.700398,0.7770206,-2.552195,0.8491027
657.0,-0.878672,1.1348516,11.178528,0.52534413,-2.3359487,0.9114109
668.0,3.7301662,-1.9871874,10.316615,0.59986967,-1.894904,0.9053023
677.0,2.7844565,-1.1683705,17.468096,1.8619173,-0.9505063,0.6817256
689.0,-2.6240451,4.4843397,18.126501,3.1923819,-0.42760566,0.28344148
696.0,-4.757279,10.398018,16.48408,2.5094345,-0.54367006,-0.11362094
707.0,-2.0805612,8.939949,14.654908,0.7147123,-0.44837508,-0.6133087
717.0,0.29448682,4.173094,12.674904,-0.36774087,-0.07941248,-0.8405506
727.0,0.079008654,0.62728083,11.848905,-0.6365216,0.4728097,-0.44348818
737.0,-1.4053963,-0.45010993,11.777079,-0.816116,0.97127575,0.12095132
749.0,-1.9847932,-0.79008657,11.142614,-1.0250319,1.0751228,0.2932153
757.0,-1.7381904,-1.70946,10.0029745,-1.128879,0.96883225,0.080634214
768.0,-1.8914193,-2.2601264,9.337387,-0.99082345,0.8857546,-0.18325958
777.0,-2.2337902,-1.7669208,8.686164,-0.6963864,0.8368854,-0.28221974
787.0,-2.1930888,-1.0534488,7.5465236,-0.42271876,0.7476991,-0.21868975
798.0,-2.087744,-1.2689269,6.612785,-0.2003638,0.643852,-0.058643065
808.0,-2.1140802,-1.1324574,6.0238113,0.040317107,0.43982297,0.103847094
817.0,-2.243367,-0.007182605,6.385336,0.18203785,0.14905111,0.15882497
828.0,-1.8794483,1.4030021,7.055712,0.08307768,-0.11728613,0.11484267
838.0,-1.496376,2.4899697,6.9168487,-0.1966986,-0.33964106,0.087964594
847.0,-1.2234371,2.2170308,6.9719152,-0.43493605,-0.5290093,0.22479841
857.0,-1.3958195,1.115698,7.716512,-0.45081854,-0.69027776,0.535118
870.0,-1.9512744,0.11731588,8.884883,-0.26511553,-0.8381071,0.8038987
878.0,-2.6024973,-0.5770026,10.022128,0.0720821,-0.95294976,0.8405506
888.0,-3.083732,-0.7302315,10.493786,0.4569272,-1.0751228,0.6609562
899.0,-2.7150247,-0.22984336,9.868899,0.6927212,-1.2363913,0.43127087
909.0,-1.127669,0.45250413,8.343793,0.66339964,-1.3695599,0.30665436
920.0,1.0893618,0.80445176,7.3645644,0.5448918,-1.2681563,0.25045475
929.0,1.3503298,0.24660277,13.165715,0.79901177,-0.7623598,0.05497787
939.0,1.0462662,-1.5705963,16.02918,1.4159856,-0.24190263,-0.07819075
948.0,0.36870706,-1.1444284,16.354792,1.473407,0.028099801,0.1001819
959.0,-0.2657564,1.400608,15.500062,0.97249746,0.22357668,0.15393804
970.0,-0.8714894,3.3734303,13.048399,0.37384954,0.44226643,-0.09773844
979.0,-1.1947067,3.6008794,10.788273,-0.23335053,0.7098254,-0.37507126
990.0,-1.0989386,2.0111294,9.5385,-0.9663888,0.9969321,-0.4129449
1001.0,-0.8523358,-0.40462008,8.887277,-1.6481144,1.2681563,-0.21746802
1008.0,-1.0965444,-1.970428,8.619126,-1.9058995,1.4672983,0.034208454
1019.0,-1.685518,-1.9967642,8.504205,-1.5943583,1.4294246,0.1600467
1028.0,-2.0614076,-1.043872,8.508993,-0.9407325,1.1410962,0.089186326
1038.0,-2.0326772,0.79008657,8.130709,-0.3555236,0.7489208,-0.0842994
1060.0,-1.6783354,2.3798366,7.9343843,-0.14294247,0.4605924,-0.19181168
1060.0,-1.2904748,3.2321723,6.679823,-0.34574974,0.25534168,-0.10629055
1069.0,-1.3192052,3.0023289,5.60722,-1.0848967,-0.103847094,0.31031954
1077.0,-2.1045034,1.6424223,5.0900726,-1.0848967,-0.103847094,0.31031954
1088.0,-3.1124623,0.15562311,5.233725,-0.68539083,-0.3811799,0.27855456
1098.0,-3.7014358,-1.3479356,6.1530986,0.096516706,-0.73426,0.11728613
1109.0,-3.6152446,-1.8483237,7.1969705,0.8503244,-1.0946705,-0.013439035
1119.0,-3.1890767,-0.59376204,8.343793,1.2596041,-1.4611896,-0.0720821
1128.0,-2.1164744,1.5705963,6.5936313,1.3365731,-1.7935003,-0.1441642
1138.0,-0.48362875,4.209007,7.785944,1.1142182,-1.9230038,-0.24678956
1148.0,1.6472107,-2.516306,18.734629,0.8686504,-0.85154617,-0.07819075
1158.0,1.1803415,-3.0789435,18.80885,0.2846632,-0.2919936,0.47647488
1171.0,-0.6727707,-0.7015011,17.585411,0.09773844,0.14294247,0.675617
1179.0,-1.6998832,1.6783354,14.793773,0.017104227,0.39095375,0.28344148
1190.0,-1.9728222,1.6017209,12.042834,-0.5045747,0.7012733,-0.204029
1200.0,-1.5155296,0.19153613,9.720459,-1.1679744,1.0433578,-0.30665436
1210.0,-0.94092125,-0.93852705,9.102755,-1.4892895,1.3048081,-0.05375614
1219.0,-0.9840169,-0.9816227,9.414001,-1.2229522,1.4379768,0.19425514
1231.0,-1.1420342,-0.51475334,9.504981,-0.66706485,1.391551,0.18936823
1240.0,-1.1013328,-0.47644615,9.263166,-0.23457226,1.2620476,0.07086037
1249.0,-0.9888053,-0.82121116,8.980651,-0.04642576,1.1716396,0.06719518
1259.0,-0.830788,-1.067814,8.511387,0.042760566,1.0861185,0.20769419
1271.0,-0.7326257,-1.043872,7.824251,0.13439035,0.95294976,0.35918877
1280.0,-0.7350199,-0.4237737,7.005434,0.21868975,0.7672467,0.40439278
1290.0,-0.7110779,0.29448682,6.215348,0.2565634,0.54000485,0.33475417
1300.0,-0.82599956,0.8475474,5.6527104,0.23090707,0.31642818,0.26145032
1309.0,-0.90021986,1.079785,5.159505,0.16371189,0.09040806,0.2761111
1319.0,-0.78050977,1.2880806,5.056554,0.0842994,-0.14172074,0.3567453
1330.0,-0.6607997,1.4772224,5.0613422,0.013439035,-0.39950588,0.4007276
1340.0,-0.5386954,1.4149733,5.398925,-0.004886922,-0.6560693,0.36774087
1352.0,-0.21547815,0.94570965,6.2105594,0.032986723,-0.9126327,0.28344148
1360.0,-0.15083471,0.4189853,6.6534867,0.12461651,-1.1313224,0.19914207
1370.0,-0.5267244,-0.25857377,6.9264255,0.27977628,-1.3377949,0.13805555
1379.0,-1.0749966,-0.6655881,7.038953,0.44104472,-1.5589281,0.058643065
1389.0,-1.292869,-0.60812724,7.704541,0.59620446,-1.7751744,-0.07941248
1400.0,-1.42455,0.28491,2.267309,0.73792523,-1.9633209,-0.2687807
1410.0,0.7589619,-0.39983168,9.574412,0.8246681,-1.9657644,-0.44593164
1420.0,1.958457,-3.6703112,17.178398,1.2889256,-1.4147639,-0.31398472
1431.0,1.103727,-2.5330653,18.983625,1.4489723,-0.9101892,0.080634214
1440.0,-0.3878607,1.3479356,19.04348,1.4416419,-0.70005155,0.22235495
1449.0,-0.8379706,5.4061074,17.705122,1.2681563,-0.6401868,0.064751714
1460.0,-0.7326257,6.143522,14.84405,0.39828414,-0.37507126,-0.29810223
1473.0,-0.30166942,3.8522706,12.605472,-0.9944886,0.096516706,-0.44837508
1480.0,-0.12210429,0.557849,11.439496,-2.117259,0.6988298,-0.2003638
1489.0,-0.59855044,-1.9321208,10.378864,-2.3383923,1.1667526,0.12095132
1500.0,-0.8714894,-2.8874073,9.536105,-1.8851302,1.2864822,0.22479841
1511.0,-1.0534488,-2.5594015,9.0237465,-1.2131784,1.1863003,0.07086037
1520.0,-1.3599066,-1.5897499,9.363723,-0.5412266,1.0958922,-0.24190263
1530.0,-1.7717092,-0.58657944,9.986216,0.034208454,1.0800097,-0.48380527
1539.0,-1.6759412,-0.15083471,10.0029745,0.4166101,1.0958922,-0.5045747
1551.0,-1.4197617,-0.1412579,9.667787,0.6462954,1.0934488,-0.3555236
1561.0,-1.3000516,-0.079008654,9.11712,0.8051204,1.0458013,-0.21135938
1570.0,-1.4197617,0.40940848,8.425196,0.86254174,0.9505063,-0.17837265
1580.0,-1.6567876,1.0007763,7.702147,0.77946407,0.82344633,-0.2125811
1592.0,-1.7645266,1.4437037,6.9958572,0.57787853,0.68416905,-0.20525073
1599.0,-1.8291701,1.6687586,6.4978633,0.33475417,0.5204572,-0.11484267
1609.0,-1.8028339,1.9632454,6.3949127,0.081855945,0.34208453,-0.007330383
1620.0,-1.7022774,2.099715,6.7348895,-0.17592919,0.15393804,0.034208454
1630.0,-1.3239936,2.1188686,7.6494746,-0.46181414,-0.04886922,0.036651913
1639.0,-0.6655881,2.0757728,8.406042,-0.8026769,-0.2443461,0.081855945
1650.0,-0.32561144,1.1109096,8.623915,-1.0958922,-0.40439278,0.23457226
1660.0,-1.0079589,-0.5554548,7.326257,-1.205848,-0.52656585,0.44715336
1672.0,-2.1667526,-1.7597382,5.8466406,-1.0348058,-0.75136423,0.5681047
1680.0,-2.9113493,-1.5394717,4.6926355,-0.7611381,-1.1166617,0.453262
1689.0,-2.9855695,-0.09816227,4.405331,-0.43127087,-1.536937,0.10140363
1700.0,-1.4341269,1.0941502,2.4133554,-0.040317107,-1.9364429,-0.312763
1711.0,-1.127669,2.9616275,-3.383007,0.26511553,-2.194228,-0.5644395
1721.0,3.6391866,-2.3080103,15.634137,1.1374311,-1.767844,-0.45081854
1728.0,3.4213142,-3.8905778,17.628508,2.1160371,-1.2644911,0.3115413
1738.0,2.066196,-1.1061212,20.202274,2.0427334,-1.1569787,0.78801614
1749.0,0.19393034,3.6846764,19.711462,1.4355333,-1.0958922,0.49968776
1758.0,-0.92176765,5.837064,16.697163,0.6609562,-0.874759,-0.3005457
1772.0,-1.0702082,5.245696,14.331692,-0.39461896,-0.6084218,-0.78801614
1779.0,-0.7015011,3.3039982,13.852851,-1.4807373,-0.20525073,-0.548557
1789.0,-0.25139117,1.7262194,13.22557,-1.9938642,0.21013765,-0.010995574
1799.0,0.1604115,0.7182605,12.258312,-1.8851302,0.4972443,0.29077184
1810.0,0.45010993,-0.38307226,11.015722,-1.6664404,0.6951646,0.22235495
1819.0,0.18914193,-1.7836803,10.204087,-1.5296066,0.8979719,0.008552114
1831.0,-0.7493851,-2.908955,9.653421,-1.3231341,1.0580186,-0.081855945
1841.0,-1.364695,-3.502717,9.339781,-1.0250319,1.0934488,-0.028099801
1850.0,-1.4413095,-3.5984852,9.215282,-0.65484756,1.047023,0.018325957
1861.0,-1.6184803,-2.6982653,9.651027,-0.25289822,1.0030408,-0.095294975
1873.0,-1.7764976,-1.4532804,9.964667,0.119729586,0.9896017,-0.32498032
1880.0,-1.6950948,-0.78529817,9.907207,0.37995818,1.0091494,-0.47036624
1891.0,-1.6089035,-0.49559975,9.7803135,0.5155703,1.0519099,-0.3933972
1901.0,-1.769315,-0.21787235,9.502586,0.54000485,1.0812315,-0.1966986
1910.0,-1.8435353,0.007182605,8.880095,0.45204028,1.0934488,-0.052534413
1920.0,-1.8195933,-0.088585466,8.341399,0.25289822,1.0922271,-0.015882496
1930.0,-1.8914193,-0.2825158,7.7452426,0.03176499,1.0677924,-0.042760566
1941.0,-2.0278888,-0.31364042,7.3286514,-0.12339478,1.0042624,-0.05375614
1952.0,-2.1499932,-0.31603462,6.943185,-0.18081611,0.8686504,-0.0061086523
1961.0,-2.147599,-0.08619126,6.495469,-0.1685988,0.68783426,0.080634214
1970.0,-2.006341,0.44532153,6.114791,-0.07941248,0.21868975,0.15027285
1981.0,-1.6400281,1.3479356,6.9623384,-0.087964594,-0.029321533,0.12705997
1991.0,-1.30484,1.5777789,8.24563,-0.15027285,-0.24312437,0.12461651
2000.0,-1.1971009,0.79726917,8.360553,-0.22357668,-0.41783184,0.21746802
2011.0,-1.448492,-0.21068975,8.1881695,-0.3042109,-0.54244834,0.39584067
2020.0,-2.0398598,-0.6679823,7.3525934,-0.30787608,-0.72326446,0.48502702
2031.0,-2.705448,-0.38307226,6.4140663,-0.23945917,-0.9786061,0.38606682
2041.0,-3.040636,0.58418524,5.717354,-0.19547687,-1.3084733,0.14660765
2075.0,-2.8179753,1.5753847,5.619191,-0.23457226,-1.6554449,-0.08674286
2075.0,-1.3192052,1.4772224,5.580884,-0.2602286,-1.9352211,-0.2284636
2075.0,-0.7445967,1.2545617,-5.722142,-0.19914207,-2.085494,-0.3042109
2080.0,4.8386817,-3.7612908,10.656591,0.548557,-1.7238617,-0.33841935
2090.0,5.3486466,-6.2752028,15.545551,2.3054054,-0.88453287,0.12461651
2099.0,3.064578,-1.4508862,20.745758,2.919936,-1.0873401,0.5045747
2110.0,0.25139117,3.3997664,20.001162,1.858252,-1.0665708,0.17104226
2119.0,-0.31603462,3.976769,17.149666,1.0348058,-0.75625116,-0.56688297
2131.0,-0.15322891,2.5378537,14.195222,0.89552844,-0.4654793,-0.96761054
2140.0,-0.31124622,1.6998832,13.402741,0.8503244,-0.13683382,-0.65118235
2149.0,-0.1436521,2.0470424,12.978968,0.47036624,0.11484267,-0.204029
2160.0,0.02873042,2.1212628,12.181698,0.0061086523,0.2687807,-0.118507855
2170.0,-0.25378537,1.5514427,11.18571,-0.38362336,0.33964106,-0.27366763
2181.0,-0.7038953,1.0247183,10.481815,-0.6939429,0.37873647,-0.3481932
2192.0,-1.0749966,0.59615624,10.108319,-0.874759,0.43249258,-0.26267207
2200.0,-1.2976574,-0.36631286,10.0341,-0.86498517,0.48624873,-0.1441642
2211.0,-1.2162545,-1.1803415,9.9790325,-0.7098254,0.516792,-0.07696902
2221.0,-0.9696517,-1.7525556,9.888053,-0.4813618,0.50335294,-0.080634214
2232.0,-0.91937345,-1.7549498,9.643845,-0.22357668,0.4605924,-0.13316862
2240.0,-0.9576807,-1.3359646,9.356541,0.04642576,0.41538838,-0.20158553
2251.0,-0.9744401,-0.6847417,9.093178,0.2883284,0.37384954,-0.24556783
2261.0,-1.0390835,-0.15562311,8.860941,0.43982297,0.32742378,-0.23579398
2271.0,-1.1133038,0.29448682,8.695741,0.4654793,0.28588495,-0.18081611
2281.0,-1.079785,0.46208093,8.590396,0.3848451,0.25900686,-0.112399206
2291.0,-1.1204864,0.47644615,8.655039,0.25778514,0.2284636,-0.05375614
2301.0,-1.0462662,0.3184288,8.623915,0.10629055,0.1881465,0.008552114
2313.0,-1.0103531,0.20111294,8.789114,-0.019547688,0.15027285,0.065973446
2322.0,-0.9648633,0.055066638,9.083601,-0.065973446,0.11484267,0.103847094
2330.0,-0.78769237,-0.045489833,9.267955,-0.036651913,0.06352998,0.11484267
2341.0,-0.7182605,-0.033518825,9.378088,0.05497787,0.040317107,0.09773844
2352.0,-0.6799533,0.15083471,9.500193,0.1966986,0.029321533,0.062308256
2362.0,-0.6631939,0.35434186,9.548077,0.3408628,0.014660766,0.02443461
2374.0,-0.6536171,0.46208093,9.481039,0.44837508,0.013439035,-0.0012217305
2381.0,-0.6895301,0.581791,9.44752,0.5143485,0.029321533,-0.02443461
2391.0,-0.85473,0.7206547,9.43076,0.5045747,0.039095376,-0.042760566
2402.0,-0.89782566,0.89303726,9.210494,0.44715336,0.03176499,-0.06963864
2411.0,-0.9959879,0.94570965,9.160215,0.40194935,0.021991149,-0.062308256
2421.0,-0.8834604,0.8379706,9.26556,0.31398472,0.039095376,-0.028099801
2433.0,-0.8355764,0.82360536,9.548077,0.21013765,0.040317107,-0.02443461
2442.0,-0.7565677,0.6919243,9.811439,0.16126843,0.04153884,-0.04642576
2450.0,-0.641646,0.641646,9.964667,0.13927728,0.065973446,-0.06352998
2461.0,-0.6607997,0.35194764,9.9550905,0.15271631,0.0842994,-0.061086524
2473.0,-0.6967127,0.22026655,9.902418,0.20769419,0.111177474,-0.040317107
2482.0,-0.878672,0.272939,9.828198,0.2406809,0.12095132,-0.021991149
2492.0,-0.9696517,0.2896984,9.548077,0.23945917,0.12095132,-0.019547688
2501.0,-0.9888053,0.31124622,9.524135,0.22968534,0.112399206,-0.02687807
2512.0,-0.9959879,0.40222588,9.751583,0.26511553,0.112399206,-0.028099801
2522.0,-0.8403648,0.5674258,10.038888,0.32498032,0.10995574,-0.02443461
2530.0,-0.59136784,0.5410896,10.144233,0.33353242,0.119729586,-0.012217305
2541.0,-0.39025488,0.10295067,10.081984,0.32620203,0.16371189,0.030543262
2551.0,-0.2873042,-0.36631286,9.900024,0.344528,0.21013765,0.11362094
2561.0,-0.2777274,-0.6895301,9.744401,0.37384954,0.24678956,0.19547687
2572.0,-0.44771573,-1.0127473,9.41879,0.42149702,0.28221974,0.23457226
2582.0,-0.80924016,-0.61770403,9.196129,0.5338962,0.2846632,0.21991149
2592.0,-1.1180922,0.9816227,9.217676,0.58032197,0.20158553,0.13805555
2601.0,-0.91458505,2.8443117,9.368511,0.44593164,0.13194689,-0.05375614
2612.0,-0.47884035,3.2609026,9.370906,0.22968534,0.18936823,-0.28710666
2621.0,-0.38307226,2.542642,9.346964,0.1160644,0.33964106,-0.33353242
2632.0,-0.6703765,1.5682021,9.26556,0.13683382,0.4813618,-0.1160644
2642.0,-1.1971009,0.7613561,8.925584,0.25900686,0.5448918,0.16615535
2651.0,-1.6998832,0.6440403,8.626308,0.4202753,0.49480084,0.2932153
2661.0,-1.8459295,1.1779473,8.23366,0.5180137,0.36651915,0.19425514
2674.0,-1.757344,2.1571758,7.8146744,0.48747048,0.22357668,-0.019547688
2682.0,-1.6065093,2.7988217,7.57286,0.33475417,0.12950343,-0.18570304
2691.0,-1.5298948,2.8802247,7.836222,0.10995574,0.07452556,-0.19792034
2701.0,-1.292869,2.4779987,8.453926,-0.14294247,-0.004886922,-0.08674286
2712.0,-1.067814,2.0207062,9.332599,-0.39095375,-0.11362094,0.021991149
2722.0,-0.8379706,1.8339585,10.21127,-0.6169739,-0.2003638,0.0720821
2733.0,-1.0366893,0.9983821,9.737218,-0.8026769,-0.25289822,0.12339478
2741.0,-1.5466543,-0.2825158,8.90643,-0.8417723,-0.29810223,0.23945917
2752.0,-1.946486,-1.0055647,7.9032598,-0.7122689,-0.41050145,0.35308012
2762.0,-2.1978772,-1.1204864,7.627927,-0.43127087,-0.5522222,0.3408628
2772.0,-2.1092918,-0.6727707,7.8793178,0.5131268,-0.86376345,0.013439035
2781.0,-1.1731589,0.095768064,5.5737014,0.5131268,-0.86376345,0.013439035
2794.0,-1.2665327,1.3575124,4.197036,1.568702,-0.8686504,-0.12583824
2802.0,2.0638018,0.92655605,10.915166,1.9303342,-0.84788096,0.009773844
2811.0,2.4708161,1.8962077,12.514492,1.7104226,-0.72082096,-0.002443461
2822.0,0.5674258,3.6894648,13.8959465,1.4428637,-0.453262,-0.05375614
2833.0,-1.1563994,4.8338933,13.335704,1.1533136,-0.30176744,0.009773844
2841.0,-1.2545617,4.2904096,12.081141,0.51068336,-0.28344148,0.096516706
2852.0,-0.6607997,3.2393548,11.20247,-0.21624629,-0.204029,0.0842994
2861.0,-0.5363012,2.6791117,10.618284,-0.7110472,-0.06963864,-0.032986723
2873.0,-0.6823475,2.2649148,10.132261,-0.9016371,0.040317107,-0.10751228
2881.0,-0.6991069,1.7764976,9.816227,-0.9089675,0.08674286,-0.021991149
2892.0,-0.79966336,1.3144168,9.591172,-0.88697636,0.0842994,0.10140363
2901.0,-0.92176765,1.103727,9.452309,-0.87109387,0.105068825,0.11362094
2912.0,-1.0295067,0.90021986,9.65821,-0.8002335,0.13561209,0.036651913
2922.0,-1.0702082,0.8762778,9.830592,-0.6230826,0.15149458,-0.02565634
2935.0,-0.93613285,0.8571242,9.844957,-0.37140608,0.14049901,-0.035430185
2939.0,-0.9504981,1.151611,9.892841,-0.09162979,0.10751228,-0.039095376
2955.0,-0.94810385,1.5227122,9.907207,0.15515977,0.087964594,-0.0720821
2961.0,-0.91697925,1.9919758,9.765948,0.28344148,0.064751714,-0.10751228
2975.0,-0.6607997,2.303222,9.718064,0.2602286,0.04886922,-0.11728613
2981.0,-0.40701428,2.4995465,9.718064,0.13194689,0.06719518,-0.10140363
2991.0,-0.2705448,2.1260512,9.967062,-0.05375614,0.1282817,-0.057421334
3003.0,-0.28491,1.5275006,10.04607,-0.2321288,0.21624629,-0.0061086523
3011.0,-0.5650316,1.1851299,10.259154,-0.39584067,0.3005457,0.02565634
