39.0,4.027047,-1.3838485,8.760384,-0.008552114,0.008552114,-0.018325957
41.0,4.156334,-1.4891934,8.781932,0.1563815,0.10262536,-0.065973446
52.0,4.3766007,-1.5227122,8.765172,-0.029321533,-0.31520647,-0.3042109
61.0,4.537012,-1.7764976,8.719683,-0.10140363,-0.45081854,-0.29932398
72.0,4.4723687,-1.7286136,8.75799,0.012217305,0.32620203,0.08307768
82.0,4.3167458,-1.6136919,8.76996,-0.0012217305,0.35185838,0.10629055
90.0,4.2760444,-1.532289,8.801085,-0.010995574,0.18448131,0.05497787
100.0,4.2521024,-1.4987702,8.698134,-0.014660766,0.019547688,-0.0012217305
112.0,4.2544966,-1.4460979,8.748413,-0.015882496,0.008552114,0.008552114
121.0,4.2640734,-1.412579,8.695741,-0.015882496,0.008552114,0.008552114
131.0,4.2904096,-1.4820108,8.724471,-0.010995574,0.004886922,0.010995574
141.0,4.2161894,-1.4556746,8.750807,-0.008552114,0.018325957,0.012217305
151.0,4.283227,-1.3599066,8.810662,-0.0061086523,0.021991149,0.018325957
161.0,4.175488,-1.3718776,8.815451,-0.010995574,0.02565634,0.02687807
171.0,4.185065,-1.2114661,8.808268,-0.039095376,0.02565634,0.042760566
181.0,4.1419687,-1.1372458,8.832211,-0.073303826,0.039095376,0.047647487
192.0,4.223372,-0.8283938,8.808268,-0.14294247,0.042760566,0.05497787
202.0,4.220978,-0.79248077,9.01417,-0.2761111,0.059864793,0.056199603
212.0,4.2401314,-1.0127473,9.217676,-0.41905355,0.09040806,0.056199603
222.0,4.321534,-1.1899183,9.334992,-0.54611355,0.105068825,0.05009095
231.0,4.309563,-1.4460979,9.722853,-0.65118235,0.12461651,0.064751714
242.0,4.5418005,-1.7286136,9.91439,-0.7134906,0.13072516,0.1001819
252.0,4.7141833,-1.8339585,9.801862,-0.7476991,0.13683382,0.13927728
261.0,5.0661306,-1.8555063,10.081984,-0.77824235,0.16615535,0.17104226
271.0,5.33907,-1.8028339,10.338163,-0.81000733,0.20158553,0.14660765
281.0,5.559336,-1.6903064,10.0269165,-0.8894198,0.20280726,0.07696902
292.0,5.7005944,-2.1021092,10.371682,-1.0115929,0.30787608,0.0720821
301.0,5.7389016,-2.542642,10.462662,-1.1398746,0.49113566,0.13194689
314.0,6.0645127,-3.0693667,10.180145,-1.1985176,0.50701815,0.15149458
321.0,5.9663506,-3.1364043,9.928755,-1.3121386,0.5864306,0.13072516
331.0,5.374983,-3.632004,10.675745,-1.5515977,0.9981538,0.18448131
342.0,4.9775453,-4.2042184,10.737994,-1.6896533,1.2999213,0.28221974
351.0,4.594473,-4.783615,10.529699,-1.6811012,1.3878858,0.35185838
362.0,4.209007,-5.0661306,10.2974615,-1.577254,1.486846,0.39095375
372.0,3.8355112,-5.2385135,10.338163,-1.3866642,1.6236799,0.42638394
381.0,3.5362358,-5.547365,10.163386,-1.1081096,1.7189748,0.49113566
392.0,3.3087866,-5.949591,10.275913,-0.8454375,1.8008307,0.5876524
402.0,3.229778,-6.1650696,10.3453455,-0.535118,1.8729129,0.66950834
413.0,3.0597897,-6.0621185,10.534488,-0.24678956,1.9388863,0.72692966
422.0,2.825158,-5.755661,11.027693,-0.030543262,2.01219,0.7819075
433.0,2.5378537,-5.604826,10.852917,0.06841691,2.094046,0.8539896
442.0,2.3056161,-5.475539,10.582372,0.09162979,2.1551325,0.9505063
452.0,1.9608512,-5.3606176,10.259154,0.11728613,2.2064452,1.0519099
462.0,1.4269443,-5.2863975,9.928755,0.15271631,2.2553146,1.1410962
472.0,1.0534488,-5.2169657,9.646238,0.16737708,2.2870796,1.2266175
482.0,0.6560113,-5.2145715,9.454702,0.20158553,2.3151793,1.3292428
493.0,0.33518824,-5.104438,9.406818,0.28099802,2.316401,1.4514158
502.0,0.2753332,-4.9583917,9.411607,0.38973203,2.2907448,1.5613716
513.0,0.11492168,-4.831499,8.760384,0.5375614,2.239432,1.6603317
522.0,0.107739076,-4.321534,8.39886,0.6805039,2.1514673,1.740966
532.0,-0.095768064,-4.000711,8.26239,0.77091193,2.090381,1.7837266
542.0,-0.4237737,-3.632004,7.8170686,0.8038987,2.0549507,1.8203784
553.0,-0.47405192,-3.1914709,7.553706,0.7367035,1.9792033,1.8802432
562.0,-0.7469909,-2.7964275,7.321469,0.6414085,1.9193386,1.9437732
572.0,-0.9600749,-2.3774424,7.165846,0.5729916,1.8594738,1.9804251
582.0,-1.1180922,-2.0566192,7.16824,0.5412266,1.7666223,1.9914207
592.0,-1.2569559,-1.8291701,7.065289,0.5448918,1.6578883,1.9804251
602.0,-1.3718776,-1.6232687,6.7348895,0.5363397,1.5332718,1.9706513
614.0,-1.436521,-1.4772224,6.706159,0.52290064,1.4110987,1.9498819
622.0,-1.5466543,-1.3814543,6.4140663,0.5143485,1.2901474,1.9022343
634.0,-1.685518,-1.1563994,6.1100025,0.48502702,1.1594223,1.844813
645.0,-1.8219875,-0.770933,6.1387334,0.44226643,1.0274754,1.7788396
654.0,-2.0350714,-0.46926352,6.289568,0.39461896,0.88697636,1.7055358
665.0,-2.099715,-0.581791,6.3542113,0.32375857,0.7501425,1.6420058
675.0,-2.1164744,-0.8714894,6.3422403,0.25534168,0.61208695,1.5943583
685.0,-2.1164744,-0.9624691,6.5864487,0.21746802,0.47036624,1.5467108
695.0,-2.243367,-1.0941502,6.6103907,0.23457226,0.3286455,1.4831808
704.0,-2.3774424,-1.1348516,6.505046,0.29443705,0.17959438,1.4049901
716.0,-2.4253263,-1.0199299,6.3063273,0.35796702,0.015882496,1.3243558
725.0,-2.5139117,-0.8810662,6.2009826,0.40439278,-0.13561209,1.2571607
736.0,-2.528277,-0.7422025,6.445191,0.41050145,-0.27366763,1.2034045
745.0,-2.4899697,-0.81402856,6.799533,0.35796702,-0.39461896,1.1655309
755.0,-2.4756045,-0.6751649,6.7803793,0.25289822,-0.49968776,1.142318
766.0,-2.5187001,-0.6943185,6.658275,0.14538592,-0.6047566,1.1117748
774.0,-2.6120741,-0.6536171,6.6175733,0.06963864,-0.7134906,1.0580186
784.0,-2.7222073,-0.545878,6.6726403,0.013439035,-0.8222246,0.99082345
796.0,-2.6719291,-0.49799395,6.727707,-0.013439035,-0.9297369,0.93584555
804.0,-2.6072857,-0.47165772,6.8330517,-0.0061086523,-1.0482447,0.89552844
815.0,-2.4779987,-0.47165772,7.0844426,0.02321288,-1.1569787,0.84421575
825.0,-2.3989902,-0.6895301,7.639898,0.089186326,-1.2522738,0.77946407
835.0,-2.1906946,-0.91458505,8.468291,0.18203785,-1.3219124,0.7171558
846.0,-1.9656396,-1.1372458,9.469068,0.2968805,-1.3903292,0.6731735
857.0,-1.7477672,-1.5586253,10.196905,0.44348818,-1.4416419,0.6414085
864.0,-1.8938135,-1.7429788,10.685322,0.625526,-1.459968,0.593761
875.0,-1.9081788,-1.472434,11.219229,0.77824235,-1.4697418,0.54367006
886.0,-2.1763294,-1.067814,11.137826,0.8894198,-1.4416419,0.51068336
896.0,-2.0757728,-0.3854665,9.921572,0.9627236,-1.4391985,0.4728097
904.0,-0.7134721,0.3878607,8.070854,0.99082345,-1.473407,0.4092797
916.0,0.49081135,3.028665,13.426683,0.3567453,-0.6426302,0.10995574
926.0,0.89064306,2.7126305,17.209522,0.3567453,-0.6426302,0.10995574
935.0,0.6799533,-0.18914193,17.02038,-0.3933972,0.06841691,0.25778514
944.0,-0.6488287,-2.5354595,16.02918,-0.77457714,0.6401868,0.40439278
955.0,-2.5881321,-2.8299465,14.176068,-0.6951646,1.0482447,0.34330627
964.0,-3.6008794,-0.6655881,9.744401,-0.12095132,0.81000733,-0.18692477
976.0,-2.552219,-0.093373865,8.829816,-0.105068825,0.7672467,-0.21502456
985.0,-1.5562311,-0.11971009,8.875306,-0.18692477,0.8185594,-0.058643065
994.0,-1.3503298,-0.7661445,9.713276,-0.35430184,0.9944886,0.10629055
1005.0,-1.7142484,-1.1827357,10.390836,-0.5571091,1.2767084,0.2003638
1017.0,-2.5713725,-1.5490485,10.187328,-0.5839872,1.4453071,0.22235495
1025.0,-3.098097,-1.508347,9.500193,-0.37018433,1.4001031,0.1966986
1036.0,-3.1962593,-1.2737153,8.504205,-0.10995574,1.219287,0.14538592
1047.0,-2.9376855,-1.0869676,7.465121,0.013439035,1.0323622,0.112399206
1056.0,-2.5833437,-0.9935937,6.849811,-0.0012217305,0.8918633,0.14049901
1075.0,-2.4468741,-0.7254431,6.423643,-0.042760566,0.7635816,0.21624629
1075.0,-2.4779987,-0.6392518,6.0980315,-0.057421334,0.62796944,0.28588495
1083.0,-2.5594015,-0.6464345,5.9807158,-0.052534413,0.48747048,0.3286455
1095.0,-2.707842,-0.51714754,5.9543796,-0.034208454,0.30787608,0.3494149
1104.0,-2.822764,-0.45729253,5.872977,-0.013439035,0.11728613,0.36285394
1115.0,-2.8921957,-0.33518824,5.7149596,0.009773844,-0.11362094,0.36896262
1124.0,-2.9161377,-0.10295067,5.580884,0.042760566,-0.36041048,0.3567453
1135.0,-2.767697,-0.04309563,5.485116,0.08307768,-0.6035349,0.32620203
1144.0,-2.5474305,-0.19632454,5.959168,0.14538592,-0.8381071,0.28710666
1155.0,-2.2720973,-0.59136784,6.835446,0.25534168,-1.0445796,0.22968534
1165.0,-1.8986019,-0.9624691,7.848193,0.38728857,-1.2156218,0.15760323
1175.0,-1.5610195,-1.2425907,8.844181,0.5510005,-1.3536774,0.09040806
1184.0,-1.2282255,-1.2425907,9.277532,0.7611381,-1.4709635,0.02443461
1195.0,-0.8283938,-0.79487497,9.97185,0.9492846,-1.5406022,-0.03176499
1204.0,-0.21787235,-0.5650316,9.497798,1.0482447,-1.5198327,-0.062308256
1217.0,1.3742718,0.02633622,14.769831,1.0812315,-1.3524556,-0.07819075
1226.0,0.9744401,-0.28491,19.203892,0.6988298,-0.7110472,-0.056199603
1235.0,-0.14844051,-2.8179753,18.29649,-0.23701571,0.14049901,0.14294247
1247.0,-2.0207062,-3.6272156,15.722723,-0.8026769,0.6621779,0.25900686
1256.0,-4.1683054,-2.4061728,13.053187,-0.70371675,0.88331115,0.095294975
1265.0,-4.9679685,-0.866701,10.611102,-0.4886922,0.79290307,-0.10751228
1276.0,-3.5913026,-0.260968,9.277532,-0.5326745,0.68661255,-0.1563815
1286.0,-2.018312,-0.7302315,9.088389,-0.59131753,0.7171558,-0.021991149
1296.0,-1.4748282,-1.3383588,9.749189,-0.52656585,0.86498517,0.15882497
1305.0,-1.9632454,-1.2761095,9.866506,-0.52412236,1.1081096,0.24312437
1316.0,-2.992752,-0.9959879,9.488221,-0.51068336,1.2437216,0.204029
1327.0,-3.5817258,-0.56982,8.50181,-0.44837508,1.2144,0.12217305
1337.0,-3.4883518,-0.2873042,7.654263,-0.42760566,1.0922271,0.07941248
1346.0,-3.0933087,-0.39983168,7.026982,-0.4654793,0.95417154,0.08307768
1356.0,-2.7581203,-0.6368576,6.789956,-0.49235737,0.8686504,0.112399206
1367.0,-2.7868507,-0.6607997,6.64391,-0.45937067,0.7892379,0.14172074
1375.0,-2.9831753,-0.6895301,6.6103907,-0.37018433,0.6963864,0.15271631
1386.0,-3.1986535,-0.50278234,6.315904,-0.25167647,0.5571091,0.13805555
1396.0,-3.3399115,-0.25139117,5.971139,-0.1600467,0.36774087,0.111177474
1407.0,-3.5314474,0.04070143,5.9041014,-0.13316862,0.16615535,0.087964594
1418.0,-3.4715924,0.107739076,5.9304376,-0.15027285,-0.018325957,0.07086037
1426.0,-3.3686419,-0.079008654,6.2009826,-0.17837265,-0.20525073,0.05497787
1435.0,-3.1292217,-0.33039984,6.5241995,-0.17837265,-0.38973203,0.034208454
1447.0,-2.9520507,-0.6919243,6.967127,-0.09407325,-0.5571091,0.002443461
1458.0,-2.705448,-1.0366893,7.264008,0.07941248,-0.7244862,-0.04520403
1466.0,-2.3343468,-1.4628572,7.9822683,0.28099802,-0.89675015,-0.10751228
1476.0,-2.1404164,-1.5801731,8.772355,0.4728097,-1.0140363,-0.17348573
1486.0,-2.0494366,-1.283292,9.610326,0.63529986,-1.0873401,-0.21746802
1497.0,-2.030283,-1.1947067,9.986216,0.74036866,-1.1410962,-0.2321288
1506.0,-2.1739352,-1.115698,9.935937,0.7696902,-1.1667526,-0.25289822
1518.0,-2.0494366,-1.0414777,6.399701,0.7318166,-1.1960741,-0.28588495
1526.0,-0.05746084,0.9816227,10.141838,0.82711154,-1.2986995,-0.3555236
1537.0,-0.49559975,1.9369092,13.785813,0.71837753,-0.8906415,-0.42394048
1547.0,-0.60573304,0.011971008,14.997279,-0.07696902,-0.25534168,-0.24678956
1556.0,-1.0726024,-3.2992098,14.369999,-0.81000733,0.18692477,0.007330383
1568.0,-2.4013844,-4.6016555,13.582306,-0.906524,0.55955255,0.09162979
1577.0,-3.8498764,-3.1555579,12.172121,-0.643852,0.5497787,-0.042760566
1586.0,-3.9671922,-1.2976574,10.5680065,-0.41538838,0.30543262,-0.267559
1596.0,-3.1531637,-0.5243302,9.138668,-0.30543262,0.15760323,-0.33841935
1606.0,-2.3798366,-0.7589619,8.190564,-0.17348573,0.09407325,-0.22602014
1619.0,-1.8962077,-1.0055647,7.8745294,-0.06352998,0.1001819,-0.09285152
1626.0,-2.030283,-1.1228806,7.666234,-0.07086037,0.15271631,-0.03176499
1637.0,-2.291251,-1.1228806,7.7548194,-0.13805555,0.19914207,-0.02321288
1647.0,-2.4037786,-1.0869676,8.070854,-0.15515977,0.2003638,-0.040317107
1658.0,-2.2625206,-1.2234371,8.324639,-0.1160644,0.12950343,-0.052534413
1666.0,-2.123657,-1.2545617,8.66701,-0.05009095,0.05131268,-0.043982297
1676.0,-2.0039468,-1.2066777,9.050082,0.0061086523,0.0061086523,-0.037873644
1687.0,-1.9536686,-1.2521675,9.277532,0.04886922,-0.012217305,-0.042760566
1698.0,-1.9847932,-1.1300632,9.557653,0.058643065,-0.018325957,-0.04520403
1706.0,-2.042254,-1.0749966,9.701305,0.04642576,-0.0061086523,-0.03176499
1717.0,-2.087744,-1.1061212,9.775525,-0.009773844,0.012217305,-0.042760566
1727.0,-2.1284454,-1.0199299,9.813833,-0.009773844,0.012217305,-0.042760566
1737.0,-2.195483,-0.9888053,9.526528,-0.057421334,0.014660766,-0.04153884
1747.0,-2.2361844,-0.9792285,9.397242,-0.07452556,0.019547688,-0.03176499
1757.0,-2.3127987,-1.1013328,9.301474,-0.07452556,0.021991149,-0.032986723
1768.0,-2.315193,-1.283292,9.172187,-0.047647487,0.007330383,-0.037873644
1777.0,-2.3558946,-1.2162545,9.160215,0.002443461,-0.018325957,-0.042760566
1786.0,-2.255338,-1.2018893,9.057265,0.039095376,-0.039095376,-0.04886922
1796.0,-2.1787236,-1.1994951,9.078813,0.05131268,-0.058643065,-0.04520403
1807.0,-2.219425,-1.2282255,9.052477,0.04153884,-0.058643065,-0.034208454
1819.0,-2.267309,-1.2545617,9.157822,0.017104227,-0.047647487,-0.02565634
1827.0,-2.3080103,-1.3814543,9.344569,-0.0012217305,-0.042760566,-0.014660766
1836.0,-2.303222,-1.4556746,9.392453,-0.007330383,-0.043982297,0.002443461
1847.0,-2.3056161,-1.3742718,9.476251,-0.010995574,-0.059864793,0.015882496
1857.0,-2.255338,-1.2473791,9.519346,-0.007330383,-0.06719518,0.02443461
1866.0,-2.3582888,-1.0773908,9.643845,-0.009773844,-0.05375614,0.029321533
1877.0,-2.3702598,-1.1444284,9.634268,-0.008552114,-0.040317107,0.04153884
1886.0,-2.3223755,-1.1947067,9.514558,-0.002443461,-0.028099801,0.052534413
1899.0,-2.3918076,-1.0654198,9.442732,0.0012217305,-0.02565634,0.05009095
1910.0,-2.267309,-1.0271125,9.423578,0.014660766,-0.03176499,0.04153884
1918.0,-2.171541,-0.9816227,9.406818,0.013439035,-0.02321288,0.02565634
1927.0,-2.2050598,-1.0199299,9.476251,0.0061086523,-0.010995574,0.014660766
1939.0,-2.1930888,-1.1444284,9.3182335,-0.0061086523,-0.008552114,0.018325957
1946.0,-2.1667526,-1.1444284,9.217676,-0.018325957,-0.0012217305,0.017104227
1955.0,-2.147599,-1.1468226,9.227253,-0.014660766,0.009773844,0.0036651916
1966.0,-2.2122424,-1.1683705,9.208099,0.002443461,0.02076942,-0.004886922
1976.0,-2.2361844,-1.1540052,9.121908,0.008552114,0.014660766,-0.004886922
1986.0,-2.27928,-1.2306197,9.172187,0.0012217305,0.02321288,0.0061086523
1997.0,-2.1547816,-1.13964,9.246407,0.004886922,0.004886922,0.0061086523
2006.0,-2.1978772,-1.2808979,9.220071,0.0012217305,-0.002443461,0.0036651916
2017.0,-2.1906946,-1.2641385,9.334992,0.007330383,-0.0012217305,0.014660766
2026.0,-2.1859062,-1.30484,9.363723,0.015882496,-0.002443461,0.02565634
2037.0,-2.1763294,-1.2880806,9.504981,0.015882496,0.0012217305,0.02321288
2045.0,-2.1643584,-1.2521675,9.500193,0.012217305,0.004886922,0.021991149
2069.0,-2.2002714,-1.271321,9.478644,0.010995574,0.004886922,0.028099801
2069.0,-2.267309,-1.1468226,9.41879,0.004886922,0.014660766,0.028099801
2075.0,-2.303222,-1.0773908,9.32781,-0.007330383,0.017104227,0.014660766
2084.0,-2.2170308,-1.2306197,9.255983,-0.013439035,0.03176499,0.013439035
2095.0,-2.3319526,-1.2210429,9.23683,-0.013439035,0.036651913,0.028099801
2105.0,-2.3199813,-1.0845734,9.248801,-0.008552114,0.029321533,0.037873644
2116.0,-2.207454,-1.0869676,9.203311,0.004886922,0.013439035,0.02565634
2125.0,-2.2290018,-1.1061212,9.196129,0.014660766,0.015882496,0.019547688
2134.0,-2.2457612,-1.2761095,9.179369,0.02443461,0.012217305,0.028099801
2146.0,-2.2481554,-1.1133038,9.153033,0.03176499,-0.0012217305,0.034208454
2155.0,-2.1930888,-0.9504981,9.203311,0.04153884,-0.007330383,0.02687807
2165.0,-2.2026656,-1.0366893,9.277532,0.057421334,-0.02321288,0.02443461
2177.0,-2.1188686,-1.1300632,9.394848,0.061086524,-0.02076942,0.02076942
2186.0,-2.1452048,-0.9911995,9.394848,0.05131268,-0.009773844,0.014660766
2196.0,-2.1859062,-1.0534488,9.385271,0.043982297,-0.010995574,0.010995574
2207.0,-2.1883004,-1.0989386,9.361329,0.035430185,-0.012217305,0.014660766
2217.0,-2.1763294,-0.9983821,9.26556,0.015882496,-0.014660766,0.012217305
2227.0,-2.1571758,-1.0079589,9.251195,-0.012217305,-0.008552114,0.007330383
2238.0,-2.2170308,-1.0749966,9.299079,-0.009773844,-0.002443461,0.009773844
2247.0,-2.2170308,-1.1348516,9.258378,0.0012217305,-0.010995574,0.0036651916
2257.0,-2.1739352,-1.2234371,9.325416,0.007330383,-0.004886922,-0.004886922
2268.0,-2.1978772,-1.1851299,9.363723,0.015882496,-0.009773844,-0.004886922
2278.0,-2.195483,-1.1204864,9.337387,0.028099801,-0.02687807,-0.0061086523
2288.0,-2.2122424,-1.1324574,9.411607,0.039095376,-0.021991149,-0.009773844
2299.0,-2.2290018,-1.151611,9.416395,0.035430185,-0.02321288,-0.017104227
2307.0,-2.2888567,-1.0941502,9.406818,0.015882496,-0.018325957,-0.013439035
2320.0,-2.243367,-1.1540052,9.445126,-0.0036651916,-0.010995574,-0.008552114
2329.0,-2.2146366,-1.1468226,9.40203,-0.012217305,-0.0061086523,-0.004886922
2338.0,-2.3415294,-1.1707647,9.284714,-0.010995574,-0.008552114,-0.002443461
2348.0,-2.2601264,-1.1109096,9.313444,-0.009773844,-0.012217305,0.002443461
2360.0,-2.1978772,-1.1755531,9.299079,-0.010995574,-0.010995574,0.0012217305
2367.0,-2.1332338,-1.1851299,9.296685,-0.009773844,-0.009773844,0.002443461
2378.0,-2.15957,-1.1994951,9.301474,-0.012217305,-0.013439035,0.008552114
2387.0,-2.1619642,-1.1971009,9.244013,-0.012217305,-0.0036651916,0.008552114
2397.0,-2.2170308,-1.0989386,9.239224,-0.019547688,-0.0012217305,0.0
2407.0,-2.1906946,-1.0893618,9.294291,-0.02687807,0.008552114,-0.002443461
2419.0,-2.2050598,-1.115698,9.370906,-0.028099801,0.02321288,-0.009773844
2428.0,-2.1571758,-1.1180922,9.40203,-0.029321533,0.017104227,-0.017104227
2438.0,-2.195483,-1.1540052,9.370906,-0.029321533,0.015882496,-0.02565634
2448.0,-2.231396,-1.1659763,9.41879,-0.034208454,0.035430185,-0.029321533
2458.0,-2.1930888,-1.1444284,9.392453,-0.040317107,0.037873644,-0.021991149
2468.0,-2.171541,-1.2330139,9.289502,-0.05131268,0.03176499,-0.02321288
2479.0,-2.255338,-1.2641385,9.26556,-0.04642576,0.037873644,-0.017104227
2487.0,-2.2505496,-1.3503298,9.241618,-0.04520403,0.04642576,-0.0061086523
2498.0,-2.315193,-1.2593501,9.148245,-0.030543262,0.04886922,-0.0061086523
2508.0,-2.303222,-1.1779473,9.100361,-0.002443461,0.037873644,-0.013439035
2520.0,-2.243367,-1.2042835,9.093178,0.02565634,0.013439035,-0.0036651916
2528.0,-2.171541,-1.2186487,9.100361,0.02565634,0.013439035,-0.0036651916
2539.0,-2.1787236,-1.1348516,9.155427,0.009773844,0.014660766,0.0012217305
2548.0,-2.2457612,-1.1731589,9.174581,0.0012217305,0.021991149,0.002443461
2557.0,-2.2888567,-1.1228806,9.303867,0.0,0.012217305,0.010995574
2568.0,-2.2649148,-1.0821792,9.3661175,0.0061086523,0.0061086523,0.010995574
2578.0,-2.3247697,-1.0702082,9.406818,0.010995574,0.0,0.008552114
2587.0,-2.2505496,-1.1252748,9.516952,0.015882496,0.002443461,0.013439035
2598.0,-2.2936451,-1.1468226,9.466674,0.014660766,0.0061086523,0.018325957
2607.0,-2.303222,-1.0702082,9.425972,0.012217305,0.004886922,0.014660766
2617.0,-2.291251,-1.0606314,9.421184,0.015882496,0.0061086523,0.009773844
2627.0,-2.303222,-1.0127473,9.423578,0.018325957,-0.009773844,0.017104227
2638.0,-2.2720973,-0.9864111,9.339781,0.008552114,-0.002443461,0.018325957
2646.0,-2.2984335,-1.0151415,9.325416,0.002443461,-0.0036651916,0.013439035
2658.0,-2.3199813,-1.1013328,9.423578,-0.004886922,0.0,0.012217305
2668.0,-2.3080103,-1.1947067,9.399636,-0.0061086523,0.013439035,0.019547688
2677.0,-2.2768857,-1.1348516,9.41879,0.009773844,0.004886922,0.028099801
2690.0,-2.2481554,-1.0821792,9.425972,0.040317107,-0.009773844,0.02687807
2697.0,-2.2529438,-1.067814,9.404425,0.05009095,0.0012217305,0.018325957
2708.0,-2.267309,-1.0414777,9.351752,0.04886922,-0.007330383,0.018325957
2719.0,-2.2337902,-1.0247183,9.272743,0.036651913,0.002443461,0.02443461
2727.0,-2.2649148,-1.0247183,9.174581,0.02443461,0.008552114,0.021991149
2737.0,-2.3319526,-1.115698,9.227253,0.019547688,0.0061086523,0.012217305
2747.0,-2.2290018,-1.1444284,9.241618,0.02076942,0.004886922,0.009773844
2758.0,-2.3247697,-1.1444284,9.32781,0.030543262,-0.004886922,0.012217305
2768.0,-2.183512,-1.2306197,9.315839,0.04520403,-0.008552114,0.015882496
2780.0,-2.2050598,-1.1563994,9.330204,0.057421334,-0.008552114,0.015882496
2788.0,-2.1978772,-1.1492168,9.315839,0.065973446,-0.009773844,0.013439035
2798.0,-2.1787236,-1.1683705,9.313444,0.062308256,-0.007330383,0.009773844
2810.0,-2.2577322,-1.0893618,9.184157,0.05009095,0.0,0.0061086523
2821.0,-2.1930888,-1.0726024,9.186552,0.035430185,0.0,0.0012217305
2828.0,-2.2409728,-1.055843,9.260772,0.018325957,-0.002443461,0.0
2840.0,-2.267309,-1.1061212,9.212888,0.0036651916,0.007330383,0.0
2849.0,-2.2098482,-1.0654198,9.279925,-0.002443461,0.0061086523,-0.0036651916
2858.0,-2.2457612,-1.1659763,9.25359,-0.002443461,0.009773844,-0.007330383
2870.0,-2.2361844,-1.2306197,9.224859,0.0012217305,0.014660766,-0.010995574
2879.0,-2.3199813,-1.1827357,9.246407,0.0036651916,0.019547688,-0.013439035
2889.0,-2.2936451,-1.1348516,9.241618,0.008552114,0.015882496,-0.014660766
2899.0,-2.3008277,-1.1731589,9.287108,0.009773844,0.013439035,-0.017104227
2910.0,-2.2888567,-1.2138603,9.308656,0.0061086523,0.014660766,-0.014660766
2920.0,-2.2864625,-1.1779473,9.315839,0.007330383,0.019547688,-0.009773844
2929.0,-2.3199813,-1.1348516,9.26556,0.015882496,0.014660766,-0.0036651916
2938.0,-2.27928,-1.0821792,9.289502,0.021991149,-0.0012217305,-0.0036651916
2949.0,-2.243367,-0.9888053,9.19134,0.02076942,-0.004886922,-0.0061086523
2964.0,-2.207454,-1.0079589,9.308656,0.012217305,-0.002443461,-0.0061086523
2968.0,-2.1930888,-1.0271125,9.320627,0.0012217305,0.0036651916,-0.0036651916
2982.0,-2.2744915,-0.9888053,9.287108,-0.009773844,0.009773844,-0.0012217305
2988.0,-2.207454,-0.9983821,9.32781,-0.013439035,0.017104227,0.0012217305
2999.0,-2.243367,-1.0654198,9.287108,-0.010995574,0.015882496,0.002443461
3009.0,-2.2026656,-1.067814,9.313444,-0.009773844,0.009773844,0.004886922
