13.0,1.5107412,1.3239936,9.6845455,-0.39706242,1.5015068,0.14538592
28.0,1.5107412,1.3239936,9.6845455,-0.39706242,1.5015068,0.14538592
42.0,1.472434,1.4053963,9.303867,0.15515977,0.12461651,-0.056199603
42.0,1.3215994,1.388637,9.246407,-0.039095376,-0.2443461,-0.26145032
52.0,1.2042835,1.2425907,9.100361,-0.19181168,-0.3567453,-0.42638394
62.0,1.1875241,0.9648633,9.045294,-0.23701571,0.48380527,-0.14782938
74.0,1.0271125,0.7206547,8.899248,-0.43371433,0.55955255,-0.19303341
82.0,0.9768343,0.6847417,8.796297,-0.5522222,0.4202753,-0.2883284
92.0,0.8499416,0.63206923,8.722076,-0.50946164,0.27366763,-0.34208453
102.0,1.0199299,0.6775591,8.734048,-0.43860126,0.26511553,-0.33353242
112.0,1.055843,0.6344634,8.544906,-0.39950588,0.2602286,-0.34697145
122.0,1.2808979,0.49320555,8.470686,-0.37140608,0.23823744,-0.37873647
133.0,1.3862427,0.4237737,8.415619,-0.36651915,0.22235495,-0.42760566
143.0,1.4269443,0.50757074,8.240842,-0.40561453,0.20769419,-0.4801401
153.0,1.4293385,0.48602295,8.214506,-0.49602258,0.20525073,-0.54611355
162.0,1.3192052,0.49799395,8.046912,-0.60231316,0.21380283,-0.6243043
174.0,1.2186487,0.50996494,7.941567,-0.75747293,0.18936823,-0.7501425
182.0,1.2018893,0.58657944,7.7907324,-0.75747293,0.18936823,-0.7501425
196.0,1.1085154,0.61770403,7.7213006,-0.8002335,0.15393804,-0.7733554
202.0,1.1731589,0.6727707,7.714118,-0.8038987,0.1001819,-0.81000733
213.0,1.0366893,0.7206547,7.620744,-0.79290307,0.040317107,-0.86254174
222.0,0.8379706,0.59376204,7.7069354,-0.79412484,-0.019547688,-0.9016371
233.0,0.557849,0.59136784,7.5920134,-0.8026769,-0.096516706,-0.93584555
242.0,0.47165772,0.50517654,7.5561004,-0.8393288,-0.18081611,-0.9896017
254.0,0.4333505,0.38307226,7.465121,-0.94806284,-0.3726278,-1.1496484
263.0,0.581791,0.5554548,7.4507556,-1.0103711,-0.46792278,-1.2290609
275.0,0.6823475,0.533907,7.469909,-1.0922271,-0.59131753,-1.3048081
283.0,0.80684596,0.37828386,7.5920134,-1.1863003,-0.6780604,-1.3842206
293.0,0.9576807,0.24899697,7.4627266,-1.2522738,-0.7611381,-1.459968
303.0,0.91219085,0.4405331,7.393295,-1.3072516,-0.8881981,-1.5259414
314.0,1.0726024,0.4429273,8.401254,-1.4343116,-1.0103711,-1.577254
323.0,1.5346833,-0.51475334,9.229648,-1.6420058,-1.0690142,-1.5882497
333.0,2.0829554,-1.8171991,9.77792,-1.8472565,-1.0677924,-1.5552629
343.0,2.1739352,-2.6623523,9.809045,-1.9914207,-1.0543534,-1.5088371
354.0,1.6448165,-2.8993783,9.854534,-2.0476203,-1.0482447,-1.4648548
363.0,1.1540052,-2.554613,9.730036,-1.9950858,-1.0543534,-1.459968
375.0,1.1013328,-2.2170308,9.859323,-1.8826867,-1.0641272,-1.4953982
383.0,-4.1299977,0.39743748,21.155167,-2.2088888,-0.6585127,-1.2131784
393.0,-3.3063924,-1.6376339,19.905394,-3.7531562,1.3817772,-0.41783184
402.0,5.106832,-8.628703,18.430565,-4.315152,0.65484756,-0.73792523
413.0,2.7222073,-12.904747,15.533581,-4.01705,0.8344419,-0.49235737
423.0,-2.8060043,-10.206482,13.460202,-3.2607987,1.1166617,-0.2406809
436.0,-2.4756045,-6.5026517,11.386824,-2.3359487,0.9224065,-0.17470746
443.0,0.062249243,-5.3103395,10.230424,-1.6175711,0.59131753,-0.17470746
452.0,0.6536171,-5.722142,10.3692875,-1.2315043,0.36896262,-0.14172074
463.0,0.29448682,-6.9719152,11.370064,-1.0384709,0.28710666,-0.059864793
474.0,0.4213795,-7.417237,12.081141,-0.8735373,0.17715092,-0.052534413
483.0,0.22026655,-7.807492,12.270284,-0.5571091,0.036651913,-0.07574729
494.0,-0.20350714,-7.8529816,12.6222315,-0.12461651,0.0012217305,-0.22602014
503.0,0.23223756,-5.8921304,12.595895,0.3481932,-0.04520403,-0.43004912
513.0,-1.5298948,-4.915296,13.804967,1.1044444,0.204029,-0.44715336
522.0,0.60333884,-4.5202527,12.864046,0.43371433,0.89552844,0.5143485
533.0,2.6240451,-5.695806,11.446678,-0.8979719,1.1398746,1.3976597
543.0,1.4676456,-7.2185183,10.503363,-1.4306464,1.4245378,1.4453071
556.0,-0.25617957,-7.4363904,9.82341,-1.4269812,1.5100589,1.2009611
563.0,-1.1300632,-7.0844426,9.064447,-1.2803736,1.3927728,1.3744467
575.0,-0.9888053,-6.5218053,8.655039,-1.1997393,1.2791518,1.8216002
585.0,-0.866701,-6.2847795,8.23366,-1.1643091,1.205848,2.0830505
594.0,-1.0223241,-5.9064956,7.97748,-1.128879,1.1386528,2.130698
605.0,-1.2785037,-5.6120086,7.654263,-1.0079277,1.0445796,2.1868975
616.0,-1.5298948,-5.434838,6.9647326,-0.78801614,0.893085,2.2944098
625.0,-1.3335704,-4.9559975,6.2608376,-0.54000485,0.7110472,2.3603833
635.0,-0.9983821,-4.4125137,5.6790466,-0.3115413,0.5143485,2.379931
644.0,-0.59376204,-3.8738184,5.1020436,-0.12217305,0.31398472,2.398257
654.0,-0.33758244,-3.2225955,4.642357,0.04886922,0.10629055,2.4226916
664.0,-0.1604115,-2.6120741,4.2904096,0.20769419,-0.11484267,2.420248
678.0,-0.22505496,-2.1188686,3.9360676,0.3640757,-0.32253686,2.3835962
684.0,-0.110133275,-2.0111294,3.6774938,0.49235737,-0.535118,2.3286183
695.0,-0.05746084,-1.9249382,3.4093432,0.5338962,-0.75747293,2.2724187
705.0,0.0047884034,-1.7429788,3.3638535,0.5009095,-0.99082345,2.2088888
715.0,0.10295067,-1.3958195,3.4739866,0.45204028,-1.2559389,2.1135938
726.0,0.21547815,-1.1755531,3.41892,0.40561453,-1.5088371,1.9840903
737.0,0.30645782,-1.3503298,3.6104562,0.39950588,-1.7580702,1.8619173
745.0,0.6584055,-1.8076223,3.9983168,0.4886922,-1.9938642,1.7507398
756.0,0.9528923,-2.2050598,4.8602295,0.6585127,-2.189341,1.6334536
765.0,1.0821792,-2.291251,5.8466406,0.8258898,-2.3371704,1.5100589
777.0,1.2665327,-2.135628,6.897695,0.956615,-2.4324653,1.378112
786.0,1.400608,-2.207454,8.671799,1.0555751,-2.4678955,1.2290609
798.0,0.9768343,-2.2697031,9.873688,1.1325442,-2.4226916,1.0824533
806.0,0.80205756,-2.0901382,10.599131,1.1777482,-2.3860397,0.97127575
816.0,0.90979666,-1.7788919,10.927136,1.2889256,-2.3200662,0.86132
828.0,1.7549498,-1.6448165,11.602302,1.500285,-2.2088888,0.7147123
837.0,3.6128504,-1.4532804,13.069947,1.7373008,-1.9278907,0.51923543
846.0,5.674258,-2.693477,15.789761,1.8264871,-1.3952162,0.27366763
858.0,6.2608376,-5.533,19.261353,1.6627752,-0.6817256,0.1001819
867.0,5.628768,-7.5944076,20.077776,1.1496484,0.057421334,0.18936823
880.0,4.295198,-6.799533,18.983625,0.22724187,0.68416905,0.44104472
885.0,2.3774424,-4.7979803,17.142485,-0.6621779,1.1911873,0.5314528
898.0,0.79966336,-3.608062,15.337256,-1.2156218,1.6187929,0.3885103
905.0,-0.38067806,-3.6750996,13.278243,-1.6884315,2.008525,0.22968534
918.0,-0.9624691,-4.8817773,12.023681,-2.057394,2.356718,0.25411993
925.0,-1.448492,-5.875371,10.350134,-2.058616,2.5717428,0.40683624
934.0,-1.400608,-5.542577,9.093178,-1.6334536,2.5534167,0.5180137
944.0,-1.2689269,-3.691859,6.8665705,-1.0262536,2.39337,0.516792
955.0,-1.2234371,-1.5753847,5.221754,-0.54244834,2.1930063,0.44837508
963.0,-1.532289,0.110133275,3.7588966,-0.28221974,1.9633209,0.38606682
975.0,-1.9081788,0.47165772,2.9712043,-0.2003638,1.6945401,0.39095375
983.0,-1.8962077,-0.2633622,2.3415294,-0.22968534,1.3475688,0.5131268
994.0,-1.6687586,-0.91219085,1.7717092,-0.3005457,0.92485,0.6450737
1005.0,-1.4939818,-1.1683705,1.5945383,-0.28588495,0.47891834,0.6621779
1015.0,-1.4173675,-0.7206547,1.4820108,-0.096516706,0.021991149,0.56199604
1024.0,-1.3934253,-0.18195933,1.3718776,0.25900686,-0.44104472,0.45814893
1035.0,-1.1468226,-0.18674773,1.5921441,0.6291912,-0.91751957,0.41172317
1051.0,-0.82360536,-0.60094464,1.9656396,0.77946407,-1.3292428,0.39828414
1054.0,-0.51235914,-0.8714894,2.4779987,0.6743952,-1.6676621,0.34574974
1064.0,-0.01436521,-1.388637,3.2800562,0.43493605,-1.9755383,0.24556783
1074.0,0.21547815,-2.1428106,4.402937,0.064751714,-2.4092526,0.052534413
1084.0,0.016759412,-3.4691982,7.311892,0.09162979,-2.5485299,-0.040317107
1095.0,-0.17717093,-3.8498764,9.660604,0.3115413,-2.6132815,-0.1282817
1103.0,0.23702596,-3.9240966,11.432313,0.6291912,-2.605951,-0.17348573
1114.0,1.7501614,-4.4723687,12.691663,0.86009824,-2.4874432,-0.18325958
1124.0,2.9855695,-5.305551,14.54717,0.893085,-2.1563544,-0.18936823
1136.0,3.6128504,-6.117185,14.901511,0.6927212,-1.7067575,-0.17104226
1145.0,4.1539397,-6.5625067,15.227123,0.47647488,-1.3011429,-0.12217305
1157.0,4.1946416,-5.9759274,14.4370365,0.5045747,-0.88453287,-0.06963864
1166.0,3.0262709,-5.4899044,16.158466,0.6462954,-0.49235737,-0.05131268
1177.0,0.9768343,-3.9815574,16.7642,0.3555236,-0.1160644,-0.0842994
1186.0,0.15562311,-3.4715924,14.506468,-0.6133087,0.2724459,-0.09162979
1197.0,0.24660277,-4.5681367,12.473791,-1.6187929,0.69027776,-0.061086524
1206.0,-0.17238252,-5.2145715,11.228806,-2.0561724,0.99204516,-0.04520403
1217.0,-0.7038953,-4.5154643,10.117896,-1.9193386,1.102001,-0.10751228
1226.0,-0.8882488,-3.608062,9.392453,-1.4355333,1.0445796,-0.17837265
1238.0,-0.9935937,-2.870648,8.604761,-0.9016371,0.95294976,-0.20647246
1246.0,-1.0079589,-2.5713725,8.11395,-0.5656612,0.8772025,-0.19547687
1256.0,-0.8355764,-2.2481554,7.5082164,-0.43371433,0.7501425,-0.16126843
1265.0,-0.7278373,-1.9297266,7.038953,-0.39095375,0.5693264,-0.13194689
1280.0,-0.79966336,-1.5873557,6.483498,-0.32742378,0.3848451,-0.09896017
1285.0,-0.6991069,-1.283292,5.865794,-0.18570304,0.14294247,-0.0720821
1294.0,-0.6512229,-1.115698,5.899313,0.02565634,-0.118507855,-0.061086524
1306.0,-0.4237737,-1.3192052,6.2632318,0.2406809,-0.3885103,-0.04520403
1316.0,-0.15322891,-1.5658079,7.1251445,0.3726278,-0.61941737,-0.02565634
1325.0,-0.095768064,-1.9297266,7.905654,0.38240165,-0.79901177,-0.028099801
1337.0,0.1364695,-2.96881,9.500193,0.34208453,-0.9077458,-0.03176499
1345.0,0.1604115,-4.453215,11.358093,0.4129449,-0.9468411,-0.008552114
1355.0,-0.29927522,-5.020641,11.540052,0.5338962,-0.94806284,0.058643065
1364.0,-0.45489833,-4.1922474,10.058042,0.5155703,-1.001819,0.15515977
1376.0,0.9552865,-3.8426938,8.913613,0.44593164,-1.0140363,0.19181168
1384.0,2.8179753,-3.8379054,8.171411,0.5155703,-0.81122905,0.065973446
1396.0,4.7500963,-5.719748,12.653356,0.77824235,-0.44226643,-0.172264
1404.0,4.6040497,-7.297527,16.01721,0.99082345,-0.103847094,-0.25289822
1415.0,2.8107927,-6.6486983,16.048334,0.57543504,0.23090707,0.036651913
1426.0,1.7669208,-5.511452,13.43626,-0.3200934,0.53023106,0.35796702
1437.0,0.6440403,-4.9919105,11.365275,-0.7806858,0.7623598,0.37751472
1445.0,-0.60333884,-4.3167458,10.244789,-0.79168135,0.9896017,0.21746802
1458.0,-1.0702082,-3.8043866,9.23683,-0.8136725,1.0922271,0.10995574
1466.0,-1.0414777,-3.5697548,8.576031,-0.8723156,1.1386528,0.119729586
1477.0,-0.7015011,-3.2848446,7.9702973,-0.829555,1.1313224,0.111177474
1486.0,-0.6679823,-2.7940333,7.228095,-0.6731735,1.0458013,0.008552114
1497.0,-0.8762778,-2.1691468,6.4978633,-0.4972443,0.9309586,-0.073303826
1507.0,-0.7398083,-1.4508862,5.815516,-0.3933972,0.7440339,-0.05009095
1519.0,-0.61291564,-0.91697925,5.341464,-0.2773328,0.52290064,0.04642576
1527.0,-0.50517654,-0.82121116,4.853047,-0.058643065,0.25045475,0.14294247
1537.0,-0.50757074,-0.7206547,4.570531,0.20525073,-0.030543262,0.16737708
1547.0,-0.6464345,-0.8403648,4.795586,0.45570546,-0.3042109,0.096516706
1560.0,-0.5626374,-0.7398083,5.1355624,0.59620446,-0.56688297,-0.019547688
1567.0,-0.4165911,-0.91219085,5.5162406,0.58032197,-0.8026769,-0.11484267
1579.0,-0.272939,-1.5921441,6.5816603,0.5009095,-1.0360274,-0.16371189
1588.0,-0.33518824,-2.6623523,7.8027034,0.41905355,-1.187522,-0.17104226
1597.0,-0.19632454,-3.6703112,9.059659,0.34697145,-1.3377949,-0.15149458
1606.0,0.41180268,-4.596867,10.228029,0.34574974,-1.4330899,-0.13927728
1616.0,1.1204864,-5.106832,10.04607,0.44959682,-1.4184291,-0.12217305
1627.0,2.4157495,-4.783615,10.402806,0.59498274,-1.3524556,-0.095294975
1639.0,4.548983,-4.4675803,11.420342,0.73426,-1.128879,-0.09407325
1645.0,5.6670756,-7.1395097,17.386692,0.92485,-0.6462954,-0.16493362
1657.0,4.6351743,-9.255983,18.516756,0.7171558,-0.13439035,-0.18448131
1666.0,3.490746,-8.911219,16.594212,-0.18325958,0.36774087,0.1600467
1678.0,1.9321208,-7.017405,13.860034,-0.8417723,0.7134906,0.46914452
1686.0,0.45010993,-5.046977,11.918336,-0.73426,0.91996306,0.39706242
1698.0,-0.7134721,-4.1706996,10.505757,-0.535118,1.1142182,0.16126843
1707.0,-0.9672575,-4.3143516,9.679757,-0.64996064,1.2889256,0.09773844
1718.0,-0.8355764,-4.510676,9.090784,-0.87964594,1.3854424,0.22113322
1727.0,-0.6631939,-3.8067808,8.403648,-0.9639453,1.4074335,0.2761111
1738.0,-0.7254431,-2.540248,7.441179,-0.7819075,1.3500122,0.18325958
1746.0,-0.8643068,-1.2473791,6.421249,-0.47403142,1.2241739,0.10140363
1757.0,-1.0127473,-0.33279404,5.449203,-0.24312437,1.0531317,0.119729586
1765.0,-0.90740246,-0.14604631,4.6830587,-0.12461651,0.8503244,0.17837265
1778.0,-0.7086837,-0.2681506,4.3478703,-0.089186326,0.61086524,0.18081611
1785.0,-0.59615624,-0.31603462,3.9576154,-0.09407325,0.3640757,0.13072516
1795.0,-0.6871359,-0.25378537,3.7972038,-0.058643065,0.087964594,0.05375614
1805.0,-0.7733272,-0.047884032,4.0318356,0.05131268,-0.21380283,-0.05497787
1816.0,-0.60812724,-0.045489833,4.4436383,0.18936823,-0.50946164,-0.15515977
1824.0,-0.36870706,-0.320823,4.8602295,0.31398472,-0.7892379,-0.22113322
1837.0,0.08379706,-0.92895025,5.9998693,0.36774087,-1.0519099,-0.29810223
1845.0,0.5482722,-2.0853498,7.359776,0.33964106,-1.251052,-0.38973203
1855.0,0.80924016,-3.787627,9.045294,0.28344148,-1.3451253,-0.453262
1865.0,0.8834604,-5.1882353,10.144233,0.2724459,-1.3891076,-0.46670106
1879.0,1.127669,-5.7867856,10.529699,0.5888741,-1.3976597,-0.32742378
1884.0,3.1004913,-4.76925,11.456255,0.6951646,-1.2363913,-0.27366763
1896.0,4.9224787,-5.351041,13.292608,0.5558874,-0.86376345,-0.312763
1905.0,5.2528787,-8.774749,17.04911,0.34697145,-0.31031954,-0.35430184
1915.0,3.347094,-10.658986,17.793707,-0.11484267,0.15882497,-0.21380283
1925.0,1.6376339,-9.593566,15.442601,-0.86009824,0.5338962,0.1966986
1937.0,0.2705448,-7.536947,12.933477,-1.1545353,0.72204274,0.45448375
1946.0,-0.6344634,-5.614403,11.542446,-0.84299403,0.8979719,0.35308012
1955.0,-0.8595184,-4.24492,10.4171715,-0.5852089,1.0751228,0.12339478
1967.0,-0.6991069,-4.0462008,10.000581,-0.65484756,1.2180653,0.058643065
1976.0,-0.48602295,-4.745308,9.588778,-0.8772025,1.3365731,0.18448131
1985.0,-0.31603462,-4.7524905,9.002198,-0.9969321,1.3671165,0.3042109
1997.0,-0.33997664,-4.0342298,8.317456,-0.8564331,1.3439035,0.32742378
2006.0,-0.39504328,-2.6312277,7.457938,-0.5143485,1.2412782,0.3042109
2015.0,-0.35434186,-1.3694834,6.5241995,-0.172264,1.0934488,0.28344148
2026.0,-0.40462008,-0.545878,5.6910176,0.052534413,0.9443977,0.27488935
2038.0,-0.47644615,-0.49320555,5.104438,0.14660765,0.78801614,0.26511553
2057.0,-0.5770026,-0.878672,4.5872903,0.13927728,0.61453044,0.24556783
2057.0,-0.63206923,-1.0055647,4.209007,0.081855945,0.41050145,0.19058995
2067.0,-0.90021986,-0.6847417,4.1156325,0.030543262,0.17837265,0.08674286
2079.0,-0.9672575,-0.272939,3.9600096,0.015882496,-0.095294975,-0.039095376
2086.0,-0.878672,-0.33758244,4.2281604,0.047647487,-0.37751472,-0.13683382
2097.0,-0.7493851,-0.61770403,4.879383,0.09773844,-0.6536258,-0.20280726
2107.0,-0.34955344,-1.4101849,5.925649,0.1600467,-0.90041536,-0.267559
2119.0,-0.031124622,-2.6168625,7.606379,0.23457226,-1.0934488,-0.34697145
2127.0,0.22505496,-3.7948096,9.251195,0.31764993,-1.2082914,-0.4288274
2137.0,0.35913026,-4.7141833,10.505757,0.4007276,-1.2754866,-0.4605924
2148.0,0.6368576,-5.1475334,11.068395,0.5131268,-1.3060299,-0.40561453
2159.0,1.3575124,-4.8985367,11.159374,0.63285637,-1.2705997,-0.30909783
2167.0,2.5210943,-4.841076,11.851298,0.6646214,-1.1032226,-0.27977628
2180.0,3.9815574,-6.0381765,12.026075,0.48258355,-0.7806858,-0.3213151
2188.0,4.7405195,-8.774749,14.908694,0.27000242,-0.3115413,-0.26511553
2199.0,3.4045548,-9.9550905,16.565481,0.204029,0.03176499,-0.028099801
2208.0,1.460463,-8.564059,15.832856,-0.08552113,0.24923302,0.27366763
2218.0,0.32321724,-6.4188547,13.168109,-0.5412266,0.47891834,0.40561453
2228.0,-0.29209262,-5.183447,11.674128,-0.7086037,0.7098254,0.35918877
2240.0,-0.79248077,-4.4915223,10.426748,-0.62796944,0.9016371,0.24556783
2249.0,-0.7134721,-4.3526587,9.5385,-0.5522222,1.0238101,0.16126843
2259.0,-0.46447513,-4.4556093,9.136273,-0.45937067,1.0848967,0.18325958
2270.0,-0.49081135,-4.3358994,8.59279,-0.30543262,1.1068878,0.2443461
2282.0,-0.46447513,-3.6272156,7.97748,-0.14905111,1.0580186,0.26633725
2287.0,-0.40701428,-2.6743233,7.275979,-0.012217305,0.9773844,0.24190263
2298.0,-0.5602432,-1.6352397,6.5577183,0.103847094,0.8943067,0.21502456
2308.0,-0.58657944,-0.9624691,5.74369,0.19303341,0.7623598,0.2125811
2318.0,-0.61770403,-0.557849,5.233725,0.23579398,0.6072,0.21380283
2329.0,-0.7781156,-0.37110126,4.572925,0.22724187,0.4288274,0.18203785
2339.0,-0.90979666,-0.37349546,4.096479,0.172264,0.25167647,0.11728613
2348.0,-1.1061212,-0.4189853,3.916914,0.119729586,0.019547688,0.034208454
2362.0,-1.1659763,-0.56982,3.9671922,0.08674286,-0.22724187,-0.07941248
2369.0,-0.9528923,-0.7493851,4.321534,0.08674286,-0.48991394,-0.20158553
2380.0,-0.6967127,-1.271321,5.133168,0.12461651,-0.7293731,-0.28955013
2389.0,-0.38307226,-2.195483,6.7372837,0.20525073,-0.9651671,-0.34208453
2400.0,0.050278235,-3.5697548,8.422802,0.29565877,-1.1679744,-0.37384954
2409.0,0.49799395,-4.7860093,10.036493,0.35308012,-1.2449434,-0.376293
2420.0,0.5602432,-5.341464,11.15698,0.38606682,-1.2486086,-0.3555236
2430.0,0.25857377,-5.1810527,11.152191,0.4361578,-1.2571607,-0.31031954
2442.0,0.79966336,-4.6232033,10.771513,0.50946164,-1.2840388,-0.21991149
2449.0,1.9919758,-4.3837833,10.907983,0.54733527,-1.1264355,-0.17715092
2459.0,4.3263226,-5.9639564,11.537658,0.5045747,-0.8038987,-0.2406809
2470.0,5.0637364,-9.414001,14.95179,0.5497787,-0.33108896,-0.25167647
2482.0,3.3997664,-10.620679,16.419436,0.55955255,-0.042760566,-0.02443461
2489.0,1.5873557,-8.104373,14.729129,0.096516706,0.18325958,0.4007276
2499.0,0.36152446,-5.257667,12.782643,-0.2968805,0.35796702,0.548557
2510.0,-0.51954174,-3.763685,11.427525,-0.31398472,0.5766568,0.36896262
2521.0,-1.0462662,-3.5529952,10.213664,-0.41783184,0.8002335,0.20158553
2529.0,-0.8475474,-4.4077253,9.500193,-0.6988298,0.93584555,0.24190263
2540.0,-0.62967503,-4.9536033,9.100361,-0.88086766,1.0262536,0.36651915
2550.0,-0.6560113,-4.405331,8.714894,-0.77946407,1.0543534,0.38240165
2560.0,-0.81163436,-3.0023289,8.214506,-0.41538838,0.9981538,0.29443705
2569.0,-0.92176765,-1.3982137,7.1730285,-0.008552114,0.8918633,0.21624629
2580.0,-0.91458505,-0.320823,6.232107,0.22235495,0.75869465,0.2125811
2594.0,-0.9744401,0.095768064,5.4204726,0.27122417,0.6426302,0.23945917
2600.0,-1.0366893,0.007182605,4.867412,0.2773328,0.4813618,0.23090707
2616.0,-0.9792285,-0.25378537,4.3502645,0.28588495,0.28344148,0.1966986
2618.0,-0.9576807,-0.4381389,4.2281604,0.29443705,0.039095376,0.12583824
2626.0,-1.0103531,-0.45250413,4.4556093,0.27977628,-0.19914207,0.015882496
2637.0,-0.7469909,-0.50757074,4.7764325,0.24923302,-0.44837508,-0.09285152
2646.0,-0.4141969,-0.79726917,5.722142,0.23090707,-0.68783426,-0.16371189
2657.0,-0.016759412,-1.4915876,6.9647326,0.23823744,-0.88697636,-0.2125811
2666.0,0.35194764,-2.7485435,8.303091,0.24312437,-1.0433578,-0.2773328
2677.0,0.7086837,-4.0438066,9.9790325,0.23457226,-1.1227703,-0.36896262
2686.0,0.25617957,-5.3007627,11.753136,0.26511553,-1.1117748,-0.3115413
2697.0,0.7086837,-4.8961425,10.529699,0.23579398,-1.1227703,-0.16615535
2708.0,1.8148049,-4.795586,10.733206,0.20769419,-0.9932669,-0.0842994
2720.0,2.9352913,-4.4580035,8.813056,0.20647246,-0.70738196,-0.1881465
2728.0,4.501099,-7.405266,14.295778,0.23823744,-0.3567453,-0.30298916
2738.0,3.2992098,-9.691729,16.7235,0.23579398,0.036651913,-0.1685988
2748.0,1.6376339,-9.0716305,15.368381,-0.29077184,0.34574974,0.2687807
2759.0,0.7086837,-6.83784,13.072341,-0.8784242,0.5131268,0.5900958
2768.0,-0.46447513,-4.8817773,11.559206,-0.79779,0.6646214,0.49968776
2782.0,-0.9696517,-3.7253778,10.177752,-0.47158796,0.81489426,0.26267207
2790.0,-0.89064306,-3.3997664,9.23683,-0.4642576,0.906524,0.19547687
2800.0,-0.48602295,-3.8522706,8.918402,-0.6621779,0.98349303,0.2761111
2809.0,-0.272939,-3.9312792,8.310274,-0.77213365,1.0177015,0.2968805
2819.0,-0.34237084,-3.335123,7.750031,-0.6646214,0.9859365,0.23335053
2831.0,-0.61770403,-2.468422,7.2113357,-0.37507126,0.893085,0.17959438
2843.0,-0.6392518,-1.5897499,6.6654577,-0.07941248,0.7476991,0.1685988
2848.0,-0.5363012,-1.0606314,6.1387334,0.08552113,0.60231316,0.19181168
2857.0,-0.40462008,-0.7517793,5.781997,0.13927728,0.453262,0.21746802
2867.0,-0.5291186,-0.7086837,5.291186,0.16371189,0.29932398,0.2003638
2881.0,-0.59855044,-0.6991069,5.0517654,0.2003638,0.13927728,0.11362094
2888.0,-0.60812724,-0.60812724,4.972757,0.2321288,-0.034208454,-0.029321533
2898.0,-0.45489833,-0.39025488,5.0493712,0.204029,-0.21502456,-0.17348573
2907.0,-0.17238252,-0.5746084,5.422867,0.12095132,-0.39095375,-0.26633725
2919.0,-0.06703765,-1.2210429,6.0046577,0.032986723,-0.57910025,-0.32253686
2927.0,0.05746084,-2.4013844,7.1371155,-0.037873644,-0.7330383,-0.37384954
2938.0,0.12689269,-3.4955344,8.750807,-0.081855945,-0.84299403,-0.4202753
2947.0,0.095768064,-4.060566,9.569624,-0.09040806,-0.9114109,-0.4654793
2959.0,0.6512229,-4.450821,10.419566,-0.05375614,-1.001819,-0.47769663
2967.0,1.5155296,-5.118803,10.515334,0.047647487,-0.9859365,-0.4373795
2978.0,2.2577322,-6.0884547,11.880029,0.22113322,-0.86132,-0.3933972
2986.0,3.8546648,-7.216124,12.066776,0.38973203,-0.6365216,-0.36896262
2998.0,4.2760444,-9.181764,15.047558,0.53023106,-0.29077184,-0.2761111
3007.0,3.2752678,-11.058818,16.531963,0.516792,-0.0036651916,-0.06841691
