33.0,0.4237737,1.8459295,9.91439,-0.11484267,0.009773844,-0.13561209
37.0,0.7589619,1.6065093,9.785102,-0.2932153,0.06841691,-0.16371189
47.0,1.4867992,1.1659763,10.041282,-0.2932153,0.06841691,-0.16371189
62.0,1.697489,1.1971009,9.8042555,-0.23579398,0.073303826,-0.16493362
65.0,-0.04070143,1.3599066,9.519346,-0.23579398,0.073303826,-0.16493362
75.0,-1.0031705,1.3670892,9.421184,-0.204029,0.09285152,-0.21868975
85.0,0.39025488,1.5298948,9.55047,-0.204029,0.09285152,-0.21868975
94.0,0.6919243,1.4437037,9.617508,-0.2846632,0.081855945,-0.26633725
105.0,0.37828386,1.3359646,9.524135,-0.2846632,0.081855945,-0.26633725
114.0,0.641646,1.2066777,9.742006,-0.36896262,0.09407325,-0.2932153
126.0,1.7812861,1.1300632,9.849746,-0.36896262,0.09407325,-0.2932153
135.0,0.25857377,1.0606314,9.813833,-0.3811799,0.10140363,-0.3213151
146.0,-0.32561144,1.0510546,9.799467,-0.3811799,0.10140363,-0.3213151
155.0,0.17238252,1.0749966,9.938332,-0.3933972,0.13439035,-0.34697145
165.0,0.29448682,1.1851299,10.101137,-0.3933972,0.13439035,-0.34697145
175.0,0.39264908,1.3958195,10.340557,-0.46303585,0.17104226,-0.3811799
188.0,0.62009823,1.5729905,10.54167,-0.46303585,0.17104226,-0.3811799
195.0,0.8738836,1.484405,10.876859,-0.6414085,0.27977628,-0.42271876
205.0,0.9911995,0.90021986,11.288661,-0.6414085,0.27977628,-0.42271876
215.0,0.770933,0.4237737,11.449073,-0.79168135,0.47403142,-0.4166101
225.0,0.32321724,0.29209262,11.437101,-0.79168135,0.47403142,-0.4166101
235.0,-0.050278235,0.37828386,11.547235,-0.84665924,0.6609562,-0.42638394
246.0,-0.08379706,0.31124622,11.791444,-0.84665924,0.6609562,-0.42638394
255.0,0.08140286,0.01436521,12.169727,-0.79045963,0.86254174,-0.4654793
265.0,0.3854665,-0.34476504,12.77546,-0.79045963,0.86254174,-0.4654793
275.0,0.5602432,-0.7757214,12.856863,-0.70738196,1.1545353,-0.35918877
287.0,0.39264908,-0.80205756,12.421119,-0.70738196,1.1545353,-0.35918877
296.0,-0.25139117,-0.7302315,11.892,-0.8943067,1.4343116,-0.19914207
306.0,-0.90021986,-0.7230489,11.6908865,-0.8943067,1.4343116,-0.19914207
315.0,-1.328782,-1.1755531,11.631032,-1.1557571,1.6701056,-0.13439035
325.0,-1.460463,-1.508347,11.128249,-1.1557571,1.6701056,-0.13439035
336.0,-1.5227122,-1.7381904,10.455479,-1.4807373,1.8497,-0.002443461
346.0,-1.721431,-1.8842367,10.19451,-1.4807373,1.8497,-0.002443461
355.0,-1.982399,-2.3870192,10.560823,-1.6554449,2.0402899,0.23701571
367.0,-2.3798366,-2.7581203,10.335769,-1.6554449,2.0402899,0.23701571
375.0,-2.4995465,-2.908955,9.155427,-1.5515977,2.0793853,0.5180137
387.0,-2.8562827,-3.1244333,8.860941,-1.5515977,2.0793853,0.5180137
395.0,-3.1603463,-2.9759927,8.413225,-1.2046263,1.998751,0.7171558
406.0,-3.1890767,-2.7509377,7.8793178,-1.2046263,1.998751,0.7171558
416.0,-3.2249897,-2.3558946,7.2711906,-0.8491027,1.8387043,0.8332202
427.0,-3.2010477,-2.0566192,6.469133,-0.8491027,1.8387043,0.8332202
435.0,-3.2321723,-1.8124107,5.8634,-0.7476991,1.5699236,0.9969321
446.0,-3.25372,-1.6496049,5.1020436,-0.7476991,1.5699236,0.9969321
456.0,-3.3518825,-1.5945383,4.582502,-0.9260717,1.2119566,1.1215485
466.0,-3.3183637,-1.70946,4.2760444,-0.9260717,1.2119566,1.1215485
476.0,-3.2010477,-1.9416976,4.3766007,-1.1032226,0.752586,1.2559389
488.0,-3.1196449,-1.9416976,4.6040497,-1.102001,0.25900686,1.2815952
495.0,-2.96881,-1.6663644,4.7860093,-1.102001,0.25900686,1.2815952
506.0,-2.846706,-1.3862427,4.9440265,-1.102001,0.25900686,1.2815952
516.0,-2.8395233,-1.4293385,4.7285485,-1.0519099,-0.25289822,1.287704
525.0,-3.0454245,-1.3479356,3.6008794,-1.1215485,-0.82711154,1.2669345
535.0,-2.9616275,-1.1851299,3.3518825,-1.1215485,-0.82711154,1.2669345
547.0,-2.7724855,-0.92416185,3.3662477,-1.3084733,-1.4514158,1.1093313
556.0,-2.4947581,-0.91937345,3.5673606,-1.3084733,-1.4514158,1.1093313
567.0,-2.1380222,-1.1061212,4.2185836,-1.2718215,-2.0097466,0.86498517
577.0,-1.8722657,-0.9552865,5.032612,-1.2718215,-2.0097466,0.86498517
588.0,-1.7357962,-0.9792285,5.595249,-0.81489426,-2.4776695,0.61208695
597.0,-1.6927006,-0.8714894,6.4547677,-0.81489426,-2.4776695,0.61208695
608.0,-1.8387469,-0.7374141,7.599196,-0.16126843,-2.7635543,0.3115413
618.0,-1.9895816,-0.81163436,8.303091,-0.16126843,-2.7635543,0.3115413
628.0,-2.066196,-0.91458505,8.911219,0.4288274,-2.8942795,0.061086524
637.0,-1.8794483,-1.5442601,10.551247,0.4288274,-2.8942795,0.061086524
648.0,-1.436521,-2.4732103,12.0332575,0.82833326,-2.8600712,-0.06963864
657.0,0.21787235,-1.8315643,5.475539,0.82833326,-2.8600712,-0.06963864
668.0,1.8674773,-3.4500446,16.05791,2.1050417,-1.926669,-0.25411993
678.0,5.8107276,-7.2568254,24.102428,2.1050417,-1.926669,-0.25411993
688.0,5.3582234,-1.0749966,26.965893,1.9926424,-1.1349876,-0.14782938
697.0,1.9201498,5.0900726,26.748022,1.9926424,-1.1349876,-0.14782938
709.0,-0.9888053,6.3422403,22.766464,-0.82344633,0.14049901,-0.037873644
717.0,-2.1068976,2.9640217,16.704346,-0.82344633,0.14049901,-0.037873644
728.0,-2.3774424,-0.8834604,12.933477,-3.34632,1.3976597,0.13927728
737.0,-2.0111294,-3.6415808,10.6398325,-3.34632,1.3976597,0.13927728
748.0,-1.5107412,-5.961562,8.889671,-3.0201178,1.9401081,0.5681047
758.0,-1.4915876,-7.536947,8.588001,-3.0201178,1.9401081,0.5681047
768.0,-2.078167,-7.1466923,8.961497,-1.0726794,1.645671,0.66339964
778.0,-2.6360161,-4.9679685,8.820239,-1.0726794,1.645671,0.66339964
790.0,-2.681506,-2.5785553,8.331821,0.60231316,1.2583824,0.31887165
798.0,-2.6120741,-0.90261406,7.795521,0.60231316,1.2583824,0.31887165
808.0,-2.2146366,0.023942016,7.043741,1.3121386,1.1032226,0.3323107
818.0,-1.9752164,0.4261679,6.2464724,1.3121386,1.1032226,0.3323107
828.0,-1.8842367,0.46208093,5.580884,1.0177015,1.0079277,0.39095375
839.0,-2.1284454,0.4261679,5.1666875,1.0177015,1.0079277,0.39095375
850.0,-2.4181437,0.22266077,4.7524905,0.29443705,0.7281514,0.31031954
859.0,-2.7269957,0.016759412,4.39336,0.29443705,0.7281514,0.31031954
870.0,-3.0909145,-0.21308395,3.6870706,-0.2846632,0.30298916,0.25167647
880.0,-3.289633,-0.29688102,3.4644098,-0.2846632,0.30298916,0.25167647
892.0,-3.265691,-0.48841715,3.6176388,-0.5448918,-0.24678956,0.12705997
899.0,-3.0502129,-0.7445967,3.8379054,-0.5448918,-0.24678956,0.12705997
911.0,-2.6240451,-1.2330139,4.5298295,-0.36651915,-0.83077675,-0.07574729
920.0,-2.0494366,-1.4437037,5.035006,-0.36651915,-0.83077675,-0.07574729
929.0,-1.7549498,-1.5777789,5.303157,-0.030543262,-1.3768903,-0.22724187
939.0,-1.7070658,-1.7956513,5.315128,-0.030543262,-1.3768903,-0.22724187
950.0,-1.8363527,-1.9440918,5.0757074,0.25534168,-1.9254472,-0.39828414
959.0,-1.5801731,-1.9249382,5.841852,0.25534168,-1.9254472,-0.39828414
970.0,-1.2785037,-1.8339585,6.847417,0.72204274,-2.348166,-0.7819075
979.0,-0.8595184,-1.8674773,7.896077,0.72204274,-2.348166,-0.7819075
992.0,-0.02633622,-2.1930888,8.470686,1.3060299,-2.5509732,-0.97494096
1000.0,0.521936,-1.4915876,-0.6871359,1.3060299,-2.5509732,-0.97494096
1010.0,1.0295067,-5.1642933,11.57836,2.8221974,-2.1319196,-0.8381071
1019.0,7.1227503,-8.042124,19.9437,2.8221974,-2.1319196,-0.8381071
1030.0,6.945579,-4.5633483,21.45923,2.2883012,-1.6212363,-0.0720821
1041.0,3.3518825,0.59136784,24.408886,2.2883012,-1.6212363,-0.0720821
1063.0,0.1340753,2.6719291,21.71541,-0.0842994,-0.6243043,-0.20769419
1063.0,-0.47644615,0.18914193,17.35078,-0.0842994,-0.6243043,-0.20769419
1068.0,-0.33518824,-2.4349031,14.475344,-1.817935,0.28344148,-0.22968534
1079.0,-0.6488287,-3.052607,12.10269,-1.817935,0.28344148,-0.22968534
1091.0,-0.58418524,-2.846706,10.651803,-2.244319,0.5216789,0.21991149
1098.0,-0.17956513,-2.5139117,9.560047,-2.244319,0.5216789,0.21991149
1108.0,-0.08140286,-2.3223755,8.724471,-2.361605,0.5742133,-0.02076942
1118.0,-0.33518824,-2.3175871,8.147469,-2.361605,0.5742133,-0.02076942
1128.0,-0.7182605,-2.6384103,7.7093296,-1.8826867,0.5681047,-0.02687807
1138.0,-0.78050977,-2.9951463,7.395689,-1.8826867,0.5681047,-0.02687807
1151.0,-0.7110779,-3.4213142,7.1347213,-1.1520919,0.45204028,0.035430185
1159.0,-0.5793968,-3.490746,6.9479733,-1.1520919,0.45204028,0.035430185
1170.0,-0.51475334,-3.3135753,6.9479733,-0.55833083,0.29077184,-0.15515977
1180.0,-0.49320555,-2.9999347,7.0605006,-0.55833083,0.29077184,-0.15515977
1191.0,-0.5602432,-2.6791117,7.1754227,-0.12950343,0.16249016,-0.22113322
1201.0,-0.6464345,-2.4875755,7.3310456,-0.12950343,0.16249016,-0.22113322
1211.0,-0.7038953,-2.3678656,7.9008656,0.017104227,0.015882496,-0.18692477
1219.0,-0.641646,-2.3774424,8.348581,0.017104227,0.015882496,-0.18692477
1230.0,-0.56982,-2.4516625,8.781932,-0.095294975,-0.09040806,-0.13072516
1240.0,-0.48602295,-2.822764,9.085996,-0.095294975,-0.09040806,-0.13072516
1248.0,-0.33758244,-3.3183637,9.552865,-0.17348573,-0.12583824,-0.07086037
1258.0,-0.18674773,-3.6750996,10.005369,-0.17348573,-0.12583824,-0.07086037
1271.0,-0.076614454,-3.8642416,10.374076,0.02321288,-0.13316862,-0.05375614
1280.0,0.074220255,-3.9336734,10.620679,0.02321288,-0.13316862,-0.05375614
1291.0,0.107739076,-3.6367924,10.704475,0.32620203,-0.12217305,-0.042760566
1300.0,0.1364695,-3.0933087,10.618284,0.32620203,-0.12217305,-0.042760566
1311.0,0.12449849,-2.695871,10.486604,0.37507126,-0.06719518,-0.05497787
1321.0,-0.016759412,-2.3558946,10.223241,0.37507126,-0.06719518,-0.05497787
1331.0,-0.0023942017,-2.0733786,9.94312,0.11484267,0.02321288,-0.03176499
1339.0,-0.08140286,-2.006341,9.555259,0.11484267,0.02321288,-0.03176499
1350.0,-0.062249243,-2.219425,9.454702,-0.20280726,0.081855945,0.010995574
1361.0,-0.15562311,-2.8299465,9.153033,-0.32742378,0.1160644,0.034208454
1370.0,-0.2633622,-3.0621839,9.064447,-0.32742378,0.1160644,0.034208454
1379.0,-0.2633622,-3.2249897,9.119514,-0.26145032,0.09896017,0.018325957
1392.0,-0.20350714,-3.1411927,9.050082,-0.26145032,0.09896017,0.018325957
1400.0,-0.36152446,-3.1196449,8.978256,-0.13072516,0.0720821,-0.010995574
1410.0,-0.37110126,-3.1651347,8.925584,-0.13072516,0.0720821,-0.010995574
1419.0,-0.45250413,-3.028665,8.913613,-0.04153884,0.064751714,-0.018325957
1431.0,-0.31124622,-3.0909145,8.939949,-0.04153884,0.064751714,-0.018325957
1441.0,-0.4237737,-3.040636,8.9998045,-0.010995574,0.05131268,-0.02443461
1451.0,-0.38067806,-3.0310593,8.9519205,-0.010995574,0.05131268,-0.02443461
1460.0,-0.38067806,-3.0358477,9.074024,-0.004886922,0.034208454,-0.019547688
1471.0,-0.31603462,-3.1842883,9.272743,-0.004886922,0.034208454,-0.019547688
1481.0,-0.23223756,-3.394978,9.459491,0.043982297,0.037873644,-0.009773844
1491.0,-0.22744916,-3.3901896,9.598354,0.043982297,0.037873644,-0.009773844
1500.0,-0.2777274,-3.4045548,9.6845455,0.095294975,0.05375614,0.0
1511.0,-0.31364042,-3.466804,9.797073,0.095294975,0.05375614,0.0
1520.0,-0.35194764,-3.2609026,9.674969,0.08307768,0.06963864,-0.0061086523
1530.0,-0.4237737,-3.13401,9.744401,0.08307768,0.06963864,-0.0061086523
1539.0,-0.40701428,-3.1603463,9.928755,0.059864793,0.13805555,-0.010995574
1551.0,-0.4405331,-3.0693667,9.92636,0.059864793,0.13805555,-0.010995574
1560.0,-0.4357447,-3.0669725,9.82341,-0.002443461,0.18081611,0.010995574
1572.0,-0.4285621,-2.9017725,9.6845455,-0.002443461,0.18081611,0.010995574
1580.0,-0.35194764,-2.8514943,9.749189,-0.13439035,0.23579398,0.03176499
1591.0,-0.5315128,-2.9855695,9.792285,-0.13439035,0.23579398,0.03176499
1601.0,-0.4333505,-3.0071173,9.842564,-0.26511553,0.29565877,0.07819075
1610.0,-0.1364695,-3.5242648,10.386047,-0.26511553,0.29565877,0.07819075
1619.0,0.0,-4.060566,10.682928,-0.19181168,0.43127087,0.119729586
1631.0,0.17956513,-4.6662993,11.358093,-0.19181168,0.43127087,0.119729586
1641.0,0.016759412,-4.7261543,11.353305,0.1441642,0.5009095,0.24312437
1650.0,0.059855044,-4.4460325,10.546458,0.1441642,0.5009095,0.24312437
1659.0,0.08619126,-4.0677485,9.770737,0.13439035,0.53878313,0.3323107
1670.0,-0.33758244,-3.4931402,9.112331,0.13439035,0.53878313,0.3323107
1680.0,-0.8451532,-2.9783869,8.647857,-0.20280726,0.70371675,0.312763
1693.0,-1.055843,-2.870648,8.195353,-0.20280726,0.70371675,0.312763
1700.0,-0.8523358,-3.2034419,8.293514,-0.39584067,0.7684685,0.40194935
1711.0,-0.93852705,-3.6128504,8.171411,-0.39584067,0.7684685,0.40194935
1721.0,-1.1372458,-3.4883518,7.893683,-0.21624629,0.68539083,0.43371433
1731.0,-1.2210429,-3.3758245,7.493851,-0.21624629,0.68539083,0.43371433
1740.0,-1.3431472,-3.41892,7.314286,0.12339478,0.61819565,0.38362336
1752.0,-1.5179238,-3.5075054,7.501034,0.12339478,0.61819565,0.38362336
1761.0,-1.8698715,-3.4883518,7.560889,0.48747048,0.55955255,0.31642818
1771.0,-1.9800048,-3.347094,7.587225,0.48747048,0.55955255,0.31642818
1780.0,-2.1428106,-2.8634653,7.455544,0.7672467,0.41416663,0.24678956
1792.0,-2.1523874,-2.2218192,7.345411,0.7672467,0.41416663,0.24678956
1801.0,-2.2002714,-1.6232687,7.2185183,0.8002335,0.26145032,0.112399206
1812.0,-2.3008277,-1.0031705,6.9024835,0.8002335,0.26145032,0.112399206
1820.0,-2.267309,-0.7086837,6.6247563,0.44837508,0.073303826,0.029321533
1830.0,-2.372654,-0.62728083,6.4380083,0.44837508,0.073303826,0.029321533
1841.0,-2.4037786,-0.7637503,6.658275,-0.1001819,-0.119729586,-0.07819075
1852.0,-2.147599,-1.1180922,7.651869,-0.1001819,-0.119729586,-0.07819075
1863.0,-1.70946,-1.8866309,8.889671,-0.4129449,-0.26511553,-0.19792034
1872.0,-1.5562311,-2.6024973,9.267955,-0.4129449,-0.26511553,-0.19792034
1882.0,-1.7669208,-2.896984,8.647857,-0.52656585,-0.42760566,-0.16249016
1892.0,-2.2625206,-2.8634653,7.728483,-0.52656585,-0.42760566,-0.16249016
1900.0,-2.693477,-2.6479871,6.7684083,-0.31642818,-0.68539083,-0.453262
1910.0,-2.8802247,-2.2026656,5.556942,-0.31642818,-0.68539083,-0.453262
1921.0,-2.1404164,-1.0295067,0.23702596,0.035430185,-1.0934488,-0.7819075
1932.0,-1.3120226,-1.6807296,6.4188547,0.035430185,-1.0934488,-0.7819075
1941.0,1.6328455,-5.161899,11.48738,1.396438,-1.0054842,-0.46181414
1951.0,3.53863,-7.5704656,16.821661,1.396438,-1.0054842,-0.46181414
1962.0,3.1411927,-6.730101,20.161573,1.8374827,-0.50946164,-0.081855945
1971.0,1.4077905,-3.6343982,19.716251,1.8374827,-0.50946164,-0.081855945
1981.0,0.8738836,-1.4939818,17.080235,0.37140608,0.009773844,-0.21502456
1992.0,0.39983168,-1.340753,13.864822,0.37140608,0.009773844,-0.21502456
2002.0,-0.10055647,-2.1883004,10.802638,-1.2168436,0.5852089,0.2003638
2012.0,-0.6847417,-3.502717,8.9279785,-1.2168436,0.5852089,0.2003638
2021.0,-1.0726024,-4.4556093,8.255207,-1.7910569,0.7892379,0.535118
2032.0,-1.0199299,-4.8626237,7.6973586,-1.7910569,0.7892379,0.535118
2041.0,-1.0271125,-4.2999864,7.477092,-1.4147639,0.63529986,0.34208453
2063.0,-1.2354081,-3.4476504,7.620744,-1.4147639,0.63529986,0.34208453
2063.0,-1.3335704,-3.0430303,7.7931266,-0.312763,0.46181414,0.25167647
2070.0,-1.3790601,-3.1651347,7.747637,-0.312763,0.46181414,0.25167647
2079.0,-1.4748282,-3.1124623,7.5800424,0.4288274,0.31398472,0.30787608
2091.0,-1.7286136,-2.1428106,7.2927384,0.4288274,0.31398472,0.30787608
2099.0,-2.135628,-0.8523358,6.579266,0.18448131,0.119729586,0.1600467
2110.0,-2.5210943,-0.031124622,6.0262055,0.18448131,0.119729586,0.1600467
2121.0,-2.7485435,0.02873042,5.9687448,-0.5045747,-0.064751714,0.014660766
2130.0,-3.0023289,-0.5793968,5.8203044,-0.5045747,-0.064751714,0.014660766
2139.0,-2.9903579,-1.0079589,5.9543796,-0.8857546,-0.35308012,-0.08552113
2150.0,-2.6503813,-1.2665327,6.0405707,-0.8857546,-0.35308012,-0.08552113
2159.0,-2.5115175,-1.745373,5.901707,-0.6792821,-0.7257079,-0.3494149
2172.0,-2.516306,-1.7046716,6.1650696,-0.6792821,-0.7257079,-0.3494149
2179.0,-1.6519991,-1.1013328,2.8921957,-0.17104226,-1.033584,-0.77457714
2193.0,-1.2186487,-7.189788,13.879188,1.3170254,-0.7806858,-0.36163223
2201.0,3.098097,-9.222465,17.597382,1.3170254,-0.7806858,-0.36163223
2211.0,2.753332,-6.799533,19.917364,1.128879,-0.3286455,-0.032986723
2220.0,0.7685388,-2.707842,17.824831,1.128879,-0.3286455,-0.032986723
2232.0,-0.4141969,-1.7597382,14.451402,-0.6401868,0.26633725,-0.24556783
2241.0,-0.79726917,-3.028665,11.829751,-0.6401868,0.26633725,-0.24556783
2251.0,-0.85473,-4.7381253,10.18254,-1.3891076,0.7648033,0.49113566
2260.0,-0.770933,-5.9160724,9.165004,-1.3891076,0.7648033,0.49113566
2271.0,-0.6967127,-6.2392898,8.14268,-1.128879,0.8503244,0.54733527
2282.0,-0.61530983,-5.803545,7.3430166,-1.128879,0.8503244,0.54733527
2294.0,-0.9911995,-4.4125137,6.861782,-0.18692477,0.5571091,0.24312437
2301.0,-1.2856863,-2.815581,6.7324953,-0.18692477,0.5571091,0.24312437
2312.0,-1.2354081,-2.2122424,6.8522053,0.625526,0.4129449,0.13805555
2321.0,-1.2449849,-2.5953147,7.1347213,0.625526,0.4129449,0.13805555
2332.0,-1.4413095,-2.6240451,7.3885064,0.86254174,0.41416663,0.21991149
2340.0,-1.757344,-2.1906946,7.410054,0.86254174,0.41416663,0.21991149
2352.0,-1.922544,-1.5921441,7.3286514,0.77091193,0.31398472,0.11728613
2361.0,-2.1188686,-1.0175357,6.775591,0.77091193,0.31398472,0.11728613
2371.0,-2.408567,-0.7062895,6.4619503,0.5021312,0.16126843,-0.037873644
2381.0,-2.5881321,-0.5410896,6.691794,0.5021312,0.16126843,-0.037873644
2391.0,-2.60968,-0.62249243,7.4627266,0.06352998,-0.052534413,-0.09407325
2400.0,-2.5187001,-1.2042835,8.238448,0.06352998,-0.052534413,-0.09407325
2414.0,-2.6120741,-2.0398598,8.104373,-0.16371189,-0.26389378,-0.18448131
2422.0,-2.7748797,-2.8299465,7.144298,-0.16371189,-0.26389378,-0.18448131
2432.0,-3.0190883,-2.96881,6.203377,0.1966986,-0.63163465,-0.41050145
2442.0,-2.896984,-2.2337902,5.3725886,0.1966986,-0.63163465,-0.41050145
2452.0,-2.2529438,-0.50517654,-1.4796166,0.7867944,-1.2205088,-0.87109387
2461.0,-1.043872,-0.79248077,7.2472486,0.7867944,-1.2205088,-0.87109387
2472.0,2.0614076,-4.687847,9.706094,2.20278,-1.17897,-0.312763
2481.0,3.359065,-6.397307,14.468161,2.20278,-1.17897,-0.312763
2493.0,1.733402,-3.3159695,17.190369,1.2840388,-0.7684685,-0.04153884
2501.0,-0.12928689,-1.1324574,16.429012,1.2840388,-0.7684685,-0.04153884
2512.0,-0.40701428,-2.669535,14.513651,0.22357668,-0.36041048,-0.24923302
2521.0,-0.21308395,-4.292804,12.847286,0.22357668,-0.36041048,-0.24923302
2533.0,0.033518825,-3.9480386,12.052411,-0.22968534,-0.06841691,0.1160644
2541.0,0.12689269,-3.2273839,11.324574,-0.22968534,-0.06841691,0.1160644
2553.0,-0.079008654,-3.1004913,10.283096,-0.5681047,0.11362094,0.1441642
2562.0,-0.40222588,-3.0430303,9.368511,-0.5681047,0.11362094,0.1441642
2572.0,-0.8571242,-2.9712043,8.671799,-0.53023106,0.13072516,0.17592919
2581.0,-1.0630256,-2.89459,8.343793,-0.53023106,0.13072516,0.17592919
2594.0,-0.78769237,-2.669535,8.300697,-0.22724187,0.058643065,0.18448131
2602.0,-0.50278234,-2.719813,8.147469,-0.22724187,0.058643065,0.18448131
2613.0,-0.38307226,-2.8107927,8.135497,-0.0012217305,0.0,0.13439035
2622.0,-0.40940848,-2.882619,8.243237,-0.0012217305,0.0,0.13439035
2632.0,-0.48841715,-3.0430303,8.255207,0.1966986,-0.043982297,0.103847094
2643.0,-0.44771573,-2.9616275,8.3821,0.1966986,-0.043982297,0.103847094
2654.0,-0.49799395,-2.7006595,8.42759,0.34208453,-0.089186326,0.05375614
2661.0,-0.51235914,-2.348712,8.523358,0.34208453,-0.089186326,0.05375614
2672.0,-0.5506664,-2.1763294,8.599973,0.31642818,-0.11728613,0.040317107
2682.0,-0.5243302,-2.1452048,8.822633,0.31642818,-0.11728613,0.040317107
2693.0,-0.6536171,-2.1811178,8.983045,0.2125811,-0.12950343,0.029321533
2702.0,-0.581791,-2.207454,9.193734,0.2125811,-0.12950343,0.029321533
2713.0,-0.48123455,-2.3104045,9.485827,0.12095132,-0.14538592,0.02321288
2722.0,-0.46686932,-2.4516625,9.720459,0.12095132,-0.14538592,0.02321288
2731.0,-0.39983168,-2.552219,9.849746,0.056199603,-0.1563815,-0.0061086523
2742.0,-0.39504328,-2.5139117,9.976639,0.056199603,-0.1563815,-0.0061086523
2752.0,-0.33279404,-2.5809495,10.029311,0.015882496,-0.13561209,-0.0036651916
2762.0,-0.34955344,-2.633622,10.070012,0.015882496,-0.13561209,-0.0036651916
2774.0,-0.29209262,-2.6408045,10.024523,0.02321288,-0.10629055,0.002443461
2782.0,-0.33039984,-2.5833437,9.945514,0.02321288,-0.10629055,0.002443461
2793.0,-0.36631286,-2.6168625,9.749189,0.07086037,-0.089186326,0.0061086523
2802.0,-0.37349546,-2.4756045,9.600749,0.07086037,-0.089186326,0.0061086523
2813.0,-0.4165911,-2.2888567,9.449914,0.1160644,-0.073303826,0.015882496
2822.0,-0.39504328,-2.1739352,9.380483,0.1160644,-0.073303826,0.015882496
2833.0,-0.44771573,-2.0015526,9.344569,0.10262536,-0.06963864,0.030543262
2842.0,-0.39264908,-1.9632454,9.275137,0.10262536,-0.06963864,0.030543262
2852.0,-0.46208093,-1.9800048,9.203311,0.035430185,-0.064751714,0.056199603
2863.0,-0.46208093,-2.1188686,9.23683,0.035430185,-0.064751714,0.056199603
2873.0,-0.4405331,-2.1260512,9.212888,-0.014660766,-0.056199603,0.06352998
2882.0,-0.46926352,-2.2385786,9.224859,-0.014660766,-0.056199603,0.06352998
2895.0,-0.48362875,-2.2266076,9.375694,0.0036651916,-0.07696902,0.05375614
2902.0,-0.46686932,-2.2481554,9.378088,0.0036651916,-0.07696902,0.05375614
2912.0,-0.44771573,-2.3008277,9.512163,0.06352998,-0.07941248,0.05497787
2923.0,-0.40940848,-2.348712,9.41879,0.06352998,-0.07941248,0.05497787
2933.0,-0.37349546,-2.147599,9.507375,0.119729586,-0.08552113,0.032986723
2942.0,-0.3878607,-2.1428106,9.490616,0.119729586,-0.08552113,0.032986723
2953.0,-0.36391866,-2.1260512,9.531317,0.12705997,-0.09162979,0.028099801
2963.0,-0.3854665,-2.1883004,9.524135,0.12705997,-0.09162979,0.028099801
2973.0,-0.32321724,-2.1428106,9.526528,0.096516706,-0.06719518,0.030543262
2982.0,-0.3184288,-2.2505496,9.595961,0.096516706,-0.06719518,0.030543262
2993.0,-0.3184288,-2.2601264,9.607931,0.064751714,-0.04153884,0.02443461
3001.0,-0.39025488,-2.2649148,9.629479,0.064751714,-0.04153884,0.02443461
3014.0,-0.45010993,-2.303222,9.442732,0.034208454,-0.017104227,0.017104227
