61.0,5.985504,0.5554548,7.726089,0.14294247,0.12950343,-0.081855945
61.0,6.0142345,0.18914193,8.001422,0.14294247,0.12950343,-0.081855945
61.0,6.315904,0.033518825,7.979874,-0.04153884,-0.25778514,-0.25900686
91.0,6.3302693,0.16998832,7.941567,-0.1282817,-0.41783184,-0.30176744
91.0,6.2105594,0.21308395,8.137892,-0.07086037,0.3848451,0.04153884
91.0,6.181829,0.16519992,8.14268,-0.19181168,0.44593164,0.04520403
108.0,6.179435,-0.32800564,8.360553,-0.46792278,0.16737708,-0.037873644
108.0,6.2608376,-0.59136784,8.5473,-0.535118,0.18936823,-0.014660766
112.0,6.4547677,-0.50517654,8.497022,-0.5314528,0.20280726,0.0012217305
122.0,6.5337763,-0.25857377,8.597578,-0.49357912,0.21868975,0.0012217305
133.0,6.6510925,-0.019153614,8.882488,-0.453262,0.25900686,0.0036651916
142.0,6.739678,-0.016759412,9.131485,-0.47158796,0.31398472,0.013439035
153.0,6.8665705,-0.0023942017,9.109938,-0.59864795,0.37140608,0.039095376
162.0,7.1993647,-0.033518825,9.392453,-0.85154617,0.44104472,0.080634214
173.0,7.2951326,-0.33758244,9.334992,-1.219287,0.5742133,0.13683382
183.0,7.513005,-0.5602432,9.299079,-1.6358972,0.7293731,0.18081611
194.0,7.548918,-1.043872,9.619903,-2.0366247,0.8735373,0.19303341
202.0,7.2687964,-1.8483237,9.840169,-2.35794,1.1142182,0.2003638
214.0,6.8809357,-2.6791117,10.187328,-2.5485299,1.3683381,0.2321288
222.0,6.6415157,-3.6056678,10.608707,-2.5912905,1.5931365,0.3005457
234.0,6.3566055,-4.5657425,10.903194,-2.42147,1.8032742,0.376293
243.0,6.030994,-5.2241483,10.931925,-2.1111503,1.9779817,0.45204028
253.0,5.8107276,-5.616797,11.180922,-1.7947221,2.080607,0.5338962
263.0,5.9184666,-5.853823,11.389217,-1.6016886,2.1844542,0.6047566
274.0,5.9998693,-5.9998693,11.585542,-1.5980235,2.3738225,0.70371675
283.0,5.9424086,-6.2345014,11.860875,-1.6566665,2.6083946,0.8772025
294.0,5.5880666,-6.505046,12.196063,-1.6713274,2.8576276,1.0946705
303.0,4.9823337,-6.801927,12.136209,-1.6346754,3.0897565,1.2950343
314.0,4.3023806,-7.177817,11.954249,-1.5540411,3.2351422,1.4978416
324.0,3.620033,-7.2592196,11.695675,-1.3854424,3.323107,1.7189748
335.0,3.0430303,-7.1059904,11.621455,-1.1582005,3.3597589,1.9327776
344.0,2.6599581,-7.0605006,11.358093,-0.9224065,3.3524284,2.1209242
353.0,2.3582888,-6.9264255,10.529699,-0.7098254,3.2974505,2.3017402
364.0,1.958457,-6.588843,9.787497,-0.53023106,3.2265902,2.4959953
374.0,1.496376,-6.2967505,9.303867,-0.3481932,3.1972687,2.6621506
383.0,0.92416185,-5.779603,8.525752,-0.15882497,3.1581733,2.7892108
395.0,0.25857377,-5.2624555,8.159439,0.02076942,3.0604348,2.918714
403.0,-0.10295067,-4.8745947,7.386112,0.22968534,2.9382617,3.050661
414.0,-0.4333505,-4.2425256,6.622362,0.4447099,2.7635543,3.177721
423.0,-0.7110779,-3.5194764,6.131551,0.6585127,2.565634,3.2754595
435.0,-0.8523358,-2.7940333,5.849035,0.88086766,2.3823745,3.3328807
443.0,-0.9528923,-2.207454,5.427655,1.0641272,2.1820107,3.3719761
455.0,-0.93852705,-1.8818425,5.121197,1.1826351,1.9645426,3.408628
463.0,-1.0319009,-1.5969325,4.618415,1.2705997,1.7873917,3.4147367
474.0,-1.1827357,-1.5059528,4.232949,1.4013249,1.6077974,3.368311
483.0,-1.4173675,-1.1659763,3.9983168,1.5711454,1.3927728,3.2669072
494.0,-1.5825673,-0.40462008,3.8881836,1.7153096,1.1349876,3.1398473
503.0,-1.5610195,0.38067806,3.5577838,1.7739527,0.8564331,3.0396655
515.0,-1.4269443,1.2856863,3.5218706,1.6957619,0.5729916,2.973692
523.0,-1.2952632,1.5298948,3.8426938,1.4831808,0.33353242,2.8955014
534.0,-1.1875241,1.2210429,3.833117,1.1924089,0.1282817,2.792876
543.0,-1.0845734,1.0534488,4.2904096,0.9016371,-0.08552113,2.6804767
554.0,-1.1563994,0.94810385,4.711789,0.7171558,-0.29810223,2.5595255
563.0,-1.2856863,1.1228806,4.8865657,0.6731735,-0.5204572,2.4239132
575.0,-1.2761095,1.460463,5.1116204,0.70249504,-0.75625116,2.2724187
583.0,-1.2138603,1.8650831,5.267244,0.7489208,-0.9810496,2.1111503
594.0,-1.2473791,2.099715,5.3318872,0.77091193,-1.1814134,1.9559906
603.0,-1.1300632,2.183512,5.4420204,0.7318166,-1.3634512,1.8020525
614.0,-1.2665327,2.4372973,5.6527104,0.6243043,-1.5027285,1.6383406
623.0,-1.3718776,2.5689783,6.033388,0.4972443,-1.6371188,1.4672983
636.0,-1.340753,2.6791117,6.7803793,0.3933972,-1.7739527,1.2913691
643.0,-1.1611878,2.4229321,7.6494746,0.32498032,-1.9010127,1.110553
654.0,-1.0271125,2.0925324,7.845799,0.3200934,-2.0182989,0.9211848
663.0,-1.0031705,1.9800048,8.47308,0.3640757,-2.130698,0.7122689
674.0,-0.8714894,1.9895816,9.660604,0.4373795,-2.1881194,0.48991394
683.0,-0.10295067,1.5155296,8.901642,0.56688297,-2.1991148,0.2919936
698.0,0.50517654,3.454833,17.111359,0.74036866,-1.9975294,0.1160644
705.0,0.6584055,2.3535004,21.830332,0.3213151,-1.378112,0.1282817
715.0,0.8283938,-1.8507179,21.483171,-0.7476991,-0.47891834,0.3811799
725.0,-0.11252748,-5.1140146,17.94933,-0.9224065,0.26267207,0.19792034
737.0,-2.2146366,-3.8594532,15.375564,-0.17959438,0.5180137,-0.4092797
746.0,-3.8426938,-1.0726024,12.476185,0.45448375,0.535118,-0.8185594
757.0,-4.1371803,0.45250413,9.514558,0.45937067,0.58032197,-0.7806858
766.0,-3.086126,0.8331822,7.788338,0.064751714,0.6621779,-0.46181414
775.0,-1.1707647,0.5482722,6.873753,-0.21013765,0.6450737,-0.204029
787.0,0.40222588,0.5506664,6.8689647,-0.1600467,0.58032197,-0.15027285
797.0,0.90021986,1.0702082,7.69257,-0.009773844,0.61208695,-0.21746802
806.0,0.011971008,0.7015011,8.932767,-0.037873644,0.82833326,-0.28099802
817.0,-1.4437037,-0.533907,9.495404,-0.312763,1.1252137,-0.30176744
827.0,-2.4779987,-1.910573,8.710106,-0.5522222,1.2425,-0.3115413
838.0,-2.9975405,-2.1045034,7.577648,-0.45937067,1.070236,-0.3481932
846.0,-3.0095115,-1.1540052,6.4739213,-0.16982053,0.7501425,-0.37384954
855.0,-2.789245,-0.15083471,5.770026,0.02565634,0.45448375,-0.32986724
866.0,-2.5713725,0.25617957,5.48751,-0.007330383,0.22113322,-0.22724187
877.0,-2.3654714,0.21547815,5.482722,-0.22602014,0.056199603,-0.12095132
885.0,-2.5809495,0.023942016,5.590461,-0.42394048,-0.112399206,-0.047647487
894.0,-2.7485435,-0.35434186,5.9878983,-0.43493605,-0.33353242,-0.015882496
906.0,-2.825158,-0.48123455,6.7708025,-0.2883284,-0.6084218,-0.02321288
917.0,-2.6599581,-0.45968673,7.0700774,-0.111177474,-0.91996306,-0.034208454
925.0,-2.0494366,-0.7086837,8.379706,0.065973446,-1.2009611,-0.02687807
938.0,-1.340753,-1.3910311,10.599131,0.6096435,-1.3646729,0.034208454
947.0,-0.89064306,-2.1404164,12.081141,0.6096435,-1.3646729,0.034208454
957.0,0.035913024,-2.0350714,11.106702,0.93462384,-1.4025466,0.065973446
967.0,0.90979666,2.0374656,19.55105,0.77824235,-0.6597345,0.019547688
975.0,0.8499416,-1.1133038,16.907852,-0.0061086523,0.09896017,0.19058995
987.0,-0.50996494,-2.171541,13.785813,-0.51923543,0.59131753,0.18203785
998.0,-2.7246015,-0.06943185,11.389217,-0.68294734,0.95417154,-0.057421334
1007.0,-3.8786068,1.70946,8.832211,-0.6230826,0.9810496,-0.3494149
1015.0,-3.3542767,1.2617443,6.825869,-0.68539083,0.81000733,-0.46181414
1029.0,-1.8555063,-0.21308395,7.005434,-0.91874135,0.7257079,-0.25534168
1036.0,-0.7398083,-1.472434,8.094796,-1.0458013,0.77213365,0.08552113
1045.0,-0.80445176,-1.9057846,9.629479,-0.85154617,0.8723156,0.29810223
1101.0,-1.8315643,-1.1611878,9.9550905,-0.47647488,0.8906415,0.31398472
1101.0,-2.822764,-0.60812724,8.92319,-0.080634214,0.75625116,0.19425514
1101.0,-3.2992098,-0.4189853,7.7332716,0.20525073,0.51068336,0.036651913
1101.0,-3.301604,-0.12928689,7.225701,0.22724187,0.2932153,-0.056199603
1102.0,-3.086126,0.48602295,7.117962,0.02076942,0.12461651,-0.043982297
1106.0,-2.8562827,1.2449849,6.5840545,-0.19792034,-0.039095376,0.034208454
1116.0,-2.5617957,1.661576,6.244078,-0.24678956,-0.23945917,0.08552113
1126.0,-2.2529438,1.0654198,6.6654577,-0.12461651,-0.40561453,0.0720821
1137.0,-2.1308396,0.17717093,7.1873937,0.02321288,-0.5155703,0.036651913
1145.0,-1.496376,-0.7757214,7.3310456,0.1441642,-0.643852,0.021991149
1155.0,-0.32321724,-0.31364042,12.689269,0.38606682,-0.6768387,0.0012217305
1165.0,-0.5482722,-0.63206923,14.788984,0.41783184,-0.376293,0.04642576
1176.0,-0.90261406,-1.5346833,14.295778,0.007330383,-0.07452556,0.15760323
1186.0,-1.3215994,-2.6743233,13.057976,0.013439035,0.09040806,0.042760566
1196.0,-2.3080103,-1.8100165,11.932701,0.4361578,0.21868975,-0.1563815
1206.0,-2.8179753,0.1316811,10.606314,0.73426,0.17592919,-0.23945917
1216.0,-2.5617957,1.2425907,9.294291,0.64996064,0.111177474,-0.19058995
1226.0,-2.0566192,1.2018893,8.35337,0.29565877,0.14660765,-0.095294975
1240.0,-1.661576,0.59136784,7.836222,-0.09285152,0.22602014,-0.03176499
1247.0,-1.6208745,-0.1604115,7.656657,-0.3567453,0.31031954,-0.029321533
1256.0,-1.8650831,-0.59615624,7.7189064,-0.43004912,0.35430184,-0.037873644
1269.0,-2.1547816,-0.8595184,7.8146744,-0.3408628,0.32620203,-0.019547688
1277.0,-2.1859062,-1.0965444,8.080431,-0.172264,0.24190263,0.008552114
1288.0,-2.2290018,-1.0989386,8.109161,0.008552114,0.13561209,0.02443461
1298.0,-2.1045034,-1.115698,8.231265,0.17592919,0.02565634,0.028099801
1307.0,-2.0590134,-0.89303726,8.686164,0.32498032,-0.05009095,0.029321533
1318.0,-1.9321208,-0.7062895,9.308656,0.4288274,-0.08307768,0.030543262
1327.0,-1.8866309,-0.32561144,9.701305,0.46670106,-0.10873401,0.035430185
1338.0,-1.8267759,-0.33518824,9.821015,0.44348818,-0.12705997,0.05497787
1346.0,-1.8459295,-0.16519992,9.950302,0.3726278,-0.118507855,0.07941248
1359.0,-1.7884687,-0.1388637,9.909601,0.26389378,-0.1001819,0.08674286
1368.0,-1.8459295,-0.090979666,9.895236,0.14294247,-0.07574729,0.07941248
1377.0,-1.8626889,-0.20350714,9.859323,0.04642576,-0.04886922,0.07696902
1387.0,-1.8124107,-0.21308395,9.837775,-0.010995574,-0.036651913,0.080634214
1398.0,-1.7764976,-0.21787235,9.7563715,-0.040317107,-0.034208454,0.081855945
1408.0,-1.8938135,-0.21547815,9.782708,-0.043982297,-0.02565634,0.07819075
1418.0,-1.9847932,-0.22744916,9.758766,-0.036651913,-0.015882496,0.07574729
1427.0,-1.970428,-0.320823,9.725247,-0.017104227,-0.0061086523,0.07574729
1440.0,-1.9895816,-0.40940848,9.56723,0.019547688,-0.0012217305,0.06963864
1448.0,-1.958457,-0.25378537,9.524135,0.059864793,-0.007330383,0.059864793
1456.0,-1.9776106,-0.22266077,9.524135,0.08674286,-0.010995574,0.05497787
1467.0,-2.0254946,-0.20590134,9.512163,0.09407325,-0.004886922,0.056199603
1479.0,-1.9728222,-0.2801216,9.56723,0.095294975,-0.0036651916,0.056199603
1487.0,-2.0135236,-0.2753332,9.519346,0.089186326,0.0012217305,0.05497787
1497.0,-1.99437,-0.20590134,9.627085,0.08307768,0.007330383,0.062308256
1507.0,-1.9656396,-0.16759412,9.679757,0.08307768,0.013439035,0.07452556
1517.0,-1.9129672,-0.12449849,9.622296,0.07819075,0.012217305,0.07574729
1527.0,-1.8914193,-0.06464344,9.629479,0.065973446,0.017104227,0.07452556
1539.0,-1.8626889,-0.01436521,9.593566,0.056199603,0.02687807,0.07574729
1547.0,-1.8507179,0.019153614,9.481039,0.04886922,0.032986723,0.07574729
1557.0,-1.8267759,-0.009576807,9.497798,0.04153884,0.037873644,0.07452556
1567.0,-1.8818425,-0.038307227,9.490616,0.04520403,0.035430185,0.06841691
1576.0,-1.8411411,0.0047884034,9.497798,0.061086524,0.034208454,0.058643065
1587.0,-1.769315,-0.01436521,9.416395,0.07452556,0.028099801,0.04886922
1599.0,-1.8938135,-0.074220255,9.442732,0.081855945,0.02076942,0.043982297
1608.0,-1.7860745,0.011971008,9.387665,0.09040806,0.018325957,0.04153884
1617.0,-1.9201498,0.107739076,9.392453,0.09407325,0.008552114,0.042760566
1626.0,-1.8076223,0.06464344,9.43076,0.08552113,0.007330383,0.04642576
1638.0,-1.934515,0.1316811,9.378088,0.06352998,0.0012217305,0.04642576
1648.0,-1.8962077,0.14844051,9.378088,0.04642576,-0.008552114,0.042760566
1658.0,-1.8315643,0.1604115,9.375694,0.034208454,-0.012217305,0.037873644
1667.0,-1.8195933,0.06703765,9.425972,0.02076942,-0.015882496,0.039095376
1678.0,-1.8866309,0.10055647,9.385271,0.013439035,-0.02076942,0.043982297
1687.0,-1.8387469,-0.02633622,9.445126,0.014660766,-0.02687807,0.04642576
1697.0,-1.8842367,-0.07182605,9.428367,0.029321533,-0.04153884,0.043982297
1707.0,-1.7381904,-0.05267244,9.411607,0.04886922,-0.04520403,0.037873644
1719.0,-1.7956513,0.016759412,9.469068,0.0720821,-0.05497787,0.03176499
1727.0,-1.8243817,0.011971008,9.497798,0.087964594,-0.06841691,0.028099801
1738.0,-1.7597382,0.050278235,9.526528,0.07819075,-0.06841691,0.02565634
1747.0,-1.7932571,0.088585466,9.49301,0.07819075,-0.06841691,0.02565634
1758.0,-1.8483237,0.08379706,9.52174,0.064751714,-0.057421334,0.02443461
1768.0,-1.8100165,0.023942016,9.588778,0.05375614,-0.05009095,0.021991149
1777.0,-1.9033904,0.050278235,9.560047,0.047647487,-0.04642576,0.017104227
1786.0,-1.9153614,-0.009576807,9.536105,0.04642576,-0.04642576,0.014660766
1798.0,-1.8507179,0.045489833,9.514558,0.04642576,-0.04642576,0.012217305
1808.0,-1.8315643,0.04070143,9.509769,0.043982297,-0.04886922,0.009773844
1817.0,-1.8986019,0.09816227,9.526528,0.05009095,-0.04520403,0.008552114
1827.0,-1.8219875,0.09816227,9.533711,0.052534413,-0.04642576,0.010995574
1839.0,-1.8722657,0.08140286,9.548077,0.05497787,-0.04520403,0.012217305
1846.0,-1.9081788,0.047884032,9.390059,0.059864793,-0.04520403,0.013439035
1857.0,-1.8626889,0.093373865,9.449914,0.062308256,-0.04886922,0.013439035
1868.0,-1.9632454,0.14604631,9.392453,0.06352998,-0.04520403,0.019547688
1877.0,-1.9057846,0.12928689,9.325416,0.064751714,-0.04886922,0.02321288
1887.0,-1.8770541,0.15083471,9.416395,0.061086524,-0.052534413,0.02321288
1898.0,-1.8579005,0.14604631,9.440337,0.05497787,-0.047647487,0.02321288
1907.0,-1.8602947,0.24899697,9.414001,0.04642576,-0.043982297,0.02076942
1918.0,-1.8387469,0.22266077,9.40203,0.039095376,-0.040317107,0.018325957
1927.0,-1.8004397,0.20590134,9.3661175,0.037873644,-0.039095376,0.013439035
1938.0,-1.8267759,0.18435353,9.399636,0.037873644,-0.040317107,0.008552114
1947.0,-1.8650831,0.21068975,9.43076,0.036651913,-0.034208454,0.002443461
1960.0,-1.8315643,0.10534488,9.43076,0.030543262,-0.03176499,-0.0036651916
1968.0,-1.8028339,0.093373865,9.495404,0.02076942,-0.02687807,-0.0036651916
1977.0,-1.8698715,0.10534488,9.543288,0.018325957,-0.02687807,-0.002443461
1987.0,-1.8339585,0.074220255,9.524135,0.02076942,-0.029321533,-0.0012217305
1998.0,-1.8148049,0.08619126,9.552865,0.029321533,-0.032986723,0.004886922
2006.0,-1.8028339,0.023942016,9.562442,0.040317107,-0.028099801,0.009773844
2019.0,-1.8387469,0.10295067,9.452309,0.047647487,-0.021991149,0.008552114
2028.0,-1.8363527,0.16998832,9.464279,0.047647487,-0.02443461,0.008552114
2046.0,-1.8267759,0.16519992,9.416395,0.037873644,-0.015882496,0.009773844
2046.0,-1.7501614,0.1412579,9.382876,0.02565634,-0.014660766,0.010995574
2103.0,-1.8243817,0.21547815,9.308656,0.009773844,-0.015882496,0.015882496
2103.0,-1.7597382,0.19632454,9.361329,-0.0061086523,-0.010995574,0.019547688
2103.0,-1.7549498,0.055066638,9.390059,-0.008552114,-0.015882496,0.018325957
2103.0,-1.7357962,0.19393034,9.452309,-0.0012217305,-0.02443461,0.014660766
2103.0,-1.7836803,0.19393034,9.445126,0.009773844,-0.02687807,0.014660766
2106.0,-1.697489,0.17477672,9.483433,0.019547688,-0.034208454,0.013439035
2116.0,-1.6831238,0.16998832,9.483433,0.02443461,-0.037873644,0.008552114
2126.0,-1.6998832,0.1364695,9.452309,0.02076942,-0.034208454,0.0012217305
2139.0,-1.6759412,0.14844051,9.452309,0.012217305,-0.028099801,-0.0012217305
2146.0,-1.7286136,0.11252748,9.457097,0.004886922,-0.030543262,-0.0012217305
2157.0,-1.7262194,0.19632454,9.497798,0.0012217305,-0.029321533,0.0
2167.0,-1.6591818,0.19632454,9.488221,0.0036651916,-0.030543262,0.0
2177.0,-1.6663644,0.16759412,9.488221,0.0036651916,-0.02687807,0.0
2186.0,-1.5849615,0.16519992,9.488221,0.0061086523,-0.030543262,0.0012217305
2198.0,-1.673547,0.18674773,9.514558,0.004886922,-0.02687807,0.0
2208.0,-1.7118542,0.19871874,9.440337,0.0012217305,-0.02687807,-0.0036651916
2217.0,-1.7118542,0.16759412,9.500193,-0.008552114,-0.02687807,-0.007330383
2227.0,-1.7645266,0.16759412,9.466674,-0.017104227,-0.02443461,-0.007330383
2239.0,-1.6807296,0.1604115,9.375694,-0.017104227,-0.029321533,-0.007330383
2248.0,-1.7046716,0.16280572,9.404425,-0.013439035,-0.032986723,-0.007330383
2259.0,-1.6711528,0.1340753,9.382876,-0.010995574,-0.039095376,-0.008552114
2268.0,-1.6711528,0.15562311,9.358934,-0.009773844,-0.036651913,-0.007330383
2278.0,-1.6376339,0.1316811,9.452309,-0.007330383,-0.039095376,-0.004886922
2288.0,-1.70946,0.17956513,9.464279,-0.002443461,-0.042760566,-0.0012217305
2297.0,-1.6543933,0.21308395,9.497798,0.0061086523,-0.040317107,0.0012217305
2307.0,-1.70946,0.31364042,9.545682,0.013439035,-0.043982297,0.0
2317.0,-1.6543933,0.22266077,9.540894,0.014660766,-0.052534413,-0.004886922
2332.0,-1.7022774,0.17238252,9.552865,0.0061086523,-0.05131268,-0.012217305
2337.0,-1.6927006,0.22744916,9.569624,-0.0012217305,-0.05375614,-0.015882496
2347.0,-1.6591818,0.1412579,9.548077,-0.002443461,-0.04886922,-0.015882496
2357.0,-1.6184803,0.2633622,9.524135,0.0,-0.04520403,-0.017104227
2366.0,-1.6232687,0.33039984,9.540894,-0.0012217305,-0.05131268,-0.014660766
2378.0,-1.6448165,0.37828386,9.557653,-0.004886922,-0.052534413,-0.013439035
2386.0,-1.6424223,0.29448682,9.545682,-0.018325957,-0.05375614,-0.013439035
2396.0,-1.6376339,0.25378537,9.445126,-0.032986723,-0.05497787,-0.012217305
2407.0,-1.6496049,0.29209262,9.516952,-0.04153884,-0.05009095,-0.013439035
2417.0,-1.6519991,0.19871874,9.526528,-0.047647487,-0.04886922,-0.019547688
2427.0,-1.6807296,0.17238252,9.469068,-0.05375614,-0.034208454,-0.02443461
2439.0,-1.6543933,0.050278235,9.476251,-0.04520403,-0.03176499,-0.030543262
2446.0,-1.7166426,0.17477672,9.512163,-0.030543262,-0.039095376,-0.035430185
2458.0,-1.6232687,0.10295067,9.526528,-0.018325957,-0.042760566,-0.036651913
2467.0,-1.6472107,0.023942016,9.622296,-0.007330383,-0.042760566,-0.036651913
2477.0,-1.6352397,0.035913024,9.646238,0.0,-0.036651913,-0.039095376
2489.0,-1.6663644,0.12449849,9.636662,0.008552114,-0.032986723,-0.035430185
2498.0,-1.6591818,0.20590134,9.672575,0.014660766,-0.028099801,-0.030543262
2508.0,-1.6352397,0.14604631,9.679757,0.008552114,-0.019547688,-0.02321288
2518.0,-1.6831238,0.02633622,9.662998,0.0,-0.019547688,-0.017104227
2529.0,-1.6927006,0.06943185,9.624691,-0.002443461,-0.014660766,-0.014660766
2539.0,-1.6136919,0.17717093,9.68694,0.0,-0.014660766,-0.017104227
2548.0,-1.6496049,0.12210429,9.622296,-0.002443461,-0.0061086523,-0.014660766
2561.0,-1.6998832,0.055066638,9.662998,-0.0036651916,0.0012217305,-0.009773844
2567.0,-1.6017209,0.079008654,9.588778,-0.004886922,0.018325957,-0.002443461
2579.0,-1.5993267,0.110133275,9.543288,0.004886922,0.014660766,0.0012217305
2589.0,-1.6112977,0.16280572,9.540894,0.02076942,0.008552114,-0.0012217305
2600.0,-1.6017209,0.29688102,9.576807,0.029321533,0.013439035,-0.004886922
2608.0,-1.5682021,0.20829555,9.500193,0.02565634,0.012217305,-0.007330383
2619.0,-1.6304513,0.18674773,9.560047,0.012217305,0.02076942,-0.0061086523
2629.0,-1.6472107,0.23463176,9.55047,0.0036651916,0.02565634,-0.004886922
2640.0,-1.6831238,0.15322891,9.526528,0.009773844,0.017104227,-0.0061086523
2649.0,-1.6831238,0.1364695,9.504981,0.009773844,0.017104227,-0.0061086523
2660.0,-1.5825673,0.11971009,9.555259,0.028099801,0.012217305,-0.0012217305
2669.0,-1.6950948,0.20829555,9.548077,0.037873644,0.004886922,0.0012217305
2679.0,-1.6112977,0.16759412,9.562442,0.037873644,0.002443461,0.004886922
2688.0,-1.5658079,0.25857377,9.519346,0.028099801,0.0012217305,0.0061086523
2697.0,-1.6160861,0.20590134,9.481039,0.010995574,0.004886922,0.0061086523
2708.0,-1.673547,0.18435353,9.5385,-0.004886922,0.010995574,0.0061086523
2717.0,-1.6112977,0.1436521,9.526528,-0.0061086523,0.019547688,0.004886922
2725.0,-1.6424223,0.1316811,9.507375,0.009773844,0.013439035,0.007330383
2738.0,-1.6687586,0.16998832,9.49301,0.032986723,0.0,0.009773844
2745.0,-1.7142484,0.12210429,9.490616,0.05131268,-0.017104227,0.010995574
2755.0,-1.6376339,0.19153613,9.504981,0.056199603,-0.018325957,0.007330383
2765.0,-1.6280571,0.20350714,9.442732,0.043982297,-0.017104227,0.010995574
2775.0,-1.6328455,0.18914193,9.44752,0.02321288,-0.008552114,0.013439035
2785.0,-1.6496049,0.16280572,9.425972,0.002443461,-0.0036651916,0.010995574
2797.0,-1.6711528,0.12210429,9.478644,-0.009773844,-0.0061086523,0.008552114
2805.0,-1.6232687,0.110133275,9.504981,-0.013439035,0.0012217305,0.009773844
2816.0,-1.6472107,0.11971009,9.488221,-0.007330383,0.002443461,0.013439035
2826.0,-1.6759412,0.17238252,9.483433,0.0036651916,-0.009773844,0.013439035
2838.0,-1.6687586,0.20111294,9.533711,0.009773844,-0.0061086523,0.010995574
2847.0,-1.6879122,0.29448682,9.55047,0.008552114,-0.0061086523,0.008552114
2858.0,-1.7046716,0.24899697,9.528923,0.0012217305,-0.014660766,0.007330383
2867.0,-1.6663644,0.30166942,9.500193,-0.012217305,-0.017104227,0.007330383
2878.0,-1.6591818,0.30406362,9.509769,-0.02321288,-0.017104227,0.007330383
2888.0,-1.697489,0.2633622,9.528923,-0.02687807,-0.009773844,0.004886922
2897.0,-1.6232687,0.32321724,9.552865,-0.02687807,-0.002443461,0.004886922
2907.0,-1.6352397,0.19871874,9.540894,-0.02076942,-0.017104227,0.009773844
2919.0,-1.6950948,0.11492168,9.557653,-0.009773844,-0.019547688,0.013439035
2929.0,-1.6879122,0.1604115,9.519346,0.007330383,-0.02443461,0.019547688
2940.0,-1.6256629,0.19632454,9.581595,0.02565634,-0.030543262,0.02565634
2947.0,-1.6400281,0.22984336,9.557653,0.035430185,-0.039095376,0.029321533
2960.0,-1.6448165,0.23702596,9.504981,0.032986723,-0.04520403,0.030543262
2971.0,-1.673547,0.2825158,9.531317,0.02076942,-0.02687807,0.035430185
2981.0,-1.685518,0.21787235,9.497798,0.014660766,-0.02687807,0.043982297
2990.0,-1.673547,0.23702596,9.471462,0.014660766,-0.02076942,0.04886922
2999.0,-1.697489,0.22505496,9.543288,0.014660766,-0.015882496,0.05131268
3010.0,-1.697489,0.20829555,9.533711,0.014660766,-0.02565634,0.05375614
