29.0,1.1540052,-2.207454,9.442732,0.015882496,-0.034208454,-0.0012217305
43.0,1.4460979,-1.4628572,9.263166,0.16371189,0.11362094,-0.07086037
45.0,1.4221559,-1.8483237,9.380483,-0.039095376,-0.30176744,-0.26389378
57.0,1.0534488,-2.4301147,9.41879,-0.15393804,-0.40194935,-0.27855456
63.0,0.7254431,-2.717419,9.433155,-0.07452556,0.37995818,0.081855945
84.0,0.6536171,-2.693477,9.397242,-0.07452556,0.36774087,0.087964594
84.0,0.91697925,-2.492364,9.323022,-0.059864793,0.15882497,0.040317107
93.0,1.0366893,-2.336741,9.248801,-0.04886922,-0.007330383,-0.013439035
104.0,0.9744401,-2.3463178,9.315839,-0.04642576,0.0,-0.017104227
114.0,0.9528923,-2.4779987,9.313444,-0.036651913,-0.0012217305,-0.013439035
124.0,0.8810662,-2.585738,9.277532,-0.02076942,-0.014660766,-0.009773844
133.0,0.94092125,-2.4947581,9.289502,0.0012217305,-0.029321533,-0.010995574
145.0,0.9911995,-2.4037786,9.315839,0.009773844,-0.035430185,-0.012217305
153.0,1.0127473,-2.4013844,9.380483,0.0036651916,-0.036651913,-0.0061086523
163.0,1.0127473,-2.3894134,9.344569,-0.007330383,-0.036651913,0.0012217305
174.0,1.0151415,-2.492364,9.370906,-0.007330383,-0.035430185,0.013439035
183.0,1.1324574,-2.5258827,9.3661175,0.015882496,-0.037873644,0.036651913
193.0,1.079785,-2.4708161,9.351752,0.032986723,-0.040317107,0.065973446
204.0,1.0486604,-2.3223755,9.361329,0.021991149,-0.036651913,0.08307768
213.0,1.1468226,-2.3008277,9.3733,-0.002443461,-0.02443461,0.09896017
223.0,1.0247183,-2.3463178,9.457097,-0.018325957,-0.02076942,0.11484267
235.0,1.1444284,-2.4540567,9.452309,0.007330383,-0.019547688,0.13072516
244.0,1.2114661,-2.3678656,9.409213,0.061086524,-0.02321288,0.17104226
253.0,1.1731589,-2.2720973,9.323022,0.056199603,-0.02076942,0.19792034
264.0,1.1180922,-2.327164,9.354146,0.012217305,-0.013439035,0.18936823
274.0,1.0845734,-2.492364,9.339781,-0.021991149,-0.018325957,0.1563815
284.0,1.0869676,-2.4827871,9.425972,-0.02443461,-0.039095376,0.1282817
293.0,1.1372458,-2.4636335,9.411607,-0.009773844,-0.056199603,0.10262536
304.0,1.1109096,-2.4420857,9.452309,0.014660766,-0.06963864,0.07819075
314.0,1.2138603,-2.5498247,9.531317,0.05131268,-0.081855945,0.052534413
325.0,1.2042835,-2.4947581,9.56723,0.09285152,-0.09040806,0.029321533
333.0,1.1731589,-2.5258827,9.61272,0.12339478,-0.10140363,0.010995574
345.0,1.1851299,-2.2864625,9.557653,0.118507855,-0.10262536,-0.017104227
354.0,1.2952632,-2.0135236,9.469068,0.08674286,-0.08552113,-0.04153884
364.0,1.4939818,-1.8626889,9.354146,0.10262536,-0.042760566,-0.0012217305
374.0,1.472434,-2.1164744,9.404425,0.07574729,-0.0061086523,0.06841691
385.0,1.3431472,-2.2625206,9.358934,0.015882496,0.018325957,0.06841691
394.0,1.151611,-2.2122424,9.414001,-0.018325957,0.035430185,0.037873644
404.0,1.2569559,-2.255338,9.358934,-0.02565634,0.039095376,0.028099801
413.0,1.2282255,-2.2026656,9.392453,-0.012217305,0.034208454,0.028099801
424.0,1.3623008,-2.2409728,9.378088,0.0012217305,0.035430185,0.012217305
434.0,1.2330139,-2.2098482,9.299079,0.017104227,0.03176499,-0.02321288
446.0,1.2880806,-2.1763294,9.308656,0.017104227,0.03176499,-0.02321288
453.0,1.2617443,-2.183512,9.157822,0.009773844,0.03176499,-0.037873644
464.0,1.3144168,-2.078167,9.210494,-0.012217305,0.03176499,-0.059864793
474.0,1.3096284,-1.9871874,9.131485,-0.039095376,0.030543262,-0.081855945
484.0,1.2785037,-2.0446482,9.19134,-0.06719518,0.030543262,-0.1001819
493.0,1.3551182,-2.1667526,9.19134,-0.080634214,0.02443461,-0.11484267
506.0,1.2665327,-2.1452048,9.212888,-0.073303826,0.019547688,-0.13683382
514.0,1.2737153,-2.2888567,9.258378,-0.0720821,0.009773844,-0.14294247
524.0,1.2234371,-2.291251,9.263166,-0.07941248,0.0,-0.14538592
533.0,1.1611878,-2.3535004,9.251195,-0.09407325,-0.012217305,-0.1441642
545.0,1.1372458,-2.3391352,9.23683,-0.111177474,-0.017104227,-0.13683382
554.0,1.055843,-2.4995465,9.320627,-0.11728613,-0.02565634,-0.12217305
565.0,0.9744401,-2.5474305,9.375694,-0.112399206,-0.040317107,-0.10629055
574.0,0.9576807,-2.6024973,9.378088,-0.09407325,-0.061086524,-0.08674286
584.0,0.9744401,-2.542642,9.315839,-0.06963864,-0.08674286,-0.064751714
594.0,0.90261406,-2.4588451,9.375694,-0.052534413,-0.103847094,-0.039095376
605.0,0.81402856,-2.5713725,9.313444,-0.04886922,-0.11728613,-0.007330383
615.0,0.8738836,-2.6360161,9.423578,-0.05131268,-0.13072516,0.029321533
626.0,0.8690952,-2.7006595,9.433155,-0.04520403,-0.14660765,0.06352998
633.0,0.7398083,-2.767697,9.421184,-0.028099801,-0.16249016,0.096516706
645.0,0.81642276,-2.693477,9.440337,-0.007330383,-0.17470746,0.13561209
653.0,0.82599956,-2.719813,9.459491,0.013439035,-0.18570304,0.18081611
663.0,0.7517793,-2.777274,9.488221,0.037873644,-0.19547687,0.22357668
674.0,0.80445176,-2.7844565,9.5385,0.064751714,-0.20647246,0.26389378
684.0,0.7374141,-2.813187,9.543288,0.087964594,-0.21135938,0.30543262
693.0,0.7493851,-2.7844565,9.55047,0.10995574,-0.21624629,0.35063666
704.0,0.7493851,-2.846706,9.598354,0.13194689,-0.22357668,0.3933972
713.0,0.78769237,-2.9041667,9.651027,0.15271631,-0.21746802,0.43127087
724.0,0.7206547,-2.870648,9.64145,0.17837265,-0.2125811,0.4728097
734.0,0.7374141,-2.870648,9.667787,0.19914207,-0.21135938,0.50823987
746.0,0.6919243,-2.9592333,9.742006,0.22602014,-0.20280726,0.54244834
753.0,0.6751649,-2.9592333,9.763555,0.24678956,-0.19914207,0.58032197
764.0,0.61530983,-3.083732,9.909601,0.24312437,-0.19181168,0.6206391
773.0,0.44771573,-3.107674,10.13705,0.20769419,-0.172264,0.6646214
784.0,0.4309563,-3.205836,10.426748,0.13316862,-0.13927728,0.71837753
793.0,0.39504328,-3.4763808,10.697293,0.008552114,-0.09162979,0.79290307
805.0,0.22744916,-3.6703112,10.869676,-0.16126843,-0.032986723,0.8881981
814.0,-0.016759412,-3.8618474,11.010934,-0.34574974,0.030543262,1.0030408
824.0,-0.4357447,-4.0653543,11.101913,-0.5131268,0.09285152,1.1313224
833.0,-0.7541735,-4.4436383,11.243171,-0.6401868,0.1563815,1.287704
845.0,-0.94810385,-4.915296,11.494562,-0.7134906,0.21380283,1.4856243
853.0,-1.0845734,-5.5282116,11.827356,-0.75136423,0.29443705,1.7104226
865.0,-1.2282255,-5.2600613,18.332403,-0.75869465,0.35063666,1.9315559
873.0,-1.4508862,-7.52737,13.680469,-0.7806858,0.40683624,2.1294763
884.0,-1.448492,-8.942344,0.49081135,-0.87598073,0.49235737,2.2944098
893.0,-0.21787235,-5.267244,-1.2521675,-1.0800097,0.6450737,2.4373524
904.0,0.4357447,-1.0582372,14.233529,-1.4172074,0.8723156,2.5729644
913.0,0.1316811,-1.1707647,22.115242,-1.8142698,1.1410962,2.701246
925.0,-0.6703765,-3.5482068,19.285295,-2.1954496,1.4159856,2.8026497
933.0,-0.6392518,-4.9895163,15.076288,-2.5228734,1.6920967,2.8625145
944.0,-0.56982,-6.14831,12.648567,-2.6572638,2.0231857,2.8832839
953.0,-0.51954174,-6.945579,12.955026,-2.4678955,2.3860397,2.9077187
964.0,-0.48602295,-7.8649526,14.02284,-2.026851,2.6755898,2.973692
974.0,-0.7589619,-8.374918,14.259866,-1.4844025,2.8906143,3.0347786
985.0,-1.0702082,-7.81228,13.417107,-0.9236283,3.095865,3.0457742
993.0,-1.13964,-6.3087215,12.617443,-0.4288274,3.2986724,2.992018
1004.0,-1.043872,-4.8243165,12.306197,-0.0720821,3.5430183,2.8930578
1013.0,-1.1923125,-3.5984852,12.018892,0.16249016,3.7727036,2.7855456
1024.0,-1.1899183,-3.5936968,12.002133,0.31642818,3.975511,2.6755898
1033.0,-1.1755531,-3.6032736,11.882423,0.4202753,4.0952406,2.5644124
1046.0,-1.1252748,-3.5889084,11.77229,0.42149702,4.219857,2.4043655
1053.0,-1.079785,-3.53863,11.781867,0.4202753,4.284609,2.2064452
1064.0,-1.0390835,-3.4931402,11.801021,0.49480084,4.2369614,2.008525
1074.0,-1.0007763,-3.4500446,11.815386,0.5925393,4.161214,1.7837266
1084.0,-0.9744401,-3.406949,11.84651,0.66828656,3.98895,1.5344934
1094.0,-0.9600749,-3.371036,11.870452,0.7049385,3.7360518,1.3035865
1105.0,-0.9624691,-3.3494883,11.84651,0.6792821,3.426954,1.1191051
1114.0,-0.9888053,-3.3446999,11.767501,0.57543504,3.0201178,0.9786061
1124.0,-1.0175357,-3.3494883,11.638214,0.38606682,2.579073,0.8881981
1134.0,-1.0534488,-3.3614593,11.473015,0.119729586,2.053729,0.86376345
1145.0,-1.0821792,-3.3758245,11.274296,-0.2003638,1.4330899,0.91874135
1154.0,-1.0749966,-3.3854012,11.054029,-0.5009095,0.80878556,1.0140363
1165.0,-1.0414777,-3.383007,10.82658,-0.6267477,0.15393804,1.0409144
1174.0,-0.9792285,-3.3686419,10.620679,-0.5375614,-0.48747048,0.9260717
1184.0,-0.90021986,-3.3327289,10.462662,-0.31398472,-1.0910053,0.7293731
1194.0,-0.8355764,-3.2800562,10.352529,-0.08552113,-1.7006488,0.548557
1204.0,-0.78290397,-3.2202013,10.278308,0.061086524,-2.2467623,0.39584067
1214.0,-0.7374141,-3.1627405,10.235212,0.18936823,-2.7733283,0.23579398
1225.0,-0.7158663,-3.1148565,10.218452,0.3640757,-3.3023374,0.056199603
1234.0,-0.7254431,-3.0765493,10.213664,0.5705481,-3.7849212,-0.1160644
1245.0,-0.7589619,-3.0502129,10.196905,0.784351,-4.287052,-0.2406809
1254.0,-0.80924016,-3.0358477,10.151415,0.93951076,-4.7659707,-0.344528
1264.0,-0.8523358,-3.0334535,10.0748005,0.9810496,-5.1703634,-0.4605924
1274.0,-0.8858546,-3.040636,9.97185,0.9224065,-5.5197783,-0.5717699
1285.0,-0.90261406,-3.0550013,9.854534,0.81000733,-5.7580156,-0.6621779
1294.0,-0.90979666,-3.071761,9.730036,0.6768387,-5.86675,-0.7257079
1304.0,-0.90979666,-3.0813377,9.617508,0.49480084,-5.90218,-0.7623598
1314.0,-0.89782566,-3.0789435,9.540894,0.1966986,-5.742133,-0.7330383
1325.0,-0.8762778,-3.0669725,9.548077,-0.20769419,-5.341406,-0.60231316
1334.0,-0.89543146,-3.0430303,9.629479,-0.752586,-4.1954226,-0.267559
1346.0,-2.7581203,0.9792285,21.677103,-0.752586,-4.1954226,-0.267559
1354.0,-3.086126,1.091756,24.406492,-0.54244834,-3.38175,-0.17348573
1364.0,-2.6743233,-4.3622355,21.923704,0.20891592,-1.5357152,0.14049901
1374.0,1.673547,-12.136209,25.143906,0.30787608,-0.7892379,0.38973203
1384.0,-1.4197617,-8.793902,28.64423,0.28955013,-0.46792278,0.66950834
1394.0,-3.1914709,-2.183512,29.182924,-0.9236283,0.4288274,0.25778514
1405.0,-4.8985367,1.6879122,23.578098,-2.3701572,1.6994271,-0.28710666
1414.0,-5.446809,-0.10055647,18.883068,-2.8221974,2.5986207,-0.28588495
1424.0,-5.0900726,-3.3686419,16.563087,-2.3970351,3.1789427,-0.007330383
1434.0,-5.2145715,-4.7788267,16.563087,-1.8472565,3.5589008,0.22724187
1445.0,-4.6351743,-4.3598413,15.217546,-1.2449434,3.8924334,0.2932153
1454.0,-4.039018,-4.3047748,13.352463,-0.3933972,4.148997,0.20280726
1465.0,-3.3279405,-3.8546648,11.453861,0.50701815,4.2858305,0.057421334
1475.0,-2.9041667,-2.5019407,9.569624,1.2229522,4.346917,-0.04642576
1485.0,-2.657564,-1.0869676,7.61835,1.6285667,4.37013,-0.12461651
1494.0,-2.4779987,-0.30645782,5.6359506,1.736079,4.356691,-0.22113322
1506.0,-2.0446482,-0.48362875,4.0940847,1.582141,4.256509,-0.34330627
1514.0,-2.1164744,-1.3742718,2.231396,1.2315043,4.0353756,-0.44959682
1525.0,-2.2146366,-2.6192567,0.51714754,0.7244862,3.684739,-0.50335294
1534.0,-2.4492683,-3.7229836,-0.37110126,0.15149458,3.2351422,-0.4813618
1546.0,-2.207454,-4.309563,-0.8451532,-0.36041048,2.7220156,-0.36774087
1554.0,-2.2697031,-4.3622355,-0.6607997,-0.7476991,2.1881194,-0.16982053
1564.0,-2.0470424,-3.6607344,-0.12689269,-1.028697,1.6371188,0.040317107
1575.0,-1.7812861,-2.3415294,0.38307226,-1.2327261,1.0592403,0.17592919
1585.0,-0.9648633,-1.2282255,0.45010993,-1.2986995,0.453262,0.2443461
1594.0,0.3878607,-0.7374141,0.6512229,-1.205848,-0.1600467,0.2773328
1605.0,1.2473791,-0.78290397,0.8355764,-0.9285152,-0.72692966,0.267559
1614.0,1.3479356,-1.2282255,1.079785,-0.4361578,-1.2840388,0.22968534
1624.0,0.6991069,-1.8626889,1.0007763,0.20280726,-1.8777997,0.18448131
1634.0,0.14844051,-2.4253263,0.8451532,0.81122905,-2.470339,0.14538592
1646.0,-0.40701428,-2.7341783,0.59855044,1.2644911,-3.0225613,0.10751228
1654.0,-0.4333505,-2.3774424,0.93373865,1.5161675,-3.522249,0.07452556
1665.0,-1.7525556,-1.958457,1.1300632,1.6029104,-3.997502,0.05375614
1675.0,1.0366893,-1.7286136,2.0757728,1.5784758,-4.3957863,0.014660766
1684.0,-0.56982,-1.9057846,3.5075054,1.4575244,-4.6755624,-0.056199603
1694.0,1.2569559,-1.9297266,6.0501475,1.2571607,-4.851492,-0.1600467
1708.0,-0.6895301,-1.8962077,7.7093296,1.0250319,-4.9932127,-0.26267207
1715.0,0.2825158,-1.4867992,10.376471,0.59986967,-5.090951,-0.32986724
1726.0,-1.9033904,-0.45729253,14.434642,-0.16371189,-5.04086,-0.35063666
1734.0,-0.60094464,0.02873042,16.795324,-1.0519099,-4.6987753,-0.25900686
1746.0,-2.3008277,-0.50996494,16.426619,-1.6383406,-4.130671,-0.12583824
1754.0,-1.2473791,-1.2785037,16.601395,-1.582141,-3.4391713,-0.12217305
1766.0,-2.255338,-3.0454245,16.144102,-0.98349303,-2.7501154,-0.2724459
1775.0,0.4165911,-8.1163435,15.928624,0.06963864,-1.9303342,-0.2724459
1785.0,1.079785,-14.326903,21.44247,0.77091193,-1.2168436,-0.0012217305
1794.0,0.04070143,-11.81778,27.973852,0.44593164,-0.88331115,0.47647488
1805.0,-1.99437,-5.645528,30.12624,-0.61453044,0.007330383,0.47525316
1816.0,-2.2266076,-2.5833437,25.965117,-1.3316863,1.0616838,0.043982297
1826.0,-3.6966474,-2.504335,20.271706,-1.5234979,1.7128662,-0.2406809
1835.0,-4.1539397,-2.27928,17.156849,-1.53205,2.2736404,-0.20158553
1846.0,-3.2130187,-2.8921957,15.940595,-1.5173893,2.8429668,0.02687807
1856.0,-3.9600096,-4.429273,14.669273,-1.3988814,3.304781,0.27977628
1865.0,-2.552219,-5.8562174,14.489709,-1.0079277,3.6114354,0.40317106
1875.0,-2.087744,-5.8634,13.711593,-0.3848451,3.7873645,0.37384954
1886.0,-2.3870192,-4.584896,12.109872,0.26267207,3.8997638,0.30787608
1896.0,-3.2034419,-2.8993783,10.093954,0.7501425,4.0036106,0.2761111
1905.0,-1.5610195,-1.910573,8.50181,1.0091494,4.10868,0.27855456
1915.0,-1.496376,-1.496376,7.0844426,1.0629056,4.17954,0.2602286
1924.0,-2.2337902,-1.4317327,5.746084,0.9663888,4.188092,0.16615535
1935.0,-2.5450363,-1.5825673,4.6686935,0.7684685,4.117232,-0.0061086523
1947.0,-1.4053963,-1.8674773,3.9671922,0.50946164,3.9767327,-0.19181168
1957.0,-2.6384103,-2.4899697,2.6982653,0.26511553,3.7470474,-0.2968805
1966.0,-2.6408045,-3.0119057,1.3790601,0.07086037,3.4196236,-0.28955013
1976.0,-2.183512,-3.5482068,0.5482722,-0.065973446,3.0335567,-0.21013765
1986.0,-2.1691468,-4.096479,-0.11492168,-0.18325958,2.5668557,-0.096516706
1996.0,-3.1292217,-4.1395745,-0.6464345,-0.3481932,2.021964,0.019547688
2008.0,-2.303222,-3.4524388,-0.91937345,-0.5534439,1.4477507,0.1001819
2016.0,-1.2641385,-2.396596,-0.6799533,-0.72692966,0.8539896,0.15515977
2027.0,-1.3479356,-1.1994951,-0.2896984,-0.77946407,0.22968534,0.18936823
2036.0,-0.533907,-0.1340753,0.23702596,-0.6939429,-0.38728857,0.24556783
2057.0,1.3024458,0.28491,0.81881696,-0.49235737,-0.96883225,0.31520647
2057.0,1.7381904,-0.36391866,1.3096284,-0.11362094,-1.5173893,0.27977628
2069.0,0.2896984,-1.4293385,1.0773908,0.44593164,-2.0744984,0.16126843
2077.0,0.079008654,-2.2361844,1.055843,1.0629056,-2.6193902,0.0720821
2087.0,-0.35913026,-2.5187001,1.1947067,1.5931365,-3.1447344,0.035430185
2096.0,-1.0319009,-2.348712,1.3670892,1.9388863,-3.6517525,0.009773844
2106.0,-1.4030021,-2.1308396,1.6711528,2.0622811,-4.089132,-0.028099801
2116.0,-0.12928689,-2.2505496,2.80361,2.0280726,-4.439769,-0.08307768
2127.0,-0.37828386,-2.6839,4.381389,1.8741345,-4.6853366,-0.13683382
2136.0,-0.3854665,-2.7820623,6.4978633,1.6077974,-4.8221703,-0.18448131
2148.0,-0.16519992,-2.3918076,8.789114,1.1716396,-4.868596,-0.20525073
2156.0,0.1364695,-1.5969325,11.394006,0.5009095,-4.8502703,-0.18936823
2167.0,-1.42455,-1.0319009,13.206416,-0.29077184,-4.7354274,-0.14905111
2177.0,-0.82121116,-1.1563994,13.06037,-0.8894198,-4.3640213,-0.103847094
2186.0,-0.25378537,-2.0757728,13.898341,-0.8686504,-3.876551,-0.10262536
2196.0,-0.6895301,-2.2625206,13.249513,-0.33353242,-3.5564575,-0.19547687
2205.0,-1.6089035,-2.3343468,11.427525,0.42271876,-3.314555,-0.2932153
2215.0,0.34237084,-4.2664676,11.379641,1.3390167,-2.8759537,-0.25289822
2225.0,2.0925324,-10.010158,13.9438305,2.334727,-2.3787093,0.0061086523
2236.0,0.1388637,-8.063671,13.958196,1.8167132,-2.4715607,0.41783184
2248.0,0.016759412,1.4508862,19.893421,0.29443705,-1.5332718,0.07819075
2255.0,1.8770541,1.5251064,19.680338,-0.44715336,-0.9272934,-0.21380283
2266.0,0.51235914,-0.08140286,19.752165,-0.59742624,-0.48258355,-0.31642818
2276.0,-0.18674773,-0.50996494,18.169598,-0.7440339,-0.13439035,-0.25900686
2287.0,-0.40701428,-1.2856863,16.270994,-1.0433578,0.14782938,-0.24801129
2297.0,-0.7398083,-1.5634137,13.9151,-1.3585643,0.38606682,-0.31398472
2308.0,-0.29209262,-2.099715,12.052411,-1.4220943,0.593761,-0.36651915
2317.0,0.23463176,-2.7964275,11.051635,-1.1960741,0.68539083,-0.3885103
2326.0,-0.51714754,-3.2345665,9.892841,-0.7806858,0.6719518,-0.38606682
2337.0,-0.7230489,-2.8921957,9.153033,-0.3323107,0.61208695,-0.34574974
2347.0,0.02873042,-2.44448,8.626308,0.015882496,0.5510005,-0.28710666
2356.0,0.39743748,-2.1068976,8.298303,0.18936823,0.49846604,-0.25900686
2367.0,-0.110133275,-1.9153614,7.9822683,0.21013765,0.45570546,-0.2773328
2375.0,0.37588966,-1.9129672,8.094796,0.14049901,0.41050145,-0.30665436
2386.0,0.85473,-2.0446482,8.171411,0.039095376,0.35308012,-0.30665436
2396.0,0.581791,-2.2697031,8.298303,-0.029321533,0.2932153,-0.27488935
2406.0,0.25139117,-2.480393,8.4108305,-0.030543262,0.2321288,-0.2284636
2416.0,1.1707647,-2.6288335,8.7532015,0.013439035,0.1563815,-0.17959438
2428.0,1.0127473,-2.719813,8.889671,0.056199603,0.089186326,-0.1282817
2436.0,0.59376204,-2.6312277,8.901642,0.09040806,0.030543262,-0.080634214
2449.0,0.78769237,-2.4540567,9.030929,0.105068825,-0.008552114,-0.037873644
2457.0,1.3000516,-2.3678656,9.294291,0.08552113,-0.03176499,-0.0036651916
2467.0,0.47165772,-2.2026656,9.284714,0.059864793,-0.057421334,0.02321288
2477.0,0.29209262,-2.1021092,9.296685,0.028099801,-0.0720821,0.04886922
2488.0,0.7661445,-1.8818425,9.591172,-0.010995574,-0.07819075,0.06719518
2497.0,0.6919243,-1.9728222,9.864111,-0.05009095,-0.056199603,0.07574729
2507.0,0.023942016,-2.066196,9.840169,-0.073303826,-0.042760566,0.0720821
2516.0,0.40222588,-1.9871874,9.931149,-0.073303826,-0.035430185,0.062308256
2527.0,0.6871359,-1.8938135,10.101137,-0.047647487,-0.013439035,0.057421334
2537.0,0.17238252,-1.9560628,10.081984,0.004886922,0.008552114,0.057421334
2548.0,0.05267244,-2.0398598,9.904813,0.058643065,0.013439035,0.052534413
2555.0,0.7589619,-1.8938135,9.916783,0.0842994,0.03176499,0.035430185
2565.0,0.45729253,-1.8579005,9.861717,0.095294975,0.04886922,0.013439035
2575.0,0.095768064,-1.9201498,9.751583,0.105068825,0.073303826,-0.004886922
2585.0,0.40940848,-2.0231004,9.672575,0.105068825,0.08307768,-0.02076942
2596.0,0.78290397,-2.1260512,9.7324295,0.09896017,0.095294975,-0.034208454
2607.0,0.22266077,-2.147599,9.581595,0.10140363,0.103847094,-0.043982297
2616.0,0.17717093,-2.0829554,9.485827,0.1001819,0.10629055,-0.05009095
2627.0,0.6847417,-2.0949266,9.500193,0.09285152,0.10873401,-0.05131268
2637.0,0.49799395,-2.2577322,9.512163,0.10140363,0.096516706,-0.043982297
2648.0,0.08619126,-2.3678656,9.356541,0.10751228,0.08307768,-0.035430185
2658.0,0.58657944,-2.3415294,9.323022,0.09407325,0.073303826,-0.029321533
2668.0,0.7445967,-2.3415294,9.32781,0.06963864,0.057421334,-0.02076942
2677.0,0.24181437,-2.2601264,9.23683,0.037873644,0.05009095,-0.010995574
2688.0,0.20590134,-2.243367,9.165004,0.008552114,0.05497787,0.0
2697.0,0.7685388,-2.3391352,9.378088,0.008552114,0.05497787,0.014660766
2707.0,0.49799395,-2.6168625,9.416395,0.02565634,0.035430185,0.030543262
2717.0,0.12928689,-2.4636335,9.277532,0.03176499,0.02687807,0.04153884
2728.0,0.49559975,-2.2960393,9.421184,0.029321533,0.029321533,0.05131268
2739.0,0.6440403,-2.1763294,9.43076,0.02076942,0.017104227,0.061086524
2748.0,0.1316811,-2.1787236,9.294291,0.012217305,0.007330383,0.06719518
2758.0,0.22744916,-2.1691468,9.25359,0.019547688,-0.012217305,0.0720821
2767.0,0.5554548,-2.1547816,9.308656,0.02076942,-0.02321288,0.07452556
2777.0,0.34715924,-2.1547816,9.303867,0.008552114,-0.018325957,0.06963864
2788.0,0.045489833,-2.0446482,9.217676,-0.0036651916,-0.018325957,0.061086524
2797.0,0.4405331,-2.0398598,9.284714,-0.015882496,-0.02565634,0.05497787
2807.0,0.5315128,-2.1787236,9.476251,-0.015882496,-0.012217305,0.05131268
2818.0,0.050278235,-2.3104045,9.533711,0.015882496,-0.012217305,0.05009095
2828.0,0.19153613,-2.3774424,9.552865,0.04642576,-0.014660766,0.05131268
2837.0,0.58418524,-2.27928,9.631873,0.06719518,-0.012217305,0.047647487
2848.0,0.33039984,-2.2984335,9.67018,0.073303826,0.002443461,0.04520403
2856.0,0.095768064,-2.348712,9.605537,0.064751714,0.007330383,0.04520403
2866.0,0.4309563,-2.1811178,9.581595,0.04520403,0.014660766,0.04520403
2875.0,0.48841715,-2.2601264,9.607931,0.02321288,0.018325957,0.043982297
2917.0,0.019153614,-2.2122424,9.459491,0.002443461,0.018325957,0.042760566
2918.0,0.14844051,-2.1859062,9.44752,-0.017104227,0.02076942,0.04153884
2918.0,0.50757074,-2.147599,9.459491,-0.028099801,0.019547688,0.04153884
2918.0,0.2705448,-2.3080103,9.392453,-0.029321533,0.015882496,0.04153884
2926.0,0.06943185,-2.2290018,9.3661175,-0.02321288,0.014660766,0.04153884
2935.0,0.46208093,-2.3127987,9.428367,-0.007330383,0.008552114,0.043982297
2947.0,0.4429273,-2.2984335,9.488221,0.0061086523,-0.0036651916,0.043982297
2956.0,0.12689269,-2.2864625,9.3733,0.008552114,-0.0036651916,0.040317107
2968.0,0.23702596,-2.2505496,9.481039,0.012217305,-0.0061086523,0.04153884
2978.0,0.58657944,-2.2409728,9.478644,0.008552114,-0.004886922,0.04642576
2987.0,0.32800564,-2.2098482,9.562442,0.0036651916,0.004886922,0.047647487
2997.0,0.22026655,-2.2170308,9.509769,0.0012217305,0.012217305,0.04642576
3007.0,0.5363012,-2.1571758,9.464279,-0.007330383,0.0061086523,0.043982297
