38.0,0.62488663,0.7733272,9.516952,0.0061086523,-0.02076942,0.0
62.0,0.5506664,0.94092125,9.662998,0.15882497,0.12583824,-0.089186326
62.0,0.866701,0.85473,9.574412,-0.029321533,-0.2919936,-0.29565877
62.0,0.7182605,0.6703765,9.528923,-0.10873401,-0.3921755,-0.3921755
78.0,0.5626374,0.4429273,9.586384,-0.030543262,0.44348818,-0.13439035
82.0,0.62967503,0.7565677,9.313444,-0.10995574,0.50823987,-0.24923302
93.0,0.7541735,1.3742718,9.349358,-0.22357668,0.32253686,-0.48380527
102.0,0.93134445,1.4700398,9.334992,-0.31764993,0.2003638,-0.657291
112.0,0.92895025,1.151611,9.320627,-0.44348818,0.25045475,-0.70371675
122.0,0.9959879,0.7637503,9.174581,-0.6047566,0.30909783,-0.74036866
133.0,0.8762778,0.47165772,9.109938,-0.7049385,0.3555236,-0.79168135
142.0,0.8762778,0.4213795,8.836999,-0.71593404,0.3481932,-0.87598073
155.0,0.9600749,0.4333505,8.4587145,-0.6817256,0.32375857,-0.9810496
162.0,1.0702082,0.49559975,8.111555,-0.65240407,0.2846632,-1.0751228
173.0,1.1540052,0.5410896,7.73806,-0.66339964,0.25045475,-1.1594223
183.0,1.2569559,0.6727707,7.261614,-0.7318166,0.17715092,-1.2449434
193.0,1.364695,0.61291564,6.9503675,-0.8417723,0.14294247,-1.3377949
203.0,1.3910311,0.61530983,6.801927,-0.93951076,0.13072516,-1.4453071
213.0,1.3934253,0.45010993,6.531382,-1.0262536,0.073303826,-1.5430456
223.0,1.4317327,0.36152446,6.4858923,-1.1264355,0.0036651916,-1.6285667
233.0,1.3503298,0.17477672,6.445191,-1.1850786,-0.056199603,-1.7214183
243.0,1.3431472,0.011971008,6.3781533,-1.187522,-0.14294247,-1.817935
254.0,1.4341269,-0.04070143,6.2488666,-1.1704178,-0.27122417,-1.9205604
263.0,1.4173675,0.079008654,5.9064956,-1.1569787,-0.42149702,-2.035403
274.0,1.4939818,0.095768064,5.6982,-1.1472049,-0.58276546,-2.1673498
283.0,1.4915876,-0.007182605,5.5162406,-1.1569787,-0.7440339,-2.3102922
293.0,1.6280571,-0.37588966,5.985504,-1.1911873,-0.88331115,-2.4544566
303.0,1.6927006,-1.0606314,6.933608,-1.1960741,-1.0177015,-2.5986207
313.0,1.8770541,-1.9991584,8.061277,-1.1154399,-1.1264355,-2.7207937
323.0,2.0518308,-2.7389667,9.11712,-0.95172805,-1.2461652,-2.7977629
335.0,2.0566192,-3.0310593,10.103531,-0.75747293,-1.3903292,-2.8344147
343.0,2.2337902,-3.2106245,10.986992,-0.57910025,-1.4990633,-2.855184
354.0,2.1212628,-3.193865,11.774684,-0.49235737,-1.5589281,-2.8576276
363.0,1.9393034,-3.4500446,12.2798605,-0.54000485,-1.5577064,-2.8160887
373.0,1.5921441,-3.572149,12.727576,-0.66950834,-1.5039502,-2.7269025
383.0,1.067814,-3.6224272,13.424289,-0.80878556,-1.4110987,-2.5925121
394.0,0.6799533,-3.2585084,14.204799,-0.874759,-1.2999213,-2.4129176
403.0,0.50278234,-3.1244333,14.5088625,-0.8698721,-1.1838568,-2.162463
413.0,0.35673606,-3.6224272,14.070724,-0.8332202,-1.105666,-1.8472565
423.0,1.5658079,-5.3701944,15.231912,-0.9089675,-1.0922271,-1.5063937
433.0,2.6647465,-7.45315,16.654066,-1.105666,-0.89919364,-1.1582005
443.0,2.8299465,-8.942344,15.952566,-1.0225884,-0.5705481,-0.752586
456.0,2.4756045,-8.872911,15.315708,-0.75747293,-0.3115413,-0.31031954
464.0,2.315193,-8.714894,15.313314,-0.5290093,-0.039095376,0.03176499
474.0,1.6663644,-8.947132,15.928624,-0.344528,0.44837508,0.2761111
483.0,0.46686932,-7.9702973,16.522387,-0.032986723,0.9602802,0.57543504
494.0,-0.31603462,-6.2823853,16.895882,0.30909783,1.2742649,0.8772025
504.0,-0.6703765,-4.84347,16.31409,0.46181414,1.4514158,1.070236
515.0,-0.533907,-4.1802764,15.377957,0.35308012,1.6468927,1.2217305
524.0,-0.2681506,-4.307169,14.690822,0.12461651,1.9083431,1.4269812
533.0,-0.21068975,-4.522647,14.106636,-0.064751714,2.194228,1.6639969
544.0,-0.2753332,-4.51307,13.297397,-0.10873401,2.443461,1.8802432
554.0,-0.33758244,-4.402937,12.310986,0.03176499,2.5802948,2.0598376
564.0,-0.2873042,-4.2305546,11.410766,0.21380283,2.6352727,2.211332
575.0,-0.16998832,-4.098873,10.800244,0.3213151,2.687807,2.3542747
583.0,0.019153614,-3.8067808,10.189722,0.3555236,2.7440066,2.488665
594.0,0.17717093,-3.3901896,9.911995,0.4129449,2.7794368,2.5998425
604.0,0.4429273,-3.0095115,9.404425,0.5338962,2.783102,2.6633725
614.0,0.49320555,-2.4851813,8.750807,0.63163465,2.7403414,2.7061331
624.0,0.49559975,-1.9919758,8.334216,0.65240407,2.6865854,2.7537806
637.0,0.5243302,-1.7836803,7.5824366,0.6267477,2.6426032,2.787989
647.0,0.35194764,-1.5777789,6.7109475,0.5876524,2.5619688,2.7867672
658.0,0.16280572,-1.1252748,5.9902925,0.44715336,2.2516494,2.702468
666.0,0.12210429,-0.62488663,5.2887917,0.44715336,2.2516494,2.702468
677.0,0.110133275,-0.4405331,5.044583,0.32986724,2.094046,2.6597073
686.0,-0.011971008,-0.32321724,4.8482585,0.21135938,1.9401081,2.6267207
699.0,-0.25857377,-0.29209262,4.915296,0.118507855,1.7788396,2.5949554
707.0,-0.4381389,-0.088585466,4.76925,0.09162979,1.5650368,2.5277603
718.0,-0.51954174,0.45250413,4.3023806,0.13561209,1.2657127,2.3970351
727.0,-0.5386954,1.0199299,3.7660792,0.15271631,0.91507614,2.2308798
737.0,-0.5386954,1.1252748,3.5410242,0.061086524,0.61453044,2.0793853
746.0,-0.6368576,0.1364695,3.3566709,-0.1001819,0.14782938,1.8289305
758.0,-0.7015011,0.24420857,3.2225955,0.058643065,-0.1685988,1.6798794
765.0,-0.7350199,0.7278373,2.9855695,0.27122417,-0.53878313,1.5112807
776.0,-0.8283938,1.2737153,2.8514943,0.35430184,-0.8894198,1.346347
786.0,-1.0223241,1.4796166,2.8083985,0.2761111,-1.1691961,1.1948525
797.0,-1.2282255,1.3000516,3.1603463,0.12217305,-1.396438,1.0445796
806.0,-1.3383588,1.0414777,3.8522706,-0.02687807,-1.609019,0.88208944
818.0,-1.541866,0.58657944,5.0517654,-0.10262536,-1.817935,0.71959925
828.0,-1.5131354,-0.038307227,6.469133,-0.07086037,-2.0073032,0.57910025
838.0,-1.400608,-0.6631939,8.123527,0.061086524,-2.1636846,0.47036624
848.0,-1.3144168,-1.0007763,9.888053,0.25289822,-2.2821925,0.39706242
859.0,-1.271321,-1.1779473,11.652579,0.49113566,-2.3371704,0.35430184
867.0,-1.328782,-1.0893618,12.641385,0.72326446,-2.3200662,0.34697145
877.0,-1.6543933,-0.7038953,12.179304,0.9138544,-2.2773056,0.36163223
886.0,-1.4652514,0.04309563,11.841722,1.0054842,-2.2540927,0.36285394
896.0,-0.1604115,0.15083471,9.069236,0.99082345,-2.1697934,0.3481932
907.0,2.291251,1.055843,17.219099,0.91874135,-1.9730947,0.27366763
917.0,2.3199813,3.6415808,21.42571,-0.02687807,-1.0958922,0.080634214
928.0,1.5729905,0.12210429,20.949265,-1.3170254,0.0842994,0.13072516
939.0,-0.7493851,-2.4732103,17.860744,-1.91323,1.001819,0.22235495
948.0,-3.739743,-2.89459,14.358027,-1.5809193,1.5662584,0.095294975
959.0,-5.12838,-1.8986019,11.145009,-0.56321776,1.3891076,-0.15882497
967.0,-4.0677485,0.19871874,9.785102,0.2321288,0.9138544,-0.37995818
978.0,-2.0949266,1.484405,9.959879,0.36163223,0.7305948,-0.344528
987.0,-0.78290397,2.1452048,10.381259,-0.204029,0.8405506,-0.10140363
998.0,-0.34476504,1.5107412,10.125079,-1.0836749,1.1691961,0.12705997
1007.0,-1.0869676,0.019153614,9.200917,-1.5882497,1.518611,0.18203785
1016.0,-2.2720973,-1.1779473,7.9726915,-1.4636332,1.6151277,0.07452556
1026.0,-3.1268275,-1.6017209,6.9647326,-0.92485,1.4110987,-0.056199603
1038.0,-3.122039,-1.0079589,6.1770406,-0.32620203,1.0115929,-0.09162979
1046.0,-2.5833437,0.10295067,5.544971,0.05497787,0.5729916,-0.021991149
1069.0,-2.0757728,0.8643068,4.9057193,0.14782938,0.2284636,0.080634214
1071.0,-1.8267759,1.1085154,4.3981485,0.021991149,-0.007330383,0.13561209
1074.0,-1.9800048,0.8571242,4.51307,-0.1881465,-0.1600467,0.11362094
1086.0,-2.3582888,0.19153613,4.867412,-0.3323107,-0.312763,0.056199603
1094.0,-2.4899697,-0.39504328,5.2121773,-0.3115413,-0.5375614,0.014660766
1103.0,-2.360683,-0.90261406,5.427655,-0.13194689,-0.86254174,-0.009773844
1115.0,-1.9895816,-1.1324574,5.8586116,0.09407325,-1.2205088,-0.04153884
1123.0,-1.5514427,-1.2904748,6.9383965,0.29932398,-1.5063937,-0.09162979
1134.0,-1.0223241,-1.4413095,8.607155,0.4801401,-1.7006488,-0.12461651
1144.0,-0.63206923,-1.6950948,10.2495775,0.63163465,-1.7971655,-0.09407325
1155.0,-0.38067806,-1.8507179,11.168951,0.7855727,-1.8289305,-0.009773844
1164.0,0.019153614,-2.0757728,7.2448545,0.9810496,-1.863139,0.07086037
1177.0,2.4779987,-0.5554548,15.698781,1.2815952,-1.863139,0.040317107
1185.0,3.2632968,1.4149733,20.726604,0.84299403,-1.1643091,-0.04886922
1195.0,3.5170822,-1.3383588,20.728998,-0.42149702,-0.31887165,0.10140363
1206.0,1.6448165,-3.6272156,18.270153,-1.5601498,0.6585127,0.22602014
1215.0,-2.0159178,-4.177882,14.587871,-1.7324139,1.5796975,0.089186326
1227.0,-4.7740383,-2.9712043,11.224017,-0.9443977,1.6884315,-0.14782938
1239.0,-5.0182467,-0.6607997,9.437943,-0.089186326,1.2253957,-0.33841935
1246.0,-3.1914709,0.8499416,9.267955,0.22602014,0.9077458,-0.30543262
1259.0,-1.1755531,0.830788,9.813833,-0.11484267,0.9077458,-0.05009095
1267.0,-0.29688102,0.40940848,10.287885,-0.90285885,1.1838568,0.22235495
1279.0,-1.0271125,-0.545878,10.007763,-1.5332718,1.6163495,0.3359759
1287.0,-2.6384103,-1.6591818,9.064447,-1.5491543,1.8741345,0.2919936
1299.0,-3.6607344,-2.1428106,7.773973,-1.0726794,1.7336355,0.18448131
1307.0,-3.7972038,-1.6352397,6.703765,-0.45081854,1.3353515,0.105068825
1318.0,-3.083732,-0.7230489,5.98311,0.036651913,0.893085,0.112399206
1328.0,-2.2697031,0.093373865,5.506664,0.26267207,0.54000485,0.18448131
1339.0,-1.8962077,0.6655881,5.12838,0.23945917,0.31887165,0.23945917
1349.0,-1.9560628,0.79008657,4.9344497,0.0720821,0.1881465,0.24923302
1361.0,-2.396596,0.61530983,4.8698063,-0.095294975,0.057421334,0.22479841
1366.0,-2.7102363,0.2777274,5.056554,-0.1600467,-0.13683382,0.19058995
1377.0,-2.6839,-0.11252748,5.2840033,-0.10873401,-0.41783184,0.15515977
1389.0,-2.336741,-0.51954174,5.57849,0.052534413,-0.7611381,0.112399206
1398.0,-1.6998832,-1.1324574,6.2368956,0.25778514,-1.0873401,0.052534413
1408.0,-1.1468226,-1.6304513,7.4148426,0.47036624,-1.328021,-0.018325957
1420.0,-0.7350199,-1.9249382,8.710106,0.7012733,-1.4953982,-0.073303826
1428.0,-0.7134721,-1.9297266,9.399636,0.9663888,-1.6126842,-0.1001819
1439.0,-0.8499416,-1.6232687,9.239224,1.2473868,-1.7348573,-0.10873401
1449.0,-0.94810385,-0.59615624,4.256891,1.4636332,-1.8997909,-0.11484267
1460.0,1.3359646,0.36391866,10.271125,1.2522738,-1.5259414,-0.22968534
1468.0,1.6089035,2.858677,14.05157,1.2522738,-1.5259414,-0.22968534
1480.0,1.8579005,1.2234371,16.318878,-0.017104227,-0.81122905,-0.06352998
1487.0,1.1085154,-1.8866309,16.340427,-1.2327261,-0.17959438,0.059864793
1499.0,-1.1180922,-4.5418005,15.655684,-1.7153096,0.5497787,0.04642576
1508.0,-3.2489316,-5.0062757,14.085089,-1.4159856,0.7892379,-0.007330383
1520.0,-3.6343982,-3.098097,12.2559185,-0.7806858,0.47403142,-0.15515977
1528.0,-2.9281087,-0.842759,10.8385515,-0.095294975,0.1282817,-0.22479841
1540.0,-1.8100165,0.49081135,9.962274,0.26511553,-0.02321288,-0.1563815
1547.0,-1.0271125,0.04309563,9.753978,-0.103847094,0.23579398,0.030543262
1560.0,-1.0151415,-1.2186487,10.146626,-0.2406809,0.45448375,0.07086037
1567.0,-1.3215994,-1.8315643,10.120291,-0.13561209,0.54244834,0.09896017
1577.0,-1.4796166,-1.2162545,9.85214,0.0842994,0.47158796,0.103847094
1589.0,-1.4460979,-0.17956513,9.694122,0.28221974,0.36896262,0.073303826
1598.0,-1.3024458,0.36152446,9.478644,0.31398472,0.34330627,0.040317107
1609.0,-1.2306197,0.25139117,9.52174,0.12583824,0.42760566,0.037873644
1618.0,-1.4460979,-0.24181437,9.835381,-0.18448131,0.5839872,0.06963864
1628.0,-1.7884687,-0.80684596,10.352529,-0.49846604,0.7367035,0.11362094
1639.0,-2.0566192,-1.1468226,10.668563,-0.7134906,0.8368854,0.13927728
1649.0,-2.1667526,-1.4101849,10.409989,-0.7733554,0.8588765,0.15149458
1660.0,-2.195483,-1.5370775,9.847352,-0.657291,0.79534656,0.16982053
1667.0,-2.3056161,-1.3742718,9.057265,-0.4447099,0.70616025,0.16982053
1677.0,-2.2505496,-1.2162545,8.504205,-0.21991149,0.61208695,0.13927728
1688.0,-2.2601264,-0.9600749,8.090008,-0.043982297,0.5204572,0.1001819
1698.0,-2.183512,-0.80205756,7.908048,0.05375614,0.42638394,0.08307768
1709.0,-2.1332338,-0.7541735,7.6973586,0.0842994,0.35185838,0.087964594
1719.0,-2.1428106,-0.7613561,7.666234,0.081855945,0.25900686,0.09040806
1730.0,-2.0685902,-0.92655605,7.5345526,0.07941248,0.15760323,0.07941248
1740.0,-2.1284454,-1.0223241,7.359776,0.10995574,0.037873644,0.062308256
1749.0,-2.0638018,-1.151611,7.3525934,0.17470746,-0.08674286,0.043982297
1761.0,-1.9919758,-0.9816227,7.3909006,0.25778514,-0.22602014,0.028099801
1768.0,-1.922544,-0.5793968,7.445967,0.34208453,-0.3726278,0.012217305
1781.0,-1.6519991,-0.36870706,7.5465236,0.40683624,-0.5045747,-0.007330383
1789.0,-1.4413095,-0.272939,7.8984714,0.43249258,-0.61819565,-0.02321288
1798.0,-1.2593501,-0.641646,8.298303,0.4251622,-0.6817256,-0.030543262
1809.0,-1.1300632,-1.3000516,8.331821,0.4202753,-0.7134906,-0.02443461
1819.0,-0.47405192,-1.7310078,8.896853,0.45081854,-0.7538077,-0.02321288
1830.0,-0.50757074,-0.81402856,11.051635,0.47403142,-0.6658431,-0.057421334
1840.0,-0.7469909,-0.581791,12.138602,0.18448131,-0.39706242,-0.047647487
1847.0,-1.1803415,-1.508347,12.636597,-0.2565634,-0.17348573,0.010995574
1858.0,-1.8890251,-1.9728222,12.373235,-0.5338962,0.057421334,-0.002443461
1869.0,-2.504335,-2.5115175,11.346122,-0.5143485,0.16371189,-0.029321533
1878.0,-2.56419,-2.3439236,10.299856,-0.31398472,0.096516706,-0.03176499
1890.0,-2.1763294,-1.4197617,9.572019,-0.10140363,-0.012217305,-0.043982297
1900.0,-1.8387469,-0.60812724,9.107543,0.047647487,-0.06841691,-0.052534413
1910.0,-1.7118542,-0.33279404,8.693346,0.04642576,-0.07086037,-0.043982297
1920.0,-1.697489,-0.45729253,8.597578,-0.05497787,-0.02565634,-0.014660766
1927.0,-1.7645266,-0.8523358,8.731653,-0.12705997,0.02443461,0.012217305
1940.0,-1.7932571,-1.0630256,8.925584,-0.1160644,0.021991149,0.012217305
1948.0,-1.7525556,-1.0510546,9.083601,-0.019547688,-0.02321288,-0.012217305
1960.0,-1.6639702,-0.8523358,9.279925,0.09773844,-0.0720821,-0.037873644
1968.0,-1.5897499,-0.6679823,9.334992,0.16615535,-0.1001819,-0.05131268
1979.0,-1.6041151,-0.7517793,9.497798,0.16126843,-0.1001819,-0.05497787
1989.0,-1.5131354,-0.8523358,9.682152,0.105068825,-0.07452556,-0.058643065
2000.0,-1.5490485,-0.8882488,9.82341,0.037873644,-0.043982297,-0.058643065
2010.0,-1.5801731,-1.1013328,9.921572,-0.015882496,-0.019547688,-0.057421334
2021.0,-1.5298948,-1.0773908,9.866506,-0.040317107,0.004886922,-0.05497787
2028.0,-1.5729905,-1.1085154,9.832987,-0.03176499,0.010995574,-0.052534413
2039.0,-1.6448165,-1.1061212,9.610326,-0.009773844,0.013439035,-0.047647487
2051.0,-1.721431,-1.0175357,9.648633,0.008552114,0.0061086523,-0.042760566
2084.0,-1.6280571,-1.0199299,9.552865,0.019547688,-0.0012217305,-0.040317107
2085.0,-1.6903064,-0.9744401,9.545682,0.018325957,-0.0012217305,-0.034208454
2086.0,-1.6160861,-1.0103531,9.607931,0.013439035,0.002443461,-0.028099801
2086.0,-1.6472107,-0.9959879,9.49301,0.021991149,0.007330383,-0.02321288
2097.0,-1.7717092,-0.9864111,9.533711,0.036651913,0.002443461,-0.017104227
2108.0,-1.6352397,-1.0319009,9.562442,0.04153884,-0.0012217305,-0.017104227
2120.0,-1.6448165,-1.0965444,9.555259,0.039095376,-0.002443461,-0.017104227
2130.0,-1.5777789,-0.9816227,9.488221,0.039095376,-0.004886922,-0.012217305
2139.0,-1.553837,-1.0462662,9.543288,0.036651913,0.0036651916,-0.004886922
2147.0,-1.6017209,-0.9504981,9.526528,0.030543262,0.013439035,0.0
2159.0,-1.6807296,-0.9911995,9.514558,0.02565634,0.018325957,0.004886922
2169.0,-1.6759412,-0.9792285,9.540894,0.03176499,0.021991149,0.0061086523
2178.0,-1.6783354,-0.89064306,9.5385,0.042760566,0.019547688,0.004886922
2190.0,-1.6160861,-0.89064306,9.55047,0.05131268,0.012217305,-0.002443461
2200.0,-1.6041151,-0.9552865,9.485827,0.05131268,0.009773844,-0.014660766
2208.0,-1.5705963,-0.8882488,9.414001,0.040317107,0.012217305,-0.02321288
2220.0,-1.541866,-0.9840169,9.414001,0.02565634,0.019547688,-0.02565634
2229.0,-1.5155296,-0.9888053,9.299079,0.014660766,0.030543262,-0.02443461
2239.0,-1.5610195,-0.9672575,9.294291,0.0036651916,0.034208454,-0.02076942
2250.0,-1.6328455,-1.0199299,9.299079,-0.004886922,0.039095376,-0.014660766
2262.0,-1.6496049,-1.0845734,9.349358,0.0012217305,0.039095376,-0.009773844
2269.0,-1.5897499,-1.1085154,9.363723,0.021991149,0.02565634,-0.010995574
2280.0,-1.5921441,-1.0223241,9.375694,0.05009095,0.009773844,-0.017104227
2288.0,-1.6639702,-0.9720459,9.411607,0.06841691,0.004886922,-0.02076942
2299.0,-1.6065093,-0.9528923,9.392453,0.07574729,0.004886922,-0.019547688
2308.0,-1.4987702,-0.8738836,9.404425,0.07696902,-0.0012217305,-0.013439035
2321.0,-1.5562311,-0.8619126,9.323022,0.06963864,0.002443461,-0.0061086523
2328.0,-1.5179238,-0.7469909,9.263166,0.059864793,-0.004886922,-0.0012217305
2339.0,-1.5346833,-0.78769237,9.346964,0.04520403,-0.014660766,0.0012217305
2349.0,-1.5873557,-0.80924016,9.411607,0.02076942,-0.010995574,0.004886922
2360.0,-1.6280571,-0.770933,9.476251,-0.019547688,-0.017104227,0.002443461
2369.0,-1.6591818,-0.7685388,9.526528,-0.019547688,-0.017104227,0.002443461
2381.0,-1.5801731,-0.8523358,9.488221,-0.019547688,-0.017104227,-0.009773844
2388.0,-1.5346833,-0.89782566,9.67018,-0.0061086523,-0.012217305,-0.012217305
2400.0,-1.5346833,-0.9672575,9.603143,0.004886922,-0.012217305,-0.009773844
2409.0,-1.5610195,-0.94570965,9.543288,0.014660766,-0.012217305,-0.007330383
2420.0,-1.6208745,-0.8714894,9.536105,0.021991149,-0.007330383,-0.0061086523
2429.0,-1.6232687,-0.8690952,9.593566,0.02076942,-0.0036651916,-0.0061086523
2441.0,-1.6519991,-0.90740246,9.478644,0.015882496,0.002443461,-0.004886922
2449.0,-1.6472107,-0.89303726,9.531317,0.015882496,0.0061086523,-0.002443461
2460.0,-1.7142484,-0.9504981,9.562442,0.018325957,0.009773844,-0.0061086523
2470.0,-1.6352397,-1.0007763,9.540894,0.019547688,0.008552114,-0.008552114
2481.0,-1.6376339,-0.9816227,9.440337,0.018325957,0.013439035,-0.0061086523
2489.0,-1.6232687,-0.92176765,9.406818,0.021991149,0.013439035,-0.002443461
2502.0,-1.6136919,-0.9816227,9.404425,0.02687807,0.013439035,0.0012217305
2508.0,-1.6065093,-0.9840169,9.478644,0.021991149,0.013439035,-0.0012217305
2518.0,-1.6352397,-0.9672575,9.512163,0.013439035,0.021991149,0.0
2529.0,-1.6663644,-0.9840169,9.466674,0.014660766,0.021991149,0.004886922
2538.0,-1.6448165,-0.8882488,9.502586,0.014660766,0.02076942,0.004886922
2549.0,-1.5849615,-0.93852705,9.552865,0.007330383,0.02076942,0.002443461
2561.0,-1.5514427,-0.91697925,9.531317,-0.002443461,0.032986723,0.0036651916
2569.0,-1.5825673,-0.93373865,9.423578,-0.0061086523,0.032986723,0.004886922
2581.0,-1.6136919,-0.93852705,9.442732,-0.008552114,0.039095376,0.0036651916
2588.0,-1.5969325,-0.89064306,9.478644,-0.008552114,0.04520403,-0.0012217305
2599.0,-1.6017209,-0.94810385,9.500193,0.0012217305,0.04520403,-0.0036651916
2608.0,-1.6496049,-1.0031705,9.536105,0.021991149,0.05131268,-0.002443461
2620.0,-1.5897499,-0.91219085,9.483433,0.047647487,0.040317107,-0.0012217305
2628.0,-1.6639702,-0.8355764,9.433155,0.065973446,0.02687807,-0.004886922
2639.0,-1.661576,-0.8690952,9.41879,0.06352998,0.02321288,-0.0061086523
2649.0,-1.5825673,-0.866701,9.394848,0.04153884,0.032986723,0.0
2660.0,-1.5729905,-0.90500826,9.334992,0.012217305,0.035430185,0.0061086523
2669.0,-1.5849615,-0.92895025,9.323022,-0.0061086523,0.03176499,0.007330383
2679.0,-1.6017209,-0.8738836,9.3182335,-0.004886922,0.032986723,0.004886922
2688.0,-1.5921441,-0.8834604,9.32781,0.0,0.030543262,0.004886922
2700.0,-1.5442601,-0.9600749,9.31105,0.0,0.02565634,0.004886922
2708.0,-1.6400281,-0.9624691,9.294291,-0.002443461,0.019547688,0.0036651916
2721.0,-1.6543933,-0.9720459,9.349358,-0.004886922,0.013439035,-0.0012217305
2731.0,-1.6759412,-0.89782566,9.3421755,-0.012217305,0.0036651916,-0.007330383
2743.0,-1.6472107,-0.91219085,9.404425,-0.032986723,0.007330383,-0.012217305
2749.0,-1.6567876,-0.9552865,9.361329,-0.056199603,0.013439035,-0.015882496
2760.0,-1.733402,-1.0103531,9.43076,-0.065973446,0.017104227,-0.017104227
2770.0,-1.6543933,-1.0510546,9.433155,-0.057421334,0.009773844,-0.017104227
2781.0,-1.721431,-0.9864111,9.380483,-0.042760566,-0.0012217305,-0.018325957
2791.0,-1.6879122,-0.9959879,9.378088,-0.029321533,-0.004886922,-0.017104227
2801.0,-1.7310078,-0.93613285,9.406818,-0.02565634,-0.004886922,-0.013439035
2811.0,-1.6998832,-0.9816227,9.385271,-0.02687807,-0.0061086523,-0.013439035
2820.0,-1.6950948,-0.8571242,9.411607,-0.03176499,-0.008552114,-0.010995574
2829.0,-1.7166426,-0.8690952,9.390059,-0.039095376,-0.008552114,-0.007330383
2839.0,-1.6879122,-0.8475474,9.433155,-0.04886922,-0.009773844,-0.0061086523
2849.0,-1.7070658,-0.8595184,9.579201,-0.05009095,-0.007330383,-0.0061086523
2862.0,-1.6304513,-0.9768343,9.595961,-0.030543262,-0.004886922,-0.0012217305
2869.0,-1.6927006,-0.8475474,9.572019,-0.0012217305,-0.009773844,0.0012217305
2880.0,-1.7070658,-0.7637503,9.583989,0.02321288,-0.02321288,0.0
2890.0,-1.6472107,-0.7637503,9.52174,0.02443461,-0.02076942,-0.0061086523
2900.0,-1.7118542,-0.78769237,9.497798,0.0012217305,-0.007330383,-0.0061086523
2910.0,-1.6831238,-0.842759,9.461885,-0.030543262,0.010995574,-0.0036651916
2921.0,-1.733402,-0.8403648,9.485827,-0.04886922,0.014660766,-0.0036651916
2931.0,-1.661576,-0.9648633,9.49301,-0.04642576,0.0036651916,-0.007330383
2940.0,-1.7190368,-1.0031705,9.531317,-0.029321533,0.007330383,-0.007330383
2949.0,-1.769315,-0.9983821,9.574412,-0.007330383,0.0036651916,-0.002443461
2959.0,-1.7118542,-0.94092125,9.545682,0.014660766,-0.007330383,0.0
2972.0,-1.6783354,-0.8619126,9.622296,0.028099801,-0.008552114,0.0
2982.0,-1.6543933,-0.92895025,9.603143,0.02687807,-0.007330383,0.0036651916
2993.0,-1.7286136,-0.8762778,9.588778,0.02443461,-0.0061086523,0.008552114
3000.0,-1.7549498,-0.8403648,9.562442,0.02687807,-0.004886922,0.010995574
3011.0,-1.745373,-0.8858546,9.552865,0.028099801,0.0036651916,0.010995574
3020.0,-1.70946,-0.79248077,9.548077,0.03176499,0.008552114,0.009773844
