21.0,-2.6791117,7.515399,6.2967505,0.07696902,-0.081855945,0.06352998
36.0,-3.2034419,7.252037,6.3566055,0.16493362,0.105068825,-0.0842994
46.0,-2.954445,7.0700774,6.3949127,-0.004886922,-0.2687807,-0.30665436
46.0,-2.6551697,6.9000893,6.3350577,-0.12950343,-0.44104472,-0.3359759
61.0,-2.6288335,6.9264255,6.3087215,-0.008552114,0.33108896,0.0012217305
64.0,-2.813187,6.9240313,6.253655,0.0012217305,0.31764993,-0.0012217305
77.0,-2.3008277,7.1849995,6.1770406,-0.0036651916,0.14538592,-0.037873644
85.0,-2.7581203,7.1227503,6.1938,-0.028099801,0.002443461,-0.07696902
95.0,-3.086126,7.103596,6.105214,-0.03176499,-0.017104227,-0.1160644
105.0,-2.954445,6.9264255,6.2584434,-0.05375614,-0.032986723,-0.15760323
118.0,-2.6886885,6.9168487,6.2608376,-0.0842994,-0.034208454,-0.16126843
125.0,-2.6408045,6.9623384,6.2392898,-0.10629055,-0.02687807,-0.1441642
136.0,-2.6647465,6.847417,6.289568,-0.12583824,-0.02443461,-0.13683382
145.0,-2.7461493,6.861782,6.4188547,-0.1441642,-0.021991149,-0.14782938
155.0,-2.7126305,6.8569937,6.4380083,-0.1563815,-0.02076942,-0.17470746
165.0,-2.528277,6.8186865,6.4404025,-0.14905111,-0.02687807,-0.204029
176.0,-2.4420857,6.8210807,6.3446345,-0.13072516,-0.02443461,-0.22235495
187.0,-2.4229321,6.871359,6.291962,-0.09040806,-0.019547688,-0.22357668
195.0,-2.542642,6.8522053,6.191406,-0.047647487,-0.02687807,-0.21624629
206.0,-2.597709,6.9048777,6.093243,-0.059864793,-0.037873644,-0.20525073
217.0,-2.7461493,6.835446,6.0118403,-0.1600467,-0.037873644,-0.19914207
226.0,-2.7389667,6.9120603,6.0238113,-0.32253686,-0.02443461,-0.20525073
237.0,-2.6839,7.0485296,6.0525417,-0.49968776,-0.012217305,-0.23090707
245.0,-2.6719291,7.1586633,6.0118403,-0.6621779,-0.004886922,-0.27366763
255.0,-2.6791117,7.4363904,6.0405707,-0.8368854,0.02565634,-0.32253686
265.0,-2.5809495,7.4627266,6.2608376,-1.0604621,0.065973446,-0.37873647
275.0,-2.4827871,7.479486,6.4858923,-1.3622295,0.12950343,-0.45448375
286.0,-2.4133554,7.40766,6.7923503,-1.7348573,0.21991149,-0.5534439
296.0,-2.3104045,7.3549876,7.1849995,-2.1844542,0.3213151,-0.6743952
305.0,-2.3415294,7.321469,7.702147,-3.4416149,0.6609562,-0.88697636
316.0,-2.372654,7.326257,8.291121,-3.4416149,0.6609562,-0.88697636
326.0,-2.3104045,7.36217,8.559271,-4.2943826,0.91507614,-0.9578367
336.0,-2.4708161,7.103596,9.129091,-6.007249,1.6371188,-1.1826351
345.0,-2.7485435,6.6989765,10.072407,-6.5338144,2.0134118,-1.3243558
356.0,-3.016694,4.331111,11.336545,-6.6999702,2.3383923,-1.3768903
365.0,-3.1316159,2.420538,12.014104,-6.5435886,2.6755898,-1.2925909
376.0,-3.4931402,0.46208093,12.191275,-6.0255747,2.973692,-1.1667526
385.0,-4.295198,-0.9983821,12.172121,-5.281541,3.1984904,-1.0079277
395.0,-5.267244,-1.6280571,12.097901,-4.437325,3.3707545,-0.7892379
406.0,-6.0956373,-1.5873557,11.968615,-3.6334264,3.481932,-0.5180137
417.0,-6.6534867,-1.0630256,12.0571995,-2.987131,3.5234706,-0.2406809
425.0,-6.6079965,-0.7661445,11.992557,-2.5705209,3.5112534,-0.004886922
436.0,-6.169858,-0.9864111,11.147403,-2.4129176,3.5246925,0.17715092
445.0,-5.9160724,-1.508347,10.139444,-2.4361305,3.6432004,0.35185838
456.0,-6.279991,-2.327164,9.598354,-2.5143213,3.794695,0.58276546
465.0,-7.165846,-3.0262709,9.01417,-2.5363126,3.876551,0.893085
477.0,-7.9966335,-3.0693667,8.078036,-2.403144,3.8521163,1.2681563
485.0,-8.391677,-2.944868,7.3885064,-2.140472,3.7152824,1.6566665
496.0,-8.283937,-2.456451,6.4547677,-1.8533652,3.4917057,1.9963076
505.0,-8.137892,-1.8507179,5.5162406,-1.6175711,3.286455,2.2773056
516.0,-8.00621,-1.3599066,4.8506527,-1.4746287,3.1618385,2.475226
525.0,-7.9248075,-0.8690952,4.010288,-1.3707817,3.068987,2.5802948
536.0,-7.831434,-0.6751649,3.430891,-1.2498302,2.9565878,2.6230555
545.0,-7.836222,-0.272939,2.9017725,-1.0995574,2.7953193,2.6499333
556.0,-7.6135616,0.06943185,2.4037786,-0.9016371,2.6035078,2.7097983
565.0,-7.374141,0.23702596,2.0039468,-0.6731735,2.398257,2.7953193
575.0,-7.1873937,0.24660277,1.5490485,-0.44837508,2.1917844,2.879619
585.0,-7.0605006,0.39504328,1.091756,-0.25411993,2.0476203,2.9553661
599.0,-7.129933,0.79248077,0.8619126,-0.06963864,1.9168952,3.0079005
607.0,-7.079654,1.1348516,0.7565677,0.118507855,1.7654005,3.0274482
619.0,-6.979098,1.5179238,0.44532153,0.31398472,1.6016886,3.015231
628.0,-6.835446,1.673547,0.2681506,0.48991394,1.4367551,2.973692
639.0,-6.631939,1.8938135,0.1412579,0.61086524,1.3096951,2.9162707
648.0,-6.4308257,2.1308396,-0.1412579,0.6658431,1.2217305,2.8710666
660.0,-6.3111157,2.4157495,-0.23702596,0.657291,1.1410962,2.8441887
667.0,-6.3781533,2.9903579,-0.35913026,0.59986967,1.0567969,2.833193
679.0,-6.4858923,3.5410242,-0.34237084,0.53878313,0.96761054,2.833193
689.0,-6.679823,4.072537,-0.11252748,0.50701815,0.8564331,2.823419
698.0,-6.7205243,4.465186,0.23223756,0.5180137,0.73548174,2.791654
707.0,-6.766014,5.1666875,0.7015011,0.56321776,0.61819565,2.7317894
721.0,-6.5840545,5.8945246,0.90261406,0.6560693,0.5314528,2.660929
727.0,-6.564901,6.8522053,0.9840169,0.816116,0.48380527,2.5925121
738.0,-6.483498,7.651869,0.90261406,1.0323622,0.50335294,2.5143213
747.0,-6.6056023,8.121132,0.61291564,1.2339478,0.5497787,2.411696
758.0,-6.945579,8.295909,0.19871874,1.3622295,0.59986967,2.2858577
768.0,-7.299921,8.6095495,-0.11252748,1.4086553,0.63041294,2.1429152
781.0,-7.764396,9.169792,-0.23702596,1.378112,0.59742624,1.971873
787.0,-7.9272017,10.242394,-0.2896984,1.3048081,0.5375614,1.7592919
799.0,-7.714118,11.403583,-0.10055647,1.2241739,0.44959682,1.4929546
809.0,-7.429208,12.3876,0.095768064,1.1386528,0.44226643,1.205848
820.0,-7.374141,13.005303,0.24899697,1.065349,0.47525316,0.9443977
828.0,-7.457938,12.993333,0.30166942,0.98715824,0.50579643,0.7330383
840.0,-7.8027034,12.454638,0.39983168,0.9016371,0.52778757,0.5412266
849.0,-8.1402855,12.1840925,0.31124622,0.84421575,0.51068336,0.33108896
858.0,-8.391677,12.162544,0.07182605,0.86132,0.45081854,0.09407325
868.0,-8.485051,12.188881,-0.12210429,0.91507614,0.34697145,-0.12950343
879.0,-8.5473,12.433089,-0.21068975,0.88208944,0.24190263,-0.30176744
888.0,-8.295909,12.265495,-0.50038815,0.72692966,0.15149458,-0.44837508
899.0,-8.054094,11.281479,-0.6823475,0.43127087,0.0720821,-0.6267477
907.0,-7.8266454,10.453085,-0.8834604,0.064751714,0.030543262,-0.8344419
920.0,-7.73806,10.060435,-0.85473,-0.24190263,0.0,-1.0433578
928.0,-7.836222,10.156203,-0.6512229,-0.39095375,-0.06352998,-1.2388347
939.0,-7.7667904,10.680533,-0.6584055,-0.38973203,-0.21013765,-1.4257594
947.0,-7.539341,11.118672,-0.8882488,-0.36896262,-0.408058,-1.613906
960.0,-7.338228,11.647791,-1.0941502,-0.43860126,-0.56077427,-1.8338175
969.0,-6.9407907,11.858481,-1.2737153,-0.5497787,-0.6927212,-2.1355848
979.0,-6.801927,11.307815,-1.1851299,-0.7733554,-0.8014552,-2.4630086
987.0,-6.4619503,10.81461,-1.3311762,-1.0103711,-0.9077458,-2.7989845
999.0,-6.054936,9.933543,-0.4213795,-1.0922271,-1.0458013,-3.1887167
1007.0,-5.422867,8.846576,0.24420857,-1.0384709,-1.1533136,-3.5442402
1020.0,-4.6471453,7.16824,0.8619126,-0.8503244,-1.2034045,-3.8166862
1029.0,-3.9264908,5.463568,1.4460979,-0.6646214,-1.2412782,-4.020715
1039.0,-3.430891,4.19943,0.6895301,-0.52290064,-1.1936307,-4.0818014
1048.0,-3.3614593,3.3566709,-0.4237737,-0.37873647,-1.097114,-4.0097194
1072.0,-3.5410242,2.3582888,-0.40462008,-0.2883284,-1.0543534,-3.943746
1072.0,-3.550601,1.2473791,0.50038815,-0.3115413,-1.128879,-3.9474113
1077.0,-2.9520507,-0.12210429,1.4891934,-0.44226643,-1.210735,-3.9962804
1087.0,-2.1787236,-1.3718776,1.0151415,-0.5180137,-1.1899655,-4.034154
1097.0,-1.2258313,-2.645593,0.6512229,-0.4202753,-1.0567969,-4.002389
1107.0,-0.93852705,-4.0438066,1.910573,-0.25534168,-0.86009824,-3.8484511
1119.0,-1.1468226,-5.801151,2.6910827,-0.2125811,-0.6963864,-3.5674531
1127.0,-1.6232687,-6.981492,2.2002714,-0.22968534,-0.548557,-3.1764994
1139.0,-2.6791117,-7.2113357,2.7964275,-0.14294247,-0.4129449,-2.6939158
1148.0,-3.9743748,-6.859388,3.0550013,0.032986723,-0.34208453,-2.1820107
1157.0,-4.975151,-6.739678,2.8634653,0.22724187,-0.35430184,-1.7336355
1167.0,-5.3606176,-6.6079965,2.920926,0.3115413,-0.4251622,-1.4123205
1177.0,-5.341464,-6.373365,2.89459,0.21746802,-0.4605924,-1.1679744
1187.0,-5.303157,-6.0022635,2.5306711,-0.028099801,-0.35796702,-0.91629785
1198.0,-5.449203,-5.4899044,2.291251,-0.34574974,-0.16371189,-0.6243043
1208.0,-6.2728086,-5.116409,2.5187001,-0.73914695,0.19914207,-0.059864793
1219.0,-7.4603324,-4.6662993,2.825158,-0.73914695,0.19914207,-0.059864793
1228.0,-8.487445,-4.3023806,2.9161377,-0.6230826,0.23701571,0.10262536
1239.0,-9.052477,-3.8402996,2.822764,-0.073303826,0.02443461,0.2919936
1249.0,-9.083601,-3.122039,2.7389667,0.0842994,-0.09896017,0.40439278
1258.0,-8.836999,-1.5346833,2.372654,0.07819075,-0.10873401,0.5180137
1268.0,-9.097966,-0.866701,2.4995465,-0.05375614,-0.029321533,0.5876524
1278.0,-9.545682,-0.48123455,2.5809495,-0.204029,0.037873644,0.56077427
1288.0,-10.038888,-0.22026655,2.56419,-0.28588495,0.06719518,0.4728097
1298.0,-10.2735195,0.0047884034,2.7246015,-0.26145032,0.040317107,0.3726278
1309.0,-10.230424,-0.074220255,3.0238767,-0.15149458,-0.02321288,0.27977628
1321.0,-10.029311,-0.18914193,2.932897,-0.014660766,-0.07086037,0.2125811
1328.0,-9.696517,-0.4213795,2.930503,0.10140363,-0.065973446,0.1966986
1339.0,-9.595961,-0.51954174,2.9975405,0.172264,-0.05497787,0.22724187
1347.0,-9.837775,-0.4237737,3.0142999,0.19914207,-0.047647487,0.29565877
1358.0,-10.108319,-0.35434186,3.2225955,0.20647246,-0.07819075,0.33353242
1368.0,-10.06283,-0.37110126,3.1387985,0.23090707,-0.13561209,0.30665436
1380.0,-10.019734,-0.46926352,2.9640217,0.26511553,-0.13072516,0.28710666
1388.0,-10.077195,-0.39264908,3.0190883,0.27977628,-0.1001819,0.2919936
1400.0,-10.156203,-0.1412579,3.0669725,0.30665436,-0.103847094,0.31642818
1409.0,-10.072407,-0.088585466,3.0454245,0.3494149,-0.14172074,0.34574974
1420.0,-10.000581,0.09816227,2.8993783,0.3652974,-0.14172074,0.376293
1428.0,-10.127473,0.24660277,2.7150247,0.33475417,-0.10140363,0.40683624
1440.0,-10.314221,0.557849,2.72939,0.26145032,-0.09285152,0.40683624
1448.0,-10.163386,0.6871359,2.7269957,0.16493362,-0.12339478,0.36896262
1459.0,-9.964667,0.50757074,2.6192567,0.059864793,-0.12339478,0.30665436
1468.0,-9.82341,0.51954174,2.6072857,-0.015882496,-0.07086037,0.25778514
1480.0,-9.830592,0.6440403,2.8083985,-0.014660766,-0.02443461,0.24556783
1488.0,-9.904813,0.79248077,2.7868507,0.06352998,-0.035430185,0.2602286
1500.0,-9.813833,0.82599956,2.743755,0.15515977,-0.07574729,0.27122417
1508.0,-9.619903,0.9600749,2.6551697,0.204029,-0.1001819,0.25167647
1520.0,-9.390059,0.9935937,2.4899697,0.18692477,-0.09773844,0.20769419
1530.0,-9.210494,1.1372458,2.3415294,0.12461651,-0.062308256,0.16126843
1538.0,-9.169792,1.2737153,2.1428106,0.040317107,-0.04153884,0.12217305
1548.0,-9.208099,1.340753,2.2170308,-0.047647487,-0.058643065,0.09773844
1560.0,-9.165004,1.2569559,2.3774424,-0.111177474,-0.0842994,0.08307768
1568.0,-8.937555,1.1611878,2.5139117,-0.10873401,-0.096516706,0.056199603
1579.0,-8.798691,0.7422025,2.504335,-0.062308256,-0.0842994,0.02076942
1588.0,-8.719683,0.4141969,2.566584,-0.015882496,-0.032986723,0.0012217305
1599.0,-8.834604,0.29688102,2.7868507,0.02076942,0.0,0.004886922
1608.0,-8.963891,0.4309563,2.813187,0.07696902,-0.009773844,0.02565634
1621.0,-8.8777,0.58897364,2.779668,0.1441642,-0.05375614,0.032986723
1628.0,-8.796297,0.60812724,2.719813,0.18203785,-0.059864793,0.02443461
1639.0,-8.774749,0.58657944,2.554613,0.18081611,-0.02321288,0.009773844
1649.0,-8.817844,0.47884035,2.5881321,0.14660765,0.0012217305,-0.015882496
1659.0,-8.863335,0.38307226,2.60968,0.07696902,0.0,-0.032986723
1668.0,-8.829816,0.2825158,2.597709,-0.018325957,-0.017104227,-0.021991149
1680.0,-8.820239,0.35194764,2.5019407,-0.118507855,-0.012217305,0.004886922
1688.0,-8.803479,0.24660277,2.5929205,-0.19547687,-0.004886922,0.02687807
1699.0,-8.992621,0.16519992,2.7485435,-0.2406809,-0.0012217305,0.03176499
1708.0,-9.088389,0.15562311,2.7581203,-0.2443461,0.012217305,0.028099801
1720.0,-9.23683,0.11252748,2.885013,-0.19303341,0.010995574,0.02565634
1729.0,-9.332599,0.1388637,2.9137435,-0.118507855,-0.002443461,0.030543262
1739.0,-9.198523,0.090979666,2.8443117,-0.043982297,-0.029321533,0.040317107
1746.0,-9.179369,0.1340753,2.7246015,-0.002443461,-0.04153884,0.05131268
1759.0,-9.234436,0.34237084,2.7389667,-0.0061086523,-0.04886922,0.06963864
1768.0,-9.354146,0.46208093,2.767697,-0.036651913,-0.043982297,0.081855945
1779.0,-9.392453,0.51235914,2.7461493,-0.062308256,-0.062308256,0.080634214
1786.0,-9.390059,0.6368576,2.846706,-0.07086037,-0.08552113,0.058643065
1798.0,-9.263166,0.62728083,2.7724855,-0.065973446,-0.095294975,0.03176499
1807.0,-9.057265,0.45010993,2.755726,-0.064751714,-0.07941248,0.018325957
1821.0,-9.059659,0.33518824,2.72939,-0.065973446,-0.040317107,0.018325957
1828.0,-9.030929,0.2705448,2.7700913,-0.058643065,-0.02687807,0.021991149
1840.0,-9.107543,0.3878607,2.7509377,-0.062308256,-0.030543262,0.032986723
1850.0,-9.095572,0.32800564,2.6743233,-0.087964594,-0.035430185,0.043982297
1860.0,-9.126697,0.31364042,2.7581203,-0.1160644,-0.05009095,0.047647487
1868.0,-9.052477,0.2753332,2.861071,-0.119729586,-0.058643065,0.05009095
1879.0,-8.956709,0.18914193,2.954445,-0.089186326,-0.052534413,0.059864793
1888.0,-8.834604,0.10295067,3.071761,-0.02443461,-0.032986723,0.07819075
1898.0,-8.765172,-0.038307227,3.0621839,0.059864793,-0.02687807,0.103847094
1907.0,-8.746018,-0.0047884034,3.016694,0.1441642,-0.013439035,0.13683382
1921.0,-8.827422,0.009576807,2.9616275,0.20769419,0.02443461,0.17592919
1927.0,-9.018958,0.18674773,2.9233203,0.23701571,0.061086524,0.21013765
1939.0,-9.320627,0.33039984,2.9999347,0.22357668,0.06841691,0.23090707
1948.0,-9.416395,0.6607997,2.89459,0.17470746,0.037873644,0.23335053
1959.0,-9.43076,0.79008657,2.7269957,0.09162979,0.0,0.22113322
1968.0,-9.301474,0.878672,2.6862943,-0.032986723,-0.009773844,0.20158553
1980.0,-9.224859,0.866701,2.6144683,-0.15882497,0.017104227,0.18325958
1988.0,-9.275137,0.8451532,2.6240451,-0.23335053,0.056199603,0.17348573
2000.0,-9.385271,0.81163436,2.7102363,-0.23335053,0.065973446,0.16737708
2008.0,-9.323022,0.6607997,2.7820623,-0.18081611,0.04153884,0.15882497
2020.0,-9.279925,0.50996494,2.825158,-0.13072516,0.02076942,0.15393804
2028.0,-9.136273,0.5482722,2.8514943,-0.105068825,0.04153884,0.16126843
2040.0,-9.279925,0.6823475,2.8682537,-0.07574729,0.04886922,0.17104226
2051.0,-9.378088,0.7278373,2.992752,-0.04153884,0.037873644,0.17592919
2076.0,-9.43076,0.79248077,3.0454245,-0.010995574,0.014660766,0.17592919
2076.0,-9.380483,0.866701,3.1124623,0.014660766,-0.015882496,0.16126843
2081.0,-9.184157,0.7541735,3.1435869,0.04520403,-0.04153884,0.13683382
2087.0,-9.057265,0.90261406,3.1268275,0.09285152,-0.03176499,0.12095132
2098.0,-9.093178,0.91937345,3.1555579,0.16249016,-0.0012217305,0.11362094
2109.0,-9.018958,0.8858546,3.1196449,0.25534168,-0.0036651916,0.08674286
2118.0,-9.095572,0.90500826,3.0382419,0.25534168,-0.0036651916,0.08674286
2128.0,-9.083601,0.90500826,3.0071173,0.23579398,0.0,0.0720821
2138.0,-9.121908,1.0151415,2.9592333,0.18325958,-0.007330383,0.05497787
2148.0,-9.126697,1.0582372,2.9352913,0.11362094,-0.034208454,0.02687807
2160.0,-9.085996,1.079785,2.8634653,0.05131268,-0.056199603,-0.012217305
2168.0,-8.918402,1.0055647,2.9640217,-0.008552114,-0.06352998,-0.07696902
2177.0,-8.942344,0.7422025,2.882619,0.014660766,-0.04520403,-0.080634214
2187.0,-9.045294,0.6703765,2.8874073,0.062308256,-0.043982297,-0.06963864
2198.0,-9.131485,0.7038953,2.870648,0.103847094,-0.065973446,-0.058643065
2207.0,-9.19134,0.7469909,2.6503813,0.112399206,-0.09285152,-0.06352998
2221.0,-9.078813,0.7182605,2.6048915,0.06841691,-0.10995574,-0.09040806
2228.0,-8.992621,0.6823475,2.621651,-0.009773844,-0.10873401,-0.12339478
2238.0,-8.89446,0.61052144,2.6886885,-0.073303826,-0.09285152,-0.15515977
2249.0,-8.911219,0.7038953,2.6910827,-0.08674286,-0.07696902,-0.16615535
2259.0,-9.102755,0.6727707,2.5450363,-0.042760566,-0.058643065,-0.14660765
2267.0,-9.165004,0.533907,2.6072857,0.02687807,-0.07574729,-0.12950343
2280.0,-9.227253,0.47884035,2.6479871,0.07452556,-0.103847094,-0.12095132
2290.0,-9.153033,0.49799395,2.5594015,0.080634214,-0.112399206,-0.1160644
2299.0,-9.035717,0.47644615,2.4133554,0.06352998,-0.08307768,-0.10751228
2311.0,-9.0716305,0.5506664,2.504335,0.028099801,-0.056199603,-0.096516706
2321.0,-9.239224,0.45968673,2.6312277,-0.017104227,-0.04520403,-0.07574729
2327.0,-9.385271,0.47405192,2.633622,-0.043982297,-0.07574729,-0.05375614
2340.0,-9.306262,0.37828386,2.7581203,-0.056199603,-0.103847094,-0.030543262
2349.0,-9.289502,0.45010993,2.791639,-0.05009095,-0.12095132,-0.0012217305
2359.0,-9.174581,0.45968673,2.837129,-0.018325957,-0.12461651,0.03176499
2369.0,-9.040505,0.4405331,2.765303,0.029321533,-0.11484267,0.059864793
2380.0,-9.045294,0.49320555,2.7150247,0.057421334,-0.07696902,0.09040806
2388.0,-9.074024,0.6368576,2.6312277,0.05375614,-0.035430185,0.12583824
2401.0,-9.150639,0.7637503,2.657564,0.021991149,-0.018325957,0.15027285
2409.0,-9.150639,0.82360536,2.731784,-0.04886922,0.0061086523,0.16615535
2419.0,-9.251195,0.8499416,2.7222073,-0.14049901,0.05131268,0.172264
2429.0,-9.375694,0.85473,2.885013,-0.21135938,0.07819075,0.16126843
2439.0,-9.385271,0.8499416,2.89459,-0.23945917,0.089186326,0.14905111
2449.0,-9.330204,0.7733272,2.9161377,-0.22479841,0.09896017,0.15515977
2459.0,-9.313444,0.8690952,2.942474,-0.1881465,0.105068825,0.18203785
2468.0,-9.320627,0.9672575,2.791639,-0.14660765,0.10751228,0.21868975
2480.0,-9.287108,1.0055647,2.7150247,-0.11728613,0.10873401,0.24190263
2490.0,-9.270349,1.0199299,2.6360161,-0.10995574,0.09896017,0.24190263
2498.0,-9.232041,1.0869676,2.5234885,-0.13561209,0.112399206,0.22724187
2509.0,-9.200917,1.1923125,2.4827871,-0.17715092,0.1282817,0.21624629
2521.0,-9.176975,1.2785037,2.492364,-0.21135938,0.11728613,0.21013765
2529.0,-9.188946,1.271321,2.4899697,-0.23457226,0.1001819,0.20769419
2539.0,-9.157822,1.2761095,2.5210943,-0.24312437,0.09773844,0.19792034
2548.0,-8.990228,1.1875241,2.4253263,-0.23579398,0.09285152,0.17959438
2558.0,-9.033323,1.2545617,2.456451,-0.21502456,0.09040806,0.16249016
2569.0,-9.064447,1.2808979,2.420538,-0.19058995,0.06963864,0.14905111
2580.0,-9.090784,1.2138603,2.456451,-0.17470746,0.02321288,0.13072516
2588.0,-8.920795,1.2737153,2.3870192,-0.17592919,-0.015882496,0.112399206
2599.0,-8.829816,1.1827357,2.336741,-0.18203785,-0.02321288,0.10262536
2610.0,-8.829816,1.3072342,2.3989902,-0.18570304,-0.019547688,0.10629055
2621.0,-9.009381,1.2665327,2.4947581,-0.18081611,-0.02565634,0.11484267
2629.0,-9.184157,1.2138603,2.6072857,-0.16493362,-0.062308256,0.10995574
2641.0,-9.160215,1.0462662,2.741361,-0.13561209,-0.12217305,0.08307768
2648.0,-9.018958,0.89303726,2.7605145,-0.10140363,-0.14782938,0.05009095
2659.0,-8.832211,0.8762778,2.813187,-0.065973446,-0.15149458,0.036651913
2669.0,-8.899248,0.9864111,2.89459,-0.047647487,-0.14782938,0.047647487
2679.0,-8.92319,0.94331545,3.0597897,-0.032986723,-0.17592919,0.06841691
2688.0,-9.050082,0.91937345,3.0454245,-0.015882496,-0.20647246,0.07574729
2699.0,-8.973468,0.90500826,3.0334535,0.010995574,-0.22724187,0.061086524
2708.0,-8.884883,0.93134445,3.0669725,0.036651913,-0.23579398,0.03176499
2720.0,-8.731653,0.92176765,3.0358477,0.03176499,-0.23335053,0.008552114
2729.0,-8.707711,1.0534488,3.0813377,0.002443461,-0.22357668,0.002443461
2740.0,-8.7292595,1.0606314,3.145981,-0.030543262,-0.2284636,0.004886922
2748.0,-8.7532015,1.0295067,3.2513258,-0.047647487,-0.2321288,0.0
2761.0,-8.805874,0.9935937,3.4572272,-0.034208454,-0.23335053,-0.012217305
2769.0,-8.872911,0.9911995,3.4476504,-0.008552114,-0.22357668,-0.021991149
2780.0,-8.966286,0.9528923,3.4931402,-0.0012217305,-0.21991149,-0.02565634
2788.0,-9.021352,1.0510546,3.5913026,0.0,-0.22968534,-0.018325957
2799.0,-8.930372,0.92655605,3.6176388,0.02443461,-0.23457226,-0.017104227
2809.0,-8.944737,0.8738836,3.7660792,0.07574729,-0.21502456,-0.02687807
2822.0,-8.90643,0.81163436,3.8187518,0.1441642,-0.17959438,-0.032986723
2828.0,-9.074024,0.8355764,3.9001546,0.20280726,-0.15027285,-0.02565634
2840.0,-9.062054,0.82360536,3.9504328,0.22479841,-0.13072516,-0.007330383
2848.0,-8.942344,0.82599956,3.9504328,0.20525073,-0.13316862,0.007330383
2860.0,-8.810662,0.7781156,3.8714242,0.15393804,-0.12583824,0.0036651916
2868.0,-8.580819,0.6943185,3.7684734,0.08674286,-0.08552113,-0.010995574
2881.0,-8.590396,0.6631939,3.7373488,0.021991149,-0.03176499,-0.02321288
2888.0,-8.528147,0.7158663,3.6774938,-0.02443461,0.007330383,-0.017104227
2899.0,-8.645462,0.6775591,3.6152446,-0.04153884,0.034208454,0.02076942
2909.0,-8.683769,0.641646,3.833117,-0.040317107,0.014660766,0.056199603
2921.0,-8.544906,0.5506664,3.940856,-0.032986723,-0.021991149,0.06841691
2928.0,-8.4347725,0.557849,3.7684734,-0.002443461,-0.017104227,0.07819075
2942.0,-8.415619,0.7398083,3.6248214,0.052534413,0.019547688,0.09896017
2948.0,-8.516175,0.90979666,3.5697548,0.09773844,0.05009095,0.119729586
2960.0,-8.7125,1.1492168,3.4883518,0.1160644,0.04520403,0.13805555
2972.0,-8.688558,1.2354081,3.3854012,0.09896017,0.029321533,0.14049901
2979.0,-8.647857,1.4149733,3.2728736,0.057421334,0.030543262,0.118507855
2988.0,-8.494628,1.4915876,3.1747115,0.02076942,0.035430185,0.0842994
3001.0,-8.506598,1.7717092,3.0119057,-0.0061086523,0.07941248,0.062308256
