35.0,2.4013844,5.518635,8.889671,-0.018325957,-0.028099801,0.032986723
35.0,2.9161377,5.901707,8.566454,0.1600467,0.1282817,-0.08307768
45.0,2.4037786,5.791574,9.095572,-0.057421334,-0.25167647,-0.33475417
51.0,1.5897499,5.485116,9.727641,-0.43249258,-0.19058995,-0.72204274
61.0,1.1659763,4.8937483,10.453085,-0.7489208,0.8527679,-0.7171558
72.0,1.0726024,4.453215,11.0061455,-1.2571607,1.1386528,-1.1533136
83.0,1.4652514,3.9743748,11.657368,-1.690875,1.2351695,-1.7128662
92.0,1.9416976,2.9975405,12.421119,-1.8252654,1.2791518,-2.0134118
101.0,2.3870192,1.9608512,12.811374,-1.8545868,1.5259414,-2.0696115
111.0,2.231396,0.62249243,12.801797,-1.8240436,1.8411479,-2.0097466
125.0,1.7788919,-0.58897364,13.132196,-1.7238617,2.2003367,-1.8985692
132.0,1.2976574,-1.2641385,13.141773,-1.6212363,2.5094345,-1.7886134
142.0,1.0175357,-1.1300632,13.761871,-1.6688838,2.6841419,-1.6994271
151.0,0.5482722,-0.7398083,14.45619,-2.0244074,2.8845057,-1.6261233
162.0,-0.02873042,-1.2617443,12.816162,-2.670703,3.2754595,-1.4721853
171.0,-0.6703765,-1.7166426,12.430696,-3.3658676,3.5979962,-1.2363913
182.0,-1.4293385,-2.6144683,11.973403,-3.9547415,3.9474113,-1.0152581
192.0,-2.60968,-3.9576154,11.312603,-4.293161,4.3664646,-0.752586
203.0,-3.845088,-5.0278234,10.433931,-4.3603563,4.6352453,-0.42760566
212.0,-4.8745947,-5.305551,9.742006,-4.128227,4.7305403,-0.06719518
223.0,-5.4563856,-4.855441,9.114726,-3.5246925,4.754975,0.28955013
232.0,-5.3366756,-4.1659107,8.355764,-2.6548204,4.714658,0.65118235
243.0,-4.9536033,-3.1555579,7.3166804,-1.8008307,4.637689,1.0189233
252.0,-4.6040497,-2.1667526,6.4380083,-1.1948525,4.5802674,1.3402383
263.0,-4.5082817,-1.3000516,5.851429,-0.86132,4.586376,1.5858061
272.0,-4.608838,-0.8834604,4.984728,-0.70371675,4.629137,1.7568485
282.0,-4.8817773,-0.61291564,4.268862,-0.6133087,4.6218066,1.8777997
294.0,-5.3223104,-0.4381389,3.8259344,-0.5131268,4.5668287,1.9620992
302.0,-5.8226986,-0.10534488,3.2920272,-0.37384954,4.4666467,2.0561724
312.0,-6.10282,0.074220255,2.6408045,-0.20158553,4.3066,2.2052236
325.0,-6.3566055,0.23702596,2.0494366,-0.062308256,4.0646973,2.3909266
332.0,-6.469133,0.8451532,1.3455414,-0.0061086523,3.7836993,2.552195
343.0,-6.50744,1.5610195,0.93613285,0.007330383,3.4929276,2.6316075
352.0,-6.4787097,2.3942018,0.90979666,0.036651913,3.200934,2.620612
362.0,-6.4643445,3.2106245,0.6512229,0.0720821,2.8857274,2.5485299
372.0,-6.7564373,4.0653543,0.31603462,0.0720821,2.5766296,2.4336872
383.0,-7.21373,5.2887917,-0.21068975,0.06719518,2.3445008,2.2736404
392.0,-7.872135,6.9120603,-0.89064306,0.15027285,2.140472,2.0647244
402.0,-8.590396,9.16261,-1.8986019,0.36163223,1.8875736,1.7922786
412.0,-8.832211,11.923124,-2.5689783,0.7147123,1.6236799,1.3878858
423.0,-8.123527,13.338098,-1.436521,1.1325442,1.1044444,0.83199847
432.0,-6.71813,12.593501,1.0199299,1.2644911,0.28955013,0.14782938
444.0,-5.604826,10.601525,3.1196449,0.8136725,-0.2565634,-0.59864795
452.0,-5.305551,7.9750857,3.928885,0.20647246,-0.26511553,-1.2962561
462.0,-6.1243677,5.353435,4.5058875,-0.06841691,-0.10995574,-1.8399261
473.0,-7.457938,3.2632968,4.4843397,0.081855945,-0.040317107,-2.1636846
482.0,-8.736442,1.958457,3.8977604,0.52778757,-0.035430185,-2.3054054
492.0,-9.49301,1.6376339,3.4476504,1.1301007,-0.19058995,-2.361605
503.0,-9.799467,2.042254,3.1651347,1.6920967,-0.45814893,-2.3554964
512.0,-9.720459,3.2728736,3.1004913,2.0708332,-0.72326446,-2.324953
524.0,-9.337387,4.4244847,2.873042,2.2626448,-1.0128145,-2.3506095
532.0,-8.635885,5.3247046,2.6288335,2.3054054,-1.2290609,-2.5314255
543.0,-7.9702973,5.6790466,2.2577322,2.162463,-1.319469,-2.8747318
552.0,-7.4244194,5.3582234,2.2242134,1.863139,-1.3072516,-3.2461379
564.0,-7.091625,4.771644,2.566584,1.505172,-1.251052,-3.5198054
572.0,-6.8522053,3.9983168,3.0142999,1.1814134,-1.2217305,-3.6835175
586.0,-6.727707,3.3734303,3.3207579,0.956615,-1.2705997,-3.8008037
596.0,-6.31351,2.885013,3.4141316,0.8173377,-1.3866642,-3.9339721
605.0,-5.9878983,2.6767175,3.4021606,0.72326446,-1.5112807,-4.089132
615.0,-5.511452,2.5330653,3.4021606,0.6462954,-1.6187929,-4.251622
628.0,-5.1475334,2.2601264,3.0885203,0.54244834,-1.6982054,-4.4092255
636.0,-4.8506527,2.1164744,2.6072857,0.39706242,-1.7519615,-4.572937
645.0,-4.642357,1.9273324,2.207454,0.22724187,-1.7910569,-4.7525315
656.0,-4.4125137,1.5490485,2.2697031,0.04886922,-1.8252654,-4.9565606
666.0,-4.0462008,1.067814,2.5833437,-0.1563815,-1.9058995,-5.1618114
675.0,-3.5003228,0.60094464,2.8060043,-0.4129449,-2.0427334,-5.3511796
686.0,-2.789245,0.05746084,3.040636,-0.7098254,-2.1966715,-5.5148916
695.0,-2.0135236,-0.4357447,3.3255463,-1.0531317,-2.339614,-5.6566124
706.0,-1.3000516,-0.94570965,3.3399115,-1.455081,-2.4544566,-5.78245
716.0,-0.5722142,-1.42455,3.1627405,-1.8924606,-2.5363126,-5.900958
727.0,0.25857377,-2.207454,2.837129,-2.71102,-2.5583036,-6.1758475
737.0,1.1013328,-3.1244333,2.8419175,-2.71102,-2.5583036,-6.1758475
747.0,1.958457,-4.5513773,3.6272156,-3.018896,-2.4862216,-6.3578854
756.0,3.301604,-6.38773,4.1946416,-3.2510247,-2.4129176,-6.5802402
766.0,5.011064,-8.0445175,4.4005427,-3.3964107,-2.371379,-6.8245864
777.0,6.7851677,-9.380483,4.132392,-3.413515,-2.3518312,-7.039611
787.0,8.896853,-10.220847,4.390966,-3.4232888,-2.3286183,-7.08115
796.0,13.029245,-11.57836,4.4843397,-3.7201693,-1.9975294,-6.6254444
806.0,14.798561,-12.938266,5.104438,-3.6468656,-1.4416419,-6.432411
815.0,15.765819,-15.449783,5.6790466,-2.987131,-0.59131753,-6.401868
827.0,15.500062,-18.066647,6.030994,-1.5674802,0.3481932,-6.3224554
836.0,14.173674,-18.84955,6.3949127,0.3921755,1.2473868,-5.842315
846.0,12.124237,-17.937359,5.0661306,2.6279423,1.7385225,-5.10439
857.0,10.323798,-15.717935,3.6343982,4.428773,1.6957619,-4.601037
868.0,8.860941,-13.608643,2.1212628,5.10439,1.4269812,-4.346917
876.0,7.3645644,-11.683704,1.2641385,4.637689,1.1899655,-4.0646973
886.0,5.74369,-9.107543,1.484405,3.1435125,1.0775663,-3.6370916
896.0,4.6519337,-7.5345526,3.347094,1.1557571,1.0421361,-3.2131512
906.0,3.9791632,-7.074866,4.0677485,-1.0836749,0.96761054,-2.896723
915.0,3.8402996,-7.639898,3.8546648,-3.40985,0.7049385,-2.4630086
928.0,4.2401314,-9.179369,3.8498764,-5.158146,0.3359759,-1.7910569
936.0,4.7165775,-11.614272,4.1012673,-5.8508673,-0.02565634,-1.1129965
946.0,5.044583,-14.056358,4.173094,-5.4782395,-0.33841935,-0.66706485
956.0,5.1547165,-14.698004,4.2904096,-4.288274,-0.4166101,-0.5204572
965.0,5.0517654,-13.79539,4.1299977,-2.6267207,-0.26267207,-0.44715336
977.0,4.915296,-12.579136,3.8402996,-0.8405506,-0.02321288,-0.24923302
988.0,4.9655743,-11.413159,3.5482068,0.657291,0.15515977,-0.013439035
996.0,5.0038815,-10.311827,3.4021606,1.5833627,0.23457226,0.1001819
1005.0,4.9200845,-9.411607,3.3901896,1.9486601,0.22235495,0.073303826
1017.0,4.891354,-8.590396,3.7086184,1.890017,0.16615535,-0.02565634
1028.0,4.853047,-8.286332,3.9336734,1.5625933,0.12583824,-0.118507855
1038.0,4.6591167,-8.09719,4.132392,1.1032226,0.12095132,-0.1600467
1067.0,4.5154643,-8.11395,4.2521024,0.6035349,0.11362094,-0.15760323
1067.0,4.3526587,-8.214506,4.2425256,0.15515977,0.08307768,-0.12705997
1067.0,4.405331,-8.248025,4.414908,-0.17837265,0.040317107,-0.07452556
1074.0,4.4436383,-8.4108305,4.4580035,-0.37384954,-0.0061086523,-0.009773844
1086.0,4.5801077,-8.5473,4.6016555,-0.4361578,-0.013439035,0.061086524
1105.0,4.5992613,-8.559271,4.5298295,-0.37140608,0.007330383,0.12950343
1105.0,4.5657425,-8.432379,4.489128,-0.204029,0.03176499,0.18203785
1114.0,4.5202527,-8.1642275,4.381389,0.0036651916,0.05009095,0.22479841
1126.0,4.369418,-7.8865004,4.3742065,0.19303341,0.057421334,0.25534168
1135.0,4.2880154,-7.5848308,4.2880154,0.31642818,0.07696902,0.2724459
1146.0,4.343082,-7.2592196,4.0773253,0.36285394,0.07574729,0.2761111
1154.0,4.309563,-7.03177,4.0318356,0.34330627,0.06841691,0.26511553
1166.0,4.2904096,-6.9144545,4.0653543,0.2761111,0.061086524,0.23823744
1175.0,4.355053,-6.9719152,3.9456444,0.17715092,0.057421334,0.2003638
1186.0,4.402937,-7.1059904,3.8259344,0.07574729,0.05497787,0.14905111
1195.0,4.4005427,-7.1826053,3.8881836,0.0,0.058643065,0.08552113
1205.0,4.3718123,-7.297527,3.9097314,-0.036651913,0.057421334,0.02076942
1216.0,4.321534,-7.2233067,3.9025488,-0.037873644,0.058643065,-0.034208454
1230.0,4.5082817,-7.3166804,3.8259344,0.0061086523,0.05009095,-0.0720821
1238.0,4.4843397,-7.369353,3.7804444,0.0842994,0.05375614,-0.10262536
1246.0,4.402937,-7.3286514,3.7660792,0.16615535,0.09162979,-0.13683382
1255.0,4.4340615,-7.311892,3.787627,0.23090707,0.103847094,-0.16737708
1265.0,4.570531,-7.228095,3.892972,0.26145032,0.06719518,-0.18570304
1275.0,4.6136265,-7.237672,4.010288,0.2602286,0.034208454,-0.19914207
1288.0,4.7548847,-7.1969705,4.0653543,0.25289822,0.007330383,-0.21380283
1295.0,4.8027687,-7.237672,4.146757,0.24678956,0.0,-0.22602014
1306.0,4.865018,-7.2448545,4.0198646,0.25534168,0.012217305,-0.22724187
1316.0,4.975151,-7.383718,3.9983168,0.27488935,0.021991149,-0.2125811
1327.0,4.817134,-7.48188,3.976769,0.267559,0.029321533,-0.19425514
1335.0,4.7046065,-7.36217,4.0773253,0.21991149,0.04520403,-0.18448131
1346.0,4.663905,-7.369353,4.1419687,0.14660765,0.04520403,-0.18325958
1355.0,4.7668557,-7.3310456,4.177882,0.059864793,0.019547688,-0.17104226
1366.0,4.8841715,-7.2185183,4.098873,-0.04520403,-0.012217305,-0.14660765
1377.0,4.927267,-7.369353,4.1252093,-0.16126843,-0.037873644,-0.12217305
1387.0,5.0781016,-7.40766,4.1515455,-0.27122417,-0.02076942,-0.10751228
1397.0,5.0158525,-7.5465236,4.156334,-0.34330627,-0.017104227,-0.103847094
1408.0,5.097255,-7.5824366,4.2521024,-0.36896262,-0.02076942,-0.10262536
1417.0,5.058948,-7.6853876,4.2640734,-0.3494149,-0.014660766,-0.09773844
1429.0,4.9679685,-7.678205,4.283227,-0.29810223,-0.007330383,-0.08307768
1437.0,4.8961425,-7.690176,4.3502645,-0.22357668,-0.009773844,-0.061086524
1446.0,4.8745947,-7.6135616,4.357447,-0.13805555,-0.014660766,-0.039095376
1457.0,4.8722005,-7.608773,4.4077253,-0.05009095,-0.029321533,-0.019547688
1467.0,4.9679685,-7.6255326,4.3478703,0.042760566,-0.04642576,0.0
1476.0,4.9105077,-7.6494746,4.402937,0.13805555,-0.043982297,0.02076942
1486.0,4.975151,-7.539341,4.381389,0.2321288,-0.047647487,0.039095376
1497.0,5.0278234,-7.4746976,4.429273,0.30543262,-0.04642576,0.05497787
1511.0,4.8841715,-7.2927384,4.331111,0.33841935,-0.034208454,0.06841691
1516.0,4.915296,-7.1395097,4.3957543,0.31887165,-0.02076942,0.073303826
1527.0,4.7788267,-7.065289,4.402937,0.26633725,-0.028099801,0.06963864
1538.0,4.8267107,-7.0245876,4.4723687,0.18936823,-0.019547688,0.06352998
1546.0,4.781221,-7.029376,4.537012,0.11362094,-0.021991149,0.052534413
1558.0,4.795586,-7.0820484,4.55856,0.057421334,-0.02687807,0.039095376
1568.0,4.8003745,-7.1107793,4.5034933,0.02687807,-0.028099801,0.02443461
1577.0,4.817134,-7.153875,4.501099,0.019547688,-0.018325957,0.013439035
1589.0,4.8338933,-7.273585,4.5178585,0.03176499,-0.014660766,0.007330383
1597.0,4.84347,-7.1706343,4.4484267,0.05375614,-0.009773844,0.002443461
1607.0,4.903325,-7.1347213,4.426879,0.07452556,0.0012217305,-0.0036651916
1617.0,4.867412,-6.9503675,4.3478703,0.061086524,0.008552114,-0.02687807
1629.0,4.771644,-6.931214,4.4196963,0.02687807,0.008552114,-0.040317107
1637.0,4.819528,-7.0245876,4.4843397,-0.013439035,0.0,-0.05375614
1648.0,4.7907977,-7.1275387,4.3646297,-0.04520403,0.0012217305,-0.06352998
1657.0,4.7860093,-7.2209125,4.355053,-0.04520403,0.0,-0.06841691
1667.0,4.841076,-7.2927384,4.378995,-0.008552114,0.0,-0.07086037
1677.0,4.795586,-7.2711906,4.3478703,0.04642576,-0.007330383,-0.06841691
1687.0,4.903325,-7.1730285,4.285621,0.09285152,-0.009773844,-0.061086524
1697.0,4.9655743,-6.9886746,4.309563,0.11362094,-0.012217305,-0.05131268
1708.0,4.9200845,-7.067683,4.3047748,0.10751228,-0.009773844,-0.04886922
1718.0,4.781221,-7.015011,4.3143516,0.080634214,-0.0036651916,-0.056199603
1728.0,4.8602295,-6.9767036,4.3766007,0.047647487,-0.002443461,-0.064751714
1738.0,4.8482585,-7.0940194,4.426879,0.02076942,-0.017104227,-0.07086037
1748.0,4.891354,-7.1826053,4.3837833,0.008552114,-0.021991149,-0.073303826
1758.0,4.891354,-7.2424603,4.378995,0.02076942,-0.02565634,-0.07574729
1769.0,4.912902,-7.1706343,4.3502645,0.04520403,-0.018325957,-0.081855945
1777.0,4.9943047,-7.043741,4.345476,0.064751714,-0.015882496,-0.087964594
1788.0,4.9703627,-7.0964136,4.3957543,0.0720821,-0.009773844,-0.1001819
1798.0,4.9943047,-7.2089415,4.4196963,0.065973446,0.0,-0.11728613
1807.0,5.0374002,-7.1586633,4.402937,0.04153884,0.017104227,-0.13927728
1817.0,4.960786,-7.2089415,4.441244,0.004886922,0.02565634,-0.15760323
1830.0,4.9224787,-7.323863,4.3766007,-0.04153884,0.030543262,-0.16493362
1837.0,5.0182467,-7.2664022,4.429273,-0.0842994,0.010995574,-0.1600467
1847.0,4.9943047,-7.2233067,4.4843397,-0.12461651,0.010995574,-0.14782938
1858.0,5.011064,-7.36217,4.414908,-0.15515977,0.015882496,-0.13561209
1868.0,5.0397944,-7.3765354,4.450821,-0.16615535,0.015882496,-0.12217305
1878.0,5.0062757,-7.417237,4.462792,-0.15760323,0.009773844,-0.10995574
1889.0,5.0493712,-7.441179,4.4675803,-0.13072516,0.002443461,-0.09285152
1897.0,5.023035,-7.45315,4.4340615,-0.09040806,-0.002443461,-0.07452556
1908.0,5.12838,-7.467515,4.3981485,-0.035430185,-0.0012217305,-0.05375614
1918.0,5.0661306,-7.374141,4.321534,0.02443461,-0.0012217305,-0.037873644
1929.0,5.035006,-7.314286,4.3837833,0.073303826,-0.007330383,-0.02687807
1937.0,5.0254292,-7.33344,4.3766007,0.103847094,-0.012217305,-0.02076942
1949.0,5.0517654,-7.2209125,4.283227,0.119729586,-0.017104227,-0.014660766
1957.0,5.0781016,-7.1466923,4.369418,0.12583824,-0.002443461,-0.0061086523
1967.0,5.0397944,-7.1586633,4.3119574,0.12339478,-0.002443461,0.0
1978.0,4.951209,-7.1059904,4.3718123,0.10262536,-0.018325957,-0.0036651916
1989.0,5.097255,-7.101202,4.3622355,0.062308256,-0.030543262,-0.0036651916
1998.0,5.0876784,-7.1107793,4.3885717,0.032986723,-0.03176499,0.002443461
2009.0,5.032612,-7.1227503,4.381389,0.03176499,-0.034208454,0.009773844
2017.0,5.1116204,-7.1395097,4.3406878,0.040317107,-0.034208454,0.009773844
2029.0,4.975151,-7.1107793,4.3885717,0.04153884,-0.02443461,0.0036651916
2038.0,4.9583917,-7.101202,4.4196963,0.04520403,-0.013439035,0.0
2062.0,5.023035,-7.0724716,4.441244,0.04153884,-0.013439035,-0.002443461
2062.0,4.9583917,-7.1466923,4.414908,0.043982297,-0.021991149,-0.004886922
2066.0,5.097255,-7.1945763,4.4005427,0.056199603,-0.028099801,-0.010995574
2075.0,5.0757074,-7.0964136,4.367024,0.065973446,-0.029321533,-0.007330383
2086.0,5.1355624,-6.9982514,4.3742065,0.06841691,-0.018325957,0.0012217305
2098.0,5.058948,-6.9599442,4.414908,0.06719518,-0.013439035,0.002443461
2108.0,5.032612,-6.9623384,4.4077253,0.05497787,-0.0061086523,-0.0061086523
2117.0,4.975151,-7.0006456,4.4580035,0.036651913,-0.008552114,-0.021991149
2129.0,4.9919105,-7.0341644,4.417302,0.018325957,-0.018325957,-0.029321533
2136.0,4.9895163,-7.091625,4.345476,0.012217305,-0.03176499,-0.02321288
2148.0,4.9943047,-7.0700774,4.357447,0.017104227,-0.042760566,-0.012217305
2157.0,5.142745,-7.041347,4.3885717,0.03176499,-0.04153884,-0.0012217305
2167.0,5.0637364,-6.955156,4.381389,0.04642576,-0.039095376,0.0061086523
2177.0,5.056554,-6.981492,4.3526587,0.059864793,-0.040317107,0.008552114
2190.0,5.0517654,-6.9240313,4.378995,0.05375614,-0.04153884,0.008552114
2197.0,5.085284,-6.955156,4.369418,0.034208454,-0.04886922,0.0012217305
2210.0,5.032612,-7.019799,4.4340615,0.0061086523,-0.043982297,-0.009773844
2217.0,5.140351,-7.1395097,4.4675803,-0.015882496,-0.04520403,-0.02076942
2229.0,5.2026005,-7.1514807,4.453215,-0.02321288,-0.04886922,-0.03176499
2237.0,5.121197,-7.144298,4.4795513,-0.007330383,-0.043982297,-0.040317107
2249.0,5.109226,-7.1634517,4.51307,0.02565634,-0.028099801,-0.04886922
2258.0,5.094861,-7.1969705,4.4675803,0.064751714,-0.013439035,-0.05497787
2269.0,5.1235914,-7.1634517,4.5394063,0.096516706,-0.014660766,-0.056199603
2278.0,5.116409,-7.086837,4.4603977,0.10262536,-0.010995574,-0.052534413
2289.0,5.1140146,-7.050924,4.405331,0.07819075,-0.0061086523,-0.04642576
2298.0,5.0781016,-6.9719152,4.4819455,0.02443461,-0.004886922,-0.042760566
2310.0,5.0613422,-7.0700774,4.5178585,-0.04642576,-0.010995574,-0.04153884
2318.0,4.984728,-7.1371155,4.5394063,-0.10629055,-0.02321288,-0.037873644
2330.0,5.118803,-7.2448545,4.4795513,-0.13316862,-0.029321533,-0.02687807
2338.0,5.116409,-7.33344,4.572925,-0.11728613,-0.032986723,-0.010995574
2349.0,5.161899,-7.410054,4.594473,-0.06719518,-0.030543262,0.0036651916
2358.0,5.2528787,-7.3549876,4.5657425,-0.0012217305,-0.030543262,0.012217305
2368.0,5.1930237,-7.2304893,4.5082817,0.062308256,-0.017104227,0.017104227
2379.0,5.2145715,-7.1969705,4.4819455,0.111177474,-0.009773844,0.02321288
2388.0,5.1906295,-7.1155677,4.3957543,0.12583824,-0.004886922,0.028099801
2398.0,5.1259856,-7.026982,4.390966,0.105068825,0.002443461,0.02687807
2408.0,5.0374002,-6.981492,4.4460325,0.06352998,0.007330383,0.02321288
2418.0,5.12838,-7.0964136,4.4196963,0.02076942,-0.002443461,0.02076942
2431.0,5.08289,-7.053318,4.4915223,-0.007330383,-0.02076942,0.019547688
2438.0,5.1690817,-7.1873937,4.4675803,-0.007330383,-0.02076942,0.019547688
2448.0,5.2480903,-7.1275387,4.4460325,0.02076942,-0.028099801,0.021991149
2458.0,5.092467,-7.029376,4.4603977,0.087964594,-0.0061086523,0.032986723
2469.0,5.0757074,-6.9407907,4.486734,0.09773844,-0.009773844,0.032986723
2478.0,5.0421886,-6.8569937,4.537012,0.087964594,0.002443461,0.02687807
2489.0,5.08289,-6.945579,4.486734,0.08307768,-0.014660766,0.02076942
2498.0,5.0374002,-7.029376,4.5298295,0.08307768,-0.02076942,0.019547688
2509.0,5.121197,-6.9862804,4.4699745,0.087964594,-0.02565634,0.021991149
2518.0,5.116409,-6.9360023,4.4580035,0.09896017,-0.02076942,0.02321288
2529.0,5.1906295,-6.9144545,4.4843397,0.111177474,-0.010995574,0.021991149
2538.0,5.1882353,-6.931214,4.4819455,0.1160644,-0.0012217305,0.017104227
2547.0,5.2265425,-6.8186865,4.4460325,0.10629055,-0.0036651916,0.008552114
2559.0,5.2145715,-6.921637,4.453215,0.08307768,-0.007330383,-0.002443461
2568.0,5.209783,-6.921637,4.501099,0.059864793,-0.002443461,-0.013439035
2577.0,5.21936,-6.8881183,4.4364557,0.043982297,0.007330383,-0.02565634
2586.0,5.1379566,-6.9599442,4.5441947,0.04153884,0.0012217305,-0.034208454
2597.0,5.121197,-7.0724716,4.5274353,0.05009095,0.0,-0.04153884
2608.0,5.0613422,-7.065289,4.5394063,0.065973446,-0.010995574,-0.047647487
2617.0,5.116409,-7.041347,4.5561657,0.07941248,-0.012217305,-0.04886922
2627.0,5.1235914,-7.03177,4.510676,0.087964594,-0.0012217305,-0.04153884
2635.0,5.109226,-7.029376,4.4340615,0.09407325,-0.0036651916,-0.032986723
2646.0,5.142745,-6.921637,4.5274353,0.09040806,0.009773844,-0.029321533
2657.0,5.104438,-6.95755,4.606444,0.07941248,0.0036651916,-0.032986723
2669.0,5.1116204,-6.9383965,4.534618,0.058643065,-0.0036651916,-0.036651913
2677.0,5.130774,-7.038953,4.5202527,0.042760566,-0.004886922,-0.036651913
2687.0,5.1690817,-7.0126166,4.537012,0.036651913,0.0012217305,-0.032986723
2697.0,5.1523223,-6.981492,4.5034933,0.039095376,-0.004886922,-0.02443461
2707.0,5.1666875,-6.9982514,4.5513773,0.042760566,-0.009773844,-0.009773844
2718.0,5.1355624,-7.007828,4.5681367,0.04886922,-0.014660766,0.0
2731.0,5.1666875,-7.0221934,4.5537715,0.059864793,-0.019547688,-0.0012217305
2739.0,5.130774,-7.1251445,4.570531,0.07941248,-0.02076942,-0.007330383
2749.0,5.1355624,-7.041347,4.55856,0.103847094,-0.014660766,-0.0061086523
2760.0,5.2169657,-6.967127,4.6375685,0.12705997,-0.010995574,0.0012217305
2771.0,5.1355624,-6.931214,4.582502,0.14538592,-0.0061086523,0.007330383
2782.0,5.109226,-7.0006456,4.6040497,0.15393804,-0.002443461,0.002443461
2790.0,5.0900726,-6.9240313,4.620809,0.14660765,0.0012217305,-0.0036651916
2799.0,5.070919,-6.8785415,4.6279917,0.12339478,-0.0036651916,-0.009773844
2811.0,5.0900726,-6.9264255,4.6950297,0.089186326,-0.014660766,-0.009773844
2815.0,5.118803,-6.9407907,4.55856,0.064751714,-0.021991149,-0.002443461
2830.0,5.207389,-6.9623384,4.5657425,0.061086524,-0.032986723,0.0061086523
2838.0,5.197812,-7.0221934,4.630386,0.07696902,-0.034208454,0.009773844
2850.0,5.1690817,-6.9383965,4.699818,0.103847094,-0.019547688,0.010995574
2859.0,5.1259856,-6.993463,4.781221,0.14172074,-0.02076942,0.010995574
2870.0,5.0757074,-6.907272,4.783615,0.17470746,-0.014660766,0.010995574
2879.0,5.046977,-6.8091097,4.711789,0.19425514,0.004886922,0.014660766
2890.0,5.070919,-6.7324953,4.675876,0.20280726,-0.008552114,0.02321288
2898.0,5.1642933,-6.789956,4.654328,0.18692477,-0.03176499,0.034208454
2911.0,5.2385135,-6.6846113,4.642357,0.13439035,-0.019547688,0.032986723
2920.0,5.2385135,-6.706159,4.63278,0.07819075,-0.02076942,0.021991149
2930.0,5.2002063,-6.6391215,4.6782703,0.030543262,-0.009773844,0.009773844
2937.0,5.161899,-6.7708025,4.6112323,0.0012217305,-0.007330383,0.0036651916
2950.0,5.142745,-6.8330517,4.644751,-0.013439035,-0.014660766,0.002443461
2959.0,5.130774,-6.8402343,4.6279917,-0.02321288,-0.021991149,0.0036651916
2971.0,5.097255,-6.859388,4.5920787,-0.02076942,-0.032986723,0.007330383
2981.0,5.1259856,-6.9503675,4.6040497,-0.0012217305,-0.04153884,0.018325957
2988.0,5.1547165,-6.8761473,4.4723687,0.02321288,-0.057421334,0.034208454
3001.0,5.221754,-6.897695,4.3622355,0.019547688,-0.06963864,0.056199603
3009.0,5.21936,-6.871359,4.2281604,-0.032986723,-0.06963864,0.07941248
3019.0,5.080496,-6.7851677,4.2544966,-0.12217305,-0.07819075,0.10140363
