25.0,0.31364042,3.2728736,9.722853,0.0061086523,-0.02076942,0.0
41.0,0.31364042,3.2728736,9.722853,0.0061086523,-0.02076942,0.0
43.0,0.2753332,2.882619,9.749189,0.15515977,0.13316862,-0.081855945
62.0,3.5936968,2.8754363,10.093954,-0.02565634,-0.25289822,-0.26389378
62.0,1.0247183,2.9017725,10.125079,-0.081855945,-0.38973203,-0.41538838
76.0,0.8714894,2.9999347,10.187328,0.10140363,0.44226643,-0.15027285
83.0,2.7030537,3.7780502,10.357317,0.2284636,0.3494149,-0.51923543
92.0,0.11252748,3.9600096,10.402806,0.18081611,0.26511553,-0.71837753
102.0,0.5746084,3.8738184,10.668563,0.05497787,0.376293,-0.7855727
114.0,0.29688102,3.7110126,10.7356,-0.13683382,0.453262,-0.8344419
124.0,0.04309563,3.6391866,10.704475,-0.2968805,0.54733527,-0.8918633
133.0,0.30645782,3.478775,10.759542,-0.3555236,0.6462954,-0.96883225
143.0,-0.08619126,3.5218706,10.620679,-0.3371976,0.72204274,-1.0543534
153.0,-0.045489833,3.4955344,10.70687,-0.27855456,0.79168135,-1.1362094
163.0,-0.34955344,3.4835634,10.651803,-0.2125811,0.86620694,-1.2009611
174.0,0.009576807,3.4404678,10.601525,-0.172264,0.9468411,-1.2559389
184.0,-0.1436521,3.229778,10.939108,-0.15149458,1.0543534,-1.3158038
193.0,-0.35434186,3.0550013,11.63582,-0.14049901,1.2095132,-1.3658947
202.0,-0.7086837,2.7269957,12.445061,-0.16493362,1.3866642,-1.378112
212.0,-1.0007763,2.4851813,12.818556,-0.2565634,1.568702,-1.3548992
224.0,-1.292869,2.2481554,12.909535,-0.3652974,1.7434094,-1.3206906
235.0,-1.6089035,1.9560628,12.993333,-0.3921755,1.9327776,-1.3023647
243.0,-1.6711528,1.3958195,13.347674,-0.32253686,2.1245892,-1.2999213
252.0,-1.6591818,0.80445176,13.469779,-0.23579398,2.3041837,-1.2803736
263.0,-1.9033904,0.24181437,13.290214,-0.20280726,2.5082128,-1.2095132
272.0,-2.1883004,-0.095768064,12.983756,-0.19547687,2.7452285,-1.1007792
284.0,-2.6527755,-0.32321724,12.708423,-0.13439035,2.978579,-0.9932669
294.0,-3.0023289,-0.50757074,12.35887,-0.017104227,3.1874948,-0.8906415
302.0,-3.323152,-0.62488663,11.748347,0.089186326,3.3573153,-0.7684685
313.0,-3.6272156,-0.6488287,11.164163,0.095294975,3.5063665,-0.61208695
324.0,-3.7780502,-0.7038953,10.448297,-0.019547688,3.644422,-0.42149702
334.0,-3.8594532,-0.62009823,9.49301,-0.21013765,3.7641516,-0.21502456
343.0,-3.9743748,-0.7350199,8.760384,-0.41416663,3.8557813,-0.002443461
354.0,-4.122815,-1.0127473,8.212111,-0.6206391,3.9058723,0.21991149
363.0,-4.2760444,-1.2737153,7.323863,-0.81489426,3.9229765,0.4569272
373.0,-4.5441947,-1.3215994,6.7827735,-0.9456194,3.9278636,0.7049385
383.0,-4.6351743,-1.2306197,6.5625067,-0.95294976,3.9193115,0.9407325
393.0,-4.805163,-1.3239936,6.0118403,-0.8588765,3.8606684,1.1826351
403.0,-4.9464207,-1.3838485,5.710171,-0.7330383,3.7653735,1.4465289
414.0,-5.046977,-1.163582,5.386954,-0.6206391,3.6505308,1.7079792
424.0,-5.0158525,-0.7254431,4.759673,-0.55833083,3.513697,1.9474384
433.0,-5.1140146,0.019153614,3.9983168,-0.5314528,3.3719761,2.144137
443.0,-5.3366756,0.58897364,3.857059,-0.47158796,3.2204816,2.2650883
453.0,-5.499481,1.0103531,3.4859576,-0.3494149,3.040887,2.339614
463.0,-5.542577,1.2449849,3.2752678,-0.19425514,2.8502972,2.4129176
474.0,-5.3247046,1.1587936,3.5482068,0.039095376,2.660929,2.4691174
484.0,-4.96318,1.0199299,3.2154129,0.3494149,2.4825563,2.5216517
493.0,-4.7788267,1.2665327,2.8778305,0.7305948,2.3493876,2.5668557
504.0,-4.8937483,1.6496049,2.348712,1.1948525,2.2565362,2.5827382
513.0,-5.1810527,2.4492683,1.5514427,1.6554449,2.162463,2.58396
524.0,-5.7245364,3.5122938,1.2066777,2.0011945,2.0635028,2.5668557
534.0,-5.98311,4.8123455,1.1061212,2.1233675,1.9193386,2.5314255
544.0,-6.0716953,6.105214,0.8714894,1.9926424,1.7458528,2.4483478
554.0,-6.2943563,7.4746976,0.8379706,1.640784,1.5858061,2.293188
565.0,-6.4188547,8.59279,1.1204864,1.1899655,1.4062119,2.0622811
573.0,-6.4739213,9.660604,1.2497733,0.7415904,1.2522738,1.8191566
583.0,-6.447585,10.079589,1.2306197,0.42638394,1.1447614,1.5454891
594.0,-6.531382,10.481815,1.2138603,0.31764993,1.0372492,1.2388347
604.0,-6.7684083,10.680533,1.3072342,0.3640757,0.90285885,0.94806284
614.0,-7.2089415,10.692505,1.9728222,0.4972443,0.766025,0.66828656
625.0,-7.264008,10.33098,2.80361,0.61453044,0.6035349,0.36896262
633.0,-7.2592196,9.543288,3.5003228,0.68783426,0.43371433,0.081855945
644.0,-7.3166804,8.564059,4.0222588,0.7293731,0.33964106,-0.15027285
655.0,-7.57286,7.5824366,4.5202527,0.77946407,0.3408628,-0.30298916
664.0,-7.953538,6.823475,4.915296,0.8772025,0.3848451,-0.38362336
675.0,-8.252813,6.0597243,4.9536033,1.0213667,0.45448375,-0.40439278
684.0,-8.626308,5.559336,4.6399627,1.1606439,0.51923543,-0.3567453
694.0,-9.174581,5.628768,3.9480386,1.2767084,0.625526,-0.28955013
705.0,-9.557653,6.007052,3.205836,1.3671165,0.7171558,-0.20525073
715.0,-9.636662,6.6534867,2.695871,1.3744467,0.7452556,-0.112399206
726.0,-9.392453,7.297527,2.2816741,1.2486086,0.7049385,-0.06352998
735.0,-8.968679,7.7691846,1.8171991,0.99204516,0.64996064,-0.089186326
745.0,-8.695741,8.058883,1.5035586,0.675617,0.6621779,-0.21991149
754.0,-8.532935,8.259995,1.3862427,0.3811799,0.7257079,-0.42760566
766.0,-8.300697,8.350976,1.163582,0.15393804,0.7965683,-0.6072
777.0,-8.1642275,8.209718,0.7517793,0.04642576,0.8210029,-0.75869465
786.0,-7.8505874,7.8625584,0.32561144,0.06963864,0.7855727,-0.9272934
795.0,-7.675811,7.7811556,0.04309563,0.119729586,0.7305948,-1.0910053
806.0,-7.419631,7.45315,-0.23223756,0.13316862,0.63285637,-1.2425
816.0,-7.1730285,7.2185183,-0.50996494,0.07696902,0.4886922,-1.3988814
827.0,-6.969521,7.2113357,-0.6727707,-0.059864793,0.32986724,-1.5723672
838.0,-6.787562,7.098808,-0.6943185,-0.24312437,0.19792034,-1.7776178
846.0,-6.5385647,6.8785415,-0.6871359,-0.42394048,0.0720821,-1.9950858
856.0,-6.301539,6.622362,-0.7206547,-0.5852089,-0.02321288,-2.2003367
866.0,-6.265626,6.3111157,-0.78050977,-0.7147123,-0.096516706,-2.403144
876.0,-6.256049,6.241684,-0.8571242,-0.77579886,-0.15515977,-2.6230555
887.0,-6.205771,6.0142345,-1.0199299,-0.7684685,-0.22968534,-2.8405235
898.0,-6.0621185,5.556942,-1.1085154,-0.75136423,-0.3323107,-3.0384438
906.0,-6.0046577,5.1810527,-0.9935937,-0.7733554,-0.43493605,-3.2253685
916.0,-6.0285997,4.9224787,-0.7565677,-0.8381071,-0.5326745,-3.4159584
928.0,-6.1530986,4.711789,-0.5626374,-1.047023,-0.6963864,-3.771482
936.0,-6.0980315,4.51307,-0.2896984,-1.047023,-0.6963864,-3.771482
947.0,-5.9543796,3.0430303,0.46926352,-1.1899655,-0.88453287,-4.0781364
957.0,-5.5042696,2.3702598,1.0079589,-1.2840388,-0.9236283,-4.2088614
967.0,-5.351041,1.7717092,1.3024458,-1.2913691,-0.9285152,-4.3725734
976.0,-5.2600613,1.1468226,1.6065093,-1.1557571,-0.9126327,-4.543616
987.0,-5.207389,0.38307226,1.5705963,-0.88331115,-0.9089675,-4.6743407
998.0,-5.2600613,-0.37588966,1.745373,-0.56688297,-0.8979719,-4.7342057
1008.0,-5.3318872,-1.2042835,1.7597382,-0.28344148,-0.893085,-4.746423
1019.0,-5.317522,-1.7501614,1.6591818,-0.061086524,-0.9211848,-4.750088
1028.0,-5.0493712,-2.2002714,1.6831238,0.04153884,-1.0152581,-4.7586403
1039.0,-4.697424,-2.540248,1.7142484,0.002443461,-1.1594223,-4.7635274
1047.0,-4.280833,-2.7940333,1.6831238,-0.18325958,-1.287704,-4.764749
1080.0,-3.5170822,-3.3614593,1.8890251,-0.47036624,-1.3756685,-4.7720795
1080.0,-2.7246015,-4.5082817,2.2290018,-0.83077675,-1.4636332,-4.7952924
1080.0,-1.9608512,-5.851429,2.9496565,-1.2974777,-1.4697418,-4.836831
1087.0,-1.2449849,-7.3286514,3.6248214,-1.8081611,-1.3573426,-4.8844786
1096.0,-0.7781156,-8.6095495,4.4556093,-2.20278,-1.1765264,-4.900361
1106.0,-0.79726917,-9.588778,5.0397944,-2.3273966,-0.8918633,-4.8221703
1115.0,-1.328782,-10.371682,5.315128,-2.0341814,-0.5558874,-4.543616
1128.0,-1.7908629,-11.494562,5.023035,-1.3035865,-0.14172074,-4.075693
1136.0,-2.099715,-12.708423,4.2521024,-0.28710666,0.21380283,-3.5124753
1147.0,-2.2385786,-12.770672,3.8307228,0.65118235,0.34574974,-2.9174924
1155.0,-2.5354595,-11.544841,3.6367924,1.2681563,0.4361578,-2.4483478
1167.0,-2.8898015,-10.043676,3.4476504,1.6175711,0.51923543,-2.1270328
1176.0,-3.4237084,-9.203311,3.2249897,1.6969837,0.56199604,-1.817935
1186.0,-3.8546648,-8.978256,3.2585084,1.459968,0.5571091,-1.4844025
1197.0,-4.232949,-9.167398,3.2130187,0.9615019,0.48747048,-1.2168436
1208.0,-4.414908,-9.519346,3.095703,0.36651915,0.41172317,-1.0775663
1218.0,-4.829105,-9.952697,2.9137435,-0.15149458,0.35185838,-0.99082345
1229.0,-5.2840033,-10.089166,2.8107927,-0.5290093,0.3213151,-0.86254174
1236.0,-5.758055,-9.931149,2.8778305,-0.7452556,0.29810223,-0.7171558
1248.0,-5.8586116,-9.545682,2.8874073,-0.81245077,0.24312437,-0.59986967
1259.0,-5.9160724,-9.349358,2.9783869,-0.8173377,0.16371189,-0.5131268
1267.0,-5.884948,-9.054871,3.0310593,-0.8185594,0.095294975,-0.45937067
1277.0,-5.9424086,-8.863335,3.0885203,-0.8026769,0.06719518,-0.43982297
1287.0,-6.090849,-8.959103,3.1124623,-0.73914695,0.057421334,-0.4361578
1297.0,-6.0645127,-8.92319,3.0885203,-0.63163465,0.04886922,-0.4251622
1307.0,-5.9998693,-8.99741,2.9999347,-0.49113566,0.02443461,-0.41050145
1318.0,-5.853823,-8.884883,3.0550013,-0.33353242,-0.008552114,-0.4007276
1329.0,-5.5377884,-8.7532015,3.1004913,-0.18325958,-0.028099801,-0.39095375
1338.0,-5.3199162,-8.635885,2.9975405,-0.064751714,-0.047647487,-0.37140608
1347.0,-5.0182467,-8.607155,3.0119057,-0.010995574,-0.06841691,-0.3371976
1358.0,-4.903325,-8.564059,3.004723,-0.019547688,-0.07086037,-0.31398472
1368.0,-4.8698063,-8.429984,2.966416,-0.056199603,-0.06841691,-0.29810223
1379.0,-4.661511,-8.456321,3.0023289,-0.096516706,-0.05497787,-0.27122417
1386.0,-4.5801077,-8.451532,3.0119057,-0.112399206,-0.05497787,-0.23579398
1397.0,-4.6351743,-8.429984,3.052607,-0.09896017,-0.04886922,-0.19792034
1408.0,-4.6495395,-8.396465,3.0621839,-0.056199603,-0.030543262,-0.15760323
1419.0,-4.608838,-8.408437,3.064578,0.015882496,-0.021991149,-0.1160644
1428.0,-4.6112323,-8.300697,2.9592333,0.10262536,-0.009773844,-0.073303826
1438.0,-4.642357,-8.219295,2.9400797,0.17592919,0.0036651916,-0.030543262
1447.0,-4.699818,-8.0924015,2.8275523,0.21746802,0.009773844,0.002443461
1457.0,-4.663905,-7.9511437,2.7940333,0.21380283,0.018325957,0.02321288
1468.0,-4.5777135,-7.917625,2.6671407,0.17837265,0.014660766,0.03176499
1476.0,-4.6591167,-7.8266454,2.5833437,0.12217305,0.013439035,0.039095376
1485.0,-4.687847,-7.81228,2.60968,0.04886922,0.019547688,0.042760566
1496.0,-4.6519337,-7.714118,2.5617957,-0.02443461,0.019547688,0.04153884
1507.0,-4.661511,-7.860164,2.516306,-0.096516706,0.012217305,0.043982297
1515.0,-4.709395,-7.8793178,2.5905263,-0.1685988,0.007330383,0.05009095
1527.0,-4.7620673,-7.881712,2.6024973,-0.21868975,-0.002443461,0.04642576
1535.0,-4.697424,-7.965509,2.6168625,-0.23335053,-0.0061086523,0.042760566
1545.0,-4.685453,-7.9391727,2.6001031,-0.2125811,-0.018325957,0.04520403
1555.0,-4.642357,-7.9008656,2.6312277,-0.16249016,-0.030543262,0.052534413
1564.0,-4.6471453,-7.9750857,2.6719291,-0.096516706,-0.05009095,0.062308256
1574.0,-4.5872903,-7.9008656,2.6120741,-0.032986723,-0.04886922,0.07086037
1584.0,-4.6016555,-7.9032598,2.6192567,0.02076942,-0.057421334,0.08307768
1594.0,-4.618415,-7.9104424,2.693477,0.04520403,-0.06841691,0.09896017
1604.0,-4.6471453,-7.8386164,2.6384103,0.04520403,-0.07941248,0.105068825
1614.0,-4.6830587,-7.797915,2.7102363,0.04153884,-0.087964594,0.10140363
1625.0,-4.733337,-7.819463,2.7748797,0.034208454,-0.081855945,0.10140363
1635.0,-4.757279,-7.8865004,2.8107927,0.032986723,-0.089186326,0.1001819
1648.0,-4.7381253,-7.81228,2.789245,0.04642576,-0.105068825,0.096516706
1655.0,-4.6279917,-7.8625584,2.6886885,0.073303826,-0.103847094,0.09407325
1665.0,-4.675876,-7.800309,2.741361,0.10262536,-0.09407325,0.1001819
1677.0,-4.747702,-7.7931266,2.7269957,0.10995574,-0.07941248,0.112399206
1686.0,-4.711789,-7.747637,2.6647465,0.07574729,-0.07696902,0.12095132
1696.0,-4.781221,-7.711724,2.7102363,0.0061086523,-0.0842994,0.11728613
1706.0,-4.8099513,-7.6973586,2.6671407,-0.08307768,-0.09162979,0.10873401
1717.0,-4.8123455,-7.7907324,2.7748797,-0.17592919,-0.103847094,0.105068825
1727.0,-4.783615,-7.776367,2.743755,-0.32498032,-0.12461651,0.10995574
1737.0,-4.747702,-7.884106,2.8419175,-0.32498032,-0.12461651,0.10995574
1747.0,-4.8027687,-7.9343843,2.8203697,-0.36896262,-0.12583824,0.11728613
1757.0,-4.8745947,-8.013393,2.801216,-0.38606682,-0.11362094,0.12583824
1767.0,-4.9464207,-8.032547,2.9137435,-0.36651915,-0.10873401,0.13316862
1777.0,-4.9775453,-8.034941,2.8874073,-0.31520647,-0.10629055,0.13805555
1787.0,-4.9440265,-8.046912,2.96881,-0.23945917,-0.111177474,0.14660765
1800.0,-4.88896,-8.013393,2.896984,-0.058643065,-0.09285152,0.1685988
1808.0,-5.0278234,-7.824251,2.870648,0.02687807,-0.07086037,0.17715092
1818.0,-5.0996494,-7.8912888,2.896984,0.089186326,-0.05131268,0.18325958
1829.0,-5.1235914,-7.7667904,2.8634653,0.119729586,-0.05131268,0.18570304
1838.0,-5.070919,-7.577648,2.8754363,0.1282817,-0.056199603,0.17348573
1848.0,-5.0397944,-7.620744,2.834735,0.12583824,-0.064751714,0.1563815
1859.0,-5.046977,-7.668628,2.7748797,0.111177474,-0.06841691,0.14660765
1867.0,-5.0421886,-7.606379,2.825158,0.07574729,-0.065973446,0.13805555
1878.0,-5.092467,-7.6351094,2.8107927,0.018325957,-0.064751714,0.12705997
1888.0,-5.08289,-7.5824366,2.8802247,-0.042760566,-0.06841691,0.105068825
1899.0,-5.1116204,-7.551312,2.882619,-0.07819075,-0.064751714,0.081855945
1909.0,-5.0158525,-7.5584946,2.9616275,-0.07696902,-0.061086524,0.06719518
1919.0,-4.999093,-7.5704656,2.9496565,-0.04520403,-0.05131268,0.062308256
1930.0,-4.9559975,-7.704541,2.9879637,0.004886922,-0.042760566,0.065973446
1938.0,-4.9655743,-7.6375036,2.9496565,0.04886922,-0.02443461,0.07086037
1948.0,-4.9583917,-7.6494746,2.9017725,0.080634214,-0.0012217305,0.07452556
1958.0,-4.9224787,-7.639898,2.8874073,0.09285152,0.007330383,0.08307768
1969.0,-4.8147397,-7.565677,2.885013,0.080634214,0.009773844,0.08674286
1979.0,-4.8722005,-7.5680714,2.8802247,0.047647487,0.007330383,0.080634214
1988.0,-4.8626237,-7.5201874,2.789245,-0.0012217305,0.010995574,0.07452556
1998.0,-4.912902,-7.5441294,2.813187,-0.043982297,0.02443461,0.06963864
2008.0,-4.9224787,-7.5465236,2.7341783,-0.06352998,0.02321288,0.06841691
2018.0,-4.9799395,-7.5968018,2.707842,-0.065973446,0.02565634,0.07086037
2030.0,-5.011064,-7.577648,2.7269957,-0.056199603,0.017104227,0.07086037
2038.0,-4.9919105,-7.620744,2.7509377,-0.039095376,0.007330383,0.0720821
2048.0,-4.9823337,-7.5106106,2.6743233,-0.018325957,-0.004886922,0.073303826
2078.0,-4.96318,-7.5680714,2.7150247,0.004886922,-0.013439035,0.07086037
2078.0,-5.0134583,-7.4962454,2.741361,0.029321533,-0.019547688,0.06963864
2078.0,-4.96318,-7.565677,2.72939,0.043982297,-0.02687807,0.06963864
2086.0,-4.903325,-7.445967,2.7006595,0.043982297,-0.02076942,0.065973446
2097.0,-4.9895163,-7.4842744,2.72939,0.039095376,-0.017104227,0.061086524
2107.0,-5.0158525,-7.469909,2.7485435,0.02443461,-0.02443461,0.061086524
2117.0,-4.9536033,-7.4028716,2.7605145,0.007330383,-0.019547688,0.058643065
2129.0,-4.960786,-7.4866686,2.7365725,-0.009773844,-0.02565634,0.05375614
2137.0,-5.0254292,-7.5225816,2.7389667,-0.032986723,-0.017104227,0.05131268
2147.0,-5.0781016,-7.443573,2.7150247,-0.05131268,0.002443461,0.047647487
2158.0,-5.104438,-7.477092,2.657564,-0.05131268,0.004886922,0.042760566
2168.0,-5.116409,-7.5920134,2.765303,-0.04520403,-0.0012217305,0.04153884
2176.0,-5.1116204,-7.5225816,2.7700913,-0.04642576,-0.0061086523,0.042760566
2186.0,-5.1379566,-7.539341,2.8299465,-0.04886922,-0.007330383,0.037873644
2197.0,-5.221754,-7.4842744,2.8419175,-0.042760566,-0.0061086523,0.032986723
2207.0,-5.1571107,-7.639898,2.9017725,-0.029321533,-0.004886922,0.03176499
2219.0,-5.183447,-7.6375036,2.791639,-0.015882496,0.002443461,0.032986723
2230.0,-5.130774,-7.536947,2.8491,-0.002443461,0.007330383,0.029321533
2238.0,-5.21936,-7.615956,2.8443117,0.007330383,0.004886922,0.02687807
2248.0,-5.097255,-7.603985,2.7700913,0.012217305,0.009773844,0.028099801
2258.0,-5.2002063,-7.6470804,2.6623523,0.010995574,0.021991149,0.03176499
2268.0,-5.3127337,-7.61835,2.731784,-0.0012217305,0.040317107,0.032986723
2280.0,-5.351041,-7.551312,2.813187,-0.018325957,0.030543262,0.028099801
2289.0,-5.2002063,-7.5704656,2.741361,-0.028099801,0.014660766,0.021991149
2298.0,-5.243302,-7.642292,2.791639,-0.02565634,0.0012217305,0.02076942
2308.0,-5.1547165,-7.7213006,2.7988217,-0.021991149,0.0012217305,0.02321288
2319.0,-5.0876784,-7.6470804,2.6767175,-0.02076942,0.0061086523,0.02687807
2330.0,-5.0996494,-7.6853876,2.60968,-0.018325957,0.029321533,0.032986723
2339.0,-5.2480903,-7.6351094,2.6743233,-0.013439035,0.047647487,0.039095376
2348.0,-5.255273,-7.5441294,2.621651,-0.017104227,0.05009095,0.04642576
2359.0,-5.209783,-7.6494746,2.7365725,-0.029321533,0.029321533,0.04886922
2369.0,-5.142745,-7.704541,2.7102363,-0.043982297,0.012217305,0.04520403
2379.0,-5.1259856,-7.6853876,2.719813,-0.056199603,0.007330383,0.04886922
2390.0,-5.2145715,-7.678205,2.6839,-0.065973446,0.018325957,0.062308256
2400.0,-5.185841,-7.6734166,2.7150247,-0.06841691,0.02687807,0.07574729
2407.0,-5.1379566,-7.726089,2.5953147,-0.06841691,0.013439035,0.08307768
2419.0,-5.1475334,-7.654263,2.60968,-0.07941248,0.004886922,0.08552113
2430.0,-5.1475334,-7.6734166,2.6743233,-0.087964594,0.0061086523,0.08552113
2438.0,-5.1666875,-7.606379,2.6384103,-0.08552113,0.034208454,0.087964594
2449.0,-5.2385135,-7.7189064,2.6024973,-0.073303826,0.02687807,0.10140363
2459.0,-5.1547165,-7.6734166,2.5689783,-0.07696902,0.021991149,0.11484267
2468.0,-5.1690817,-7.5800424,2.56419,-0.08552113,0.018325957,0.118507855
2478.0,-5.17387,-7.560889,2.5330653,-0.08552113,0.019547688,0.12217305
2489.0,-5.2409077,-7.5704656,2.4708161,-0.080634214,0.015882496,0.13072516
2499.0,-5.21936,-7.6015906,2.5067291,-0.08307768,0.009773844,0.13805555
2509.0,-5.2480903,-7.563283,2.4947581,-0.09285152,-0.007330383,0.13805555
2520.0,-5.279215,-7.4603324,2.4899697,-0.1001819,-0.012217305,0.13439035
2531.0,-5.3199162,-7.4962454,2.554613,-0.087964594,-0.018325957,0.13194689
2538.0,-5.3223104,-7.515399,2.516306,-0.062308256,-0.029321533,0.13439035
2548.0,-5.257667,-7.5345526,2.5091233,-0.030543262,-0.040317107,0.13683382
2559.0,-5.3366756,-7.467515,2.5234885,0.002443461,-0.05131268,0.13927728
2568.0,-5.365406,-7.4627266,2.528277,0.02687807,-0.043982297,0.13927728
2580.0,-5.4803276,-7.3885064,2.56419,0.04520403,-0.036651913,0.13683382
2588.0,-5.451597,-7.441179,2.554613,0.058643065,-0.042760566,0.13072516
2598.0,-5.439626,-7.4124484,2.5905263,0.06352998,-0.04642576,0.12217305
2609.0,-5.461174,-7.429208,2.5761611,0.062308256,-0.05131268,0.111177474
2617.0,-5.523423,-7.3885064,2.6240451,0.061086524,-0.043982297,0.09896017
2632.0,-5.451597,-7.2664022,2.6982653,0.04886922,-0.059864793,0.0842994
2642.0,-5.4659624,-7.273585,2.7246015,0.04886922,-0.059864793,0.0842994
2647.0,-5.425261,-7.359776,2.6623523,0.037873644,-0.07696902,0.07696902
2660.0,-5.511452,-7.237672,2.7102363,0.02076942,-0.065973446,0.064751714
2669.0,-5.4899044,-7.4124484,2.72939,0.008552114,-0.02443461,0.036651913
2678.0,-5.4659624,-7.3645644,2.791639,0.02076942,-0.032986723,0.030543262
2689.0,-5.398925,-7.3310456,2.7246015,0.036651913,-0.029321533,0.02565634
2701.0,-5.4180784,-7.405266,2.7341783,0.052534413,-0.019547688,0.019547688
2708.0,-5.4444146,-7.2233067,2.7365725,0.059864793,-0.0061086523,0.014660766
2717.0,-5.4061074,-7.2783732,2.6862943,0.056199603,-0.004886922,0.008552114
2730.0,-5.425261,-7.285556,2.6743233,0.042760566,-0.002443461,0.002443461
2738.0,-5.377377,-7.2807674,2.6408045,0.018325957,0.010995574,-0.0036651916
2747.0,-5.415684,-7.3406224,2.7724855,-0.010995574,0.008552114,-0.012217305
2760.0,-5.379771,-7.285556,2.7461493,-0.032986723,0.0061086523,-0.02321288
2770.0,-5.422867,-7.3430166,2.695871,-0.04153884,0.0036651916,-0.029321533
2779.0,-5.3845596,-7.311892,2.731784,-0.036651913,0.014660766,-0.03176499
2788.0,-5.353435,-7.4004774,2.717419,-0.015882496,0.015882496,-0.032986723
2799.0,-5.317522,-7.3525934,2.6144683,0.007330383,0.0061086523,-0.032986723
2809.0,-5.2026005,-7.417237,2.6001031,0.017104227,0.004886922,-0.029321533
2819.0,-5.245696,-7.302315,2.6048915,0.02076942,0.004886922,-0.028099801
2830.0,-5.281609,-7.3909006,2.6503813,0.017104227,0.008552114,-0.028099801
2839.0,-5.303157,-7.3286514,2.6719291,0.0061086523,0.015882496,-0.02565634
2850.0,-5.317522,-7.321469,2.6599581,-0.0012217305,0.004886922,-0.02565634
2859.0,-5.2887917,-7.477092,2.645593,-0.002443461,-0.0036651916,-0.021991149
2868.0,-5.183447,-7.4148426,2.6479871,0.0,-0.012217305,-0.018325957
2880.0,-5.243302,-7.4124484,2.6001031,0.008552114,-0.02076942,-0.015882496
2889.0,-5.2863975,-7.357382,2.5689783,0.018325957,-0.014660766,-0.012217305
2898.0,-5.377377,-7.429208,2.7126305,0.02076942,-0.012217305,-0.008552114
2908.0,-5.3438582,-7.2783732,2.7150247,0.014660766,-0.019547688,-0.010995574
2919.0,-5.3247046,-7.417237,2.681506,0.010995574,-0.03176499,-0.015882496
2931.0,-5.195418,-7.5441294,2.5809495,0.009773844,-0.04153884,-0.014660766
2940.0,-5.2768207,-7.539341,2.6743233,0.0,-0.030543262,-0.008552114
2948.0,-5.303157,-7.5345526,2.7006595,-0.0036651916,-0.029321533,-0.004886922
2960.0,-5.341464,-7.505822,2.7030537,-0.008552114,-0.021991149,0.0
2972.0,-5.3701944,-7.48188,2.7820623,-0.017104227,-0.013439035,0.010995574
2979.0,-5.4085016,-7.457938,2.743755,-0.029321533,-0.0036651916,0.014660766
2989.0,-5.470751,-7.5201874,2.789245,-0.032986723,-0.010995574,0.010995574
2999.0,-5.4300494,-7.48188,2.753332,-0.032986723,-0.02443461,0.014660766
3009.0,-5.386954,-7.541735,2.7988217,-0.035430185,-0.02321288,0.018325957
3019.0,-5.303157,-7.505822,2.767697,-0.030543262,-0.018325957,0.021991149
