28.0,-1.8794483,7.5321584,5.401319,0.172264,0.11728613,-0.0720821
43.0,-1.9153614,7.422025,5.305551,0.010995574,-0.2565634,-0.30787608
43.0,-1.328782,7.9224133,5.410896,-0.089186326,-0.3933972,-0.32498032
52.0,-1.292869,8.039729,5.2385135,-0.004886922,0.3921755,0.015882496
63.0,-1.1803415,7.8745294,5.48751,-0.112399206,0.43493605,-0.042760566
71.0,-0.91219085,7.6590514,5.415684,-0.27122417,0.26267207,-0.2687807
82.0,-0.79966336,7.3406224,5.4085016,-0.4251622,0.1441642,-0.44593164
91.0,-0.8571242,7.45315,5.1259856,-0.50579643,0.20280726,-0.50579643
102.0,-0.62488663,7.7667904,5.1235914,-0.5314528,0.23823744,-0.5363397
112.0,-0.89303726,7.8769236,5.073313,-0.5644395,0.3042109,-0.5143485
124.0,-0.9983821,7.773973,5.097255,-0.6597345,0.35430184,-0.49602258
132.0,-0.94810385,7.606379,5.233725,-0.7819075,0.37507126,-0.54367006
141.0,-0.7302315,7.4387846,5.327099,-0.8772025,0.39706242,-0.6389651
151.0,-0.7278373,7.3047094,5.5258174,-0.93828905,0.42638394,-0.6976081
162.0,-0.79008657,7.338228,5.887342,-0.9615019,0.4447099,-0.7367035
181.0,-0.92655605,7.7189064,5.9687448,-1.001819,0.44837508,-0.7965683
182.0,-1.1061212,7.680599,5.913678,-1.0897835,0.45448375,-0.8857546
192.0,-1.5753847,7.338228,5.9184666,-1.2131784,0.4972443,-0.9786061
202.0,-2.2122424,7.2113357,6.1004257,-1.3475688,0.53878313,-1.0396926
212.0,-2.695871,7.2711906,6.217742,-1.4844025,0.54611355,-1.0555751
223.0,-2.719813,7.3166804,6.5505357,-1.5980235,0.5412266,-1.073901
232.0,-2.5091233,7.410054,6.9767036,-1.7067575,0.5546656,-1.1117748
243.0,-1.9847932,7.3310456,7.395689,-1.7873917,0.49480084,-1.1252137
252.0,-1.9177556,6.955156,8.360553,-1.6615535,0.31031954,-0.9981538
262.0,-2.5115175,6.9288197,7.3885064,-1.59558,0.13805555,-1.0103711
272.0,-3.679888,8.4108305,9.334992,-2.1746802,0.42394048,-1.1997393
282.0,-3.9384618,9.004593,9.885659,-3.2375858,0.7440339,-1.3133603
292.0,-3.5434184,8.532935,10.601525,-4.117232,0.75502944,-1.3365731
304.0,-2.9855695,7.433996,12.971785,-5.0604076,1.1227703,-1.1850786
312.0,-2.4037786,5.1906295,13.982138,-5.875302,1.5577064,-1.0885619
324.0,-2.492364,2.920926,14.609419,-6.4128633,2.0928242,-0.8857546
332.0,-3.5984852,1.5586253,14.18325,-6.7744956,2.6951375,-0.51923543
343.0,-5.1786585,0.48123455,13.678074,-6.9589767,3.268129,-0.081855945
352.0,-6.375759,-0.7493851,13.237541,-7.0506067,3.780034,0.33108896
364.0,-7.335834,-2.0470424,12.899959,-6.9711943,4.2174134,0.7049385
373.0,-8.14268,-3.1435869,12.828133,-6.559471,4.520403,1.0262536
383.0,-8.734048,-3.9552212,12.72997,-5.8643064,4.629137,1.3610078
393.0,-8.676587,-4.3718123,11.820174,-5.072625,4.5533895,1.7531832
403.0,-8.255207,-4.0174704,10.759542,-4.373795,4.288274,2.130698
413.0,-7.776367,-2.9783869,9.442732,-3.8056905,4.0353756,2.3677137
425.0,-7.374141,-1.3359646,8.228871,-3.2583551,3.835012,2.4569001
433.0,-7.1155677,-0.06943185,7.1490865,-2.7598891,3.7042868,2.5485299
443.0,-6.6510925,0.40940848,6.042965,-2.3237314,3.5735617,2.7989845
453.0,-6.43322,0.44771573,5.0613422,-1.9950858,3.4281757,3.2168164
463.0,-6.2512608,0.5243302,4.4077253,-1.8240436,3.2632422,3.6749654
472.0,-6.1507044,0.8882488,4.0054994,-1.7971655,3.1129694,4.02438
484.0,-5.839458,1.1779473,3.5242648,-1.8325957,2.9407053,4.212527
493.0,-5.398925,1.5777789,2.9783869,-1.844813,2.7171285,4.2785
503.0,-5.207389,2.1787236,1.9273324,-1.8240436,2.4373524,4.3066
513.0,-5.085284,2.89459,1.0845734,-1.7971655,2.1368067,4.3432517
524.0,-5.0182467,3.5051112,0.4405331,-1.7788396,1.8643607,4.4006734
533.0,-4.8817773,3.5098996,0.33997664,-1.7751744,1.59558,4.486194
544.0,-4.795586,3.1483753,0.35434186,-1.7983873,1.3634512,4.5985937
553.0,-4.6399627,2.4588451,0.5746084,-1.781283,1.1349876,4.656015
564.0,-4.5657425,1.9440918,0.92416185,-1.59558,0.91507614,4.5668287
573.0,-4.5082817,1.697489,1.316811,-1.1252137,0.6817256,4.321261
584.0,-4.1132383,1.9608512,2.0015526,-0.35430184,0.43004912,3.9828415
593.0,-3.371036,2.695871,1.4700398,0.66339964,0.17104226,3.63587
605.0,-2.80361,2.3175871,1.3239936,1.7800614,-0.0720821,3.3169982
613.0,-3.4691982,3.083732,0.4357447,2.6487117,-0.25534168,3.1264083
624.0,-4.0533834,6.0597243,0.28491,3.040887,-0.3494149,3.0641
633.0,-3.7325604,8.025364,0.20590134,3.4953709,-0.35308012,2.8832839
644.0,-3.3782187,8.659827,-0.93373865,4.0646973,-0.38606682,2.6597073
653.0,-3.2680852,8.652645,-1.7812861,4.365243,-0.3885103,2.565634
665.0,-3.5218706,8.813056,-2.0949266,4.2919393,-0.30787608,2.5448647
673.0,-3.6990416,9.315839,-1.9153614,4.152662,-0.14905111,2.4288
684.0,-3.9552212,10.218452,-1.7884687,4.1367793,0.04153884,2.1783454
693.0,-4.223372,11.204864,-1.5921441,4.1722097,0.18570304,1.8570304
704.0,-4.247314,12.169727,-1.5370775,4.128227,0.20525073,1.5308284
716.0,-4.1946416,13.069947,-1.8315643,3.9229765,0.13439035,1.2144
727.0,-4.096479,13.76666,-2.420538,3.018896,0.013439035,0.5119051
735.0,-3.9360676,13.910312,-2.9903579,3.018896,0.013439035,0.5119051
744.0,-3.98874,13.709199,-3.5170822,2.3310618,0.0842994,0.14905111
755.0,-4.4005427,13.464991,-4.0773253,1.5271631,0.2125811,-0.17470746
765.0,-5.0158525,13.326127,-4.903325,0.6817256,0.36163223,-0.43860126
775.0,-5.3845596,12.212823,-5.839458,-1.1313224,0.48991394,-0.7464773
788.0,-5.351041,10.99178,-5.2504845,-2.0818288,0.516792,-0.8735373
798.0,-5.315128,9.627085,-3.8043866,-2.8820622,0.56199604,-1.0543534
806.0,-5.451597,8.738836,-1.934515,-3.3890803,0.61453044,-1.2644911
817.0,-5.770026,8.14268,-0.10295067,-3.4855971,0.6560693,-1.4477507
827.0,-6.078878,7.6494746,1.1492168,-3.12763,0.64873886,-1.5662584
836.0,-6.435614,7.872135,1.8507179,-2.4544566,0.56688297,-1.59558
848.0,-6.9144545,8.576031,1.6184803,-1.6114625,0.44959682,-1.5271631
856.0,-7.1227503,9.198523,0.7781156,-0.7171558,0.30665436,-1.3939945
866.0,-7.1395097,9.184157,0.0047884034,-0.015882496,0.1600467,-1.2034045
875.0,-7.228095,8.808268,-0.36870706,0.25534168,0.047647487,-1.0091494
886.0,-7.455544,8.26239,-0.36152446,0.119729586,0.012217305,-0.9468411
895.0,-7.678205,7.6853876,0.22026655,-0.17837265,0.040317107,-1.065349
907.0,-7.869741,7.1586633,1.0127473,-0.40439278,0.096516706,-1.2657127
916.0,-8.212111,7.0485296,1.1468226,-0.4129449,0.12095132,-1.4440855
928.0,-8.42759,7.321469,1.7357962,-0.19792034,0.10262536,-1.5015068
936.0,-8.535329,7.5106106,1.8579005,0.18692477,-0.0012217305,-1.4086553
946.0,-8.252813,7.302315,1.6376339,0.5766568,-0.18448131,-1.2412782
956.0,-8.104373,6.9264255,1.448492,0.77091193,-0.35308012,-1.1093313
967.0,-8.1402855,6.9862804,1.163582,0.73548174,-0.42149702,-1.1117748
975.0,-8.267179,7.1490865,1.1683705,0.57787853,-0.36163223,-1.269378
985.0,-8.659827,8.415619,1.2186487,0.38973203,-0.27122417,-1.4929546
996.0,-8.640674,9.698911,1.3120226,0.25045475,-0.23090707,-1.6749926
1006.0,-8.180987,9.459491,1.4149733,0.19792034,-0.3408628,-1.7971655
1015.0,-8.212111,9.512163,1.2880806,0.039095376,-0.50335294,-1.8558086
1029.0,-8.058883,9.634268,1.2545617,-0.2724459,-0.5448918,-1.9523253
1052.0,-7.845799,9.765948,1.1779473,-0.5326745,-0.5338962,-2.261423
1054.0,-7.9990277,10.484209,1.2401965,-0.73914695,-0.56199604,-2.6988027
1054.0,-8.1402855,11.59033,1.4580688,-0.95172805,-0.6084218,-3.0604348
1064.0,-7.723695,11.77229,1.4867992,-1.0677924,-0.7440339,-3.4025195
1075.0,-7.067683,11.765107,1.7932571,-1.1545353,-0.9639453,-3.758043
1085.0,-6.2704144,11.080365,2.0446482,-1.2889256,-1.1410962,-4.10868
1094.0,-5.865794,10.752359,2.1739352,-1.378112,-1.2864822,-4.586376
1105.0,-5.793968,11.178528,2.3702598,-1.382999,-1.3658947,-5.131268
1116.0,-4.9081135,9.78989,1.9009962,-1.2632693,-1.4807373,-5.643173
1126.0,-3.6774938,7.9272017,2.6647465,-1.1410962,-1.7324139,-6.174626
1134.0,-2.6719291,5.5641246,2.717419,-1.0641272,-1.9278907,-6.7488394
1146.0,-1.5658079,2.8299465,4.1156325,-0.8686504,-2.1587977,-7.3462653
1155.0,-0.17477672,-0.46926352,5.631162,-0.35308012,-2.3554964,-7.8667226
1165.0,1.079785,-3.7086184,4.570531,0.6462954,-2.5277603,-8.1611595
1175.0,1.9201498,-6.0262055,1.8195933,1.8912388,-2.8344147,-8.141612
1184.0,2.3127987,-6.655881,0.7134721,2.9162707,-3.3597589,-7.869166
1194.0,2.861071,-5.044583,1.7357962,3.145956,-3.997502,-7.5002036
1207.0,4.10845,-2.123657,2.717419,2.3115141,-4.514294,-7.205766
1215.0,6.742072,-0.4165911,2.731784,0.5681047,-4.776966,-7.006624
1225.0,10.761936,-1.1444284,4.7165775,-1.491733,-4.724432,-6.830695
1235.0,14.312538,-6.0405707,8.032547,-2.9040534,-4.097684,-6.686531
1246.0,15.701175,-14.544775,11.688493,-2.7904325,-2.9223793,-6.5790186
1257.0,13.115437,-27.279533,11.427525,-0.41783184,-1.5222762,-6.510602
1266.0,6.26802,-29.695284,13.546393,3.980398,-0.45570546,-6.495941
1276.0,-0.079008654,-18.818426,11.295844,7.8899355,-0.41905355,-6.09277
1286.0,-3.2824504,-11.719617,9.478644,10.703581,-1.0238101,-5.2962017
1297.0,-4.7429137,-7.029376,7.714118,11.74083,-1.7189748,-4.376239
1306.0,-4.7668557,-3.0358477,7.297527,10.438465,-1.7324139,-2.982244
1317.0,-3.3159695,-0.25378537,6.0860605,7.2680745,-1.3854424,-1.627345
1329.0,-1.4149733,-0.23463176,6.8665705,3.5259142,-0.84421575,-0.7122689
1335.0,-0.34715924,-3.028665,6.4763155,0.089186326,-0.05497787,-0.45937067
1346.0,-0.62249243,-6.531382,8.250419,-2.605951,0.79045963,-0.7672467
1357.0,-2.1021092,-8.4826565,10.199299,-4.411669,1.4990633,-1.1337659
1367.0,-3.4620156,-9.411607,11.283873,-5.1874676,1.627345,-1.1533136
1376.0,-4.1299977,-9.85214,10.630256,-4.7610836,1.3109168,-0.75747293
1386.0,-3.7780502,-9.102755,9.514558,-3.413515,0.93462384,-0.29932398
1396.0,-2.956839,-7.3190746,8.324639,-1.7348573,0.50946164,-0.1563815
1406.0,-2.6862943,-5.070919,6.7947445,-0.39095375,0.20891592,-0.2724459
1416.0,-3.0262709,-3.335123,6.3805475,0.18936823,0.15271631,-0.32742378
1427.0,-3.394978,-3.3854012,6.7013707,0.010995574,0.20525073,-0.2443461
1437.0,-3.4093432,-5.2409077,7.1873937,-0.54733527,0.17837265,-0.23945917
1448.0,-3.4117374,-7.357382,7.788338,-1.0934488,0.12583824,-0.43127087
1457.0,-3.6583402,-8.461109,8.025364,-1.2705997,0.14294247,-0.70371675
1466.0,-3.8474822,-8.039729,8.09719,-0.8246681,0.105068825,-0.8527679
1477.0,-3.5482068,-6.5265937,7.5561004,0.1001819,-0.040317107,-0.7098254
1487.0,-2.8658595,-5.0421886,6.933608,1.0836749,-0.25534168,-0.33841935
1496.0,-2.3223755,-4.060566,6.847417,1.7763962,-0.42638394,0.02321288
1507.0,-2.2218192,-3.8139634,6.955156,2.067168,-0.4801401,0.22235495
1517.0,-2.5330653,-4.039018,7.0700774,1.9950858,-0.408058,0.2565634
1528.0,-2.906561,-4.2521024,7.326257,1.7104226,-0.27977628,0.20280726
1537.0,-2.9759927,-4.309563,8.00621,1.4367551,-0.19792034,0.15393804
1546.0,-2.801216,-4.10845,8.391677,1.3548992,-0.25167647,0.16982053
1557.0,-2.6527755,-3.3423057,8.303091,1.3854424,-0.38240165,0.2406809
1568.0,-2.6192567,-2.5881321,7.821857,1.4196508,-0.45814893,0.30298916
1576.0,-2.8275523,-1.6112977,7.1634517,1.2889256,-0.43371433,0.30665436
1587.0,-3.1914709,-1.1587936,7.290344,0.91507614,-0.35063666,0.24801129
1597.0,-3.229778,-1.6783354,7.3765354,0.38728857,-0.23701571,0.15393804
1607.0,-3.2920272,-3.1148565,8.358158,-0.18692477,-0.17470746,0.034208454
1617.0,-3.5362358,-4.5441947,10.024523,-0.6169739,-0.10995574,-0.095294975
1628.0,-3.8355112,-5.9543796,10.771513,-0.31520647,-0.059864793,-0.27488935
1637.0,-3.8019924,-5.9184666,10.632649,-0.31520647,-0.059864793,-0.27488935
1647.0,-2.2649148,-4.984728,9.172187,0.8210029,-0.2919936,-0.12705997
1656.0,-1.6519991,-3.8139634,8.394072,1.0445796,-0.33964106,-0.02443461
1667.0,-1.7118542,-2.7964275,7.9750857,0.8906415,-0.2919936,0.039095376
1677.0,-2.0709844,-2.2864625,8.329428,0.5119051,-0.16493362,0.08674286
1689.0,-2.4588451,-2.5761611,8.858546,0.11728613,-0.02687807,0.14172074
1697.0,-2.6384103,-3.2992098,9.069236,-0.15515977,0.04642576,0.2003638
1706.0,-2.5713725,-3.9145198,9.0429,-0.2443461,0.013439035,0.2443461
1716.0,-2.5019407,-3.9480386,9.198523,-0.1441642,-0.081855945,0.25411993
1727.0,-2.6384103,-3.751714,9.3421755,0.118507855,-0.204029,0.23701571
1737.0,-2.822764,-3.3542767,9.483433,0.41538838,-0.28588495,0.21868975
1746.0,-2.9113493,-2.9472623,9.56723,0.6560693,-0.31398472,0.2125811
1757.0,-2.825158,-2.7365725,9.378088,0.829555,-0.31398472,0.2284636
1766.0,-2.834735,-2.7102363,9.212888,0.9602802,-0.2919936,0.25900686
1778.0,-2.7988217,-2.6719291,9.050082,1.065349,-0.23335053,0.2932153
1788.0,-2.9113493,-2.585738,8.74123,1.1374311,-0.1600467,0.31520647
1797.0,-2.7605145,-2.4756045,8.686164,1.1325442,-0.10140363,0.30665436
1807.0,-2.303222,-2.3989902,8.987833,1.0189233,-0.05497787,0.27366763
1817.0,-1.9800048,-2.1691468,9.124303,0.8503244,0.015882496,0.2321288
1827.0,-2.0350714,-1.8842367,8.7771435,0.6939429,0.08552113,0.20158553
1835.0,-2.2218192,-1.4867992,8.463503,0.57787853,0.15027285,0.20158553
1847.0,-2.3894134,-1.496376,8.195353,0.4813618,0.20280726,0.23090707
1857.0,-2.2744915,-1.7717092,8.123527,0.33353242,0.21991149,0.24190263
1867.0,-2.2768857,-2.0494366,8.037335,0.08307768,0.2284636,0.18325958
1877.0,-2.3463178,-2.2409728,8.161834,-0.20280726,0.24801129,0.04886922
1888.0,-2.516306,-2.60968,8.492233,-0.37995818,0.27366763,-0.10995574
1897.0,-2.6192567,-2.9999347,8.932767,-0.37507126,0.25778514,-0.2284636
1906.0,-2.8323407,-3.4883518,9.363723,-0.22235495,0.19914207,-0.27855456
1917.0,-3.1555579,-3.7565024,9.89763,0.04520403,0.1160644,-0.2846632
1929.0,-3.277662,-4.072537,10.429143,0.3921755,0.037873644,-0.27488935
1936.0,-3.1435869,-4.247314,10.299856,0.7965683,-0.05131268,-0.267559
1947.0,-2.7988217,-4.209007,9.976639,1.210735,-0.14049901,-0.2565634
1957.0,-2.4013844,-3.916914,9.461885,1.5711454,-0.19425514,-0.2284636
1968.0,-2.2290018,-3.4715924,9.26556,1.8069394,-0.21868975,-0.18203785
1975.0,-2.1308396,-3.004723,9.179369,1.9010127,-0.19303341,-0.111177474
1987.0,-2.0614076,-2.7126305,9.452309,1.8753563,-0.12339478,-0.018325957
1997.0,-2.7485435,-2.2936451,9.56723,1.7629571,-0.036651913,0.08552113
2007.0,-3.6870706,-1.6783354,9.773131,1.5796975,0.040317107,0.18692477
2016.0,-4.0342298,-1.3670892,9.471462,1.2913691,0.0842994,0.27855456
2030.0,-3.526659,-1.1587936,9.011775,0.86742866,0.073303826,0.33353242
2037.0,-2.7365725,-1.1492168,8.90643,0.33475417,0.089186326,0.33964106
2062.0,-2.3894134,-1.3431472,8.939949,-0.17592919,0.15393804,0.30543262
2062.0,-2.44448,-1.7669208,9.315839,-0.5717699,0.25900686,0.25778514
2065.0,-2.8538885,-2.3223755,9.706094,-0.752586,0.35308012,0.2284636
2075.0,-3.0382419,-2.7820623,9.890448,-0.68416905,0.376293,0.23335053
2086.0,-3.0358477,-2.8658595,9.617508,-0.44348818,0.32253686,0.25778514
2096.0,-2.767697,-2.4612393,9.270349,-0.1600467,0.21624629,0.27366763
2107.0,-2.6168625,-1.8938135,9.114726,0.021991149,0.14905111,0.28344148
2115.0,-2.3870192,-1.5490485,8.935161,0.037873644,0.13072516,0.29077184
2126.0,-2.3319526,-1.3982137,8.853758,-0.10140363,0.15760323,0.30176744
2135.0,-2.396596,-1.3694834,8.717288,-0.29443705,0.21991149,0.32375857
2145.0,-2.4636335,-1.5370775,8.882488,-0.41416663,0.28955013,0.3494149
2156.0,-2.60968,-1.6998832,8.760384,-0.4166101,0.3200934,0.38728857
2168.0,-2.707842,-1.8818425,8.74123,-0.3567453,0.31031954,0.43493605
2175.0,-2.7724855,-1.8842367,8.602366,-0.2846632,0.2919936,0.46914452
2186.0,-3.0119057,-1.7621324,8.576031,-0.20158553,0.27122417,0.47647488
2196.0,-3.241749,-1.5442601,8.439561,-0.11728613,0.25411993,0.46303585
2206.0,-3.4213142,-1.2210429,8.274361,-0.06719518,0.2321288,0.4447099
2217.0,-3.4596214,-1.1133038,8.09719,-0.06719518,0.21746802,0.4288274
2229.0,-3.4476504,-1.0199299,8.078036,-0.1160644,0.21502456,0.39828414
2237.0,-3.5553896,-1.163582,8.224083,-0.19181168,0.21746802,0.3494149
2248.0,-3.9025488,-1.3910311,8.214506,-0.2602286,0.22479841,0.2932153
2256.0,-4.2401314,-1.4891934,8.24563,-0.31520647,0.22357668,0.23701571
2266.0,-4.283227,-1.5729905,8.432379,-0.34330627,0.19058995,0.17959438
2278.0,-3.9552212,-1.8076223,8.611943,-0.33841935,0.13683382,0.12339478
2288.0,-3.6032736,-2.030283,8.65025,-0.31031954,0.087964594,0.065973446
2297.0,-3.4500446,-2.0829554,8.475474,-0.28344148,0.05131268,0.009773844
2307.0,-3.4620156,-2.1045034,8.456321,-0.29077184,0.04642576,-0.028099801
2317.0,-3.4165258,-2.1667526,8.772355,-0.344528,0.061086524,-0.04642576
2329.0,-3.3734303,-2.0757728,8.767567,-0.44348818,0.0842994,-0.056199603
2336.0,-3.2202013,-1.9369092,8.475474,-0.57543504,0.11362094,-0.065973446
2348.0,-3.311181,-1.8387469,8.157045,-0.73792523,0.17348573,-0.064751714
2357.0,-3.2848446,-1.9967642,8.020576,-0.9101892,0.2443461,-0.04642576
2368.0,-3.0238767,-2.3678656,8.032547,-1.0800097,0.3042109,-0.028099801
2376.0,-2.885013,-2.60968,8.073248,-1.2131784,0.33475417,-0.02687807
2386.0,-2.8898015,-2.6671407,8.070854,-1.2938126,0.3323107,-0.035430185
2397.0,-2.9113493,-2.7461493,8.020576,-1.3121386,0.29932398,-0.034208454
2409.0,-3.0095115,-2.789245,8.078036,-1.2681563,0.25411993,-0.02076942
2417.0,-3.0669725,-2.8682537,7.929596,-1.1630874,0.20158553,0.0
2428.0,-3.169923,-3.071761,7.867347,-1.0201449,0.14660765,0.019547688
2437.0,-3.2680852,-3.157952,8.0684595,-0.84788096,0.07452556,0.035430185
2448.0,-3.3207579,-3.5242648,8.449138,-0.63163465,-0.021991149,0.037873644
2458.0,-3.1723173,-3.7349546,8.8777,-0.35185838,-0.11728613,0.02321288
2468.0,-3.0573955,-3.7804444,9.109938,0.013439035,-0.204029,0.007330383
2477.0,-3.098097,-3.53863,9.205706,0.44348818,-0.2773328,0.004886922
2488.0,-3.3135753,-3.0765493,9.0476885,0.86742866,-0.34574974,0.040317107
2498.0,-3.550601,-2.5905263,8.645462,1.219287,-0.42760566,0.118507855
2506.0,-3.6487634,-2.1883004,8.571242,1.4563028,-0.50579643,0.19181168
2517.0,-3.632004,-2.030283,8.626308,1.5931365,-0.5412266,0.22602014
2529.0,-3.6128504,-2.0374656,9.059659,1.5992452,-0.47647488,0.22968534
2537.0,-3.7948096,-1.6376339,9.818622,1.4978416,-0.4373795,0.25045475
2547.0,-3.5817258,-1.3024458,9.619903,1.359786,-0.40439278,0.2602286
2558.0,-3.4165258,-0.9576807,9.399636,1.2021828,-0.36041048,0.23090707
2568.0,-3.265691,-0.8738836,9.184157,1.0189233,-0.29077184,0.16982053
2578.0,-3.3255463,-1.0247183,8.949526,0.7806858,-0.19914207,0.10140363
2588.0,-3.3782187,-1.043872,8.844181,0.5119051,-0.12217305,0.039095376
2597.0,-3.122039,-1.1204864,8.669404,0.2602286,-0.06719518,-0.009773844
2608.0,-3.0071173,-1.0366893,8.678981,0.056199603,-0.02076942,-0.05009095
2616.0,-2.9831753,-0.94810385,8.396465,-0.10140363,0.002443461,-0.07941248
2628.0,-3.1052797,-1.0175357,8.274361,-0.24190263,0.015882496,-0.09162979
2636.0,-2.9472623,-1.2449849,8.130709,-0.37995818,0.012217305,-0.087964594
2648.0,-2.930503,-1.6065093,8.24563,-0.5009095,0.021991149,-0.09162979
2656.0,-2.777274,-1.910573,8.3629465,-0.56199604,0.02687807,-0.118507855
2666.0,-2.7365725,-2.0254946,8.310274,-0.5338962,-0.0012217305,-0.15760323
2675.0,-2.72939,-2.042254,8.350976,-0.43982297,-0.037873644,-0.19058995
2686.0,-2.621651,-2.0566192,8.350976,-0.31031954,-0.10140363,-0.20525073
2695.0,-2.6048915,-2.195483,8.341399,-0.18692477,-0.14049901,-0.20525073
2707.0,-2.6312277,-2.303222,8.508993,-0.08552113,-0.1563815,-0.204029
2715.0,-2.60968,-2.291251,8.832211,0.014660766,-0.18325958,-0.20891592
2728.0,-2.6408045,-2.315193,9.033323,0.1282817,-0.20158553,-0.21502456
2735.0,-2.5833437,-2.2505496,9.11712,0.27855456,-0.23335053,-0.20769419
2746.0,-2.56419,-2.1452048,8.971074,0.43982297,-0.25534168,-0.18081611
2756.0,-2.7341783,-1.9488802,8.832211,0.5693264,-0.26389378,-0.13072516
2767.0,-2.9520507,-1.7022774,9.074024,0.6377433,-0.2761111,-0.065973446
2776.0,-3.1052797,-1.6639702,9.41879,0.64751714,-0.2687807,-0.0036651916
2787.0,-3.2130187,-1.7932571,9.962274,0.6243043,-0.26633725,0.035430185
2798.0,-3.2010477,-1.8722657,10.134656,0.59742624,-0.27366763,0.05009095
2807.0,-3.2704794,-1.757344,10.0748005,0.59131753,-0.26389378,0.05009095
2817.0,-3.311181,-1.4915876,9.986216,0.6010914,-0.2602286,0.05009095
2830.0,-3.2872388,-1.4101849,9.854534,0.5888741,-0.24678956,0.056199603
2838.0,-3.1531637,-1.4173675,9.746795,0.5131268,-0.20280726,0.057421334
2848.0,-2.920926,-1.484405,9.749189,0.37507126,-0.1441642,0.04153884
2857.0,-2.7844565,-1.5634137,9.454702,0.20158553,-0.07574729,0.010995574
2867.0,-2.8514943,-1.5394717,9.3182335,0.043982297,-0.012217305,-0.02321288
2877.0,-2.896984,-1.532289,9.157822,-0.07574729,0.042760566,-0.037873644
2888.0,-3.0693667,-1.4460979,8.9279785,-0.172264,0.06841691,-0.02687807
2898.0,-3.0550013,-1.4437037,8.870518,-0.2724459,0.073303826,-0.009773844
2908.0,-2.896984,-1.5729905,8.844181,-0.3848451,0.07941248,-0.009773844
2918.0,-2.779668,-1.8483237,8.882488,-0.4886922,0.080634214,-0.039095376
2929.0,-2.6288335,-2.054225,9.050082,-0.52656585,0.07941248,-0.09162979
2938.0,-2.6001031,-2.2601264,9.040505,-0.47525316,0.06719518,-0.14538592
2950.0,-2.7126305,-2.4779987,9.095572,-0.3726278,0.034208454,-0.17837265
2958.0,-2.791639,-2.3582888,9.255983,-0.26389378,-0.002443461,-0.19181168
2967.0,-2.801216,-2.2768857,9.229648,-0.16249016,-0.028099801,-0.20525073
2977.0,-2.7150247,-2.315193,9.287108,-0.056199603,-0.06841691,-0.22724187
2989.0,-2.885013,-2.3391352,9.500193,0.062308256,-0.09040806,-0.24678956
2998.0,-3.383007,-2.2888567,9.564836,0.21624629,-0.07819075,-0.23823744
