33.0,-3.3375173,-0.9768343,9.296685,-0.05131268,0.012217305,-0.008552114
33.0,-3.4021606,-2.2218192,9.428367,0.16493362,0.118507855,-0.052534413
48.0,-3.0430303,-1.6807296,9.3182335,0.0012217305,-0.25900686,-0.2761111
62.0,-3.0502129,-1.103727,9.248801,-0.09285152,-0.41416663,-0.30543262
62.0,-3.2082303,-0.94331545,9.179369,0.018325957,0.37018433,0.13439035
68.0,-3.13401,-1.0893618,9.0716305,-0.04153884,0.39950588,0.16615535
80.0,-3.0909145,-1.1324574,9.040505,-0.10995574,0.2443461,0.05131268
90.0,-3.1196449,-1.2066777,9.0429,-0.11728613,0.087964594,-0.030543262
99.0,-3.1603463,-1.2665327,9.126697,-0.081855945,0.089186326,0.0012217305
109.0,-3.289633,-1.271321,9.095572,-0.04642576,0.09285152,0.021991149
120.0,-3.2393548,-1.1755531,9.038112,-0.036651913,0.096516706,0.012217305
129.0,-3.1962593,-1.2306197,9.054871,-0.05131268,0.10751228,-0.0061086523
139.0,-3.1794999,-1.0726024,9.0429,-0.07452556,0.1160644,-0.009773844
151.0,-3.2010477,-1.115698,9.097966,-0.09285152,0.12461651,0.002443461
160.0,-3.217807,-1.2425907,9.045294,-0.10751228,0.12950343,0.012217305
170.0,-3.2130187,-1.2473791,9.016563,-0.11728613,0.12705997,0.010995574
181.0,-3.1962593,-1.2138603,8.832211,-0.119729586,0.119729586,0.004886922
189.0,-3.1771057,-1.0989386,8.664616,-0.12095132,0.1160644,-0.0012217305
199.0,-3.2249897,-1.0462662,8.599973,-0.13439035,0.10873401,0.002443461
208.0,-3.25372,-0.93373865,8.463503,-0.1685988,0.1001819,0.012217305
218.0,-3.3399115,-0.8355764,8.300697,-0.21624629,0.087964594,0.021991149
229.0,-3.3686419,-0.78290397,8.283937,-0.26145032,0.07452556,0.02687807
239.0,-3.359065,-0.6799533,8.293514,-0.30298916,0.065973446,0.043982297
249.0,-3.4524388,-0.6703765,8.418014,-0.36163223,0.05375614,0.08552113
260.0,-3.2824504,-0.6967127,8.599973,-0.45937067,0.05009095,0.12583824
269.0,-3.1316159,-1.0749966,8.942344,-0.6230826,0.07941248,0.13683382
281.0,-3.0933087,-1.5011644,9.3182335,-0.80878556,0.11728613,0.12339478
290.0,-3.145981,-1.9081788,9.428367,-0.9138544,0.15149458,0.11728613
300.0,-3.289633,-2.3391352,9.552865,-0.90285885,0.1600467,0.12339478
309.0,-3.430891,-2.5594015,9.555259,-0.80756384,0.14660765,0.12583824
319.0,-3.5458126,-2.5881321,9.409213,-0.675617,0.13072516,0.1160644
330.0,-3.620033,-2.5594015,9.198523,-0.54367006,0.11362094,0.10262536
339.0,-3.6343982,-2.336741,8.956709,-0.41783184,0.09773844,0.089186326
349.0,-3.5649664,-2.0470424,8.815451,-0.30665436,0.08307768,0.080634214
361.0,-3.572149,-1.8052281,8.6813755,-0.25411993,0.06719518,0.0842994
369.0,-3.4237084,-1.7956513,8.5473,-0.28588495,0.07574729,0.089186326
379.0,-3.4117374,-1.7788919,8.487445,-0.36774087,0.06963864,0.09285152
389.0,-3.3901896,-1.8148049,8.643068,-0.47158796,0.081855945,0.081855945
399.0,-3.383007,-1.7956513,8.6334915,-0.49357912,0.12583824,0.07086037
409.0,-3.4021606,-2.1452048,8.7292595,-0.44348818,0.1282817,0.09407325
421.0,-3.4500446,-2.396596,8.7125,-0.35918877,0.119729586,0.09773844
429.0,-3.6008794,-2.3127987,8.635885,-0.25900686,0.09773844,0.04642576
440.0,-3.6727054,-2.0111294,8.607155,-0.16737708,0.07941248,-0.028099801
450.0,-3.5649664,-1.8555063,8.583213,-0.10262536,0.080634214,-0.059864793
460.0,-3.454833,-1.9249382,8.635885,-0.06352998,0.07819075,-0.04153884
470.0,-3.41892,-1.9297266,8.803479,-0.028099801,0.073303826,-0.02443461
481.0,-3.323152,-1.8938135,9.078813,0.014660766,0.07819075,-0.040317107
490.0,-3.3063924,-1.8052281,9.203311,0.018325957,0.08307768,-0.064751714
499.0,-3.3973722,-1.5849615,9.291897,-0.059864793,0.089186326,-0.07941248
510.0,-3.3782187,-1.5562311,9.153033,-0.22357668,0.112399206,-0.080634214
520.0,-3.4596214,-1.4867992,9.136273,-0.42149702,0.15393804,-0.07696902
529.0,-3.4883518,-1.5442601,9.045294,-0.59620446,0.1966986,-0.07086037
541.0,-3.6583402,-1.7118542,9.179369,-0.7244862,0.2406809,-0.06352998
550.0,-3.620033,-1.9393034,9.279925,-0.8038987,0.28588495,-0.05009095
561.0,-3.6391866,-2.4372973,9.349358,-0.8552113,0.32620203,-0.02565634
570.0,-3.715801,-2.779668,9.246407,-0.8735373,0.36041048,-0.008552114
580.0,-3.787627,-2.8562827,9.234436,-0.84665924,0.39461896,-0.028099801
590.0,-3.8522706,-2.9712043,9.114726,-0.79045963,0.40561453,-0.061086524
603.0,-3.928885,-2.9855695,9.095572,-0.7538077,0.42760566,-0.080634214
612.0,-3.7948096,-2.956839,9.258378,-0.71593404,0.47525316,-0.0842994
622.0,-3.6631286,-3.1004913,9.416395,-0.6780604,0.4972443,-0.065973446
631.0,-3.5889084,-3.004723,9.437943,-0.65118235,0.52778757,-0.062308256
642.0,-3.58412,-2.8107927,9.406818,-0.6218608,0.5729916,-0.065973446
652.0,-3.6248214,-2.8299465,9.248801,-0.6389651,0.61575216,-0.059864793
664.0,-3.6415808,-3.0214825,8.992621,-0.7049385,0.6609562,-0.04642576
674.0,-3.7469256,-3.2225955,8.875306,-0.7648033,0.7086037,-0.043982297
682.0,-3.9480386,-3.311181,8.875306,-0.81000733,0.74036866,-0.057421334
694.0,-4.0198646,-3.3973722,8.983045,-0.8417723,0.77457714,-0.061086524
704.0,-4.084508,-3.6774938,9.062054,-0.88086766,0.8026769,-0.036651913
713.0,-4.1539397,-3.691859,9.186552,-0.93951076,0.8381071,0.0061086523
724.0,-4.189853,-3.751714,9.3182335,-1.0177015,0.8894198,0.058643065
733.0,-4.1683054,-3.9432502,9.174581,-1.102001,0.93951076,0.12217305
742.0,-4.2904096,-4.156334,8.987833,-1.1801916,0.9957104,0.18570304
752.0,-4.4795513,-4.292804,8.722076,-1.2461652,1.0531317,0.24312437
763.0,-4.5298295,-4.402937,8.48984,-1.3072516,1.1081096,0.3005457
773.0,-4.6016555,-4.6806645,8.374918,-1.3720033,1.1826351,0.36651915
783.0,-4.608838,-5.0541596,8.406042,-1.428203,1.2449434,0.44104472
792.0,-4.644751,-5.422867,8.734048,-1.4477507,1.3170254,0.5180137
803.0,-4.7022123,-5.753267,8.702923,-1.4147639,1.3903292,0.59864795
813.0,-4.7261543,-5.9041014,8.779537,-1.3390167,1.4611896,0.6792821
823.0,-4.9105077,-5.839458,8.726865,-1.2669345,1.5149459,0.752586
833.0,-5.0876784,-5.535394,8.39886,-1.2547172,1.5784758,0.8185594
844.0,-5.2720323,-5.2480903,8.013393,-1.3292428,1.6493362,0.8979719
852.0,-5.4539914,-4.9943047,7.501034,-1.8240436,1.7751744,1.0824533
863.0,-5.5856724,-4.5801077,6.8905125,-1.8240436,1.7751744,1.0824533
872.0,-5.8562174,-4.426879,6.3925185,-2.1600194,1.8240436,1.1801916
883.0,-6.081272,-4.4005427,5.920861,-2.7623327,1.8741345,1.4563028
893.0,-6.945579,-4.3718123,5.2504845,-2.9578094,1.844813,1.5650368
903.0,-7.2544312,-4.4699745,5.092467,-3.0579915,1.7996091,1.6664404
912.0,-7.479486,-4.51307,4.903325,-3.0934217,1.7397442,1.7910569
923.0,-7.740454,-4.644751,4.8027687,-3.0604348,1.6615535,1.921782
933.0,-8.080431,-4.76925,4.4005427,-2.9321532,1.568702,2.0415115
942.0,-8.463503,-4.6112323,4.0222588,-2.7183504,1.4611896,2.147802
953.0,-8.731653,-4.098873,3.70383,-2.4165828,1.3500122,2.2333233
965.0,-8.930372,-3.5936968,3.3327289,-2.0732768,1.2498302,2.3151793
973.0,-9.0716305,-3.3303347,3.1292217,-1.7458528,1.1606439,2.3909266
983.0,-9.176975,-3.1052797,2.908955,-1.4624114,1.0946705,2.420248
993.0,-9.234436,-2.7509377,2.906561,-1.1679744,1.0348058,2.3921483
1002.0,-9.215282,-2.3295584,2.743755,-0.82711154,0.96761054,2.32984
1013.0,-9.227253,-1.8195933,2.707842,-0.45081854,0.9077458,2.2638667
1024.0,-9.229648,-1.5562311,2.6408045,-0.073303826,0.86132,2.1930063
1033.0,-9.239224,-1.067814,2.2816741,0.2761111,0.8222246,2.1111503
1042.0,-9.351752,-0.51235914,2.0350714,0.55833083,0.784351,2.0024164
1078.0,-9.416395,0.2801216,1.6783354,0.7855727,0.7501425,1.858252
1078.0,-9.428367,1.3551182,1.472434,0.9260717,0.71593404,1.677436
1078.0,-9.385271,2.4133554,1.3503298,0.94806284,0.6731735,1.4489723
1084.0,-9.3182335,3.3854012,1.1300632,0.8576548,0.63041294,1.1655309
1092.0,-9.361329,3.904943,0.8475474,0.6621779,0.5852089,0.84299403
1102.0,-9.284714,3.9911342,0.61291564,0.41050145,0.54367006,0.50823987
1112.0,-9.344569,3.7421372,0.4261679,0.20158553,0.5045747,0.19181168
1125.0,-9.3421755,3.169923,0.50038815,0.12583824,0.44837508,-0.105068825
1131.0,-9.263166,2.5833437,0.7350199,0.22235495,0.3726278,-0.39706242
1144.0,-9.121908,2.0566192,0.9720459,0.46792278,0.27855456,-0.6963864
1151.0,-8.963891,1.8650831,1.0773908,0.79901177,0.18325958,-0.9957104
1164.0,-8.772355,1.9632454,1.1348516,1.1484267,0.09896017,-1.2938126
1172.0,-8.614338,2.0374656,0.9959879,1.4330899,0.018325957,-1.5845845
1183.0,-8.453926,1.8171991,0.8690952,1.6224581,-0.06352998,-1.8716911
1191.0,-8.520964,1.448492,0.82599956,1.7482964,-0.13683382,-2.1563544
1203.0,-8.441956,1.0869676,0.8858546,1.8961257,-0.21746802,-2.4275784
1211.0,-8.477868,0.81642276,0.85473,2.0977113,-0.31764993,-2.6633725
1223.0,-8.4347725,0.47165772,0.8619126,2.3322835,-0.43860126,-2.8612928
1233.0,-8.324639,0.30166942,0.8882488,2.5363126,-0.5864306,-3.0433307
1243.0,-7.9343843,0.16519992,0.866701,2.652377,-0.7538077,-3.2241468
1254.0,-7.4962454,0.011971008,0.9816227,2.6450465,-0.9309586,-3.4110715
1269.0,-7.0820484,-0.06943185,1.1085154,2.5302038,-1.0995574,-3.5979962
1273.0,-6.5840545,-0.033518825,1.2018893,2.356718,-1.2412782,-3.7702603
1283.0,-6.0525417,-0.05267244,1.6328455,2.1429152,-1.3707817,-3.9315288
1293.0,-5.5162406,-0.39983168,1.8555063,1.8863518,-1.5442673,-4.1013494
1302.0,-4.6471453,-0.81881696,1.8602947,1.5577064,-1.7055358,-4.284609
1311.0,-3.4931402,-1.328782,1.733402,1.1362094,-1.8472565,-4.4556513
1324.0,-2.2242134,-1.5275006,2.042254,0.5412266,-1.9425515,-4.587598
1333.0,-0.91458505,-1.970428,2.4516625,-0.312763,-1.9657644,-4.65968
1343.0,0.4189853,-3.0478187,2.5713725,-1.4489723,-1.9608774,-4.684115
1352.0,1.7860745,-4.76925,2.6192567,-2.7317894,-1.863139,-4.696332
1363.0,3.1866825,-6.7324953,2.930503,-3.76293,-1.5882497,-4.741536
1373.0,4.223372,-8.973468,3.9384618,-4.0903535,-1.2144,-4.8563786
1384.0,4.795586,-11.544841,5.00867,-3.481932,-0.79779,-5.007873
1394.0,5.00867,-14.432248,5.9160724,-1.958434,-0.42271876,-5.0298643
1403.0,4.795586,-16.400282,6.3206925,0.26145032,-0.16615535,-4.880813
1412.0,3.845088,-16.517597,6.155493,2.7586675,-0.16737708,-4.6938887
1423.0,2.7365725,-14.611813,5.592855,4.805066,-0.43371433,-4.5631633
1433.0,2.396596,-11.968615,4.7524905,5.7372465,-0.7819075,-4.387234
1445.0,2.9400797,-9.196129,4.3837833,5.4244833,-1.0225884,-4.043928
1453.0,4.1180267,-6.909666,4.3837833,4.194201,-1.1142182,-3.6089919
1464.0,5.6431336,-6.133945,4.501099,2.5277603,-1.0409144,-3.25469
1472.0,6.277597,-6.9144545,4.6902413,0.88331115,-0.79290307,-3.0592132
1482.0,5.662287,-8.817844,5.255273,-0.37384954,-0.46670106,-2.960253
1493.0,4.4101195,-10.675745,5.7005944,-1.0250319,-0.21746802,-2.7769935
1503.0,3.0334535,-11.791444,6.2728086,-1.0152581,-0.09896017,-2.4226916
1513.0,2.0638018,-12.107478,6.6295447,-0.48502702,-0.12217305,-1.9779817
1523.0,1.5705963,-11.44189,6.567295,0.22968534,-0.26267207,-1.5625933
1534.0,1.6639702,-10.192117,6.3422403,0.7305948,-0.38240165,-1.2021828
1543.0,1.8890251,-9.074024,6.0836663,0.81489426,-0.40439278,-0.8894198
1554.0,1.9967642,-8.532935,6.2368956,0.5681047,-0.37995818,-0.65484756
1564.0,1.9369092,-8.554482,6.184223,0.2443461,-0.34208453,-0.52778757
1573.0,1.7501614,-8.801085,6.3589997,0.056199603,-0.30176744,-0.47158796
1582.0,1.6567876,-9.069236,6.6726403,0.07819075,-0.27366763,-0.4251622
1594.0,1.484405,-9.167398,6.943185,0.26145032,-0.25900686,-0.37507126
1603.0,1.2952632,-9.176975,7.2113357,0.4972443,-0.25778514,-0.34208453
1612.0,1.0845734,-8.827422,7.290344,0.6658431,-0.24923302,-0.33475417
1623.0,1.0989386,-8.446744,7.410054,0.7281514,-0.23701571,-0.34574974
1632.0,1.1563994,-7.9966335,7.5824366,0.6780604,-0.20525073,-0.36285394
1642.0,1.3144168,-7.752425,7.675811,0.54367006,-0.1563815,-0.36896262
1653.0,1.2976574,-7.8912888,7.824251,0.3921755,-0.11728613,-0.36651915
1665.0,1.2785037,-8.037335,7.795521,0.27488935,-0.07941248,-0.35918877
1672.0,1.1420342,-8.331821,7.9391727,0.22113322,-0.02565634,-0.35185838
1685.0,0.9959879,-8.506598,8.073248,0.25411993,-0.002443461,-0.33841935
1694.0,0.94331545,-8.487445,8.049306,0.3481932,0.002443461,-0.30298916
1703.0,0.8475474,-8.403648,7.836222,0.44104472,0.0061086523,-0.25045475
1714.0,0.842759,-8.037335,7.6351094,0.46181414,0.019547688,-0.1966986
1724.0,0.7517793,-7.920019,7.3909006,0.37140608,0.04153884,-0.14172074
1733.0,0.8714894,-7.860164,7.129933,0.19914207,0.081855945,-0.09040806
1743.0,0.79008657,-7.819463,7.117962,-0.07819075,0.16371189,-0.008552114
1754.0,0.770933,-7.9583263,6.9479733,-0.10262536,0.17715092,0.042760566
1765.0,0.7781156,-8.054094,6.981492,-0.06352998,0.18692477,0.096516706
1771.0,0.6703765,-8.111555,6.945579,0.021991149,0.1881465,0.13561209
1783.0,0.62249243,-7.9583263,6.823475,0.14049901,0.16249016,0.16126843
1793.0,0.7733272,-7.6949644,6.6486983,0.24312437,0.13439035,0.18936823
1805.0,0.8834604,-7.3645644,6.4260373,0.29565877,0.119729586,0.2125811
1814.0,0.90500826,-7.1586633,6.2967505,0.28344148,0.12583824,0.21746802
1823.0,0.9720459,-7.005434,6.244078,0.22602014,0.13683382,0.20280726
1832.0,0.90021986,-7.043741,6.2009826,0.1685988,0.14294247,0.18570304
1843.0,0.80445176,-6.95755,6.1387334,0.13927728,0.13805555,0.18203785
1852.0,0.8643068,-6.9000893,6.0980315,0.13194689,0.13561209,0.18448131
1867.0,0.94570965,-6.825869,6.0716953,0.13805555,0.13072516,0.18081611
1872.0,0.9648633,-6.7468605,6.0501475,0.13683382,0.12461651,0.16615535
1884.0,1.0007763,-6.7444663,6.0405707,0.11728613,0.13194689,0.14172074
1893.0,0.9864111,-6.727707,5.949591,0.10140363,0.1282817,0.11484267
1902.0,0.9959879,-6.6893997,5.8322754,0.09162979,0.118507855,0.09162979
1912.0,0.8619126,-6.528988,5.722142,0.052534413,0.10995574,0.0720821
1923.0,0.92895025,-6.4643445,5.650316,-0.02443461,0.09285152,0.056199603
1931.0,1.0007763,-6.435614,5.5976434,-0.119729586,0.081855945,0.039095376
1942.0,1.0199299,-6.588843,5.7149596,-0.19425514,0.07941248,0.02076942
1952.0,0.9911995,-6.751649,5.841852,-0.2003638,0.07941248,0.009773844
1963.0,1.055843,-6.8881183,5.8681884,-0.1160644,0.062308256,0.010995574
1971.0,1.0630256,-7.041347,5.889736,0.021991149,0.02321288,0.018325957
1983.0,0.93852705,-6.945579,5.779603,0.1282817,0.0061086523,0.02443461
1993.0,0.9768343,-6.7612257,5.662287,0.1600467,-0.019547688,0.02076942
2003.0,1.0199299,-6.5625067,5.645528,0.12095132,-0.02443461,0.0
2014.0,1.0247183,-6.5864487,5.825093,0.062308256,-0.039095376,-0.02443461
2022.0,1.0055647,-6.7803793,5.899313,0.047647487,-0.05009095,-0.04520403
2034.0,0.9672575,-6.897695,6.117185,0.09773844,-0.059864793,-0.059864793
2044.0,0.89782566,-6.979098,6.160281,0.18448131,-0.087964594,-0.062308256
2066.0,0.9696517,-6.7803793,6.184223,0.25289822,-0.11362094,-0.05497787
2066.0,0.89064306,-6.7109475,6.10282,0.26145032,-0.12339478,-0.05009095
2072.0,0.9744401,-6.4284315,6.0405707,0.21013765,-0.12339478,-0.058643065
2082.0,0.92416185,-6.459556,6.0980315,0.1282817,-0.119729586,-0.06963864
2092.0,0.94331545,-6.6630635,6.265626,0.058643065,-0.10873401,-0.07941248
2104.0,0.9552865,-6.885724,6.495469,0.040317107,-0.10262536,-0.09773844
2113.0,0.8714894,-7.089231,6.751649,0.103847094,-0.11484267,-0.112399206
2122.0,0.89543146,-7.1730285,6.7085533,0.21380283,-0.1282817,-0.11362094
2132.0,0.878672,-7.0605006,6.6989765,0.30665436,-0.13439035,-0.10140363
2142.0,0.9983821,-6.8306575,6.7229185,0.32742378,-0.13683382,-0.089186326
2153.0,1.0031705,-6.6870055,6.7684083,0.2687807,-0.13561209,-0.09407325
2164.0,1.0151415,-6.588843,6.766014,0.1600467,-0.12461651,-0.10751228
2173.0,1.1085154,-6.5696893,6.859388,0.052534413,-0.10995574,-0.11484267
2184.0,0.9983821,-6.7731967,6.849811,-0.009773844,-0.096516706,-0.10873401
2193.0,1.0821792,-6.895301,6.9862804,-0.019547688,-0.081855945,-0.09773844
2205.0,0.9911995,-7.141904,7.074866,0.009773844,-0.073303826,-0.09040806
2215.0,1.0199299,-7.0724716,7.0605006,0.064751714,-0.073303826,-0.08674286
2226.0,0.9888053,-7.015011,7.089231,0.118507855,-0.07086037,-0.07696902
2235.0,1.2138603,-6.9719152,7.007828,0.14905111,-0.07086037,-0.062308256
2244.0,1.1994951,-6.909666,6.993463,0.14049901,-0.064751714,-0.057421334
2255.0,1.2641385,-6.8761473,6.9383965,0.09162979,-0.05497787,-0.065973446
2266.0,1.1587936,-6.825869,6.9407907,0.02076942,-0.039095376,-0.081855945
2275.0,1.2138603,-6.9024835,6.9623384,-0.036651913,-0.02687807,-0.09407325
2285.0,1.2545617,-6.9743094,7.005434,-0.05375614,-0.018325957,-0.09407325
2294.0,1.3024458,-7.1826053,7.0006456,-0.02443461,-0.018325957,-0.0842994
2304.0,1.2401965,-7.2544312,7.1155677,0.034208454,-0.021991149,-0.06963864
2313.0,1.2330139,-7.2783732,6.9719152,0.096516706,-0.02443461,-0.057421334
2324.0,1.2785037,-7.1083846,6.8881183,0.12705997,-0.028099801,-0.047647487
2334.0,1.3072342,-6.9982514,6.871359,0.11728613,-0.018325957,-0.039095376
2345.0,1.436521,-6.8402343,6.787562,0.089186326,-0.010995574,-0.028099801
2355.0,1.4508862,-6.981492,6.766014,0.056199603,-0.0061086523,-0.021991149
2366.0,1.3958195,-7.015011,6.8186865,0.039095376,0.002443461,-0.02321288
2374.0,1.2473791,-7.129933,6.9120603,0.04886922,0.008552114,-0.028099801
2385.0,1.1755531,-7.067683,6.9862804,0.089186326,-0.0061086523,-0.02076942
2395.0,1.1947067,-7.189788,6.9503675,0.14905111,-0.019547688,-0.002443461
2405.0,1.3215994,-7.0820484,6.8809357,0.21380283,-0.02321288,0.014660766
2413.0,1.3000516,-6.9527617,6.8091097,0.25778514,-0.02321288,0.02321288
2424.0,1.3431472,-6.7971387,6.7731967,0.25778514,-0.015882496,0.02443461
2434.0,1.292869,-6.7253127,6.8067155,0.21746802,-0.010995574,0.02565634
2444.0,1.30484,-6.682217,6.789956,0.15393804,-0.004886922,0.02321288
2454.0,1.2473791,-6.6654577,6.8569937,0.10140363,0.004886922,0.017104227
2467.0,1.2330139,-6.7468605,6.9527617,0.0842994,0.009773844,0.013439035
2475.0,1.0965444,-6.727707,6.991069,0.10262536,0.0036651916,0.019547688
2484.0,1.1109096,-6.775591,6.991069,0.14660765,-0.008552114,0.035430185
2495.0,1.1204864,-6.7133417,6.9240313,0.18936823,-0.017104227,0.047647487
2506.0,1.2090719,-6.6079965,6.8641763,0.19547687,-0.014660766,0.04886922
2516.0,1.2856863,-6.4523735,6.8761473,0.1600467,-0.008552114,0.035430185
2526.0,1.1540052,-6.4284315,6.8785415,0.111177474,0.004886922,0.019547688
2535.0,1.1779473,-6.4619503,6.859388,0.06719518,0.014660766,0.004886922
2546.0,1.115698,-6.5960255,6.885724,0.037873644,0.013439035,-0.0036651916
2555.0,1.0821792,-6.615179,6.991069,0.05009095,0.008552114,-0.007330383
2567.0,1.1755531,-6.540959,6.9264255,0.05009095,0.008552114,-0.007330383
2574.0,1.1803415,-6.5146227,6.9719152,0.058643065,0.002443461,-0.002443461
2586.0,1.1851299,-6.5002575,6.8210807,0.039095376,0.0036651916,-0.0012217305
2594.0,1.2138603,-6.495469,6.825869,0.007330383,0.009773844,-0.004886922
2605.0,1.1779473,-6.5146227,6.8929067,-0.0061086523,0.017104227,-0.010995574
2614.0,1.1372458,-6.670246,6.9838862,0.03176499,0.010995574,-0.012217305
2624.0,1.2210429,-6.7684083,6.9479733,0.0842994,0.004886922,-0.02321288
2635.0,1.3072342,-6.6965823,6.9000893,0.12583824,-0.002443461,-0.039095376
2646.0,1.2114661,-6.6103907,6.8091097,0.14172074,-0.007330383,-0.04520403
2654.0,1.2737153,-6.543353,6.7588315,0.13439035,-0.0012217305,-0.042760566
2665.0,1.2880806,-6.50744,6.754043,0.10751228,0.004886922,-0.040317107
2674.0,1.2497733,-6.5265937,6.799533,0.08307768,0.0061086523,-0.032986723
2684.0,1.2545617,-6.5098343,6.8330517,0.07086037,0.007330383,-0.02565634
2694.0,1.2042835,-6.6271505,6.9503675,0.07696902,-0.002443461,-0.02321288
2707.0,1.1971009,-6.555324,6.9719152,0.08307768,-0.014660766,-0.02565634
2716.0,1.2401965,-6.5098343,6.945579,0.08552113,-0.02565634,-0.021991149
2725.0,1.3192052,-6.5361705,6.933608,0.080634214,-0.02565634,-0.017104227
2736.0,1.3551182,-6.622362,6.8522053,0.062308256,-0.018325957,-0.02321288
2744.0,1.292869,-6.564901,6.9503675,0.043982297,-0.014660766,-0.037873644
2755.0,1.2593501,-6.603208,6.921637,0.039095376,-0.012217305,-0.04886922
2768.0,1.2761095,-6.6295447,6.919243,0.04520403,-0.017104227,-0.04886922
2774.0,1.1300632,-6.6510925,6.933608,0.057421334,-0.02443461,-0.042760566
2784.0,1.1085154,-6.591237,7.065289,0.06963864,-0.02443461,-0.03176499
2794.0,1.1444284,-6.5481415,7.1395097,0.07452556,-0.029321533,-0.019547688
2805.0,1.1707647,-6.6630635,7.067683,0.07574729,-0.03176499,-0.009773844
2816.0,1.2665327,-6.591237,7.026982,0.07696902,-0.029321533,-0.010995574
2826.0,1.2856863,-6.6295447,7.0461354,0.0720821,-0.02443461,-0.019547688
2836.0,1.3000516,-6.564901,7.0724716,0.056199603,-0.02076942,-0.02321288
2846.0,1.2761095,-6.564901,7.017405,0.037873644,-0.015882496,-0.019547688
2856.0,1.2785037,-6.579266,7.0724716,0.02687807,-0.012217305,-0.015882496
2867.0,1.2234371,-6.6391215,7.132327,0.040317107,-0.010995574,-0.017104227
2875.0,1.1851299,-6.6486983,7.1227503,0.065973446,-0.010995574,-0.014660766
2887.0,1.1827357,-6.7229185,7.144298,0.07941248,-0.015882496,-0.0036651916
2896.0,1.2258313,-6.5481415,7.101202,0.07574729,-0.019547688,0.007330383
2905.0,1.2425907,-6.519411,7.1395097,0.061086524,-0.018325957,0.014660766
2914.0,1.2689269,-6.409278,7.0940194,0.034208454,-0.009773844,0.017104227
2926.0,1.2665327,-6.4427967,7.07726,0.0,0.0012217305,0.013439035
2935.0,1.2497733,-6.64391,7.1466923,-0.015882496,0.0036651916,0.008552114
2950.0,1.2425907,-6.6103907,7.156269,-0.0036651916,0.0036651916,0.0061086523
2956.0,1.2785037,-6.6079965,7.1227503,0.02443461,0.0036651916,0.007330383
2966.0,1.1731589,-6.5146227,7.1155677,0.047647487,-0.0012217305,0.008552114
2975.0,1.3455414,-6.4164605,7.0724716,0.04153884,-0.004886922,0.009773844
2985.0,1.340753,-6.421249,7.0461354,0.012217305,0.0012217305,0.013439035
2997.0,1.3838485,-6.38773,7.0844426,-0.014660766,0.007330383,0.015882496
3007.0,1.292869,-6.4978633,7.0006456,-0.02321288,0.0061086523,0.012217305
3016.0,1.2785037,-6.5696893,7.043741,-0.007330383,0.0061086523,0.007330383
