35.0,-1.9057846,-1.3718776,9.390059,-0.0012217305,0.0036651916,-0.0012217305
51.0,-2.3391352,-1.2234371,9.483433,0.16249016,0.111177474,-0.080634214
51.0,-2.755726,-1.3120226,9.507375,0.007330383,-0.27122417,-0.21868975
56.0,-2.2529438,-1.4891934,9.356541,-0.09162979,-0.43982297,-0.2406809
68.0,-2.054225,-1.6759412,9.320627,-0.0036651916,0.31764993,0.105068825
82.0,-2.231396,-1.6831238,9.313444,-0.034208454,0.30909783,0.11728613
86.0,-2.3104045,-1.7525556,9.334992,-0.043982297,0.10995574,0.118507855
96.0,-2.3415294,-1.6448165,9.239224,-0.032986723,-0.06719518,0.087964594
106.0,-2.2625206,-1.5275006,9.167398,-0.02565634,-0.06719518,0.057421334
116.0,-2.1859062,-1.5825673,9.208099,-0.036651913,-0.059864793,0.02443461
129.0,-2.2266076,-1.6591818,9.287108,-0.052534413,-0.04153884,0.02687807
136.0,-2.3247697,-1.7812861,9.315839,-0.065973446,-0.03176499,0.047647487
146.0,-2.4061728,-1.7741034,9.3182335,-0.065973446,-0.035430185,0.058643065
156.0,-2.4349031,-1.7429788,9.320627,-0.04642576,-0.04886922,0.052534413
167.0,-2.3774424,-1.6807296,9.313444,-0.018325957,-0.065973446,0.052534413
177.0,-2.3822308,-1.6687586,9.320627,0.004886922,-0.07941248,0.0720821
188.0,-2.4372973,-1.6663644,9.380483,0.013439035,-0.08307768,0.1001819
196.0,-2.4157495,-1.6663644,9.358934,0.014660766,-0.080634214,0.1160644
207.0,-2.360683,-1.7238252,9.306262,0.021991149,-0.081855945,0.12217305
217.0,-2.3247697,-1.7262194,9.220071,0.06963864,-0.09896017,0.12705997
227.0,-2.2768857,-1.6687586,9.361329,0.09285152,-0.095294975,0.13072516
237.0,-2.2840683,-1.6472107,9.449914,0.111177474,-0.08674286,0.13805555
248.0,-2.2098482,-1.721431,9.548077,0.12950343,-0.07574729,0.14660765
258.0,-2.2026656,-1.6639702,9.574412,0.15393804,-0.065973446,0.15393804
267.0,-2.123657,-1.4915876,9.619903,0.17592919,-0.05497787,0.1600467
277.0,-2.0925324,-1.400608,9.595961,0.19303341,-0.04520403,0.15882497
287.0,-2.135628,-1.2425907,9.5385,0.1966986,-0.03176499,0.15515977
297.0,-2.1188686,-1.1707647,9.531317,0.18203785,-0.010995574,0.15271631
308.0,-2.1787236,-1.0773908,9.457097,0.14172074,0.009773844,0.15271631
317.0,-2.1499932,-1.1109096,9.490616,0.089186326,0.028099801,0.14905111
328.0,-2.195483,-1.2234371,9.528923,0.035430185,0.04153884,0.14172074
337.0,-2.243367,-1.2497733,9.586384,-0.009773844,0.052534413,0.12950343
347.0,-2.219425,-1.3431472,9.576807,-0.02687807,0.061086524,0.12095132
358.0,-2.207454,-1.3838485,9.471462,-0.02076942,0.06719518,0.11728613
368.0,-2.1811178,-1.340753,9.382876,0.0036651916,0.06841691,0.11728613
377.0,-2.2720973,-1.2569559,9.313444,0.028099801,0.07086037,0.11484267
387.0,-2.2481554,-1.1899183,9.28232,0.037873644,0.07696902,0.112399206
397.0,-2.2529438,-1.2425907,9.215282,0.02321288,0.07941248,0.10629055
407.0,-2.2361844,-1.2449849,9.141062,0.0012217305,0.08552113,0.1001819
417.0,-2.2840683,-1.3503298,9.215282,-0.015882496,0.096516706,0.095294975
429.0,-2.2481554,-1.3790601,9.303867,-0.021991149,0.105068825,0.09896017
437.0,-2.2601264,-1.4341269,9.349358,-0.012217305,0.10995574,0.10995574
447.0,-2.2960393,-1.3790601,9.272743,0.004886922,0.111177474,0.12217305
457.0,-2.336741,-1.2497733,9.210494,0.018325957,0.10629055,0.12461651
468.0,-2.303222,-1.2042835,9.203311,0.017104227,0.10262536,0.12461651
477.0,-2.2122424,-1.1348516,9.129091,-0.009773844,0.10751228,0.119729586
489.0,-2.3175871,-1.1372458,9.030929,-0.05009095,0.11728613,0.10995574
497.0,-2.432509,-1.2545617,9.064447,-0.08552113,0.12583824,0.096516706
508.0,-2.4492683,-1.3096284,9.0716305,-0.10262536,0.1282817,0.08674286
517.0,-2.5450363,-1.3838485,9.100361,-0.096516706,0.12095132,0.080634214
529.0,-2.4109612,-1.4508862,9.167398,-0.0720821,0.105068825,0.07574729
538.0,-2.255338,-1.4437037,9.19134,-0.037873644,0.09407325,0.06841691
549.0,-2.2697031,-1.3120226,9.210494,-0.007330383,0.08307768,0.056199603
558.0,-2.2816741,-1.2306197,9.272743,0.010995574,0.0842994,0.042760566
568.0,-2.3391352,-1.1875241,9.339781,0.02076942,0.087964594,0.035430185
578.0,-2.1691468,-1.3096284,9.488221,0.018325957,0.087964594,0.034208454
588.0,-2.099715,-1.2282255,9.569624,-0.0012217305,0.09285152,0.035430185
598.0,-2.0326772,-1.091756,9.825804,-0.034208454,0.105068825,0.035430185
608.0,-2.0350714,-1.0247183,9.974244,-0.081855945,0.12705997,0.037873644
620.0,-1.9776106,-0.9552865,10.263943,-0.13439035,0.1600467,0.047647487
632.0,-1.9177556,-0.89782566,10.546458,-0.20525073,0.20158553,0.07452556
640.0,-1.9488802,-0.7206547,10.793061,-0.31398472,0.25778514,0.10995574
651.0,-1.9680338,-0.50038815,10.9343195,-0.48502702,0.32375857,0.13805555
661.0,-1.9895816,0.023942016,11.262324,-0.74036866,0.39950588,0.14905111
671.0,-1.9488802,0.6991069,11.563994,-1.0751228,0.50335294,0.16615535
680.0,-2.0159178,1.2018893,11.923124,-1.4782939,0.6462954,0.22235495
691.0,-2.0709844,0.9744401,11.829751,-2.0317378,0.8026769,0.3567453
700.0,-2.3104045,-0.12210429,11.384429,-2.819754,0.9969321,0.5681047
709.0,-2.6551697,-1.7836803,11.147403,-3.780034,1.2217305,0.8063421
720.0,-3.289633,-3.5194764,10.477027,-4.732984,1.4391985,1.001819
732.0,-3.7684734,-5.446809,9.919178,-5.5014524,1.6212363,1.1276573
741.0,-4.1946416,-7.065289,9.950302,-6.00114,1.7397442,1.2180653
750.0,-4.644751,-8.755595,9.526528,-6.2393775,1.8839084,1.3109168
760.0,-5.4899044,-10.637438,9.691729,-6.0720005,2.035403,1.455081
769.0,-5.925649,-10.714052,10.072407,-5.4733524,2.025629,1.5674802
779.0,-6.019023,-9.581595,10.220847,-4.68778,1.9462167,1.5589281
791.0,-5.9041014,-8.7292595,10.19451,-3.8582249,1.9743165,1.6249015
800.0,-5.6407394,-8.461109,9.8042555,-3.1984904,2.0390682,1.8619173
809.0,-5.281609,-8.406042,9.220071,-2.7366762,2.1331415,2.1551325
820.0,-5.044583,-8.243237,8.659827,-2.3493876,2.234545,2.3860397
832.0,-5.0062757,-8.008605,7.9367785,-1.9120082,2.3090706,2.5448647
840.0,-5.171476,-7.678205,7.467515,-1.4440855,2.356718,2.6988027
851.0,-5.5880666,-6.9982514,6.8186865,-1.0677924,2.3689353,2.8771753
861.0,-5.765238,-6.126762,6.1770406,-0.86498517,2.3603833,3.0482175
871.0,-5.8825536,-5.145139,5.638345,-0.83077675,2.3335052,3.1923819
880.0,-5.9639564,-4.307169,5.0374002,-0.88086766,2.2748623,3.31822
891.0,-6.1866174,-3.6750996,4.5082817,-0.9297369,2.1978931,3.3939674
900.0,-6.564901,-3.2632968,4.2784386,-0.8588765,2.1331415,3.4342844
913.0,-6.813898,-3.1124623,4.0916905,-0.6267477,2.0378466,3.4733799
920.0,-6.9264255,-2.6384103,4.189853,-0.25167647,1.9193386,3.4855971
933.0,-6.8665705,-1.9440918,3.9695864,0.2565634,1.7922786,3.426954
940.0,-6.6510925,-1.163582,3.7780502,0.8527679,1.672549,3.31822
951.0,-6.71813,-0.18914193,3.6343982,1.4514158,1.5723672,3.1850514
960.0,-7.015011,0.7541735,3.0382419,2.0073032,1.5039502,3.0518827
972.0,-7.5345526,1.8507179,2.4013844,2.461787,1.4672983,2.8808405
982.0,-8.032547,2.992752,1.8698715,2.796541,1.4208726,2.6548204
992.0,-8.540117,4.4843397,1.3862427,2.9443705,1.3695599,2.3628268
1001.0,-9.138668,5.98311,0.7015011,2.888171,1.2889256,2.0305161
1010.0,-9.531317,7.1754227,0.46926352,2.6670377,1.1924089,1.6627752
1021.0,-9.873688,8.4587145,0.34715924,1.9657644,0.93828905,0.83199847
1031.0,-9.947908,8.149862,0.050278235,1.6688838,0.8063421,0.3848451
1040.0,-9.885659,6.9479733,0.1388637,1.4795157,0.66706485,-0.064751714
1062.0,-9.730036,5.93762,0.023942016,1.3866642,0.5375614,-0.5155703
1062.0,-9.615114,5.29358,0.031124622,1.4489723,0.40317106,-0.9602802
1069.0,-9.397242,4.960786,-0.093373865,1.6676621,0.21624629,-1.3952162
1079.0,-9.212888,4.84347,-0.35673606,1.9376645,0.034208454,-1.8069394
1092.0,-9.114726,4.8219223,-0.50517654,2.1661282,-0.16249016,-2.1771238
1099.0,-9.035717,4.72376,-0.5746084,2.3005185,-0.33964106,-2.5045476
1110.0,-8.671799,3.9791632,-0.51475334,2.339614,-0.5131268,-2.8099802
1120.0,-8.152257,3.028665,-0.33997664,2.2748623,-0.6927212,-3.1154127
1131.0,-7.8745294,2.1260512,-0.16519992,2.1331415,-0.8576548,-3.413515
1141.0,-7.505822,1.4508862,0.17477672,2.01219,-1.0152581,-3.6688566
1151.0,-7.433996,0.79487497,0.39504328,1.9816469,-1.1765264,-3.853338
1160.0,-7.225701,0.30885202,0.62728083,2.0525072,-1.3353515,-3.9742892
1171.0,-6.6486983,-0.36391866,0.866701,2.1991148,-1.5112807,-4.070806
1181.0,-5.8634,-1.0390835,1.067814,2.366492,-1.7189748,-4.1734314
1191.0,-4.7046065,-1.6879122,1.3144168,2.5033257,-1.9547688,-4.298048
1200.0,-3.5075054,-1.958457,1.6041151,2.5448647,-2.1930063,-4.4361033
1213.0,-2.0757728,-2.1021092,2.0207062,2.4178047,-2.4397957,-4.5668287
1221.0,-0.6727707,-1.9800048,2.1140802,2.0402899,-2.6645942,-4.664567
1232.0,0.7469909,-2.147599,1.9512744,1.3793337,-2.8429668,-4.7171016
1241.0,2.042254,-2.3774424,1.8100165,0.46303585,-2.9431489,-4.7293186
1252.0,2.815581,-3.1268275,1.6807296,-0.61819565,-2.9126055,-4.7390924
1262.0,3.4404678,-4.3646297,2.885013,-1.6847663,-2.7550023,-4.7904053
1274.0,4.3406878,-6.4404025,3.6990416,-2.58396,-2.5375342,-4.8930306
1280.0,5.6000376,-9.057265,5.0014873,-3.1557298,-2.3261747,-4.9565606
1292.0,6.8402343,-12.452243,6.505046,-3.1752775,-2.0292943,-4.8905873
1302.0,7.0485296,-14.877569,7.788338,-2.4397957,-1.5906931,-4.724432
1311.0,6.1076083,-15.322891,8.597578,-0.874759,-1.1191051,-4.6303587
1321.0,4.1299977,-14.494497,7.881712,1.3548992,-0.8539896,-4.6572366
1334.0,2.087744,-12.344504,6.540959,3.7067304,-0.9126327,-4.692667
1341.0,0.92416185,-9.696517,5.7149596,5.4147096,-1.1960741,-4.597372
1352.0,1.0510546,-7.2113357,5.889736,5.9828143,-1.473407,-4.2540655
1370.0,2.2816741,-5.317522,6.813898,5.3976054,-1.6713274,-3.7152824
1373.0,4.1299977,-4.8626237,7.9391727,4.070806,-1.7617353,-3.1936035
1382.0,5.269638,-5.7005944,8.511387,2.6035078,-1.6261233,-2.8344147
1391.0,4.7429137,-7.5225816,8.860941,1.4721853,-1.2889256,-2.5937338
1400.0,2.885013,-9.224859,8.90643,0.79168135,-0.88697636,-2.348166
1412.0,1.1827357,-9.533711,9.124303,0.3921755,-0.6072,-2.0427334
1420.0,0.260968,-8.760384,9.315839,0.14294247,-0.47769663,-1.6358972
1431.0,0.35913026,-7.8745294,8.99741,0.009773844,-0.46792278,-1.0983357
1441.0,1.1300632,-7.501034,8.676587,-0.118507855,-0.49846604,-0.50335294
1452.0,1.7860745,-7.398083,8.772355,-0.33475417,-0.47769663,-0.02076942
1462.0,1.8555063,-7.513005,9.11712,-0.5888741,-0.38973203,0.24190263
1471.0,1.4939818,-7.7452426,9.397242,-0.7476991,-0.28710666,0.30665436
1481.0,0.9911995,-7.8745294,9.564836,-0.68539083,-0.24312437,0.28955013
1491.0,0.7110779,-7.7332716,9.593566,-0.40439278,-0.24923302,0.28099802
1502.0,0.6464345,-7.153875,9.557653,-0.029321533,-0.28344148,0.2968805
1515.0,0.62488663,-6.315904,9.181764,0.26633725,-0.3200934,0.29443705
1522.0,0.6871359,-5.746084,9.0476885,0.37995818,-0.2968805,0.2443461
1534.0,0.6464345,-5.5258174,9.107543,0.30665436,-0.23945917,0.16249016
1543.0,0.45968673,-5.6335564,9.193734,0.09040806,-0.16249016,0.073303826
1553.0,0.24181437,-5.8921304,9.387665,-0.15393804,-0.08552113,-0.017104227
1562.0,0.095768064,-6.184223,9.483433,-0.30298916,-0.032986723,-0.09162979
1573.0,0.021547815,-6.375759,9.313444,-0.32375857,-0.007330383,-0.12461651
1581.0,0.0047884034,-6.5265937,9.160215,-0.2761111,0.008552114,-0.1160644
1592.0,0.01436521,-6.421249,8.937555,-0.21135938,0.02687807,-0.09407325
1600.0,0.110133275,-6.3206925,8.695741,-0.13561209,0.035430185,-0.080634214
1612.0,0.19393034,-6.3661823,8.523358,-0.061086524,0.04642576,-0.06719518
1622.0,0.15083471,-6.481104,8.271967,-0.012217305,0.06719518,-0.043982297
1634.0,0.08379706,-6.4739213,8.185776,-0.007330383,0.09896017,-0.02687807
1642.0,0.074220255,-6.361394,7.9152308,-0.008552114,0.095294975,-0.02321288
1654.0,0.12689269,-6.301539,7.714118,-0.002443461,0.10262536,-0.013439035
1663.0,0.08619126,-6.196194,7.690176,0.009773844,0.105068825,0.014660766
1673.0,0.038307227,-6.0740895,7.6231384,0.014660766,0.1160644,0.05375614
1682.0,0.074220255,-6.215348,7.6015906,0.012217305,0.1160644,0.080634214
1694.0,0.090979666,-6.3470287,7.536947,0.029321533,0.09773844,0.095294975
1703.0,0.023942016,-6.3326635,7.6231384,0.08674286,0.08674286,0.10629055
1713.0,0.05267244,-6.421249,7.548918,0.1966986,0.08307768,0.10995574
1722.0,0.11971009,-6.3326635,7.5680714,0.3371976,0.06963864,0.10873401
1734.0,0.055066638,-6.0525417,7.455544,0.4569272,0.05497787,0.103847094
1743.0,0.035913024,-5.6790466,7.2951326,0.49846604,0.040317107,0.096516706
1754.0,0.02873042,-5.389348,7.21373,0.43371433,0.043982297,0.09162979
1762.0,0.04070143,-5.422867,7.1826053,0.28710666,0.058643065,0.07941248
1773.0,-0.023942016,-5.5760956,7.1227503,0.10995574,0.080634214,0.059864793
1783.0,-0.095768064,-5.849035,7.357382,-0.028099801,0.1001819,0.042760566
1793.0,-0.08379706,-6.0381765,7.524976,-0.07819075,0.11484267,0.030543262
1802.0,-0.15322891,-6.131551,7.5441294,-0.030543262,0.10140363,0.02321288
1813.0,-0.17477672,-6.093243,7.429208,0.08307768,0.0720821,0.029321533
1822.0,-0.15083471,-5.6096144,7.180211,0.29077184,0.040317107,0.059864793
1833.0,-0.1340753,-5.4899044,7.0820484,0.28588495,0.036651913,0.057421334
1842.0,-0.074220255,-5.451597,7.0940194,0.2003638,0.039095376,0.042760566
1853.0,-0.14604631,-5.497087,7.264008,0.095294975,0.04886922,0.02443461
1863.0,-0.22505496,-5.705383,7.345411,0.02687807,0.05375614,0.012217305
1874.0,-0.076614454,-5.911284,7.422025,0.019547688,0.037873644,0.009773844
1882.0,-0.18435353,-6.0046577,7.4004774,0.064751714,0.02321288,0.012217305
1893.0,-0.15562311,-5.851429,7.2783732,0.13805555,0.007330383,0.009773844
1903.0,0.019153614,-5.7604494,7.216124,0.204029,-0.009773844,0.0012217305
1913.0,0.045489833,-5.4899044,7.129933,0.21380283,-0.02321288,-0.009773844
1923.0,0.05746084,-5.363012,7.067683,0.13683382,-0.02687807,-0.02076942
1934.0,-0.011971008,-5.4061074,7.2592196,-0.008552114,-0.018325957,-0.030543262
1942.0,-0.09816227,-5.7484784,7.405266,-0.17348573,0.0036651916,-0.04886922
1951.0,-0.10534488,-6.0477533,7.524976,-0.28955013,0.0,-0.073303826
1961.0,-0.035913024,-6.3087215,7.575254,-0.30909783,0.0012217305,-0.080634214
1972.0,-0.06943185,-6.2728086,7.5561004,-0.21991149,-0.004886922,-0.062308256
1981.0,-0.093373865,-6.1076083,7.469909,-0.09162979,-0.017104227,-0.029321533
1993.0,0.007182605,-5.7963624,7.40766,-0.017104227,-0.035430185,-0.0036651916
2001.0,-0.007182605,-5.7005944,7.4363904,-0.040317107,-0.042760566,0.002443461
2012.0,0.038307227,-5.719748,7.501034,-0.13561209,-0.035430185,-0.0036651916
2022.0,-0.02873042,-5.9160724,7.675811,-0.2321288,-0.015882496,-0.012217305
2034.0,-0.09816227,-6.2009826,7.7332716,-0.25900686,-0.021991149,-0.010995574
2061.0,-0.08140286,-6.337452,7.7931266,-0.20280726,-0.032986723,0.002443461
2061.0,-0.05746084,-6.3781533,7.7811556,-0.087964594,-0.042760566,0.02443461
2061.0,-0.023942016,-6.1985884,7.7069354,0.035430185,-0.05375614,0.042760566
2071.0,-0.062249243,-5.781997,7.61835,0.12095132,-0.065973446,0.047647487
2081.0,0.076614454,-5.662287,7.608773,0.13683382,-0.06841691,0.04153884
2092.0,0.18435353,-5.580884,7.6973586,0.089186326,-0.065973446,0.030543262
2101.0,0.12449849,-5.767632,7.6949644,0.0061086523,-0.058643065,0.018325957
2113.0,0.11492168,-5.911284,7.800309,-0.06352998,-0.043982297,0.0036651916
2121.0,0.12449849,-6.0022635,7.785944,-0.08307768,-0.036651913,-0.008552114
2134.0,0.11731588,-6.0860605,7.8027034,-0.047647487,-0.040317107,-0.007330383
2142.0,0.055066638,-6.054936,7.785944,0.0012217305,-0.039095376,-0.004886922
2152.0,0.107739076,-5.9184666,7.7667904,0.039095376,-0.040317107,-0.009773844
2163.0,0.1316811,-5.839458,7.7572136,0.058643065,-0.043982297,-0.019547688
2174.0,0.24899697,-5.7724204,7.7189064,0.064751714,-0.042760566,-0.02321288
2184.0,0.1436521,-5.829881,7.759608,0.056199603,-0.047647487,-0.02076942
2194.0,0.11492168,-5.777209,7.7452426,0.034208454,-0.04153884,-0.02076942
2204.0,0.18674773,-5.8825536,7.824251,0.007330383,-0.030543262,-0.02687807
2214.0,0.11252748,-6.021417,7.9822683,-0.012217305,-0.02565634,-0.036651913
2223.0,0.090979666,-6.14831,7.9822683,-0.0036651916,-0.015882496,-0.047647487
2236.0,0.093373865,-6.0597243,8.032547,0.04642576,-0.014660766,-0.052534413
2243.0,0.05746084,-6.007052,7.9870567,0.10751228,-0.010995574,-0.04886922
2254.0,0.0023942017,-5.8945246,7.953538,0.14294247,-0.004886922,-0.042760566
2263.0,0.045489833,-5.899313,7.991845,0.13194689,-0.009773844,-0.04642576
2272.0,0.12449849,-5.959168,8.015787,0.087964594,-0.0012217305,-0.05009095
2284.0,0.1388637,-6.0381765,8.02297,0.034208454,0.010995574,-0.05375614
2294.0,0.15083471,-6.0956373,7.9607205,0.002443461,0.02687807,-0.059864793
2304.0,0.10295067,-6.054936,7.9822683,0.0012217305,0.04153884,-0.064751714
2314.0,0.050278235,-6.167464,8.015787,0.014660766,0.05497787,-0.06352998
2324.0,0.07182605,-6.1243677,7.908048,0.035430185,0.052534413,-0.047647487
2336.0,0.062249243,-6.172252,7.9032598,0.05375614,0.05131268,-0.019547688
2344.0,0.08619126,-6.0357823,7.836222,0.07819075,0.047647487,0.0036651916
2356.0,0.090979666,-5.947197,7.771579,0.096516706,0.04886922,0.019547688
2364.0,0.055066638,-5.995081,7.716512,0.10140363,0.04886922,0.029321533
2374.0,0.12210429,-5.899313,7.587225,0.087964594,0.057421334,0.036651913
2385.0,0.011971008,-5.813122,7.5345526,0.064751714,0.057421334,0.042760566
2394.0,0.12689269,-5.722142,7.4723034,0.018325957,0.065973446,0.05009095
2403.0,0.14604631,-5.6766524,7.479486,-0.052534413,0.06719518,0.057421334
2414.0,0.18195933,-5.7628436,7.479486,-0.13683382,0.06963864,0.061086524
2424.0,0.21068975,-5.9160724,7.48188,-0.19547687,0.0720821,0.058643065
2435.0,0.18195933,-6.078878,7.5225816,-0.18936823,0.0720821,0.05131268
2445.0,0.05267244,-6.1507044,7.465121,-0.12217305,0.064751714,0.04886922
2455.0,0.047884032,-5.9543796,7.4363904,-0.029321533,0.05009095,0.05131268
2465.0,0.033518825,-5.779603,7.40766,0.042760566,0.03176499,0.05375614
2474.0,0.090979666,-5.619191,7.345411,0.0720821,0.014660766,0.05131268
2484.0,0.15322891,-5.5976434,7.357382,0.06352998,0.0061086523,0.04886922
2495.0,0.11492168,-5.6527104,7.3645644,0.039095376,0.0036651916,0.043982297
2505.0,0.02633622,-5.6359506,7.369353,0.010995574,0.004886922,0.039095376
2515.0,0.0,-5.671864,7.4004774,-0.007330383,0.0036651916,0.035430185
2526.0,0.038307227,-5.650316,7.3525934,-0.008552114,-0.0061086523,0.037873644
2537.0,0.016759412,-5.6646814,7.3909006,0.02321288,-0.017104227,0.04520403
2546.0,0.06943185,-5.5138464,7.386112,0.02321288,-0.017104227,0.04520403
2554.0,-0.031124622,-5.559336,7.4004774,0.040317107,-0.021991149,0.030543262
2564.0,-0.035913024,-5.5042696,7.479486,0.04153884,-0.03176499,0.010995574
2574.0,-0.02633622,-5.4779334,7.417237,0.03176499,-0.037873644,-0.004886922
2584.0,0.023942016,-5.5282116,7.445967,0.02565634,-0.04642576,-0.012217305
2597.0,-0.009576807,-5.628768,7.479486,0.029321533,-0.05131268,-0.017104227
2603.0,0.033518825,-5.494693,7.4507556,0.037873644,-0.05131268,-0.02321288
2614.0,0.009576807,-5.5042696,7.539341,0.02687807,-0.057421334,-0.04520403
2625.0,0.07182605,-5.5138464,7.575254,0.0,-0.05375614,-0.05497787
2636.0,0.04070143,-5.580884,7.627927,-0.02687807,-0.05375614,-0.07086037
2646.0,0.021547815,-5.7365074,7.651869,-0.032986723,-0.056199603,-0.0842994
2657.0,0.0047884034,-5.731719,7.668628,-0.017104227,-0.058643065,-0.08674286
2666.0,0.088585466,-5.717354,7.620744,0.008552114,-0.06841691,-0.080634214
2676.0,0.076614454,-5.7508726,7.551312,0.02687807,-0.07696902,-0.07819075
2685.0,0.07182605,-5.556942,7.6231384,0.030543262,-0.0720821,-0.081855945
2695.0,0.038307227,-5.57849,7.541735,0.017104227,-0.0720821,-0.08552113
2704.0,0.011971008,-5.7508726,7.7308774,-0.004886922,-0.062308256,-0.0842994
2716.0,-0.07182605,-5.78918,7.750031,-0.015882496,-0.061086524,-0.08307768
2724.0,0.055066638,-5.8226986,7.8745294,-0.0012217305,-0.06841691,-0.08307768
2735.0,0.12689269,-5.805939,7.8505874,0.04153884,-0.080634214,-0.08307768
2745.0,0.19632454,-5.767632,7.9224133,0.08552113,-0.08552113,-0.0842994
2755.0,0.2705448,-5.7029886,7.9702973,0.09896017,-0.08674286,-0.095294975
2766.0,0.2657564,-5.758055,8.039729,0.08307768,-0.081855945,-0.1160644
2776.0,0.29688102,-5.901707,8.046912,0.06963864,-0.06963864,-0.13683382
2786.0,0.30166942,-5.9160724,8.1163435,0.07819075,-0.059864793,-0.14905111
2797.0,0.36152446,-5.973533,8.008605,0.10140363,-0.056199603,-0.15271631
2806.0,0.2873042,-5.9304376,7.9990277,0.12095132,-0.052534413,-0.15027285
2815.0,0.32800564,-5.9041014,7.967903,0.1160644,-0.042760566,-0.14538592
2826.0,0.35194764,-5.8586116,7.9702973,0.0842994,-0.036651913,-0.13439035
2838.0,0.34715924,-5.9064956,8.015787,0.043982297,-0.029321533,-0.11728613
2844.0,0.38067806,-5.995081,8.039729,0.008552114,-0.018325957,-0.09896017
2856.0,0.30645782,-6.1411276,8.054094,-0.009773844,-0.010995574,-0.07941248
2865.0,0.4429273,-6.1387334,7.9942393,0.0036651916,-0.008552114,-0.061086524
2875.0,0.40701428,-6.1650696,7.8984714,0.052534413,-0.009773844,-0.043982297
2885.0,0.44532153,-6.0597243,7.8769236,0.10751228,-0.009773844,-0.030543262
2896.0,0.40462008,-5.861006,7.764396,0.12461651,-0.008552114,-0.02443461
2905.0,0.39983168,-5.662287,7.809886,0.081855945,-0.009773844,-0.02076942
2917.0,0.32561144,-5.6766524,7.85777,-0.0036651916,0.002443461,-0.014660766
2926.0,0.4261679,-5.875371,7.896077,-0.08552113,0.017104227,-0.007330383
2937.0,0.2681506,-6.0381765,7.9631147,-0.1160644,0.028099801,-0.002443461
2944.0,0.22026655,-6.0860605,7.979874,-0.07819075,0.037873644,-0.002443461
2957.0,0.22744916,-6.0764837,7.9487495,0.0012217305,0.030543262,-0.002443461
2967.0,0.20590134,-5.767632,7.831434,0.07819075,0.007330383,0.0036651916
2975.0,0.2896984,-5.57849,7.764396,0.105068825,0.0012217305,0.015882496
2984.0,0.2705448,-5.547365,7.7213006,0.07574729,0.014660766,0.02076942
2996.0,0.2777274,-5.657499,7.81228,0.02076942,0.02443461,0.015882496
3006.0,0.2873042,-5.8203044,7.795521,-0.021991149,0.030543262,0.002443461
3016.0,0.20590134,-5.7843914,7.8146744,-0.03176499,0.04153884,-0.0061086523
