25.0,1.0247183,0.18435353,9.959879,-0.013439035,0.0012217305,-0.042760566
46.0,1.1228806,0.39504328,10.022128,0.16249016,0.1282817,-0.08552113
46.0,1.163582,0.6464345,9.986216,0.018325957,-0.29810223,-0.2284636
48.0,1.1085154,0.5530606,10.0508585,-0.073303826,-0.41905355,-0.24801129
55.0,1.2473791,0.45010993,9.916783,0.010995574,0.36163223,0.16737708
65.0,1.5705963,0.61291564,9.445126,-0.13561209,0.31520647,0.010995574
78.0,1.2665327,0.89303726,10.014946,-0.33108896,0.14905111,-0.25900686
92.0,1.6280571,0.7326257,9.85214,-0.4007276,0.07452556,-0.31642818
94.0,1.4077905,0.29209262,9.85214,-0.32375857,0.23823744,-0.2284636
104.0,1.5825673,-0.1388637,10.168175,-0.095294975,0.23701571,-0.16126843
114.0,1.340753,0.15322891,9.933543,0.15760323,0.21013765,-0.2565634
124.0,1.0103531,0.6584055,9.878476,0.36041048,0.2321288,-0.30909783
135.0,0.89543146,1.1300632,10.000581,0.41783184,0.22113322,-0.29565877
144.0,1.2449849,1.2282255,10.13705,0.29932398,0.17715092,-0.3213151
156.0,1.4796166,1.6879122,10.132261,0.09162979,0.21991149,-0.44715336
164.0,1.5131354,2.0087352,10.3692875,-0.09162979,0.33841935,-0.5534439
175.0,1.4293385,2.1212628,10.802638,-0.25289822,0.4129449,-0.59620446
185.0,1.4389153,1.9153614,11.051635,-0.4007276,0.46303585,-0.6267477
196.0,1.400608,1.8483237,11.195287,-0.50335294,0.5412266,-0.68416905
205.0,1.3958195,1.9416976,11.528081,-0.5742133,0.6719518,-0.73426
214.0,1.2042835,1.5394717,11.808203,-0.6939429,0.78801614,-0.7293731
225.0,1.1180922,0.9552865,11.812991,-0.8784242,0.86742866,-0.70738196
235.0,1.1611878,0.30885202,11.695675,-1.0543534,0.9334021,-0.74281216
244.0,1.2306197,0.2896984,11.757924,-1.1398746,1.0677924,-0.86620694
256.0,1.1228806,0.5626374,12.363658,-1.1203269,1.2852604,-0.9334021
265.0,0.7685388,0.44532153,13.218388,-1.128879,1.4782939,-0.8906415
275.0,0.6943185,-0.06703765,14.001291,-1.2962561,1.6481144,-0.7855727
284.0,0.59615624,-0.50517654,14.4609785,-1.5943583,1.858252,-0.66950834
294.0,0.4261679,-1.043872,14.877569,-1.9168952,2.1331415,-0.57787853
304.0,0.25857377,-1.661576,15.162479,-2.1820107,2.4226916,-0.48258355
316.0,-0.06943185,-2.5761611,15.090653,-2.3872614,2.7000244,-0.35063666
325.0,-0.33279404,-3.5745432,14.891934,-2.5033257,2.978579,-0.18570304
335.0,-0.7230489,-4.5896845,14.702792,-2.488665,3.2473598,0.008552114
346.0,-1.0773908,-5.566519,14.334085,-2.3408356,3.4697146,0.23335053
356.0,-1.4197617,-6.447585,13.90313,-2.1197023,3.6383133,0.48380527
365.0,-1.7932571,-7.029376,13.429077,-1.8387043,3.7873645,0.7464773
376.0,-2.0254946,-7.177817,12.86644,-1.5149459,3.9241984,1.0262536
385.0,-2.2768857,-7.098808,11.997345,-1.1972959,4.012163,1.3243558
395.0,-2.5354595,-6.873753,11.104307,-0.91996306,4.089132,1.5833627
405.0,-2.6910827,-6.5457473,10.2735195,-0.67073005,4.17954,1.8154916
415.0,-2.7724855,-6.399701,9.296685,-0.46792278,4.2394047,2.057394
425.0,-2.9233203,-6.191406,8.602366,-0.3005457,4.269948,2.3066273
437.0,-2.992752,-5.961562,7.6231384,-0.1881465,4.2638392,2.547308
445.0,-3.1794999,-5.5401826,6.4787097,-0.13927728,4.2455134,2.764776
456.0,-3.3207579,-4.9176903,5.485116,-0.15515977,4.201531,2.9639182
465.0,-3.5577838,-4.280833,4.745308,-0.27122417,4.111123,3.1435125
475.0,-3.787627,-3.6846764,4.2161894,-0.51068336,4.0011673,3.3011158
485.0,-4.0701427,-3.157952,3.8666358,-0.8185594,3.8643336,3.4428365
496.0,-4.3502645,-2.6479871,3.3877954,-1.0800097,3.684739,3.5784485
505.0,-4.4675803,-2.231396,3.0502129,-1.1911873,3.4917057,3.6981783
515.0,-4.711789,-1.99437,3.0669725,-1.0873401,3.2950072,3.7824776
525.0,-4.642357,-2.171541,3.301604,-0.79779,3.0787609,3.8374555
535.0,-4.510676,-2.6743233,3.2752678,-0.39706242,2.8600712,3.8716638
545.0,-4.3358994,-2.6120741,2.942474,0.12461651,2.7097983,3.8838813
557.0,-4.1706996,-2.2361844,2.6072857,0.7611381,2.607173,3.8802161
565.0,-4.000711,-1.8387469,2.0566192,1.3768903,2.5179865,3.8692205
576.0,-4.271256,-1.055843,1.5179238,1.8460348,2.4642303,3.8374555
585.0,-4.537012,0.076614454,1.1611878,2.1148155,2.4165828,3.789808
595.0,-4.8841715,0.9600749,0.79487497,2.1551325,2.316401,3.7458258
606.0,-5.2121773,1.8435353,0.48362875,1.9828686,2.1734586,3.6835175
617.0,-5.3558292,2.4109612,0.50757074,1.6297885,2.003638,3.5918877
626.0,-5.398925,2.8275523,0.3878607,1.174083,1.8570304,3.4892623
636.0,-5.374983,3.1555579,0.20350714,0.752586,1.7397442,3.386637
646.0,-5.3845596,3.5098996,0.19632454,0.4288274,1.6175711,3.2937853
659.0,-5.6431336,3.6822822,0.2777274,0.21868975,1.5125023,3.2131512
667.0,-5.884948,4.039018,0.48362875,0.1282817,1.3854424,3.1349604
677.0,-6.054936,4.486734,0.4405331,0.14294247,1.2351695,3.0360003
689.0,-6.0046577,5.142745,0.5722142,0.2565634,1.0885619,2.9113839
697.0,-6.0501475,5.875371,0.7182605,0.43249258,0.9468411,2.7440066
709.0,-6.0238113,6.885724,0.6631939,0.6291912,0.8539896,2.533869
717.0,-6.0716953,8.159439,0.46208093,0.88453287,0.7733554,2.2748623
727.0,-6.363788,9.744401,-0.038307227,1.128879,0.6585127,1.9376645
740.0,-6.4068837,11.243171,-0.3184288,1.3658947,0.52412236,1.4941764
747.0,-6.2105594,12.119449,-0.37588966,1.4611896,0.36774087,0.9981538
760.0,-5.829881,11.947066,-0.011971008,1.346347,0.267559,0.54733527
767.0,-5.6886234,11.03727,0.7086837,1.0836749,0.23457226,0.19914207
778.0,-5.877765,9.500193,1.2018893,0.8136725,0.23457226,-0.05375614
788.0,-6.3661823,8.133103,1.5035586,0.6291912,0.2406809,-0.24190263
799.0,-6.9599442,6.9048777,1.6232687,0.52412236,0.21868975,-0.36041048
809.0,-7.5848308,6.105214,1.6112977,0.44837508,0.16982053,-0.40439278
819.0,-7.8793178,5.7005944,1.4748282,0.36285394,0.087964594,-0.40561453
828.0,-7.991845,5.6431336,1.532289,0.2565634,-0.009773844,-0.41050145
835.0,-7.869741,5.872977,1.6448165,0.13683382,-0.10995574,-0.45081854
849.0,-7.6351094,6.191406,1.6567876,-0.081855945,-0.07452556,-0.6047566
860.0,-7.4723034,6.9743094,1.1444284,-0.13194689,-0.012217305,-0.6914995
867.0,-7.599196,7.28795,0.90979666,-0.14538592,0.02443461,-0.79045963
878.0,-7.848193,7.807492,0.6799533,-0.14049901,0.012217305,-0.9077458
889.0,-8.015787,8.147469,0.5267244,-0.16371189,-0.034208454,-1.0360274
899.0,-8.145074,8.554482,0.28491,-0.25900686,-0.096516706,-1.1972959
908.0,-8.030152,8.839393,0.14844051,-0.37507126,-0.17104226,-1.4220943
919.0,-7.7213006,8.78672,0.37110126,-0.51923543,-0.21991149,-1.6835446
929.0,-7.4483614,8.635885,0.5554548,-0.6621779,-0.23579398,-1.9339994
939.0,-7.3406224,8.384495,0.545878,-0.74036866,-0.22235495,-2.157576
948.0,-7.40766,8.008605,0.6679823,-0.75869465,-0.2284636,-2.348166
959.0,-7.599196,7.479486,0.7206547,-0.75136423,-0.27488935,-2.5277603
969.0,-7.620744,6.9838862,0.7565677,-0.7244862,-0.33841935,-2.7134633
979.0,-7.5824366,6.631939,0.6799533,-0.6743952,-0.41905355,-2.910162
988.0,-7.491457,6.205771,0.6464345,-0.6084218,-0.4886922,-3.0934217
998.0,-7.479486,5.911284,0.37110126,-0.5290093,-0.535118,-3.2485814
1009.0,-7.422025,5.398925,0.46686932,-0.4361578,-0.5644395,-3.3915238
1019.0,-7.297527,4.721366,0.5770026,-0.36285394,-0.6035349,-3.5332446
1030.0,-7.3166804,4.189853,0.59855044,-0.30909783,-0.643852,-3.676187
1041.0,-7.3071036,3.478775,0.6895301,-0.2687807,-0.6976081,-3.8166862
1049.0,-7.4004774,3.0550013,0.92655605,-0.2565634,-0.7831292,-3.9413025
1073.0,-7.369353,2.6599581,1.1851299,-0.27977628,-0.8906415,-4.04515
1074.0,-7.2089415,2.3343468,1.364695,-0.3115413,-1.0177015,-4.1404448
1081.0,-7.005434,2.0207062,1.6519991,-0.34574974,-1.1093313,-4.2369614
1087.0,-6.7324953,1.5514427,1.8459295,-0.37873647,-1.1410962,-4.3359213
1099.0,-6.4284315,0.9672575,1.8722657,-0.3640757,-1.1777482,-4.442212
1110.0,-6.184223,0.35673606,1.8794483,-0.30665436,-1.1997393,-4.555833
1118.0,-5.8107276,-0.23942018,1.8315643,-0.26145032,-1.2754866,-4.65968
1128.0,-5.2983685,-0.91219085,1.9752164,-0.3005457,-1.3805555,-4.7293186
1139.0,-4.8386817,-1.376666,2.1428106,-0.4288274,-1.455081,-4.774523
1148.0,-4.501099,-1.6639702,2.4636335,-0.5839872,-1.4856243,-4.813618
1160.0,-4.2664676,-1.8411411,2.8993783,-0.72326446,-1.505172,-4.8673744
1166.0,-3.857059,-2.1452048,3.2130187,-0.8576548,-1.536937,-4.950452
1178.0,-3.3159695,-2.791639,3.2082303,-0.9761627,-1.5968018,-5.062851
1187.0,-2.4612393,-3.7852328,3.0190883,-1.0580186,-1.6432275,-5.2021284
1197.0,-1.5155296,-5.2145715,2.992752,-1.0824533,-1.6334536,-5.343849
1209.0,-0.5746084,-6.823475,3.1771057,-1.0396926,-1.5577064,-5.4501395
1218.0,0.20829555,-8.121132,3.3327289,-0.97127575,-1.3793337,-5.447696
1228.0,0.45729253,-9.267955,3.0023289,-1.0384709,-1.1899655,-5.126381
1237.0,-0.045489833,-9.981427,2.7844565,-1.3109168,-0.97005403,-4.574159
1248.0,-0.8283938,-10.055647,2.8323407,-1.6285667,-0.79290307,-4.142888
1260.0,-1.3215994,-9.7563715,3.3518825,-1.772731,-0.7611381,-4.0097194
1269.0,-1.1133038,-9.583989,3.8857894,-1.6749926,-0.7965683,-4.0268235
1280.0,-0.272939,-10.038888,4.211401,-1.3402383,-0.7611381,-3.86189
1289.0,0.6775591,-11.453861,4.426879,-0.86498517,-0.5766568,-3.3622024
1300.0,1.1563994,-13.204022,4.4077253,-0.36651915,-0.2773328,-2.6914723
1309.0,0.9792285,-14.053964,4.620809,0.07696902,0.02565634,-2.0952678
1318.0,0.4285621,-13.687651,4.486734,0.42394048,0.24312437,-1.6420058
1330.0,-0.4237737,-12.76349,4.1132383,0.5546656,0.41905355,-1.2571607
1341.0,-1.436521,-12.050017,3.6128504,0.42271876,0.5009095,-0.8979719
1349.0,-2.4277205,-11.549629,3.371036,0.09407325,0.4801401,-0.6218608
1360.0,-3.3973722,-11.36767,3.2393548,-0.27122417,0.3652974,-0.47525316
1370.0,-4.050989,-11.243171,3.466804,-0.54244834,0.20769419,-0.41050145
1379.0,-4.39336,-11.180922,3.4596214,-0.68661255,0.073303826,-0.3481932
1389.0,-4.489128,-11.216835,3.5577838,-0.72082096,-0.021991149,-0.267559
1401.0,-4.474763,-11.097125,3.8402996,-0.6719518,-0.08674286,-0.18936823
1409.0,-4.462792,-10.929531,3.845088,-0.56321776,-0.118507855,-0.12705997
1420.0,-4.4460325,-10.867282,4.050989,-0.41538838,-0.1160644,-0.080634214
1428.0,-4.4196963,-10.817003,4.1371803,-0.23579398,-0.10995574,-0.05375614
1438.0,-4.4077253,-10.565612,4.1826706,-0.034208454,-0.1160644,-0.02687807
1450.0,-4.201824,-10.414778,4.1276035,0.14660765,-0.10629055,0.02443461
1461.0,-3.9719806,-10.268731,4.0677485,0.267559,-0.09773844,0.09040806
1468.0,-3.8259344,-10.108319,4.098873,0.31031954,-0.0842994,0.13683382
1478.0,-3.7373488,-9.8042555,4.1012673,0.29810223,-0.07086037,0.16249016
1489.0,-3.6104562,-9.655815,4.027047,0.25045475,-0.062308256,0.19425514
1500.0,-3.5817258,-9.579201,3.9719806,0.18081611,-0.04642576,0.23579398
1508.0,-3.5936968,-9.514558,3.98874,0.12583824,-0.042760566,0.27000242
1520.0,-3.5577838,-9.385271,3.9504328,0.112399206,-0.042760566,0.3005457
1529.0,-3.442862,-9.215282,3.8977604,0.14049901,-0.04153884,0.33964106
1540.0,-3.3446999,-9.181764,3.8043866,0.18081611,-0.02687807,0.39950588
1548.0,-3.2728736,-9.0237465,3.7421372,0.21868975,-0.015882496,0.4642576
1559.0,-3.2752678,-8.817844,3.7373488,0.25411993,0.0012217305,0.5155703
1570.0,-3.265691,-8.520964,3.7660792,0.28955013,0.034208454,0.548557
1579.0,-3.3135753,-8.274361,3.7205894,0.31520647,0.047647487,0.5742133
1589.0,-3.4093432,-8.185776,3.5936968,0.31031954,0.05131268,0.60231316
1598.0,-3.5577838,-8.049306,3.454833,0.28099802,0.062308256,0.61941737
1610.0,-3.53863,-7.7667904,3.406949,0.24678956,0.07941248,0.61575216
1620.0,-3.7301662,-7.6111674,3.2968156,0.21746802,0.089186326,0.59986967
1628.0,-3.9839516,-7.515399,3.3279405,0.18936823,0.081855945,0.57787853
1640.0,-4.0318356,-7.383718,3.3135753,0.16371189,0.05497787,0.5510005
1649.0,-4.036624,-7.371747,3.2106245,0.11362094,0.010995574,0.48502702
1661.0,-3.9983168,-7.321469,3.2632968,0.11362094,0.010995574,0.48502702
1668.0,-4.0222588,-7.3549876,3.25372,0.095294975,0.0061086523,0.45081854
1678.0,-3.8881836,-7.357382,3.2106245,0.062308256,0.004886922,0.4251622
1690.0,-3.9719806,-7.2304893,3.1172507,0.02687807,0.012217305,0.39828414
1701.0,-4.0653543,-7.2424603,3.095703,-0.0036651916,0.015882496,0.36651915
1708.0,-4.189853,-7.2687964,3.1411927,-0.034208454,0.009773844,0.33108896
1718.0,-4.1252093,-7.1993647,3.3255463,-0.04886922,-0.039095376,0.27488935
1729.0,-3.9935284,-7.422025,3.3997664,-0.015882496,-0.032986723,0.25778514
1739.0,-4.0701427,-7.553706,3.41892,0.036651913,-0.010995574,0.24312437
1747.0,-4.098873,-7.565677,3.4620156,0.1001819,0.004886922,0.22724187
1761.0,-4.1946416,-7.606379,3.454833,0.16615535,0.0,0.21624629
1769.0,-4.2161894,-7.560889,3.502717,0.22113322,0.004886922,0.204029
1781.0,-4.237737,-7.4004774,3.4284968,0.25534168,0.007330383,0.19303341
1790.0,-4.285621,-7.36217,3.406949,0.26145032,0.004886922,0.18325958
1799.0,-4.355053,-7.2831616,3.4165258,0.23823744,0.0,0.172264
1810.0,-4.378995,-7.2831616,3.4452562,0.18448131,-0.0036651916,0.1563815
1821.0,-4.2640734,-7.513005,3.4835634,0.1160644,-0.02687807,0.14294247
1829.0,-4.1371803,-7.565677,3.4835634,0.043982297,-0.043982297,0.13805555
1838.0,-4.122815,-7.7093296,3.5122938,-0.0012217305,-0.05131268,0.13683382
1847.0,-4.1395745,-7.773973,3.5194764,-0.015882496,-0.02443461,0.14294247
1858.0,-4.259285,-7.7332716,3.6990416,-0.0036651916,0.015882496,0.14905111
1874.0,-4.4077253,-7.800309,3.7205894,0.029321533,0.018325957,0.15393804
1878.0,-4.501099,-7.764396,3.751714,0.062308256,0.013439035,0.16126843
1886.0,-4.486734,-7.7811556,3.775656,0.08552113,0.0061086523,0.17348573
1896.0,-4.4220905,-7.785944,3.5697548,0.09896017,-0.0012217305,0.18570304
1906.0,-4.381389,-7.831434,3.6296098,0.09896017,0.0061086523,0.19425514
1916.0,-4.4340615,-7.6710224,3.58412,0.08307768,0.030543262,0.2003638
1927.0,-4.572925,-7.6614456,3.6583402,0.057421334,0.032986723,0.2003638
1938.0,-4.5872903,-7.723695,3.6870706,0.029321533,0.015882496,0.19547687
1947.0,-4.5753193,-7.711724,3.7684734,0.008552114,-0.009773844,0.19425514
1958.0,-4.5154643,-7.7452426,3.7660792,0.012217305,-0.034208454,0.19792034
1966.0,-4.5801077,-7.7452426,3.7924154,0.042760566,-0.032986723,0.21013765
1978.0,-4.501099,-7.833828,3.7421372,0.087964594,-0.035430185,0.2284636
1988.0,-4.5537715,-7.8505874,3.7900212,0.13316862,-0.040317107,0.24678956
1999.0,-4.5920787,-7.785944,3.7421372,0.16615535,-0.02687807,0.26267207
2008.0,-4.6040497,-7.797915,3.7612908,0.19547687,-0.029321533,0.28221974
2018.0,-4.6351743,-7.831434,3.787627,0.21013765,-0.04153884,0.30665436
2029.0,-4.4843397,-7.9248075,3.7445314,0.204029,-0.058643065,0.3323107
2037.0,-4.465186,-8.008605,3.751714,0.1685988,-0.06352998,0.36041048
2049.0,-4.4723687,-8.034941,3.7972038,0.1160644,-0.06841691,0.39461896
2063.0,-4.3526587,-8.034941,3.8402996,0.064751714,-0.0720821,0.44104472
2068.0,-4.3047748,-8.111555,3.8642416,0.021991149,-0.06841691,0.49480084
2077.0,-4.333505,-8.190564,4.0198646,0.002443461,-0.06841691,0.5558874
2088.0,-4.1395745,-8.475474,4.012682,0.012217305,-0.0842994,0.6365216
2098.0,-4.000711,-8.7532015,3.8259344,0.028099801,-0.07819075,0.7464773
2108.0,-3.9240966,-8.798691,3.8618474,0.06841691,-0.012217305,0.85154617
2119.0,-4.110844,-8.647857,3.940856,0.15271631,0.06841691,0.9407325
2129.0,-4.3622355,-8.669404,3.9360676,0.2443461,0.09285152,1.0458013
2138.0,-4.4220905,-8.78672,3.7924154,0.27366763,0.05131268,1.1753048
2149.0,-4.3406878,-8.645462,3.7565024,0.23945917,0.010995574,1.2864822
2160.0,-4.331111,-8.212111,3.7445314,0.1966986,0.009773844,1.3536774
2169.0,-4.3718123,-7.855376,3.691859,0.14782938,0.02443461,1.4147639
2180.0,-4.546589,-7.7907324,3.572149,0.064751714,0.018325957,1.4978416
2189.0,-4.7285485,-7.687782,3.4955344,-0.04642576,0.015882496,1.577254
2198.0,-4.939238,-7.539341,3.514688,-0.14294247,-0.02565634,1.6420058
2209.0,-4.9224787,-7.603985,3.5170822,-0.23823744,-0.103847094,1.7165314
2219.0,-4.7979803,-7.704541,3.5003228,-0.3200934,-0.18936823,1.7959439
2229.0,-4.63278,-7.539341,3.4213142,-0.31031954,-0.21868975,1.8521434
2241.0,-4.4963107,-7.40766,3.4883518,-0.19914207,-0.20891592,1.9071213
2250.0,-4.663905,-7.201759,3.5098996,-0.05009095,-0.17470746,1.9914207
2260.0,-4.8602295,-7.216124,3.490746,0.12705997,-0.12339478,2.0867157
2269.0,-5.2289367,-7.1490865,3.5338416,0.33108896,-0.10140363,2.172237
2280.0,-5.449203,-7.055712,3.5984852,0.5363397,-0.12705997,2.244319
2290.0,-5.717354,-6.7013707,3.6703112,0.7489208,-0.15027285,2.2956316
2302.0,-5.7724204,-6.208165,3.6176388,0.9969321,-0.18936823,2.3371704
2310.0,-5.695806,-5.841852,3.6583402,1.2229522,-0.23701571,2.3872614
2319.0,-5.571307,-5.3127337,3.6032736,1.3671165,-0.28588495,2.4397957
2330.0,-5.571307,-4.8817773,3.596091,1.423316,-0.31520647,2.485
2341.0,-5.693412,-4.402937,3.5482068,1.4074335,-0.344528,2.5118778
2349.0,-5.9878983,-3.857059,3.4213142,1.3524556,-0.3567453,2.515543
2362.0,-6.2752028,-3.4691982,3.3183637,1.2889256,-0.37018433,2.4959953
2370.0,-6.7133417,-2.956839,3.229778,1.2425,-0.41783184,2.461787
2379.0,-6.931214,-2.6144683,2.9759927,1.2315043,-0.5131268,2.4226916
2389.0,-7.1945763,-2.183512,2.8419175,1.2278391,-0.63529986,2.39337
2399.0,-7.2664022,-1.6950948,2.8203697,1.1814134,-0.77457714,2.4104743
2409.0,-7.381324,-1.4053963,2.8802247,1.128879,-0.9138544,2.388483
2421.0,-7.2687964,-0.9744401,3.2369606,1.0433578,-1.0848967,2.3054054
2429.0,-6.945579,-0.5746084,3.5218706,0.89919364,-1.2730432,2.2003367
2440.0,-6.519411,-0.31603462,3.821146,0.6658431,-1.4391985,2.1111503
2450.0,-6.105214,-0.2681506,4.0581717,0.34330627,-1.5503759,2.0451767
2461.0,-5.932832,-0.08619126,4.2042184,0.0,-1.582141,1.9938642
2469.0,-5.985504,0.1340753,4.343082,-0.23823744,-1.5760323,1.9339994
2481.0,-6.169858,0.12689269,4.656722,-0.312763,-1.6102408,1.844813
2490.0,-6.325481,0.08619126,4.876989,-0.24556783,-1.6554449,1.7275269
2500.0,-6.4188547,-0.1316811,5.159505,-0.09040806,-1.6859881,1.5968018
2510.0,-6.459556,-0.2657564,5.7628436,0.111177474,-1.7263051,1.4746287
2519.0,-6.3111157,-0.51475334,6.31351,0.312763,-1.7886134,1.3976597
2531.0,-6.1195793,-0.5482722,6.4427967,0.54000485,-1.7935003,1.378112
2541.0,-5.9902925,-0.45010993,6.5361705,0.78801614,-1.7373008,1.3842206
2550.0,-5.935226,-0.079008654,6.8091097,1.2021828,-1.6639969,1.396438
2562.0,-5.9639564,0.25139117,6.945579,1.2021828,-1.6639969,1.396438
2570.0,-6.114791,0.63206923,7.1083846,1.2681563,-1.645671,1.3842206
2580.0,-6.2608376,1.1300632,7.419631,1.0201449,-1.5662584,1.3439035
2589.0,-6.435614,1.6903064,7.8170686,0.8258898,-1.4990633,1.3060299
2600.0,-6.3230867,2.2050598,7.9750857,0.6817256,-1.3927728,1.2315043
2610.0,-6.3901243,2.4013844,8.274361,0.5864306,-1.2950343,1.1349876
2621.0,-6.315904,2.2816741,8.554482,0.49235737,-1.210735,1.0445796
2629.0,-6.2249246,2.3104045,8.552089,0.38240165,-1.1386528,0.97249746
2640.0,-6.126762,2.27928,8.796297,0.2406809,-1.070236,0.91996306
2651.0,-6.1004257,2.4420857,8.832211,0.10262536,-0.98349303,0.8772025
2662.0,-6.1004257,2.8275523,8.901642,0.008552114,-0.89552844,0.8210029
2669.0,-6.042965,3.0023289,8.935161,-0.080634214,-0.8332202,0.7452556
2679.0,-5.9687448,3.1531637,9.018958,-0.204029,-0.7611381,0.6621779
2689.0,-5.9064956,3.1004913,8.9279785,-0.33475417,-0.6719518,0.57910025
2699.0,-5.8107276,3.004723,9.136273,-0.43127087,-0.57910025,0.5009095
2711.0,-5.710171,2.72939,9.315839,-0.4642576,-0.51068336,0.43127087
2721.0,-5.521029,2.4037786,9.502586,-0.41538838,-0.4373795,0.37384954
2731.0,-5.2840033,2.2242134,9.425972,-0.28344148,-0.35796702,0.32742378
2739.0,-5.2002063,2.0135236,9.399636,-0.09896017,-0.2773328,0.28955013
2750.0,-5.1571107,2.0949266,9.136273,0.095294975,-0.19792034,0.2565634
2760.0,-5.269638,2.1787236,8.868123,0.25534168,-0.13927728,0.21868975
2769.0,-5.391742,2.3175871,8.616732,0.3286455,-0.10140363,0.17592919
2780.0,-5.5042696,2.5570073,8.477868,0.29565877,-0.08307768,0.12583824
2789.0,-5.4300494,2.7581203,8.348581,0.17348573,-0.06841691,0.06352998
2799.0,-5.410896,2.741361,8.207323,0.012217305,-0.05131268,-0.007330383
2809.0,-5.233725,2.7509377,8.147469,-0.14905111,-0.035430185,-0.07574729
2820.0,-5.1642933,2.5809495,8.061277,-0.2761111,-0.018325957,-0.13072516
2829.0,-5.1259856,2.4133554,7.989451,-0.3494149,-0.0012217305,-0.1685988
2840.0,-5.2169657,2.0638018,7.8745294,-0.36896262,0.0012217305,-0.1966986
2851.0,-5.2145715,1.9033904,7.831434,-0.35308012,-0.015882496,-0.22113322
2861.0,-5.209783,1.733402,7.73806,-0.32253686,-0.04886922,-0.25045475
2870.0,-5.1906295,1.5275006,7.668628,-0.27855456,-0.07819075,-0.2846632
2880.0,-5.044583,1.4676456,7.69257,-0.2125811,-0.1001819,-0.31887165
2890.0,-4.987122,1.4221559,7.6949644,-0.13439035,-0.13072516,-0.3494149
2901.0,-4.948815,1.340753,7.7691846,-0.06719518,-0.15760323,-0.37384954
2910.0,-4.8937483,1.3024458,7.620744,-0.02443461,-0.18081611,-0.3921755
2920.0,-4.84347,1.352724,7.52737,-0.009773844,-0.20158553,-0.408058
2929.0,-4.8147397,1.2785037,7.517793,-0.014660766,-0.22479841,-0.42638394
2941.0,-4.8578353,1.1971009,7.493851,-0.037873644,-0.25534168,-0.44959682
2950.0,-4.8817773,1.1779473,7.4483614,-0.073303826,-0.28955013,-0.47525316
2962.0,-4.8578353,1.1492168,7.398083,-0.10262536,-0.3286455,-0.5009095
2971.0,-4.831499,1.0055647,7.541735,-0.119729586,-0.37140608,-0.5216789
2979.0,-4.757279,0.81881696,7.7332716,-0.13194689,-0.41783184,-0.535118
2990.0,-4.560954,0.7326257,7.807492,-0.12583824,-0.44959682,-0.53878313
3001.0,-4.596867,0.5530606,7.9391727,-0.07941248,-0.46181414,-0.53023106
