20.0,1.484405,3.3375173,8.300697,0.0061086523,0.018325957,-0.0036651916
33.0,1.484405,3.3375173,8.300697,0.1600467,0.12095132,-0.07696902
42.0,1.5442601,2.6910827,7.8649526,-0.043982297,-0.25167647,-0.3213151
54.0,2.2768857,2.719813,7.089231,-0.52778757,-0.3811799,-0.5852089
57.0,1.697489,3.0621839,7.240066,-0.9370673,0.4288274,-0.52778757
68.0,1.8842367,2.8299465,6.981492,-1.6811012,0.43249258,-0.86742866
76.0,2.3463178,2.9017725,6.5816603,-2.6267207,0.24801129,-1.3292428
86.0,2.7485435,3.1004913,6.5218053,-3.4281757,0.1160644,-1.6957619
99.0,3.110068,2.966416,6.2249246,-4.266283,0.20280726,-1.9816469
107.0,3.3446999,2.2984335,5.7029886,-5.1422634,0.30665436,-2.2296581
119.0,3.4404678,1.2737153,5.197812,-5.979149,0.42394048,-2.4019222
127.0,3.667917,0.21787235,4.644751,-6.724405,0.52290064,-2.5130997
137.0,3.6391866,-0.5722142,4.1036615,-7.362148,0.59498274,-2.6022859
147.0,3.5697548,-1.3862427,3.41892,-7.9449134,0.65118235,-2.702468
157.0,3.7541082,-2.0949266,2.731784,-8.525235,0.7171558,-2.8112018
167.0,3.9097314,-2.8083985,2.1021092,-9.08601,0.816116,-2.9321532
178.0,3.8355112,-3.5194764,1.3072342,-9.619905,0.88697636,-3.0543263
187.0,3.9360676,-4.2760444,1.103727,-10.155024,0.9761627,-3.105639
197.0,4.1371803,-5.5018754,0.62488663,-10.655933,1.0897835,-3.087313
207.0,4.3167458,-6.7229185,-0.035913024,-11.088426,1.1887437,-3.042109
218.0,4.5202527,-8.183381,-0.34476504,-11.320555,1.328021,-2.9700267
227.0,4.6806645,-10.5440645,-0.6536171,-11.138516,1.4856243,-2.8307495
238.0,4.2305546,-13.453019,-1.1180922,-10.299188,1.4978416,-2.6816983
248.0,3.2202013,-16.07467,0.36391866,-8.805012,1.319469,-2.734233
257.0,1.3790601,-16.778566,1.8339585,-7.1287975,0.86742866,-3.0482175
267.0,0.033518825,-15.658079,3.4284968,-5.6773815,0.43127087,-3.3304374
277.0,-0.59615624,-13.718776,3.8307228,-4.5704937,0.052534413,-3.3353243
287.0,-0.7589619,-12.2798605,3.9360676,-3.8179078,-0.15271631,-3.1080823
298.0,-0.4429273,-11.975797,4.4005427,-3.2840116,-0.12339478,-2.7843237
307.0,-0.61052144,-13.165715,3.70383,-2.7171285,-0.118507855,-2.493552
318.0,-1.0749966,-14.836868,3.3901896,-1.8741345,-0.2761111,-2.2504275
327.0,-1.4460979,-20.836737,2.6240451,-0.874759,-0.28221974,-1.7287487
337.0,0.1316811,-37.378277,7.40766,0.057421334,0.10995574,-0.50946164
347.0,-0.93852705,-35.980064,5.7748146,1.5015068,-0.17592919,0.63041294
358.0,-1.5753847,-30.624233,7.302315,2.8026497,-0.6462954,0.97494096
367.0,-1.721431,-21.36825,6.0022635,2.3054054,-0.6951646,1.2131784
377.0,-1.8195933,-17.104177,4.1683054,0.6267477,-0.06352998,1.7287487
387.0,-2.0901382,-16.915035,2.5450363,-1.174083,0.535118,2.3041837
397.0,-2.3104045,-20.221428,0.34955344,-1.7214183,0.689056,2.9944615
407.0,-2.0853498,-23.374592,-0.21068975,1.0005972,0.535118,4.5985937
419.0,-1.3599066,-26.977865,3.9193082,1.0005972,0.535118,4.5985937
427.0,-1.8411411,-29.458258,5.5138464,2.475226,0.36774087,5.3597317
437.0,-0.5243302,-25.953146,5.1810527,2.660929,0.31398472,6.5240407
447.0,1.1109096,-20.693085,1.9440918,1.8839084,0.5290093,6.9418726
457.0,2.3175871,-20.338743,0.7637503,1.2070698,0.6414085,7.33527
467.0,2.0039468,-20.094534,-0.011971008,0.9663888,0.54733527,7.7262235
478.0,1.9919758,-19.294872,0.1388637,1.2400564,0.3811799,8.073195
488.0,2.2505496,-18.569427,0.5674258,1.8057177,0.22602014,8.350528
498.0,2.789245,-16.924612,0.9911995,2.3237314,0.15027285,8.517905
507.0,3.0190883,-14.7554655,1.3239936,2.6572638,0.18936823,8.560665
518.0,3.13401,-13.132196,1.3000516,2.6890287,0.27488935,8.602204
527.0,3.25372,-12.021287,1.115698,2.3994787,0.32375857,8.663291
542.0,3.2680852,-10.635044,0.40940848,1.9364429,0.31398472,8.646187
550.0,3.1507695,-8.947132,-0.1364695,1.4453071,0.31520647,8.48614
560.0,2.7820623,-7.290344,-0.59615624,1.0396926,0.25411993,8.210029
571.0,2.327164,-5.7748146,-0.9504981,0.75136423,0.1441642,7.8862705
580.0,2.1428106,-4.807557,-0.89064306,0.61453044,0.07086037,7.557625
590.0,2.0733786,-4.197036,-0.46686932,0.6426302,0.037873644,7.2240925
601.0,1.9536686,-3.3087866,-0.18674773,0.87598073,-0.02687807,6.8673472
609.0,1.6400281,-2.540248,0.021547815,1.2583824,-0.14049901,6.5154886
620.0,1.5729905,-1.8674773,0.59136784,1.7067575,-0.2443461,6.166074
630.0,1.4772224,-1.0606314,0.8690952,2.1148155,-0.3286455,5.7604594
639.0,1.4173675,0.110133275,0.7254431,2.4153612,-0.3652974,5.3206363
650.0,1.0965444,1.1994951,0.6895301,2.5302038,-0.3115413,4.927239
662.0,0.6631939,1.6927006,0.6464345,2.406809,-0.2321288,4.601037
669.0,0.38067806,1.9249382,0.6799533,2.1013765,-0.14905111,4.2687263
680.0,0.08619126,2.2601264,0.46686932,1.7654005,-0.089186326,3.8570032
691.0,0.088585466,2.6431987,0.94331545,1.5454891,-0.015882496,3.345098
701.0,-0.06943185,3.2920272,1.1587936,1.5088371,0.035430185,2.7635543
709.0,-0.7278373,3.751714,1.3192052,1.5589281,0.06352998,2.2467623
721.0,-1.2378023,4.24492,2.585738,1.5723672,0.08674286,1.8325957
730.0,-1.2449849,5.046977,4.036624,1.632232,0.07574729,1.3573426
739.0,-1.1923125,6.543353,2.7748797,2.008525,0.04886922,0.6609562
749.0,-1.5442601,8.63828,1.1324574,2.5668557,0.089186326,-0.15515977
767.0,-3.0334535,10.546458,1.2521675,2.5998425,0.13194689,-0.63163465
770.0,-5.171476,10.18254,1.2282255,1.5858061,0.09896017,-0.5204572
780.0,-6.981492,7.9367785,0.81881696,-0.15393804,0.081855945,-0.22479841
789.0,-8.157045,5.4922986,0.92416185,-1.7959439,0.20280726,-0.11728613
799.0,-9.136273,3.0478187,1.8459295,-2.7269025,0.34697145,-0.18325958
809.0,-9.974244,0.830788,2.60968,-2.8160887,0.34330627,-0.22602014
821.0,-10.551247,-0.9600749,3.347094,-2.2101104,0.18325958,-0.12705997
829.0,-10.517728,-2.1499932,3.9839516,-1.2473868,-0.065973446,0.010995574
841.0,-10.048465,-1.7669208,4.378995,-0.20525073,-0.19425514,0.05131268
849.0,-9.555259,-0.12928689,4.405331,0.70371675,-0.20525073,-0.040317107
861.0,-9.323022,2.231396,4.4220905,1.3658947,-0.21135938,-0.1441642
869.0,-9.090784,4.426879,4.477157,1.7299703,-0.21991149,-0.13439035
880.0,-8.7053175,6.030994,4.0462008,1.6945401,-0.20891592,-0.032986723
890.0,-8.350976,6.742072,3.9097314,1.2889256,-0.14905111,0.065973446
901.0,-8.02297,6.5505357,3.7924154,0.70005155,-0.043982297,0.09407325
909.0,-7.8865004,5.626374,3.7086184,0.16982053,0.047647487,0.036651913
922.0,-7.967903,4.285621,3.5984852,-0.105068825,0.07574729,-0.037873644
931.0,-8.032547,3.095703,3.5697548,-0.065973446,0.015882496,-0.058643065
940.0,-8.0445175,2.1787236,3.5051112,0.18081611,-0.1001819,-0.014660766
951.0,-7.8529816,1.733402,3.4763808,0.49357912,-0.21135938,0.039095376
962.0,-7.831434,1.6903064,3.371036,0.73426,-0.29810223,0.032986723
971.0,-7.908048,2.2361844,3.1483753,0.8344419,-0.35185838,-0.013439035
982.0,-8.169016,2.846706,3.1914709,0.79168135,-0.37140608,-0.034208454
991.0,-8.161834,3.193865,2.9281087,0.61575216,-0.3848451,-0.018325957
1000.0,-8.010999,3.4811692,2.9257145,0.39095375,-0.35308012,0.017104227
1011.0,-7.893683,3.41892,2.918532,0.21135938,-0.29077184,0.04153884
1023.0,-7.869741,3.13401,3.1364043,0.103847094,-0.23335053,0.040317107
1029.0,-8.056489,2.8275523,3.1364043,0.061086524,-0.18570304,0.034208454
1042.0,-8.2169,2.7126305,3.110068,0.040317107,-0.13683382,0.029321533
1071.0,-8.331821,2.9831753,3.110068,0.047647487,-0.119729586,0.021991149
1071.0,-8.286332,3.1962593,3.0478187,0.07574729,-0.09285152,0.002443461
1071.0,-8.094796,3.4165258,3.0454245,0.10140363,-0.07574729,-0.029321533
1081.0,-7.929596,3.5122938,2.966416,0.09773844,-0.04642576,-0.06719518
1089.0,-7.991845,3.6463692,2.9592333,0.065973446,-0.018325957,-0.10751228
1100.0,-7.9487495,3.892972,2.813187,0.032986723,-0.010995574,-0.12950343
1109.0,-7.953538,3.7804444,2.741361,-0.0012217305,0.009773844,-0.12217305
1121.0,-8.130709,3.5529952,2.7485435,-0.02565634,0.02565634,-0.105068825
1130.0,-8.324639,3.3327289,2.7605145,-0.019547688,0.035430185,-0.095294975
1141.0,-8.305486,3.2225955,2.9281087,0.032986723,0.042760566,-0.10140363
1150.0,-8.274361,3.2561142,3.0478187,0.10873401,0.03176499,-0.119729586
1160.0,-8.1881695,3.2992098,3.1268275,0.18081611,0.028099801,-0.13927728
1171.0,-8.118738,3.4261026,3.2225955,0.21380283,0.028099801,-0.16371189
1181.0,-8.121132,3.5434184,3.1268275,0.18570304,0.040317107,-0.18570304
1191.0,-8.1881695,3.5673606,3.13401,0.111177474,0.062308256,-0.1966986
1201.0,-8.214506,3.632004,3.0310593,0.029321533,0.06963864,-0.20647246
1212.0,-8.046912,3.5098996,3.040636,-0.15760323,0.06352998,-0.25045475
1222.0,-7.955932,3.4213142,3.0813377,-0.15760323,0.06352998,-0.25045475
1230.0,-7.7332716,3.2680852,2.8754363,-0.2443461,0.040317107,-0.2846632
1241.0,-7.627927,3.1866825,2.9113493,-0.31520647,0.02687807,-0.3200934
1251.0,-7.40766,3.1364043,2.9352913,-0.3726278,-0.0036651916,-0.37873647
1263.0,-7.07726,3.217807,2.8658595,-0.5021312,-0.080634214,-0.49480084
1270.0,-6.4284315,3.1675289,2.8898015,-0.57787853,-0.15149458,-0.56077427
1281.0,-6.054936,3.0693667,2.7341783,-0.6377433,-0.2406809,-0.6414085
1291.0,-5.7125654,3.0454245,2.4995465,-0.7098254,-0.33475417,-0.7464773
1300.0,-5.391742,2.9640217,2.5258827,-0.8002335,-0.43371433,-0.8784242
1310.0,-5.032612,3.004723,2.327164,-0.88208944,-0.5412266,-1.0225884
1323.0,-4.697424,2.882619,2.3056161,-0.9602802,-0.6267477,-1.1704178
1329.0,-4.3622355,2.8107927,2.4253263,-1.073901,-0.72692966,-1.3255776
1342.0,-4.0701427,2.554613,2.219425,-1.1618657,-0.79045963,-1.4587462
1352.0,-3.70383,2.1308396,1.9632454,-1.2070698,-0.87109387,-1.6151277
1362.0,-3.3925838,1.8435353,1.9512744,-1.1887437,-0.9615019,-1.7935003
1373.0,-3.1675289,1.328782,1.8052281,-1.1227703,-1.0506883,-2.0073032
1383.0,-3.1052797,1.0941502,1.6136919,-1.0995574,-1.1374311,-2.2699752
1395.0,-3.095703,0.7661445,1.532289,-1.1154399,-1.2217305,-2.5595255
1401.0,-3.1292217,0.48841715,1.4341269,-1.17897,-1.3096951,-2.8539624
1410.0,-2.9041667,0.093373865,1.6232687,-1.2705997,-1.391551,-3.1422908
1421.0,-2.6671407,-0.49559975,2.018312,-1.351234,-1.4538593,-3.435506
1429.0,-2.2768857,-1.3814543,2.3223755,-1.3878858,-1.4514158,-3.7226129
1441.0,-2.078167,-2.4229321,2.813187,-1.3377949,-1.4013249,-3.9962804
1449.0,-2.0757728,-3.1244333,3.086126,-1.2034045,-1.3561208,-4.269948
1459.0,-2.15957,-3.892972,3.608062,-0.9993755,-1.3084733,-4.555833
1470.0,-2.4875755,-4.4340615,3.3973722,-0.8356637,-1.3133603,-4.8539352
1480.0,-2.8299465,-5.044583,3.3063924,-0.8246681,-1.3182472,-5.154481
1491.0,-3.277662,-5.662287,3.3638535,-0.9822713,-1.3243558,-5.4782395
1501.0,-3.8881836,-6.10282,3.6343982,-1.2596041,-1.3170254,-5.848424
1510.0,-4.0438066,-6.847417,4.3742065,-1.5528195,-1.2021828,-6.25526
1521.0,-3.727772,-8.408437,5.7269306,-1.704314,-0.9089675,-6.5814624
1529.0,-3.550601,-11.475409,6.71813,-1.6994271,-0.61575216,-6.6840873
1539.0,-3.241749,-15.514427,8.090008,-1.4831808,-0.37018433,-6.4934974
1550.0,-3.8163576,-18.942924,9.775525,-1.0189233,-0.32498032,-6.268699
1561.0,-5.011064,-18.413805,10.512939,-0.3933972,-0.516792,-6.368881
1570.0,-5.6982,-15.787366,10.453085,0.22235495,-0.66828656,-6.6339965
1581.0,-5.650316,-13.955802,10.536881,0.5644395,-0.6719518,-6.5900145
1590.0,-5.1642933,-13.821727,10.402806,0.5888741,-0.57910025,-6.056118
1600.0,-4.951209,-14.516045,10.46745,0.4007276,-0.41538838,-5.304754
1612.0,-5.3845596,-14.992491,10.884041,0.22113322,-0.28099802,-4.7488666
1623.0,-6.540959,-14.86081,11.334151,0.16615535,-0.28344148,-4.4409904
1631.0,-7.192182,-13.905523,11.451467,0.1441642,-0.3848451,-4.192979
1641.0,-7.177817,-12.29662,11.164163,0.04153884,-0.44593164,-3.8508945
1653.0,-6.933608,-10.884041,10.907983,-0.14660765,-0.39950588,-3.3499851
1662.0,-6.6510925,-10.000581,10.328587,-0.3481932,-0.3200934,-2.7586675
1671.0,-6.229713,-9.516952,9.516952,-0.47403142,-0.2565634,-2.2003367
1682.0,-5.9807158,-9.200917,8.693346,-0.5009095,-0.21991149,-1.740966
1692.0,-5.861006,-8.889671,7.651869,-0.45570546,-0.21868975,-1.3658947
1702.0,-5.511452,-8.710106,6.8210807,-0.35185838,-0.19914207,-1.0360274
1710.0,-5.5162406,-8.607155,6.181829,-0.18203785,-0.1685988,-0.7244862
1722.0,-5.377377,-8.35337,5.81791,0.056199603,-0.1441642,-0.44226643
1730.0,-5.3701944,-7.8769236,5.7245364,0.3494149,-0.1282817,-0.21746802
1742.0,-5.281609,-7.565677,5.66947,0.6560693,-0.10995574,-0.034208454
1750.0,-5.068525,-7.335834,5.616797,0.9224065,-0.09896017,0.13927728
1761.0,-4.8841715,-7.103596,5.523423,1.1313224,-0.08552113,0.31398472
1771.0,-4.7141833,-6.969521,5.446809,1.3109168,-0.05497787,0.46670106
1782.0,-4.6662993,-6.787562,5.3558292,1.4929546,-0.034208454,0.5729916
1790.0,-4.534618,-6.7827735,5.2026005,1.6542231,-0.008552114,0.625526
1803.0,-4.3287168,-6.8282633,5.1116204,1.7654005,0.039095376,0.6414085
1811.0,-4.197036,-6.9144545,5.2049947,1.8472565,0.09896017,0.65118235
1823.0,-3.9911342,-6.9360023,5.209783,1.926669,0.15515977,0.6743952
1831.0,-3.6703112,-6.9264255,5.2480903,1.9999728,0.18448131,0.6939429
1841.0,-3.4117374,-6.667852,5.3199162,2.0402899,0.17837265,0.6658431
1851.0,-3.1292217,-6.069301,5.379771,2.008525,0.14172074,0.5656612
1862.0,-2.6767175,-5.4779334,5.4444146,1.8863518,0.14782938,0.41783184
1871.0,-2.4540567,-5.1379566,5.5737014,1.677436,0.17348573,0.27366763
1881.0,-2.0087352,-5.0661306,5.9400144,1.4330899,0.25778514,0.18325958
1892.0,-1.8195933,-5.4420204,6.0980315,1.2229522,0.32253686,0.1563815
1903.0,-1.7884687,-5.947197,6.253655,1.0580186,0.31887165,0.14172074
1911.0,-1.7310078,-6.0166287,6.0716953,0.97494096,0.28588495,0.07574729
1924.0,-1.4915876,-6.05733,6.339846,1.0177015,0.2724459,-0.05009095
1932.0,-1.4101849,-6.1243677,6.3470287,1.1582005,0.22968534,-0.17348573
1942.0,-1.2066777,-6.301539,6.5601125,1.3170254,0.20158553,-0.22357668
1951.0,-0.90500826,-6.4523735,7.120356,1.518611,0.21380283,-0.21624629
1962.0,-0.6440403,-6.8641763,7.4962454,1.7507398,0.19181168,-0.17470746
1972.0,-0.5410896,-6.9383965,7.704541,1.9511036,0.09407325,-0.13439035
1983.0,-0.5554548,-6.799533,7.642292,2.0635028,-0.010995574,-0.14660765
1991.0,-0.45489833,-6.279991,7.836222,2.1038198,-0.07574729,-0.21868975
2001.0,-0.50278234,-5.765238,7.9104424,2.0683897,-0.13561209,-0.28221974
2013.0,-0.6392518,-5.269638,8.070854,1.926669,-0.15882497,-0.28099802
2023.0,-0.51235914,-5.1475334,8.384495,1.6920967,-0.15027285,-0.22479841
2031.0,-0.45250413,-5.08289,8.604761,1.3927728,-0.111177474,-0.1563815
2043.0,-0.30406362,-5.2361193,9.263166,1.1129965,-0.04520403,-0.10140363
2065.0,-0.39983168,-5.1235914,9.313444,0.8588765,-0.032986723,-0.06841691
2065.0,-0.46926352,-4.8482585,9.244013,0.59742624,-0.07086037,-0.06963864
2070.0,-0.2633622,-4.4603977,8.983045,0.3200934,-0.04520403,-0.096516706
2081.0,-0.16519992,-4.213795,8.901642,0.059864793,0.030543262,-0.1160644
2090.0,-0.30885202,-4.3358994,9.165004,-0.34208453,0.1881465,0.052534413
2103.0,-0.7206547,-4.855441,9.536105,-0.43249258,0.24556783,0.15393804
2111.0,-1.3790601,-5.2863975,9.715671,-0.4251622,0.25167647,0.2003638
2122.0,-1.5131354,-5.3127337,9.524135,-0.3652974,0.23335053,0.22357668
2131.0,-1.5107412,-5.233725,9.404425,-0.267559,0.23090707,0.25411993
2141.0,-1.4820108,-5.0900726,9.23683,-0.13683382,0.22357668,0.2932153
2152.0,-1.5777789,-4.759673,8.9519205,0.0061086523,0.1881465,0.34208453
2164.0,-1.5586253,-4.3047748,8.688558,0.13439035,0.16249016,0.36285394
2171.0,-1.436521,-4.0054994,8.616732,0.2406809,0.16615535,0.3494149
2183.0,-1.352724,-3.9432502,8.599973,0.30665436,0.19547687,0.35796702
2192.0,-1.3215994,-4.0940847,8.734048,0.32375857,0.21380283,0.4251622
2202.0,-1.3024458,-4.177882,8.784326,0.28955013,0.20891592,0.5021312
2213.0,-1.2856863,-4.2401314,8.889671,0.2443461,0.20280726,0.5314528
2225.0,-1.3718776,-4.122815,9.02614,0.21868975,0.172264,0.50701815
2231.0,-1.340753,-4.110844,8.731653,0.21013765,0.14172074,0.47525316
2241.0,-1.352724,-3.9217024,8.643068,0.204029,0.12583824,0.4605924
2252.0,-1.283292,-3.799598,8.51857,0.20891592,0.119729586,0.46303585
2262.0,-1.3958195,-3.6966474,8.453926,0.22602014,0.112399206,0.47403142
2273.0,-1.5634137,-3.6152446,8.511387,0.22357668,0.080634214,0.4886922
2284.0,-1.5705963,-3.6990416,8.312668,0.2003638,0.04886922,0.49968776
2292.0,-1.4149733,-3.787627,8.2169,0.1966986,0.032986723,0.4886922
2303.0,-1.5107412,-3.8355112,8.307879,0.2284636,0.02321288,0.47403142
2312.0,-1.5562311,-3.8905778,8.286332,0.27855456,-0.002443461,0.4728097
2324.0,-1.5873557,-3.8163576,8.286332,0.31642818,-0.035430185,0.4642576
2332.0,-1.448492,-3.7828386,8.224083,0.32986724,-0.07452556,0.42394048
2343.0,-1.4460979,-3.6966474,8.255207,0.3213151,-0.081855945,0.37140608
2352.0,-1.436521,-3.715801,8.240842,0.2968805,-0.09407325,0.3371976
2363.0,-1.4580688,-3.8115692,8.219295,0.25900686,-0.12095132,0.32375857
2371.0,-1.460463,-3.7780502,8.152257,0.22602014,-0.16249016,0.30787608
2382.0,-1.4580688,-3.7493198,8.0445175,0.2003638,-0.1966986,0.27000242
2391.0,-1.4030021,-3.7349546,7.9750857,0.17592919,-0.22479841,0.21868975
2403.0,-1.364695,-3.7708676,7.979874,0.15271631,-0.25411993,0.17104226
2412.0,-1.3144168,-3.799598,7.953538,0.12705997,-0.27977628,0.13805555
2424.0,-1.3934253,-3.751714,7.905654,0.1001819,-0.32253686,0.10629055
2431.0,-1.2952632,-3.7588966,7.9152308,0.065973446,-0.35185838,0.06352998
2442.0,-1.2449849,-3.787627,7.9750857,0.034208454,-0.38240165,0.015882496
2453.0,-1.1372458,-3.8259344,8.018182,-0.0036651916,-0.39706242,-0.014660766
2465.0,-1.1611878,-4.039018,8.073248,-0.040317107,-0.43127087,-0.02565634
2472.0,-1.1372458,-4.06296,8.066066,-0.09285152,-0.47647488,-0.036651913
2483.0,-1.0845734,-4.0342298,8.080431,-0.16249016,-0.516792,-0.073303826
2492.0,-0.9935937,-3.8067808,8.324639,-0.22968534,-0.51923543,-0.13927728
2504.0,-0.9504981,-3.3925838,8.322245,-0.28099802,-0.50701815,-0.20769419
2514.0,-1.0247183,-3.3375173,8.497022,-0.3213151,-0.4728097,-0.24190263
2526.0,-1.1013328,-3.41892,8.554482,-0.37018433,-0.44959682,-0.25045475
2534.0,-1.0486604,-3.4117374,8.508993,-0.42638394,-0.42760566,-0.2761111
2543.0,-1.0702082,-3.4979286,8.588001,-0.46303585,-0.39461896,-0.34330627
2553.0,-1.0749966,-3.5697548,8.724471,-0.47769663,-0.35185838,-0.42394048
2563.0,-1.0654198,-3.775656,8.846576,-0.47525316,-0.30665436,-0.4813618
2574.0,-1.1563994,-3.8067808,8.937555,-0.46914452,-0.27366763,-0.51923543
2583.0,-1.091756,-3.9600096,9.002198,-0.46792278,-0.23945917,-0.5534439
2593.0,-1.0989386,-4.072537,9.038112,-0.45814893,-0.2125811,-0.5900958
2603.0,-1.1923125,-4.0916905,9.038112,-0.4251622,-0.18448131,-0.6218608
2613.0,-1.1923125,-4.0557775,9.126697,-0.37140608,-0.16982053,-0.6414085
2624.0,-1.1468226,-4.235343,9.100361,-0.3213151,-0.15760323,-0.6462954
2632.0,-1.1611878,-4.2521024,9.251195,-0.28099802,-0.13561209,-0.6462954
2645.0,-1.3551182,-4.1683054,9.267955,-0.23090707,-0.13316862,-0.6389651
2652.0,-1.3862427,-4.06296,9.289502,-0.16982053,-0.119729586,-0.6096435
2662.0,-1.4053963,-4.156334,9.354146,-0.0842994,-0.118507855,-0.5644395
2672.0,-1.4915876,-4.1611223,9.291897,-0.002443461,-0.118507855,-0.50823987
2683.0,-1.4053963,-4.225766,9.339781,0.065973446,-0.10629055,-0.44715336
2693.0,-1.4221559,-4.3263226,9.339781,0.13316862,-0.09896017,-0.3885103
2703.0,-1.5011644,-4.3143516,9.212888,0.21868975,-0.089186326,-0.32498032
2713.0,-1.4317327,-4.405331,9.289502,0.33964106,-0.06841691,-0.2602286
2724.0,-1.4939818,-4.4340615,9.260772,0.49602258,-0.07086037,-0.2003638
2733.0,-1.5705963,-4.594473,9.3421755,0.66706485,-0.12461651,-0.14782938
2742.0,-1.520318,-4.596867,9.13388,0.8332202,-0.1563815,-0.1001819
2752.0,-1.3670892,-4.55856,9.105149,1.001819,-0.17837265,-0.056199603
2763.0,-1.3503298,-4.369418,9.028535,1.1520919,-0.19547687,-0.013439035
2772.0,-1.4867992,-4.0557775,9.172187,1.2608259,-0.2321288,0.037873644
2782.0,-1.2521675,-3.8833952,9.016563,1.3133603,-0.25900686,0.08307768
2791.0,-1.1228806,-3.6056678,9.085996,1.3072516,-0.25045475,0.11484267
2802.0,-1.0103531,-3.2968156,9.083601,1.2412782,-0.24801129,0.14538592
2812.0,-0.9528923,-3.0214825,8.949526,1.1093313,-0.2406809,0.18570304
2825.0,-0.94570965,-3.0430303,9.0476885,0.9260717,-0.21868975,0.21746802
2832.0,-0.78290397,-3.0502129,8.882488,0.7367035,-0.18570304,0.22602014
2842.0,-0.62488663,-3.1411927,8.880095,0.58032197,-0.13927728,0.22357668
2853.0,-0.6895301,-3.2489316,8.901642,0.45937067,-0.112399206,0.22724187
2864.0,-0.6368576,-3.1842883,8.853758,0.36774087,-0.09162979,0.2406809
2875.0,-0.5793968,-3.3542767,8.767567,0.30543262,-0.065973446,0.24312437
2886.0,-0.5746084,-3.3973722,8.882488,0.267559,-0.062308256,0.22968534
2895.0,-0.7015011,-3.3806129,8.884883,0.23457226,-0.06841691,0.21746802
2905.0,-0.6560113,-3.4237084,8.856153,0.19303341,-0.07086037,0.18448131
2915.0,-0.58418524,-3.3135753,8.884883,0.18692477,-0.06963864,0.17348573
2926.0,-0.5602432,-3.2441432,8.939949,0.17104226,-0.07086037,0.17959438
2935.0,-0.581791,-3.2130187,8.839393,0.14782938,-0.08552113,0.18936823
2946.0,-0.50757074,-3.0382419,8.872911,0.13439035,-0.08674286,0.19181168
2953.0,-0.5482722,-3.1866825,8.995016,0.13072516,-0.089186326,0.19303341
2963.0,-0.545878,-3.0597897,9.088389,0.12583824,-0.1001819,0.20280726
2973.0,-0.61291564,-3.086126,9.258378,0.119729586,-0.12461651,0.21380283
2983.0,-0.59615624,-3.0885203,9.119514,0.111177474,-0.15515977,0.21380283
2994.0,-0.47405192,-3.074155,9.088389,0.10995574,-0.15149458,0.20769419
3006.0,-0.44532153,-3.0550013,9.097966,0.112399206,-0.14782938,0.20525073
