24.0,4.6232033,3.1627405,8.801085,0.5644395,-0.98349303,-0.70249504
24.0,4.7788267,2.7940333,8.736442,0.5644395,-0.98349303,-0.70249504
123.0,4.7788267,2.7940333,8.736442,0.17837265,0.12095132,-0.073303826
123.0,5.5497594,1.448492,8.698134,-0.16249016,-0.3371976,-0.39584067
123.0,5.6000376,1.0869676,9.124303,-0.16249016,-0.3371976,-0.39584067
123.0,5.7963624,1.3670892,9.457097,0.039095376,0.54367006,-0.111177474
123.0,5.351041,1.9177556,9.876082,0.14782938,0.6267477,-0.25167647
123.0,5.08289,2.5785553,10.010158,-0.05131268,0.5180137,-0.37140608
123.0,5.233725,2.942474,9.744401,-0.3726278,0.58276546,-0.39950588
123.0,5.281609,3.2273839,10.093954,-0.66706485,0.70005155,-0.41172317
123.0,5.2720323,2.8874073,10.560823,-0.9053023,0.83199847,-0.46914452
123.0,5.2768207,2.5617957,10.903194,-0.9663888,0.9822713,-0.52290064
146.0,5.159505,2.1499932,11.267113,-0.8576548,1.1044444,-0.5338962
146.0,4.9176903,2.006341,11.5951185,-0.6976081,1.1863003,-0.516792
155.0,4.8458643,2.042254,11.894394,-0.60231316,1.2815952,-0.5045747
158.0,4.8865657,2.219425,11.832145,-0.61575216,1.3939945,-0.50946164
169.0,4.8338933,2.1930888,11.853693,-0.7122689,1.53205,-0.5155703
179.0,4.7764325,1.99437,11.9135475,-0.8381071,1.6786577,-0.51068336
188.0,4.7022123,1.6783354,12.023681,-0.97005403,1.8167132,-0.47891834
198.0,4.570531,1.4437037,12.0332575,-1.128879,1.9498819,-0.4166101
208.0,4.489128,1.316811,12.2319765,-1.3231341,2.0867157,-0.34697145
218.0,4.2784386,1.2258313,12.354081,-1.5564847,2.2406538,-0.29565877
229.0,3.9552212,0.92895025,12.430696,-1.78617,2.4055874,-0.23945917
238.0,3.5769374,0.62967503,12.339716,-1.9474384,2.5644124,-0.15027285
249.0,3.169923,0.08140286,12.143391,-1.9779817,2.7097983,-0.042760566
258.0,2.5881321,-0.5674258,11.75553,-1.8753563,2.806315,0.064751714
268.0,2.183512,-1.1707647,11.657368,-1.6713274,2.8808405,0.15760323
280.0,1.982399,-1.6160861,11.748347,-1.4086553,2.933375,0.23090707
289.0,1.9297266,-1.8028339,11.631032,-1.1618657,2.9626966,0.30787608
299.0,1.8866309,-1.5945383,11.212047,-1.0714576,2.9443705,0.42271876
309.0,1.733402,-1.1923125,10.790668,-1.2583824,2.9626966,0.5522222
318.0,1.5610195,-0.9792285,10.510546,-1.6847663,3.0396655,0.64996064
329.0,1.400608,-1.1563994,10.378864,-2.20278,3.1581733,0.7440339
339.0,1.1540052,-1.8746599,10.3453455,-2.620612,3.28279,0.8857546
351.0,0.7565677,-3.0214825,10.376471,-2.8637362,3.3426547,1.0848967
358.0,0.29448682,-3.9815574,10.170568,-2.968805,3.321885,1.3048081
369.0,-0.1604115,-4.4963107,9.615114,-3.0335567,3.2656856,1.5039502
379.0,-0.545878,-4.537012,8.875306,-3.1105258,3.1936035,1.6872098
389.0,-0.79966336,-4.450821,8.271967,-3.1984904,3.1532865,1.858252
399.0,-1.1372458,-4.321534,8.0924015,-3.296229,3.097087,2.0415115
410.0,-1.5562311,-4.4005427,7.666234,-3.4379497,2.9969049,2.2516494
419.0,-1.8674773,-4.525041,7.3166804,-3.6713002,2.8539624,2.461787
429.0,-2.2577322,-4.402937,6.6271505,-3.876551,2.7537806,2.6352727
439.0,-2.705448,-4.4843397,6.6175733,-3.8948767,2.6572638,2.7501154
450.0,-3.083732,-4.9655743,6.694188,-3.7519343,2.5082128,2.8209758
459.0,-3.3087866,-5.118803,6.43322,-3.545462,2.3383923,2.886949
470.0,-3.406949,-4.7788267,6.093243,-3.313333,2.1856759,2.9529226
479.0,-3.3039982,-4.271256,5.78918,-3.1300735,2.0659463,3.0030136
489.0,-3.4165258,-4.003105,5.317522,-3.0543263,1.9706513,3.0482175
499.0,-3.6248214,-3.9624038,5.21936,-3.042109,1.8912388,3.0983086
510.0,-3.9480386,-4.1252093,5.092467,-3.0518827,1.7849482,3.1337388
520.0,-4.211401,-4.1012673,4.8458643,-3.0592132,1.6371188,3.145956
531.0,-4.5537715,-3.6607344,4.2544966,-2.9907963,1.4941764,3.1606169
540.0,-4.960786,-3.4715924,4.0797195,-2.9211576,1.3390167,3.1581733
550.0,-5.1379566,-3.0358477,3.8522706,-2.9028316,1.1606439,3.1080823
559.0,-5.17387,-2.7605145,3.7014358,-2.8637362,0.97249746,3.015231
569.0,-5.0062757,-2.882619,3.596091,-2.77455,0.8246681,2.9260445
580.0,-5.0517654,-3.0190883,3.560178,-2.5766296,0.7110472,2.8661797
591.0,-5.2121773,-3.1004913,3.4620156,-2.2870796,0.6035349,2.819754
600.0,-5.33907,-3.1962593,3.3877954,-2.0451767,0.5009095,2.7623327
611.0,-5.695806,-2.6312277,3.371036,-1.9181169,0.39706242,2.6780334
621.0,-5.839458,-1.8722657,3.2800562,-1.921782,0.2724459,2.5558603
631.0,-5.9400144,-1.3910311,3.0454245,-2.043955,0.15393804,2.398257
641.0,-5.9567738,-1.2737153,2.9855695,-2.204002,0.052534413,2.2223277
653.0,-6.1219735,-1.2785037,3.1866825,-2.2736404,-0.040317107,2.0610592
660.0,-6.179435,-1.7501614,3.335123,-2.1820107,-0.13439035,1.91323
672.0,-6.126762,-2.3247697,3.4620156,-1.971873,-0.20280726,1.7800614
681.0,-6.2823853,-2.315193,3.478775,-1.7250835,-0.23823744,1.677436
691.0,-6.4260373,-1.9967642,3.5122938,-1.4953982,-0.26633725,1.5882497
700.0,-6.615179,-1.8531121,3.58412,-1.3671165,-0.2932153,1.4721853
712.0,-6.7253127,-1.5849615,3.5194764,-1.3695599,-0.30909783,1.3219124
720.0,-6.6630635,-1.6304513,3.5458126,-1.4318681,-0.30298916,1.1679744
730.0,-6.634333,-1.8794483,3.5194764,-1.505172,-0.2846632,1.0494665
741.0,-6.7827735,-2.267309,3.58412,-1.5711454,-0.2773328,0.96761054
752.0,-7.0844426,-2.4229321,3.6750996,-1.5699236,-0.2724459,0.9053023
761.0,-7.2065473,-2.7006595,3.643975,-1.4709635,-0.2565634,0.8491027
773.0,-7.3885064,-2.980781,3.7924154,-1.346347,-0.24678956,0.79901177
780.0,-7.541735,-3.1004913,3.8762126,-1.2302825,-0.24678956,0.75625116
791.0,-7.7189064,-3.1292217,3.8283286,-1.1166617,-0.23945917,0.71837753
801.0,-7.7189064,-2.9903579,3.9959226,-1.0201449,-0.24556783,0.6817256
810.0,-7.690176,-2.932897,4.0797195,-0.95294976,-0.25045475,0.6450737
822.0,-7.5824366,-2.861071,3.964798,-0.9053023,-0.23701571,0.6059783
834.0,-7.5584946,-2.9400797,4.2281604,-0.8246681,-0.204029,0.56321776
842.0,-7.66384,-3.157952,4.0414124,-0.3567453,-0.12095132,0.5363397
853.0,-7.8912888,-3.1411927,4.201824,-0.3567453,-0.12095132,0.5363397
862.0,-8.037335,-3.0262709,4.3047748,-0.06719518,-0.103847094,0.5216789
874.0,-7.9248075,-2.80361,4.074931,0.1282817,-0.09162979,0.48747048
883.0,-7.9870567,-2.4037786,4.1036615,0.16249016,-0.07452556,0.44715336
894.0,-7.869741,-1.99437,4.19943,-0.1685988,-0.057421334,0.28588495
903.0,-7.896077,-1.3120226,4.8099513,-0.3933972,-0.034208454,0.18448131
912.0,-7.843405,-1.1683705,4.697424,-0.5742133,-0.007330383,0.10262536
923.0,-7.771579,-1.4867992,4.5777135,-0.68416905,0.028099801,0.03176499
932.0,-7.750031,-2.087744,4.3646297,-0.6792821,0.059864793,-0.030543262
943.0,-7.8912888,-2.5929205,4.1635165,-0.54000485,0.07941248,-0.0720821
955.0,-8.042124,-3.0454245,3.9935284,-0.37384954,0.07574729,-0.089186326
963.0,-8.063671,-3.0765493,3.7014358,-0.30665436,0.042760566,-0.10140363
972.0,-8.051701,-3.071761,3.7014358,-0.35430184,0.012217305,-0.13561209
983.0,-8.109161,-3.110068,3.7253778,-0.43860126,0.002443461,-0.18325958
993.0,-8.226477,-3.1004913,3.9671922,-0.4886922,-0.002443461,-0.20647246
1001.0,-8.264784,-3.2728736,4.036624,-0.4813618,-0.010995574,-0.19792034
1013.0,-8.286332,-3.2968156,4.0773253,-0.43860126,-0.0061086523,-0.17470746
1023.0,-8.238448,-3.4476504,4.0438066,-0.38240165,0.018325957,-0.15149458
1035.0,-8.23366,-3.4572272,4.211401,-0.30543262,0.040317107,-0.12705997
1040.0,-8.295909,-3.5338416,4.3167458,-0.22357668,0.061086524,-0.10262536
1093.0,-8.350976,-3.5625722,4.378995,-0.1563815,0.08307768,-0.07941248
1094.0,-8.372523,-3.2202013,4.283227,-0.112399206,0.09896017,-0.05375614
1094.0,-8.485051,-2.9496565,4.3167458,-0.11484267,0.112399206,-0.04153884
1094.0,-8.492233,-2.8179753,4.390966,-0.17104226,0.12583824,-0.052534413
1094.0,-8.4347725,-2.8419175,4.3287168,-0.25534168,0.15393804,-0.0720821
1099.0,-8.324639,-2.80361,4.331111,-0.33964106,0.1881465,-0.089186326
1110.0,-8.391677,-2.6719291,4.2161894,-0.38606682,0.23335053,-0.103847094
1120.0,-8.5473,-2.6623523,4.1276035,-0.36041048,0.27366763,-0.12950343
1132.0,-8.516175,-2.6408045,4.0414124,-0.27366763,0.29810223,-0.17104226
1141.0,-8.391677,-2.7246015,3.9695864,-0.15271631,0.3323107,-0.20647246
1153.0,-8.336611,-2.8778305,3.7924154,-0.012217305,0.34697145,-0.23457226
1161.0,-8.221688,-3.0454245,3.596091,0.105068825,0.34697145,-0.267559
1171.0,-8.176199,-3.1483753,3.3854012,0.17104226,0.3408628,-0.29810223
1181.0,-8.159439,-3.083732,3.1771057,0.20280726,0.32375857,-0.30543262
1193.0,-8.279149,-3.1148565,2.801216,0.22235495,0.30665436,-0.31031954
1202.0,-8.298303,-3.4141316,2.6360161,0.22235495,0.28710666,-0.31887165
1212.0,-8.350976,-3.643975,2.5713725,0.23701571,0.25167647,-0.30787608
1221.0,-8.372523,-3.9600096,2.3630772,0.267559,0.19425514,-0.27488935
1232.0,-8.451532,-4.036624,2.231396,0.28344148,0.13439035,-0.22357668
1242.0,-8.425196,-4.086902,2.042254,0.26145032,0.07086037,-0.16737708
1254.0,-8.413225,-4.19943,2.0159178,0.16249016,-0.004886922,-0.112399206
1261.0,-8.374918,-4.2544966,2.0015526,0.010995574,-0.07696902,-0.058643065
1272.0,-8.396465,-4.2760444,2.054225,-0.12461651,-0.13439035,0.0
1283.0,-8.465898,-4.3766007,2.1571758,-0.21624629,-0.17959438,0.062308256
1293.0,-8.506598,-4.307169,2.315193,-0.23090707,-0.22113322,0.12950343
1303.0,-8.51857,-4.285621,2.5091233,-0.19058995,-0.26267207,0.1966986
1315.0,-8.492233,-4.173094,2.7030537,-0.13194689,-0.30665436,0.24801129
1324.0,-8.3629465,-3.8522706,2.9017725,-0.06841691,-0.34574974,0.28099802
1333.0,-8.255207,-3.8043866,3.1387985,-0.019547688,-0.36041048,0.30176744
1342.0,-8.183381,-3.5984852,3.335123,0.017104227,-0.3652974,0.3213151
1354.0,-8.0924015,-3.6272156,3.4261026,0.064751714,-0.35918877,0.33475417
1362.0,-8.123527,-3.4835634,3.6343982,0.105068825,-0.3481932,0.3481932
1372.0,-8.147469,-3.2609026,3.7493198,0.11728613,-0.344528,0.36041048
1381.0,-8.118738,-3.0119057,3.9504328,0.08307768,-0.33353242,0.35430184
1393.0,-8.00621,-2.846706,4.0294414,0.013439035,-0.31642818,0.32742378
1402.0,-7.9870567,-2.6001031,4.1802764,-0.06352998,-0.2846632,0.29565877
1412.0,-7.9272017,-2.6527755,4.4723687,-0.10995574,-0.24923302,0.267559
1424.0,-7.8745294,-2.5761611,4.6351743,-0.11362094,-0.19914207,0.22479841
1434.0,-7.8266454,-2.5570073,4.8602295,-0.07452556,-0.13072516,0.17348573
1443.0,-7.7907324,-2.4037786,5.0254292,-0.008552114,-0.04520403,0.1160644
1455.0,-7.8266454,-2.2290018,5.0996494,0.08307768,0.04520403,0.057421334
1463.0,-7.9032598,-2.1212628,4.9464207,0.17715092,0.12583824,0.002443461
1473.0,-7.9870567,-2.0494366,4.699818,0.21746802,0.17837265,-0.05131268
1483.0,-8.104373,-2.0590134,4.235343,0.16615535,0.21380283,-0.118507855
1494.0,-8.018182,-2.3750482,3.9959226,0.040317107,0.23457226,-0.204029
1503.0,-8.075643,-2.504335,3.8714242,-0.056199603,0.25778514,-0.27488935
1514.0,-8.180987,-2.542642,3.7708676,-0.062308256,0.29077184,-0.3200934
1524.0,-8.197746,-2.789245,3.643975,-0.04886922,0.3005457,-0.3494149
1533.0,-8.157045,-3.064578,3.3638535,-0.058643065,0.29077184,-0.37751472
1543.0,-8.1642275,-3.3686419,3.0885203,-0.07574729,0.27488935,-0.38728857
1556.0,-8.207323,-3.6822822,2.813187,-0.07452556,0.25167647,-0.36163223
1563.0,-8.3868885,-3.8498764,2.5905263,-0.039095376,0.21380283,-0.31520647
1573.0,-8.497022,-4.0198646,2.4540567,0.0,0.14660765,-0.27000242
1582.0,-8.554482,-4.2305546,2.4420857,0.02321288,0.06963864,-0.22602014
1593.0,-8.425196,-4.2161894,2.2888567,0.02565634,0.0012217305,-0.17348573
1604.0,-8.343793,-4.1659107,2.2026656,-0.0012217305,-0.06352998,-0.10751228
1615.0,-8.334216,-4.1611223,2.3343468,-0.052534413,-0.119729586,-0.035430185
1623.0,-8.3821,-4.0677485,2.3127987,-0.10140363,-0.16615535,0.032986723
1634.0,-8.374918,-3.9552212,2.492364,-0.118507855,-0.21624629,0.09285152
1644.0,-8.360553,-3.845088,2.633622,-0.103847094,-0.29443705,0.18325958
1655.0,-8.379706,-3.7900212,2.861071,-0.103847094,-0.29443705,0.18325958
1664.0,-8.401254,-3.6583402,2.9472623,-0.0842994,-0.33353242,0.21013765
1675.0,-8.293514,-3.5625722,3.0358477,-0.062308256,-0.36041048,0.22235495
1684.0,-8.183381,-3.4859576,3.301604,-0.047647487,-0.37507126,0.22479841
1693.0,-8.101978,-3.3446999,3.596091,-0.04520403,-0.3811799,0.22479841
1704.0,-7.9990277,-3.217807,3.857059,-0.057421334,-0.38240165,0.21746802
1714.0,-7.9152308,-3.0190883,4.0222588,-0.112399206,-0.31764993,0.18570304
1722.0,-7.884106,-2.9592333,4.2544966,-0.12461651,-0.26511553,0.15515977
1734.0,-7.8290396,-2.8299465,4.8578353,-0.10140363,-0.19425514,0.112399206
1744.0,-7.7452426,-2.6384103,5.0541596,-0.07941248,-0.11362094,0.05497787
1756.0,-7.656657,-2.4947581,5.2026005,-0.0720821,-0.02321288,0.0036651916
1764.0,-7.577648,-2.44448,4.903325,-0.06352998,0.064751714,-0.02565634
1773.0,-7.7093296,-2.6910827,4.4580035,-0.028099801,0.1282817,-0.042760566
1783.0,-7.869741,-3.098097,4.024653,0.012217305,0.15760323,-0.064751714
1795.0,-8.039729,-3.2992098,3.7014358,0.047647487,0.1563815,-0.095294975
1804.0,-8.025364,-3.2632968,3.4380736,0.07696902,0.14049901,-0.12217305
1813.0,-8.202535,-3.430891,3.3207579,0.059864793,0.119729586,-0.13683382
1823.0,-8.204929,-3.466804,3.3183637,0.012217305,0.10140363,-0.13561209
1833.0,-8.267179,-3.4691982,3.2202013,-0.014660766,0.07696902,-0.12705997
1843.0,-8.327033,-3.5170822,3.1771057,-0.02443461,0.05009095,-0.10995574
1856.0,-8.293514,-3.6727054,3.2225955,-0.03176499,0.018325957,-0.0842994
1864.0,-8.331821,-3.6583402,3.2800562,-0.04886922,-0.014660766,-0.05375614
1874.0,-8.295909,-3.560178,3.3135753,-0.06963864,-0.05009095,-0.02321288
1885.0,-8.303091,-3.5051112,3.4691982,-0.089186326,-0.062308256,-0.004886922
1893.0,-8.267179,-3.4763808,3.6104562,-0.10873401,-0.06963864,0.0061086523
1904.0,-8.212111,-3.4739866,3.715801,-0.118507855,-0.07696902,0.017104227
1916.0,-8.157045,-3.3375173,3.8426938,-0.11728613,-0.08552113,0.021991149
1924.0,-8.14268,-3.2561142,3.9432502,-0.10873401,-0.064751714,0.02565634
1933.0,-8.030152,-3.347094,3.952827,-0.0842994,-0.05009095,0.02687807
1944.0,-8.109161,-3.301604,4.084508,-0.06352998,-0.021991149,0.02565634
1956.0,-8.075643,-3.2489316,4.0533834,-0.047647487,0.010995574,0.02076942
1964.0,-8.051701,-3.1771057,4.0581717,-0.04520403,0.03176499,0.013439035
1975.0,-8.09719,-3.2106245,4.0198646,-0.05497787,0.04642576,0.009773844
1984.0,-8.128315,-3.2944214,3.8881836,-0.05375614,0.05009095,0.007330383
1994.0,-8.1163435,-3.2824504,3.799598,-0.05375614,0.035430185,-0.0012217305
2005.0,-8.032547,-3.4213142,3.727772,-0.05131268,0.02076942,-0.008552114
2014.0,-7.979874,-3.4452562,3.7062242,-0.036651913,0.018325957,-0.010995574
2033.0,-7.9726915,-3.5410242,3.6463692,-0.021991149,0.021991149,-0.009773844
2033.0,-8.0684595,-3.5529952,3.6128504,-0.007330383,0.028099801,-0.002443461
2074.0,-8.154651,-3.5290532,3.5865142,0.014660766,0.019547688,0.008552114
2074.0,-8.180987,-3.5075054,3.5769374,0.02076942,0.02321288,0.015882496
2074.0,-8.231265,-3.4763808,3.5865142,0.0012217305,0.021991149,0.019547688
2074.0,-8.252813,-3.371036,3.6224272,-0.02076942,0.02443461,0.02321288
2082.0,-8.240842,-3.41892,3.6272156,-0.02443461,-0.007330383,0.02565634
2092.0,-8.207323,-3.4476504,3.6367924,-0.030543262,-0.019547688,0.02565634
2101.0,-8.082825,-3.2824504,3.6990416,-0.039095376,-0.03176499,0.021991149
2111.0,-8.066066,-3.3159695,3.7062242,-0.04886922,-0.037873644,0.010995574
2121.0,-8.066066,-3.2920272,3.7804444,-0.057421334,-0.028099801,0.0
2131.0,-7.97748,-3.3614593,3.8642416,-0.04520403,-0.009773844,0.0012217305
2141.0,-8.0684595,-3.4117374,3.7684734,-0.015882496,0.0,0.008552114
2154.0,-8.133103,-3.442862,3.6224272,0.0036651916,0.0036651916,0.008552114
2162.0,-8.094796,-3.383007,3.6296098,0.0036651916,-0.0012217305,0.0012217305
2173.0,-8.090008,-3.3375173,3.6128504,-0.004886922,-0.0036651916,-0.009773844
2182.0,-8.034941,-3.3734303,3.5697548,-0.017104227,-0.012217305,-0.018325957
2193.0,-7.967903,-3.3614593,3.5865142,-0.042760566,-0.02076942,-0.019547688
2202.0,-8.013393,-3.3686419,3.7086184,-0.061086524,-0.02443461,-0.019547688
2214.0,-7.9224133,-3.4141316,3.7541082,-0.073303826,-0.019547688,-0.02321288
2224.0,-8.008605,-3.3877954,3.7086184,-0.07452556,-0.010995574,-0.02565634
2233.0,-8.087613,-3.359065,3.7541082,-0.047647487,0.004886922,-0.02076942
2243.0,-8.082825,-3.5003228,3.7804444,-0.008552114,0.012217305,-0.012217305
2254.0,-8.078036,-3.4644098,3.7588966,0.013439035,0.013439035,-0.0061086523
2264.0,-8.101978,-3.3614593,3.6727054,0.010995574,0.004886922,-0.007330383
2275.0,-8.111555,-3.2585084,3.6750996,-0.014660766,-0.0012217305,-0.017104227
2285.0,-8.073248,-3.2034419,3.5984852,-0.043982297,-0.0061086523,-0.028099801
2295.0,-8.039729,-3.3973722,3.5458126,-0.07452556,-0.009773844,-0.03176499
2304.0,-8.101978,-3.5051112,3.6224272,-0.09773844,-0.007330383,-0.02321288
2316.0,-8.073248,-3.514688,3.70383,-0.087964594,-0.014660766,-0.013439035
2325.0,-8.080431,-3.5482068,3.6822822,-0.06352998,-0.017104227,-0.010995574
2336.0,-8.145074,-3.5242648,3.667917,-0.037873644,-0.009773844,-0.010995574
2344.0,-8.145074,-3.4141316,3.7445314,-0.008552114,-0.004886922,-0.008552114
2356.0,-8.087613,-3.359065,3.7445314,0.004886922,0.0012217305,-0.009773844
2364.0,-8.030152,-3.3375173,3.7541082,-0.002443461,0.009773844,-0.019547688
2374.0,-8.00621,-3.2944214,3.7181952,-0.008552114,0.0036651916,-0.028099801
2384.0,-8.013393,-3.3542767,3.7469256,-0.0061086523,-0.008552114,-0.02443461
2396.0,-8.061277,-3.41892,3.6511576,0.0036651916,-0.0036651916,-0.017104227
2404.0,-8.066066,-3.572149,3.7086184,-0.0012217305,-0.008552114,-0.017104227
2414.0,-8.066066,-3.4380736,3.7086184,-0.02565634,-0.008552114,-0.017104227
2426.0,-8.054094,-3.3542767,3.7421372,-0.042760566,-0.009773844,-0.019547688
2436.0,-8.013393,-3.3255463,3.7445314,-0.04886922,0.012217305,-0.02321288
2445.0,-8.063671,-3.3566709,3.7780502,-0.036651913,0.015882496,-0.02565634
2456.0,-8.039729,-3.454833,3.7541082,-0.02321288,0.017104227,-0.02565634
2464.0,-8.032547,-3.4380736,3.6750996,-0.018325957,0.017104227,-0.02565634
2475.0,-8.032547,-3.4715924,3.70383,-0.02565634,0.0,-0.02443461
2484.0,-8.063671,-3.4979286,3.643975,-0.04153884,0.0,-0.019547688
2494.0,-8.066066,-3.608062,3.6176388,-0.05375614,0.002443461,-0.02076942
2505.0,-8.0684595,-3.572149,3.6415808,-0.052534413,-0.002443461,-0.02321288
2515.0,-8.09719,-3.6176388,3.6391866,-0.029321533,-0.009773844,-0.021991149
2525.0,-8.082825,-3.5649664,3.6391866,0.004886922,-0.004886922,-0.015882496
2532.0,-7.9631147,-3.4835634,3.6272156,0.02076942,0.0012217305,-0.009773844
2544.0,-8.128315,-3.4261026,3.6535518,-0.007330383,-0.018325957,-0.017104227
2555.0,-8.030152,-3.3854012,3.727772,-0.028099801,-0.004886922,-0.02565634
2564.0,-7.9942393,-3.4093432,3.7110126,-0.03176499,0.0,-0.02321288
2575.0,-8.010999,-3.502717,3.7588966,-0.02565634,0.002443461,-0.019547688
2584.0,-7.9942393,-3.4524388,3.739743,-0.03176499,-0.0012217305,-0.02443461
2595.0,-8.018182,-3.4261026,3.7708676,-0.032986723,-0.002443461,-0.03176499
2606.0,-7.991845,-3.3997664,3.7181952,-0.02076942,0.008552114,-0.035430185
2614.0,-8.025364,-3.406949,3.715801,-0.008552114,0.014660766,-0.03176499
2625.0,-7.967903,-3.514688,3.6846764,-0.010995574,0.007330383,-0.028099801
2637.0,-7.9583263,-3.4955344,3.6870706,-0.019547688,0.002443461,-0.02443461
2645.0,-7.989451,-3.502717,3.70383,-0.017104227,0.009773844,-0.02076942
2656.0,-8.001422,-3.5434184,3.7708676,-0.0036651916,0.008552114,-0.017104227
2665.0,-8.056489,-3.5745432,3.7301662,-0.0012217305,0.002443461,-0.012217305
2676.0,-7.97748,-3.5410242,3.7541082,-0.018325957,0.010995574,-0.0061086523
2686.0,-7.965509,-3.4763808,3.7205894,-0.029321533,0.014660766,-0.0061086523
2696.0,-8.013393,-3.466804,3.7110126,-0.02687807,0.019547688,-0.007330383
2705.0,-8.056489,-3.5458126,3.7229836,-0.015882496,0.028099801,-0.007330383
2715.0,-8.0445175,-3.5984852,3.7014358,-0.0061086523,0.014660766,-0.004886922
2725.0,-7.991845,-3.5218706,3.667917,0.008552114,0.007330383,-0.002443461
2734.0,-8.003817,-3.4476504,3.6822822,0.02321288,0.007330383,0.0
2745.0,-7.989451,-3.53863,3.7205894,0.009773844,0.002443461,0.0012217305
2757.0,-8.013393,-3.514688,3.7469256,-0.02076942,0.002443461,-0.0036651916
2765.0,-8.00621,-3.4835634,3.7804444,-0.02321288,-0.002443461,-0.0061086523
2775.0,-7.9990277,-3.4021606,3.7948096,-0.010995574,0.012217305,-0.004886922
2785.0,-8.02297,-3.4883518,3.7493198,0.0,0.021991149,-0.0036651916
2796.0,-8.00621,-3.4955344,3.7373488,0.0,0.029321533,-0.0036651916
2806.0,-7.989451,-3.490746,3.7349546,-0.004886922,0.02687807,-0.007330383
2817.0,-8.106767,-3.5553896,3.739743,-0.010995574,0.030543262,-0.010995574
2825.0,-7.9942393,-3.5362358,3.6487634,-0.012217305,0.03176499,-0.007330383
2835.0,-7.9726915,-3.5314474,3.6607344,0.0,0.03176499,0.0
2846.0,-8.032547,-3.6104562,3.7301662,0.015882496,0.02321288,0.0012217305
2856.0,-8.001422,-3.4979286,3.7014358,0.018325957,0.02443461,-0.0036651916
2864.0,-7.929596,-3.4237084,3.727772,0.010995574,0.030543262,-0.012217305
2877.0,-7.967903,-3.3063924,3.7253778,-0.0012217305,0.039095376,-0.017104227
2884.0,-7.965509,-3.2992098,3.7828386,-0.013439035,0.035430185,-0.02321288
2895.0,-8.013393,-3.25372,3.7445314,-0.02565634,0.040317107,-0.032986723
2904.0,-7.9583263,-3.3159695,3.70383,-0.035430185,0.037873644,-0.042760566
2916.0,-8.020576,-3.371036,3.7445314,-0.04886922,0.04520403,-0.05009095
2926.0,-7.9726915,-3.4093432,3.7732618,-0.062308256,0.047647487,-0.062308256
2936.0,-7.9463553,-3.4213142,3.7421372,-0.06963864,0.056199603,-0.073303826
2945.0,-7.8793178,-3.442862,3.8019924,-0.07086037,0.064751714,-0.080634214
2957.0,-7.8410106,-3.4763808,3.809175,-0.06719518,0.07819075,-0.09162979
2964.0,-7.821857,-3.4021606,3.845088,-0.057421334,0.09285152,-0.103847094
2974.0,-7.8410106,-3.3734303,3.916914,-0.039095376,0.10995574,-0.12217305
2984.0,-7.788338,-3.229778,3.8738184,-0.02076942,0.13072516,-0.14660765
2996.0,-7.687782,-3.1364043,3.8905778,-0.013439035,0.1563815,-0.17837265
