23.0,2.7509377,0.076614454,9.502586,-0.039095376,0.04642576,0.012217305
73.0,2.837129,0.2777274,9.572019,0.16493362,0.13072516,-0.07696902
73.0,2.930503,0.12689269,9.636662,0.017104227,-0.2687807,-0.25167647
73.0,2.9400797,0.10055647,9.634268,-0.19303341,-0.3481932,-0.40194935
73.0,2.8993783,0.29448682,9.744401,-0.17837265,0.50946164,-0.12705997
73.0,2.942474,0.39025488,9.672575,-0.30176744,0.6035349,-0.24190263
73.0,2.9712043,0.62249243,9.497798,-0.44348818,0.49968776,-0.46792278
121.0,3.0502129,0.61052144,9.279925,-0.5571091,0.37995818,-0.6536258
121.0,3.0573955,0.47405192,8.901642,-0.68294734,0.42760566,-0.75869465
121.0,3.110068,0.39743748,8.626308,-0.83199847,0.48502702,-0.86620694
121.0,3.1794999,0.32321724,8.35337,-0.9944886,0.54244834,-0.9859365
121.0,3.2920272,0.29927522,8.219295,-1.1655309,0.6072,-1.1191051
151.0,3.3686419,0.17956513,8.310274,-1.3585643,0.68783426,-1.2583824
151.0,3.3063924,-0.1364695,8.348581,-1.5735888,0.7806858,-1.3891076
151.0,3.277662,-0.58657944,8.200141,-1.7825048,0.8698721,-1.5137241
161.0,3.2273839,-0.89543146,8.00621,-1.9401081,0.9419542,-1.6371188
172.0,3.2106245,-1.1587936,7.773973,-2.035403,0.9810496,-1.749518
181.0,3.1364043,-1.3599066,7.539341,-2.0964894,0.9993755,-1.8509218
192.0,3.122039,-1.6472107,7.275979,-2.1429152,1.0091494,-1.9498819
201.0,3.095703,-1.8674773,7.21373,-2.180789,1.0152581,-2.0525072
211.0,3.2154129,-2.123657,7.177817,-2.2088888,1.0115929,-2.162463
221.0,3.1914709,-2.3654714,7.091625,-2.211332,0.9932669,-2.2675319
232.0,3.145981,-2.4947581,6.9527617,-2.204002,0.9456194,-2.3554964
241.0,3.0813377,-2.5234885,6.7348895,-2.2223277,0.874759,-2.4288
252.0,3.0909145,-2.6767175,6.279991,-2.2675319,0.79779,-2.502104
263.0,3.0334535,-2.801216,5.8801594,-2.3408356,0.71593404,-2.5778513
273.0,2.885013,-3.0621839,5.547365,-2.4361305,0.6401868,-2.6462681
281.0,2.552219,-3.406949,5.221754,-2.5057693,0.5717699,-2.6951375
292.0,2.1452048,-3.4883518,4.948815,-2.5277603,0.47769663,-2.7293458
301.0,1.7764976,-3.6248214,4.8099513,-2.5228734,0.32375857,-2.7525587
314.0,1.4341269,-3.6487634,4.7022123,-2.5448647,0.12583824,-2.7537806
322.0,1.1707647,-3.8355112,5.023035,-2.6230555,-0.09285152,-2.7085764
333.0,1.4101849,-4.4915223,5.9663506,-2.7146852,-0.3286455,-2.620612
342.0,1.8387469,-5.7245364,7.261614,-2.7171285,-0.5180137,-2.4984388
352.0,2.504335,-7.0581064,8.813056,-2.488665,-0.7049385,-2.339614
362.0,3.1387985,-7.917625,10.06283,-1.9999728,-0.9138544,-2.1539109
374.0,3.6391866,-7.955932,11.056423,-1.3121386,-1.1252137,-1.9816469
382.0,3.821146,-7.5106106,11.47062,-0.6267477,-1.314582,-1.863139
392.0,3.70383,-6.7229185,11.334151,-0.18203785,-1.4453071,-1.7825048
402.0,3.7181952,-5.9926867,10.867282,-0.09285152,-1.518611,-1.7030923
412.0,3.799598,-5.935226,10.747571,-0.29443705,-1.5015068,-1.5943583
422.0,4.074931,-6.447585,10.469844,-0.6462954,-1.409877,-1.4147639
433.0,4.661511,-7.699753,10.144233,-1.0421361,-1.2754866,-1.1618657
442.0,5.281609,-9.698911,10.266336,-1.3634512,-1.0848967,-0.86498517
452.0,5.657499,-11.57836,10.426748,-1.4416419,-0.77457714,-0.55955255
462.0,5.5258174,-12.435484,10.338163,-1.2351695,-0.4361578,-0.29077184
474.0,5.08289,-12.265495,10.0987425,-0.94806284,-0.1685988,-0.09040806
482.0,4.608838,-11.980585,10.599131,-0.766025,0.12950343,0.087964594
494.0,3.9576154,-11.585542,11.573571,-0.6609562,0.5656612,0.33353242
503.0,3.4380736,-10.716447,12.787432,-0.52290064,0.98349303,0.60231316
513.0,3.1675289,-9.409213,13.596671,-0.39828414,1.2253957,0.79168135
523.0,3.169923,-8.748413,13.790602,-0.37140608,1.3658947,0.9505063
533.0,3.0621839,-9.155427,13.158532,-0.3885103,1.5125023,1.1814134
543.0,2.822764,-9.41879,12.284649,-0.39706242,1.7275269,1.4318681
554.0,2.4157495,-9.703699,11.149797,-0.3811799,1.9291124,1.6652187
562.0,1.8914193,-10.084377,10.443508,-0.32620203,2.085494,1.8997909
574.0,1.3551182,-10.177752,10.120291,-0.21868975,2.2162192,2.1673498
583.0,1.115698,-9.876082,10.251971,-0.042760566,2.289523,2.4569001
594.0,1.1803415,-9.55047,10.18254,0.17959438,2.3139575,2.7317894
605.0,1.3335704,-9.176975,9.842564,0.49235737,2.3212879,2.9749138
615.0,1.3862427,-8.623915,9.445126,0.84421575,2.3005185,3.1703906
624.0,1.2593501,-8.087613,8.911219,1.1508701,2.2956316,3.321885
634.0,0.90021986,-7.7811556,8.00621,1.4025466,2.293188,3.4428365
644.0,0.59136784,-7.4363904,7.192182,1.6200147,2.2516494,3.5662313
654.0,0.37588966,-6.835446,7.0964136,1.817935,2.211332,3.681074
664.0,0.17477672,-6.1866174,6.945579,2.0305161,2.1649065,3.7641516
675.0,0.1604115,-5.437232,6.4427967,2.2553146,2.0525072,3.8374555
683.0,0.23463176,-4.546589,5.6527104,2.4422393,1.8887954,3.8997638
694.0,0.1316811,-3.5793316,5.1666875,2.5130997,1.7397442,3.9217548
704.0,-0.016759412,-2.8754363,4.608838,2.3921483,1.6371188,3.9046507
715.0,-0.39983168,-2.3989902,4.0462008,2.1135938,1.5234979,3.885103
724.0,-0.7302315,-2.2385786,3.881001,1.7910569,1.3707817,3.8716638
736.0,-0.8595184,-2.1739352,3.8115692,1.5344934,1.1569787,3.8594465
745.0,-0.8379706,-1.910573,3.679888,1.3634512,0.874759,3.8386772
755.0,-0.8379706,-1.6927006,3.323152,1.2938126,0.58276546,3.7873645
764.0,-0.8355764,-1.6543933,2.9831753,1.346347,0.28710666,3.6908479
777.0,-0.8643068,-1.3479356,2.932897,1.4245378,-0.2565634,3.3964107
786.0,-0.92895025,-0.8499416,3.2154129,1.3793337,-0.50823987,3.25469
797.0,-0.770933,-0.5386954,3.5003228,1.2852604,-0.7684685,3.1202996
805.0,-0.6488287,-0.33758244,3.7852328,1.1972959,-1.0030408,2.9883528
816.0,-0.48841715,-0.12210429,3.98874,1.1520919,-1.2168436,2.8405235
826.0,-0.46447513,0.36631286,4.2161894,1.1337659,-1.4110987,2.652377
836.0,-0.5506664,0.79008657,4.8003745,1.1410962,-1.5528195,2.4410176
845.0,-0.6607997,1.151611,5.401319,1.1484267,-1.6701056,2.2308798
857.0,-0.58418524,1.4341269,6.1770406,1.0995574,-1.7654005,2.026851
866.0,-0.5243302,1.4676456,6.8522053,0.9810496,-1.8301523,1.8191566
878.0,-0.4405331,1.3000516,7.5082164,0.8173377,-1.8619173,1.6029104
885.0,-0.39025488,0.7685388,8.4826565,0.64873886,-1.8558086,1.3842206
909.0,-0.29927522,0.35673606,9.260772,0.5143485,-1.8081611,1.1850786
909.0,-0.32561144,0.24899697,9.64145,0.43004912,-1.7556267,1.0238101
916.0,-0.4309563,0.29688102,9.964667,0.40439278,-1.6969837,0.88697636
929.0,-0.5650316,0.521936,10.223241,0.38606682,-1.613906,0.7538077
935.0,-0.61052144,0.7589619,10.572795,0.3213151,-1.5100589,0.63285637
946.0,-0.7517793,0.89303726,10.644621,0.19914207,-1.3903292,0.52534413
957.0,-0.8571242,0.89543146,10.666168,0.042760566,-1.2547172,0.4288274
966.0,-0.9959879,0.8738836,10.594342,-0.103847094,-1.128879,0.33964106
978.0,-1.1324574,0.7350199,10.31901,-0.21746802,-1.0115929,0.2602286
986.0,-0.8523358,0.6631939,9.330204,-0.2773328,-0.91507614,0.19303341
996.0,-0.1604115,-0.079008654,11.027693,-0.22113322,-0.7672467,0.11728613
1006.0,-0.6847417,0.90979666,13.295002,-0.37751472,-0.49846604,0.03176499
1016.0,-1.1492168,0.11731588,14.391546,-0.6047566,-0.105068825,-0.015882496
1026.0,-1.0151415,-0.7134721,14.123396,-0.5839872,0.059864793,-0.037873644
1036.0,-1.4556746,-0.92416185,13.295002,-0.36774087,0.13805555,-0.061086524
1052.0,-1.8387469,-0.641646,11.978191,-0.034208454,0.17348573,-0.112399206
1054.0,-1.9800048,-0.05267244,10.536881,0.11362094,0.12339478,-0.20647246
1065.0,-1.8842367,0.18435353,9.65821,0.043982297,0.111177474,-0.22968534
1116.0,-1.6352397,0.19632454,9.200917,-0.08674286,0.12705997,-0.16737708
1116.0,-1.3838485,0.16280572,8.937555,-0.20280726,0.119729586,-0.087964594
1116.0,-1.1779473,0.035913024,8.9279785,-0.2687807,0.112399206,-0.032986723
1116.0,-1.1061212,-0.2873042,8.978256,-0.25900686,0.111177474,0.0012217305
1116.0,-1.1085154,-0.4285621,9.241618,-0.15882497,0.08552113,0.02321288
1124.0,-0.9792285,-0.37110126,9.287108,0.0,0.015882496,0.034208454
1135.0,-0.79726917,-0.16998832,9.380483,0.1600467,-0.06719518,0.036651913
1145.0,-0.7015011,0.17477672,9.500193,0.267559,-0.12705997,0.032986723
1156.0,-0.58657944,0.25378537,9.655815,0.29810223,-0.14294247,0.028099801
1166.0,-0.51475334,0.22505496,9.859323,0.2602286,-0.13561209,0.02565634
1177.0,-0.58418524,0.11492168,9.931149,0.18203785,-0.10873401,0.02443461
1185.0,-0.6440403,-0.019153614,9.938332,0.112399206,-0.09040806,0.019547688
1195.0,-0.6799533,-0.12210429,9.962274,0.07574729,-0.080634214,0.008552114
1206.0,-0.81642276,-0.107739076,9.911995,0.061086524,-0.07574729,0.0
1216.0,-0.85473,-0.19871874,9.849746,0.05131268,-0.07452556,-0.0012217305
1226.0,-0.9576807,-0.22984336,9.782708,0.043982297,-0.064751714,-0.0012217305
1236.0,-0.93613285,-0.28491,9.749189,0.040317107,-0.058643065,-0.0061086523
1246.0,-0.92176765,-0.3184288,9.655815,0.028099801,-0.058643065,-0.0061086523
1256.0,-0.9528923,-0.4381389,9.631873,0.010995574,-0.052534413,0.0
1266.0,-1.0295067,-0.36391866,9.543288,0.009773844,-0.042760566,0.008552114
1280.0,-1.1324574,-0.35673606,9.509769,0.018325957,-0.039095376,0.013439035
1286.0,-1.0606314,-0.25378537,9.55047,0.018325957,-0.04642576,0.019547688
1296.0,-1.0295067,-0.33997664,9.646238,0.019547688,-0.039095376,0.028099801
1306.0,-0.90979666,-0.320823,9.624691,0.037873644,-0.043982297,0.035430185
1317.0,-0.91219085,-0.19153613,9.600749,0.05497787,-0.04520403,0.04153884
1326.0,-0.9576807,-0.16998832,9.540894,0.056199603,-0.040317107,0.04153884
1337.0,-0.9720459,-0.110133275,9.598354,0.035430185,-0.02687807,0.035430185
1348.0,-1.0319009,-0.08619126,9.660604,0.009773844,-0.021991149,0.030543262
1358.0,-0.9935937,-0.0047884034,9.619903,-0.0061086523,-0.02565634,0.030543262
1366.0,-0.89543146,-0.062249243,9.631873,-0.009773844,-0.030543262,0.02565634
1378.0,-0.90261406,0.0,9.61272,-0.004886922,-0.034208454,0.015882496
1388.0,-0.79726917,0.107739076,9.545682,-0.002443461,-0.037873644,0.008552114
1398.0,-0.7134721,0.019153614,9.610326,-0.004886922,-0.040317107,0.0012217305
1406.0,-0.79248077,-0.110133275,9.646238,-0.010995574,-0.036651913,-0.007330383
1417.0,-0.7326257,-0.062249243,9.672575,-0.015882496,-0.029321533,-0.017104227
1427.0,-0.770933,-0.12210429,9.588778,-0.02076942,-0.02687807,-0.02443461
1436.0,-0.8283938,-0.107739076,9.555259,-0.029321533,-0.03176499,-0.030543262
1445.0,-0.79248077,-0.18914193,9.576807,-0.04886922,-0.028099801,-0.03176499
1457.0,-0.80924016,-0.22026655,9.569624,-0.064751714,-0.028099801,-0.02687807
1466.0,-0.85473,-0.260968,9.67018,-0.06352998,-0.034208454,-0.021991149
1478.0,-0.82360536,-0.25139117,9.725247,-0.04642576,-0.043982297,-0.017104227
1486.0,-0.85473,-0.2633622,9.682152,-0.02321288,-0.057421334,-0.012217305
1496.0,-0.7589619,-0.25617957,9.751583,-0.0036651916,-0.07086037,-0.008552114
1506.0,-0.7613561,-0.17238252,9.744401,0.007330383,-0.065973446,-0.0012217305
1518.0,-0.770933,-0.04309563,9.7324295,0.008552114,-0.06963864,0.004886922
1526.0,-0.7278373,-0.10055647,9.792285,0.002443461,-0.06963864,0.010995574
1537.0,-0.7278373,-0.14604631,9.734824,-0.004886922,-0.056199603,0.014660766
1547.0,-0.7781156,-0.20829555,9.694122,-0.013439035,-0.04520403,0.015882496
1557.0,-0.85473,-0.1412579,9.765948,-0.014660766,-0.040317107,0.010995574
1566.0,-0.8810662,-0.15562311,9.813833,-0.014660766,-0.036651913,0.002443461
1579.0,-0.91937345,-0.12449849,9.868899,-0.039095376,-0.036651913,0.007330383
1588.0,-0.6512229,-0.260968,9.969456,-0.04153884,-0.032986723,0.012217305
1598.0,-0.5410896,-0.4357447,10.582372,-0.02076942,-0.010995574,0.014660766
1606.0,-0.5602432,-0.58897364,10.898406,0.02443461,0.03176499,0.018325957
1616.0,-0.34715924,-0.5674258,10.714052,0.096516706,0.04520403,0.034208454
1628.0,-0.24899697,-0.60333884,9.878476,0.19058995,0.04886922,0.05009095
1639.0,-0.35434186,-0.24420857,9.248801,0.2602286,0.07696902,0.035430185
1646.0,-0.4333505,-0.11971009,9.543288,0.267559,0.17592919,-0.002443461
1657.0,-0.7541735,-0.15322891,10.477027,0.14660765,0.3359759,-0.009773844
1667.0,-0.9504981,-0.33518824,11.374852,-0.11484267,0.50946164,0.030543262
1678.0,-1.2976574,-0.58418524,11.930307,-0.39584067,0.675617,0.0720821
1687.0,-1.4915876,-0.79248077,11.484985,-0.65484756,0.75869465,0.119729586
1699.0,-1.6017209,-0.5410896,10.402806,-0.8857546,0.74281216,0.20158553
1708.0,-1.8411411,-0.21068975,9.224859,-0.9822713,0.689056,0.25411993
1717.0,-2.0254946,-0.095768064,8.080431,-0.9126327,0.61453044,0.2284636
1727.0,-2.1164744,0.047884032,7.5824366,-0.75136423,0.48624873,0.17348573
1738.0,-1.8914193,-0.035913024,7.4363904,-0.57543504,0.32375857,0.18203785
1748.0,-1.5275006,-0.11731588,7.3406224,-0.44104472,0.1441642,0.25289822
1759.0,-1.3623008,-0.04309563,7.043741,-0.33964106,-0.036651913,0.30298916
1767.0,-1.5275006,0.019153614,7.062895,-0.19792034,-0.204029,0.27366763
1778.0,-1.6759412,0.41180268,7.216124,-0.009773844,-0.376293,0.18570304
1788.0,-1.8004397,0.5410896,7.4363904,0.16982053,-0.57787853,0.09896017
1797.0,-1.5059528,0.1388637,7.929596,0.3359759,-0.7696902,0.04642576
1808.0,-1.103727,-0.48123455,8.66701,0.5009095,-0.9211848,0.02443461
1819.0,-0.79487497,-0.7565677,9.5385,0.6792821,-1.0213667,0.007330383
1828.0,-0.6703765,-0.50038815,9.871294,0.8772025,-1.1166617,-0.021991149
1837.0,-0.49559975,0.076614454,7.2448545,1.0604621,-1.2082914,-0.062308256
1847.0,0.92416185,1.1468226,9.78989,1.2522738,-1.2657127,-0.12339478
1857.0,1.5562311,1.6232687,13.929465,1.0519099,-0.9431759,-0.17715092
1869.0,1.4700398,-0.34715924,14.853627,0.28955013,-0.2724459,-0.02443461
1880.0,0.78769237,-1.9752164,13.218388,-0.44104472,0.16371189,0.13316862
1887.0,-0.8475474,-1.958457,11.537658,-0.66339964,0.43249258,0.1001819
1898.0,-2.243367,-1.2449849,10.000581,-0.47158796,0.5131268,-0.111177474
1908.0,-2.2266076,-0.8403648,8.942344,-0.18692477,0.3640757,-0.34697145
1918.0,-1.2354081,-0.6823475,9.148245,-0.096516706,0.2406809,-0.3555236
1927.0,-0.31124622,-0.1364695,10.0987425,-0.19914207,0.28344148,-0.13683382
1939.0,-0.16519992,0.34237084,10.503363,-0.3286455,0.38973203,0.04153884
1949.0,-0.62009823,0.23702596,10.443508,-0.44593164,0.5009095,0.05131268
1958.0,-1.2665327,-0.4285621,9.909601,-0.56688297,0.58032197,-0.004886922
1969.0,-1.6687586,-0.89064306,9.196129,-0.61941737,0.5644395,-0.036651913
1980.0,-1.8531121,-1.0175357,8.6095495,-0.49235737,0.43371433,-0.04642576
1989.0,-1.7405846,-0.7733272,8.477868,-0.23335053,0.23701571,-0.042760566
1998.0,-1.553837,-0.35673606,8.269572,-0.002443461,0.028099801,-0.012217305
2006.0,-1.2641385,0.050278235,7.943961,0.12339478,-0.13805555,0.035430185
2022.0,-1.0702082,0.29209262,7.73806,0.17470746,-0.26267207,0.061086524
2034.0,-1.0702082,0.19153613,7.991845,0.22235495,-0.3640757,0.05131268
2036.0,-1.079785,-0.011971008,8.47308,0.2968805,-0.45937067,0.02687807
2047.0,-1.103727,-0.25857377,8.805874,0.35796702,-0.5510005,0.02321288
2088.0,-1.0055647,-0.29927522,8.568848,0.42394048,-0.6536258,0.034208454
2088.0,-0.30645782,-0.7134721,7.7332716,0.5693264,-0.7892379,0.019547688
2088.0,0.61291564,0.6584055,10.146626,0.75502944,-0.8491027,-0.04642576
2088.0,0.9504981,0.7398083,12.569559,0.6658431,-0.6047566,-0.07819075
2095.0,0.79966336,-0.4189853,12.976573,0.267559,-0.20891592,0.05375614
2105.0,-0.019153614,-0.7733272,11.944673,-0.018325957,0.036651913,0.07086037
2118.0,-1.0319009,-0.35913026,11.147403,-0.02076942,0.119729586,-0.030543262
2126.0,-1.6280571,0.08379706,10.362105,-0.06841691,0.13072516,-0.13316862
2137.0,-1.5514427,0.095768064,9.715671,-0.24190263,0.12217305,-0.16737708
2147.0,-0.9576807,-0.35673606,9.224859,-0.40561453,0.12583824,-0.10262536
2157.0,-0.6847417,-0.6871359,8.810662,-0.40317106,0.12339478,-0.02321288
2166.0,-0.60573304,-0.6464345,8.815451,-0.2565634,0.096516706,-0.018325957
2180.0,-0.7278373,-0.5506664,8.942344,-0.1001819,0.07696902,-0.04886922
2188.0,-0.8403648,-0.50996494,9.095572,-0.012217305,0.061086524,-0.047647487
2197.0,-0.79966336,-0.60094464,9.196129,0.030543262,0.036651913,-0.02321288
2208.0,-0.7469909,-0.59136784,9.363723,0.07819075,0.008552114,-0.008552114
2217.0,-0.6488287,-0.50278234,9.545682,0.12217305,-0.019547688,-0.0036651916
2227.0,-0.50517654,-0.36391866,9.653421,0.13927728,-0.035430185,0.0036651916
2239.0,-0.49559975,-0.23942018,9.809045,0.12461651,-0.032986723,0.013439035
2248.0,-0.47405192,-0.21547815,9.861717,0.09040806,-0.015882496,0.014660766
2258.0,-0.44771573,-0.18195933,9.813833,0.05131268,-0.004886922,0.007330383
2269.0,-0.557849,-0.079008654,9.792285,0.010995574,0.004886922,0.0
2279.0,-0.51954174,-0.02873042,9.718064,-0.02687807,0.014660766,-0.004886922
2289.0,-0.5530606,-0.023942016,9.758766,-0.05375614,0.02443461,-0.008552114
2300.0,-0.5386954,-0.06943185,9.749189,-0.065973446,0.02321288,-0.017104227
2309.0,-0.5315128,-0.23942018,9.8042555,-0.061086524,0.02321288,-0.02565634
2317.0,-0.5482722,-0.24660277,9.720459,-0.036651913,0.019547688,-0.032986723
2329.0,-0.5626374,-0.23942018,9.758766,-0.0012217305,0.018325957,-0.036651913
2338.0,-0.5602432,-0.2705448,9.813833,0.02687807,0.012217305,-0.037873644
2349.0,-0.63206923,-0.29209262,9.742006,0.037873644,0.008552114,-0.037873644
2360.0,-0.641646,-0.2896984,9.739613,0.03176499,0.012217305,-0.032986723
2369.0,-0.6512229,-0.38307226,9.76116,0.014660766,0.02321288,-0.02565634
2380.0,-0.7374141,-0.39504328,9.794679,-0.019547688,0.036651913,-0.0012217305
2389.0,-0.7086837,-0.37110126,9.787497,-0.018325957,0.02687807,0.012217305
2398.0,-0.6799533,-0.35434186,9.77792,-0.002443461,0.02687807,0.02076942
2408.0,-0.6775591,-0.17238252,9.742006,0.017104227,0.014660766,0.02565634
2420.0,-0.6464345,-0.19632454,9.706094,0.03176499,0.014660766,0.029321533
2428.0,-0.58897364,-0.1436521,9.655815,0.04520403,0.012217305,0.030543262
2439.0,-0.62967503,-0.15322891,9.648633,0.056199603,0.008552114,0.028099801
2449.0,-0.5602432,-0.019153614,9.619903,0.05497787,0.0012217305,0.02443461
2460.0,-0.5410896,0.0047884034,9.672575,0.04153884,0.0,0.02321288
2470.0,-0.56982,-0.12928689,9.713276,0.02443461,0.0012217305,0.02076942
2481.0,-0.5267244,-0.15801731,9.694122,0.02076942,0.008552114,0.015882496
2490.0,-0.49799395,-0.14844051,9.646238,0.02687807,0.007330383,0.009773844
2500.0,-0.50757074,-0.09816227,9.763555,0.030543262,0.0061086523,0.007330383
2510.0,-0.581791,-0.15083471,9.694122,0.021991149,0.008552114,0.0061086523
2520.0,-0.545878,-0.1364695,9.61272,0.007330383,0.009773844,0.0061086523
2529.0,-0.59615624,-0.15801731,9.617508,-0.0036651916,0.010995574,0.0036651916
2541.0,-0.6392518,-0.18435353,9.617508,-0.009773844,0.0036651916,0.0012217305
2549.0,-0.63206923,-0.25857377,9.627085,-0.008552114,-0.004886922,0.004886922
2560.0,-0.5650316,-0.2633622,9.653421,0.0061086523,-0.004886922,0.010995574
2570.0,-0.60094464,-0.29209262,9.634268,0.02565634,-0.013439035,0.014660766
2580.0,-0.6440403,-0.18435353,9.679757,0.034208454,-0.015882496,0.014660766
2590.0,-0.61530983,-0.17238252,9.698911,0.030543262,-0.014660766,0.014660766
2600.0,-0.58897364,-0.1604115,9.603143,0.02565634,-0.014660766,0.017104227
2610.0,-0.61291564,-0.18914193,9.665392,0.021991149,-0.013439035,0.017104227
2619.0,-0.5770026,-0.16519992,9.646238,0.013439035,-0.007330383,0.013439035
2628.0,-0.6344634,-0.17956513,9.65821,-0.004886922,-0.004886922,0.007330383
2641.0,-0.6536171,-0.20111294,9.646238,-0.017104227,0.002443461,0.0061086523
2651.0,-0.6703765,-0.19632454,9.610326,-0.012217305,0.008552114,0.0061086523
2662.0,-0.6607997,-0.21308395,9.689334,0.002443461,0.002443461,0.002443461
2668.0,-0.6607997,-0.15322891,9.725247,0.010995574,0.002443461,-0.002443461
2679.0,-0.6584055,-0.17238252,9.744401,0.013439035,-0.0036651916,-0.004886922
2687.0,-0.6703765,-0.21308395,9.6845455,0.014660766,0.0,-0.0061086523
2697.0,-0.7206547,-0.1436521,9.591172,0.010995574,0.0012217305,-0.008552114
2708.0,-0.6703765,-0.23702596,9.555259,0.0,0.0036651916,-0.013439035
2719.0,-0.6560113,-0.15322891,9.615114,-0.018325957,0.013439035,-0.014660766
2728.0,-0.7086837,-0.2896984,9.610326,-0.02565634,0.015882496,-0.012217305
2738.0,-0.6512229,-0.21068975,9.636662,-0.018325957,0.010995574,-0.010995574
2748.0,-0.7015011,-0.18435353,9.624691,-0.004886922,-0.0012217305,-0.013439035
2758.0,-0.62967503,-0.19632454,9.679757,0.0,-0.007330383,-0.013439035
2767.0,-0.581791,-0.17717093,9.615114,-0.0012217305,-0.008552114,-0.010995574
2781.0,-0.62249243,-0.18195933,9.576807,-0.0012217305,0.004886922,-0.008552114
2787.0,-0.60812724,-0.18435353,9.615114,0.0061086523,0.0,-0.010995574
2797.0,-0.62488663,-0.20590134,9.591172,0.0061086523,-0.0061086523,-0.009773844
2807.0,-0.58897364,-0.22266077,9.624691,-0.010995574,0.009773844,-0.0061086523
2817.0,-0.60573304,-0.22026655,9.605537,-0.02076942,-0.0061086523,-0.0061086523
2826.0,-0.6488287,-0.21787235,9.600749,-0.02443461,-0.0036651916,-0.0036651916
2837.0,-0.62488663,-0.19393034,9.6845455,-0.017104227,-0.015882496,0.0
2846.0,-0.6560113,-0.17956513,9.662998,-0.012217305,-0.021991149,0.0036651916
2856.0,-0.6440403,-0.21547815,9.722853,-0.004886922,-0.02443461,0.007330383
2866.0,-0.61530983,-0.22984336,9.751583,0.0012217305,-0.02443461,0.008552114
2878.0,-0.6607997,-0.20829555,9.701305,0.002443461,-0.02443461,0.008552114
2887.0,-0.6584055,-0.16759412,9.617508,-0.004886922,-0.017104227,0.008552114
2898.0,-0.6679823,-0.17238252,9.622296,-0.014660766,-0.013439035,0.004886922
2907.0,-0.61770403,-0.12449849,9.548077,-0.028099801,-0.013439035,0.002443461
2918.0,-0.61530983,-0.11492168,9.514558,-0.037873644,-0.013439035,0.0
2927.0,-0.6727707,-0.18195933,9.533711,-0.042760566,-0.019547688,-0.002443461
2937.0,-0.7206547,-0.20829555,9.583989,-0.04520403,-0.015882496,-0.0061086523
2948.0,-0.6536171,-0.21787235,9.639056,-0.035430185,-0.015882496,-0.007330383
2960.0,-0.6727707,-0.2873042,9.672575,-0.010995574,-0.02321288,-0.004886922
2969.0,-0.7158663,-0.22266077,9.672575,0.015882496,-0.032986723,-0.0012217305
2979.0,-0.63206923,-0.19153613,9.622296,0.039095376,-0.04520403,0.0061086523
2988.0,-0.6512229,-0.16998832,9.655815,0.05009095,-0.05009095,0.012217305
3000.0,-0.7015011,-0.20350714,9.698911,0.05131268,-0.05131268,0.019547688
3009.0,-0.6967127,-0.2633622,9.753978,0.04520403,-0.04520403,0.02443461
