11.0,1.9847932,-2.741361,9.102755,0.007330383,-0.02076942,-0.0012217305
28.0,2.135628,-2.8514943,9.009381,0.15882497,0.12583824,-0.081855945
28.0,2.4492683,-2.7461493,9.002198,-0.009773844,-0.28710666,-0.3200934
44.0,2.3558946,-2.6264393,9.088389,-0.14905111,-0.35185838,-0.3567453
48.0,2.207454,-2.4875755,9.126697,-0.112399206,0.51068336,-0.02565634
56.0,2.1212628,-2.4851813,9.160215,-0.24801129,0.6035349,-0.036651913
66.0,2.018312,-2.4995465,9.01417,-0.4166101,0.48258355,-0.14172074
75.0,1.9871874,-2.3247697,9.011775,-0.56688297,0.3494149,-0.27488935
86.0,2.0805612,-2.2242134,9.018958,-0.7122689,0.38973203,-0.35796702
96.0,2.123657,-2.1978772,9.136273,-0.86620694,0.42760566,-0.41783184
108.0,2.0973208,-2.4037786,9.215282,-1.0177015,0.47036624,-0.44593164
116.0,2.1930888,-2.6168625,9.323022,-1.1545353,0.5119051,-0.45937067
126.0,2.1092918,-2.7581203,9.421184,-1.2730432,0.54733527,-0.4801401
136.0,2.0614076,-3.040636,9.301474,-1.3573426,0.56688297,-0.5338962
147.0,1.9393034,-3.0358477,9.021352,-1.4294246,0.6096435,-0.5864306
156.0,1.9009962,-3.1890767,8.829816,-1.5210545,0.643852,-0.61086524
167.0,1.7501614,-3.3399115,8.688558,-1.6187929,0.6585127,-0.61819565
176.0,1.6927006,-3.5194764,8.700529,-1.72264,0.68661255,-0.6047566
186.0,1.6831238,-3.6343982,8.767567,-1.844813,0.70371675,-0.57543504
196.0,1.5370775,-3.881001,8.827422,-1.953547,0.70371675,-0.5375614
207.0,1.5298948,-4.2521024,8.995016,-2.0305161,0.6585127,-0.50946164
218.0,1.6112977,-4.5202527,8.805874,-2.0683897,0.64751714,-0.48380527
228.0,1.5945383,-4.7620673,8.690952,-2.0598376,0.6939429,-0.4886922
236.0,1.4173675,-5.070919,8.360553,-2.008525,0.6988298,-0.4972443
248.0,1.5011644,-5.3127337,8.149862,-1.9449949,0.689056,-0.49480084
258.0,1.4556746,-5.4563856,7.728483,-1.8936822,0.6914995,-0.4728097
267.0,1.412579,-5.647922,7.5920134,-1.8716911,0.72204274,-0.44715336
277.0,1.4317327,-5.74369,7.5920134,-1.8680259,0.72692966,-0.43004912
288.0,1.3024458,-5.827487,7.4244194,-1.8692477,0.7305948,-0.4092797
297.0,1.2665327,-5.793968,7.225701,-1.9046779,0.7330383,-0.38606682
308.0,1.2354081,-5.98311,7.017405,-1.9755383,0.73914695,-0.36163223
317.0,1.1683705,-6.1076083,6.885724,-2.0622811,0.73426,-0.33841935
327.0,0.9959879,-6.2345014,6.8210807,-2.171015,0.7244862,-0.3200934
337.0,0.8690952,-6.301539,6.706159,-2.2699752,0.6780604,-0.3042109
350.0,0.6991069,-6.543353,6.5984197,-2.3273966,0.6377433,-0.27855456
357.0,0.7493851,-6.7205243,6.493075,-2.3408356,0.59986967,-0.2406809
368.0,0.81881696,-6.9024835,6.145916,-2.3383923,0.56688297,-0.2003638
377.0,0.8283938,-7.038953,5.827487,-2.3176227,0.53878313,-0.15515977
388.0,0.7182605,-7.381324,5.6215854,-2.2724187,0.54000485,-0.09162979
397.0,0.6655881,-7.81228,5.66947,-2.2064452,0.535118,-0.02443461
409.0,0.5410896,-8.195353,5.7125654,-2.1038198,0.5131268,0.002443461
417.0,0.49320555,-8.468291,5.693412,-1.9694295,0.50946164,-0.004886922
428.0,0.51235914,-8.470686,5.734113,-1.8216002,0.47647488,-0.034208454
437.0,0.50278234,-8.394072,5.631162,-1.6701056,0.44837508,-0.05009095
449.0,0.47884035,-8.3629465,5.571307,-1.5515977,0.42394048,-0.042760566
457.0,0.34955344,-8.406042,5.3606176,-1.4538593,0.40439278,-0.021991149
468.0,0.21547815,-8.465898,5.33907,-1.3255776,0.39828414,0.030543262
477.0,0.25378537,-8.683769,5.3007627,-1.1667526,0.34697145,0.05497787
488.0,0.2681506,-8.858546,5.1906295,-1.0189233,0.33475417,0.05009095
497.0,0.39983168,-8.949526,5.2863975,-0.88086766,0.32498032,0.037873644
508.0,0.36152446,-8.973468,5.2744265,-0.7415904,0.312763,0.028099801
517.0,0.38067806,-9.148245,5.104438,-0.59986967,0.29443705,0.008552114
529.0,0.39983168,-9.277532,5.0781016,-0.4642576,0.2687807,-0.032986723
541.0,0.38067806,-9.267955,4.9775453,-0.24678956,0.2761111,-0.11484267
553.0,0.23942018,-9.097966,4.948815,-0.18570304,0.2932153,-0.08307768
559.0,0.24660277,-9.25359,5.080496,-0.1600467,0.29565877,-0.008552114
571.0,0.16998832,-9.394848,5.149928,-0.1600467,0.30298916,0.07086037
580.0,0.25617957,-9.516952,5.207389,-0.15027285,0.32253686,0.13805555
592.0,0.23463176,-9.588778,5.3366756,-0.112399206,0.33964106,0.1966986
600.0,0.36870706,-9.646238,5.197812,-0.08307768,0.36285394,0.24801129
610.0,0.2801216,-9.677363,5.121197,-0.06963864,0.39461896,0.2919936
621.0,0.22266077,-9.715671,5.094861,-0.07086037,0.42394048,0.3371976
633.0,0.15083471,-9.861717,5.08289,-0.064751714,0.453262,0.38973203
638.0,0.021547815,-9.921572,5.130774,-0.03176499,0.47891834,0.4361578
650.0,0.0023942017,-9.816227,5.281609,0.037873644,0.5009095,0.46914452
657.0,-0.11252748,-9.715671,5.2840033,0.11728613,0.52778757,0.49846604
668.0,-0.17477672,-9.433155,5.3821654,0.18448131,0.5522222,0.5375614
678.0,-0.3854665,-9.323022,5.451597,0.24801129,0.5717699,0.5717699
689.0,-0.6823475,-9.169792,5.427655,0.30665436,0.57910025,0.59986967
698.0,-0.79966336,-9.006987,5.41329,0.3555236,0.5876524,0.63041294
710.0,-0.93852705,-8.724471,5.3582234,0.4007276,0.59498274,0.65118235
719.0,-1.1563994,-8.602366,5.3845596,0.43127087,0.59620446,0.6585127
729.0,-1.2665327,-8.449138,5.353435,0.43371433,0.5900958,0.675617
739.0,-1.271321,-8.348581,5.4300494,0.42149702,0.5876524,0.70249504
750.0,-1.3311762,-8.152257,5.3438582,0.41783184,0.5864306,0.7244862
759.0,-1.532289,-8.042124,5.4300494,0.41172317,0.58276546,0.74036866
771.0,-1.7022774,-8.018182,5.4922986,0.39828414,0.58032197,0.7672467
780.0,-1.7932571,-8.085219,5.6120086,0.408058,0.5656612,0.79901177
791.0,-1.757344,-8.008605,5.695806,0.44104472,0.5510005,0.82833326
801.0,-1.7549498,-8.042124,5.7604494,0.47647488,0.54733527,0.8491027
811.0,-1.7525556,-8.0684595,5.829881,0.5180137,0.5571091,0.84788096
821.0,-1.8411411,-8.070854,5.884948,0.56688297,0.5656612,0.8246681
834.0,-2.0111294,-8.080431,5.8801594,0.6218608,0.5644395,0.79168135
842.0,-2.2050598,-7.908048,5.9160724,0.6768387,0.5558874,0.75747293
852.0,-2.327164,-7.675811,5.9280434,0.72082096,0.55955255,0.7281514
861.0,-2.348712,-7.311892,5.90889,0.72692966,0.5558874,0.7147123
872.0,-2.3942018,-7.1466923,5.841852,0.6731735,0.54367006,0.7281514
879.0,-2.468422,-7.062895,5.8346696,0.57910025,0.535118,0.752586
891.0,-2.4612393,-7.1275387,5.770026,0.47769663,0.52412236,0.77457714
900.0,-2.585738,-7.21373,5.6886234,0.37507126,0.50823987,0.7965683
909.0,-2.6886885,-7.347805,5.753267,0.3005457,0.49602258,0.81000733
919.0,-2.873042,-7.457938,5.7987566,0.27977628,0.47158796,0.80756384
929.0,-2.9951463,-7.575254,5.7508726,0.3005457,0.4373795,0.79779
942.0,-2.9400797,-7.5441294,5.734113,0.3481932,0.4092797,0.78801614
950.0,-2.96881,-7.6255326,5.805939,0.41783184,0.38362336,0.79168135
959.0,-2.822764,-7.7308774,5.8346696,0.4972443,0.35918877,0.81000733
969.0,-2.791639,-7.8865004,5.865794,0.5681047,0.35185838,0.8222246
979.0,-2.767697,-7.795521,5.8705826,0.6243043,0.35185838,0.82344633
988.0,-2.767697,-7.7667904,5.923255,0.6426302,0.3555236,0.82833326
998.0,-2.873042,-7.680599,5.837064,0.6365216,0.35063666,0.8417723
1009.0,-2.882619,-7.651869,5.7963624,0.6072,0.36651915,0.86254174
1019.0,-3.0310593,-7.7069354,5.767632,0.5717699,0.36651915,0.88086766
1028.0,-3.0142999,-7.704541,5.8203044,0.54367006,0.36163223,0.8906415
1037.0,-2.966416,-7.7452426,5.81791,0.5338962,0.3640757,0.893085
1049.0,-2.908955,-7.7213006,5.841852,0.54733527,0.37140608,0.88697636
1058.0,-3.016694,-7.5800424,5.81791,0.55955255,0.38606682,0.87964594
1069.0,-3.0430303,-7.48188,5.825093,0.5522222,0.40317106,0.8772025
1078.0,-3.1052797,-7.326257,5.8442464,0.5338962,0.41783184,0.8784242
1088.0,-3.1148565,-7.1826053,5.8634,0.5155703,0.43493605,0.88086766
1098.0,-3.2034419,-7.074866,5.8681884,0.49113566,0.45204028,0.8857546
1109.0,-3.3614593,-7.005434,5.875371,0.4605924,0.4654793,0.89552844
1118.0,-3.430891,-6.897695,5.9998693,0.4251622,0.4813618,0.89919364
1129.0,-3.442862,-6.823475,6.0142345,0.40683624,0.49846604,0.8943067
1138.0,-3.4835634,-6.7324953,6.007052,0.408058,0.5143485,0.88697636
1153.0,-3.6655228,-6.591237,5.9567738,0.4007276,0.5338962,0.88331115
1159.0,-3.6846764,-6.517017,5.8801594,0.376293,0.5546656,0.88453287
1168.0,-3.7900212,-6.4380083,5.8705826,0.34574974,0.5681047,0.88208944
1370.0,-3.8618474,-6.291962,5.849035,0.31887165,0.5852089,0.8772025
1370.0,-3.9576154,-6.256049,5.8107276,0.28588495,0.59742624,0.8686504
1370.0,-3.9504328,-6.2129536,5.767632,0.24312437,0.6072,0.86376345
1370.0,-4.098873,-6.2608376,5.8107276,0.20769419,0.6035349,0.86742866
1370.0,-4.1635165,-6.2871737,5.779603,0.20158553,0.59742624,0.87964594
1370.0,-4.24492,-6.3949127,5.753267,0.2284636,0.59620446,0.8906415
1370.0,-4.39336,-6.361394,5.614403,0.26389378,0.5839872,0.8943067
1370.0,-4.4077253,-6.265626,5.535394,0.29443705,0.5766568,0.8943067
1370.0,-4.4915223,-6.0980315,5.554548,0.31520647,0.5656612,0.8918633
1370.0,-4.6016555,-6.0956373,5.542577,0.32986724,0.548557,0.8906415
1370.0,-4.6375685,-5.961562,5.506664,0.3408628,0.52778757,0.88697636
1370.0,-4.6902413,-5.8825536,5.5880666,0.34697145,0.5045747,0.8881981
1371.0,-4.685453,-5.8346696,5.5401826,0.3481932,0.48380527,0.8918633
1371.0,-4.759673,-5.710171,5.4563856,0.3408628,0.47036624,0.89552844
1371.0,-4.8602295,-5.7029886,5.363012,0.32375857,0.4569272,0.90285885
1371.0,-4.9320555,-5.645528,5.3079453,0.29932398,0.4373795,0.9126327
1371.0,-4.996699,-5.6120086,5.317522,0.2846632,0.40317106,0.93584555
1371.0,-5.0302176,-5.499481,5.4300494,0.30787608,0.39095375,0.9370673
1371.0,-5.1259856,-5.410896,5.4563856,0.3323107,0.38240165,0.93462384
1371.0,-5.2049947,-5.398925,5.415684,0.34574974,0.37384954,0.93218035
1428.0,-5.3223104,-5.317522,5.415684,0.34697145,0.36163223,0.9309586
1428.0,-5.3725886,-5.29358,5.446809,0.34574974,0.35185838,0.93462384
1428.0,-5.415684,-5.1523223,5.4563856,0.3481932,0.34574974,0.9443977
1428.0,-5.415684,-5.097255,5.4539914,0.35185838,0.344528,0.95905846
1428.0,-5.463568,-5.145139,5.3079453,0.36041048,0.35430184,0.9810496
1443.0,-5.6407394,-5.0014873,5.3438582,0.37384954,0.36774087,1.0054842
1443.0,-5.781997,-4.9200845,5.446809,0.3921755,0.3726278,1.0323622
1449.0,-5.9041014,-4.960786,5.5138464,0.41172317,0.3726278,1.0567969
1459.0,-6.0357823,-4.9655743,5.583278,0.43860126,0.3652974,1.073901
1504.0,-5.971139,-4.757279,5.595249,0.46792278,0.35185838,1.0824533
1504.0,-5.9400144,-4.4580035,5.6407394,0.49357912,0.34330627,1.0922271
1504.0,-6.0046577,-4.2999864,5.5856724,0.5131268,0.33841935,1.1032226
1504.0,-6.10282,-4.173094,5.521029,0.53023106,0.33353242,1.1129965
1509.0,-6.2991447,-4.0078936,5.4324436,0.56688297,0.32620203,1.1203269
1523.0,-6.3350577,-3.9240966,5.422867,0.6206391,0.3213151,1.1301007
1529.0,-6.445191,-3.7852328,5.463568,0.6743952,0.31764993,1.1386528
1539.0,-6.5385647,-3.632004,5.446809,0.7244862,0.3042109,1.1386528
1551.0,-6.631939,-3.3159695,5.45878,0.7867944,0.28955013,1.1325442
1559.0,-6.6415157,-3.1651347,5.580884,0.84788096,0.27366763,1.1386528
1569.0,-6.6893997,-3.016694,5.671864,0.893085,0.26267207,1.1533136
1579.0,-6.6870055,-2.7940333,5.8586116,0.93218035,0.24678956,1.1643091
1589.0,-6.7085533,-2.7581203,5.719748,0.97249746,0.23457226,1.1643091
1599.0,-6.7133417,-2.4971523,5.6790466,1.0030408,0.2321288,1.1557571
1611.0,-6.847417,-2.2002714,5.590461,1.0128145,0.23090707,1.1459832
1619.0,-6.861782,-2.0326772,5.5760956,0.9981538,0.21502456,1.1410962
1630.0,-6.9048777,-1.9728222,5.638345,0.9932669,0.20158553,1.1349876
1647.0,-6.955156,-1.9440918,5.645528,1.0128145,0.1966986,1.1227703
1663.0,-7.0461354,-1.7908629,5.681441,1.0409144,0.19058995,1.1093313
1663.0,-7.0102224,-1.4437037,5.638345,1.0592403,0.19058995,1.0946705
1674.0,-7.0964136,-1.2042835,5.6335564,1.0384709,0.19425514,1.0897835
1682.0,-7.079654,-1.0821792,5.6551046,0.98715824,0.19425514,1.0983357
2118.0,-7.0605006,-1.151611,5.6790466,0.93951076,0.20158553,1.1081096
2118.0,-7.055712,-1.151611,5.5976434,0.9101892,0.21624629,1.102001
2118.0,-7.086837,-0.9935937,5.580884,0.89919364,0.21746802,1.0836749
2119.0,-7.1059904,-0.6871359,5.5162406,0.893085,0.21502456,1.065349
2119.0,-7.2185183,-0.48123455,5.401319,0.87598073,0.21868975,1.0519099
2119.0,-7.2711906,-0.28491,5.363012,0.84788096,0.21502456,1.0409144
2119.0,-7.240066,-0.16759412,5.29358,0.8173377,0.20647246,1.0299188
2119.0,-7.225701,-0.21547815,5.2648497,0.8014552,0.20525073,1.0152581
2119.0,-7.2185183,-0.25857377,5.3821654,0.8014552,0.20769419,1.0005972
2119.0,-7.1514807,-0.18674773,5.4085016,0.8038987,0.21624629,0.9859365
2119.0,-7.1490865,-0.031124622,5.4085016,0.7965683,0.22235495,0.9786061
2119.0,-7.1227503,0.07182605,5.4444146,0.7806858,0.22357668,0.9761627
2119.0,-7.1371155,0.23942018,5.3438582,0.3371976,0.22357668,0.48991394
2119.0,-7.843405,3.0310593,3.9959226,0.5045747,0.21380283,0.55955255
2131.0,-7.3525934,3.4045548,4.7405195,0.48502702,0.20891592,0.5363397
2131.0,-7.4148426,3.4596214,4.594473,0.4813618,0.2125811,0.5180137
2131.0,-7.491457,3.5362358,4.5657425,0.4801401,0.20525073,0.50579643
2131.0,-7.503428,3.6894648,4.6040497,0.47891834,0.19914207,0.48991394
2135.0,-7.4268136,3.8139634,4.560954,0.46792278,0.19058995,0.48502702
2205.0,-7.410054,3.881001,4.4580035,0.43371433,0.20647246,0.49846604
2205.0,-7.455544,3.8786068,4.4675803,0.38728857,0.2125811,0.50946164
2205.0,-7.513005,3.892972,4.4316673,0.34574974,0.21013765,0.50335294
2205.0,-7.513005,3.904943,4.43885,0.31520647,0.20769419,0.48502702
2205.0,-7.4842744,4.0462008,4.390966,0.28588495,0.20158553,0.4654793
2205.0,-7.565677,4.074931,4.2760444,0.25778514,0.19425514,0.44593164
2205.0,-7.5704656,4.1659107,4.220978,0.23335053,0.18448131,0.4288274
2215.0,-7.503428,4.1826706,4.1706996,0.204029,0.17592919,0.4166101
2224.0,-7.4268136,4.2640734,4.110844,0.18570304,0.16982053,0.40683624
2235.0,-7.4507556,4.232949,4.2185836,0.18448131,0.1563815,0.40194935
2245.0,-7.4004774,4.2544966,4.225766,0.1881465,0.14538592,0.40439278
2255.0,-7.3406224,4.259285,4.060566,0.20891592,0.13805555,0.40317106
2264.0,-7.445967,4.235343,4.06296,0.25045475,0.13439035,0.39584067
2276.0,-7.441179,4.2880154,4.0557775,0.3042109,0.12095132,0.3933972
2284.0,-7.393295,4.3502645,4.0438066,0.344528,0.10751228,0.3933972
2296.0,-7.33344,4.3742065,3.9384618,0.36651915,0.095294975,0.38362336
2305.0,-7.323863,4.5082817,3.845088,0.37140608,0.0842994,0.36651915
2344.0,-7.335834,4.548983,3.9336734,0.37018433,0.062308256,0.3567453
2344.0,-7.299921,4.55856,3.809175,0.36285394,0.036651913,0.35796702
2344.0,-7.1347213,4.4939165,3.8187518,0.35185838,0.032986723,0.35308012
2344.0,-7.1610575,4.4125137,3.8594532,0.34330627,0.03176499,0.34574974
2356.0,-7.2089415,4.4843397,3.904943,0.33475417,0.018325957,0.34330627
2366.0,-7.1849995,4.3646297,3.8426938,0.3213151,0.0036651916,0.34574974
2376.0,-7.240066,4.572925,3.7493198,0.2968805,-0.0012217305,0.3481932
2387.0,-7.3047094,4.5154643,3.7134068,0.26511553,-0.0036651916,0.34697145
2398.0,-7.3310456,4.608838,3.8043866,0.24923302,-0.010995574,0.3323107
2407.0,-7.3190746,4.6806645,3.8402996,0.25411993,-0.021991149,0.3200934
2417.0,-7.2448545,4.733337,3.8426938,0.27977628,-0.02565634,0.31520647
2429.0,-7.1945763,4.9081135,3.8642416,0.3213151,-0.030543262,0.30909783
2439.0,-7.1490865,4.8985367,3.8594532,0.35430184,-0.039095376,0.30665436
2447.0,-7.1083846,4.8865657,3.8187518,0.37384954,-0.040317107,0.2932153
2461.0,-7.1634517,4.996699,3.7828386,0.38728857,-0.04153884,0.27488935
2470.0,-7.165846,5.0421886,3.7493198,0.3848451,-0.047647487,0.2724459
2478.0,-7.1275387,5.104438,3.7732618,0.35796702,-0.04886922,0.2687807
2489.0,-7.240066,5.121197,3.8163576,0.31887165,-0.05009095,0.24923302
2498.0,-7.2424603,5.233725,3.7684734,0.28344148,-0.05375614,0.2284636
