40.0,1.4915876,-0.4165911,9.799467,0.007330383,-0.02076942,-0.0012217305
59.0,1.9081788,0.33039984,9.765948,0.16737708,0.13072516,-0.08552113
59.0,2.078167,0.91937345,9.737218,-0.040317107,-0.24801129,-0.34574974
59.0,1.9608512,0.81642276,9.651027,-0.15271631,-0.33841935,-0.5009095
65.0,1.7262194,0.17956513,9.627085,-0.14538592,0.52412236,-0.065973446
75.0,1.6424223,-0.36870706,9.512163,-0.30543262,0.61941737,0.07452556
87.0,1.6280571,-0.79248077,9.485827,-0.45570546,0.49968776,-0.04886922
95.0,1.7238252,-0.6775591,9.483433,-0.52656585,0.36285394,-0.36285394
107.0,1.8650831,-0.45250413,9.502586,-0.5681047,0.39461896,-0.6084218
115.0,1.8626889,-0.22026655,9.509769,-0.6059783,0.4288274,-0.70616025
128.0,1.7118542,-0.18914193,9.454702,-0.65240407,0.46670106,-0.6719518
135.0,1.5658079,-0.38067806,9.442732,-0.7110472,0.49235737,-0.59620446
147.0,1.4987702,-0.6344634,9.41879,-0.7819075,0.50823987,-0.5656612
156.0,1.5275006,-0.78529817,9.406818,-0.86498517,0.5143485,-0.60231316
166.0,1.5849615,-0.80445176,9.289502,-0.9578367,0.53023106,-0.66828656
176.0,1.5179238,-0.8475474,9.332599,-1.0592403,0.5497787,-0.72082096
186.0,1.3670892,-1.0749966,9.3182335,-1.1765264,0.5742133,-0.73548174
197.0,1.2761095,-1.400608,9.500193,-1.2913691,0.6010914,-0.71959925
208.0,1.1420342,-1.5275006,9.471462,-1.382999,0.6291912,-0.6988298
217.0,1.103727,-1.6160861,9.378088,-1.4831808,0.64873886,-0.6914995
227.0,1.0510546,-1.7597382,9.272743,-1.5858061,0.67073005,-0.7049385
236.0,0.9648633,-1.9895816,9.052477,-1.6786577,0.6817256,-0.72692966
247.0,0.93613285,-2.3391352,9.002198,-1.7947221,0.6927212,-0.7305948
256.0,0.830788,-2.5354595,8.841787,-1.9437732,0.71837753,-0.7049385
268.0,0.7445967,-2.8443117,8.789114,-2.1099286,0.74281216,-0.6805039
277.0,0.59136784,-3.0765493,8.846576,-2.2797492,0.75625116,-0.6780604
288.0,0.3854665,-3.371036,8.748413,-2.4312437,0.7611381,-0.68539083
296.0,0.30645782,-3.4284968,8.635885,-2.565634,0.75136423,-0.6780604
308.0,0.23942018,-3.5625722,8.640674,-2.7073548,0.7452556,-0.64751714
317.0,0.21308395,-3.6703112,8.516175,-2.8478537,0.74036866,-0.6047566
328.0,0.06943185,-3.8833952,8.425196,-2.973692,0.73548174,-0.5656612
337.0,-0.062249243,-4.3957543,8.312668,-3.0469959,0.7244862,-0.51923543
347.0,-0.095768064,-4.8985367,8.171411,-3.082426,0.7049385,-0.44715336
357.0,-0.22266077,-5.4683566,8.058883,-3.1105258,0.6817256,-0.3652974
367.0,-0.20590134,-5.995081,7.867347,-3.1129694,0.64873886,-0.30665436
377.0,-0.25617957,-6.315904,7.6853876,-3.0836477,0.61453044,-0.2932153
388.0,-0.40222588,-6.3901243,7.6135616,-3.0360003,0.6010914,-0.3115413
397.0,-0.40701428,-6.303933,7.443573,-3.0042353,0.59620446,-0.32986724
408.0,-0.51714754,-6.301539,7.3071036,-3.0567696,0.5839872,-0.3323107
417.0,-0.6584055,-6.6654577,7.1873937,-3.1838295,0.5448918,-0.30787608
427.0,-0.6631939,-7.204153,7.1993647,-3.3096678,0.47891834,-0.23823744
437.0,-0.6464345,-7.666234,7.091625,-3.3731978,0.4288274,-0.14905111
448.0,-0.49799395,-7.6255326,7.1826053,-3.3377676,0.41050145,-0.096516706
457.0,-0.4213795,-7.7213006,7.2544312,-3.2522466,0.4288274,-0.10629055
467.0,-0.62728083,-8.106767,7.240066,-3.0616567,0.4373795,-0.096516706
477.0,-0.78050977,-8.48984,7.07726,-2.7940977,0.41783184,0.0012217305
487.0,-0.8882488,-9.131485,6.7923503,-2.5167649,0.3933972,0.17104226
497.0,-0.80205756,-9.583989,6.5385647,-2.257758,0.37384954,0.3200934
510.0,-0.7757214,-9.583989,6.279991,-1.813048,0.38606682,0.32742378
517.0,-0.90021986,-9.476251,6.0980315,-1.813048,0.38606682,0.32742378
527.0,-1.0175357,-9.358934,5.9041014,-1.6420058,0.408058,0.28710666
537.0,-1.1252748,-9.251195,5.693412,-1.5039502,0.42638394,0.29565877
550.0,-1.412579,-9.272743,5.3965306,-1.3084733,0.44226643,0.376293
561.0,-1.460463,-9.332599,5.327099,-1.2229522,0.43860126,0.43004912
572.0,-1.3958195,-9.437943,5.2528787,-1.1362094,0.44959682,0.48624873
580.0,-1.5346833,-9.497798,5.243302,-1.0458013,0.4642576,0.5412266
591.0,-1.6089035,-9.502586,5.17387,-0.9615019,0.47891834,0.5815437
599.0,-1.7022774,-9.560047,5.085284,-0.87109387,0.49357912,0.6047566
609.0,-1.7597382,-9.497798,5.044583,-0.7672467,0.50946164,0.6243043
618.0,-1.7741034,-9.461885,4.8219223,-0.65484756,0.52778757,0.6585127
629.0,-1.8938135,-9.313444,4.7261543,-0.55955255,0.54244834,0.70371675
638.0,-1.9680338,-9.267955,4.6279917,-0.49235737,0.5558874,0.74036866
649.0,-1.9776106,-8.983045,4.5681367,-0.45081854,0.56688297,0.7623598
659.0,-2.0590134,-8.762778,4.5034933,-0.44226643,0.593761,0.77457714
669.0,-2.1260512,-8.676587,4.343082,-0.4654793,0.6169739,0.77824235
679.0,-2.3319526,-8.683769,4.237737,-0.5204572,0.62796944,0.7867944
690.0,-2.408567,-8.640674,4.0581717,-0.6010914,0.63285637,0.81245077
699.0,-2.5210943,-8.750807,4.0198646,-0.66706485,0.63407815,0.84299403
711.0,-2.6264393,-8.772355,4.0581717,-0.70005155,0.6291912,0.86254174
720.0,-2.6024973,-8.813056,4.0940847,-0.6914995,0.6267477,0.8735373
729.0,-2.6791117,-8.901642,4.072537,-0.6401868,0.6291912,0.8881981
740.0,-2.6910827,-8.892065,3.9935284,-0.5571091,0.6291912,0.9114109
752.0,-2.657564,-8.851364,3.9193082,-0.45204028,0.625526,0.9211848
761.0,-2.621651,-8.772355,3.7349546,-0.34574974,0.61941737,0.9236283
771.0,-2.753332,-8.662222,3.4955344,-0.2724459,0.6218608,0.9272934
781.0,-2.9640217,-8.59279,3.3494883,-0.24312437,0.625526,0.9260717
791.0,-3.004723,-8.595184,3.2441432,-0.2284636,0.6169739,0.9114109
803.0,-2.96881,-8.487445,3.1866825,-0.204029,0.6047566,0.8943067
813.0,-3.0310593,-8.432379,3.145981,-0.17470746,0.5888741,0.8881981
819.0,-3.074155,-8.580819,3.3039982,-0.1441642,0.56688297,0.8894198
831.0,-2.966416,-8.889671,3.2082303,-0.06963864,0.52534413,0.8894198
841.0,-2.834735,-9.033323,3.2393548,0.0842994,0.47891834,0.88331115
851.0,-2.8179753,-9.102755,3.3039982,0.3200934,0.44959682,0.8735373
860.0,-2.705448,-9.150639,3.2824504,0.59620446,0.43982297,0.86620694
873.0,-2.8203697,-9.155427,3.2010477,0.90041536,0.43127087,0.84665924
881.0,-2.9831753,-9.143456,3.0813377,1.1972959,0.43371433,0.8381071
891.0,-3.0023289,-8.971074,3.1842883,1.4257594,0.4447099,0.8503244
901.0,-3.1052797,-8.662222,3.2992098,1.5674802,0.45448375,0.8356637
912.0,-3.2441432,-8.336611,3.490746,1.6334536,0.4642576,0.79901177
921.0,-3.2872388,-7.85777,3.6727054,1.6102408,0.4801401,0.7770206
932.0,-3.478775,-7.6231384,3.8714242,1.4905112,0.48747048,0.7770206
941.0,-3.6248214,-7.4723034,3.916914,1.3096951,0.4801401,0.7831292
950.0,-3.6727054,-7.5345526,3.9839516,1.1093313,0.46181414,0.79290307
960.0,-3.7493198,-7.599196,3.8498764,0.9370673,0.43493605,0.8136725
971.0,-3.7349546,-7.8170686,3.9073372,0.829555,0.40561453,0.8368854
979.0,-3.8905778,-7.848193,3.9815574,0.79168135,0.3921755,0.86009824
990.0,-3.964798,-7.8769236,4.1132383,0.81000733,0.3885103,0.8723156
999.0,-4.0533834,-7.9008656,4.292804,0.87109387,0.37507126,0.87109387
1010.0,-4.2066126,-7.702147,4.4699745,0.95539325,0.36041048,0.86376345
1021.0,-4.2185836,-7.553706,4.5561657,1.0372492,0.36041048,0.8491027
1028.0,-4.3358994,-7.240066,4.6016555,1.0775663,0.35796702,0.8332202
1037.0,-4.4723687,-6.9383965,4.6495395,1.0665708,0.35308012,0.816116
1054.0,-4.5801077,-6.739678,4.711789,1.0115929,0.36163223,0.8038987
1057.0,-4.7764325,-6.6654577,4.7884035,0.9370673,0.36774087,0.80878556
1067.0,-4.795586,-6.6367273,4.8027687,0.8503244,0.3408628,0.83077675
1077.0,-4.8961425,-6.6295447,4.7620673,0.7611381,0.31887165,0.84788096
1088.0,-4.891354,-6.5481415,4.7070007,0.68783426,0.31031954,0.8503244
1098.0,-5.094861,-6.5098343,4.685453,0.63407815,0.2932153,0.84788096
1111.0,-5.2289367,-6.4499793,4.8219223,0.59620446,0.2919936,0.8539896
1118.0,-5.3199162,-6.634333,4.8386817,0.58276546,0.28221974,0.86376345
1128.0,-5.446809,-6.6893997,4.7884035,0.61086524,0.26267207,0.87109387
1137.0,-5.41329,-6.7013707,4.867412,0.6792821,0.2443461,0.88453287
1148.0,-5.3462524,-6.6056023,4.8027687,0.7806858,0.22235495,0.8943067
1157.0,-5.3462524,-6.4499793,4.891354,0.8881981,0.20525073,0.89552844
1169.0,-5.437232,-6.227319,4.987122,0.97494096,0.20158553,0.89675015
1178.0,-5.509058,-6.143522,5.0493712,1.0409144,0.19547687,0.90041536
1188.0,-5.647922,-6.0836663,5.032612,1.0934488,0.18692477,0.9138544
1198.0,-5.707777,-5.995081,5.1571107,1.1239921,0.17592919,0.93584555
1209.0,-5.645528,-5.741296,5.171476,1.1386528,0.16982053,0.95417154
1218.0,-5.7628436,-5.6431336,5.2049947,1.1447614,0.16737708,0.9627236
1229.0,-5.707777,-5.533,5.2409077,1.1582005,0.16982053,0.96883225
1238.0,-5.7604494,-5.351041,5.207389,1.1777482,0.1685988,0.9822713
1254.0,-5.8107276,-5.2145715,5.1379566,1.2046263,0.172264,1.0005972
1258.0,-5.8083334,-5.116409,5.1762643,1.2168436,0.17715092,1.0189233
1268.0,-5.920861,-4.999093,5.3223104,1.2278391,0.18203785,1.0262536
1278.0,-5.949591,-5.011064,5.398925,1.2437216,0.18448131,1.0311406
1289.0,-6.090849,-4.9583917,5.470751,1.2473868,0.18692477,1.0458013
1306.0,-6.1076083,-4.9320555,5.544971,1.2290609,0.19058995,1.0690142
1309.0,-6.1770406,-4.8123455,5.6551046,1.1838568,0.19792034,1.0751228
1318.0,-6.172252,-4.537012,5.7269306,1.1838568,0.19792034,1.0751228
1347.0,-6.253655,-3.9360676,5.7484784,1.142318,0.21991149,1.0677924
1347.0,-6.31351,-3.6894648,5.6766524,1.1252137,0.22479841,1.0665708
1354.0,-6.363788,-3.5098996,5.631162,1.1044444,0.23335053,1.0604621
1358.0,-6.4978633,-3.3566709,5.535394,1.0885619,0.24556783,1.0506883
1382.0,-6.555324,-3.311181,5.542577,1.0812315,0.25167647,1.0458013
1382.0,-6.682217,-3.2465374,5.5401826,1.073901,0.25534168,1.0531317
1399.0,-6.754043,-3.2369606,5.671864,1.0775663,0.26267207,1.073901
1399.0,-6.6750345,-3.1603463,5.932832,1.1081096,0.2687807,1.1007792
1424.0,-6.6750345,-3.1364043,6.081272,1.1606439,0.26267207,1.1203269
1425.0,-6.603208,-2.9951463,6.1411276,1.219287,0.25778514,1.1252137
1434.0,-6.5816603,-2.6839,6.021417,1.2681563,0.26511553,1.1117748
1438.0,-6.7109475,-2.3678656,5.9064956,1.3035865,0.2724459,1.0824533
1448.0,-6.8450227,-2.0494366,5.7508726,1.3109168,0.2846632,1.0519099
1459.0,-6.979098,-1.8100165,5.5880666,1.287704,0.2932153,1.028697
1469.0,-7.0341644,-1.6112977,5.6215854,1.2620476,0.29810223,1.0152581
1478.0,-6.9168487,-1.4293385,5.533,1.2351695,0.29565877,1.0067059
1488.0,-6.9886746,-1.1923125,5.556942,1.1960741,0.29443705,0.9969321
1499.0,-7.041347,-1.0199299,5.619191,1.1618657,0.29810223,0.98715824
1509.0,-7.0485296,-0.9672575,5.60722,1.1447614,0.29565877,0.9859365
1519.0,-7.038953,-0.89064306,5.614403,1.128879,0.2883284,0.98715824
1530.0,-7.0461354,-0.9959879,5.674258,1.1166617,0.2761111,0.97494096
1538.0,-7.1586633,-0.842759,5.6551046,1.1093313,0.26389378,0.9443977
1551.0,-7.225701,-0.60333884,5.5162406,1.1227703,0.25534168,0.9016371
1558.0,-7.216124,-0.2633622,5.403713,1.1459832,0.2443461,0.8698721
1573.0,-7.1466923,-0.1436521,5.3486466,1.1582005,0.22724187,0.86132
1579.0,-7.1873937,-0.088585466,5.21936,1.1557571,0.20647246,0.8723156
1590.0,-7.180211,-0.050278235,5.3223104,1.1496484,0.2003638,0.8784242
1619.0,-7.1993647,0.035913024,5.3678,1.1520919,0.20280726,0.87109387
1619.0,-7.249643,0.16759412,5.303157,1.1557571,0.204029,0.8552113
1619.0,-7.3047094,0.32800564,5.255273,1.1557571,0.19547687,0.84299403
1629.0,-7.33344,0.44532153,5.2600613,1.1447614,0.18203785,0.8393288
1639.0,-7.237672,0.557849,5.3007627,1.1068878,0.16371189,0.8381071
1650.0,-7.201759,0.7206547,5.327099,1.0592403,0.1441642,0.8246681
1660.0,-7.165846,0.7038953,5.3366756,1.0299188,0.13439035,0.79901177
1669.0,-7.0940194,0.79487497,5.398925,1.0140363,0.12583824,0.77213365
1680.0,-7.177817,0.90021986,5.329493,0.98837996,0.12339478,0.75136423
1691.0,-7.2951326,1.2210429,5.2504845,0.9468411,0.12339478,0.73426
1701.0,-7.2664022,1.3742718,5.1666875,0.90285885,0.12461651,0.72326446
1711.0,-7.321469,1.4101849,5.094861,0.8393288,0.12461651,0.72326446
1749.0,-7.383718,1.2186487,5.2289367,0.75869465,0.1282817,0.7281514
1749.0,-7.386112,1.2066777,5.2983685,0.6951646,0.1282817,0.7318166
1749.0,-7.299921,1.2473791,5.305551,0.66828656,0.12095132,0.73548174
1749.0,-7.335834,1.3311762,5.434838,0.67073005,0.111177474,0.73914695
1962.0,-7.297527,1.3790601,5.499481,0.6976081,0.096516706,0.74036866
1962.0,-7.1873937,1.520318,5.530606,0.7440339,0.0842994,0.73548174
1962.0,-7.1873937,1.5993267,5.425261,0.8136725,0.07574729,0.72326446
1962.0,-7.2233067,1.9129672,5.3103395,0.8894198,0.073303826,0.7098254
1962.0,-7.2472486,2.1140802,5.118803,0.96883225,0.07941248,0.7086037
1962.0,-7.2711906,2.2840683,4.996699,1.0274754,0.07941248,0.7244862
1962.0,-7.2807674,2.3582888,4.9679685,1.033584,0.080634214,0.74036866
1962.0,-7.252037,2.4181437,4.987122,0.9993755,0.08674286,0.7476991
1962.0,-7.1849995,2.4708161,5.094861,0.94806284,0.0842994,0.7440339
1962.0,-7.1371155,2.5354595,5.2049947,0.89675015,0.080634214,0.73548174
1962.0,-7.0461354,2.6671407,5.21936,0.84788096,0.0842994,0.7318166
1962.0,-7.017405,2.8993783,5.1140146,0.8014552,0.08674286,0.7305948
1962.0,-7.091625,3.0262709,5.0493712,0.7464773,0.089186326,0.73426
1962.0,-6.9862804,4.783615,3.3135753,1.0677924,0.087964594,0.61941737
1963.0,-7.005434,3.265691,5.133168,0.70738196,0.13316862,0.7305948
1963.0,-6.9240313,3.4644098,5.118803,0.766025,0.1441642,0.73426
1963.0,-6.9479733,3.5242648,5.058948,0.8002335,0.15271631,0.7476991
1963.0,-6.921637,3.632004,4.9224787,0.8002335,0.15515977,0.75747293
1973.0,-6.969521,3.7780502,4.7788267,0.77457714,0.16615535,0.75747293
2036.0,-6.9958572,3.845088,4.6902413,0.73426,0.17348573,0.7476991
2036.0,-6.8881183,3.9743748,4.6016555,0.6914995,0.172264,0.7367035
2036.0,-6.7827735,4.1036615,4.5418005,0.65118235,0.17837265,0.7257079
2036.0,-6.8785415,4.232949,4.6255975,0.6084218,0.18936823,0.71593404
2036.0,-6.811504,4.271256,4.675876,0.56199604,0.19792034,0.7147123
2036.0,-6.8043213,4.3287168,4.6495395,0.5363397,0.20280726,0.7049385
2040.0,-6.7564373,4.367024,4.685453,0.54000485,0.20525073,0.6927212
2050.0,-6.823475,4.462792,4.5561657,0.5558874,0.2003638,0.6914995
2060.0,-6.7947445,4.6662993,4.429273,0.5864306,0.19425514,0.68783426
2071.0,-6.6893997,4.759673,4.390966,0.61941737,0.18692477,0.675617
2085.0,-6.7564373,4.9703627,4.2185836,0.63285637,0.18203785,0.6597345
2090.0,-6.6606693,5.070919,4.122815,0.61819565,0.18448131,0.6462954
2100.0,-6.5936313,5.011064,4.1419687,0.5876524,0.18448131,0.63407815
2112.0,-6.694188,5.1235914,4.0916905,0.47891834,0.1881465,0.625526
2120.0,-6.7851677,5.1810527,4.0701427,0.47891834,0.1881465,0.625526
2131.0,-6.6247563,5.3725886,3.9959226,0.37751472,0.15393804,0.61575216
2140.0,-6.6295447,5.3247046,3.9983168,0.3371976,0.14660765,0.6084218
2150.0,-6.600814,5.291186,4.0198646,0.33108896,0.14172074,0.5925393
2160.0,-6.7085533,5.3725886,4.0198646,0.35308012,0.13561209,0.5839872
2172.0,-6.691794,5.475539,4.012682,0.39584067,0.12950343,0.5766568
2180.0,-6.655881,5.6215854,3.86903,0.44593164,0.118507855,0.56321776
2191.0,-6.7348895,5.7149596,3.7229836,0.48380527,0.111177474,0.54611355
2200.0,-6.5960255,5.753267,3.6032736,0.5021312,0.1001819,0.5314528
2211.0,-6.5864487,5.8346696,3.5889084,0.50335294,0.095294975,0.5180137
2221.0,-6.5457473,5.8634,3.5122938,0.49480084,0.089186326,0.50335294
2231.0,-6.5098343,5.9543796,3.4835634,0.49602258,0.0842994,0.48747048
2240.0,-6.4260373,5.9519854,3.4644098,0.5045747,0.07574729,0.47525316
2251.0,-6.4308257,5.935226,3.5889084,0.5131268,0.07574729,0.46792278
2260.0,-6.495469,6.0405707,3.6822822,0.5338962,0.07819075,0.45448375
2272.0,-6.4547677,6.160281,3.6296098,0.56077427,0.07086037,0.44348818
2282.0,-6.4643445,6.14831,3.526659,0.5717699,0.062308256,0.4361578
2292.0,-6.4260373,6.2225304,3.4261026,0.56077427,0.05497787,0.4202753
2302.0,-6.3925185,6.2823853,3.3207579,0.5338962,0.05009095,0.40317106
2315.0,-6.3781533,6.3422403,3.2154129,0.49357912,0.043982297,0.38606682
2323.0,-6.2345014,6.3422403,3.1747115,0.44959682,0.040317107,0.37507126
2332.0,-6.196194,6.291962,3.181894,0.4166101,0.032986723,0.36041048
2340.0,-6.208165,6.3230867,3.3183637,0.38240165,0.028099801,0.35430184
2373.0,-6.2249246,6.409278,3.4021606,0.37018433,0.030543262,0.34697145
2373.0,-6.241684,6.4068837,3.3494883,0.38728857,0.02321288,0.3371976
2373.0,-6.327875,6.385336,3.3063924,0.40317106,0.021991149,0.33108896
2380.0,-6.2368956,6.43322,3.1747115,0.41172317,0.017104227,0.32375857
2391.0,-6.2009826,6.4188547,3.1507695,0.408058,0.004886922,0.31520647
2402.0,-6.215348,6.5625067,3.0885203,0.3848451,-0.004886922,0.30298916
2414.0,-6.2249246,6.5337763,3.095703,0.36041048,0.0036651916,0.2883284
2423.0,-6.114791,6.493075,3.1052797,0.3494149,-0.002443461,0.27977628
2435.0,-6.1076083,6.576872,3.0358477,0.33108896,-0.0061086523,0.27855456
2443.0,-6.090849,6.6295447,3.0933087,0.29810223,-0.0036651916,0.2724459
2453.0,-6.042965,6.619968,3.1124623,0.26267207,-0.012217305,0.2602286
2464.0,-6.0621185,6.5936313,3.071761,0.23701571,-0.015882496,0.24801129
2473.0,-6.0621185,6.5720835,3.0621839,0.22235495,-0.017104227,0.23945917
2484.0,-6.208165,6.528988,3.107674,0.21502456,-0.02321288,0.23701571
2695.0,-6.0022635,6.540959,3.0789435,0.21991149,-0.02687807,0.22602014
2695.0,-6.0645127,6.600814,3.1196449,0.23823744,-0.02687807,0.20647246
2695.0,-6.0980315,6.591237,3.0573955,0.25778514,-0.02443461,0.19303341
2695.0,-6.0405707,6.6367273,3.0310593,0.28344148,-0.02443461,0.18203785
2695.0,-5.9687448,6.7348895,2.9735985,0.30298916,-0.018325957,0.172264
2695.0,-6.078878,6.6774287,3.0071173,0.3005457,-0.010995574,0.16982053
2695.0,-6.0166287,6.71813,2.896984,0.28221974,0.0,0.16737708
2695.0,-6.090849,6.730101,2.9161377,0.2687807,0.0061086523,0.1600467
2695.0,-5.9807158,6.775591,2.9161377,0.25411993,0.009773844,0.15027285
2695.0,-5.9783216,6.7803793,2.8874073,0.23335053,0.012217305,0.13927728
2695.0,-5.959168,6.847417,2.8562827,0.21624629,0.014660766,0.12339478
2695.0,-5.971139,6.861782,2.7629087,0.20158553,0.015882496,0.10629055
2695.0,-6.0046577,6.969521,2.741361,0.17348573,0.019547688,0.096516706
2695.0,0.3854665,-3.371036,8.748413,-0.44226643,0.593761,0.77457714
2695.0,-6.0597243,6.847417,2.8514943,0.18325958,0.012217305,0.07941248
2695.0,-6.105214,6.9862804,2.908955,0.2284636,0.012217305,0.081855945
2695.0,-6.0764837,7.017405,2.8443117,0.26389378,0.009773844,0.080634214
2695.0,-6.1100025,6.9719152,2.8203697,0.27122417,0.010995574,0.07819075
