31.0,2.2768857,0.011971008,9.224859,0.4654793,-0.042760566,0.3115413
50.0,2.834735,-0.095768064,9.193734,0.16126843,0.12705997,-0.05009095
50.0,2.89459,-0.2873042,9.193734,-0.030543262,-0.25900686,-0.2846632
76.0,2.6623523,-0.35194764,9.220071,-0.24556783,-0.41172317,-0.41172317
76.0,2.468422,-0.34237084,9.26556,-0.2919936,0.3848451,-0.19181168
76.0,2.4277205,-0.19632454,9.251195,-0.50823987,0.408058,-0.35430184
86.0,2.56419,-0.1412579,9.150639,-0.74036866,0.23945917,-0.5497787
93.0,2.6743233,-0.15562311,9.002198,-0.8784242,0.087964594,-0.64996064
104.0,2.7748797,-0.28491,8.916007,-0.9859365,0.1160644,-0.6817256
113.0,2.755726,-0.44771573,8.985439,-1.1129965,0.14660765,-0.7367035
124.0,2.60968,-0.5770026,8.937555,-1.2596041,0.172264,-0.79901177
133.0,2.5905263,-0.50278234,8.916007,-1.4110987,0.18325958,-0.8491027
145.0,2.585738,-0.59136784,8.949526,-1.5515977,0.19181168,-0.87964594
154.0,2.4947581,-0.7517793,9.009381,-1.6701056,0.20280726,-0.90041536
163.0,2.4061728,-0.94570965,9.018958,-1.7556267,0.21502456,-0.9211848
174.0,2.2720973,-1.0175357,9.0476885,-1.8216002,0.22724187,-0.95172805
185.0,2.171541,-1.2497733,9.093178,-1.8985692,0.23457226,-0.98715824
194.0,2.054225,-1.4939818,9.0716305,-1.9816469,0.23457226,-1.0274754
207.0,2.0039468,-1.7980455,9.011775,-2.0378466,0.22968534,-1.0677924
214.0,1.958457,-2.0494366,8.868123,-2.0683897,0.22113322,-1.1093313
224.0,1.9560628,-2.2385786,8.743625,-2.0916026,0.22235495,-1.1459832
234.0,1.8890251,-2.3989902,8.700529,-2.1209242,0.22724187,-1.17897
244.0,1.9009962,-2.4899697,8.525752,-2.1661282,0.22724187,-1.1972959
254.0,1.8291701,-2.5713725,8.401254,-2.239432,0.22357668,-1.1948525
265.0,1.8722657,-2.7269957,8.137892,-2.3408356,0.21624629,-1.1716396
274.0,1.8794483,-2.8682537,8.082825,-2.4581218,0.2125811,-1.1325442
285.0,1.9560628,-3.3063924,8.00621,-2.5705209,0.21624629,-1.0836749
294.0,1.9249382,-3.7900212,7.9008656,-2.6548204,0.21624629,-1.0311406
305.0,1.9369092,-4.343082,7.85777,-2.6988027,0.22113322,-0.99204516
314.0,1.9321208,-4.8267107,7.7811556,-2.7061331,0.2284636,-0.9822713
326.0,1.9752164,-5.056554,7.726089,-2.687807,0.23090707,-0.9981538
334.0,1.9800048,-5.281609,7.6973586,-2.6535985,0.22235495,-1.0201449
345.0,2.0278888,-5.5880666,7.6351094,-2.6132815,0.20280726,-1.0311406
354.0,2.1763294,-5.7963624,7.5680714,-2.547308,0.18692477,-1.0201449
365.0,2.2864625,-5.995081,7.505822,-2.4544566,0.17592919,-0.99204516
375.0,2.4588451,-6.184223,7.417237,-2.26631,0.17715092,-0.93584555
387.0,2.5019407,-6.4188547,7.2328835,-2.26631,0.17715092,-0.93584555
394.0,2.528277,-6.591237,7.038953,-2.207667,0.172264,-0.9089675
405.0,2.5498247,-6.801927,6.9982514,-2.1368067,0.15271631,-0.8258898
415.0,2.5689783,-6.945579,6.7013707,-2.0696115,0.12705997,-0.77091193
424.0,2.621651,-7.0940194,6.600814,-1.9706513,0.09896017,-0.7134906
435.0,2.6072857,-7.314286,6.5265937,-1.8533652,0.07086037,-0.657291
446.0,2.6767175,-7.5201874,6.567295,-1.7128662,0.039095376,-0.6072
455.0,2.789245,-7.809886,6.6630635,-1.5222762,0.0,-0.56688297
465.0,2.7820623,-7.9822683,6.6510925,-1.2938126,-0.03176499,-0.5375614
475.0,2.896984,-8.046912,6.6510925,-1.078788,-0.05009095,-0.516792
486.0,2.9520507,-7.9990277,6.6056023,-0.90285885,-0.061086524,-0.50579643
495.0,2.906561,-7.7308774,6.766014,-0.766025,-0.07819075,-0.49968776
506.0,2.9903579,-7.608773,6.8043213,-0.6731735,-0.096516706,-0.47891834
515.0,2.9257145,-7.513005,6.6774287,-0.625526,-0.112399206,-0.4373795
525.0,2.920926,-7.4004774,6.543353,-0.61453044,-0.12461651,-0.39461896
535.0,2.9041667,-7.2065473,6.4427967,-0.6401868,-0.13316862,-0.36285394
545.0,2.944868,-7.1826053,6.531382,-0.70249504,-0.15027285,-0.33353242
555.0,2.9376855,-7.369353,6.5505357,-0.77579886,-0.16371189,-0.29565877
566.0,2.9520507,-7.539341,6.531382,-0.81489426,-0.16737708,-0.25900686
578.0,2.980781,-7.7691846,6.4667387,-0.79534656,-0.1600467,-0.2443461
589.0,3.0023289,-7.740454,6.2392898,-0.7415904,-0.14660765,-0.2602286
598.0,2.9592333,-7.7189064,6.1219735,-0.6805039,-0.13316862,-0.28710666
609.0,3.0190883,-7.7093296,5.9759274,-0.6267477,-0.12217305,-0.29443705
618.0,2.8874073,-7.6614456,5.9926867,-0.5925393,-0.10995574,-0.27366763
628.0,2.870648,-7.6111674,5.9567738,-0.57787853,-0.09285152,-0.23701571
638.0,2.8898015,-7.577648,6.1243677,-0.57543504,-0.0842994,-0.19914207
649.0,2.9616275,-7.630321,6.205771,-0.59498274,-0.073303826,-0.15515977
658.0,3.1244333,-7.8027034,6.2847795,-0.6206391,-0.056199603,-0.12217305
667.0,3.1507695,-7.872135,6.2823853,-0.625526,-0.039095376,-0.111177474
678.0,3.1866825,-7.896077,6.277597,-0.6084218,-0.018325957,-0.119729586
690.0,3.122039,-7.788338,6.160281,-0.5876524,0.002443461,-0.12950343
699.0,3.1052797,-7.6590514,6.05733,-0.5705481,0.02076942,-0.12950343
707.0,3.1052797,-7.6853876,5.9567738,-0.56077427,0.034208454,-0.11484267
718.0,2.9879637,-7.759608,5.777209,-0.5375614,0.04520403,-0.09773844
728.0,3.0238767,-7.831434,5.6910176,-0.48502702,0.05497787,-0.0842994
738.0,2.9376855,-7.8745294,5.626374,-0.43004912,0.06719518,-0.07452556
748.0,3.0358477,-7.860164,5.7628436,-0.3885103,0.07574729,-0.05009095
758.0,3.0238767,-7.965509,5.8586116,-0.36163223,0.080634214,-0.013439035
768.0,2.9855695,-7.955932,5.887342,-0.3494149,0.08674286,0.019547688
779.0,3.0023289,-7.9631147,5.9448028,-0.36651915,0.096516706,0.04886922
788.0,2.942474,-8.082825,6.0621185,-0.38240165,0.09896017,0.07452556
798.0,2.8514943,-8.133103,6.232107,-0.36651915,0.096516706,0.096516706
810.0,2.7700913,-8.173804,6.411672,-0.30665436,0.10751228,0.11728613
818.0,2.6671407,-8.228871,6.4284315,-0.20769419,0.10751228,0.1441642
828.0,2.7269957,-8.281544,6.435614,-0.0842994,0.12217305,0.172264
838.0,2.8323407,-8.26239,6.4260373,0.043982297,0.14660765,0.19303341
848.0,2.882619,-8.336611,6.5265937,0.16615535,0.18081611,0.20769419
859.0,2.9113493,-8.255207,6.6606693,0.2919936,0.21991149,0.2284636
869.0,2.956839,-8.1642275,6.6846113,0.408058,0.27977628,0.25778514
878.0,2.932897,-8.106767,6.8665705,0.4972443,0.3481932,0.2761111
890.0,2.80361,-7.8649526,6.871359,0.54244834,0.4166101,0.28221974
899.0,2.7461493,-7.7308774,6.9024835,0.53878313,0.47647488,0.2883284
908.0,2.6910827,-7.7691846,6.8330517,0.50701815,0.5204572,0.30298916
919.0,2.621651,-7.8410106,6.766014,0.47036624,0.5644395,0.31398472
930.0,2.597709,-7.979874,6.751649,0.4569272,0.6010914,0.31887165
939.0,2.5713725,-8.018182,6.667852,0.45081854,0.6377433,0.3286455
948.0,2.5953147,-8.042124,6.591237,0.43249258,0.68294734,0.3494149
958.0,2.5306711,-8.121132,6.564901,0.42394048,0.71837753,0.37507126
968.0,2.5234885,-8.166622,6.5146227,0.45204028,0.75991637,0.39706242
975.0,2.4468741,-8.147469,6.505046,0.516792,0.79901177,0.4202753
988.0,2.456451,-8.075643,6.5337763,0.5815437,0.8258898,0.44837508
996.0,2.3702598,-7.9822683,6.447585,0.63041294,0.8393288,0.47036624
1007.0,2.3247697,-7.9272017,6.423643,0.657291,0.86009824,0.4801401
1016.0,2.2218192,-7.867347,6.3542113,0.6536258,0.88086766,0.48380527
1026.0,2.135628,-7.7189064,6.265626,0.6365216,0.8723156,0.47891834
1036.0,2.1212628,-7.651869,6.2704144,0.6096435,0.87964594,0.47403142
1047.0,2.078167,-7.5848308,6.385336,0.5766568,0.88331115,0.47769663
1067.0,2.0518308,-7.644686,6.4427967,0.56688297,0.88453287,0.48747048
1076.0,2.111686,-7.764396,6.5457473,0.6059783,0.8894198,0.49602258
1076.0,2.0159178,-7.8027034,6.531382,0.6939429,0.9126327,0.49602258
1086.0,2.030283,-7.762002,6.5457473,0.79168135,0.93584555,0.48502702
1096.0,1.8483237,-7.6734166,6.423643,0.8735373,0.95905846,0.46670106
1106.0,1.7908629,-7.589619,6.4547677,0.9138544,0.97249746,0.45081854
1115.0,1.7046716,-7.3071036,6.3661823,0.9114109,0.9761627,0.4447099
1125.0,1.5562311,-7.2233067,6.411672,0.8723156,0.9773844,0.44226643
1135.0,1.352724,-7.0221934,6.373365,0.8063421,0.9737192,0.44348818
1153.0,1.376666,-6.9383965,6.385336,0.71593404,0.96761054,0.44715336
1159.0,1.2306197,-6.823475,6.435614,0.61208695,0.95539325,0.45204028
1166.0,1.0175357,-6.8450227,6.5218053,0.5143485,0.9370673,0.46303585
1380.0,0.9959879,-6.88333,6.5265937,0.4092797,0.90408057,0.51068336
1380.0,0.92655605,-6.9240313,6.6510925,0.4092797,0.90408057,0.51068336
1380.0,0.82599956,-6.981492,6.7253127,0.408058,0.89675015,0.52534413
1380.0,0.6536171,-6.9719152,6.813898,0.4654793,0.88697636,0.52778757
1380.0,0.51235914,-7.1083846,6.8522053,0.54367006,0.88208944,0.5326745
1380.0,0.2777274,-7.0844426,7.1466923,0.61453044,0.8723156,0.54000485
1380.0,0.19153613,-7.0221934,7.201759,0.63529986,0.8576548,0.5534439
1380.0,0.17717093,-6.8210807,7.2113357,0.6218608,0.8564331,0.5693264
1380.0,0.045489833,-6.7947445,7.252037,0.6059783,0.86009824,0.58276546
1380.0,-0.18195933,-6.8641763,7.347805,0.5852089,0.86742866,0.5888741
1380.0,-0.34955344,-6.7827735,7.369353,0.5558874,0.86498517,0.5864306
1380.0,-0.62488663,-6.5625067,7.36217,0.52412236,0.86009824,0.5900958
1380.0,-0.7374141,-6.445191,7.393295,0.49357912,0.8527679,0.6072
1380.0,-0.8571242,-6.4164605,7.493851,0.45814893,0.84665924,0.6389651
1380.0,-1.0414777,-6.4739213,7.5920134,0.42760566,0.8381071,0.66828656
1380.0,-1.1133038,-6.495469,7.608773,0.42394048,0.82833326,0.6817256
1380.0,-1.2018893,-6.517017,7.6973586,0.44837508,0.8210029,0.68416905
1380.0,-1.4580688,-6.631939,7.690176,0.4813618,0.81245077,0.689056
1381.0,-1.5634137,-6.4882865,7.8266454,0.5180137,0.8014552,0.70371675
1381.0,-1.7597382,-6.447585,7.893683,0.56199604,0.7831292,0.72326446
1381.0,-1.7429788,-6.4068837,7.953538,0.6133087,0.75991637,0.75502944
1398.0,-1.7669208,-6.2368956,7.9272017,0.6792821,0.73914695,0.79168135
1398.0,-1.673547,-6.2584434,7.855376,0.74036866,0.72204274,0.8258898
1411.0,-1.7549498,-6.160281,7.785944,0.7819075,0.7171558,0.8454375
1429.0,-1.7645266,-6.1411276,7.7907324,0.79779,0.72204274,0.84788096
1429.0,-1.8004397,-6.0716953,7.750031,0.78801614,0.7281514,0.84299403
1450.0,-1.8722657,-6.0166287,7.6973586,0.752586,0.73426,0.8381071
1450.0,-1.9177556,-5.849035,7.7308774,0.7049385,0.73914695,0.829555
1471.0,-2.1308396,-5.6982,7.81228,0.6536258,0.73426,0.8185594
1471.0,-2.2457612,-5.5497594,7.762002,0.59620446,0.71837753,0.8246681
1475.0,-2.3008277,-5.535394,7.73806,0.5534439,0.70249504,0.8539896
1488.0,-2.4061728,-5.48751,7.795521,0.54000485,0.68416905,0.8918633
1496.0,-2.2601264,-5.57849,7.7787614,0.56199604,0.6658431,0.91751957
1506.0,-2.2361844,-5.439626,7.726089,0.6059783,0.657291,0.92485
1516.0,-2.3750482,-5.461174,7.627927,0.657291,0.6646214,0.91874135
1527.0,-2.4420857,-5.377377,7.6470804,0.71837753,0.67073005,0.9089675
1536.0,-2.554613,-5.267244,7.666234,0.7672467,0.6768387,0.89919364
1546.0,-2.6001031,-5.106832,7.5968018,0.7892379,0.68661255,0.893085
1556.0,-2.8275523,-5.032612,7.668628,0.7831292,0.689056,0.8943067
1566.0,-2.846706,-4.996699,7.711724,0.7538077,0.69027776,0.90285885
1576.0,-2.815581,-4.8722005,7.704541,0.7171558,0.6939429,0.9126327
1588.0,-2.7365725,-4.8362875,7.7189064,0.6792821,0.6988298,0.92485
1596.0,-2.8107927,-4.855441,7.630321,0.6450737,0.70249504,0.93218035
1608.0,-2.9281087,-4.7644615,7.690176,0.6243043,0.7110472,0.9297369
1617.0,-3.1196449,-4.572925,7.541735,0.6096435,0.7098254,0.93218035
1628.0,-3.2968156,-4.5561657,7.529764,0.5876524,0.70616025,0.9456194
1638.0,-3.3686419,-4.477157,7.513005,0.56688297,0.7049385,0.9663888
1650.0,-3.514688,-4.4244847,7.565677,0.56077427,0.7012733,0.98349303
1658.0,-3.5482068,-4.31914,7.5441294,0.56688297,0.6963864,0.98715824
1670.0,-3.5122938,-4.1946416,7.529764,0.58276546,0.6939429,0.98349303
1680.0,-3.6463692,-4.072537,7.3789296,0.59131753,0.6963864,0.97494096
1689.0,-3.7804444,-3.9432502,7.515399,0.58032197,0.6939429,0.9639453
1699.0,-3.9432502,-3.7110126,7.5106106,0.5534439,0.68661255,0.9602802
1711.0,-4.0821137,-3.5697548,7.553706,0.51923543,0.6719518,0.9663888
1719.0,-4.232949,-3.4763808,7.4363904,0.48747048,0.6585127,0.9773844
1732.0,-4.2521024,-3.4620156,7.479486,0.45570546,0.6462954,0.9859365
1741.0,-4.2521024,-3.3087866,7.457938,0.43004912,0.6377433,0.9932669
1749.0,-4.3119574,-3.2800562,7.469909,0.43493605,0.62796944,0.9969321
1772.0,-4.4196963,-3.2800562,7.541735,0.4654793,0.61575216,0.9944886
1772.0,-4.5034933,-3.2249897,7.443573,0.5009095,0.6072,0.98837996
1795.0,-4.4963107,-3.0214825,7.419631,0.52778757,0.60231316,0.9773844
1795.0,-4.644751,-2.7700913,7.395689,0.53023106,0.59620446,0.96883225
1798.0,-4.759673,-2.6767175,7.393295,0.5021312,0.59131753,0.9761627
1808.0,-4.8027687,-2.597709,7.371747,0.46670106,0.5815437,0.9932669
1818.0,-4.9344497,-2.5809495,7.465121,0.43127087,0.5656612,1.0115929
1843.0,-4.9583917,-2.6551697,7.529764,0.40439278,0.54611355,1.0177015
1843.0,-5.0996494,-2.554613,7.553706,0.4007276,0.52778757,1.0103711
1847.0,-5.0302176,-2.4109612,7.5561004,0.41538838,0.5119051,0.9981538
1899.0,-5.08289,-2.3247697,7.5201874,0.44226643,0.49968776,0.9957104
1899.0,-5.023035,-2.3295584,7.36217,0.47403142,0.49235737,0.9969321
1899.0,-5.068525,-2.2266076,7.2233067,0.50335294,0.49357912,0.99204516
1899.0,-5.1906295,-2.0374656,7.144298,0.53023106,0.49846604,0.9786061
1899.0,-5.2744265,-1.8291701,7.1634517,0.5546656,0.5021312,0.9761627
1908.0,-5.2648497,-1.7621324,7.1251445,0.5742133,0.4972443,0.99082345
1918.0,-5.3199162,-1.6783354,7.2233067,0.59498274,0.48747048,1.0067059
1927.0,-5.3606176,-1.553837,7.1634517,0.61453044,0.47769663,1.0091494
1936.0,-5.4204726,-1.4460979,7.189788,0.6133087,0.47403142,1.0115929
1948.0,-5.3845596,-1.4700398,7.165846,0.5925393,0.47036624,1.0164797
1958.0,-5.566519,-1.2808979,7.0126166,0.5656612,0.46914452,1.0201449
1967.0,-5.604826,-1.103727,6.9623384,0.5375614,0.4654793,1.0189233
1977.0,-5.781997,-1.0007763,6.9144545,0.51068336,0.44715336,1.0238101
1988.0,-5.839458,-0.91219085,6.9719152,0.51068336,0.44715336,1.0238101
1999.0,-5.791574,-0.8403648,6.8905125,0.54367006,0.4373795,1.0189233
2008.0,-5.791574,-0.770933,6.789956,0.5864306,0.43493605,1.0128145
2018.0,-5.8681884,-0.62009823,6.7588315,0.6450737,0.44104472,0.98471475
2028.0,-5.9184666,-0.272939,6.7253127,0.6536258,0.44104472,0.97249746
2038.0,-6.1626754,-0.110133275,6.6079965,0.6462954,0.43371433,0.9627236
2047.0,-6.3302693,-0.0023942017,6.6271505,0.6133087,0.4288274,0.9578367
2057.0,-6.4404025,0.15801731,6.6415157,0.5705481,0.4166101,0.9492846
2068.0,-6.4763155,0.30885202,6.4858923,0.52656585,0.39950588,0.9370673
2077.0,-6.397307,0.58418524,6.2512608,0.48380527,0.38362336,0.9224065
2090.0,-6.43322,0.7015011,6.1626754,0.4373795,0.3640757,0.9077458
2098.0,-6.5864487,0.8571242,5.9878983,0.39706242,0.33841935,0.893085
2108.0,-6.71813,0.92655605,5.985504,0.38606682,0.29565877,0.87964594
2119.0,-6.6893997,0.9768343,6.0740895,0.40683624,0.24801129,0.8723156
2130.0,-6.7205243,1.0031705,6.291962,0.4654793,0.20158553,0.8723156
2139.0,-6.6367273,1.1492168,6.4643445,0.5571091,0.15760323,0.8784242
2150.0,-6.4763155,1.163582,6.50744,0.6365216,0.12461651,0.8918633
2159.0,-6.3230867,1.1133038,6.612785,0.68416905,0.105068825,0.9016371
2169.0,-6.363788,1.091756,6.7348895,0.71593404,0.095294975,0.8918633
2180.0,-6.3781533,1.1540052,6.993463,0.7538077,0.08307768,0.86742866
2192.0,-6.31351,1.2282255,6.9767036,0.8014552,0.06963864,0.8503244
2200.0,-6.31351,1.316811,6.981492,0.8539896,0.06841691,0.8356637
2243.0,-6.227319,1.436521,6.9024835,0.8979719,0.073303826,0.8173377
2243.0,-6.244078,1.5562311,6.6654577,0.9053023,0.081855945,0.80878556
2243.0,-6.3111157,1.6759412,6.5840545,0.8723156,0.10873401,0.8026769
2243.0,-6.3326635,1.7980455,6.6367273,0.82344633,0.12583824,0.79779
2250.0,-6.4044895,1.9297266,6.603208,0.7611381,0.14905111,0.8026769
2260.0,-6.421249,1.9560628,6.588843,0.6976081,0.16737708,0.80878556
2270.0,-6.361394,2.042254,6.619968,0.65118235,0.18570304,0.81245077
2279.0,-6.3087215,2.0518308,6.5960255,0.6206391,0.20891592,0.81245077
2290.0,-6.2392898,2.0949266,6.6391215,0.6010914,0.22724187,0.8063421
2299.0,-6.241684,2.1667526,6.5696893,0.5864306,0.24190263,0.79168135
2311.0,-6.256049,2.2649148,6.4643445,0.5656612,0.27000242,0.77457714
2319.0,-6.3087215,2.4899697,6.3925185,0.53878313,0.2919936,0.7672467
2331.0,-6.373365,2.5234885,6.3446345,0.50823987,0.30909783,0.7648033
2341.0,-6.4140663,2.657564,6.131551,0.47158796,0.32986724,0.7648033
2350.0,-6.38773,2.6647465,6.069301,0.44104472,0.34330627,0.75625116
2360.0,-6.4404025,2.717419,6.0477533,0.41416663,0.35185838,0.7452556
2372.0,-6.3422403,2.8107927,6.0166287,0.38606682,0.37018433,0.7367035
2380.0,-6.2704144,2.9400797,5.98311,0.37140608,0.38606682,0.72204274
2391.0,-6.2608376,2.954445,5.913678,0.36651915,0.40317106,0.7049385
2400.0,-6.3566055,2.9640217,5.8107276,0.36774087,0.41172317,0.69027776
2412.0,-6.4140663,3.016694,5.7628436,0.37995818,0.41783184,0.6743952
2421.0,-6.3422403,3.1316159,5.7748146,0.40439278,0.41905355,0.6585127
2431.0,-6.3829417,3.2441432,5.6886234,0.42638394,0.41416663,0.64996064
2440.0,-6.411672,3.3782187,5.580884,0.43982297,0.40683624,0.6389651
2453.0,-6.3589997,3.5410242,5.6000376,0.44593164,0.41416663,0.625526
2461.0,-6.2632318,3.5098996,5.461174,0.45937067,0.40439278,0.6133087
2472.0,-6.208165,3.6224272,5.4539914,0.4642576,0.41050145,0.6047566
2480.0,-6.244078,3.6272156,5.4180784,0.44837508,0.40317106,0.6072
2492.0,-6.2728086,3.6511576,5.329493,0.41416663,0.40317106,0.6010914
2502.0,-6.2488666,3.7900212,5.195418,0.3811799,0.3933972,0.5815437
2510.0,-6.3542113,3.8235402,5.2049947,0.344528,0.37995818,0.5705481
