20.0,2.7748797,-0.93852705,9.428367,0.3481932,-0.04886922,0.18570304
32.0,2.7748797,-0.93852705,9.428367,0.3481932,-0.04886922,0.18570304
46.0,2.9113493,-1.496376,9.241618,0.16126843,0.12950343,-0.09040806
47.0,2.7964275,-1.5011644,9.287108,-0.058643065,-0.24923302,-0.27855456
57.0,2.7269957,-1.5921441,9.105149,-0.40194935,-0.3652974,-0.35308012
67.0,2.6719291,-1.4796166,8.99741,-0.5839872,0.4654793,-0.064751714
78.0,2.731784,-1.388637,8.791509,-0.9236283,0.5290093,-0.13927728
87.0,2.6767175,-1.3072342,8.710106,-1.3048081,0.3933972,-0.25778514
98.0,2.6910827,-1.4269443,8.441956,-1.5992452,0.25411993,-0.3359759
107.0,2.7030537,-1.6376339,8.293514,-1.9156734,0.27855456,-0.3555236
119.0,2.6886885,-1.9249382,8.152257,-2.2870796,0.30543262,-0.37507126
127.0,2.6743233,-2.4851813,8.090008,-2.6584857,0.33108896,-0.38973203
140.0,2.6910827,-2.9281087,7.965509,-3.1972687,0.3652974,-0.39461896
147.0,2.7030537,-3.6104562,7.8984714,-3.1972687,0.3652974,-0.39461896
158.0,2.6599581,-4.4244847,7.675811,-3.4147367,0.408058,-0.40683624
169.0,2.6288335,-4.6926355,7.5345526,-3.4342844,0.4251622,-0.43982297
178.0,2.5139117,-4.781221,7.314286,-3.4416149,0.4373795,-0.4801401
188.0,2.4827871,-4.9440265,7.2089415,-3.4941492,0.44715336,-0.5045747
199.0,2.2936451,-5.2863975,6.991069,-3.5906658,0.44715336,-0.49968776
208.0,2.2409728,-5.7005944,6.835446,-3.6798522,0.4373795,-0.47769663
219.0,2.1499932,-6.042965,6.7731967,-3.7519343,0.4251622,-0.4569272
228.0,2.123657,-6.3326635,6.615179,-3.8093557,0.41172317,-0.44837508
239.0,2.111686,-6.4523735,6.3470287,-3.876551,0.4007276,-0.45204028
248.0,2.0231004,-6.7588315,6.131551,-3.9498546,0.3921755,-0.46303585
259.0,2.0015526,-7.1155677,5.9567738,-3.9742892,0.3640757,-0.47525316
268.0,1.9632454,-7.3789296,5.631162,-3.957185,0.3286455,-0.47769663
278.0,1.8770541,-7.728483,5.535394,-3.9009855,0.30176744,-0.4642576
289.0,1.8483237,-7.85777,5.5042696,-3.780034,0.27855456,-0.44593164
298.0,1.8842367,-7.908048,5.437232,-3.5906658,0.26145032,-0.42638394
308.0,1.9297266,-7.843405,5.2480903,-3.3719761,0.24312437,-0.40561453
319.0,1.9776106,-7.81228,4.8626237,-3.167947,0.21380283,-0.3811799
328.0,1.9081788,-8.056489,4.584896,-3.0176742,0.18081611,-0.344528
339.0,1.8698715,-8.465898,4.225766,-2.905275,0.13805555,-0.2846632
348.0,1.8267759,-8.949526,4.0533834,-2.801428,0.087964594,-0.2125811
358.0,1.9608512,-9.251195,3.8977604,-2.6939158,0.059864793,-0.15515977
368.0,2.0254946,-9.215282,3.763685,-2.5851817,0.04642576,-0.14782938
379.0,2.0207062,-9.095572,3.6631286,-2.5057693,0.052534413,-0.18692477
388.0,2.0590134,-9.131485,3.560178,-2.4507914,0.047647487,-0.2321288
398.0,1.9057846,-9.184157,3.4644098,-2.3945918,0.03176499,-0.25167647
408.0,1.9871874,-9.263166,3.3638535,-2.3139575,0.017104227,-0.2406809
418.0,2.0350714,-9.421184,3.241749,-2.2308798,0.002443461,-0.2125811
428.0,2.1308396,-9.531317,3.095703,-2.1539109,-0.010995574,-0.18570304
440.0,2.183512,-9.595961,2.9999347,-2.0916026,-0.010995574,-0.172264
448.0,2.2337902,-9.742006,2.789245,-2.0341814,-0.0061086523,-0.17470746
458.0,2.1859062,-9.80665,2.6192567,-1.9608774,-0.002443461,-0.18448131
468.0,2.1452048,-9.952697,2.3942018,-1.8753563,0.002443461,-0.18203785
478.0,2.195483,-10.06283,2.2002714,-1.7800614,0.0061086523,-0.16249016
488.0,2.111686,-10.007763,2.0853498,-1.6566665,0.013439035,-0.15760323
499.0,2.1164744,-9.957485,1.8722657,-1.5149459,0.02443461,-0.172264
508.0,2.1404164,-9.842564,1.8124107,-1.3903292,0.042760566,-0.17837265
518.0,1.9991584,-9.689334,1.7046716,-1.3121386,0.0720821,-0.15760323
528.0,2.1068976,-9.672575,1.6376339,-1.2889256,0.08674286,-0.12705997
539.0,2.0494366,-9.902418,1.5562311,-1.2938126,0.09040806,-0.11362094
548.0,1.9728222,-10.2735195,1.5442601,-1.2864822,0.087964594,-0.105068825
563.0,1.9895816,-10.584765,1.4748282,-1.2156218,0.095294975,-0.087964594
572.0,1.9776106,-10.94629,1.4628572,-1.0360274,0.10262536,-0.0720821
582.0,1.9512744,-11.056423,1.3455414,-0.766025,0.12705997,-0.056199603
592.0,1.9967642,-10.87207,1.2689269,-0.4569272,0.14538592,-0.042760566
602.0,2.018312,-10.702082,1.055843,-0.16982053,0.16126843,-0.037873644
611.0,2.0015526,-10.350134,0.9576807,0.021991149,0.172264,-0.02321288
622.0,1.934515,-10.271125,0.9864111,0.09040806,0.18692477,0.010995574
632.0,1.8052281,-10.0508585,0.92655605,0.07574729,0.18570304,0.043982297
643.0,1.7357962,-10.232818,1.0007763,0.015882496,0.17470746,0.06841691
650.0,1.8076223,-10.2495775,0.9911995,-0.06841691,0.1600467,0.10140363
662.0,1.8626889,-10.335769,0.9528923,-0.14782938,0.13683382,0.14782938
673.0,1.9273324,-10.520123,0.9888053,-0.19303341,0.12217305,0.19181168
683.0,1.9991584,-10.7116585,0.92416185,-0.19181168,0.11362094,0.22602014
691.0,1.9393034,-10.601525,0.8834604,-0.16126843,0.11362094,0.2565634
701.0,1.9416976,-10.520123,0.8690952,-0.10629055,0.12339478,0.28099802
712.0,1.8746599,-10.371682,0.7206547,-0.052534413,0.13072516,0.29932398
722.0,1.8435353,-10.199299,0.7469909,-0.02687807,0.12583824,0.32986724
731.0,1.8219875,-10.251971,0.7374141,-0.008552114,0.11728613,0.37140608
743.0,1.8650831,-10.3214035,0.80684596,0.02321288,0.112399206,0.4166101
752.0,1.7238252,-10.328587,0.8403648,0.065973446,0.118507855,0.45081854
762.0,1.6759412,-10.170568,0.9864111,0.105068825,0.14049901,0.46181414
771.0,1.5993267,-10.105926,0.9744401,0.13194689,0.13927728,0.46670106
780.0,1.5514427,-10.18254,0.9792285,0.15027285,0.1282817,0.4886922
790.0,1.6472107,-10.18254,0.94331545,0.16982053,0.12339478,0.52778757
802.0,1.541866,-10.268731,0.82121116,0.2003638,0.12217305,0.5681047
809.0,1.6160861,-10.261548,0.81163436,0.2284636,0.13072516,0.59742624
820.0,1.5729905,-10.093954,0.7589619,0.22602014,0.15882497,0.61941737
829.0,1.4101849,-10.089166,0.8834604,0.19792034,0.18570304,0.63407815
841.0,1.3239936,-10.192117,0.81642276,0.16126843,0.19547687,0.64751714
849.0,1.2952632,-10.232818,0.8858546,0.12705997,0.20280726,0.6731735
865.0,1.3215994,-10.287885,0.8690952,0.12095132,0.204029,0.70005155
869.0,1.2808979,-10.287885,0.89782566,0.14538592,0.21380283,0.72082096
882.0,1.2090719,-10.381259,0.9840169,0.1881465,0.22113322,0.73426
888.0,1.0414777,-10.352529,0.9935937,0.24190263,0.22724187,0.74281216
899.0,0.9840169,-10.225636,1.0055647,0.2883284,0.22357668,0.75747293
909.0,0.8690952,-10.108319,0.93852705,0.29077184,0.21746802,0.7855727
921.0,0.8403648,-10.077195,0.8403648,0.2565634,0.18203785,0.8185594
929.0,0.8571242,-10.247183,0.82360536,0.20891592,0.16737708,0.85154617
940.0,0.8619126,-10.424355,0.7182605,0.20280726,0.14905111,0.9297369
948.0,0.7445967,-10.503363,0.8571242,0.20280726,0.14905111,0.9297369
958.0,0.79487497,-10.498574,0.91937345,0.2565634,0.15882497,0.9407325
968.0,0.7278373,-10.338163,1.0271125,0.31887165,0.17470746,0.9334021
980.0,0.6751649,-10.275913,1.091756,0.3640757,0.18081611,0.9285152
988.0,0.56982,-10.254366,1.1659763,0.3726278,0.18692477,0.9456194
998.0,0.5506664,-10.295067,1.1803415,0.35308012,0.19303341,0.96883225
1008.0,0.4357447,-10.247183,1.1013328,0.32498032,0.19181168,0.9896017
1018.0,0.39264908,-10.2495775,1.1180922,0.28955013,0.19303341,1.0213667
1028.0,0.29209262,-10.244789,1.0845734,0.20158553,0.20280726,1.0848967
1041.0,0.12689269,-10.295067,1.1444284,0.172264,0.2003638,1.105666
1048.0,-0.031124622,-10.25676,1.2138603,0.17837265,0.20769419,1.1142182
1058.0,-0.15083471,-10.3214035,1.1707647,0.22479841,0.21380283,1.1068878
1068.0,-0.24899697,-10.156203,1.2186487,0.28588495,0.21380283,1.1068878
1095.0,-0.34715924,-10.089166,1.3694834,0.33475417,0.2125811,1.1227703
1095.0,-0.32321724,-10.120291,1.484405,0.36774087,0.20769419,1.1447614
1102.0,-0.533907,-10.093954,1.4748282,0.39950588,0.20280726,1.1630874
1108.0,-0.6440403,-10.036493,1.400608,0.43860126,0.20647246,1.1801916
1132.0,-0.82121116,-9.964667,1.4700398,0.46914452,0.21380283,1.2021828
1132.0,-0.90979666,-9.91439,1.5442601,0.47647488,0.21991149,1.2168436
1156.0,-1.0319009,-9.885659,1.5705963,0.47403142,0.21624629,1.2131784
1156.0,-1.0845734,-9.892841,1.6041151,0.46914452,0.20891592,1.2046263
1159.0,-1.1587936,-9.837775,1.6927006,0.48380527,0.19303341,1.1972959
1168.0,-1.2018893,-9.773131,1.6519991,0.51923543,0.17592919,1.1924089
1258.0,-1.3479356,-9.782708,1.6543933,0.5742133,0.16493362,1.187522
1258.0,-1.5011644,-9.7563715,1.6304513,0.6414085,0.16371189,1.1814134
1258.0,-1.6591818,-9.581595,1.7238252,0.7049385,0.16737708,1.1765264
1258.0,-1.7860745,-9.3733,1.8004397,0.7452556,0.16371189,1.174083
1258.0,-1.910573,-9.337387,1.8818425,0.7318166,0.16126843,1.1838568
1258.0,-1.9129672,-9.358934,1.9656396,0.6646214,0.1600467,1.1960741
1258.0,-1.9919758,-9.289502,2.0614076,0.5815437,0.15515977,1.1936307
1258.0,-2.0973208,-9.287108,2.0638018,0.5204572,0.15393804,1.174083
1258.0,-2.195483,-9.212888,2.1667526,0.49602258,0.16126843,1.1582005
1281.0,-2.3080103,-9.301474,2.1571758,0.50335294,0.17104226,1.1606439
1281.0,-2.384625,-9.203311,2.2050598,0.52290064,0.18692477,1.1753048
1298.0,-2.5258827,-9.138668,2.2816741,0.5412266,0.20769419,1.1801916
1298.0,-2.5570073,-9.105149,2.2984335,0.54611355,0.22235495,1.174083
1316.0,-2.5833437,-9.035717,2.2122424,0.53023106,0.22968534,1.1716396
1361.0,-2.5953147,-8.992621,2.3175871,0.5021312,0.2406809,1.1753048
1361.0,-2.7150247,-8.889671,2.255338,0.4642576,0.25045475,1.174083
1361.0,-2.669535,-8.791509,2.2960393,0.44715336,0.25411993,1.1606439
1361.0,-2.777274,-8.63828,2.219425,0.45204028,0.26267207,1.1435398
1361.0,-2.908955,-8.532935,2.267309,0.45081854,0.2761111,1.1410962
1369.0,-3.095703,-8.322245,2.2481554,0.42638394,0.28710666,1.142318
1378.0,-3.1651347,-8.271967,2.3630772,0.37873647,0.28588495,1.1313224
1388.0,-3.2992098,-8.264784,2.3918076,0.31764993,0.2761111,1.1215485
1399.0,-3.4117374,-8.226477,2.432509,0.267559,0.25778514,1.1166617
1412.0,-3.5577838,-8.389283,2.5019407,0.27855456,0.23823744,1.110553
1419.0,-3.667917,-8.463503,2.4277205,0.35308012,0.21868975,1.0995574
1429.0,-3.6894648,-8.379706,2.4612393,0.45814893,0.19914207,1.0922271
1440.0,-3.6224272,-8.317456,2.4061728,0.5644395,0.17715092,1.0824533
1448.0,-3.715801,-8.0684595,2.3918076,0.6401868,0.16371189,1.0665708
1460.0,-3.8618474,-7.967903,2.4396915,0.6536258,0.15027285,1.0506883
1468.0,-4.0174704,-7.869741,2.5833437,0.6084218,0.13194689,1.0348058
1479.0,-4.19943,-7.872135,2.5570073,0.5522222,0.11362094,1.0213667
1489.0,-4.3718123,-7.7907324,2.6527755,0.52778757,0.089186326,1.0177015
1499.0,-4.369418,-7.8170686,2.6719291,0.54733527,0.06963864,1.0225884
1509.0,-4.381389,-7.589619,2.6623523,0.6047566,0.061086524,1.0262536
1520.0,-4.453215,-7.563283,2.731784,0.6817256,0.058643065,1.0189233
1541.0,-4.5657425,-7.5920134,2.837129,0.73914695,0.057421334,1.0201449
1541.0,-4.572925,-7.419631,2.8921957,0.75625116,0.05375614,1.0323622
1549.0,-4.6136265,-7.3430166,2.9616275,0.7611381,0.05497787,1.0360274
1582.0,-4.7740383,-7.1131735,3.0262709,0.7476991,0.065973446,1.0299188
1582.0,-4.9296613,-7.0245876,3.052607,0.68539083,0.07819075,1.0274754
1582.0,-5.0637364,-6.9264255,3.0573955,0.59986967,0.081855945,1.0299188
1589.0,-5.2504845,-6.9599442,2.9017725,0.5290093,0.07819075,1.0360274
1599.0,-5.2241483,-6.8809357,2.9137435,0.48991394,0.06719518,1.0506883
1610.0,-5.2409077,-6.9767036,2.8874073,0.49357912,0.056199603,1.065349
1619.0,-5.2504845,-7.005434,3.074155,0.5326745,0.056199603,1.0763446
1656.0,-5.2648497,-6.823475,3.1268275,0.5888741,0.065973446,1.0763446
1656.0,-5.377377,-6.71813,3.1364043,0.657291,0.0720821,1.0690142
1656.0,-5.518635,-6.483498,3.1364043,0.7134906,0.07941248,1.0665708
1660.0,-5.6551046,-6.289568,3.145981,0.71837753,0.0842994,1.0824533
1679.0,-5.7125654,-6.2584434,3.169923,0.6780604,0.080634214,1.1117748
1679.0,-5.805939,-6.215348,3.169923,0.63041294,0.073303826,1.1410962
1689.0,-5.8681884,-6.363788,3.3997664,0.6047566,0.06352998,1.1582005
1700.0,-5.913678,-6.4140663,3.5458126,0.6096435,0.04886922,1.1569787
1709.0,-5.923255,-6.385336,3.6056678,0.65240407,0.037873644,1.142318
1719.0,-6.042965,-6.0956373,3.7565024,0.74281216,0.040317107,1.1252137
1729.0,-6.244078,-5.793968,3.8953662,0.8344419,0.05375614,1.1215485
1739.0,-6.375759,-5.592855,3.9264908,0.8686504,0.06352998,1.1337659
1749.0,-6.5625067,-5.2983685,3.9264908,0.8491027,0.07086037,1.1410962
1760.0,-6.6056023,-4.9679685,3.8857894,0.8014552,0.07696902,1.1276573
1769.0,-6.7229185,-4.7309427,3.8067808,0.7476991,0.07696902,1.0995574
1779.0,-6.799533,-4.594473,3.8379054,0.6719518,0.07452556,1.0726794
1789.0,-6.679823,-4.5872903,3.9671922,0.5852089,0.06841691,1.0555751
1799.0,-6.7253127,-4.7860093,4.0294414,0.52412236,0.062308256,1.0519099
1810.0,-6.7564373,-4.8482585,4.0773253,0.5131268,0.06352998,1.0543534
1821.0,-6.8689647,-4.9655743,4.1539397,0.5534439,0.06963864,1.0555751
1829.0,-6.9264255,-4.8626237,4.2161894,0.6377433,0.081855945,1.0494665
1840.0,-6.9527617,-4.6950297,4.2521024,0.7855727,0.08674286,1.0299188
1849.0,-7.007828,-4.3263226,4.19943,0.7855727,0.08674286,1.0299188
1859.0,-7.043741,-3.9791632,4.209007,0.78801614,0.095294975,1.0201449
1869.0,-7.2113357,-3.6990416,4.1180267,0.7049385,0.096516706,0.99204516
1881.0,-7.192182,-3.5936968,4.1371803,0.6414085,0.08552113,0.9798279
1890.0,-7.1730285,-3.572149,4.0773253,0.6084218,0.07819075,0.97494096
1901.0,-7.1969705,-3.6750996,4.1419687,0.61453044,0.080634214,0.98349303
1909.0,-7.311892,-3.8019924,4.271256,0.643852,0.0842994,1.0054842
1920.0,-7.335834,-3.7780502,4.465186,0.68294734,0.08552113,1.0250319
1929.0,-7.4028716,-3.4883518,4.5274353,0.7171558,0.087964594,1.0250319
1943.0,-7.429208,-3.2202013,4.5082817,0.7415904,0.087964594,1.0042624
1950.0,-7.4842744,-3.0095115,4.474763,0.7538077,0.087964594,0.9761627
1959.0,-7.5441294,-2.837129,4.369418,0.74281216,0.073303826,0.95539325
2109.0,-7.61835,-2.7365725,4.201824,0.7171558,0.057421334,0.9431759
2109.0,-7.6375036,-2.767697,4.048595,0.7134906,0.040317107,0.9334021
2109.0,-7.6375036,-2.8443117,4.132392,0.7415904,0.032986723,0.9224065
2109.0,-7.563283,-3.0214825,4.27365,0.7855727,0.036651913,0.91751957
2109.0,-7.5920134,-2.9281087,4.3526587,0.82344633,0.034208454,0.91751957
2109.0,-7.548918,-2.8562827,4.3382936,0.8503244,0.036651913,0.91874135
2109.0,-7.6135616,-2.5378537,4.3861775,0.84299403,0.047647487,0.9236283
2109.0,-7.687782,-2.2984335,4.3263226,0.784351,0.05375614,0.92485
2109.0,-7.8170686,-2.2122424,4.3239284,0.6805039,0.057421334,0.92485
2109.0,-7.836222,-2.0231004,4.3239284,0.56321776,0.05375614,0.91751957
2109.0,-7.7907324,-1.982399,4.268862,0.48258355,0.05131268,0.89919364
2109.0,-7.81228,-1.9249382,4.247314,0.44593164,0.043982297,0.88208944
2109.0,-7.867347,-1.8650831,4.261679,0.43371433,0.040317107,0.87598073
2109.0,-7.797915,-1.769315,4.295198,0.45081854,0.037873644,0.8735373
2109.0,-7.867347,-1.7238252,4.357447,0.48991394,0.035430185,0.8698721
2121.0,-7.965509,-1.6950948,4.39336,0.52412236,0.035430185,0.8686504
2130.0,-7.9607205,-1.7142484,4.5418005,0.54733527,0.039095376,0.86742866
2141.0,-7.9248075,-1.5993267,4.55856,0.5742133,0.035430185,0.86254174
2149.0,-7.893683,-1.4460979,4.5394063,0.6010914,0.028099801,0.8539896
2161.0,-7.867347,-1.1324574,4.5633483,0.6206391,0.02687807,0.85154617
2170.0,-7.872135,-1.0103531,4.5513773,0.6267477,0.02321288,0.8552113
2183.0,-7.97748,-0.91458505,4.4699745,0.6169739,0.029321533,0.8564331
2191.0,-8.101978,-0.81163436,4.465186,0.6218608,0.039095376,0.84665924
2201.0,-8.12592,-0.7613561,4.4436383,0.65484756,0.040317107,0.829555
2212.0,-8.11395,-0.7206547,4.4340615,0.6963864,0.040317107,0.8197812
2222.0,-8.00621,-0.62967503,4.5058875,0.74281216,0.040317107,0.8173377
2233.0,-8.075643,-0.49559975,4.55856,0.7965683,0.04886922,0.80756384
2245.0,-8.032547,-0.29209262,4.5418005,0.8503244,0.05009095,0.79045963
2254.0,-8.003817,-0.031124622,4.510676,0.8857546,0.04153884,0.7806858
2264.0,-7.97748,0.19632454,4.477157,0.87964594,0.043982297,0.77946407
2275.0,-8.032547,0.31603462,4.537012,0.8332202,0.04886922,0.77579886
2285.0,-8.090008,0.40940848,4.4077253,0.75625116,0.047647487,0.7684685
2294.0,-8.025364,0.47644615,4.295198,0.6792821,0.04642576,0.75625116
2303.0,-8.1402855,0.50757074,4.271256,0.6230826,0.05375614,0.7440339
2314.0,-8.1881695,0.5602432,4.307169,0.59498274,0.047647487,0.7305948
2325.0,-8.145074,0.61291564,4.321534,0.6047566,0.042760566,0.7086037
2336.0,-8.12592,0.7541735,4.295198,0.6621779,0.04153884,0.6743952
2346.0,-7.9942393,0.9744401,4.3526587,0.75747293,0.037873644,0.6414085
2355.0,-7.9104424,1.103727,4.3861775,0.8576548,0.02443461,0.6230826
2366.0,-7.884106,1.1971009,4.3622355,0.95417154,0.019547688,0.6047566
2375.0,-7.7811556,1.1348516,4.381389,1.0604621,0.017104227,0.57787853
2385.0,-7.73806,1.1492168,4.2401314,1.1630874,0.0036651916,0.5534439
2396.0,-7.9391727,1.2138603,4.158728,1.2339478,0.0036651916,0.5497787
2404.0,-7.9942393,1.3958195,4.0557775,1.2742649,-0.0012217305,0.54611355
2416.0,-7.9607205,1.5634137,4.0222588,1.2791518,-0.012217305,0.5314528
2426.0,-7.93199,1.7190368,4.0773253,1.2266175,-0.02687807,0.52412236
2435.0,-7.8984714,1.7477672,4.0677485,1.128879,-0.039095376,0.5180137
2446.0,-7.860164,1.8626889,4.1252093,1.0201449,-0.03176499,0.50701815
2455.0,-7.8769236,1.8602947,4.185065,0.9089675,-0.02687807,0.5009095
2465.0,-7.9128366,1.9177556,4.232949,0.81122905,-0.03176499,0.4886922
2473.0,-7.9391727,1.9656396,4.3023806,0.7452556,-0.02565634,0.46914452
2485.0,-7.917625,1.958457,4.4340615,0.7147123,-0.018325957,0.45448375
2494.0,-8.010999,2.0135236,4.3885717,0.71593404,-0.013439035,0.44959682
2504.0,-8.046912,1.9656396,4.3622355,0.7318166,0.002443461,0.45081854
2515.0,-8.202535,2.030283,4.39336,0.75991637,0.014660766,0.453262
