18.0,3.3039982,-2.4947581,8.0445175,-0.056199603,0.029321533,-0.007330383
33.0,3.3039982,-2.4947581,8.0445175,0.15393804,0.12461651,-0.09285152
33.0,3.3159695,-2.8658595,8.429984,-0.065973446,-0.2883284,-0.29810223
51.0,3.4715924,-2.6743233,8.540117,-0.44226643,-0.38240165,-0.5497787
52.0,3.5745432,-2.4396915,8.51857,-0.7367035,0.44226643,-0.35308012
62.0,3.4739866,-2.4277205,8.401254,-1.2449434,0.50335294,-0.45448375
74.0,3.4979286,-2.6168625,7.929596,-1.7018706,0.3640757,-0.6059783
82.0,3.4237084,-2.8538885,7.6710224,-1.8912388,0.22968534,-0.68294734
93.0,3.4644098,-3.098097,7.565677,-2.0317378,0.2687807,-0.6646214
102.0,3.4596214,-3.4500446,7.6375036,-2.2162192,0.31031954,-0.63163465
113.0,3.4452562,-3.7684734,7.6710224,-2.4190264,0.33475417,-0.6169739
123.0,3.3901896,-3.9911342,7.61835,-2.6035078,0.35185838,-0.63407815
134.0,3.2489316,-4.1826706,7.6231384,-2.7769935,0.3567453,-0.6719518
143.0,3.1723173,-4.3885717,7.4842744,-2.9553661,0.36285394,-0.6976081
153.0,3.0262709,-4.5537715,7.469909,-3.1068606,0.36163223,-0.6976081
162.0,2.9975405,-4.7070007,7.3310456,-3.2131512,0.35063666,-0.6731735
175.0,2.882619,-5.133168,7.290344,-3.273016,0.3323107,-0.6243043
182.0,2.7988217,-5.5018754,7.1514807,-3.2901201,0.30909783,-0.56199604
194.0,2.801216,-5.93762,6.9743094,-3.2803464,0.2932153,-0.51068336
202.0,2.7629087,-6.397307,6.777985,-3.2485814,0.2846632,-0.49480084
212.0,2.6551697,-6.615179,6.612785,-3.200934,0.2687807,-0.5131268
223.0,2.5737667,-6.634333,6.4308257,-3.169169,0.24190263,-0.54000485
233.0,2.4540567,-6.8929067,6.26802,-3.154508,0.20525073,-0.55955255
243.0,2.44448,-7.03177,6.081272,-3.1349604,0.1685988,-0.5681047
254.0,2.3582888,-7.1634517,5.839458,-3.0995302,0.13927728,-0.5729916
263.0,2.3439236,-7.141904,5.6790466,-3.0750957,0.118507855,-0.57910025
274.0,2.4109612,-7.252037,5.6239796,-3.0579915,0.09407325,-0.593761
283.0,2.4253263,-7.383718,5.57849,-3.0262265,0.052534413,-0.6035349
293.0,2.4851813,-7.5944076,5.5258174,-2.9529226,0.009773844,-0.5876524
303.0,2.5115175,-8.025364,5.2361193,-2.8417451,-0.015882496,-0.54611355
314.0,2.6886885,-8.008605,5.1259856,-2.814867,-0.012217305,-0.54367006
323.0,2.7461493,-8.214506,5.011064,-2.7598891,-0.007330383,-0.59742624
333.0,2.779668,-8.406042,4.9655743,-2.6316075,-0.018325957,-0.64873886
343.0,2.8323407,-8.607155,4.8722005,-2.4715607,-0.021991149,-0.65118235
353.0,2.8993783,-8.7532015,4.6495395,-2.298075,-0.02565634,-0.63163465
363.0,3.1028855,-9.011775,4.5394063,-2.1099286,-0.03176499,-0.6218608
376.0,3.1866825,-9.246407,4.3287168,-1.9156734,-0.037873644,-0.6218608
383.0,3.2992098,-9.555259,4.122815,-1.7238617,-0.030543262,-0.6291912
394.0,3.3327289,-9.579201,3.7972038,-1.5528195,-0.009773844,-0.6585127
403.0,3.3494883,-9.473856,3.608062,-1.4367551,0.017104227,-0.6927212
414.0,3.4165258,-9.160215,3.4452562,-1.3316863,0.034208454,-0.71593404
423.0,3.4596214,-9.0429,3.4500446,-1.2156218,0.035430185,-0.6976081
434.0,3.5458126,-9.040505,3.4237084,-1.1508701,0.05009095,-0.61453044
443.0,3.596091,-9.076419,3.4261026,-1.1459832,0.056199603,-0.50946164
454.0,3.5817258,-9.25359,3.3901896,-1.1484267,0.05375614,-0.44593164
463.0,3.643975,-9.526528,3.3063924,-1.1129965,0.07086037,-0.3848451
475.0,3.7181952,-9.65821,3.1651347,-1.0677924,0.09162979,-0.36896262
483.0,3.7924154,-9.832987,2.8491,-1.0091494,0.103847094,-0.35063666
495.0,3.6655228,-9.80665,2.645593,-0.956615,0.12461651,-0.31764993
503.0,3.5673606,-9.818622,2.4971523,-0.91874135,0.14049901,-0.28955013
514.0,3.4356794,-9.662998,2.291251,-0.88331115,0.14538592,-0.27122417
523.0,3.4691982,-9.591172,2.0853498,-0.8393288,0.14905111,-0.23579398
534.0,3.4691982,-9.653421,2.0638018,-0.8038987,0.15149458,-0.15271631
543.0,3.4452562,-9.832987,1.9847932,-0.77824235,0.14782938,-0.052534413
555.0,3.4021606,-10.113108,2.1260512,-0.7415904,0.14660765,0.010995574
564.0,3.3806129,-10.295067,2.2242134,-0.6646214,0.15027285,0.02687807
575.0,3.2680852,-10.266336,2.3439236,-0.5375614,0.15027285,0.017104227
583.0,3.2249897,-10.187328,2.2816741,-0.37995818,0.14172074,0.018325957
594.0,3.169923,-10.146626,2.2768857,-0.21991149,0.13316862,0.04520403
603.0,3.0765493,-10.070012,2.1547816,-0.07819075,0.12339478,0.08552113
616.0,2.9903579,-9.983821,2.099715,0.040317107,0.10140363,0.1160644
625.0,2.9592333,-9.811439,1.970428,0.1282817,0.08674286,0.14172074
636.0,3.040636,-9.605537,1.8866309,0.19181168,0.080634214,0.18081611
647.0,2.9879637,-9.610326,1.8938135,0.22479841,0.06963864,0.2406809
656.0,3.107674,-9.560047,1.958457,0.22113322,0.07086037,0.29810223
667.0,3.1052797,-9.742006,2.018312,0.19792034,0.06841691,0.3359759
678.0,3.2465374,-9.773131,2.207454,0.17104226,0.081855945,0.36896262
685.0,3.205836,-9.844957,2.4827871,0.16371189,0.10751228,0.40194935
697.0,3.2202013,-9.821015,2.6360161,0.17959438,0.11362094,0.42394048
707.0,3.205836,-9.880871,2.6144683,0.22235495,0.1160644,0.44348818
715.0,3.1268275,-9.911995,2.5378537,0.27366763,0.1282817,0.47525316
727.0,3.1387985,-9.928755,2.3822308,0.31520647,0.1441642,0.49968776
738.0,3.095703,-9.682152,2.1619642,0.31764993,0.16982053,0.50335294
747.0,3.0382419,-9.457097,2.1547816,0.27366763,0.20525073,0.535118
756.0,2.9257145,-9.49301,2.2050598,0.21502456,0.22113322,0.593761
767.0,2.9257145,-9.706094,2.3870192,0.18081611,0.21624629,0.6365216
778.0,3.0621839,-9.866506,2.5498247,0.18692477,0.22968534,0.65484756
787.0,3.040636,-9.909601,2.552219,0.21380283,0.24801129,0.6597345
797.0,3.1483753,-9.801862,2.5953147,0.23701571,0.27977628,0.6560693
804.0,3.1316159,-9.68694,2.7126305,0.24312437,0.3115413,0.66339964
815.0,2.9999347,-9.572019,2.7964275,0.2406809,0.31031954,0.69027776
826.0,2.9137435,-9.651027,2.719813,0.22357668,0.3286455,0.72326446
835.0,2.8491,-9.698911,2.6719291,0.20525073,0.34574974,0.74036866
845.0,2.7844565,-9.615114,2.5234885,0.18570304,0.36163223,0.7464773
857.0,2.695871,-9.691729,2.5091233,0.16126843,0.37507126,0.7489208
864.0,2.6599581,-9.746795,2.554613,0.1563815,0.3652974,0.7635816
879.0,2.6910827,-9.900024,2.6647465,0.19058995,0.3652974,0.79534656
884.0,2.6671407,-9.964667,2.7102363,0.24923302,0.376293,0.82833326
894.0,2.7222073,-10.01734,2.7246015,0.30909783,0.40317106,0.84665924
904.0,2.72939,-9.890448,2.7844565,0.35063666,0.42638394,0.8552113
915.0,2.8083985,-9.703699,2.8634653,0.34697145,0.44226643,0.86742866
924.0,2.566584,-9.603143,2.873042,0.31520647,0.4642576,0.8918633
934.0,2.3391352,-9.454702,2.956839,0.26511553,0.48502702,0.91996306
947.0,2.1523874,-9.428367,2.920926,0.22724187,0.48258355,0.9334021
954.0,1.8531121,-9.497798,2.8419175,0.19914207,0.47525316,0.93828905
963.0,1.7166426,-9.564836,2.8107927,0.1966986,0.4728097,0.93951076
976.0,1.6160861,-9.569624,2.8179753,0.23090707,0.4447099,0.9468411
983.0,1.685518,-9.607931,2.7940333,0.2773328,0.42760566,0.9615019
993.0,1.7621324,-9.737218,2.789245,0.32498032,0.42271876,0.9810496
1004.0,1.7262194,-9.809045,2.9161377,0.38240165,0.43493605,0.9932669
1014.0,1.6328455,-9.737218,3.0238767,0.43860126,0.44593164,0.98837996
1023.0,1.541866,-9.52174,3.071761,0.48991394,0.45448375,0.98715824
1045.0,1.412579,-9.502586,3.1794999,0.5131268,0.45937067,0.9969321
1045.0,1.2210429,-9.387665,3.2369606,0.50823987,0.44837508,1.0103711
1057.0,1.1540052,-9.469068,3.1651347,0.49235737,0.43493605,1.0128145
1065.0,1.1324574,-9.49301,2.9999347,0.48380527,0.44104472,0.9969321
1260.0,1.1109096,-9.416395,2.7820623,0.46303585,0.4654793,0.9773844
1260.0,1.079785,-9.330204,2.7269957,0.42271876,0.49235737,0.956615
1260.0,1.0582372,-9.244013,2.693477,0.37018433,0.5143485,0.9468411
1260.0,0.94331545,-9.279925,2.8538885,0.3200934,0.5412266,0.95294976
1260.0,0.94331545,-9.232041,2.966416,0.28710666,0.5693264,0.95905846
1260.0,0.7062895,-9.414001,3.1292217,0.2687807,0.5888741,0.9615019
1260.0,0.5722142,-9.49301,3.1962593,0.2846632,0.5876524,0.9639453
1260.0,0.46926352,-9.560047,3.2632968,0.33841935,0.5864306,0.9773844
1260.0,0.40462008,-9.5385,3.2848446,0.39095375,0.5852089,0.9993755
1260.0,0.32321724,-9.617508,3.2249897,0.4373795,0.58032197,1.0067059
1260.0,0.21068975,-9.634268,3.1411927,0.48747048,0.5766568,0.9993755
1260.0,0.21068975,-9.502586,3.0454245,0.52656585,0.5839872,0.9944886
1260.0,0.06943185,-9.186552,3.071761,0.52778757,0.59986967,0.9944886
1260.0,-0.19393034,-9.011775,3.098097,0.47647488,0.61208695,1.001819
1260.0,-0.4333505,-8.987833,3.1771057,0.39461896,0.6096435,1.0042624
1260.0,-0.50517654,-8.815451,3.2968156,0.3115413,0.59620446,0.9993755
1260.0,-0.60094464,-8.853758,3.359065,0.24556783,0.57787853,0.9993755
1260.0,-0.6727707,-8.858546,3.4763808,0.21013765,0.5644395,1.0177015
1260.0,-0.7589619,-8.9519205,3.6535518,0.20158553,0.54733527,1.0201449
1277.0,-0.90740246,-8.9998045,3.6894648,0.21746802,0.52778757,1.0030408
1278.0,-1.0749966,-8.9998045,3.6128504,0.25289822,0.50823987,0.99204516
1306.0,-1.2880806,-9.095572,3.6008794,0.29810223,0.48991394,0.99204516
1306.0,-1.3503298,-8.944737,3.6703112,0.33841935,0.4728097,0.98837996
1306.0,-1.364695,-8.916007,3.6487634,0.3567453,0.44837508,0.98471475
1314.0,-1.3838485,-8.892065,3.7732618,0.34574974,0.4373795,0.9773844
1324.0,-1.412579,-8.865729,3.9456444,0.34697145,0.44104472,0.95417154
1335.0,-1.4460979,-8.793902,3.9863458,0.3933972,0.47036624,0.8906415
1344.0,-1.9369092,-8.568848,3.928885,0.38362336,0.48624873,0.8686504
1354.0,-2.0901382,-8.475474,4.0940847,0.34208453,0.49113566,0.8576548
1363.0,-2.3415294,-8.360553,4.060566,0.30787608,0.46792278,0.8564331
1376.0,-2.3056161,-8.42759,4.1659107,0.30665436,0.43371433,0.86620694
1383.0,-2.1667526,-8.432379,4.2401314,0.3481932,0.4092797,0.87598073
1395.0,-2.066196,-8.544906,4.1826706,0.4166101,0.39828414,0.87964594
1407.0,-2.030283,-8.583213,4.1012673,0.4972443,0.39706242,0.86009824
1414.0,-2.1021092,-8.532935,3.8426938,0.57543504,0.39828414,0.83077675
1424.0,-2.267309,-8.305486,3.7110126,0.61941737,0.39950588,0.8197812
1434.0,-2.3535004,-8.169016,3.7565024,0.6230826,0.40194935,0.82711154
1444.0,-2.5115175,-8.185776,3.9240966,0.59620446,0.39706242,0.83199847
1455.0,-2.6503813,-8.128315,4.1060557,0.5546656,0.38362336,0.82344633
1464.0,-2.7461493,-8.121132,4.1922474,0.5180137,0.36651915,0.81489426
1474.0,-2.8299465,-8.032547,4.209007,0.48624873,0.3481932,0.81122905
1484.0,-2.9975405,-7.955932,4.1635165,0.45448375,0.3286455,0.8185594
1495.0,-3.0789435,-7.967903,4.2185836,0.4373795,0.3005457,0.8405506
1506.0,-3.1435869,-8.123527,4.1491513,0.4728097,0.2773328,0.86620694
1516.0,-3.1292217,-8.1881695,4.158728,0.5326745,0.25534168,0.8723156
1526.0,-3.1435869,-8.010999,3.9743748,0.58032197,0.25045475,0.8588765
1536.0,-3.277662,-7.8769236,3.8738184,0.59742624,0.25534168,0.8454375
1546.0,-3.4452562,-7.8290396,3.9552212,0.59742624,0.26145032,0.84299403
1556.0,-3.6463692,-7.8793178,4.1036615,0.59986967,0.25045475,0.8539896
1566.0,-3.70383,-7.8027034,4.3023806,0.6084218,0.23579398,0.8735373
1578.0,-3.7014358,-7.7093296,4.295198,0.61575216,0.2284636,0.8784242
1586.0,-3.821146,-7.541735,4.3622355,0.61819565,0.22602014,0.8698721
1596.0,-3.952827,-7.5201874,4.3957543,0.6084218,0.22113322,0.8576548
1608.0,-4.048595,-7.314286,4.378995,0.59620446,0.21746802,0.8393288
1617.0,-4.201824,-7.1586633,4.4220905,0.59131753,0.21624629,0.83199847
1668.0,-4.357447,-7.043741,4.3047748,0.5876524,0.2125811,0.8393288
1668.0,-4.4603977,-6.885724,4.2760444,0.5717699,0.21380283,0.85154617
1670.0,-4.5777135,-6.861782,4.292804,0.5510005,0.21868975,0.8539896
1670.0,-4.675876,-6.9000893,4.4005427,0.53023106,0.22235495,0.84299403
1670.0,-4.6710877,-6.8210807,4.537012,0.516792,0.2284636,0.8210029
1682.0,-4.745308,-6.859388,4.6016555,0.5131268,0.24312437,0.79290307
1684.0,-4.8219223,-6.6965823,4.642357,0.516792,0.25411993,0.75747293
1699.0,-4.7740383,-6.5840545,4.673482,0.535118,0.25900686,0.72692966
1705.0,-4.7740383,-6.5122285,4.7046065,0.55833083,0.25167647,0.7244862
1716.0,-4.6926355,-6.5098343,4.5801077,0.5681047,0.24678956,0.75625116
1726.0,-4.6375685,-6.6870055,4.5920787,0.57910025,0.22602014,0.8014552
1760.0,-4.596867,-6.9120603,4.5920787,0.6010914,0.22357668,0.83199847
1760.0,-4.5657425,-6.835446,4.5561657,0.6536258,0.2284636,0.8368854
1760.0,-4.6375685,-6.8282633,4.6710877,0.7293731,0.23579398,0.84299403
1785.0,-4.6926355,-6.8067155,4.8482585,0.7855727,0.24312437,0.86620694
1785.0,-4.805163,-6.6486983,4.939238,0.829555,0.2406809,0.8918633
1785.0,-4.807557,-6.409278,4.936844,0.8686504,0.2406809,0.906524
1794.0,-4.8482585,-6.0716953,4.9416323,0.87964594,0.2443461,0.91751957
1805.0,-4.9536033,-5.722142,4.876989,0.8332202,0.25411993,0.93584555
1816.0,-5.1475334,-5.482722,4.900931,0.73548174,0.2602286,0.9639453
1824.0,-5.3007627,-5.6120086,5.044583,0.6133087,0.25534168,0.9957104
1835.0,-5.403713,-5.8083334,5.068525,0.516792,0.25045475,1.0128145
1845.0,-5.463568,-5.7987566,5.046977,0.47769663,0.25411993,1.0079277
1857.0,-5.523423,-5.741296,5.0134583,0.48502702,0.26633725,0.98349303
1865.0,-5.6407394,-5.463568,4.9105077,0.52534413,0.27855456,0.95539325
1876.0,-5.758055,-5.221754,5.0278234,0.5864306,0.29443705,0.9309586
1884.0,-5.805939,-5.035006,5.121197,0.6401868,0.29443705,0.9224065
1895.0,-5.827487,-5.0397944,5.2026005,0.6792821,0.28955013,0.93584555
1906.0,-5.793968,-4.96318,5.255273,0.7122689,0.29443705,0.9639453
1915.0,-5.8681884,-4.8458643,5.2528787,0.7134906,0.31031954,0.98715824
1924.0,-5.973533,-4.855441,5.3127337,0.6646214,0.32375857,0.9957104
1936.0,-6.136339,-4.7429137,5.2241483,0.58032197,0.32620203,0.99082345
1947.0,-6.3063273,-4.673482,5.1235914,0.50335294,0.3286455,0.9761627
1955.0,-6.4020953,-4.498705,5.058948,0.44959682,0.32498032,0.9737192
1964.0,-6.256049,-4.4220905,5.1690817,0.43004912,0.32375857,0.99082345
1975.0,-6.26802,-4.3766007,5.3007627,0.44715336,0.33108896,1.0115929
1984.0,-6.3350577,-4.4795513,5.243302,0.4972443,0.344528,1.0250319
1995.0,-6.339846,-4.4101195,5.351041,0.5717699,0.35185838,1.0250319
2005.0,-6.421249,-4.19943,5.3558292,0.65118235,0.35063666,1.0225884
2015.0,-6.543353,-3.9264908,5.3558292,0.6988298,0.35308012,1.0372492
2025.0,-6.505046,-3.632004,5.1642933,0.6951646,0.34697145,1.0641272
2036.0,-6.555324,-3.3686419,5.0541596,0.6426302,0.3408628,1.0922271
2047.0,-6.576872,-3.3638535,4.9200845,0.54000485,0.33353242,1.1154399
2057.0,-6.55293,-3.2345665,4.9440265,0.44104472,0.3286455,1.1264355
2066.0,-6.6726403,-3.1244333,4.960786,0.37751472,0.32253686,1.1301007
2077.0,-6.7444663,-3.205836,5.035006,0.35063666,0.30787608,1.1386528
2085.0,-6.8210807,-3.3183637,4.999093,0.3555236,0.29077184,1.1545353
2119.0,-6.885724,-3.383007,5.1235914,0.41416663,0.2761111,1.1606439
2119.0,-6.919243,-3.1531637,5.0397944,0.5216789,0.25900686,1.1569787
2119.0,-6.931214,-3.0071173,4.876989,0.61453044,0.23090707,1.1569787
2131.0,-6.9838862,-2.858677,4.8338933,0.6597345,0.21991149,1.1643091
2136.0,-6.9767036,-2.597709,4.8865657,0.657291,0.21624629,1.1801916
2146.0,-7.0221934,-2.5474305,4.903325,0.63041294,0.2125811,1.1948525
2158.0,-7.165846,-2.360683,4.9224787,0.59742624,0.19792034,1.1863003
2165.0,-7.338228,-2.207454,4.9200845,0.54611355,0.17348573,1.1276573
2178.0,-7.5082164,-2.135628,4.7860093,0.5558874,0.15271631,1.1154399
2186.0,-7.4723034,-1.9967642,4.7884035,0.61086524,0.13072516,1.1191051
2196.0,-7.553706,-1.8555063,4.853047,0.7012733,0.13316862,1.128879
2207.0,-7.666234,-1.8076223,4.8817773,0.79290307,0.14172074,1.1301007
2217.0,-7.764396,-1.5107412,5.0517654,0.8552113,0.14905111,1.1117748
2227.0,-7.773973,-1.2210429,5.145139,0.8943067,0.14782938,1.073901
2238.0,-7.776367,-0.9983821,5.1355624,0.9016371,0.13805555,1.0458013
2247.0,-7.797915,-0.8858546,5.08289,0.88453287,0.13927728,1.0311406
2258.0,-7.7931266,-0.7565677,5.0254292,0.8527679,0.1441642,1.0323622
2268.0,-7.831434,-0.58657944,4.9296613,0.7831292,0.15149458,1.033584
2279.0,-7.7811556,-0.35194764,4.8099513,0.6939429,0.16249016,1.0189233
2289.0,-7.9128366,-0.21068975,4.7500963,0.61941737,0.16982053,0.99082345
2300.0,-7.9272017,-0.16519992,4.8267107,0.55955255,0.17104226,0.9773844
2307.0,-7.9128366,-0.22266077,4.972757,0.5290093,0.17104226,0.9786061
2318.0,-7.9511437,-0.320823,5.0397944,0.5534439,0.16371189,0.97127575
3062.0,-7.9607205,-0.32321724,4.987122,0.6426302,0.14660765,0.9456194
3063.0,-7.905654,0.007182605,5.0397944,0.7623598,0.13683382,0.91751957
3063.0,-7.776367,0.22266077,5.044583,0.8698721,0.12950343,0.9138544
3063.0,-7.81228,0.60094464,4.8841715,0.9407325,0.12217305,0.93828905
3063.0,-7.7213006,0.6488287,4.7548847,0.9578367,0.12705997,0.9761627
3063.0,-7.642292,0.62249243,4.7285485,0.91996306,0.14782938,0.9993755
3063.0,-7.6015906,0.5291186,4.7261543,0.8393288,0.17715092,0.99204516
3063.0,-7.723695,0.4141969,4.8123455,0.7672467,0.20280726,0.94806284
3063.0,-7.726089,0.5410896,4.855441,0.7464773,0.20769419,0.8772025
3063.0,-7.762002,0.8355764,4.8602295,0.75991637,0.20280726,0.8222246
3063.0,-7.61835,1.2162545,4.8578353,0.7696902,0.19425514,0.79534656
3063.0,-7.513005,1.5682021,4.6926355,0.77946407,0.18936823,0.77579886
3063.0,-7.5345526,1.8291701,4.5801077,-0.88331115,0.14538592,-0.27122417
3063.0,3.4691982,-9.591172,2.0853498,0.17837265,0.062308256,0.30787608
3063.0,-7.467515,4.9895163,3.1052797,0.17592919,0.05497787,0.3042109
3063.0,-7.45315,5.1690817,3.110068,0.15760323,0.05497787,0.29810223
3063.0,-7.419631,5.353435,3.1004913,0.12583824,0.06719518,0.29810223
