55.0,2.2242134,-2.336741,8.63828,0.14660765,0.12705997,-0.06719518
55.0,2.0159178,-2.0901382,8.626308,-0.05497787,-0.2846632,-0.29932398
79.0,1.8986019,-1.8746599,8.564059,-0.172264,-0.40317106,-0.45204028
79.0,1.8818425,-1.9632454,8.4347725,-0.24312437,0.38973203,-0.22479841
79.0,2.111686,-2.1308396,8.408437,-0.5009095,0.4007276,-0.3323107
87.0,2.1164744,-2.2385786,8.504205,-0.75136423,0.22357668,-0.52412236
96.0,2.1499932,-2.2864625,8.468291,-0.91751957,0.0842994,-0.675617
106.0,2.0757728,-2.195483,8.50181,-1.0629056,0.1160644,-0.75136423
117.0,1.922544,-2.3750482,8.599973,-1.1972959,0.14538592,-0.81122905
127.0,1.7070658,-2.6312277,8.688558,-1.314582,0.16493362,-0.84788096
138.0,1.7142484,-2.8993783,8.674192,-1.4135422,0.17348573,-0.8723156
146.0,1.7118542,-3.3255463,8.523358,-1.4782939,0.17470746,-0.89552844
157.0,1.6496049,-3.4596214,8.358158,-1.5161675,0.16371189,-0.91507614
166.0,1.5562311,-3.739743,8.171411,-1.5491543,0.15271631,-0.9297369
177.0,1.5011644,-3.8474822,7.943961,-1.5894713,0.14172074,-0.93951076
187.0,1.4820108,-4.06296,7.723695,-1.6358972,0.12095132,-0.9443977
198.0,1.460463,-4.4675803,7.771579,-1.6737708,0.103847094,-0.9492846
207.0,1.4149733,-4.7907977,7.955932,-1.7128662,0.095294975,-0.9443977
217.0,1.3910311,-4.8482585,8.118738,-1.749518,0.07941248,-0.9334021
227.0,1.4556746,-5.011064,8.231265,-1.7654005,0.064751714,-0.91996306
237.0,1.6591818,-5.1523223,8.185776,-1.7617353,0.059864793,-0.90408057
248.0,1.7429788,-5.2744265,8.013393,-1.7482964,0.059864793,-0.88697636
260.0,1.8004397,-5.317522,7.747637,-1.7214183,0.062308256,-0.8723156
268.0,1.6519991,-5.439626,7.4028716,-1.6896533,0.058643065,-0.86254174
278.0,1.6017209,-5.5760956,7.189788,-1.6969837,0.058643065,-0.8552113
287.0,1.6184803,-5.746084,7.065289,-1.7348573,0.06963864,-0.8454375
297.0,1.6448165,-5.734113,7.180211,-1.7715092,0.080634214,-0.83077675
307.0,1.5825673,-5.66947,7.1371155,-1.8020525,0.081855945,-0.82344633
320.0,1.532289,-5.446809,6.9743094,-1.8252654,0.080634214,-0.8344419
328.0,1.5849615,-5.3678,6.9383965,-1.8643607,0.07574729,-0.85154617
338.0,1.6448165,-5.523423,6.8162923,-1.9364429,0.06963864,-0.86376345
347.0,1.7860745,-5.9424086,6.7947445,-2.025629,0.065973446,-0.86376345
360.0,2.0231004,-6.5002575,6.766014,-2.1184807,0.07086037,-0.84788096
368.0,2.1284454,-6.945579,6.5936313,-2.1905627,0.08552113,-0.82711154
379.0,2.2290018,-7.469909,6.4643445,-2.212554,0.1001819,-0.8136725
388.0,2.3558946,-7.8912888,6.3182983,-2.171015,0.12339478,-0.8136725
398.0,2.3630772,-8.104373,6.2009826,-2.067168,0.14172074,-0.8136725
408.0,2.3511062,-8.418014,6.1770406,-1.9388863,0.15515977,-0.7965683
419.0,2.291251,-8.456321,6.126762,-1.8289305,0.16493362,-0.75625116
428.0,2.3822308,-8.611943,6.069301,-1.749518,0.16982053,-0.70249504
439.0,2.4636335,-8.722076,6.054936,-1.6786577,0.16737708,-0.6585127
448.0,2.4468741,-8.781932,6.0118403,-1.6175711,0.16615535,-0.6230826
460.0,2.4875755,-8.925584,5.971139,-1.5784758,0.17348573,-0.5852089
467.0,2.540248,-8.908825,5.7508726,-1.5454891,0.17959438,-0.5510005
478.0,2.6599581,-9.093178,5.7005944,-1.4929546,0.18203785,-0.51923543
489.0,2.6048915,-9.083601,5.5880666,-1.4086553,0.18692477,-0.4886922
499.0,2.5689783,-9.179369,5.449203,-1.2950343,0.1881465,-0.4605924
508.0,2.5258827,-9.296685,5.391742,-1.174083,0.18203785,-0.4251622
519.0,2.468422,-9.248801,5.3582234,-1.0665708,0.17470746,-0.38240165
529.0,2.5019407,-9.181764,5.3438582,-0.9602802,0.16493362,-0.33964106
539.0,2.4540567,-9.040505,5.3725886,-0.8527679,0.15271631,-0.29932398
548.0,2.492364,-8.896853,5.231331,-0.7696902,0.13927728,-0.26389378
564.0,2.4037786,-8.841787,5.0900726,-0.72082096,0.12705997,-0.2284636
571.0,2.44448,-8.7532015,5.0182467,-0.6927212,0.111177474,-0.19303341
583.0,2.4732103,-8.774749,4.8961425,-0.675617,0.095294975,-0.15515977
592.0,2.327164,-8.810662,4.8506527,-0.6743952,0.080634214,-0.11728613
601.0,2.372654,-8.779537,4.7788267,-0.6927212,0.06841691,-0.07574729
611.0,2.2529438,-8.956709,4.8243165,-0.7171558,0.062308256,-0.032986723
624.0,2.3080103,-9.200917,5.0278234,-0.7086037,0.059864793,0.012217305
632.0,2.327164,-9.564836,5.1379566,-0.65118235,0.064751714,0.06352998
643.0,2.315193,-9.768343,5.2648497,-0.44226643,0.07574729,0.17837265
652.0,2.2816741,-9.85214,5.377377,-0.3652974,0.10140363,0.24801129
664.0,2.255338,-9.775525,5.351041,-0.3408628,0.12461651,0.3213151
670.0,2.1068976,-9.840169,5.3845596,-0.36651915,0.16249016,0.38973203
684.0,1.9297266,-10.04607,5.659893,-0.41050145,0.20158553,0.44837508
691.0,1.8674773,-10.292673,5.911284,-0.40561453,0.23945917,0.49968776
702.0,1.8555063,-10.395624,5.8825536,-0.30787608,0.27488935,0.5558874
711.0,1.9177556,-10.462662,5.7604494,-0.119729586,0.30665436,0.6291912
720.0,1.9847932,-10.414778,5.770026,0.096516706,0.35308012,0.70738196
732.0,1.9177556,-10.177752,5.793968,0.2687807,0.41050145,0.77946407
743.0,1.9057846,-10.019734,5.7724204,0.37507126,0.47036624,0.84299403
750.0,1.8411411,-9.945514,5.645528,0.42638394,0.5326745,0.8943067
764.0,1.7645266,-9.660604,5.6790466,0.4373795,0.59498274,0.9370673
771.0,1.6304513,-9.41879,5.693412,0.42638394,0.6560693,0.9859365
783.0,1.6304513,-9.26556,5.7005944,0.39095375,0.7110472,1.0384709
791.0,1.6136919,-9.210494,5.6239796,0.32620203,0.75136423,1.0848967
803.0,1.6232687,-9.303867,5.559336,0.25167647,0.7867944,1.1337659
812.0,1.5442601,-9.394848,5.461174,0.2003638,0.82711154,1.1899655
821.0,1.5729905,-9.483433,5.470751,0.20525073,0.86254174,1.2461652
833.0,1.472434,-9.481039,5.4539914,0.2724459,0.893085,1.3011429
843.0,1.412579,-9.55047,5.427655,0.3811799,0.9236283,1.3561208
851.0,1.2210429,-9.421184,5.317522,0.5155703,0.9492846,1.3903292
864.0,1.0654198,-9.040505,5.2624555,0.6462954,0.96883225,1.3976597
872.0,0.90021986,-8.599973,5.291186,0.7281514,0.9896017,1.3903292
882.0,0.92655605,-8.1642275,5.3582234,0.75747293,1.0091494,1.3817772
893.0,0.830788,-7.78355,5.3821654,0.7318166,1.0250319,1.3732251
905.0,0.6464345,-7.699753,5.4659624,0.64873886,1.0409144,1.3634512
911.0,0.5243302,-7.7308774,5.386954,0.53878313,1.0616838,1.351234
920.0,0.32800564,-7.8027034,5.3701944,0.45570546,1.0641272,1.3329079
928.0,0.1364695,-7.714118,5.1906295,0.408058,1.070236,1.3109168
939.0,0.045489833,-7.917625,5.097255,0.408058,1.0910053,1.2925909
949.0,-0.12689269,-7.8793178,5.0421886,0.4605924,1.0836749,1.2840388
960.0,-0.40940848,-7.821857,5.1475334,0.5412266,1.0983357,1.2705997
969.0,-0.79487497,-7.6949644,5.231331,0.64751714,1.1142182,1.2339478
979.0,-1.0941502,-7.515399,5.327099,0.7623598,1.1044444,1.1838568
988.0,-1.3670892,-7.417237,5.410896,0.84665924,1.0848967,1.1435398
998.0,-1.4197617,-7.261614,5.5497594,0.86498517,1.0555751,1.1252137
1008.0,-1.4030021,-7.225701,5.4899044,0.8051204,1.0250319,1.1178834
1018.0,-1.5442601,-7.2592196,5.317522,0.69027776,0.9932669,1.1117748
1028.0,-1.6017209,-7.3885064,5.1235914,0.5546656,0.97127575,1.1081096
1039.0,-1.8291701,-7.398083,4.960786,0.43371433,0.9456194,1.0983357
1048.0,-2.1092918,-7.457938,4.936844,0.34330627,0.9211848,1.0848967
1059.0,-2.3008277,-7.505822,5.023035,0.3115413,0.893085,1.0714576
1076.0,-2.5019407,-7.5824366,5.106832,0.3408628,0.8552113,1.0580186
1078.0,-2.4971523,-7.4746976,5.185841,0.4092797,0.81122905,1.047023
1088.0,-2.542642,-7.249643,5.221754,0.49480084,0.77213365,1.0384709
1100.0,-2.707842,-7.1371155,5.3318872,0.5839872,0.73548174,1.0299188
1108.0,-2.8514943,-7.098808,5.315128,0.6291912,0.70738196,1.0250319
1118.0,-3.0430303,-7.1371155,5.3127337,0.62796944,0.68294734,1.0115929
1128.0,-3.2034419,-6.9958572,5.2624555,0.593761,0.6597345,0.9944886
1140.0,-3.4165258,-6.7324953,5.257667,0.54367006,0.6365216,0.9810496
1149.0,-3.5410242,-6.615179,5.243302,0.50335294,0.6084218,0.97005403
1161.0,-3.5817258,-6.6965823,5.303157,0.47403142,0.57910025,0.9578367
1168.0,-3.6056678,-6.7013707,5.33907,0.46792278,0.5546656,0.93951076
1186.0,-3.643975,-6.619968,5.161899,0.49968776,0.5338962,0.91874135
1188.0,-3.7588966,-6.5864487,5.130774,0.56199604,0.5155703,0.9016371
1199.0,-3.904943,-6.5098343,5.044583,0.61819565,0.49968776,0.8906415
1208.0,-3.904943,-6.4787097,5.1642933,0.6401868,0.4801401,0.87964594
1230.0,-3.9097314,-6.4858923,5.2528787,0.6389651,0.45814893,0.87109387
1230.0,-3.8762126,-6.4978633,5.363012,0.6414085,0.44104472,0.86009824
1238.0,-3.9552212,-6.4499793,5.523423,0.6377433,0.43004912,0.84788096
1263.0,-4.1252093,-6.4978633,5.657499,0.61941737,0.42760566,0.8368854
1263.0,-4.1276035,-6.469133,5.6407394,0.59986967,0.42760566,0.82833326
1356.0,-4.225766,-6.5122285,5.602432,0.57910025,0.4166101,0.8197812
1357.0,-4.2784386,-6.3685765,5.547365,0.548557,0.40439278,0.8136725
1357.0,-4.2784386,-6.2512608,5.4539914,0.5314528,0.39828414,0.8051204
1357.0,-4.3143516,-6.325481,5.4444146,0.53023106,0.3885103,0.7965683
1357.0,-4.405331,-6.244078,5.5377884,0.53023106,0.38362336,0.79412484
1357.0,-4.4340615,-6.253655,5.6431336,0.5497787,0.38362336,0.79045963
1357.0,-4.5992613,-6.229713,5.7269306,0.5900958,0.38728857,0.784351
1357.0,-4.6710877,-6.179435,5.6886234,0.6218608,0.39095375,0.7806858
1357.0,-4.7884035,-6.0405707,5.7245364,0.625526,0.3921755,0.7867944
1412.0,-4.96318,-5.923255,5.7843914,0.59620446,0.3933972,0.8014552
1412.0,-4.987122,-5.8825536,5.9424086,0.5338962,0.39461896,0.8222246
1412.0,-4.9775453,-5.755661,5.9543796,0.4569272,0.38973203,0.8417723
1412.0,-5.0781016,-5.815516,5.8705826,0.39828414,0.38973203,0.8564331
1412.0,-5.035006,-5.710171,5.8346696,0.37018433,0.38728857,0.87109387
1412.0,-5.1690817,-5.7724204,5.9064956,0.37384954,0.3885103,0.88208944
1425.0,-5.2768207,-5.6910176,6.0285997,0.41905355,0.38240165,0.893085
1493.0,-5.2983685,-5.5617304,6.066907,0.48502702,0.37995818,0.90408057
1493.0,-5.422867,-5.4444146,6.0501475,0.55833083,0.37507126,0.91629785
1493.0,-5.461174,-5.3127337,6.021417,0.61819565,0.37384954,0.9260717
1493.0,-5.475539,-5.130774,5.949591,0.68539083,0.38606682,0.9285152
1493.0,-5.485116,-4.9679685,6.090849,0.68539083,0.38606682,0.9285152
1493.0,-5.535394,-4.6950297,6.10282,0.68783426,0.408058,0.9309586
1493.0,-5.6886234,-4.618415,6.0860605,0.6414085,0.42394048,0.9285152
1506.0,-5.781997,-4.4580035,6.0836663,0.5888741,0.4373795,0.9211848
1509.0,-5.971139,-4.1539397,5.995081,0.54000485,0.44959682,0.9126327
1521.0,-6.0621185,-3.98874,5.9902925,0.49357912,0.46670106,0.90285885
1529.0,-6.1411276,-3.904943,6.042965,0.43493605,0.4813618,0.89675015
1539.0,-6.1985884,-3.8594532,6.066907,0.3726278,0.49480084,0.893085
1548.0,-6.244078,-3.8379054,6.1411276,0.32620203,0.50701815,0.8857546
1559.0,-6.277597,-3.8786068,5.997475,0.30665436,0.5131268,0.88086766
1569.0,-6.3422403,-3.8618474,6.054936,0.30298916,0.52290064,0.88697636
1580.0,-6.4763155,-3.8187518,5.9902925,0.30909783,0.52412236,0.8906415
1589.0,-6.6247563,-3.679888,5.9519854,0.32253686,0.5155703,0.8943067
1600.0,-6.5337763,-3.620033,5.9663506,0.33353242,0.5021312,0.906524
1610.0,-6.505046,-3.6990416,5.901707,0.32986724,0.49357912,0.92485
1620.0,-6.4858923,-3.8115692,5.9160724,0.3115413,0.48991394,0.93584555
1637.0,-6.483498,-3.8498764,5.837064,0.28955013,0.48747048,0.93462384
1643.0,-6.5840545,-3.7205894,5.803545,0.27977628,0.48991394,0.9297369
1650.0,-6.8067155,-3.5410242,5.6790466,0.28099802,0.48502702,0.93462384
1674.0,-6.9383965,-3.3183637,5.746084,0.29077184,0.47525316,0.95172805
1674.0,-6.9862804,-3.3063924,5.7149596,0.30665436,0.4654793,0.97249746
1680.0,-7.0102224,-3.4524388,5.6886234,0.3213151,0.4569272,0.99204516
1689.0,-7.0485296,-3.4332852,5.645528,0.35308012,0.44348818,1.0042624
1707.0,-6.9838862,-3.3207579,5.686229,0.4129449,0.4361578,1.0177015
1711.0,-6.9958572,-3.0597897,5.60722,0.4813618,0.43249258,1.0348058
1759.0,-7.079654,-2.7868507,5.547365,0.52778757,0.42271876,1.0543534
1759.0,-7.1275387,-2.7246015,5.5521536,0.5375614,0.4166101,1.0714576
1759.0,-7.0461354,-2.633622,5.5042696,0.5180137,0.40439278,1.0873401
1759.0,-7.120356,-2.6910827,5.422867,0.4801401,0.39461896,1.1007792
1770.0,-7.1395097,-2.5210943,5.3462524,0.45570546,0.3921755,1.1093313
1770.0,-7.2472486,-2.315193,5.3941364,0.46303585,0.37873647,1.110553
1779.0,-7.273585,-2.1643584,5.2863975,0.49968776,0.3640757,1.1129965
1789.0,-7.2687964,-1.9536686,5.2504845,0.5510005,0.3408628,1.1166617
1800.0,-7.2328835,-1.6424223,5.1379566,0.61086524,0.3200934,1.1203269
1809.0,-7.2352777,-1.7046716,5.2049947,0.65484756,0.30909783,1.1264355
1821.0,-7.2664022,-1.6208745,5.1810527,0.6646214,0.30176744,1.1337659
1830.0,-7.3071036,-1.4628572,5.185841,0.6597345,0.2932153,1.1362094
1840.0,-7.381324,-1.3263878,5.221754,0.6768387,0.27977628,1.1386528
1849.0,-7.443573,-1.2354081,5.279215,0.70371675,0.2602286,1.1520919
1860.0,-7.443573,-1.1180922,5.1642933,0.70738196,0.23945917,1.174083
1869.0,-7.395689,-1.0175357,5.1116204,0.68539083,0.22235495,1.1972959
1881.0,-7.441179,-1.043872,5.0996494,0.6658431,0.204029,1.2119566
1890.0,-7.3406224,-0.82121116,5.073313,0.6743952,0.18325958,1.2168436
1904.0,-7.314286,-0.6847417,5.0781016,0.6976081,0.16493362,1.2217305
1910.0,-7.3430166,-0.5243302,5.207389,0.7305948,0.14905111,1.2253957
1920.0,-7.3549876,-0.23223756,5.085284,0.7696902,0.13439035,1.2302825
1929.0,-7.381324,-0.009576807,5.035006,0.79290307,0.118507855,1.2315043
1941.0,-7.422025,0.2801216,4.876989,0.8051204,0.10629055,1.2266175
1950.0,-7.4148426,0.5386954,4.9105077,0.8026769,0.09896017,1.2217305
1960.0,-7.45315,0.7302315,4.8482585,0.7770206,0.087964594,1.210735
1971.0,-7.359776,0.842759,4.7907977,0.7367035,0.073303826,1.1948525
1980.0,-7.445967,0.9600749,4.7405195,0.68416905,0.058643065,1.1753048
1989.0,-7.553706,1.1085154,4.6902413,0.63285637,0.042760566,1.1557571
2001.0,-7.503428,1.1540052,4.6902413,0.57787853,0.029321533,1.1398746
2009.0,-7.489063,1.352724,4.7309427,0.51923543,0.013439035,1.1252137
2020.0,-7.4627266,1.541866,4.7979803,0.47158796,0.009773844,1.1081096
2030.0,-7.4148426,1.7166426,4.903325,0.4605924,0.004886922,1.0873401
2041.0,-7.297527,1.7477672,4.948815,0.4728097,-0.002443461,1.0665708
2051.0,-7.326257,1.9081788,4.9296613,0.48258355,-0.007330383,1.0482447
2065.0,-7.2783732,1.9967642,4.984728,0.5045747,-0.0061086523,1.0274754
2071.0,-7.309498,2.1140802,4.9200845,0.5338962,-0.009773844,1.0054842
2087.0,-7.3885064,2.1811178,4.84347,0.5546656,-0.018325957,0.98349303
2119.0,-7.410054,2.3918076,4.7381253,0.5448918,-0.02687807,0.97005403
2119.0,-7.3166804,2.56419,4.7261543,0.50335294,-0.03176499,0.95294976
2119.0,-7.311892,2.5139117,4.6351743,0.44959682,-0.04153884,0.9334021
2122.0,-7.2807674,2.5234885,4.733337,0.38606682,-0.035430185,0.91507614
2131.0,-7.357382,2.540248,4.829105,0.3371976,-0.032986723,0.893085
2140.0,-7.2352777,2.5761611,4.9057193,0.32498032,-0.04153884,0.8686504
2151.0,-7.4148426,2.681506,4.9105077,0.34697145,-0.052534413,0.8503244
2161.0,-7.297527,2.8682537,4.9057193,0.40317106,-0.061086524,0.8332202
2172.0,-7.2448545,2.9376855,4.817134,0.4813618,-0.07086037,0.81122905
2182.0,-7.252037,3.0765493,4.841076,0.5522222,-0.07696902,0.7855727
2192.0,-7.225701,3.2106245,4.6926355,0.5925393,-0.080634214,0.7611381
2202.0,-7.1826053,3.301604,4.6279917,0.6169739,-0.0842994,0.73548174
2213.0,-7.2065473,3.3901896,4.6782703,0.6206391,-0.07696902,0.71593404
2222.0,-7.3406224,3.4045548,4.656722,0.58276546,-0.0842994,0.70616025
2233.0,-7.240066,3.4284968,4.7381253,0.49602258,-0.09407325,0.70616025
2245.0,-7.204153,3.5482068,4.9320555,0.3811799,-0.09040806,0.6988298
2253.0,-7.201759,3.5817258,4.88896,0.2687807,-0.09773844,0.68416905
2263.0,-7.1466923,3.691859,4.9799395,0.111177474,-0.087964594,0.6658431
2273.0,-7.1945763,3.7086184,5.032612,0.111177474,-0.087964594,0.6658431
2283.0,-7.1059904,3.6176388,5.0062757,0.10751228,-0.0842994,0.6597345
2296.0,-7.165846,3.596091,5.0876784,0.13194689,-0.06841691,0.65484756
2305.0,-7.216124,3.5194764,5.044583,0.17470746,-0.057421334,0.65118235
2315.0,-7.1945763,3.5075054,5.046977,0.2846632,-0.080634214,0.6426302
2323.0,-7.101202,3.9743748,4.8745947,0.33353242,-0.09040806,0.63163465
2335.0,-6.933608,4.156334,4.912902,0.3640757,-0.09162979,0.61941737
2345.0,-6.8761473,4.173094,4.9703627,0.37384954,-0.07696902,0.6084218
2356.0,-6.9024835,4.271256,4.987122,0.37507126,-0.06719518,0.59131753
2366.0,-6.979098,4.3239284,5.269638,0.3848451,-0.05009095,0.5815437
2374.0,-6.955156,4.3622355,5.1666875,0.38973203,-0.04520403,0.5815437
2384.0,-6.9144545,4.390966,5.070919,0.40439278,-0.05375614,0.5766568
2395.0,-6.7708025,4.4699745,5.0517654,0.4373795,-0.062308256,0.5571091
2405.0,-6.801927,4.5801077,4.8602295,0.45081854,-0.057421334,0.5448918
2413.0,-6.7923503,4.7500963,4.9081135,0.42760566,-0.042760566,0.5412266
2427.0,-6.6750345,4.735731,4.841076,0.3848451,-0.030543262,0.53878313
2435.0,-6.715736,4.7261543,4.8338933,0.33841935,-0.018325957,0.5290093
2446.0,-6.754043,4.7548847,4.9081135,0.27977628,-0.002443461,0.5143485
2456.0,-6.751649,4.721366,5.0254292,0.22479841,0.0,0.50579643
2467.0,-6.6247563,4.8219223,5.023035,0.1881465,-0.0036651916,0.5021312
2475.0,-6.4906807,4.8338933,4.96318,0.17470746,-0.009773844,0.5021312
2486.0,-6.5816603,4.819528,4.975151,0.17592919,0.0,0.49480084
2495.0,-6.5984197,4.8482585,5.044583,0.20158553,0.017104227,0.47647488
2506.0,-6.670246,4.8338933,5.056554,0.24678956,0.02687807,0.46181414
2514.0,-6.6654577,4.9296613,4.9320555,0.2919936,0.029321533,0.45937067
