21.0,2.8634653,-1.8650831,9.255983,0.0061086523,-0.014660766,-0.0012217305
47.0,2.8658595,-1.6472107,9.018958,0.15149458,0.14905111,-0.07086037
47.0,2.2529438,-1.9057846,9.0716305,0.007330383,-0.24556783,-0.2761111
47.0,2.27928,-1.043872,8.817844,-0.0720821,-0.4007276,-0.31520647
68.0,2.5210943,-0.8283938,8.662222,-0.010995574,0.40317106,0.16615535
68.0,2.5378537,-1.0342951,8.602366,-0.14049901,0.44226643,0.33475417
71.0,2.4995465,-1.4891934,8.4826565,-0.24923302,0.28344148,0.31520647
79.0,2.4660277,-1.6280571,8.4347725,-0.28344148,0.12339478,0.18203785
89.0,2.243367,-1.6160861,8.39886,-0.30909783,0.103847094,0.16249016
99.0,2.2098482,-1.5705963,8.374918,-0.37140608,0.062308256,0.20891592
111.0,2.2002714,-1.4460979,8.374918,-0.44837508,0.021991149,0.2443461
120.0,2.3391352,-1.4772224,8.39886,-0.5155703,-0.007330383,0.2443461
129.0,2.3942018,-1.7190368,8.494628,-0.57787853,-0.030543262,0.2284636
139.0,2.480393,-1.7286136,8.508993,-0.6450737,-0.052534413,0.22602014
150.0,2.5594015,-1.9680338,8.561666,-0.7244862,-0.07941248,0.24190263
159.0,2.528277,-2.030283,8.597578,-0.8552113,-0.11484267,0.2602286
172.0,2.6144683,-2.1308396,8.674192,-1.0580186,-0.15760323,0.26267207
180.0,2.6168625,-2.1212628,8.748413,-1.2938126,-0.19058995,0.25045475
190.0,2.801216,-2.3654714,8.690952,-1.4929546,-0.21502456,0.23457226
200.0,2.7700913,-2.8778305,8.7125,-1.6310102,-0.22724187,0.2321288
211.0,2.8514943,-3.4021606,8.595184,-1.6969837,-0.2125811,0.2406809
221.0,2.7341783,-3.9145198,8.678981,-1.6811012,-0.18570304,0.23457226
231.0,2.5330653,-3.976769,8.698134,-1.6151277,-0.15882497,0.204029
240.0,2.4396915,-3.9217024,8.556877,-1.5198327,-0.14294247,0.15515977
250.0,2.2625206,-3.7612908,8.499416,-1.4636332,-0.15027285,0.11484267
260.0,2.1499932,-3.4931402,8.355764,-1.5100589,-0.15393804,0.10751228
271.0,2.231396,-3.3997664,8.212111,-1.6261233,-0.14172074,0.13439035
280.0,2.2218192,-3.5625722,8.042124,-1.7311921,-0.12095132,0.16615535
293.0,2.3080103,-4.0653543,7.9607205,-1.772731,-0.103847094,0.17715092
300.0,2.291251,-4.4460325,7.9463553,-1.7654005,-0.095294975,0.15882497
313.0,2.2577322,-4.8338933,7.917625,-1.7470746,-0.087964594,0.111177474
320.0,2.2290018,-5.0278234,7.855376,-1.7287487,-0.08674286,0.04520403
330.0,2.2146366,-5.0493712,7.7811556,-1.7055358,-0.09040806,-0.029321533
341.0,2.267309,-5.0158525,7.764396,-1.6786577,-0.096516706,-0.09162979
352.0,2.2481554,-4.927267,7.6135616,-1.672549,-0.10262536,-0.12583824
361.0,2.2864625,-4.9320555,7.5441294,-1.7250835,-0.112399206,-0.13194689
370.0,2.3104045,-5.0900726,7.4004774,-1.8301523,-0.11484267,-0.119729586
381.0,2.2936451,-5.2983685,7.2831616,-1.921782,-0.11728613,-0.10995574
391.0,2.2697031,-5.614403,7.2209125,-1.9730947,-0.12583824,-0.10629055
401.0,2.3127987,-5.9663506,7.2544312,-1.9926424,-0.12950343,-0.11484267
413.0,2.231396,-6.2392898,7.345411,-1.9804251,-0.13561209,-0.13439035
421.0,2.147599,-6.3566055,7.4387846,-1.9449949,-0.14660765,-0.15271631
431.0,2.1523874,-6.385336,7.410054,-1.8826867,-0.1600467,-0.16126843
441.0,2.1547816,-6.519411,7.52737,-1.7922786,-0.17715092,-0.1563815
451.0,2.1619642,-6.4763155,7.33344,-1.6933185,-0.19425514,-0.14782938
461.0,2.135628,-6.3230867,7.074866,-1.609019,-0.20525073,-0.15149458
472.0,2.1428106,-6.3446345,6.9048777,-1.5271631,-0.20158553,-0.15393804
481.0,2.255338,-6.493075,6.8450227,-1.4306464,-0.19425514,-0.13194689
491.0,2.3511062,-6.8067155,6.8306575,-1.3341297,-0.18570304,-0.0842994
501.0,2.4349031,-7.0940194,6.7013707,-1.2754866,-0.17592919,-0.039095376
512.0,2.4013844,-7.2424603,6.6965823,-1.2644911,-0.15271631,-0.032986723
521.0,2.5330653,-7.381324,6.6534867,-1.2522738,-0.119729586,-0.07574729
535.0,2.5139117,-7.433996,6.5840545,-1.219287,-0.09285152,-0.12583824
544.0,2.6839,-7.465121,6.4978633,-1.1948525,-0.061086524,-0.14905111
553.0,2.7700913,-7.5345526,6.4068837,-1.1801916,-0.02443461,-0.15882497
563.0,2.765303,-7.52737,6.2345014,-1.1753048,0.015882496,-0.17348573
575.0,2.8107927,-7.606379,6.042965,-1.1814134,0.05131268,-0.19181168
585.0,2.7988217,-7.704541,5.813122,-1.1850786,0.07941248,-0.20525073
595.0,2.7485435,-7.93199,5.6000376,-1.2021828,0.09407325,-0.1881465
603.0,2.7724855,-8.23366,5.403713,-1.2266175,0.10995574,-0.16126843
615.0,2.7940333,-8.525752,5.2959743,-1.2168436,0.12705997,-0.15271631
625.0,2.765303,-8.829816,5.3007627,-1.1691961,0.14782938,-0.1441642
635.0,2.777274,-8.947132,5.3079453,-1.1081096,0.172264,-0.12217305
643.0,2.717419,-8.968679,5.497087,-1.0616838,0.19425514,-0.103847094
655.0,2.5570073,-8.863335,5.5880666,-1.0140363,0.22235495,-0.09162979
665.0,2.4899697,-8.872911,5.741296,-0.9431759,0.24678956,-0.080634214
675.0,2.384625,-8.937555,5.803545,-0.84299403,0.2724459,-0.05009095
684.0,2.2529438,-9.006987,5.8107276,-0.74036866,0.30298916,0.004886922
694.0,2.123657,-9.200917,5.815516,-0.65484756,0.33475417,0.06841691
703.0,2.0518308,-9.414001,5.899313,-0.47769663,0.40439278,0.19792034
716.0,1.9153614,-9.763555,5.9998693,-0.47769663,0.40439278,0.19792034
723.0,1.9081788,-10.014946,6.1100025,-0.36163223,0.44715336,0.26267207
735.0,1.7669208,-9.89763,6.220136,-0.23579398,0.4972443,0.29565877
744.0,1.721431,-9.904813,6.1219735,-0.14538592,0.5448918,0.3286455
755.0,1.5370775,-9.85214,6.1650696,-0.11728613,0.5925393,0.39950588
763.0,1.3503298,-9.765948,6.169858,-0.081855945,0.675617,0.56321776
775.0,1.1731589,-9.770737,6.2009826,-0.05497787,0.7171558,0.6450737
784.0,1.1300632,-9.710882,6.279991,-0.02321288,0.75869465,0.7147123
795.0,1.0414777,-9.64145,6.172252,0.009773844,0.79534656,0.77457714
803.0,1.0055647,-9.765948,6.129156,0.04520403,0.83077675,0.84421575
815.0,0.9959879,-9.892841,6.069301,0.095294975,0.8686504,0.90408057
824.0,1.0031705,-9.933543,6.1195793,0.15882497,0.90408057,0.9407325
835.0,0.9504981,-9.694122,6.0740895,0.21135938,0.9456194,0.9761627
843.0,1.0199299,-9.548077,6.007052,0.25045475,0.9859365,1.0067059
855.0,1.091756,-9.445126,5.853823,0.2773328,1.0177015,1.0409144
865.0,1.0295067,-9.3421755,5.717354,0.2932153,1.047023,1.0824533
875.0,0.9624691,-9.296685,5.659893,0.31764993,1.078788,1.1093313
883.0,0.93613285,-9.165004,5.614403,0.35308012,1.1007792,1.1264355
895.0,0.90500826,-9.155427,5.638345,0.39095375,1.1227703,1.1508701
904.0,0.8810662,-9.028535,5.6527104,0.43493605,1.142318,1.17897
915.0,0.7757214,-8.911219,5.731719,0.49113566,1.1508701,1.1838568
923.0,0.7517793,-8.688558,5.463568,0.5448918,1.1630874,1.1667526
935.0,0.5291186,-8.39886,5.4204726,0.5705481,1.1728612,1.1472049
945.0,0.35194764,-8.085219,5.2528787,0.5510005,1.1728612,1.1410962
956.0,0.20350714,-7.965509,5.171476,0.50701815,1.1582005,1.1594223
963.0,0.14604631,-7.953538,5.197812,0.47647488,1.1484267,1.1814134
975.0,0.06464344,-8.0924015,5.1523223,0.48991394,1.1374311,1.187522
985.0,-0.11971009,-8.025364,5.2169657,0.5338962,1.1239921,1.1728612
995.0,-0.22984336,-8.0684595,5.291186,0.6206391,1.1227703,1.1508701
1003.0,-0.33279404,-8.0684595,5.4061074,0.7635816,1.1264355,1.1362094
1016.0,-0.50038815,-8.018182,5.509058,0.93462384,1.1349876,1.1313224
1026.0,-0.56982,-7.893683,5.446809,1.0836749,1.1349876,1.1301007
1036.0,-0.581791,-7.6853876,5.482722,1.174083,1.1410962,1.1166617
1045.0,-0.6919243,-7.493851,5.3606176,1.1777482,1.1496484,1.0873401
1059.0,-0.8762778,-7.275979,5.475539,1.0934488,1.1594223,1.0543534
1063.0,-1.0271125,-7.050924,5.614403,0.9639453,1.1667526,1.0164797
1111.0,-1.292869,-6.9024835,5.6359506,0.8173377,1.1630874,0.98837996
1111.0,-1.5275006,-6.9719152,5.695806,0.6731735,1.1618657,0.98349303
1111.0,-1.6879122,-7.2209125,5.719748,0.5766568,1.1582005,0.98349303
1111.0,-1.7525556,-7.398083,5.746084,0.5742133,1.1520919,0.96883225
1124.0,-1.6304513,-7.395689,5.8586116,0.68783426,1.1496484,0.9431759
1124.0,-1.5490485,-7.2328835,5.8322754,0.88453287,1.1691961,0.9236283
1134.0,-1.6711528,-7.129933,5.90889,1.1129965,1.1985176,0.9077458
1141.0,-1.8746599,-7.053318,6.0166287,1.319469,1.2327261,0.8894198
1152.0,-2.2481554,-6.8641763,5.961562,1.46852,1.2534955,0.87109387
1162.0,-2.516306,-6.8162923,5.884948,1.5467108,1.2534955,0.8686504
1171.0,-2.731784,-6.64391,5.923255,1.5406022,1.2412782,0.8772025
1181.0,-2.7246015,-6.5960255,5.7963624,1.4563028,1.2205088,0.8772025
1192.0,-2.7700913,-6.495469,5.7389016,1.3109168,1.2046263,0.86132
1201.0,-2.8754363,-6.31351,5.7484784,1.1374311,1.1924089,0.8222246
1212.0,-3.095703,-6.0142345,5.7245364,0.9627236,1.17897,0.7806858
1221.0,-3.2585084,-5.935226,5.8226986,0.79779,1.1582005,0.77091193
1231.0,-3.490746,-6.0238113,5.827487,0.675617,1.1337659,0.8063421
1242.0,-3.53863,-6.3805475,5.722142,0.63285637,1.1129965,0.86254174
1253.0,-3.6032736,-6.682217,5.791574,0.68539083,1.0922271,0.9077458
1261.0,-3.5745432,-6.8091097,5.829881,0.8185594,1.0677924,0.9236283
1272.0,-3.5936968,-6.813898,5.8586116,0.9810496,1.0458013,0.906524
1281.0,-3.7469256,-6.543353,5.923255,1.105666,1.033584,0.86498517
1291.0,-3.9863458,-6.1626754,5.9448028,1.1386528,1.0177015,0.82711154
1302.0,-4.3406878,-5.8681884,5.8705826,1.0897835,1.0079277,0.81000733
1314.0,-4.5298295,-5.6670756,5.887342,1.0177015,0.99082345,0.81122905
1322.0,-4.6662993,-5.638345,5.841852,0.9443977,0.95294976,0.83077675
1331.0,-4.5394063,-5.4444146,5.7269306,0.8698721,0.9211848,0.8552113
1351.0,-4.5202527,-5.403713,5.753267,0.79779,0.9053023,0.86742866
1355.0,-4.525041,-5.45878,5.913678,0.7367035,0.89919364,0.86132
1361.0,-4.644751,-5.7149596,5.8322754,0.6914995,0.9053023,0.8344419
1395.0,-4.865018,-5.741296,5.9304376,0.69027776,0.9126327,0.7867944
1395.0,-5.183447,-5.427655,5.949591,0.71837753,0.90285885,0.7415904
1395.0,-5.41329,-5.0062757,5.827487,0.7257079,0.8881981,0.7244862
1401.0,-5.580884,-4.63278,5.6527104,0.6768387,0.8772025,0.73548174
1412.0,-5.779603,-4.232949,5.602432,0.58032197,0.86376345,0.75991637
1483.0,-5.7987566,-4.0892963,5.6120086,0.47036624,0.8491027,0.7831292
1484.0,-5.8083334,-4.0414124,5.619191,0.37995818,0.8393288,0.8038987
1484.0,-5.884948,-4.110844,5.619191,0.32498032,0.82711154,0.816116
1484.0,-5.98311,-4.307169,5.533,0.30909783,0.8222246,0.81245077
1484.0,-6.1866174,-4.2904096,5.638345,0.3371976,0.81000733,0.79290307
1484.0,-6.279991,-4.1802764,5.671864,0.40194935,0.79045963,0.7770206
1484.0,-6.337452,-3.9743748,5.681441,0.46914452,0.77579886,0.77091193
1528.0,-6.3805475,-3.8259344,5.6766524,0.50701815,0.7635816,0.7623598
1528.0,-6.385336,-3.6487634,5.626374,0.47525316,0.7489208,0.7367035
1528.0,-6.4523735,-3.3183637,5.5760956,0.47525316,0.7489208,0.7367035
1528.0,-6.615179,-3.4261026,5.5282116,0.4202753,0.7452556,0.7293731
1560.0,-6.7923503,-3.3901896,5.506664,0.3652974,0.73548174,0.71959925
1560.0,-6.8545995,-3.4021606,5.506664,0.33475417,0.71837753,0.70371675
1560.0,-6.9144545,-3.265691,5.45878,0.3042109,0.6951646,0.69027776
1563.0,-6.979098,-3.335123,5.3582234,0.24923302,0.6401868,0.6609562
1578.0,-6.9719152,-3.2465374,5.3965306,0.24556783,0.6133087,0.65484756
1609.0,-7.074866,-3.1603463,5.3701944,0.27000242,0.59986967,0.6609562
1609.0,-7.1347213,-3.1794999,5.415684,0.312763,0.5852089,0.6817256
1609.0,-7.1754227,-3.028665,5.398925,0.34574974,0.58276546,0.7122689
1615.0,-7.2233067,-3.0262709,5.3318872,0.35430184,0.5876524,0.7330383
1622.0,-7.28795,-2.920926,5.2409077,0.3555236,0.5852089,0.7440339
1632.0,-7.369353,-2.8658595,5.231331,0.3494149,0.58276546,0.75991637
1642.0,-7.465121,-2.705448,5.130774,0.3359759,0.5839872,0.7892379
1652.0,-7.4746976,-2.6144683,5.2289367,0.31887165,0.58032197,0.8246681
1663.0,-7.477092,-2.5737667,5.2002063,0.28221974,0.5888741,0.86376345
1673.0,-7.5561004,-2.755726,5.245696,0.23823744,0.60231316,0.8784242
1683.0,-7.6614456,-2.8898015,5.386954,0.2284636,0.59864795,0.86132
1693.0,-7.630321,-2.789245,5.3247046,0.25045475,0.5864306,0.8344419
1703.0,-7.6015906,-2.719813,5.3247046,0.28099802,0.5852089,0.8173377
1713.0,-7.5106106,-2.6168625,5.209783,0.30298916,0.5900958,0.81489426
1723.0,-7.5920134,-2.372654,5.183447,0.31764993,0.60231316,0.8222246
1735.0,-7.5321584,-2.3439236,5.221754,0.3213151,0.61941737,0.84299403
1743.0,-7.747637,-2.1308396,5.2265425,0.31520647,0.6267477,0.8772025
1753.0,-7.824251,-2.0398598,5.142745,0.2883284,0.63285637,0.91629785
1763.0,-7.795521,-1.8986019,5.0517654,0.24801129,0.6389651,0.9492846
1773.0,-7.711724,-1.8483237,5.0254292,0.21502456,0.6462954,0.9639453
1783.0,-7.6710224,-1.7980455,4.8817773,0.19792034,0.6450737,0.96883225
1794.0,-7.668628,-1.7046716,4.7907977,0.172264,0.65118235,0.9737192
1802.0,-7.6734166,-1.6496049,4.733337,0.13316862,0.657291,0.9786061
1948.0,-7.7548194,-1.448492,4.673482,0.09407325,0.6585127,0.9761627
1948.0,-7.953538,-1.2521675,4.5801077,0.064751714,0.65240407,0.9737192
1948.0,-8.039729,-1.0726024,4.5274353,0.04886922,0.6377433,0.98349303
1948.0,-8.094796,-0.85473,4.584896,0.056199603,0.6218608,0.9944886
1948.0,-8.137892,-0.7781156,4.594473,0.096516706,0.6010914,1.0079277
1948.0,-7.9870567,-0.7541735,4.453215,0.15515977,0.59131753,1.0128145
1948.0,-7.9367785,-0.6967127,4.390966,0.22724187,0.58032197,1.0030408
1948.0,-7.955932,-0.6344634,4.3143516,0.2919936,0.58032197,0.98837996
1948.0,-8.018182,-0.45250413,4.280833,0.32375857,0.5839872,0.9761627
1948.0,-8.135497,-0.30885202,4.3646297,0.3213151,0.5852089,0.9627236
1948.0,-8.12592,-0.23223756,4.220978,0.28710666,0.57543504,0.95294976
1948.0,-8.271967,-0.07182605,4.036624,0.23701571,0.5644395,0.9443977
1948.0,-8.190564,0.06703765,4.024653,0.19914207,0.5448918,0.93828905
1949.0,-8.219295,0.23942018,3.940856,0.18692477,0.5326745,0.9285152
1956.0,-8.161834,0.37110126,4.0294414,0.19425514,0.5363397,0.91751957
1963.0,-8.24563,0.35194764,3.928885,0.20769419,0.5412266,0.9089675
1974.0,-8.3150625,0.33039984,3.8187518,0.2284636,0.5363397,0.8943067
1983.0,-8.39886,0.4213795,3.8379054,0.25411993,0.52778757,0.874759
1993.0,-8.401254,0.45010993,3.6655228,0.26389378,0.5119051,0.8576548
2004.0,-8.307879,0.6464345,3.5170822,0.26267207,0.49968776,0.8393288
2015.0,-8.384495,0.8499416,3.3901896,0.25289822,0.48624873,0.82344633
2023.0,-8.499416,1.13964,3.2872388,0.22602014,0.46670106,0.81000733
2034.0,-8.616732,1.4341269,3.2321723,0.19425514,0.44226643,0.8038987
2047.0,-8.532935,1.4317327,3.1555579,0.1563815,0.4092797,0.8014552
2056.0,-8.389283,1.3599066,3.028665,0.118507855,0.37995818,0.7892379
2063.0,-8.377312,1.340753,2.9496565,0.112399206,0.35796702,0.75869465
2073.0,-8.406042,1.4437037,2.9592333,0.14538592,0.3359759,0.7257079
2084.0,-8.504205,1.508347,2.837129,0.18203785,0.31764993,0.70738196
2098.0,-8.554482,1.5514427,2.791639,0.19425514,0.29077184,0.6939429
2109.0,-8.561666,1.6903064,2.7940333,0.19058995,0.25900686,0.6719518
2114.0,-8.537724,1.5346833,2.72939,0.17959438,0.23579398,0.6536258
2124.0,-8.401254,1.3742718,2.9472623,0.17592919,0.21746802,0.6401868
2133.0,-8.401254,1.1899183,3.2225955,0.20280726,0.204029,0.6291912
2145.0,-8.3868885,1.1851299,3.311181,0.26145032,0.19792034,0.6206391
2154.0,-8.588001,1.3718776,3.2680852,0.32253686,0.1966986,0.6218608
2164.0,-8.674192,1.5897499,3.2393548,0.3555236,0.18936823,0.6243043
2173.0,-8.779537,1.6759412,3.1387985,0.3481932,0.16982053,0.6218608
2213.0,-8.724471,1.7262194,3.0023289,0.3213151,0.15760323,0.6133087
2213.0,-8.698134,1.685518,2.9640217,0.29443705,0.15882497,0.6059783
2216.0,-8.7053175,1.6950948,3.110068,0.28955013,0.16982053,0.6035349
2216.0,-8.676587,1.6903064,3.1914709,0.31520647,0.16982053,0.6096435
2224.0,-8.746018,1.7932571,3.229778,0.34330627,0.17470746,0.6243043
2234.0,-8.822633,1.8579005,3.1771057,0.35185838,0.18448131,0.6426302
2243.0,-8.884883,1.9249382,3.0813377,0.34574974,0.19303341,0.6560693
2254.0,-8.937555,2.0925324,3.1124623,0.32253686,0.20525073,0.66828656
2264.0,-9.028535,2.0973208,3.107674,0.27855456,0.21991149,0.6817256
2277.0,-9.126697,2.1811178,3.1914709,0.23823744,0.21135938,0.6927212
2285.0,-9.069236,2.4037786,3.1890767,0.20525073,0.20280726,0.70005155
2295.0,-8.908825,2.5115175,3.098097,0.18325958,0.1966986,0.70738196
2306.0,-8.853758,2.5689783,3.1196449,0.15271631,0.20525073,0.71593404
2317.0,-8.827422,2.6647465,2.9879637,0.12217305,0.22235495,0.7244862
2325.0,-8.949526,2.7700913,2.896984,0.12217305,0.22479841,0.7367035
2339.0,-9.01417,2.7150247,2.8538885,0.13194689,0.22479841,0.75625116
2347.0,-9.016563,2.8275523,2.8538885,0.13316862,0.2284636,0.7733554
2357.0,-8.839393,2.9352913,2.7820623,0.14782938,0.21868975,0.77579886
2367.0,-8.683769,3.0023289,2.873042,0.17959438,0.21624629,0.77091193
2378.0,-8.585608,3.004723,2.918532,0.21013765,0.23335053,0.7733554
2387.0,-8.602366,3.0095115,2.908955,0.2761111,0.25289822,0.79779
2399.0,-8.736442,3.1794999,2.8802247,0.29565877,0.25900686,0.81000733
2408.0,-8.65025,3.2106245,2.9041667,0.29443705,0.25534168,0.8185594
2420.0,-8.487445,3.2872388,2.7605145,0.29932398,0.25900686,0.816116
2429.0,-8.379706,3.4644098,2.767697,0.32375857,0.25411993,0.80756384
2439.0,-8.1881695,3.5529952,2.7461493,0.34208453,0.26267207,0.80756384
2447.0,-8.1163435,3.6487634,2.585738,0.3481932,0.27977628,0.8038987
2460.0,-8.157045,3.7325604,2.5594015,0.3481932,0.29443705,0.79045963
2468.0,-8.252813,3.833117,2.420538,0.34574974,0.2919936,0.7770206
2478.0,-8.161834,3.9025488,2.3463178,0.33475417,0.28344148,0.7672467
2490.0,-8.099585,3.9025488,2.303222,0.30543262,0.27122417,0.75502944
2499.0,-7.9607205,4.050989,2.3511062,0.27122417,0.2602286,0.7464773
