24.0,1.9177556,0.6823475,8.774749,0.007330383,-0.02076942,-0.0012217305
24.0,1.5969325,0.17717093,8.62152,0.15393804,0.13072516,-0.080634214
80.0,1.6376339,-0.1340753,8.59279,-0.096516706,-0.2687807,-0.3359759
80.0,1.7764976,-0.107739076,8.549694,-0.3885103,-0.3042109,-0.58276546
80.0,1.7022774,-0.016759412,8.561666,-0.5766568,0.56688297,-0.4361578
80.0,1.6280571,0.16759412,8.66701,-0.93584555,0.657291,-0.5656612
80.0,1.4700398,0.055066638,8.813056,-1.2913691,0.53023106,-0.70738196
80.0,1.4173675,-0.15801731,8.990228,-1.4831808,0.37140608,-0.78801614
134.0,1.340753,-0.34237084,9.179369,-1.6261233,0.36163223,-0.8405506
134.0,1.3599066,-0.45010993,9.184157,-1.7580702,0.3640757,-0.91629785
134.0,1.4053963,-0.40701428,9.172187,-1.8985692,0.3811799,-0.9786061
134.0,1.30484,-0.5674258,9.112331,-2.0683897,0.3933972,-1.0103711
134.0,1.0821792,-0.7015011,9.040505,-2.2589796,0.3921755,-1.0274754
143.0,0.89782566,-0.866701,8.89446,-2.443461,0.38606682,-1.0421361
146.0,0.80445176,-1.0869676,8.698134,-2.6035078,0.35308012,-1.0555751
156.0,0.8451532,-1.364695,8.542512,-2.7525587,0.312763,-1.0482447
167.0,0.81402856,-1.8435353,8.456321,-2.8955014,0.29810223,-1.0213667
176.0,0.80445176,-2.1452048,8.513782,-3.0384438,0.3005457,-0.9822713
187.0,0.7637503,-2.3343468,8.523358,-3.1764994,0.30176744,-0.95172805
196.0,0.866701,-2.6048915,8.497022,-3.299894,0.31642818,-0.9419542
206.0,0.91219085,-2.7988217,8.437167,-3.4367278,0.33964106,-0.95172805
216.0,0.93134445,-3.3279405,8.063671,-3.6102135,0.3640757,-0.96883225
227.0,1.055843,-3.9097314,7.632715,-3.8557813,0.39584067,-0.98471475
238.0,1.0462662,-4.4101195,7.1945763,-4.157549,0.41172317,-1.0042624
248.0,0.91458505,-5.0302176,6.871359,-4.451986,0.4092797,-1.0299188
257.0,0.7685388,-5.5282116,6.6247563,-4.658458,0.4007276,-1.0555751
269.0,0.50278234,-6.1938,6.7109475,-4.721988,0.37507126,-1.0592403
277.0,0.24899697,-6.8785415,7.0126166,-4.6169195,0.33353242,-1.0299188
287.0,0.107739076,-7.553706,7.237672,-4.338365,0.27122417,-0.9651671
297.0,0.107739076,-8.192958,7.323863,-3.9608502,0.204029,-0.86009824
308.0,0.06464344,-8.791509,7.302315,-3.522249,0.12950343,-0.7330383
317.0,0.16280572,-9.198523,7.192182,-3.0995302,0.081855945,-0.625526
328.0,0.19871874,-8.968679,7.050924,-2.8075366,0.09285152,-0.58276546
337.0,0.17238252,-8.62152,6.8665705,-2.6426032,0.09407325,-0.6084218
347.0,0.088585466,-8.59279,6.5960255,-2.6279423,0.065973446,-0.6426302
357.0,0.12210429,-8.76996,6.4380083,-2.7122416,0.039095376,-0.63285637
369.0,0.33518824,-8.949526,6.3206925,-2.761111,0.02687807,-0.5888741
377.0,0.62967503,-8.980651,6.10282,-2.692694,0.018325957,-0.5363397
388.0,0.92655605,-9.14585,5.8705826,-2.5583036,0.029321533,-0.46670106
397.0,1.2090719,-9.203311,5.729325,-2.4373524,0.065973446,-0.38362336
408.0,1.3575124,-9.610326,5.5377884,-2.3212879,0.095294975,-0.3213151
417.0,1.4077905,-10.010158,5.439626,-2.2015584,0.13072516,-0.27366763
428.0,1.376666,-10.381259,5.374983,-2.090381,0.18692477,-0.22479841
437.0,1.3455414,-10.409989,5.29358,-1.9645426,0.23457226,-0.1881465
448.0,1.2641385,-10.388441,5.0374002,-1.8521434,0.27488935,-0.1441642
457.0,1.3096284,-10.307038,4.783615,-1.8216002,0.3213151,-0.07086037
469.0,1.3359646,-10.216059,4.4843397,-1.8423696,0.36285394,-0.004886922
477.0,1.2641385,-10.304645,4.3622355,-1.8545868,0.38606682,0.04886922
489.0,1.2354081,-10.656591,4.4436383,-1.8484782,0.408058,0.12705997
497.0,1.2617443,-11.159374,4.5154643,-1.7922786,0.4447099,0.21135938
508.0,1.1444284,-11.324574,4.5920787,-1.6371188,0.47769663,0.2602286
517.0,1.1563994,-11.386824,4.5202527,-1.3939945,0.52290064,0.30298916
527.0,1.13964,-11.307815,4.295198,-1.1215485,0.5729916,0.3811799
540.0,1.091756,-11.20247,4.175488,-0.87964594,0.6230826,0.48502702
551.0,1.0606314,-11.135432,3.8618474,-0.6951646,0.6768387,0.5681047
560.0,0.92416185,-10.896012,3.5984852,-0.57910025,0.7244862,0.6230826
573.0,0.866701,-10.6158905,3.383007,-0.56321776,0.7855727,0.6780604
581.0,0.6703765,-10.419566,3.4093432,-0.6206391,0.8222246,0.7110472
592.0,0.5363012,-10.172963,3.4213142,-0.6939429,0.82833326,0.7086037
598.0,0.2873042,-10.13705,3.3566709,-0.73914695,0.8344419,0.7134906
609.0,0.033518825,-10.005369,3.347094,-0.73548174,0.82833326,0.74036866
617.0,-0.08140286,-9.967062,3.3518825,-0.66950834,0.81489426,0.77946407
628.0,-0.2825158,-10.110714,3.2202013,-0.5510005,0.7965683,0.829555
638.0,-0.34476504,-10.34774,3.028665,-0.37995818,0.77579886,0.874759
648.0,-0.35194764,-10.364499,2.9281087,-0.16126843,0.7623598,0.90285885
658.0,-0.3878607,-10.31901,2.930503,0.28710666,0.7476991,0.93951076
671.0,-0.44771573,-10.120291,2.8203697,0.28710666,0.7476991,0.93951076
678.0,-0.6344634,-9.983821,2.7748797,0.453262,0.7257079,0.9468411
689.0,-0.7757214,-9.854534,2.669535,0.6914995,0.6768387,0.89552844
698.0,-0.81642276,-9.560047,2.717419,0.79290307,0.65118235,0.8698721
711.0,-0.8571242,-9.313444,2.7365725,0.87109387,0.63163465,0.8588765
719.0,-0.7733272,-9.050082,2.5594015,0.9224065,0.61575216,0.8344419
731.0,-0.7326257,-8.798691,2.396596,0.93462384,0.6010914,0.8051204
739.0,-0.7637503,-8.839393,2.3654714,0.9138544,0.58276546,0.77824235
749.0,-0.8595184,-8.916007,2.5474305,0.89919364,0.5656612,0.7476991
760.0,-1.0151415,-8.995016,2.60968,0.9456194,0.5522222,0.7098254
771.0,-1.043872,-9.057265,2.7150247,1.070236,0.5412266,0.6731735
779.0,-1.2162545,-9.0237465,2.8491,1.2119566,0.53878313,0.6609562
791.0,-1.1803415,-8.939949,2.9616275,1.3048081,0.53023106,0.6597345
799.0,-1.1875241,-8.868123,3.0789435,1.3292428,0.5155703,0.6536258
811.0,-1.1899183,-8.738836,3.0119057,1.2779301,0.50579643,0.63529986
820.0,-1.1803415,-8.6095495,3.0119057,1.1753048,0.49602258,0.59620446
829.0,-1.328782,-8.516175,3.0765493,1.0372492,0.4886922,0.56321776
840.0,-1.4101849,-8.623915,3.1914709,0.90285885,0.47647488,0.54733527
851.0,-1.5011644,-8.801085,3.3039982,0.8454375,0.45814893,0.535118
859.0,-1.6663644,-8.971074,3.3518825,0.8857546,0.45204028,0.53023106
870.0,-1.7286136,-9.083601,3.4045548,0.96761054,0.4642576,0.548557
879.0,-1.8483237,-9.038112,3.5458126,1.028697,0.47158796,0.57787853
889.0,-1.8171991,-8.947132,3.5913026,1.0445796,0.4642576,0.6059783
899.0,-1.8387469,-8.944737,3.6224272,1.0177015,0.45448375,0.6218608
910.0,-1.7812861,-8.858546,3.7229836,0.9737192,0.44104472,0.6267477
918.0,-1.7525556,-8.925584,4.015076,0.9505063,0.42149702,0.6377433
928.0,-1.7764976,-9.052477,4.259285,0.9786061,0.4129449,0.6536258
938.0,-2.0015526,-9.28232,4.5777135,1.0800097,0.43249258,0.6646214
948.0,-2.2122424,-9.255983,4.84347,1.2205088,0.45570546,0.675617
958.0,-2.2697031,-9.002198,4.9943047,1.3255776,0.47647488,0.70371675
970.0,-2.4253263,-8.822633,4.9703627,1.3487904,0.50946164,0.7452556
978.0,-2.4540567,-8.585608,4.8362875,1.3048081,0.5314528,0.7819075
988.0,-2.5306711,-8.463503,4.8937483,1.210735,0.548557,0.8051204
997.0,-2.5474305,-8.480263,4.807557,1.1313224,0.548557,0.8258898
1009.0,-2.4636335,-8.59279,4.987122,1.105666,0.56688297,0.8491027
1018.0,-2.4995465,-8.767567,5.1259856,1.1484267,0.5925393,0.8698721
1029.0,-2.566584,-8.803479,5.2241483,1.2437216,0.61453044,0.88208944
1038.0,-2.6072857,-8.53054,5.233725,1.3206906,0.643852,0.893085
1047.0,-2.6312277,-8.106767,5.2624555,1.3231341,0.6646214,0.90285885
1057.0,-2.743755,-7.860164,5.233725,1.2290609,0.6792821,0.90408057
1068.0,-2.896984,-7.5968018,5.2600613,1.0616838,0.6780604,0.89675015
1077.0,-3.0550013,-7.4483614,5.2169657,0.8784242,0.67073005,0.8894198
1088.0,-3.0669725,-7.3549876,5.2504845,0.7293731,0.66706485,0.8943067
1097.0,-3.157952,-7.3190746,5.2265425,0.65484756,0.66339964,0.9016371
1123.0,-3.277662,-7.491457,5.195418,0.6731735,0.65240407,0.906524
1123.0,-3.3542767,-7.5225816,5.2026005,0.7867944,0.6389651,0.9089675
1127.0,-3.3638535,-7.4962454,5.097255,0.95905846,0.63163465,0.9211848
1137.0,-3.5170822,-7.3789296,5.291186,1.1472049,0.6267477,0.9407325
1148.0,-3.5913026,-7.1993647,5.475539,1.3365731,0.61086524,0.956615
1157.0,-3.7134068,-6.991069,5.659893,1.5161675,0.59864795,0.9663888
1168.0,-3.8259344,-6.7205243,5.693412,1.6554449,0.5925393,0.9737192
1177.0,-3.8977604,-6.4499793,5.626374,1.7311921,0.5864306,0.9786061
1187.0,-3.9480386,-6.0046577,5.341464,1.7348573,0.5876524,0.98349303
1214.0,-4.050989,-5.580884,5.2241483,1.6749926,0.5925393,0.98715824
1214.0,-4.2042184,-5.106832,5.2169657,1.5625933,0.5815437,0.98837996
1218.0,-4.2521024,-4.8578353,5.3486466,1.4269812,0.56688297,0.98715824
1232.0,-4.3358994,-5.1235914,5.568913,1.314582,0.5497787,0.9810496
1237.0,-4.4580035,-5.7628436,5.767632,1.3060299,0.5375614,0.95294976
1256.0,-4.4220905,-6.1507044,6.021417,1.4660766,0.52290064,0.89552844
1260.0,-4.5274353,-5.920861,6.0525417,1.7629571,0.5204572,0.8417723
1320.0,-4.6710877,-5.351041,6.136339,2.048842,0.5314528,0.83077675
1320.0,-4.6232033,-4.6471453,6.14831,2.180789,0.53878313,0.86009824
1320.0,-4.6926355,-4.098873,6.203377,2.1429152,0.5338962,0.8943067
1320.0,-4.7620673,-3.7373488,5.9926867,1.9975294,0.5375614,0.906524
1320.0,-4.805163,-3.4883518,6.0142345,1.7873917,0.5522222,0.893085
1320.0,-4.939238,-3.572149,6.045359,1.5332718,0.55955255,0.87109387
1335.0,-5.080496,-3.5338416,6.129156,1.287704,0.5522222,0.84299403
1359.0,-5.2409077,-3.4141316,6.291962,1.105666,0.54000485,0.8210029
1359.0,-5.3007627,-3.5865142,6.5361705,0.9896017,0.5326745,0.81489426
1359.0,-5.317522,-3.8666358,6.591237,0.94806284,0.5314528,0.80878556
1379.0,-5.3223104,-4.0557775,6.5002575,1.0042624,0.5338962,0.77457714
1379.0,-5.353435,-3.7972038,6.4978633,1.1557571,0.54000485,0.7330383
1389.0,-5.556942,-3.3207579,6.409278,1.3133603,0.5375614,0.72692966
1398.0,-5.6407394,-3.040636,6.3350577,1.3927728,0.5326745,0.75747293
1408.0,-5.7029886,-2.7126305,6.3661823,1.4086553,0.5204572,0.8026769
1428.0,-5.753267,-2.80361,6.4739213,1.3927728,0.5131268,0.8381071
1428.0,-5.7269306,-2.825158,6.495469,1.3671165,0.5143485,0.8588765
1447.0,-5.793968,-2.8179753,6.579266,1.3329079,0.5119051,0.8698721
1449.0,-5.829881,-2.753332,6.655881,1.2754866,0.49602258,0.874759
1458.0,-5.913678,-2.6599581,6.658275,1.2205088,0.47769663,0.8686504
1470.0,-6.0716953,-2.6623523,6.622362,1.1972959,0.45570546,0.84788096
1479.0,-6.069301,-2.6120741,6.679823,1.2119566,0.43982297,0.8222246
1495.0,-6.1866174,-2.420538,6.7324953,1.2449434,0.42760566,0.8063421
1511.0,-6.220136,-2.1499932,6.6486983,1.287704,0.41783184,0.8002335
1511.0,-6.2632318,-1.6879122,6.6103907,1.2974777,0.40561453,0.80756384
1521.0,-6.279991,-1.3982137,6.5218053,1.1569787,0.3921755,0.84421575
1535.0,-6.3230867,-1.0821792,6.3685765,1.0506883,0.37995818,0.8588765
1539.0,-6.3781533,-1.0989386,6.457162,0.9639453,0.3652974,0.86620694
1550.0,-6.4284315,-1.1659763,6.4427967,0.9309586,0.35185838,0.874759
1558.0,-6.4260373,-1.1923125,6.5816603,0.9578367,0.34208453,0.8881981
1570.0,-6.5002575,-1.2186487,6.5864487,1.0225884,0.33108896,0.89919364
1578.0,-6.528988,-1.1180922,6.5960255,1.1081096,0.31520647,0.90041536
1588.0,-6.600814,-0.79008657,6.5481415,1.1985176,0.30909783,0.8979719
1598.0,-6.622362,-0.49320555,6.409278,1.2730432,0.30665436,0.89675015
1608.0,-6.6415157,-0.16519992,6.3446345,1.3219124,0.30176744,0.906524
1619.0,-6.6367273,0.09816227,6.2871737,1.3292428,0.29443705,0.9334021
1631.0,-6.576872,0.15083471,6.256049,1.3182472,0.29565877,0.9627236
1639.0,-6.5457473,0.22026655,6.363788,1.3158038,0.29932398,0.9822713
1650.0,-6.5337763,0.30645782,6.4427967,1.3292428,0.29932398,0.9944886
1671.0,-6.528988,0.2777274,6.5505357,1.3170254,0.29810223,1.0067059
1671.0,-6.528988,0.3854665,6.481104,1.2767084,0.30298916,1.0054842
1699.0,-6.555324,0.5722142,6.337452,1.2449434,0.30543262,0.9773844
1699.0,-6.6630635,0.82360536,6.1507044,1.2168436,0.31031954,0.9468411
1699.0,-6.691794,1.115698,5.9184666,1.1716396,0.31398472,0.9285152
1709.0,-6.691794,1.3072342,5.78918,1.1129965,0.312763,0.9260717
1723.0,-6.7564373,1.472434,5.657499,1.0580186,0.31031954,0.9297369
1729.0,-6.7348895,1.6424223,5.7269306,1.0054842,0.30543262,0.9370673
1740.0,-6.7708025,1.6831238,5.901707,0.9663888,0.30176744,0.9456194
1751.0,-6.7324953,1.8148049,5.973533,0.9468411,0.3005457,0.95905846
1759.0,-6.7612257,1.9033904,6.0046577,0.95294976,0.29810223,0.97005403
1795.0,-6.7708025,2.0350714,5.9064956,0.95905846,0.2883284,0.97494096
1795.0,-6.727707,2.2218192,5.7149596,0.9309586,0.28221974,0.9761627
1795.0,-6.7109475,2.3223755,5.4444146,0.87109387,0.28344148,0.9639453
1806.0,-6.7612257,2.542642,5.4300494,0.8063421,0.2846632,0.93584555
1810.0,-6.655881,2.681506,5.3079453,0.75869465,0.27855456,0.91507614
1819.0,-6.5960255,2.8299465,5.427655,0.71959925,0.28099802,0.906524
1830.0,-6.7085533,2.908955,5.422867,0.72326446,0.27977628,0.9077458
1839.0,-6.8043213,2.9855695,5.425261,0.75991637,0.27122417,0.91751957
1849.0,-6.727707,3.0430303,5.353435,0.7855727,0.26267207,0.9297369
1859.0,-6.7947445,3.2728736,5.2121773,0.79168135,0.2565634,0.9272934
1871.0,-6.727707,3.4141316,5.1882353,0.784351,0.24801129,0.9126327
1878.0,-6.7133417,3.632004,5.0876784,0.77091193,0.24190263,0.8979719
1889.0,-6.5984197,3.7948096,5.1355624,0.75747293,0.24312437,0.88453287
1900.0,-6.5265937,3.7900212,5.056554,0.7476991,0.24801129,0.86498517
1909.0,-6.6271505,3.857059,5.097255,0.75502944,0.25411993,0.8332202
1920.0,-6.5816603,3.9695864,4.9536033,0.77213365,0.2565634,0.8051204
1931.0,-6.7372837,4.0916905,4.817134,0.77457714,0.25289822,0.7867944
1939.0,-6.7324953,4.249708,4.687847,0.75991637,0.25411993,0.7672467
1949.0,-6.754043,4.498705,4.546589,0.74281216,0.25045475,0.7464773
1958.0,-6.7229185,4.572925,4.5274353,0.72204274,0.2443461,0.73548174
1970.0,-6.5960255,4.7548847,4.582502,0.689056,0.23945917,0.7257079
1979.0,-6.50744,4.6926355,4.5681367,0.6414085,0.24190263,0.71959925
1990.0,-6.397307,4.618415,4.5657425,0.58276546,0.25289822,0.7086037
1998.0,-6.519411,4.63278,4.606444,0.53878313,0.25289822,0.68539083
2008.0,-6.5385647,4.745308,4.6279917,0.5155703,0.24678956,0.6609562
2019.0,-6.5505357,4.817134,4.5082817,0.51068336,0.2406809,0.6450737
2029.0,-6.5744777,4.9057193,4.4436383,0.516792,0.2406809,0.63407815
2038.0,-6.579266,5.035006,4.4675803,0.52656585,0.23823744,0.6230826
2051.0,-6.519411,5.032612,4.3358994,0.5314528,0.23457226,0.61086524
2061.0,-6.4499793,5.0302176,4.426879,0.5314528,0.23701571,0.5925393
2071.0,-6.4523735,5.0757074,4.441244,0.52290064,0.23579398,0.57787853
2080.0,-6.4140663,5.21936,4.3885717,0.50823987,0.23090707,0.5705481
2092.0,-6.2847795,5.2528787,4.2281604,0.48502702,0.2321288,0.5681047
2101.0,-6.301539,5.2600613,4.1371803,0.44104472,0.24556783,0.56321776
2113.0,-6.3781533,5.2265425,4.1132383,0.38973203,0.25534168,0.548557
2149.0,-6.4164605,5.209783,4.0557775,0.35185838,0.25778514,0.5326745
2149.0,-6.4188547,5.365406,4.0462008,0.32742378,0.2565634,0.52290064
2149.0,-6.337452,5.470751,4.0557775,0.29565877,0.25778514,0.52656585
2149.0,-6.291962,5.533,4.1371803,0.2284636,0.2565634,0.54244834
2160.0,-6.227319,5.5018754,4.1491513,0.13805555,0.26267207,0.5534439
2172.0,-6.2009826,5.425261,4.2401314,0.07696902,0.26633725,0.5510005
2180.0,-6.26802,5.4300494,4.369418,0.062308256,0.2602286,0.5546656
2191.0,-6.1507044,5.4180784,4.3502645,0.07819075,0.25045475,0.5656612
2202.0,-6.1626754,5.3678,4.2544966,0.119729586,0.25411993,0.56199604
2213.0,-6.227319,5.592855,4.1659107,0.18325958,0.24801129,0.5412266
2221.0,-6.1746464,5.705383,4.158728,0.23090707,0.24678956,0.52656585
2234.0,-6.2392898,5.913678,4.1371803,0.25167647,0.25778514,0.5180137
2241.0,-6.167464,6.021417,4.1539397,0.26145032,0.25778514,0.51068336
2250.0,-6.0645127,6.0764837,4.060566,0.25778514,0.26267207,0.50701815
2260.0,-6.143522,6.1219735,3.9576154,0.25167647,0.25778514,0.5045747
2468.0,-6.205771,6.160281,3.9217024,0.25289822,0.25045475,0.50579643
2468.0,-6.169858,6.2728086,3.9336734,0.26633725,0.24678956,0.50701815
2468.0,-6.208165,6.203377,3.8618474,0.3005457,0.2284636,0.49846604
2468.0,-6.157887,6.277597,3.8642416,0.33475417,0.2321288,0.47891834
2468.0,-6.126762,6.4882865,3.8618474,0.35918877,0.2284636,0.4569272
2468.0,-6.129156,6.6056023,3.7804444,0.35796702,0.22113322,0.4361578
2468.0,-6.1650696,6.754043,3.6224272,0.33841935,0.21746802,0.4166101
2468.0,-6.0860605,6.730101,3.5865142,0.31398472,0.204029,0.40683624
2468.0,-6.007052,6.76362,3.5098996,0.2443461,0.18081611,0.40317106
2468.0,-6.0022635,6.8091097,3.4859576,0.20647246,0.17470746,0.39706242
2468.0,-5.947197,6.634333,3.4117374,0.16982053,0.16493362,0.376293
2468.0,-5.971139,6.5577183,3.3614593,0.15515977,0.15882497,0.344528
2468.0,-5.9280434,6.634333,3.3279405,0.23945917,0.21135938,0.52290064
2468.0,-7.955932,1.7549498,4.525041,0.06719518,0.06841691,0.27000242
2468.0,-5.9519854,7.0485296,2.920926,0.014660766,0.04153884,0.27488935
2468.0,-5.8322754,6.9886746,2.9975405,-0.018325957,0.019547688,0.27366763
2468.0,-5.7748146,6.9024835,3.110068,-0.008552114,0.007330383,0.2724459
2477.0,-5.734113,6.8067155,3.1747115,0.02565634,-0.008552114,0.2846632
2480.0,-5.729325,6.7731967,3.394978,0.056199603,-0.012217305,0.29565877
2490.0,-5.6646814,6.7205243,3.4524388,0.1160644,-0.02321288,0.27855456
2500.0,-5.78918,6.8569937,3.430891,0.19058995,-0.034208454,0.2565634
2510.0,-5.805939,6.8641763,3.4644098,0.23335053,-0.030543262,0.25534168
