21.0,1.1324574,-1.0007763,9.416395,0.0061086523,-0.014660766,-0.0012217305
21.0,1.1324574,-1.0007763,9.416395,0.16126843,0.14538592,-0.087964594
61.0,1.1994951,-1.0654198,9.167398,-0.0012217305,-0.22968534,-0.27000242
61.0,1.376666,-1.0534488,9.081207,-0.16371189,-0.42271876,-0.32498032
100.0,1.3623008,-0.9888053,9.0237465,-0.172264,0.34208453,0.017104227
100.0,1.3958195,-0.93852705,8.932767,-0.39950588,0.32253686,0.0
100.0,1.2952632,-0.9600749,8.822633,-0.74036866,0.087964594,-0.1001819
100.0,1.3431472,-1.115698,8.6574335,-1.1032226,-0.10629055,-0.18692477
100.0,1.4030021,-1.283292,8.528147,-1.4465289,-0.09040806,-0.20647246
100.0,1.4437037,-1.3575124,8.329428,-1.7006488,-0.09407325,-0.24190263
109.0,1.4053963,-1.3263878,8.396465,-1.8716911,-0.11728613,-0.28955013
119.0,1.42455,-1.460463,8.413225,-1.990199,-0.103847094,-0.3359759
131.0,1.5059528,-1.5346833,8.760384,-2.0708332,-0.05131268,-0.3811799
138.0,1.3120226,-1.5466543,8.987833,-2.13925,-0.029321533,-0.41050145
148.0,1.2497733,-1.70946,9.016563,-2.235767,-0.047647487,-0.40194935
159.0,1.079785,-1.697489,8.961497,-2.4178047,-0.0720821,-0.3640757
169.0,1.2282255,-1.7621324,8.748413,-2.679255,-0.05497787,-0.32742378
179.0,1.2018893,-2.0733786,8.508993,-2.982244,-0.02321288,-0.31398472
189.0,1.2880806,-2.5210943,8.322245,-3.2693508,0.017104227,-0.33841935
198.0,1.3120226,-3.1651347,8.015787,-3.435506,0.07941248,-0.3885103
209.0,1.2665327,-3.976769,7.9822683,-3.4562755,0.10873401,-0.43249258
219.0,1.352724,-4.757279,8.1163435,-3.363424,0.10873401,-0.453262
234.0,1.3982137,-5.4899044,8.336611,-3.1874948,0.10995574,-0.44348818
238.0,1.5514427,-6.2129536,8.48984,-2.9407053,0.12339478,-0.40683624
250.0,1.5873557,-6.555324,8.7053175,-2.6254988,0.10873401,-0.3933972
259.0,1.697489,-6.3685765,8.810662,-2.2992969,0.065973446,-0.41783184
270.0,1.6711528,-6.253655,8.781932,-2.0500638,0.034208454,-0.43004912
280.0,1.8004397,-6.066907,8.537724,-1.9339994,0.030543262,-0.3885103
289.0,1.6519991,-6.081272,8.228871,-1.9401081,0.03176499,-0.31520647
299.0,1.6232687,-6.3063273,7.9032598,-2.003638,0.030543262,-0.2565634
311.0,1.5490485,-6.519411,7.477092,-2.0891593,0.036651913,-0.23579398
319.0,1.5586253,-6.7684083,7.350199,-2.1343632,0.05375614,-0.23457226
330.0,1.6304513,-6.895301,7.335834,-2.1001546,0.06963864,-0.22602014
339.0,1.6543933,-7.177817,7.3166804,-1.9999728,0.073303826,-0.20280726
350.0,1.6280571,-7.429208,7.398083,-1.8497,0.07696902,-0.17592919
360.0,1.5705963,-7.627927,7.4124484,-1.6652187,0.073303826,-0.15027285
371.0,1.5969325,-7.61835,7.4148426,-1.4587462,0.06841691,-0.12583824
379.0,1.5634137,-7.735666,7.314286,-1.2437216,0.062308256,-0.10629055
389.0,1.4796166,-7.587225,7.1275387,-1.0360274,0.05009095,-0.089186326
400.0,1.4269443,-7.6375036,7.1059904,-0.8417723,0.043982297,-0.06963864
409.0,1.3814543,-7.6710224,6.967127,-0.6719518,0.032986723,-0.042760566
420.0,1.4197617,-7.5201874,6.754043,-0.46792278,0.015882496,0.0012217305
432.0,1.4317327,-7.457938,6.555324,-0.4642576,0.02321288,0.010995574
440.0,1.4077905,-7.4962454,6.5098343,-0.49113566,0.042760566,0.015882496
449.0,1.4652514,-7.4962454,6.4906807,-0.5131268,0.06719518,0.007330383
460.0,1.4293385,-7.457938,6.5337763,-0.5143485,0.09040806,-0.007330383
470.0,1.4556746,-7.5561004,6.6534867,-0.49968776,0.10751228,-0.021991149
480.0,1.460463,-7.48188,6.576872,-0.48624873,0.13194689,-0.028099801
490.0,1.3742718,-7.419631,6.5625067,-0.48380527,0.14782938,-0.028099801
500.0,1.2904748,-7.489063,6.459556,-0.49357912,0.16126843,-0.02321288
511.0,1.2808979,-7.5082164,6.3566055,-0.52656585,0.17959438,-0.010995574
522.0,1.2761095,-7.548918,6.3302693,-0.5876524,0.2003638,0.0012217305
534.0,1.2210429,-7.6351094,6.399701,-0.6560693,0.2321288,0.013439035
543.0,1.2066777,-7.785944,6.3949127,-0.69027776,0.25900686,0.021991149
554.0,1.1492168,-7.9511437,6.5840545,-0.6792821,0.29077184,0.030543262
564.0,1.1659763,-8.049306,6.619968,-0.6401868,0.31642818,0.040317107
572.0,1.1348516,-8.078036,6.7133417,-0.6047566,0.3359759,0.052534413
583.0,1.0319009,-8.147469,6.6870055,-0.59864795,0.36041048,0.0720821
593.0,1.0079589,-8.056489,6.6846113,-0.6096435,0.3848451,0.08674286
604.0,0.9504981,-8.078036,6.6486983,-0.6243043,0.4129449,0.095294975
614.0,0.78050977,-8.101978,6.531382,-0.63285637,0.44226643,0.103847094
622.0,0.7134721,-8.130709,6.4523735,-0.6426302,0.46914452,0.111177474
634.0,0.61770403,-8.118738,6.291962,-0.65240407,0.49235737,0.12095132
644.0,0.61052144,-8.238448,6.265626,-0.65118235,0.5131268,0.13316862
653.0,0.6512229,-8.276755,6.169858,-0.625526,0.535118,0.15149458
663.0,0.6871359,-8.425196,6.160281,-0.5852089,0.56077427,0.17470746
674.0,0.6679823,-8.645462,6.1890116,-0.535118,0.5888741,0.2003638
684.0,0.6895301,-8.853758,6.117185,-0.4728097,0.6169739,0.23090707
693.0,0.7086837,-8.949526,6.0740895,-0.41172317,0.6426302,0.26511553
702.0,0.6584055,-9.095572,6.078878,-0.35185838,0.66828656,0.2968805
713.0,0.61770403,-9.052477,5.9998693,-0.2932153,0.69027776,0.32620203
724.0,0.50757074,-9.011775,5.8921304,-0.23945917,0.7012733,0.35918877
736.0,0.37110126,-9.018958,5.837064,-0.19914207,0.70738196,0.39828414
742.0,0.18914193,-8.781932,5.7748146,-0.1881465,0.7098254,0.4373795
753.0,0.16998832,-8.772355,5.729325,-0.20280726,0.70738196,0.47036624
764.0,0.1364695,-8.738836,5.7963624,-0.22113322,0.70371675,0.49846604
774.0,0.11731588,-8.856153,5.81791,-0.21013765,0.70005155,0.52534413
782.0,0.110133275,-8.882488,5.791574,-0.16615535,0.6939429,0.5522222
794.0,0.074220255,-8.772355,5.66947,-0.105068825,0.68783426,0.57910025
802.0,0.05267244,-9.006987,5.4803276,-0.05375614,0.68783426,0.60231316
814.0,0.01436521,-8.992621,5.3678,-0.02076942,0.6927212,0.6133087
823.0,-0.050278235,-8.901642,5.269638,0.009773844,0.6927212,0.6206391
834.0,-0.11492168,-8.836999,5.133168,0.047647487,0.69027776,0.6365216
844.0,-0.18914193,-8.856153,5.0541596,0.087964594,0.68294734,0.66339964
854.0,-0.19393034,-8.793902,5.0541596,0.118507855,0.6768387,0.6914995
863.0,-0.25139117,-8.880095,5.149928,0.1441642,0.6792821,0.71837753
873.0,-0.30885202,-8.932767,5.161899,0.1881465,0.6792821,0.74281216
884.0,-0.34955344,-8.947132,5.097255,0.25900686,0.675617,0.7635816
894.0,-0.33039984,-8.918402,5.130774,0.3371976,0.66950834,0.784351
904.0,-0.47165772,-8.815451,5.035006,0.40317106,0.6646214,0.8038987
914.0,-0.61291564,-8.583213,4.999093,0.43860126,0.6560693,0.8210029
923.0,-0.5506664,-8.453926,4.9416323,0.43860126,0.64751714,0.8417723
934.0,-0.7254431,-8.3868885,4.9081135,0.42394048,0.6414085,0.86132
941.0,-0.82121116,-8.319851,4.8027687,0.41172317,0.6389651,0.87109387
952.0,-0.89543146,-8.195353,4.771644,0.4007276,0.6414085,0.88331115
962.0,-0.878672,-8.449138,4.807557,0.38973203,0.643852,0.9016371
973.0,-0.9911995,-8.463503,4.876989,0.39706242,0.6365216,0.9114109
981.0,-1.103727,-8.583213,5.0397944,0.4288274,0.63041294,0.91751957
991.0,-1.1851299,-8.564059,5.097255,0.48380527,0.625526,0.9224065
1001.0,-1.352724,-8.485051,5.209783,0.54367006,0.61086524,0.9285152
1011.0,-1.6041151,-8.183381,5.1235914,0.593761,0.59986967,0.9334021
1020.0,-1.6376339,-7.991845,5.0637364,0.61208695,0.5693264,0.9443977
1033.0,-1.6639702,-7.716512,5.0637364,0.58276546,0.5534439,0.9602802
1040.0,-1.745373,-7.603985,5.0397944,0.5216789,0.5534439,0.96883225
1050.0,-1.757344,-7.587225,5.1355624,0.47036624,0.54733527,0.9602802
1060.0,-1.7860745,-7.735666,5.183447,0.43982297,0.54611355,0.9456194
1070.0,-1.99437,-7.7308774,5.281609,0.4373795,0.5412266,0.93584555
1105.0,-2.2146366,-7.714118,5.3582234,0.44959682,0.5363397,0.93218035
1105.0,-2.267309,-7.699753,5.279215,0.45937067,0.52412236,0.93462384
1105.0,-2.3702598,-7.608773,5.3606176,0.4605924,0.5143485,0.93951076
1110.0,-2.360683,-7.457938,5.422867,0.43860126,0.50701815,0.9431759
1119.0,-2.4061728,-7.395689,5.547365,0.4092797,0.50946164,0.9431759
1131.0,-2.4013844,-7.335834,5.566519,0.39706242,0.51923543,0.93828905
1139.0,-2.5594015,-7.3166804,5.5521536,0.3933972,0.52290064,0.93462384
1151.0,-2.6743233,-7.240066,5.506664,0.38606682,0.5326745,0.9334021
1159.0,-2.8179753,-7.2831616,5.434838,0.37507126,0.54367006,0.93462384
1170.0,-2.944868,-7.28795,5.461174,0.36774087,0.54611355,0.93951076
1180.0,-3.0693667,-7.1395097,5.590461,0.37018433,0.548557,0.94806284
1189.0,-3.1866825,-7.16824,5.719748,0.38606682,0.5510005,0.94806284
1200.0,-3.2800562,-7.1849995,5.7748146,0.40317106,0.5534439,0.94806284
1224.0,-3.4141316,-7.1466923,5.74369,0.41905355,0.5534439,0.9639453
1224.0,-3.6032736,-7.0102224,5.6551046,0.41783184,0.54367006,1.0030408
1232.0,-3.679888,-6.9383965,5.645528,0.41783184,0.54367006,1.0030408
1239.0,-3.7062242,-6.835446,5.813122,0.3933972,0.54244834,1.0225884
1477.0,-3.7900212,-6.8450227,5.8083334,0.38728857,0.53878313,1.0323622
1477.0,-3.8738184,-6.706159,5.7843914,0.408058,0.5326745,1.0348058
1482.0,-4.050989,-6.6247563,5.60722,0.4361578,0.5216789,1.033584
1482.0,-4.1299977,-6.5218053,5.616797,0.44715336,0.5155703,1.0384709
1482.0,-4.220978,-6.459556,5.604826,0.40194935,0.51068336,1.0543534
1482.0,-4.3358994,-6.2823853,5.791574,0.37140608,0.50823987,1.0665708
1482.0,-4.4125137,-6.203377,5.841852,0.35918877,0.50823987,1.073901
1482.0,-4.5681367,-6.1123967,5.813122,0.3640757,0.51068336,1.0800097
1482.0,-4.6375685,-6.0285997,5.7843914,0.37751472,0.5143485,1.0861185
1482.0,-4.7309427,-6.0238113,5.6886234,0.3885103,0.50579643,1.097114
1482.0,-4.7381253,-6.0525417,5.595249,0.39095375,0.49846604,1.1178834
1482.0,-4.7979803,-6.045359,5.556942,0.39095375,0.49602258,1.1386528
1482.0,-4.8099513,-6.0238113,5.5880666,0.40194935,0.49480084,1.1496484
1482.0,-4.9057193,-6.0525417,5.6551046,0.41905355,0.49846604,1.1557571
1482.0,-4.9943047,-5.9783216,5.659893,0.453262,0.4972443,1.1618657
1482.0,-5.068525,-5.765238,5.616797,0.5204572,0.49968776,1.1679744
1482.0,-5.2241483,-5.5521536,5.506664,0.60231316,0.48991394,1.174083
1482.0,-5.2744265,-5.2265425,5.509058,0.64996064,0.48502702,1.1948525
1482.0,-5.281609,-5.130774,5.4922986,0.64751714,0.49357912,1.2217305
1482.0,-5.2409077,-5.056554,5.5377884,0.61941737,0.49602258,1.2351695
1482.0,-5.353435,-5.0038815,5.6000376,0.59498274,0.4972443,1.2302825
1482.0,-5.470751,-4.8722005,5.4803276,0.5852089,0.49846604,1.2241739
1482.0,-5.645528,-4.654328,5.45878,0.59131753,0.49846604,1.2266175
1482.0,-5.7604494,-4.594473,5.427655,0.6133087,0.49113566,1.2412782
1493.0,-5.815516,-4.6160207,5.5042696,0.65484756,0.48502702,1.2608259
1516.0,-5.765238,-4.5298295,5.497087,0.7257079,0.48991394,1.2754866
1516.0,-5.801151,-4.510676,5.523423,0.82344633,0.49113566,1.2840388
1525.0,-5.875371,-4.3287168,5.619191,0.9101892,0.48624873,1.287704
1575.0,-5.9687448,-3.964798,5.626374,0.9615019,0.48380527,1.2889256
1575.0,-6.0980315,-3.6296098,5.509058,0.97494096,0.48380527,1.2852604
1575.0,-6.3087215,-3.359065,5.3941364,0.9492846,0.4813618,1.2767084
1575.0,-6.4068837,-3.0813377,5.401319,0.8881981,0.46670106,1.2705997
1575.0,-6.38773,-2.9759927,5.3318872,0.8038987,0.45937067,1.269378
1588.0,-6.4020953,-3.0238767,5.4085016,0.7147123,0.4569272,1.2632693
1591.0,-6.3925185,-3.095703,5.3941364,0.6462954,0.45204028,1.2437216
1602.0,-6.481104,-3.2225955,5.351041,0.63529986,0.44348818,1.2180653
1612.0,-6.6295447,-3.0430303,5.2863975,0.68661255,0.43249258,1.1985176
1624.0,-6.8282633,-2.8754363,5.233725,0.77091193,0.41783184,1.1936307
1633.0,-6.8641763,-2.7269957,5.279215,0.83077675,0.39828414,1.2009611
1640.0,-6.7731967,-2.5330653,5.3366756,0.84299403,0.38728857,1.2070698
1653.0,-6.7947445,-2.267309,5.4085016,0.8393288,0.38606682,1.2070698
1668.0,-6.706159,-2.171541,5.4539914,0.8417723,0.38362336,1.2046263
1671.0,-6.703765,-1.9393034,5.4444146,0.85154617,0.38606682,1.1948525
1681.0,-6.8426285,-1.8435353,5.427655,0.86009824,0.38240165,1.1826351
1692.0,-6.8881183,-1.721431,5.281609,0.86009824,0.376293,1.1716396
1700.0,-7.038953,-1.4341269,5.121197,0.84665924,0.36896262,1.1569787
1710.0,-7.2472486,-1.2880806,4.9943047,0.8173377,0.34208453,1.1252137
1720.0,-7.264008,-1.115698,4.951209,0.7684685,0.3213151,1.0873401
1731.0,-7.2687964,-0.91458505,4.915296,0.7134906,0.29810223,1.0580186
1741.0,-7.1849995,-0.7541735,4.9344497,0.66339964,0.2846632,1.0433578
1752.0,-7.0365586,-0.6344634,5.140351,0.63407815,0.28221974,1.0323622
1763.0,-7.055712,-0.62488663,5.2480903,0.63041294,0.29565877,1.0079277
1772.0,-7.065289,-0.47405192,5.41329,0.63285637,0.30298916,0.9737192
1781.0,-7.1754227,-0.37588966,5.4204726,0.6365216,0.29810223,0.94806284
1791.0,-7.2328835,-0.25139117,5.377377,0.6585127,0.2883284,0.9334021
1800.0,-7.3549876,-0.17238252,5.1642933,0.68539083,0.27122417,0.92485
1813.0,-7.3406224,-0.08619126,5.035006,0.68783426,0.25900686,0.9126327
1821.0,-7.299921,0.06943185,4.9416323,0.6609562,0.23945917,0.8943067
1836.0,-7.2927384,0.1364695,4.8817773,0.61208695,0.22479841,0.8784242
1853.0,-7.311892,0.35434186,4.8219223,0.5693264,0.22357668,0.86009824
1853.0,-7.515399,0.5506664,4.867412,0.5534439,0.2321288,0.83199847
1905.0,-7.6973586,0.6823475,4.975151,0.5510005,0.21380283,0.8026769
1905.0,-7.61835,0.7589619,5.0278234,0.55833083,0.19303341,0.77946407
1905.0,-7.6135616,0.8858546,5.0254292,0.6072,0.18203785,0.7538077
1905.0,-7.642292,1.0366893,5.032612,0.6939429,0.172264,0.7257079
1905.0,-7.6470804,1.0654198,5.073313,0.7770206,0.1563815,0.70371675
1920.0,-7.620744,1.1659763,4.96318,0.8038987,0.1563815,0.68661255
1921.0,-7.615956,1.2066777,4.9583917,0.7819075,0.1600467,0.66706485
1933.0,-7.7452426,1.1779473,4.9536033,0.75625116,0.15760323,0.63407815
1940.0,-7.9008656,1.3575124,4.8722005,0.73548174,0.15515977,0.59742624
1952.0,-7.9846625,1.5658079,4.9057193,0.68783426,0.14905111,0.5852089
1961.0,-8.049306,1.7669208,4.771644,0.61819565,0.14905111,0.5925393
1971.0,-7.965509,1.7884687,5.0062757,0.5571091,0.14049901,0.5852089
1981.0,-7.917625,1.6136919,4.876989,0.51923543,0.15027285,0.5693264
1992.0,-7.9463553,1.5873557,4.996699,0.50823987,0.17470746,0.5571091
2001.0,-8.066066,1.5945383,5.116409,0.52412236,0.17959438,0.5497787
2011.0,-8.137892,1.5945383,4.9464207,0.5546656,0.172264,0.5497787
2021.0,-8.202535,1.6807296,5.080496,0.5888741,0.17959438,0.5534439
2033.0,-8.1402855,1.7549498,5.080496,0.63041294,0.19547687,0.5534439
2041.0,-8.087613,1.8698715,5.1116204,0.6719518,0.20647246,0.5546656
2052.0,-8.192958,1.9728222,5.0014873,0.6927212,0.21502456,0.56321776
2063.0,-8.288726,1.9919758,4.8578353,0.6805039,0.2284636,0.5717699
2072.0,-8.259995,2.2170308,4.72376,0.65240407,0.23579398,0.5766568
2085.0,-8.283937,2.3870192,4.644751,0.6133087,0.23457226,0.5839872
2091.0,-8.221688,2.348712,4.6902413,0.5644395,0.22968534,0.5876524
2101.0,-8.202535,2.5210943,4.654328,0.51923543,0.22968534,0.5900958
2113.0,-8.159439,2.5713725,4.6806645,0.5155703,0.2284636,0.59131753
2123.0,-8.094796,2.695871,4.6782703,0.54611355,0.24312437,0.5864306
2135.0,-8.185776,2.7748797,4.6399627,0.6010914,0.24556783,0.5900958
2143.0,-8.173804,2.8323407,4.606444,0.6377433,0.23701571,0.59620446
2154.0,-8.034941,2.870648,4.4939165,0.64751714,0.23823744,0.6035349
2163.0,-8.078036,2.8778305,4.331111,0.65118235,0.22968534,0.6096435
2174.0,-8.0684595,3.0095115,4.1826706,0.643852,0.22724187,0.6169739
2184.0,-8.085219,3.098097,4.1611223,0.6218608,0.21746802,0.6243043
2199.0,-8.027759,3.1531637,4.1491513,0.59131753,0.19914207,0.625526
2226.0,-7.941567,3.2800562,4.0054994,0.5644395,0.19181168,0.61941737
2226.0,-7.9248075,3.3925838,3.9959226,0.54611355,0.17837265,0.6169739
2227.0,-7.872135,3.4955344,4.0054994,0.5290093,0.15515977,0.61575216
2234.0,-7.740454,3.4715924,3.976769,0.50823987,0.14538592,0.6035349
2241.0,-7.750031,3.53863,3.9552212,0.5045747,0.13561209,0.5815437
2253.0,-7.776367,3.6008794,4.0054994,0.52778757,0.12950343,0.56688297
2264.0,-7.7548194,3.7924154,3.9935284,0.5705481,0.11728613,0.56077427
2274.0,-7.666234,3.8019924,3.9456444,0.6133087,0.105068825,0.5546656
2283.0,-7.716512,3.7373488,3.7780502,0.6414085,0.111177474,0.54733527
2295.0,-7.7452426,3.775656,3.7493198,0.6658431,0.11484267,0.5338962
2303.0,-7.8888946,3.8762126,3.7062242,0.689056,0.105068825,0.51923543
2314.0,-7.797915,3.9791632,3.6487634,0.6988298,0.08674286,0.50823987
2324.0,-7.7069354,4.0294414,3.655946,0.68539083,0.06841691,0.4886922
2336.0,-7.644686,4.060566,3.5984852,0.6621779,0.058643065,0.46303585
2345.0,-7.654263,4.2185836,3.5936968,0.61941737,0.058643065,0.44837508
2356.0,-7.52737,4.333505,3.6391866,0.5644395,0.052534413,0.44348818
2365.0,-7.433996,4.321534,3.58412,0.5143485,0.04642576,0.43493605
2377.0,-7.517793,4.390966,3.6942532,0.45937067,0.058643065,0.42760566
2387.0,-7.469909,4.2664676,3.679888,0.4092797,0.073303826,0.42394048
2397.0,-7.606379,4.345476,3.7134068,0.37873647,0.08674286,0.41905355
2407.0,-7.654263,4.3119574,3.596091,0.35185838,0.087964594,0.41050145
2418.0,-7.6231384,4.31914,3.5673606,0.3213151,0.09040806,0.4007276
2425.0,-7.6015906,4.321534,3.5218706,0.2968805,0.09162979,0.39095375
2438.0,-7.5465236,4.498705,3.5290532,0.2883284,0.087964594,0.3885103
2447.0,-7.539341,4.582502,3.502717,0.2968805,0.09285152,0.3933972
2457.0,-7.4483614,4.5920787,3.478775,0.31642818,0.09162979,0.4007276
2467.0,-7.4387846,4.699818,3.5529952,0.34208453,0.08307768,0.40317106
2477.0,-7.4268136,4.8506527,3.4572272,0.37018433,0.08674286,0.40439278
2487.0,-7.4483614,4.745308,3.4524388,0.3933972,0.09773844,0.39706242
2497.0,-7.398083,4.735731,3.4955344,0.4166101,0.096516706,0.37751472
