55.0,0.89303726,-0.5554548,9.629479,0.007330383,-0.02076942,-0.0012217305
55.0,1.1779473,-0.24181437,9.461885,0.15271631,0.13072516,-0.07574729
73.0,1.1755531,-0.08140286,9.344569,-0.07574729,-0.24801129,-0.31764993
73.0,1.1611878,-0.22984336,9.26556,-0.6243043,-0.376293,-0.34697145
81.0,1.0271125,-0.5530606,9.220071,-1.1093313,0.45448375,0.0012217305
89.0,0.8834604,-1.0486604,9.303867,-1.8057177,0.5290093,-0.02565634
99.0,0.80924016,-1.4700398,9.306262,-2.430022,0.40439278,-0.15027285
109.0,0.79966336,-1.7669208,9.251195,-2.6352727,0.27000242,-0.27122417
119.0,0.81881696,-2.0685902,9.277532,-2.64749,0.28710666,-0.31642818
129.0,0.8355764,-2.2337902,9.19134,-2.6145031,0.3005457,-0.33841935
141.0,0.878672,-2.504335,9.172187,-2.5900686,0.312763,-0.33108896
149.0,0.8619126,-2.731784,8.908825,-2.6035078,0.31764993,-0.30665436
160.0,0.94331545,-3.0573955,8.664616,-2.6426032,0.32253686,-0.28710666
169.0,0.81642276,-3.3303347,8.441956,-2.6951375,0.33353242,-0.28955013
181.0,0.80445176,-3.727772,8.243237,-2.7464502,0.34330627,-0.3200934
189.0,0.82599956,-3.8786068,8.099585,-2.7806585,0.35063666,-0.36163223
200.0,0.7613561,-4.072537,7.884106,-2.8319712,0.36285394,-0.39461896
209.0,0.6943185,-4.2185836,7.4746976,-2.918714,0.36041048,-0.4092797
219.0,0.6464345,-4.4963107,7.1490865,-3.0433307,0.34208453,-0.39461896
229.0,0.5770026,-4.9344497,6.9407907,-3.1850514,0.33475417,-0.35308012
239.0,0.56982,-5.365406,6.8929067,-3.2901201,0.30909783,-0.3042109
249.0,0.5554548,-5.961562,6.885724,-3.3206635,0.28710666,-0.26267207
261.0,0.63206923,-6.217742,6.9360023,-3.3292155,0.29443705,-0.25289822
270.0,0.58418524,-6.495469,7.005434,-3.3389895,0.2968805,-0.2773328
281.0,0.62967503,-6.7971387,7.055712,-3.19116,0.25778514,-0.30787608
290.0,0.5650316,-7.505822,6.9503675,-3.19116,0.25778514,-0.30787608
300.0,0.58897364,-8.192958,6.849811,-2.978579,0.23823744,-0.2443461
311.0,0.6655881,-8.7125,6.6510925,-2.6988027,0.22968534,-0.16126843
321.0,0.62728083,-8.726865,6.5361705,-2.420248,0.25534168,-0.12339478
331.0,0.39264908,-8.779537,6.4643445,-2.0292943,0.32986724,-0.18325958
341.0,0.19393034,-8.913613,6.5098343,-1.9181169,0.3555236,-0.17959438
350.0,0.023942016,-9.081207,6.5936313,-1.8594738,0.36651915,-0.12461651
361.0,-0.062249243,-9.502586,6.6965823,-1.7983873,0.36285394,-0.05009095
371.0,-0.009576807,-9.715671,6.615179,-1.6847663,0.35063666,0.009773844
383.0,0.08619126,-9.7084875,6.4308257,-1.5149459,0.34330627,0.04520403
390.0,0.20350714,-9.507375,6.205771,-1.3158038,0.35918877,0.07941248
401.0,0.10534488,-9.516952,6.2345014,-1.1325442,0.40683624,0.13194689
411.0,-0.11971009,-9.706094,6.179435,-0.98715824,0.45448375,0.20769419
421.0,-0.32321724,-9.730036,6.279991,-0.87964594,0.50701815,0.28588495
431.0,-0.51475334,-9.569624,6.363788,-0.8173377,0.5571091,0.33841935
442.0,-0.6823475,-9.615114,6.5002575,-0.784351,0.59620446,0.35796702
451.0,-0.8595184,-9.610326,6.6175733,-0.73792523,0.6096435,0.36651915
461.0,-0.8714894,-9.442732,6.543353,-0.66828656,0.62796944,0.3921755
471.0,-1.1013328,-9.349358,6.5385647,-0.57787853,0.65118235,0.4373795
482.0,-1.1994951,-9.224859,6.4140663,-0.47403142,0.66950834,0.47158796
491.0,-1.2856863,-9.157822,6.277597,-0.36285394,0.6780604,0.50335294
502.0,-1.3431472,-9.018958,6.1866174,-0.2846632,0.6817256,0.5510005
510.0,-1.400608,-9.083601,5.997475,-0.23457226,0.6780604,0.6059783
521.0,-1.3838485,-9.138668,5.9280434,-0.2125811,0.6805039,0.66828656
531.0,-1.4269443,-9.193734,5.827487,-0.24190263,0.6805039,0.74036866
541.0,-1.2904748,-9.124303,5.6982,-0.2773328,0.66950834,0.7965683
551.0,-1.328782,-9.157822,5.5880666,-0.2968805,0.6719518,0.8258898
564.0,-1.4508862,-9.112331,5.41329,-0.312763,0.6768387,0.8454375
572.0,-1.6448165,-9.093178,5.2887917,-0.31642818,0.6792821,0.8576548
585.0,-1.8315643,-9.150639,5.1690817,-0.2761111,0.6731735,0.86376345
593.0,-1.8866309,-9.129091,5.085284,-0.19792034,0.657291,0.8698721
603.0,-1.8531121,-8.956709,5.0397944,-0.09040806,0.64751714,0.8772025
614.0,-1.8555063,-8.868123,4.8626237,0.04153884,0.6426302,0.88086766
625.0,-1.9800048,-8.868123,4.7979803,0.16493362,0.6365216,0.8943067
634.0,-2.1332338,-8.791509,4.7907977,0.25167647,0.643852,0.91629785
645.0,-2.1140802,-8.798691,4.8362875,0.30909783,0.64996064,0.9334021
654.0,-2.2050598,-8.508993,4.759673,0.3408628,0.6536258,0.94806284
667.0,-2.3702598,-8.449138,4.8362875,0.3555236,0.6609562,0.956615
673.0,-2.3989902,-8.343793,4.8578353,0.3555236,0.66828656,0.9639453
685.0,-2.5306711,-8.257602,4.9176903,0.34574974,0.6768387,0.97127575
695.0,-2.6288335,-8.221688,4.996699,0.35430184,0.6780604,0.97494096
704.0,-2.5833437,-8.169016,4.9943047,0.3933972,0.675617,0.9786061
715.0,-2.6001031,-8.12592,4.9464207,0.45081854,0.675617,0.98349303
722.0,-2.6144683,-7.9248075,4.865018,0.50579643,0.6817256,0.9786061
731.0,-2.7389667,-7.8505874,4.7548847,0.5448918,0.6805039,0.9627236
742.0,-2.8275523,-7.8410106,4.759673,0.5644395,0.6817256,0.9443977
752.0,-2.9161377,-7.78355,4.654328,0.5497787,0.68294734,0.93828905
761.0,-2.9520507,-7.759608,4.6710877,0.5119051,0.6731735,0.93951076
773.0,-3.028665,-7.764396,4.699818,0.4813618,0.657291,0.9334021
784.0,-3.157952,-7.752425,4.7022123,0.4654793,0.63163465,0.9211848
793.0,-3.169923,-7.848193,4.7405195,0.45937067,0.6084218,0.9126327
804.0,-3.2154129,-7.8027034,4.699818,0.47158796,0.5766568,0.9126327
813.0,-3.2944214,-7.750031,4.7644615,0.49968776,0.55833083,0.9138544
824.0,-3.5194764,-7.8290396,4.7548847,0.5534439,0.5338962,0.9101892
832.0,-3.58412,-7.8146744,4.663905,0.6243043,0.50579643,0.9016371
843.0,-3.6511576,-7.797915,4.6375685,0.70249504,0.4801401,0.90041536
853.0,-3.715801,-7.73806,4.5322237,0.7684685,0.453262,0.9114109
865.0,-3.7325604,-7.69257,4.5178585,0.8173377,0.42394048,0.9260717
873.0,-3.787627,-7.651869,4.5418005,0.86009824,0.40194935,0.93218035
883.0,-3.6415808,-7.5968018,4.642357,0.8943067,0.39095375,0.93218035
893.0,-3.7181952,-7.5082164,4.7620673,0.9297369,0.3726278,0.9297369
912.0,-3.809175,-7.4723034,4.8123455,0.9627236,0.35430184,0.9211848
912.0,-3.9336734,-7.369353,4.8841715,0.98837996,0.3408628,0.91751957
923.0,-3.9193082,-7.2664022,4.817134,1.0213667,0.32742378,0.9224065
932.0,-4.0198646,-7.1251445,4.7788267,1.0555751,0.31764993,0.9309586
942.0,-4.1299977,-6.9479733,4.8698063,1.073901,0.3042109,0.9407325
951.0,-4.1491513,-6.847417,4.8219223,1.0812315,0.2883284,0.9615019
962.0,-4.295198,-6.835446,5.0014873,1.0824533,0.27977628,0.9822713
971.0,-4.39336,-6.727707,5.1355624,1.0897835,0.27366763,0.99204516
983.0,-4.4795513,-6.655881,5.231331,1.1068878,0.27000242,0.98837996
991.0,-4.5274353,-6.43322,5.3486466,1.1349876,0.26145032,0.98349303
1002.0,-4.654328,-6.220136,5.3199162,1.1618657,0.25167647,0.98715824
1011.0,-4.7070007,-5.98311,5.303157,1.1838568,0.24923302,0.99082345
1021.0,-4.817134,-5.6766524,5.233725,1.1936307,0.24801129,0.99082345
1031.0,-4.8841715,-5.415684,5.1523223,1.1911873,0.23457226,0.98471475
1051.0,-4.9176903,-5.1786585,5.2504845,1.1850786,0.21135938,0.9737192
1051.0,-4.9679685,-5.0541596,5.3941364,1.1814134,0.18692477,0.9627236
1061.0,-5.035006,-5.0900726,5.616797,1.1972959,0.1600467,0.956615
1073.0,-5.106832,-4.9799395,5.81791,1.2620476,0.13072516,0.9578367
1304.0,-5.068525,-5.0374002,6.021417,1.491733,0.06352998,0.9627236
1304.0,-5.0996494,-5.0254292,6.030994,1.491733,0.06352998,0.9627236
1304.0,-4.9583917,-4.55856,6.3063273,1.7299703,0.030543262,0.9419542
1304.0,-4.9823337,-4.3167458,6.4188547,1.8362609,0.02687807,0.906524
1304.0,-5.08289,-4.0773253,6.495469,1.9071213,0.030543262,0.86620694
1304.0,-5.245696,-3.9863458,6.4260373,1.926669,0.040317107,0.8381071
1304.0,-5.305551,-3.7708676,6.4739213,1.9181169,0.047647487,0.8222246
1304.0,-5.2959743,-3.6272156,6.5361705,1.8887954,0.058643065,0.8222246
1304.0,-5.3965306,-3.5075054,6.631939,1.8277088,0.073303826,0.8356637
1304.0,-5.3965306,-3.3446999,6.813898,1.736079,0.0842994,0.8491027
1304.0,-5.386954,-3.1292217,6.897695,1.640784,0.09896017,0.8527679
1304.0,-5.4539914,-2.8419175,6.9838862,1.5503759,0.118507855,0.84788096
1304.0,-5.4539914,-2.8179753,6.991069,1.4526376,0.14049901,0.84665924
1304.0,-5.542577,-2.741361,7.00304,1.3561208,0.16371189,0.85154617
1304.0,-5.6120086,-2.7700913,6.9838862,1.2889256,0.18203785,0.8539896
1304.0,-5.6527104,-2.755726,7.007828,1.269378,0.20158553,0.84788096
1304.0,-5.758055,-2.5115175,6.933608,1.282817,0.22479841,0.84299403
1304.0,-5.7724204,-2.2146366,6.9599442,1.3170254,0.25534168,0.8417723
1304.0,-5.825093,-1.8722657,7.07726,1.3524556,0.28710666,0.8491027
1304.0,-5.731719,-1.8339585,7.015011,1.3658947,0.31520647,0.8564331
1304.0,-5.681441,-1.7118542,6.955156,1.3414601,0.34208453,0.8564331
1304.0,-5.74369,-1.6041151,6.933608,1.2901474,0.36896262,0.8503244
1304.0,-5.827487,-1.2378023,6.825869,1.2315043,0.3933972,0.8368854
1354.0,-5.901707,-1.0582372,6.7205243,1.1655309,0.41416663,0.8222246
1354.0,-6.1243677,-0.8595184,6.646304,1.0824533,0.4373795,0.81489426
1354.0,-6.217742,-0.7350199,6.5625067,0.9981538,0.45081854,0.80878556
1354.0,-6.2345014,-0.6488287,6.5481415,0.91507614,0.45814893,0.8014552
1354.0,-6.2345014,-0.46686932,6.658275,0.82344633,0.46670106,0.79901177
1383.0,-6.1530986,-0.45489833,6.50744,0.73426,0.47036624,0.79901177
1383.0,-6.2105594,-0.37110126,6.6103907,0.6658431,0.47891834,0.79412484
1383.0,-6.253655,-0.3878607,6.5481415,0.6389651,0.4801401,0.77946407
1397.0,-6.196194,-0.40222588,6.4763155,0.6426302,0.47769663,0.7648033
1403.0,-6.3350577,-0.22984336,6.38773,0.657291,0.4801401,0.75747293
1412.0,-6.4140663,-0.093373865,6.375759,0.6780604,0.49480084,0.752586
1422.0,-6.4787097,0.07182605,6.3111157,0.6951646,0.5045747,0.7501425
1432.0,-6.4763155,0.08619126,6.208165,0.69027776,0.5021312,0.75136423
1444.0,-6.5122285,0.08140286,6.253655,0.6658431,0.5021312,0.752586
1452.0,-6.5577183,0.18195933,6.315904,0.65484756,0.4972443,0.7501425
1463.0,-6.555324,0.20111294,6.2249246,0.6743952,0.4886922,0.7476991
1472.0,-6.615179,0.35673606,6.2632318,0.70616025,0.47891834,0.7464773
1483.0,-6.6510925,0.4285621,6.2584434,0.73792523,0.47769663,0.7452556
1492.0,-6.682217,0.50278234,6.2392898,0.7611381,0.47036624,0.74281216
1503.0,-6.7013707,0.7206547,6.090849,0.766025,0.46303585,0.73792523
1513.0,-6.727707,0.80924016,6.0860605,0.75747293,0.45937067,0.7318166
1524.0,-6.7253127,0.9624691,6.093243,0.75991637,0.453262,0.7244862
1532.0,-6.7133417,0.94810385,5.961562,0.7623598,0.4361578,0.72326446
1543.0,-6.777985,1.0247183,5.9783216,0.752586,0.42394048,0.7293731
1553.0,-6.7827735,1.1540052,5.947197,0.7501425,0.4202753,0.72692966
1563.0,-6.8282633,1.3862427,5.851429,0.7623598,0.4129449,0.71959925
1573.0,-6.9383965,1.4820108,5.681441,0.75869465,0.39828414,0.71959925
1586.0,-7.026982,1.5969325,5.6886234,0.74036866,0.38728857,0.72326446
1593.0,-7.0126166,1.6831238,5.647922,0.7293731,0.36774087,0.72082096
1605.0,-6.9623384,1.7549498,5.631162,0.73426,0.34574974,0.71959925
1614.0,-6.9719152,1.7669208,5.6239796,0.75747293,0.33475417,0.72204274
1638.0,-7.0102224,1.9680338,5.592855,0.7892379,0.32498032,0.72692966
1638.0,-7.00304,2.066196,5.60722,0.7965683,0.312763,0.7330383
1658.0,-6.9982514,2.1164744,5.6790466,0.7806858,0.30787608,0.7367035
1658.0,-6.95755,2.0973208,5.6551046,0.7672467,0.3005457,0.73914695
1753.0,-6.9503675,2.1619642,5.521029,0.7635816,0.2919936,0.7452556
1753.0,-6.8929067,2.1978772,5.473145,0.7733554,0.2846632,0.7464773
1753.0,-6.945579,2.3582888,5.3845596,0.7806858,0.28221974,0.74281216
1753.0,-6.9479733,2.6168625,5.2241483,0.7672467,0.29077184,0.73548174
1753.0,-7.0341644,2.932897,5.233725,0.74036866,0.2968805,0.72692966
1753.0,-7.0102224,2.980781,5.2145715,0.6976081,0.29443705,0.72692966
1753.0,-6.9767036,2.9831753,5.171476,0.6401868,0.2919936,0.7318166
1753.0,-6.9407907,2.9137435,5.2121773,0.59620446,0.29565877,0.73426
1753.0,-6.909666,2.9616275,5.231331,0.5766568,0.29077184,0.73426
1753.0,-6.8522053,3.1747115,5.2361193,0.55833083,0.27977628,0.7330383
1770.0,-6.83784,3.359065,5.2145715,0.5375614,0.27122417,0.7244862
1773.0,-6.8761473,3.4811692,5.118803,0.52412236,0.26267207,0.7134906
1784.0,-6.8522053,3.5338416,5.1475334,0.5314528,0.25900686,0.70005155
1793.0,-6.9288197,3.5529952,5.0278234,0.55955255,0.25411993,0.689056
1804.0,-6.861782,3.5458126,4.96318,0.6096435,0.2565634,0.6731735
1814.0,-6.777985,3.6583402,4.8961425,0.6780604,0.27000242,0.6536258
1825.0,-6.7827735,3.7948096,4.807557,0.72692966,0.28099802,0.6450737
1836.0,-6.8785415,4.0054994,4.757279,0.7415904,0.29077184,0.6426302
1843.0,-6.8522053,4.2999864,4.733337,0.72204274,0.29810223,0.63407815
1853.0,-6.895301,4.2904096,4.7309427,0.6817256,0.29932398,0.62796944
1863.0,-6.849811,4.369418,4.7141833,0.6291912,0.29565877,0.6291912
1874.0,-6.897695,4.3646297,4.6519337,0.5839872,0.2883284,0.625526
1887.0,-6.7971387,4.4101195,4.4723687,0.548557,0.2761111,0.5900958
1894.0,-6.825869,4.5178585,4.4125137,0.5448918,0.2761111,0.5717699
1903.0,-6.823475,4.546589,4.307169,0.52534413,0.28099802,0.56199604
1914.0,-6.7923503,4.6686935,4.4244847,0.49480084,0.27488935,0.5534439
1925.0,-6.777985,4.6902413,4.3047748,0.45814893,0.26511553,0.5497787
1934.0,-6.7971387,4.687847,4.189853,0.41416663,0.25167647,0.5510005
1946.0,-6.775591,4.6399627,4.1156325,0.37995818,0.23823744,0.54611355
1954.0,-6.7253127,4.7141833,4.134786,0.36285394,0.22357668,0.54367006
1965.0,-6.7324953,4.7884035,4.098873,0.36041048,0.20891592,0.54000485
1975.0,-6.754043,4.9057193,3.9959226,0.3726278,0.19425514,0.5314528
1986.0,-6.7492547,4.972757,4.0557775,0.4007276,0.17715092,0.5216789
2007.0,-6.7468605,5.0014873,4.0438066,0.43127087,0.16493362,0.51923543
2007.0,-6.751649,5.0637364,3.9504328,0.44226643,0.15393804,0.5143485
2015.0,-6.6750345,5.269638,3.9552212,0.43982297,0.13805555,0.4972443
2024.0,-6.5960255,5.281609,3.892972,0.42638394,0.12583824,0.48380527
2034.0,-6.6295447,5.2600613,3.8714242,0.408058,0.105068825,0.4813618
2050.0,-6.5361705,5.305551,3.8307228,0.3933972,0.095294975,0.47403142
2055.0,-6.5122285,5.473145,3.857059,0.38240165,0.07819075,0.4642576
2065.0,-6.5840545,5.568913,3.8857894,0.37018433,0.0720821,0.453262
2076.0,-6.603208,5.6096144,3.904943,0.37018433,0.061086524,0.43493605
2087.0,-6.6056023,5.662287,3.8738184,0.3811799,0.05009095,0.41538838
2095.0,-6.658275,5.741296,3.7086184,0.3921755,0.042760566,0.40439278
2106.0,-6.5816603,5.753267,3.7205894,0.40317106,0.032986723,0.39461896
2116.0,-6.5625067,5.8586116,3.715801,0.41050145,0.03176499,0.37751472
2127.0,-6.4427967,5.9663506,3.6846764,0.40439278,0.028099801,0.36041048
2137.0,-6.3470287,5.920861,3.8115692,0.3811799,0.02443461,0.34697145
2146.0,-6.3781533,5.8634,3.8594532,0.35063666,0.028099801,0.3323107
2156.0,-6.4643445,5.9424086,3.8905778,0.32742378,0.035430185,0.31398472
2165.0,-6.4978633,5.949591,3.8953662,0.32742378,0.03176499,0.29443705
2176.0,-6.495469,6.066907,3.8187518,0.32742378,0.032986723,0.28588495
2188.0,-6.4787097,5.9998693,3.892972,0.312763,0.039095376,0.2724459
2197.0,-6.519411,6.0262055,3.7660792,0.2883284,0.043982297,0.25289822
2207.0,-6.579266,6.05733,3.7325604,0.2565634,0.043982297,0.23457226
2217.0,-6.4763155,6.0716953,3.6032736,0.22113322,0.05009095,0.21502456
2227.0,-6.4380083,6.229713,3.6296098,0.19181168,0.052534413,0.19181168
2238.0,-6.4523735,6.167464,3.5817258,0.1685988,0.056199603,0.17837265
2250.0,-6.423643,6.0836663,3.7086184,0.15027285,0.061086524,0.17837265
2259.0,-6.385336,6.007052,3.787627,0.14782938,0.06719518,0.17959438
2268.0,-6.4787097,6.0884547,3.8546648,0.15882497,0.07452556,0.17959438
2280.0,-6.4068837,6.1076083,3.86903,0.1685988,0.07941248,0.17959438
2288.0,-6.4739213,6.0716953,3.7924154,0.17470746,0.080634214,0.17104226
2299.0,-6.4427967,6.0597243,3.8833952,0.18325958,0.081855945,0.15515977
2319.0,-6.447585,6.1076083,3.7684734,0.1966986,0.07941248,0.14294247
2320.0,-6.4787097,6.1219735,3.7565024,0.21746802,0.08307768,0.13316862
2330.0,-6.3589997,6.191406,3.6367924,0.23579398,0.08307768,0.12705997
2339.0,-6.3446345,6.3206925,3.5625722,0.24190263,0.08552113,0.12950343
2350.0,-6.3470287,6.217742,3.5122938,0.23945917,0.08552113,0.13683382
2359.0,-6.4020953,6.1626754,3.5889084,0.22357668,0.09773844,0.13805555
2371.0,-6.3470287,6.179435,3.5458126,0.2125811,0.10873401,0.13439035
2381.0,-6.445191,6.256049,3.6224272,0.20158553,0.111177474,0.13439035
2390.0,-6.519411,6.3350577,3.6415808,0.18325958,0.118507855,0.13072516
2399.0,-6.4380083,6.3111157,3.667917,0.17104226,0.112399206,0.12583824
2410.0,-6.375759,6.2392898,3.6152446,0.15882497,0.10873401,0.12950343
2419.0,-6.3805475,6.1219735,3.5697548,0.15271631,0.10751228,0.14538592
2430.0,-6.399701,6.191406,3.5170822,0.17837265,0.111177474,0.12339478
2440.0,-6.423643,6.279991,3.4739866,0.18936823,0.10629055,0.1160644
2450.0,-6.3829417,6.2225304,3.323152,0.17592919,0.10629055,0.12950343
2459.0,-6.2967505,6.244078,3.3303347,0.16126843,0.10995574,0.12950343
2470.0,-6.3230867,6.337452,3.2824504,0.15515977,0.1160644,0.12461651
2479.0,-6.4068837,6.253655,3.3662477,0.14905111,0.118507855,0.13194689
2492.0,-6.3781533,6.327875,3.323152,0.15760323,0.11728613,0.13561209
2499.0,-6.4188547,6.2368956,3.347094,0.17837265,0.12095132,0.13072516
2509.0,-6.3589997,6.279991,3.2848446,0.19547687,0.119729586,0.13561209
2520.0,-6.4068837,6.3350577,3.2944214,0.20280726,0.112399206,0.13683382
2531.0,-6.31351,6.337452,3.2752678,0.20158553,0.10873401,0.13072516
