38.0,2.1643584,0.35434186,9.406818,0.007330383,-0.02076942,-0.0012217305
38.0,1.8914193,-0.011971008,9.315839,0.15271631,0.119729586,-0.08307768
49.0,1.9608512,-0.2657564,9.222465,-0.04153884,-0.2565634,-0.2919936
56.0,2.1332338,-0.31603462,9.150639,-0.30909783,-0.37995818,-0.40317106
65.0,2.1284454,-0.4213795,8.963891,-0.4251622,0.4361578,-0.112399206
75.0,2.0709844,-0.545878,8.9040365,-0.7367035,0.49357912,-0.15515977
86.0,1.9752164,-0.6392518,8.848969,-1.0445796,0.35918877,-0.29443705
95.0,1.982399,-0.79726917,8.702923,-1.2168436,0.20647246,-0.43860126
105.0,2.018312,-1.0007763,8.6095495,-1.3610078,0.21135938,-0.5119051
115.0,1.9871874,-1.2330139,8.616732,-1.4953982,0.21868975,-0.56199604
125.0,2.0590134,-1.4221559,8.595184,-1.5980235,0.22968534,-0.59986967
135.0,2.087744,-1.6496049,8.66701,-1.6713274,0.24678956,-0.6426302
148.0,2.0374656,-1.6567876,8.7771435,-1.7507398,0.28588495,-0.7367035
157.0,2.0374656,-1.661576,8.848969,-1.7507398,0.28588495,-0.7367035
166.0,2.0829554,-1.7262194,8.719683,-1.7617353,0.3042109,-0.7696902
176.0,2.0207062,-2.0350714,8.655039,-1.7922786,0.3286455,-0.7819075
186.0,1.9728222,-2.2290018,8.571242,-1.8338175,0.33964106,-0.7806858
196.0,1.8602947,-2.420538,8.523358,-1.881465,0.34330627,-0.79534656
207.0,1.9057846,-2.7222073,8.439561,-1.921782,0.33841935,-0.8210029
216.0,1.8914193,-2.8419175,8.327033,-1.9645426,0.33108896,-0.85154617
226.0,1.8674773,-2.9735985,8.341399,-2.0158553,0.32742378,-0.88086766
236.0,1.8842367,-3.1292217,8.334216,-2.0561724,0.32375857,-0.91629785
247.0,1.8602947,-3.13401,8.374918,-2.0818288,0.31642818,-0.9492846
257.0,1.910573,-3.2010477,8.307879,-2.1111503,0.30787608,-0.97494096
267.0,1.8842367,-3.3279405,8.152257,-2.1673498,0.2968805,-0.98837996
275.0,1.8842367,-3.4859576,8.192958,-2.2540927,0.27977628,-0.99082345
287.0,1.8195933,-3.8498764,8.149862,-2.3506095,0.2687807,-0.99082345
296.0,1.9177556,-4.1515455,8.078036,-2.4361305,0.2565634,-0.98837996
306.0,1.958457,-4.6040497,7.9487495,-2.5082128,0.23701571,-0.9798279
315.0,2.0207062,-4.9416323,7.8649526,-2.5583036,0.22235495,-0.96761054
326.0,2.0614076,-5.3247046,7.7332716,-2.575408,0.21624629,-0.9602802
335.0,2.0135236,-5.391742,7.7213006,-2.5644124,0.21135938,-0.9615019
348.0,2.0350714,-5.530606,7.7189064,-2.5534167,0.21380283,-0.9663888
356.0,1.9895816,-5.6407394,7.776367,-2.5375342,0.21380283,-0.96761054
366.0,1.99437,-5.829881,7.6614456,-2.5130997,0.19547687,-0.9627236
376.0,2.0087352,-6.0477533,7.539341,-2.4825563,0.16737708,-0.93828905
387.0,2.0590134,-6.3182983,7.469909,-2.4410176,0.14172074,-0.8943067
397.0,2.1284454,-6.543353,7.2807674,-2.3945918,0.12217305,-0.8417723
407.0,2.1284454,-6.7731967,7.1227503,-2.35794,0.09407325,-0.8002335
416.0,2.111686,-6.967127,6.9982514,-2.3286183,0.07696902,-0.77824235
427.0,2.1308396,-7.041347,6.8761473,-2.307849,0.06841691,-0.77213365
436.0,2.207454,-6.95755,6.730101,-2.3335052,0.056199603,-0.77213365
449.0,2.171541,-6.991069,6.7253127,-2.403144,0.04886922,-0.77091193
456.0,2.15957,-7.2233067,6.5864487,-2.4825563,0.029321533,-0.7538077
466.0,2.1619642,-7.4723034,6.3709707,-2.5363126,0.004886922,-0.7147123
476.0,2.1859062,-7.788338,6.220136,-2.5375342,-0.019547688,-0.66339964
487.0,2.3008277,-7.797915,6.0956373,-2.5118778,-0.034208454,-0.6218608
496.0,2.231396,-7.9463553,5.911284,-2.4740043,-0.032986723,-0.6010914
508.0,2.2960393,-8.291121,5.8083334,-2.4092526,-0.037873644,-0.5925393
516.0,2.3750482,-8.626308,5.7389016,-2.3237314,-0.04886922,-0.56199604
527.0,2.4851813,-8.805874,5.5760956,-2.212554,-0.05497787,-0.5119051
536.0,2.5378537,-8.678981,5.422867,-2.0793853,-0.04520403,-0.47525316
548.0,2.516306,-8.59279,5.291186,-1.9779817,-0.014660766,-0.46181414
557.0,2.4708161,-8.6574335,5.142745,-1.9315559,0.0036651916,-0.46181414
567.0,2.4349031,-8.791509,4.975151,-1.8973475,0.008552114,-0.4569272
577.0,2.4277205,-9.0237465,4.805163,-1.8350391,0.007330383,-0.42760566
587.0,2.4971523,-9.009381,4.6519337,-1.7348573,0.0061086523,-0.39584067
597.0,2.5713725,-8.889671,4.5202527,-1.6114625,0.014660766,-0.37873647
607.0,2.5450363,-9.057265,4.3957543,-1.5137241,0.029321533,-0.37018433
617.0,2.597709,-9.136273,4.2760444,-1.4465289,0.035430185,-0.35185838
628.0,2.6767175,-9.337387,4.1371803,-1.3891076,0.035430185,-0.3200934
636.0,2.777274,-9.440337,3.976769,-1.3255776,0.037873644,-0.28344148
651.0,2.7844565,-9.44752,3.7900212,-1.2583824,0.04642576,-0.25289822
659.0,2.8993783,-9.368511,3.5936968,-1.2046263,0.058643065,-0.22724187
670.0,2.846706,-9.394848,3.430891,-1.1643091,0.080634214,-0.2003638
679.0,2.7868507,-9.512163,3.3734303,-1.1239921,0.09040806,-0.16249016
692.0,2.791639,-9.674969,3.2489316,-1.0714576,0.096516706,-0.1160644
700.0,2.8299465,-9.710882,3.2680852,-1.0091494,0.10629055,-0.07452556
711.0,2.8083985,-9.694122,3.1627405,-0.9468411,0.11362094,-0.04886922
719.0,2.908955,-9.65821,3.028665,-0.874759,0.11728613,-0.039095376
731.0,2.8634653,-9.540894,2.9113493,-0.81122905,0.12217305,-0.021991149
740.0,2.8179753,-9.524135,2.8323407,-0.7696902,0.13316862,-0.0012217305
752.0,2.8083985,-9.457097,2.7988217,-0.7440339,0.1441642,0.010995574
759.0,2.8299465,-9.507375,2.695871,-0.7293731,0.14172074,0.02076942
771.0,2.8921957,-9.6845455,2.6072857,-0.7122689,0.13561209,0.040317107
780.0,2.9496565,-9.797073,2.5905263,-0.6658431,0.12950343,0.07086037
791.0,2.96881,-9.876082,2.5354595,-0.59131753,0.13439035,0.10140363
799.0,3.004723,-9.892841,2.5091233,-0.48747048,0.14294247,0.112399206
812.0,3.0214825,-9.782708,2.552219,-0.36774087,0.15760323,0.10873401
820.0,2.930503,-9.639056,2.4947581,-0.26267207,0.17104226,0.1160644
830.0,2.861071,-9.593566,2.5905263,-0.19792034,0.18570304,0.14294247
839.0,2.8538885,-9.495404,2.5689783,-0.17837265,0.19425514,0.17837265
852.0,2.882619,-9.574412,2.6982653,-0.18448131,0.18692477,0.2125811
860.0,2.8395233,-9.502586,2.72939,-0.19425514,0.1966986,0.23945917
872.0,2.72939,-9.653421,2.8275523,-0.1966986,0.20891592,0.25900686
879.0,2.6048915,-9.696517,2.801216,-0.2003638,0.22602014,0.2773328
891.0,2.5713725,-9.840169,2.8060043,-0.18692477,0.2321288,0.29810223
900.0,2.4971523,-9.976639,2.7988217,-0.13072516,0.23701571,0.312763
910.0,2.4013844,-10.036493,2.7964275,-0.062308256,0.25045475,0.32742378
919.0,2.3008277,-9.909601,2.7389667,-0.02443461,0.27000242,0.35063666
932.0,2.2002714,-9.983821,2.837129,-0.013439035,0.2883284,0.376293
941.0,2.0590134,-10.096349,2.861071,-0.018325957,0.29810223,0.41416663
952.0,2.0973208,-10.15381,3.0358477,-0.004886922,0.3005457,0.52534413
959.0,2.018312,-10.225636,3.1196449,-0.004886922,0.3005457,0.52534413
970.0,2.0518308,-10.299856,3.1771057,0.040317107,0.29932398,0.57543504
983.0,1.9536686,-10.3692875,3.193865,0.105068825,0.31520647,0.6206391
991.0,1.9680338,-10.31901,3.0789435,0.16737708,0.3323107,0.66339964
999.0,1.8938135,-10.012551,2.956839,0.25289822,0.3640757,0.7330383
1009.0,1.6711528,-10.007763,3.0430303,0.2565634,0.37751472,0.752586
1018.0,1.541866,-10.065224,3.1603463,0.23457226,0.39095375,0.784351
1027.0,1.4987702,-10.15381,3.13401,0.20158553,0.40561453,0.8210029
1037.0,1.364695,-10.101137,3.1962593,0.17837265,0.4166101,0.8503244
1049.0,1.3599066,-10.199299,3.205836,0.17592919,0.43127087,0.87109387
1065.0,1.292869,-10.0987425,3.3303347,0.19181168,0.44715336,0.90041536
1072.0,1.2952632,-10.127473,3.3279405,0.22113322,0.4642576,0.9407325
1076.0,1.0965444,-10.251971,3.3566709,0.2724459,0.47769663,0.9786061
1088.0,0.9816227,-10.271125,3.4141316,0.32253686,0.49480084,1.0115929
1096.0,0.91219085,-10.13705,3.4021606,0.37384954,0.5119051,1.028697
1108.0,0.7182605,-9.933543,3.323152,0.4373795,0.53023106,1.0323622
1117.0,0.6655881,-9.885659,3.2034419,0.48502702,0.54367006,1.0494665
1127.0,0.5602432,-9.878476,3.2513258,0.49602258,0.5497787,1.0861185
1136.0,0.51954174,-9.864111,3.3542767,0.49113566,0.5448918,1.1191051
1147.0,0.5363012,-9.821015,3.3279405,0.48991394,0.5412266,1.1410962
1156.0,0.4237737,-9.85214,3.3423057,0.49480084,0.548557,1.1618657
1168.0,0.36152446,-9.911995,3.4739866,0.50579643,0.5522222,1.1814134
1176.0,0.12449849,-10.000581,3.5075054,0.53023106,0.5510005,1.1911873
1191.0,0.0047884034,-9.964667,3.5075054,0.58032197,0.5558874,1.1924089
1196.0,-0.107739076,-9.998186,3.490746,0.64996064,0.5656612,1.1911873
1414.0,-0.23223756,-9.794679,3.347094,0.7318166,0.5681047,1.1911873
1415.0,-0.18195933,-9.698911,3.359065,0.80756384,0.5705481,1.1936307
1415.0,-0.22266077,-9.504981,3.4524388,0.8564331,0.58032197,1.1985176
1415.0,-0.1412579,-9.435549,3.4811692,0.86254174,0.5852089,1.2131784
1415.0,-0.17717093,-9.397242,3.4332852,0.8332202,0.59131753,1.2363913
1415.0,-0.18914193,-9.3733,3.4332852,0.7819075,0.6096435,1.2461652
1415.0,-0.47644615,-9.289502,3.4620156,0.6976081,0.6291912,1.2486086
1415.0,-0.60573304,-9.275137,3.41892,0.5925393,0.6414085,1.2449434
1415.0,-0.7445967,-9.255983,3.4237084,0.5045747,0.6462954,1.2412782
1415.0,-0.8475474,-9.279925,3.4141316,0.44593164,0.63407815,1.2412782
1415.0,-0.85473,-9.258378,3.4332852,0.43493605,0.6096435,1.2339478
1415.0,-1.055843,-9.229648,3.4955344,0.47158796,0.5864306,1.2266175
1415.0,-1.1420342,-9.217676,3.41892,0.54367006,0.57543504,1.2253957
1415.0,-1.2521675,-9.097966,3.3925838,0.63041294,0.56199604,1.219287
1415.0,-1.3575124,-8.918402,3.41892,0.6951646,0.5522222,1.210735
1415.0,-1.5131354,-8.75799,3.4165258,0.70738196,0.548557,1.2119566
1415.0,-1.5514427,-8.516175,3.430891,0.6719518,0.5497787,1.2144
1415.0,-1.697489,-8.391677,3.4835634,0.59864795,0.54733527,1.210735
1415.0,-1.7788919,-8.449138,3.4883518,0.48747048,0.5338962,1.2082914
1415.0,-1.7645266,-8.480263,3.4979286,0.3494149,0.5131268,1.2144
1415.0,-1.8698715,-8.4587145,3.572149,0.22357668,0.49357912,1.2144
1417.0,-2.0326772,-8.475474,3.6966474,0.14172074,0.4886922,1.1972959
1444.0,-2.1547816,-8.441956,3.6870706,0.10995574,0.48747048,1.1704178
1444.0,-2.4013844,-8.322245,3.6296098,0.112399206,0.48624873,1.1484267
1448.0,-2.5091233,-8.291121,3.6415808,0.13439035,0.48991394,1.1325442
1484.0,-2.6551697,-8.121132,3.4596214,0.15393804,0.49480084,1.1239921
1484.0,-2.801216,-7.9846625,3.4859576,0.15882497,0.49846604,1.1166617
1484.0,-2.8491,-7.905654,3.502717,0.13561209,0.4972443,1.1191051
1489.0,-3.0478187,-7.869741,3.53863,0.089186326,0.49113566,1.128879
1503.0,-3.1411927,-7.9750857,3.5625722,0.047647487,0.48258355,1.1337659
1508.0,-3.2704794,-8.056489,3.5697548,0.02687807,0.46792278,1.1276573
1517.0,-3.4691982,-7.967903,3.58412,0.02076942,0.44226643,1.1227703
1528.0,-3.550601,-7.8984714,3.5697548,0.05131268,0.41050145,1.1191051
1538.0,-3.7086184,-7.953538,3.5338416,0.13439035,0.38362336,1.1154399
1548.0,-3.799598,-8.001422,3.596091,0.24923302,0.3555236,1.1178834
1557.0,-3.8738184,-7.8912888,3.6248214,0.35430184,0.32498032,1.1276573
1568.0,-4.0174704,-7.8027034,3.6248214,0.4447099,0.29565877,1.1374311
1577.0,-4.0677485,-7.6973586,3.632004,0.516792,0.26633725,1.1459832
1588.0,-4.0916905,-7.7069354,3.8019924,0.56321776,0.2406809,1.1533136
1597.0,-4.187459,-7.6375036,3.9121256,0.5852089,0.22235495,1.1630874
1607.0,-4.2305546,-7.5345526,4.0198646,0.5888741,0.21502456,1.1704178
1617.0,-4.3526587,-7.433996,4.0462008,0.5900958,0.20158553,1.1679744
1628.0,-4.4603977,-7.2664022,4.0677485,0.593761,0.1881465,1.1606439
1637.0,-4.5178585,-7.1514807,4.122815,0.59498274,0.18081611,1.1594223
1650.0,-4.55856,-7.0700774,4.0318356,0.6035349,0.1685988,1.1643091
1658.0,-4.7668557,-7.062895,4.086902,0.6291912,0.14905111,1.1765264
1669.0,-4.793192,-7.0245876,4.1539397,0.6817256,0.13561209,1.1997393
1679.0,-4.8482585,-7.1275387,4.417302,0.75136423,0.13316862,1.2290609
1690.0,-5.0421886,-7.2448545,4.606444,0.8381071,0.13439035,1.251052
1700.0,-5.080496,-7.0700774,4.55856,0.9334021,0.13316862,1.2522738
1711.0,-5.1547165,-6.603208,4.4580035,1.0177015,0.13805555,1.2315043
1721.0,-5.257667,-6.117185,4.5178585,1.0543534,0.15149458,1.2009611
1730.0,-5.3079453,-5.7748146,4.477157,1.0140363,0.16493362,1.187522
1740.0,-5.327099,-5.6551046,4.4244847,0.9224065,0.16737708,1.1936307
1750.0,-5.461174,-5.662287,4.630386,0.8222246,0.16737708,1.2119566
1762.0,-5.5641246,-5.628768,4.6902413,0.73426,0.17470746,1.2302825
1770.0,-5.6359506,-5.657499,4.747702,0.6780604,0.18448131,1.2351695
1882.0,-5.66947,-5.616797,4.8626237,0.657291,0.18570304,1.2229522
1882.0,-5.746084,-5.5497594,4.8267107,0.6609562,0.18448131,1.2082914
1882.0,-5.707777,-5.614403,4.7022123,0.68539083,0.17959438,1.2009611
1882.0,-5.729325,-5.5497594,4.620809,0.71959925,0.17837265,1.1985176
1882.0,-5.7628436,-5.233725,4.6926355,0.75747293,0.18936823,1.1887437
1882.0,-6.0238113,-4.8602295,4.7189717,0.7965683,0.2125811,1.1667526
1882.0,-6.2704144,-4.4963107,4.805163,0.7892379,0.2406809,1.1410962
1882.0,-6.2823853,-4.5561657,4.879383,0.7611381,0.23335053,1.1533136
1883.0,-6.2608376,-4.6112323,4.9176903,0.74036866,0.22113322,1.1753048
1883.0,-6.2752028,-4.5633483,4.8147397,0.72204274,0.21013765,1.1887437
1883.0,-6.265626,-4.3382936,4.853047,0.71593404,0.2125811,1.1765264
1890.0,-6.349423,-4.0773253,4.9224787,0.7244862,0.21502456,1.1484267
1898.0,-6.5026517,-4.074931,4.924873,0.73426,0.21868975,1.1227703
1908.0,-6.5696893,-4.003105,4.912902,0.7452556,0.21991149,1.1068878
1918.0,-6.6295447,-3.9240966,4.853047,0.75869465,0.21013765,1.0983357
1928.0,-6.6056023,-3.7325604,4.805163,0.77579886,0.20158553,1.0910053
1939.0,-6.646304,-3.5577838,4.867412,0.79168135,0.19792034,1.0848967
1950.0,-6.7324953,-3.3806129,4.8865657,0.8026769,0.19914207,1.0812315
1958.0,-6.8162923,-3.265691,4.8386817,0.80878556,0.2003638,1.073901
1970.0,-6.8785415,-3.229778,4.781221,0.8063421,0.19914207,1.0677924
1979.0,-6.849811,-3.1651347,4.865018,0.79290307,0.2003638,1.0677924
1988.0,-6.8689647,-3.0358477,4.9655743,0.77579886,0.19914207,1.0751228
1999.0,-6.885724,-2.777274,4.972757,0.7806858,0.19792034,1.078788
2009.0,-6.919243,-2.7485435,4.9583917,0.8063421,0.19547687,1.0763446
2018.0,-7.026982,-2.6431987,4.891354,0.829555,0.19425514,1.070236
2028.0,-7.053318,-2.5354595,4.903325,0.8503244,0.19547687,1.0616838
2038.0,-7.156269,-2.6192567,4.9583917,0.88331115,0.19792034,1.0458013
2050.0,-7.2089415,-2.468422,4.9296613,0.9126327,0.20280726,1.0299188
2058.0,-7.290344,-2.0638018,4.939238,0.9285152,0.21135938,1.0091494
2070.0,-7.2807674,-1.7238252,4.912902,0.93218035,0.22235495,0.98471475
2080.0,-7.2951326,-1.4676456,4.867412,0.90285885,0.22602014,0.9663888
2090.0,-7.225701,-1.4053963,4.9081135,0.8332202,0.22968534,0.9627236
2100.0,-7.347805,-1.376666,4.9105077,0.752586,0.2406809,0.9651671
2110.0,-7.515399,-1.3790601,4.855441,0.6963864,0.2443461,0.9627236
2120.0,-7.5824366,-1.5155296,5.00867,0.6719518,0.23701571,0.95294976
2133.0,-7.6111674,-1.5873557,5.0038815,0.66950834,0.22602014,0.9443977
2139.0,-7.714118,-1.496376,5.0876784,0.6976081,0.2125811,0.93462384
2151.0,-7.6231384,-1.2066777,5.140351,0.75991637,0.21380283,0.91874135
2164.0,-7.5968018,-1.0247183,5.0158525,0.8454375,0.21013765,0.89919364
2169.0,-7.687782,-0.78290397,5.0278234,0.9211848,0.21624629,0.88331115
2178.0,-7.6614456,-0.56982,5.0374002,0.95417154,0.23701571,0.8784242
2192.0,-7.7332716,-0.38067806,4.8937483,0.9370673,0.24312437,0.88086766
2200.0,-7.7452426,-0.34715924,4.9081135,0.88086766,0.2406809,0.88086766
2209.0,-7.845799,-0.24660277,4.8745947,0.81489426,0.2443461,0.8723156
2220.0,-7.8266454,-0.1316811,4.8865657,0.75136423,0.24801129,0.8588765
2231.0,-7.867347,-0.059855044,4.805163,0.7012733,0.23945917,0.84788096
2240.0,-7.872135,0.17477672,4.819528,0.6719518,0.2321288,0.8381071
2252.0,-7.908048,0.29448682,4.7620673,0.6768387,0.22235495,0.8185594
2263.0,-7.8625584,0.33758244,4.63278,0.68783426,0.21746802,0.8051204
2272.0,-7.9822683,0.4237737,4.644751,0.6792821,0.21502456,0.8002335
2281.0,-7.9607205,0.46447513,4.620809,0.65484756,0.19914207,0.79412484
2292.0,-7.855376,0.45489833,4.606444,0.63529986,0.18448131,0.77824235
2302.0,-7.8625584,0.56982,4.6016555,0.6426302,0.17470746,0.7635816
2316.0,-7.8745294,0.6440403,4.6136265,0.66339964,0.1685988,0.7696902
2322.0,-7.8888946,0.61052144,4.6016555,0.675617,0.1600467,0.79412484
2333.0,-7.855376,0.7757214,4.5274353,0.6768387,0.15393804,0.81245077
2342.0,-7.884106,0.8714894,4.6160207,0.675617,0.15760323,0.81000733
2352.0,-8.008605,0.93373865,4.6471453,0.66950834,0.16126843,0.79779
2361.0,-7.917625,1.0151415,4.5537715,0.66706485,0.1563815,0.7831292
2374.0,-7.9248075,1.2162545,4.5777135,0.66950834,0.15027285,0.766025
2383.0,-7.9487495,1.3910311,4.51307,0.6805039,0.14905111,0.7501425
2393.0,-7.81228,1.541866,4.4603977,0.6927212,0.14538592,0.7452556
2402.0,-7.8410106,1.5155296,4.414908,0.68783426,0.13683382,0.75625116
2412.0,-7.836222,1.5466543,4.3598413,0.6658431,0.13561209,0.7696902
2422.0,-7.9008656,1.6136919,4.3742065,0.643852,0.14049901,0.77213365
2434.0,-7.9631147,1.7980455,4.429273,0.6218608,0.1441642,0.766025
2442.0,-7.9702973,1.8842367,4.4077253,0.59986967,0.13927728,0.7648033
2453.0,-7.848193,2.099715,4.477157,0.5815437,0.13072516,0.7648033
2464.0,-7.8266454,2.0925324,4.477157,0.5656612,0.12705997,0.7648033
2473.0,-7.714118,2.2050598,4.5418005,0.5546656,0.12461651,0.75502944
2483.0,-7.807492,2.243367,4.43885,0.5644395,0.12217305,0.73426
2494.0,-7.824251,2.3654714,4.381389,0.59864795,0.12583824,0.7110472
2504.0,-7.8170686,2.5833437,4.1539397,0.65118235,0.12461651,0.68783426
2513.0,-7.8505874,2.7964275,3.9959226,0.7049385,0.12583824,0.66828656
