43.0,3.2632968,-2.3056161,8.494628,0.14782938,0.118507855,-0.08552113
60.0,3.1364043,-2.9879637,8.334216,-0.17715092,-0.24923302,-0.28221974
60.0,3.0142999,-3.4883518,8.149862,-0.72082096,-0.3567453,-0.33475417
66.0,2.8060043,-3.7301662,8.063671,-1.1508701,0.49357912,-0.030543262
78.0,2.705448,-3.7373488,7.9463553,-1.6823229,0.5681047,-0.13805555
86.0,2.669535,-3.739743,7.884106,-2.1197023,0.43127087,-0.3115413
96.0,2.6767175,-3.7229836,7.728483,-2.2785273,0.26145032,-0.39706242
105.0,2.6288335,-3.976769,7.5584946,-2.3823745,0.2443461,-0.3652974
117.0,2.6647465,-4.232949,7.4507556,-2.4911084,0.22968534,-0.3323107
126.0,2.5594015,-4.5920787,7.3909006,-2.5925121,0.21502456,-0.31398472
137.0,2.6384103,-5.00867,7.4244194,-2.6645942,0.19547687,-0.30543262
146.0,2.56419,-5.389348,7.4244194,-2.6804767,0.17837265,-0.2968805
156.0,2.72939,-5.770026,7.4004774,-2.6267207,0.1600467,-0.2932153
168.0,2.753332,-6.0836663,7.249643,-2.5216517,0.14172074,-0.29443705
176.0,2.858677,-6.2728086,7.1131735,-2.4043655,0.13439035,-0.30543262
186.0,2.7724855,-6.447585,7.00304,-2.2944098,0.14049901,-0.33353242
198.0,2.7102363,-6.6175733,6.7851677,-2.1954496,0.14660765,-0.37140608
207.0,2.597709,-6.7923503,6.5864487,-2.1038198,0.14538592,-0.4007276
219.0,2.6743233,-6.921637,6.528988,-2.0109684,0.14172074,-0.4092797
226.0,2.6599581,-6.813898,6.517017,-1.9401081,0.13927728,-0.408058
236.0,2.8299465,-6.715736,6.519411,-1.921782,0.13683382,-0.4129449
246.0,2.992752,-6.7492547,6.481104,-1.9889772,0.13439035,-0.43127087
258.0,3.0310593,-6.909666,6.2249246,-2.1050417,0.12461651,-0.4605924
267.0,3.1603463,-7.338228,5.985504,-2.1991148,0.10751228,-0.48991394
276.0,3.1914709,-7.6135616,5.837064,-2.2565362,0.11728613,-0.516792
286.0,3.1316159,-7.9511437,5.6431336,-2.2944098,0.14538592,-0.5497787
297.0,3.083732,-8.123527,5.4420204,-2.3261747,0.16371189,-0.6169739
306.0,2.956839,-7.860164,5.351041,-2.3457224,0.18448131,-0.7147123
319.0,2.942474,-7.66384,5.281609,-2.3738225,0.19792034,-0.81000733
326.0,2.9352913,-7.2448545,5.3941364,-2.411696,0.21868975,-0.86620694
337.0,2.992752,-6.9407907,5.48751,-2.4410176,0.26145032,-0.86620694
347.0,2.801216,-7.2711906,5.365406,-2.4556782,0.2602286,-0.7733554
357.0,2.791639,-7.680599,5.1906295,-2.4642303,0.23335053,-0.61575216
367.0,2.765303,-8.197746,4.9296613,-2.4446826,0.21135938,-0.47769663
378.0,2.765303,-8.528147,4.5992613,-2.3970351,0.18325958,-0.39584067
387.0,2.7844565,-8.827422,4.2904096,-2.3041837,0.15271631,-0.376293
397.0,2.7844565,-9.093178,4.1252093,-2.1832323,0.13316862,-0.37384954
407.0,2.6144683,-9.394848,4.0174704,-2.035403,0.12461651,-0.3640757
418.0,2.779668,-9.569624,4.036624,-1.8435913,0.1160644,-0.33353242
427.0,2.6479871,-9.653421,3.9863458,-1.6395624,0.111177474,-0.2919936
438.0,2.645593,-9.725247,4.039018,-1.428203,0.10873401,-0.27488935
447.0,2.56419,-9.809045,4.1132383,-1.205848,0.10995574,-0.26633725
457.0,2.566584,-9.844957,4.0653543,-0.9822713,0.09896017,-0.23823744
467.0,2.5713725,-9.825804,4.012682,-0.77579886,0.08674286,-0.1966986
477.0,2.5067291,-9.986216,3.9695864,-0.6218608,0.087964594,-0.14538592
487.0,2.4181437,-10.041282,3.799598,-0.50579643,0.07452556,-0.089186326
498.0,2.3678656,-10.15381,3.5003228,-0.38240165,0.06352998,-0.04153884
507.0,2.4779987,-10.13705,3.3901896,-0.23701571,0.06352998,-0.004886922
518.0,2.4468741,-10.105926,3.4380736,-0.09285152,0.07574729,0.037873644
527.0,2.4420857,-10.204087,3.5577838,0.030543262,0.10262536,0.0842994
538.0,2.3918076,-10.089166,3.809175,0.14782938,0.13927728,0.12217305
547.0,2.3463178,-9.775525,3.9264908,0.25900686,0.16493362,0.14294247
561.0,2.3199813,-9.545682,4.0677485,0.32986724,0.19792034,0.1685988
569.0,2.3870192,-9.562442,4.144363,0.34208453,0.21746802,0.22357668
580.0,2.2840683,-9.583989,4.1491513,0.30543262,0.2284636,0.28955013
591.0,2.2649148,-9.548077,4.10845,0.2565634,0.24801129,0.34574974
601.0,2.336741,-9.483433,3.9695864,0.21624629,0.27855456,0.3848451
609.0,2.2984335,-9.442732,3.8115692,0.17104226,0.30543262,0.40317106
622.0,2.2505496,-9.514558,3.6703112,0.13316862,0.3213151,0.41905355
629.0,2.2337902,-9.674969,3.632004,0.10751228,0.3408628,0.45204028
642.0,2.3463178,-9.631873,3.8283286,0.10995574,0.35796702,0.4813618
650.0,2.3463178,-9.643845,3.928885,0.12950343,0.37995818,0.49846604
660.0,2.3918076,-9.624691,4.1060557,0.15760323,0.40683624,0.50823987
671.0,2.372654,-9.512163,4.0462008,0.1966986,0.42760566,0.5143485
682.0,2.2146366,-9.425972,3.9719806,0.20769419,0.45204028,0.5290093
689.0,2.15957,-9.303867,3.8259344,0.17715092,0.47769663,0.54611355
701.0,2.1523874,-9.279925,3.763685,0.10873401,0.49235737,0.5534439
710.0,2.2122424,-9.358934,3.7612908,0.021991149,0.5009095,0.5656612
721.0,2.1667526,-9.433155,3.7325604,-0.06841691,0.50335294,0.6059783
729.0,2.1428106,-9.452309,3.8259344,-0.081855945,0.50823987,0.6243043
741.0,2.0829554,-9.648633,3.8283286,-0.081855945,0.52412236,0.6462954
751.0,1.9632454,-9.758766,3.8977604,-0.04520403,0.54733527,0.6731735
761.0,1.8986019,-9.873688,3.916914,0.03176499,0.5644395,0.7049385
768.0,1.9560628,-9.782708,4.015076,0.12461651,0.57787853,0.7440339
779.0,1.9177556,-9.696517,3.9695864,0.19792034,0.59131753,0.7819075
789.0,1.8794483,-9.545682,3.9193082,0.2284636,0.6084218,0.81245077
799.0,1.769315,-9.514558,3.9863458,0.21624629,0.6218608,0.8368854
808.0,1.508347,-9.428367,3.9240966,0.17959438,0.62796944,0.8576548
819.0,1.4987702,-9.483433,3.9480386,0.13072516,0.6267477,0.88208944
835.0,1.496376,-9.43076,3.9552212,0.087964594,0.61819565,0.906524
838.0,1.4748282,-9.617508,3.8881836,0.06719518,0.61208695,0.9285152
848.0,1.4053963,-9.701305,3.7588966,0.07819075,0.61086524,0.95417154
860.0,1.3742718,-9.682152,3.6104562,0.13805555,0.61453044,0.97005403
868.0,1.3503298,-9.560047,3.632004,0.21991149,0.63041294,0.98349303
879.0,1.1994951,-9.495404,3.6487634,0.28588495,0.64996064,1.001819
888.0,1.0510546,-9.449914,3.7565024,0.32620203,0.66706485,1.0213667
898.0,0.85473,-9.502586,3.9719806,0.3494149,0.6719518,1.0458013
909.0,0.6607997,-9.409213,4.1635165,0.35796702,0.675617,1.0690142
919.0,0.40222588,-9.416395,4.3287168,0.35185838,0.675617,1.097114
927.0,0.25378537,-9.512163,4.3406878,0.3408628,0.6646214,1.1349876
937.0,0.18914193,-9.464279,4.2999864,0.33841935,0.63285637,1.1716396
947.0,0.21787235,-9.488221,4.146757,0.3555236,0.6035349,1.1838568
958.0,0.090979666,-9.289502,4.0078936,0.3933972,0.5876524,1.1801916
968.0,0.08140286,-9.203311,3.845088,0.44715336,0.5888741,1.1753048
978.0,-0.25139117,-9.0716305,3.8163576,0.5131268,0.6047566,1.1728612
994.0,-0.38067806,-9.002198,3.8642416,0.55955255,0.6230826,1.1826351
998.0,-0.63206923,-9.038112,4.1132383,0.57543504,0.63285637,1.2034045
1007.0,-0.7326257,-9.229648,4.333505,0.5766568,0.6267477,1.2315043
1159.0,-0.80924016,-9.260772,4.3957543,0.5729916,0.61575216,1.2473868
1159.0,-0.91937345,-9.174581,4.462792,0.57787853,0.6035349,1.2461652
1159.0,-0.9888053,-9.035717,4.4556093,0.5705481,0.59864795,1.237613
1159.0,-0.9624691,-8.815451,4.3718123,0.5326745,0.6010914,1.2327261
1159.0,-1.0726024,-8.710106,4.280833,0.4728097,0.6096435,1.2315043
1159.0,-1.2569559,-8.7053175,4.2760444,0.40439278,0.625526,1.2241739
1159.0,-1.4101849,-8.628703,4.189853,0.34574974,0.6377433,1.210735
1159.0,-1.5849615,-8.62152,4.189853,0.30909783,0.63407815,1.2070698
1159.0,-1.6376339,-8.65025,4.177882,0.29810223,0.61575216,1.2266175
1160.0,-1.6256629,-8.793902,4.185065,0.30665436,0.6096435,1.2644911
1160.0,-1.6663644,-8.846576,4.173094,0.3115413,0.59986967,1.3133603
1160.0,-1.7525556,-8.939949,4.1922474,0.3286455,0.593761,1.3500122
1160.0,-1.7956513,-8.913613,4.201824,0.37384954,0.59986967,1.3487904
1160.0,-1.9512744,-8.659827,4.2425256,0.41050145,0.61575216,1.3304645
1160.0,-2.1452048,-8.441956,4.156334,0.4007276,0.63041294,1.3121386
1175.0,-2.4588451,-8.190564,4.1611223,0.35185838,0.63407815,1.2974777
1177.0,-2.6671407,-8.087613,4.132392,0.28221974,0.625526,1.2938126
1190.0,-2.815581,-8.02297,4.1611223,0.22113322,0.6072,1.3011429
1199.0,-2.908955,-8.056489,4.0940847,0.19058995,0.5766568,1.3219124
1214.0,-2.873042,-8.154651,4.1683054,0.18936823,0.5448918,1.351234
1219.0,-2.8395233,-8.183381,4.249708,0.21868975,0.52656585,1.3768903
1227.0,-2.9376855,-8.094796,4.292804,0.26511553,0.5204572,1.3878858
1237.0,-3.0933087,-7.9726915,4.213795,0.32375857,0.52290064,1.3732251
1247.0,-3.2513258,-7.716512,4.1491513,0.38728857,0.52656585,1.3439035
1257.0,-3.4021606,-7.4244194,4.050989,0.4373795,0.5143485,1.3158038
1267.0,-3.4955344,-7.1873937,4.132392,0.45448375,0.5045747,1.2986995
1279.0,-3.5697548,-7.2592196,4.0533834,0.43249258,0.49480084,1.3060299
1288.0,-3.691859,-7.017405,4.1946416,0.39095375,0.47769663,1.3206906
1301.0,-3.8594532,-7.089231,4.209007,0.3555236,0.4654793,1.3255776
1311.0,-3.9935284,-6.95755,4.2664676,0.34208453,0.45937067,1.3096951
1318.0,-4.072537,-6.9120603,4.2425256,0.33841935,0.44348818,1.2974777
1328.0,-4.31914,-6.8426285,4.1706996,0.33475417,0.42638394,1.2999213
1342.0,-4.3358994,-6.9503675,4.1539397,0.344528,0.4092797,1.3084733
1355.0,-4.4484267,-6.873753,4.1659107,0.35430184,0.38728857,1.3182472
1358.0,-4.5872903,-6.7971387,4.1539397,0.37873647,0.376293,1.314582
1368.0,-4.654328,-6.646304,4.3047748,0.4251622,0.37018433,1.2974777
1378.0,-4.745308,-6.4380083,4.3023806,0.4605924,0.36163223,1.2864822
1388.0,-4.8578353,-6.289568,4.405331,0.4728097,0.35918877,1.2852604
1403.0,-5.0397944,-6.1387334,4.4795513,0.47647488,0.35430184,1.2864822
1408.0,-5.1475334,-6.007052,4.405331,0.46670106,0.3371976,1.2925909
1418.0,-5.2887917,-5.971139,4.3646297,0.44226643,0.31764993,1.3048081
1428.0,-5.3438582,-6.007052,4.3406878,0.41783184,0.3042109,1.3072516
1438.0,-5.494693,-5.8346696,4.2640734,0.39706242,0.29810223,1.2974777
1449.0,-5.626374,-5.695806,4.259285,0.3726278,0.29810223,1.2705997
1460.0,-5.6910176,-5.595249,4.1635165,0.36041048,0.29565877,1.2315043
1469.0,-5.741296,-5.4803276,4.3598413,0.3726278,0.2846632,1.1924089
1479.0,-5.686229,-5.29358,4.402937,0.39095375,0.2761111,1.1728612
1490.0,-5.686229,-5.161899,4.4723687,0.3885103,0.2773328,1.1850786
1501.0,-5.829881,-5.0278234,4.369418,0.3494149,0.28221974,1.2095132
1510.0,-6.0238113,-4.900931,4.4196963,0.29443705,0.28588495,1.219287
1523.0,-6.1626754,-4.8147397,4.4963107,0.19792034,0.29077184,1.1948525
1531.0,-6.3206925,-4.8817773,4.4963107,0.19792034,0.29077184,1.1948525
1542.0,-6.4858923,-4.7979803,4.4460325,0.1881465,0.26511553,1.1850786
1550.0,-6.4858923,-4.9679685,4.4939165,0.2321288,0.24678956,1.1838568
1564.0,-6.43322,-5.0302176,4.489128,0.27488935,0.23335053,1.1838568
1572.0,-6.4523735,-4.9799395,4.4795513,0.30909783,0.23090707,1.1826351
1604.0,-6.4787097,-4.7429137,4.441244,0.3567453,0.23457226,1.1679744
1604.0,-6.576872,-4.441244,4.414908,0.408058,0.23701571,1.142318
1604.0,-6.7013707,-4.0940847,4.307169,0.43493605,0.23823744,1.1203269
1608.0,-6.813898,-3.8307228,4.144363,0.43860126,0.23090707,1.1166617
1622.0,-6.789956,-3.799598,4.0821137,0.41783184,0.21991149,1.1313224
1631.0,-6.921637,-3.8642416,4.213795,0.376293,0.21868975,1.1557571
1641.0,-6.9527617,-3.8738184,4.2880154,0.3408628,0.21624629,1.1630874
1651.0,-7.0221934,-3.892972,4.3742065,0.34330627,0.21135938,1.1508701
1660.0,-7.0221934,-3.7780502,4.4196963,0.376293,0.19547687,1.1337659
1718.0,-7.079654,-3.526659,4.4723687,0.41538838,0.19058995,1.1191051
1718.0,-7.0844426,-3.3494883,4.367024,0.45081854,0.18203785,1.1032226
1718.0,-7.2089415,-3.193865,4.357447,0.4801401,0.17837265,1.0824533
1718.0,-7.311892,-3.0071173,4.2425256,0.50823987,0.16982053,1.0567969
1718.0,-7.359776,-2.7724855,4.0821137,0.5571091,0.15393804,1.0323622
1721.0,-7.3549876,-2.6479871,4.1180267,0.6035349,0.14294247,1.028697
1730.0,-7.386112,-2.6120741,4.096479,0.6059783,0.13805555,1.0458013
1739.0,-7.374141,-2.6312277,4.144363,0.5729916,0.1282817,1.0580186
1750.0,-7.3789296,-2.7700913,4.177882,0.5326745,0.118507855,1.0506883
1761.0,-7.3789296,-2.741361,4.232949,0.49480084,0.10751228,1.0323622
1768.0,-7.513005,-2.6048915,4.2640734,0.4642576,0.09407325,1.0103711
1779.0,-7.6135616,-2.4588451,4.307169,0.45570546,0.087964594,0.98349303
1789.0,-7.563283,-2.1332338,4.249708,0.4728097,0.07452556,0.95539325
1799.0,-7.5561004,-1.970428,4.2281604,0.49113566,0.057421334,0.93218035
1810.0,-7.57286,-1.9081788,4.220978,0.48380527,0.040317107,0.9236283
1820.0,-7.620744,-1.9871874,4.220978,0.4569272,0.034208454,0.92485
1828.0,-7.675811,-2.0087352,4.292804,0.44104472,0.040317107,0.91996306
1839.0,-7.771579,-1.8794483,4.381389,0.4373795,0.04642576,0.9101892
1849.0,-7.8625584,-1.7022774,4.4364557,0.4288274,0.05497787,0.89675015
1859.0,-7.8410106,-1.5610195,4.417302,0.40561453,0.052534413,0.88208944
1868.0,-7.788338,-1.436521,4.3861775,0.36285394,0.05131268,0.87109387
1879.0,-7.7572136,-1.3551182,4.4364557,0.3042109,0.05375614,0.86254174
1890.0,-7.762002,-1.2473791,4.4244847,0.2565634,0.052534413,0.8491027
1898.0,-7.9104424,-1.2569559,4.39336,0.2321288,0.056199603,0.8344419
1908.0,-7.941567,-1.4293385,4.4340615,0.2443461,0.056199603,0.8246681
1920.0,-7.9343843,-1.3215994,4.4484267,0.2883284,0.047647487,0.8197812
1928.0,-8.003817,-1.1923125,4.584896,0.344528,0.037873644,0.8197812
1940.0,-7.9631147,-1.1300632,4.6279917,0.39950588,0.03176499,0.816116
1949.0,-7.9822683,-0.9552865,4.560954,0.43127087,0.036651913,0.8051204
1960.0,-7.917625,-0.6991069,4.5513773,0.43982297,0.042760566,0.78801614
1969.0,-7.929596,-0.51235914,4.498705,0.43249258,0.04886922,0.77579886
1980.0,-7.9726915,-0.40462008,4.5537715,0.408058,0.06352998,0.77091193
1990.0,-7.9487495,-0.46686932,4.6710877,0.37384954,0.0720821,0.7635816
2001.0,-7.9942393,-0.40701428,4.560954,0.3359759,0.073303826,0.7489208
2011.0,-8.025364,-0.39743748,4.675876,0.31398472,0.07452556,0.7257079
2020.0,-8.051701,-0.33997664,4.5657425,0.32498032,0.07696902,0.70371675
2051.0,-8.14268,-0.17956513,4.5681367,0.35308012,0.07574729,0.6951646
2051.0,-8.173804,-0.062249243,4.6160207,0.38973203,0.07574729,0.6976081
2051.0,-8.200141,0.023942016,4.7381253,0.4288274,0.06841691,0.7012733
2061.0,-8.133103,0.074220255,4.8602295,0.44837508,0.06841691,0.7049385
2070.0,-8.161834,0.16998832,4.673482,0.4605924,0.06841691,0.70249504
2300.0,-8.135497,0.32321724,4.5896845,0.46181414,0.06963864,0.6951646
2300.0,-8.24563,0.40940848,4.5322237,0.44593164,0.07452556,0.68294734
2300.0,-8.192958,0.50038815,4.4915223,0.4202753,0.07086037,0.6719518
2300.0,-8.2169,0.6368576,4.477157,0.39706242,0.064751714,0.6597345
2300.0,-8.252813,0.8475474,4.5082817,0.37873647,0.07452556,0.643852
2300.0,-8.197746,0.8762778,4.525041,0.36774087,0.080634214,0.6377433
2300.0,-8.219295,0.92416185,4.55856,0.35308012,0.07941248,0.643852
2300.0,-8.145074,0.9983821,4.5872903,0.33353242,0.06963864,0.643852
2300.0,-8.087613,1.1180922,4.537012,0.31398472,0.061086524,0.62796944
2300.0,-7.991845,1.1587936,4.4603977,0.2846632,0.058643065,0.6059783
2300.0,-8.030152,1.3192052,4.321534,0.23823744,0.059864793,0.5839872
2300.0,-7.9846625,1.4676456,4.256891,0.18448131,0.061086524,0.5546656
2300.0,-8.106767,1.5227122,4.3119574,0.118507855,0.06841691,0.5326745
2300.0,-8.12592,1.4053963,4.2904096,0.034208454,0.06841691,0.52656585
2300.0,-8.034941,0.22505496,3.9719806,0.6096435,-0.02687807,0.6963864
2300.0,-8.109161,1.1994951,4.5394063,0.052534413,0.032986723,0.47891834
2300.0,-8.176199,1.2761095,4.4795513,0.13683382,0.02687807,0.4642576
2300.0,-8.145074,1.271321,4.4436383,0.21380283,0.02443461,0.45081854
2300.0,-8.228871,1.376666,4.355053,0.28710666,0.017104227,0.43860126
2300.0,-8.214506,1.412579,4.292804,0.3555236,0.015882496,0.42760566
2309.0,-8.23366,1.4939818,4.1706996,0.40561453,0.012217305,0.4288274
2320.0,-8.219295,1.6208745,4.185065,0.41050145,-0.014660766,0.44715336
2330.0,-8.161834,1.7166426,4.1683054,0.41050145,-0.014660766,0.44715336
2340.0,-8.204929,1.6998832,4.1539397,0.35918877,-0.0012217305,0.45448375
2349.0,-8.231265,1.685518,4.0916905,0.28221974,0.002443461,0.45937067
2362.0,-8.180987,1.7429788,4.185065,0.19303341,0.010995574,0.45204028
2371.0,-8.257602,1.922544,4.156334,0.05375614,0.0036651916,0.41905355
2379.0,-8.145074,2.0398598,4.261679,0.0061086523,0.0,0.41416663
2389.0,-8.046912,2.1452048,4.3119574,-0.02076942,-0.0036651916,0.4092797
2401.0,-7.9750857,2.0590134,4.2281604,-0.04642576,-0.002443461,0.41172317
2409.0,-7.9750857,2.0111294,4.2401314,-0.07574729,-0.004886922,0.41905355
2424.0,-8.010999,2.030283,4.2544966,-0.11484267,0.010995574,0.4202753
2432.0,-8.099585,2.0494366,4.31914,-0.15515977,0.019547688,0.408058
2442.0,-8.12592,2.0326772,4.3167458,-0.18936823,0.036651913,0.39095375
2452.0,-8.180987,2.078167,4.3622355,-0.21746802,0.04520403,0.37873647
2462.0,-8.228871,2.1045034,4.2904096,-0.23823744,0.04642576,0.376293
2471.0,-8.157045,2.1188686,4.292804,-0.25900686,0.047647487,0.37751472
2485.0,-8.123527,2.1930888,4.3646297,-0.27488935,0.056199603,0.36774087
2492.0,-8.09719,2.1978772,4.414908,-0.26633725,0.05375614,0.35308012
2504.0,-8.025364,2.2385786,4.378995,-0.23945917,0.04642576,0.3481932
2513.0,-8.058883,2.2649148,4.3406878,-0.19914207,0.043982297,0.35430184
