38.0,3.5051112,2.4899697,9.557653,0.007330383,-0.02076942,-0.0012217305
38.0,3.1555579,1.9991584,9.440337,0.15882497,0.13561209,-0.07086037
58.0,2.8898015,1.448492,9.325416,-0.028099801,-0.25411993,-0.23579398
58.0,2.7868507,1.1994951,9.323022,-0.2602286,-0.26389378,-0.39828414
65.0,2.882619,1.091756,9.294291,-0.37140608,0.6621779,-0.33353242
74.0,3.086126,1.2545617,9.344569,-0.643852,0.83077675,-0.66828656
85.0,3.2441432,1.5131354,9.255983,-0.86132,0.8026769,-0.91751957
94.0,3.193865,1.4413095,9.131485,-0.93218035,0.73914695,-0.95905846
104.0,3.1148565,1.2569559,9.004593,-0.9993755,0.83199847,-0.9822713
115.0,2.8802247,1.0031705,8.882488,-1.105666,0.9126327,-1.1154399
124.0,2.6862943,0.7733272,8.916007,-1.2363913,0.9810496,-1.2913691
135.0,2.6168625,0.60333884,8.949526,-1.3695599,1.0445796,-1.4330899
146.0,2.5594015,0.44532153,9.011775,-1.4856243,1.1129965,-1.5222762
154.0,2.4420857,0.23223756,8.973468,-1.59558,1.1887437,-1.5784758
166.0,2.3056161,0.021547815,8.899248,-1.7153096,1.2583824,-1.6310102
176.0,2.0901382,-0.34237084,8.90643,-1.8521434,1.3206906,-1.6884315
186.0,1.8818425,-0.62488663,8.889671,-1.9865338,1.3805555,-1.740966
195.0,1.6950948,-1.0342951,8.781932,-2.0964894,1.4306464,-1.7800614
206.0,1.5921441,-1.2737153,8.580819,-2.1697934,1.4709635,-1.8093829
216.0,1.3838485,-1.7597382,8.449138,-2.2272146,1.5063937,-1.8338175
225.0,1.1707647,-1.9488802,8.350976,-2.289523,1.5552629,-1.8435913
235.0,0.6440403,-2.4708161,8.475474,-2.3640485,1.640784,-1.8655825
246.0,0.4189853,-2.6623523,8.561666,-2.3554964,1.6701056,-1.8863518
255.0,0.32800564,-2.7629087,8.662222,-2.3310618,1.6884315,-1.9010127
267.0,0.15322891,-2.9951463,8.6334915,-2.3127358,1.6982054,-1.894904
275.0,0.033518825,-3.0813377,8.580819,-2.3066273,1.7030923,-1.8692477
286.0,-0.12928689,-3.4739866,8.461109,-2.3127358,1.709201,-1.8362609
295.0,-0.2705448,-3.691859,8.331821,-2.3151793,1.717753,-1.8081611
306.0,-0.47405192,-3.9504328,8.269572,-2.3127358,1.72264,-1.7776178
316.0,-0.6823475,-4.271256,8.087613,-2.3139575,1.7287487,-1.7373008
327.0,-0.91458505,-4.498705,8.058883,-2.3408356,1.7250835,-1.6896533
335.0,-1.0989386,-4.7620673,7.9343843,-2.3823745,1.709201,-1.6383406
346.0,-1.2162545,-4.9536033,7.93199,-2.4092526,1.6847663,-1.582141
355.0,-1.3718776,-5.1930237,7.8649526,-2.4312437,1.6566665,-1.518611
366.0,-1.5251064,-5.6790466,7.795521,-2.4715607,1.6151277,-1.4428637
375.0,-1.6783354,-5.9759274,7.7548194,-2.5008824,1.5564847,-1.3646729
387.0,-1.7166426,-6.229713,7.6231384,-2.4788911,1.500285,-1.2986995
396.0,-1.7166426,-6.232107,7.52737,-2.4055874,1.4391985,-1.2498302
406.0,-1.7525556,-6.265626,7.4746976,-2.3457224,1.3744467,-1.2082914
415.0,-1.8315643,-6.411672,7.33344,-2.3322835,1.3158038,-1.1557571
426.0,-1.8986019,-6.706159,7.1610575,-2.324953,1.2534955,-1.0812315
436.0,-1.9656396,-7.050924,7.017405,-2.302962,1.1899655,-0.98471475
448.0,-2.006341,-7.321469,6.742072,-2.2883012,1.1325442,-0.8881981
455.0,-2.0015526,-7.565677,6.4404025,-2.3005185,1.070236,-0.81245077
466.0,-2.0446482,-7.8050976,6.196194,-2.3200662,1.0042624,-0.75869465
476.0,-2.1499932,-7.941567,6.0118403,-2.3261747,0.9492846,-0.71593404
486.0,-2.348712,-7.989451,5.853823,-2.3335052,0.89675015,-0.66339964
495.0,-2.5019407,-8.147469,5.7963624,-2.334727,0.8393288,-0.59498274
507.0,-2.6479871,-8.595184,5.961562,-2.289523,0.7696902,-0.49602258
516.0,-2.8083985,-9.0237465,6.117185,-2.1917844,0.689056,-0.37140608
526.0,-2.7748797,-9.3661175,6.2009826,-2.053729,0.6035349,-0.25534168
535.0,-2.777274,-9.464279,6.241684,-1.8668042,0.52290064,-0.18692477
547.0,-2.7509377,-9.308656,6.1746464,-1.6297885,0.46303585,-0.16737708
557.0,-2.693477,-9.179369,6.126762,-1.3744467,0.41050145,-0.1600467
571.0,-2.767697,-9.038112,5.971139,-1.1313224,0.36285394,-0.13439035
578.0,-2.7222073,-8.9519205,5.722142,-0.9272934,0.3200934,-0.080634214
589.0,-2.6647465,-8.767567,5.568913,-0.7684685,0.28099802,-0.018325957
598.0,-2.5354595,-8.724471,5.351041,-0.65118235,0.25167647,0.035430185
609.0,-2.552219,-8.635885,5.317522,-0.59986967,0.24801129,0.080634214
619.0,-2.516306,-8.585608,5.2002063,-0.6096435,0.25289822,0.112399206
631.0,-2.5019407,-8.607155,5.195418,-0.65484756,0.2602286,0.13316862
639.0,-2.468422,-8.779537,5.085284,-0.7171558,0.26145032,0.16493362
651.0,-2.4037786,-8.89446,4.9655743,-0.7696902,0.25900686,0.21502456
659.0,-2.3511062,-9.074024,4.8219223,-0.77824235,0.26511553,0.2565634
669.0,-2.3415294,-9.088389,4.656722,-0.7415904,0.28221974,0.27122417
677.0,-2.2960393,-8.995016,4.6136265,-0.66950834,0.3042109,0.27488935
691.0,-2.3630772,-9.016563,4.4699745,-0.59986967,0.33108896,0.29443705
698.0,-2.3678656,-9.258378,4.343082,-0.5656612,0.35063666,0.34208453
709.0,-2.396596,-9.478644,4.2760444,-0.58032197,0.3640757,0.41416663
719.0,-2.3870192,-9.624691,4.2640734,-0.6401868,0.37507126,0.48502702
729.0,-2.27928,-9.773131,4.0318356,-0.7305948,0.3848451,0.54000485
739.0,-2.5139117,-9.840169,4.086902,-0.8332202,0.39706242,0.57787853
751.0,-2.6910827,-9.933543,4.1659107,-0.9272934,0.42394048,0.59864795
758.0,-2.956839,-9.888053,4.173094,-0.96883225,0.43127087,0.61208695
771.0,-3.0310593,-9.818622,4.1060557,-0.9309586,0.41050145,0.63529986
778.0,-3.0119057,-9.782708,4.1802764,-0.82711154,0.38728857,0.6951646
789.0,-2.920926,-9.840169,4.175488,-0.66950834,0.3652974,0.784351
799.0,-2.8754363,-9.801862,4.0581717,-0.4728097,0.3555236,0.86009824
811.0,-3.0597897,-9.6845455,3.9432502,-0.27122417,0.3652974,0.89919364
818.0,-3.2010477,-9.370906,3.904943,-0.09407325,0.37995818,0.90285885
828.0,-3.2369606,-8.925584,3.9432502,0.056199603,0.39828414,0.89552844
839.0,-3.2848446,-8.643068,4.003105,0.19058995,0.408058,0.8906415
850.0,-3.3063924,-8.336611,4.0342298,0.28955013,0.41050145,0.9053023
859.0,-3.2321723,-8.118738,4.003105,0.3213151,0.41538838,0.9370673
869.0,-3.2010477,-8.154651,4.1252093,0.29077184,0.41416663,0.9663888
878.0,-3.1316159,-8.109161,4.0797195,0.22724187,0.42149702,0.97494096
890.0,-3.2489316,-8.135497,4.0414124,0.16371189,0.43249258,0.9663888
899.0,-3.3423057,-8.341399,3.9600096,0.12461651,0.44104472,0.95539325
910.0,-3.4835634,-8.420407,3.9240966,0.12095132,0.44959682,0.956615
920.0,-3.6391866,-8.374918,3.9360676,0.16249016,0.45937067,0.956615
931.0,-3.6535518,-8.248025,3.8283286,0.24556783,0.46181414,0.94806284
938.0,-3.7612908,-8.200141,3.8498764,0.34574974,0.45570546,0.93584555
951.0,-3.6990416,-8.104373,3.8235402,0.43004912,0.453262,0.93218035
959.0,-3.8259344,-7.8865004,3.9576154,0.48502702,0.45204028,0.9297369
970.0,-3.8977604,-7.8625584,4.0916905,0.5131268,0.45448375,0.91874135
977.0,-3.9576154,-7.8386164,4.0294414,0.5204572,0.44226643,0.91507614
990.0,-4.0533834,-7.747637,3.9863458,0.50823987,0.43127087,0.9260717
997.0,-3.9983168,-7.6590514,3.9743748,0.49602258,0.42760566,0.9334021
1009.0,-4.0940847,-7.69257,3.9624038,0.46914452,0.42394048,0.93462384
1017.0,-4.132392,-7.7548194,3.8115692,0.43127087,0.41905355,0.9236283
1028.0,-4.175488,-7.795521,3.857059,0.40439278,0.41538838,0.9053023
1038.0,-4.378995,-7.7811556,3.8307228,0.39461896,0.41538838,0.8918633
1063.0,-4.4675803,-7.78355,3.7349546,0.46792278,0.39706242,0.87964594
1063.0,-4.582502,-7.73806,3.8857894,0.46792278,0.39706242,0.87964594
1067.0,-4.6232033,-7.9367785,4.10845,0.6072,0.3811799,0.95294976
1075.0,-4.654328,-7.93199,4.0533834,0.6792821,0.38240165,0.9822713
1086.0,-4.7429137,-7.654263,4.0916905,0.752586,0.38240165,0.9773844
1095.0,-4.8243165,-7.5920134,4.0797195,0.79290307,0.3885103,0.9627236
1107.0,-5.1116204,-7.359776,4.0653543,0.7696902,0.39584067,0.95294976
1117.0,-5.2361193,-7.177817,4.024653,0.70249504,0.39461896,0.9505063
1126.0,-5.233725,-7.1347213,3.976769,0.6267477,0.37995818,0.9615019
1135.0,-5.2289367,-7.1107793,3.9743748,0.5510005,0.36651915,0.9993755
1147.0,-5.1523223,-7.225701,3.8953662,0.4801401,0.35796702,1.0555751
1156.0,-5.171476,-7.3789296,3.8402996,0.43982297,0.35063666,1.102001
1167.0,-5.2863975,-7.345411,3.881001,0.4361578,0.36041048,1.1276573
1176.0,-5.401319,-7.2807674,3.9815574,0.45448375,0.37507126,1.1410962
1186.0,-5.657499,-7.0844426,4.120421,0.47403142,0.38973203,1.1496484
1203.0,-5.861006,-6.95755,4.0414124,0.49235737,0.3921755,1.1618657
1211.0,-5.9902925,-6.885724,3.9719806,0.48624873,0.3811799,1.1985176
1236.0,-6.093243,-7.00304,4.003105,0.42760566,0.36285394,1.2632693
1236.0,-6.2728086,-6.9647326,4.010288,0.36285394,0.33353242,1.3219124
1236.0,-6.208165,-6.835446,4.0677485,0.36285394,0.31642818,1.3475688
1248.0,-6.3206925,-6.5625067,3.9456444,0.43493605,0.30298916,1.351234
1256.0,-6.3949127,-6.090849,3.9983168,0.5546656,0.29565877,1.3426818
1266.0,-6.5241995,-5.8083334,3.9983168,0.6939429,0.2968805,1.3341297
1285.0,-6.5984197,-5.631162,4.0773253,0.81000733,0.2932153,1.3414601
1288.0,-6.5936313,-5.530606,4.098873,0.88453287,0.27977628,1.3585643
1296.0,-6.555324,-5.391742,4.0892963,0.9297369,0.25778514,1.3732251
1306.0,-6.5960255,-5.097255,4.1419687,0.9627236,0.24801129,1.3658947
1328.0,-6.634333,-4.795586,4.1156325,0.9896017,0.24923302,1.3414601
1328.0,-6.742072,-4.5058875,4.086902,0.9969321,0.24801129,1.3158038
1393.0,-6.88333,-4.3622355,4.1659107,0.98715824,0.23335053,1.2974777
1393.0,-6.909666,-4.2760444,4.1946416,0.9786061,0.2125811,1.2913691
1393.0,-6.943185,-4.237737,4.122815,0.9761627,0.18570304,1.2938126
1393.0,-7.0102224,-4.110844,4.134786,0.9932669,0.1685988,1.2925909
1393.0,-7.0605006,-4.072537,4.086902,1.0238101,0.16126843,1.282817
1393.0,-7.0844426,-3.881001,4.0916905,1.073901,0.15882497,1.2620476
1408.0,-7.0964136,-3.6774938,4.1036615,1.1362094,0.15393804,1.2339478
1408.0,-7.065289,-3.5242648,4.297592,1.1887437,0.15149458,1.2156218
1430.0,-7.07726,-3.3758245,4.367024,1.2119566,0.15149458,1.2082914
1430.0,-7.050924,-3.145981,4.4915223,1.2131784,0.14538592,1.1997393
1437.0,-7.065289,-3.0071173,4.367024,1.1997393,0.14782938,1.1863003
1462.0,-7.261614,-2.7988217,4.2664676,1.1765264,0.14538592,1.1667526
1462.0,-7.371747,-2.717419,4.084508,1.1484267,0.1441642,1.1472049
1468.0,-7.3909006,-2.633622,4.024653,1.1203269,0.14172074,1.1362094
1477.0,-7.417237,-2.6072857,4.086902,1.0885619,0.13683382,1.1410962
1487.0,-7.3310456,-2.6599581,4.2161894,1.0604621,0.13439035,1.1594223
1498.0,-7.264008,-2.6743233,4.390966,1.0433578,0.13805555,1.1728612
1507.0,-7.3071036,-2.552219,4.4963107,1.0421361,0.14660765,1.1655309
1516.0,-7.410054,-2.2409728,4.548983,1.0555751,0.15882497,1.1374311
1529.0,-7.565677,-1.9871874,4.4340615,1.0763446,0.172264,1.1068878
1538.0,-7.608773,-1.7405846,4.4484267,1.0775663,0.17715092,1.0958922
1547.0,-7.6590514,-1.5777789,4.4436383,1.047023,0.18448131,1.1032226
1556.0,-7.716512,-1.5969325,4.465186,1.0067059,0.18692477,1.1154399
1568.0,-7.750031,-1.5777789,4.4580035,0.9859365,0.17837265,1.1239921
1576.0,-7.735666,-1.3623008,4.642357,0.9944886,0.172264,1.1239921
1588.0,-7.788338,-1.1875241,4.6040497,1.0396926,0.1685988,1.1154399
1597.0,-7.81228,-0.9983821,4.620809,1.0958922,0.17104226,1.1129965
1607.0,-7.85777,-0.830788,4.5537715,1.1313224,0.17348573,1.1154399
1617.0,-7.867347,-0.6871359,4.441244,1.1447614,0.172264,1.1178834
1627.0,-7.8529816,-0.36152446,4.331111,1.1362094,0.16737708,1.1081096
1640.0,-7.845799,-0.14604631,4.268862,1.1093313,0.16371189,1.0897835
1649.0,-7.8793178,0.12210429,4.283227,1.0751228,0.15515977,1.0690142
1657.0,-7.8865004,0.24420857,4.175488,1.047023,0.14660765,1.0555751
1667.0,-7.8649526,0.29209262,4.261679,1.0311406,0.14294247,1.0580186
1677.0,-7.8649526,0.37828386,4.2640734,1.0225884,0.14538592,1.0665708
1687.0,-7.7811556,0.5363012,4.261679,1.0348058,0.13805555,1.0641272
1697.0,-7.6829934,0.6344634,4.2664676,1.065349,0.13072516,1.047023
1709.0,-7.740454,0.8595184,4.175488,1.0995574,0.12950343,1.0225884
1718.0,-7.7189064,1.1372458,4.187459,1.1166617,0.12705997,0.9981538
1729.0,-7.7093296,1.3694834,4.1826706,1.1093313,0.12095132,0.9773844
1739.0,-7.750031,1.532289,4.027047,1.0751228,0.10995574,0.9615019
1749.0,-7.833828,1.6927006,4.0078936,1.0164797,0.10262536,0.94806284
1759.0,-7.81228,1.8890251,3.9097314,0.9407325,0.09162979,0.93462384
1770.0,-7.773973,2.0111294,3.9719806,0.8576548,0.080634214,0.9211848
1778.0,-7.704541,2.0111294,4.015076,0.7892379,0.0720821,0.9077458
1788.0,-7.704541,2.0590134,4.1060557,0.7367035,0.0720821,0.893085
1893.0,-7.73806,1.9800048,4.19943,0.7012733,0.0720821,0.8772025
1893.0,-7.690176,1.9201498,4.3287168,0.68661255,0.07941248,0.8576548
1893.0,-7.6470804,1.8483237,4.247314,0.6963864,0.07941248,0.8332202
1893.0,-7.608773,1.9632454,4.1683054,0.7318166,0.06841691,0.8038987
1893.0,-7.603985,2.1380222,4.1922474,0.7867944,0.06719518,0.77457714
1893.0,-7.61835,2.420538,4.0318356,0.8258898,0.07452556,0.7501425
1893.0,-7.6255326,2.504335,4.0318356,0.8258898,0.07452556,0.7501425
1893.0,-7.7452426,2.6527755,4.0318356,0.73792523,0.07941248,0.74036866
1893.0,-7.8170686,2.6264393,4.060566,0.66950834,0.07941248,0.72082096
1893.0,-7.773973,2.6743233,4.0892963,0.6084218,0.080634214,0.6951646
1897.0,-7.7093296,2.765303,4.134786,0.55833083,0.0842994,0.67073005
1909.0,-7.7572136,2.942474,4.072537,0.5326745,0.0842994,0.6462954
1918.0,-7.675811,3.0023289,4.0677485,0.5290093,0.08552113,0.63407815
1927.0,-7.714118,3.0597897,4.0797195,0.54733527,0.08552113,0.63529986
1937.0,-7.8146744,3.145981,4.1036615,0.5766568,0.089186326,0.6377433
1950.0,-7.831434,3.289633,4.0318356,0.61941737,0.09407325,0.63041294
1957.0,-7.831434,3.323152,3.9456444,0.6585127,0.095294975,0.6243043
1971.0,-7.7548194,3.217807,3.809175,0.675617,0.09285152,0.6218608
1977.0,-7.8170686,3.3087866,3.775656,0.6743952,0.09773844,0.6169739
1987.0,-7.762002,3.430891,3.7565024,0.66706485,0.103847094,0.6072
2000.0,-7.8170686,3.5075054,3.7086184,0.6646214,0.10629055,0.59620446
2009.0,-7.7931266,3.6750996,3.7349546,0.66706485,0.105068825,0.59131753
2017.0,-7.759608,3.8642416,3.7972038,0.6731735,0.10262536,0.5900958
2029.0,-7.608773,3.940856,3.7660792,0.6780604,0.095294975,0.593761
2037.0,-7.5680714,4.024653,3.6727054,0.66828656,0.08674286,0.6096435
2048.0,-7.515399,4.189853,3.5458126,0.6243043,0.08674286,0.61819565
2057.0,-7.5680714,4.261679,3.4859576,0.55955255,0.0842994,0.6072
2069.0,-7.560889,4.175488,3.5098996,0.49846604,0.0842994,0.5900958
2078.0,-7.541735,4.27365,3.5075054,0.4569272,0.081855945,0.57543504
2090.0,-7.563283,4.283227,3.5362358,0.4373795,0.08307768,0.56199604
2099.0,-7.5345526,4.3239284,3.550601,0.43004912,0.081855945,0.5510005
2109.0,-7.503428,4.390966,3.4356794,0.44226643,0.07696902,0.53878313
2120.0,-7.4483614,4.5034933,3.5051112,0.4813618,0.06841691,0.5290093
2131.0,-7.4004774,4.6255975,3.4524388,0.52534413,0.058643065,0.52412236
2139.0,-7.410054,4.7022123,3.4835634,0.5497787,0.05131268,0.52778757
2174.0,-7.3645644,4.7860093,3.3997664,0.5729916,0.043982297,0.5216789
2174.0,-7.3071036,4.8027687,3.3039982,0.61208695,0.036651913,0.5021312
2174.0,-7.4387846,4.8458643,3.1531637,0.6609562,0.039095376,0.4801401
2179.0,-7.505822,5.0278234,3.1411927,0.7134906,0.05009095,0.45937067
2190.0,-7.503428,5.1116204,2.980781,0.75747293,0.04520403,0.44593164
2199.0,-7.4124484,5.1523223,2.9592333,0.7672467,0.052534413,0.43371433
2210.0,-7.4148426,5.245696,2.9903579,0.7440339,0.056199603,0.41538838
2220.0,-7.3430166,5.2265425,2.9879637,0.6951646,0.057421334,0.39950588
2230.0,-7.290344,5.29358,2.896984,0.6414085,0.052534413,0.3848451
2240.0,-7.261614,5.281609,2.8179753,0.5900958,0.04642576,0.3726278
2253.0,-7.252037,5.3438582,2.8179753,0.54367006,0.04153884,0.36285394
2260.0,-7.2831616,5.449203,2.8419175,0.50946164,0.029321533,0.3494149
2271.0,-7.237672,5.386954,2.7150247,0.49602258,0.02443461,0.33108896
2281.0,-7.273585,5.415684,2.6623523,0.49602258,0.021991149,0.3213151
2292.0,-7.3669586,5.3965306,2.7030537,0.48258355,0.019547688,0.3213151
2301.0,-7.2687964,5.33907,2.7700913,0.4569272,0.013439035,0.32253686
2312.0,-7.261614,5.3486466,2.8538885,0.44348818,0.009773844,0.31520647
2321.0,-7.2424603,5.377377,2.8562827,0.453262,0.004886922,0.30665436
2333.0,-7.204153,5.437232,2.755726,0.4801401,-0.0036651916,0.30543262
2341.0,-7.2711906,5.511452,2.693477,0.5009095,-0.013439035,0.30909783
2354.0,-7.216124,5.523423,2.5713725,0.49357912,-0.02321288,0.30909783
2363.0,-7.2472486,5.5521536,2.542642,0.45204028,-0.029321533,0.30176744
2374.0,-7.21373,5.530606,2.3989902,0.39828414,-0.039095376,0.29077184
2382.0,-7.201759,5.6527104,2.4349031,0.344528,-0.040317107,0.2846632
2393.0,-7.1586633,5.801151,2.4995465,0.2919936,-0.04520403,0.28099802
2400.0,-7.1993647,5.815516,2.5019407,0.23335053,-0.04642576,0.27122417
2413.0,-7.2472486,5.604826,2.6264393,0.17592919,-0.037873644,0.25289822
2423.0,-7.1730285,5.559336,2.6264393,0.16493362,-0.036651913,0.23457226
2433.0,-7.2233067,5.535394,2.7102363,0.21013765,-0.02565634,0.2284636
2442.0,-7.1634517,5.4779334,2.7700913,0.27366763,-0.014660766,0.23457226
2453.0,-7.1059904,5.5856724,2.7222073,0.33108896,-0.004886922,0.23701571
2462.0,-7.103596,5.779603,2.6982653,0.3811799,-0.008552114,0.23579398
2471.0,-7.07726,5.920861,2.6527755,0.40683624,-0.0036651916,0.23701571
2481.0,-7.1227503,6.0238113,2.5785553,0.40439278,0.0,0.24190263
2493.0,-7.0341644,6.0357823,2.60968,0.36896262,0.008552114,0.24312437
2500.0,-7.141904,5.9663506,2.5187001,0.3200934,0.017104227,0.24923302
2510.0,-7.1251445,5.9064956,2.468422,0.28588495,0.02076942,0.25534168
