31.0,2.2505496,-3.2369606,9.387665,0.2724459,0.15760323,0.5448918
31.0,2.480393,-2.597709,9.334992,0.2724459,0.15760323,0.5448918
59.0,3.0502129,-0.89782566,8.913613,0.15760323,0.12705997,-0.08307768
59.0,3.4859576,1.103727,8.683769,-0.028099801,-0.27977628,-0.39584067
59.0,3.289633,1.3096284,8.463503,-0.44104472,-0.3494149,-0.46670106
64.0,2.8323407,-0.009576807,8.243237,-0.7464773,0.51068336,0.039095376
75.0,2.4971523,-1.5275006,8.145074,-1.2620476,0.59131753,-0.04153884
85.0,2.408567,-2.420538,8.066066,-1.7568485,0.43127087,-0.56688297
95.0,2.7581203,-2.3247697,7.8625584,-2.021964,0.24801129,-1.0115929
104.0,2.9352913,-1.6496049,7.7213006,-2.2907448,0.25411993,-1.0519099
116.0,2.9735985,-1.3623008,7.608773,-2.652377,0.27122417,-0.8723156
125.0,2.846706,-1.6400281,7.5441294,-3.0604348,0.2919936,-0.70005155
135.0,2.731784,-2.2337902,7.467515,-3.7091737,0.30298916,-0.7086037
144.0,2.7126305,-3.7493198,7.539341,-3.8423424,0.30176744,-0.7831292
155.0,2.7126305,-4.235343,7.632715,-3.8496728,0.3115413,-0.82344633
165.0,2.5953147,-4.4580035,7.627927,-3.7873645,0.30543262,-0.82833326
176.0,2.5785553,-4.685453,7.714118,-3.7067304,0.29443705,-0.8197812
185.0,2.5210943,-4.6471453,7.6494746,-3.6798522,0.2846632,-0.79901177
195.0,2.5258827,-4.510676,7.4004774,-3.7592647,0.28099802,-0.77213365
204.0,2.4492683,-4.855441,7.302315,-3.8679988,0.2602286,-0.766025
215.0,2.4157495,-5.4779334,6.897695,-3.9058723,0.21502456,-0.7684685
225.0,2.4349031,-6.184223,6.6486983,-3.82646,0.17470746,-0.7538077
236.0,2.4947581,-6.8665705,6.517017,-3.6468656,0.15515977,-0.72204274
245.0,2.5067291,-7.297527,6.3805475,-3.4147367,0.14294247,-0.7086037
256.0,2.4708161,-7.5201874,6.301539,-3.1850514,0.13805555,-0.7318166
265.0,2.5234885,-7.433996,6.253655,-3.0262265,0.13316862,-0.77213365
275.0,2.5091233,-7.2185183,6.1530986,-2.9883528,0.12095132,-0.79534656
285.0,2.4732103,-7.2304893,6.0238113,-3.0396655,0.095294975,-0.77946407
296.0,2.4468741,-7.3430166,5.758055,-3.1349604,0.064751714,-0.72692966
304.0,2.4396915,-7.565677,5.5880666,-3.2119296,0.04153884,-0.64996064
315.0,2.3870192,-7.9870567,5.315128,-3.2559118,0.02076942,-0.5644395
325.0,2.3175871,-8.492233,5.1547165,-3.2632422,0.002443461,-0.49357912
334.0,2.3223755,-8.889671,5.058948,-3.209486,-0.002443461,-0.45570546
345.0,2.327164,-9.224859,5.0182467,-3.0909781,-0.0012217305,-0.45570546
357.0,2.372654,-9.267955,4.891354,-2.9553661,0.0036651916,-0.47158796
365.0,2.4349031,-9.363723,4.663905,-2.8319712,0.0061086523,-0.4886922
375.0,2.480393,-9.397242,4.4101195,-2.7159069,-0.0012217305,-0.49968776
385.0,2.2936451,-9.583989,4.1683054,-2.579073,-0.009773844,-0.5009095
395.0,2.2577322,-9.842564,3.9719806,-2.4141395,-0.014660766,-0.49235737
404.0,2.267309,-9.856929,3.86903,-2.2308798,-0.013439035,-0.48258355
416.0,2.3295584,-9.938332,3.7852328,-2.0317378,-0.010995574,-0.46914452
425.0,2.384625,-10.010158,3.7301662,-1.8203784,-0.0061086523,-0.44837508
435.0,2.4732103,-10.036493,3.6631286,-1.5992452,0.0,-0.4288274
445.0,2.4995465,-9.873688,3.6248214,-1.3793337,0.0061086523,-0.41416663
456.0,2.542642,-9.871294,3.359065,-1.187522,0.010995574,-0.38362336
465.0,2.5474305,-9.957485,3.0693667,-1.0641272,0.02321288,-0.30909783
476.0,2.5809495,-10.1226845,2.9113493,-0.9944886,0.04520403,-0.22113322
485.0,2.540248,-10.251971,2.7389667,-0.95172805,0.064751714,-0.16126843
495.0,2.4851813,-10.414778,2.6408045,-0.90041536,0.09040806,-0.13683382
505.0,2.5019407,-10.46745,2.7150247,-0.83199847,0.11728613,-0.13194689
515.0,2.4827871,-10.304645,2.681506,-0.7538077,0.14538592,-0.12583824
525.0,2.480393,-10.268731,2.801216,-0.6805039,0.16982053,-0.1001819
536.0,2.3750482,-10.192117,2.7341783,-0.61208695,0.18448131,-0.052534413
545.0,2.3415294,-10.283096,2.633622,-0.54000485,0.19914207,-0.007330383
556.0,2.243367,-10.180145,2.6072857,-0.47769663,0.2125811,0.029321533
565.0,2.2385786,-9.983821,2.5450363,-0.44593164,0.23457226,0.073303826
577.0,2.2098482,-10.022128,2.4612393,-0.44715336,0.25289822,0.12461651
588.0,2.1523874,-10.187328,2.4732103,-0.48991394,0.27366763,0.19181168
600.0,2.1164744,-10.132261,2.4420857,-0.5338962,0.2932153,0.24923302
607.0,2.195483,-10.237606,2.3175871,-0.5497787,0.31642818,0.29077184
619.0,2.0470424,-10.25676,2.2242134,-0.5412266,0.3408628,0.3371976
628.0,2.0015526,-10.381259,2.1499932,-0.5180137,0.36285394,0.3921755
637.0,1.9800048,-10.472239,2.111686,-0.49357912,0.38606682,0.4361578
648.0,1.9129672,-10.505757,2.1068976,-0.44593164,0.39461896,0.46303585
660.0,1.8626889,-10.515334,2.183512,-0.38606682,0.40561453,0.49113566
666.0,1.9440918,-10.424355,2.2026656,-0.33108896,0.42271876,0.5375614
679.0,1.9201498,-10.378864,2.1428106,-0.2883284,0.43860126,0.5864306
689.0,1.9440918,-10.433931,2.1428106,-0.26389378,0.44959682,0.6377433
698.0,1.9800048,-10.414778,2.0638018,-0.2602286,0.46670106,0.6951646
709.0,2.042254,-10.419566,1.9967642,-0.25900686,0.4813618,0.7501425
720.0,1.9081788,-10.536881,1.8531121,-0.24678956,0.48624873,0.79290307
728.0,1.8866309,-10.728417,1.7166426,-0.21991149,0.49113566,0.82833326
739.0,1.8914193,-10.647015,1.5586253,-0.19181168,0.5009095,0.86132
747.0,1.9560628,-10.560823,1.5179238,-0.17715092,0.50823987,0.8894198
760.0,1.9608512,-10.448297,1.5945383,-0.17104226,0.5143485,0.9126327
767.0,1.8962077,-10.436325,1.6472107,-0.15515977,0.5119051,0.93584555
779.0,1.8315643,-10.304645,1.6711528,-0.13439035,0.5021312,0.96883225
787.0,1.757344,-10.28549,1.7429788,-0.12095132,0.49113566,1.0115929
799.0,1.8148049,-10.149021,1.7788919,-0.12095132,0.47891834,1.0555751
808.0,1.733402,-10.268731,1.6543933,-0.12950343,0.47158796,1.0885619
818.0,1.5993267,-10.314221,1.5298948,-0.13072516,0.47158796,1.1081096
826.0,1.4652514,-10.364499,1.42455,-0.095294975,0.4728097,1.1166617
839.0,1.3359646,-10.290278,1.3958195,-0.02687807,0.4813618,1.1203269
846.0,1.2617443,-10.290278,1.4748282,0.06352998,0.48502702,1.1191051
858.0,1.2066777,-10.2735195,1.4293385,0.15149458,0.47647488,1.128879
866.0,1.2162545,-10.340557,1.4891934,0.21624629,0.4801401,1.1508701
877.0,1.3383588,-10.309433,1.5801731,0.24312437,0.4886922,1.1728612
888.0,1.30484,-10.103531,1.6543933,0.21746802,0.49846604,1.1924089
898.0,1.2593501,-10.043676,1.7046716,0.15027285,0.50701815,1.2119566
909.0,1.0462662,-10.096349,1.6160861,0.07696902,0.50823987,1.2339478
916.0,0.8355764,-10.072407,1.4628572,0.021991149,0.49480084,1.2596041
926.0,0.7565677,-10.19451,1.3623008,-0.010995574,0.48991394,1.282817
936.0,0.61770403,-10.383653,1.1875241,-0.02565634,0.4886922,1.3011429
946.0,0.5386954,-10.2974615,1.2282255,0.04153884,0.44715336,1.3121386
959.0,0.44532153,-10.477027,1.3503298,0.04153884,0.44715336,1.3121386
965.0,0.32800564,-10.579977,1.4149733,0.13439035,0.43249258,1.3219124
976.0,0.2705448,-10.486604,1.5011644,0.23335053,0.43249258,1.3365731
985.0,0.05267244,-10.304645,1.4939818,0.31031954,0.39950588,1.3500122
996.0,-0.46926352,-9.988609,1.4221559,0.27488935,0.3726278,1.3671165
1005.0,-0.6727707,-9.888053,1.4197617,0.22479841,0.3408628,1.391551
1016.0,-0.7493851,-9.890448,1.3599066,0.19058995,0.29810223,1.4196508
1025.0,-0.8595184,-9.991004,1.3000516,0.1966986,0.2687807,1.4367551
1035.0,-0.866701,-10.04607,1.4269443,0.24556783,0.25289822,1.4501941
1052.0,-1.1013328,-10.06283,1.5059528,0.33108896,0.24801129,1.4526376
1057.0,-1.3096284,-10.031705,1.6232687,0.44837508,0.23945917,1.4416419
1132.0,-1.4700398,-9.797073,1.6424223,0.5705481,0.2284636,1.4245378
1132.0,-1.6639702,-9.617508,1.6950948,0.66706485,0.21991149,1.4135422
1132.0,-1.8602947,-9.500193,1.7238252,0.70005155,0.20647246,1.4159856
1132.0,-1.9560628,-9.3182335,1.8171991,0.6768387,0.1881465,1.4245378
1132.0,-2.0685902,-9.26556,1.9512744,0.6365216,0.17592919,1.4220943
1132.0,-2.1643584,-9.25359,1.982399,0.6059783,0.16371189,1.4074335
1132.0,-2.2625206,-9.200917,1.910573,0.5900958,0.1563815,1.3939945
1346.0,-2.408567,-9.148245,1.8938135,0.593761,0.15882497,1.3891076
1346.0,-2.516306,-9.179369,1.8315643,0.63285637,0.16126843,1.3817772
1346.0,-2.633622,-9.129091,1.8507179,0.70371675,0.16126843,1.3671165
1346.0,-2.633622,-9.052477,1.9297266,0.7819075,0.1563815,1.3561208
1346.0,-2.695871,-9.018958,2.0015526,0.8344419,0.15515977,1.3561208
1346.0,-2.741361,-8.937555,2.1212628,0.8564331,0.1600467,1.346347
1346.0,-2.7150247,-8.796297,2.2385786,0.8356637,0.16126843,1.3329079
1346.0,-2.8323407,-8.607155,2.2002714,0.75991637,0.1600467,1.3316863
1346.0,-2.932897,-8.415619,2.1667526,0.65484756,0.15271631,1.3353515
1346.0,-3.095703,-8.355764,2.1188686,0.5412266,0.13927728,1.3377949
1347.0,-3.1890767,-8.39886,2.1092918,0.45814893,0.12217305,1.3292428
1347.0,-3.2632968,-8.468291,2.0685902,0.4361578,0.11362094,1.314582
1347.0,-3.347094,-8.418014,2.2649148,0.47891834,0.1160644,1.3011429
1347.0,-3.4332852,-8.597578,2.360683,0.5766568,0.12705997,1.2901474
1347.0,-3.5577838,-8.619126,2.3942018,0.7122689,0.14660765,1.2681563
1347.0,-3.5553896,-8.42759,2.5354595,0.8417723,0.17470746,1.2400564
1347.0,-3.5913026,-8.027759,2.621651,0.9138544,0.20280726,1.2266175
1347.0,-3.6511576,-7.735666,2.7605145,0.893085,0.22602014,1.2363913
1347.0,-3.892972,-7.6255326,2.870648,0.79412484,0.2443461,1.2608259
1347.0,-4.134786,-7.541735,2.8658595,0.6780604,0.24923302,1.2779301
1348.0,-4.3143516,-7.6590514,2.80361,0.5656612,0.24923302,1.287704
1348.0,-4.3885717,-7.723695,2.6886885,0.4642576,0.23823744,1.2950343
1357.0,-4.343082,-7.675811,2.6886885,0.39095375,0.23457226,1.287704
1372.0,-4.2544966,-7.5345526,2.6623523,0.376293,0.23579398,1.2571607
1378.0,-4.2521024,-7.4627266,2.5785553,0.42271876,0.23701571,1.2241739
1386.0,-4.321534,-7.4962454,2.6192567,0.50946164,0.25289822,1.2217305
1396.0,-4.489128,-7.599196,2.6910827,0.6218608,0.27000242,1.2449434
1406.0,-4.6591167,-7.6255326,2.7629087,0.73426,0.27488935,1.2815952
1418.0,-4.7860093,-7.630321,2.9041667,0.8014552,0.27366763,1.3231341
1427.0,-4.9296613,-7.560889,3.064578,0.79412484,0.2761111,1.3573426
1437.0,-5.0014873,-7.5106106,3.2034419,0.7318166,0.2724459,1.3658947
1446.0,-5.149928,-7.3310456,3.2992098,0.66706485,0.25900686,1.3439035
1457.0,-5.2385135,-7.015011,3.1507695,0.6426302,0.25289822,1.3060299
1466.0,-5.4683566,-6.7348895,2.9520507,0.6536258,0.24678956,1.2767084
1476.0,-5.5760956,-6.337452,2.8083985,0.6658431,0.24190263,1.2815952
1486.0,-5.7604494,-6.0836663,2.8083985,0.6658431,0.23823744,1.3121386
1498.0,-6.0046577,-6.007052,2.8634653,0.65240407,0.23335053,1.3390167
1507.0,-6.0238113,-5.901707,3.2441432,0.6377433,0.21746802,1.3390167
1518.0,-6.069301,-5.827487,3.4404678,0.63407815,0.20647246,1.3219124
1528.0,-6.2392898,-5.631162,3.5122938,0.63163465,0.19914207,1.3060299
1538.0,-6.3422403,-5.5042696,3.5458126,0.6169739,0.19058995,1.2938126
1547.0,-6.567295,-5.3223104,3.430891,0.5900958,0.17959438,1.2815952
1560.0,-6.6510925,-5.0876784,3.3758245,0.56199604,0.17104226,1.2657127
1580.0,-6.83784,-4.9081135,3.2202013,0.54733527,0.15882497,1.2486086
1580.0,-6.979098,-4.936844,3.2944214,0.5558874,0.14294247,1.2339478
1593.0,-7.0964136,-4.8698063,3.2321723,0.59986967,0.13316862,1.219287
1596.0,-7.216124,-4.7022123,3.145981,0.65118235,0.12095132,1.210735
1606.0,-7.2951326,-4.570531,3.2704794,0.6817256,0.11362094,1.2095132
1617.0,-7.350199,-4.5657425,3.5242648,0.69027776,0.10140363,1.2070698
1631.0,-7.252037,-4.596867,3.715801,0.69027776,0.08552113,1.1948525
1637.0,-7.273585,-4.3622355,3.809175,0.69027776,0.07819075,1.1753048
1647.0,-7.2951326,-4.146757,3.763685,0.6719518,0.0720821,1.1533136
1669.0,-7.4148426,-3.892972,3.5410242,0.63285637,0.057421334,1.1337659
1669.0,-7.589619,-3.7708676,3.5458126,0.59620446,0.047647487,1.1203269
1882.0,-7.589619,-3.7828386,3.6176388,0.5888741,0.03176499,1.110553
1882.0,-7.615956,-3.763685,3.5865142,0.63163465,0.015882496,1.102001
1882.0,-7.5561004,-3.5769374,3.5793316,0.7049385,0.010995574,1.097114
1882.0,-7.5561004,-3.5362358,3.5625722,0.77213365,0.019547688,1.0958922
1882.0,-7.615956,-3.5242648,3.8043866,0.79045963,0.02443461,1.0848967
1882.0,-7.563283,-3.5194764,3.9025488,0.77457714,0.028099801,1.0580186
1882.0,-7.589619,-3.4021606,4.015076,0.766025,0.034208454,1.0189233
1882.0,-7.632715,-3.2249897,3.9863458,0.73914695,0.052534413,0.97127575
1882.0,-7.615956,-2.9041667,4.003105,0.73914695,0.052534413,0.97127575
1882.0,-7.680599,-2.885013,4.072537,0.68661255,0.052534413,0.9773844
1882.0,-7.7093296,-2.942474,3.9935284,0.63041294,0.05375614,0.9859365
1882.0,-7.606379,-2.9640217,3.9600096,0.6084218,0.047647487,0.9798279
1883.0,-7.7667904,-2.954445,3.8426938,0.6646214,0.26145032,1.0983357
1883.0,-6.95755,-3.359065,4.5872903,0.8210029,0.039095376,0.9578367
1895.0,-7.776367,-2.4372973,4.1706996,0.87598073,0.039095376,0.95172805
1895.0,-7.764396,-2.087744,4.1036615,0.86498517,0.037873644,0.9627236
1895.0,-7.9248075,-2.006341,3.892972,0.8002335,0.04153884,0.9773844
1895.0,-7.989451,-1.8746599,3.8522706,0.72326446,0.05497787,0.98471475
1895.0,-7.9631147,-1.8124107,3.7804444,0.66828656,0.056199603,0.99082345
1969.0,-8.046912,-1.7884687,3.9312792,0.6267477,0.047647487,1.0042624
1969.0,-7.9750857,-1.8052281,4.0797195,0.59986967,0.032986723,1.0189233
1969.0,-7.93199,-1.8986019,4.1635165,0.6133087,0.021991149,1.0164797
1969.0,-7.953538,-1.7932571,4.122815,0.66828656,0.009773844,0.9993755
1969.0,-7.9942393,-1.5562311,4.0557775,0.7367035,-0.0061086523,0.98471475
1969.0,-8.015787,-1.3239936,4.050989,0.79045963,-0.021991149,0.9786061
1969.0,-8.0445175,-1.0462662,3.9193082,0.8222246,-0.03176499,0.9773844
1969.0,-7.9702973,-0.80205756,3.8594532,0.829555,-0.034208454,0.97005403
1978.0,-7.989451,-0.7326257,3.8857894,0.81245077,-0.034208454,0.956615
1987.0,-8.037335,-0.50278234,4.0174704,0.784351,-0.037873644,0.9407325
1998.0,-7.8769236,-0.16280572,4.0797195,0.75991637,-0.04642576,0.93462384
2007.0,-7.8769236,-0.1436521,4.098873,0.71959925,-0.05009095,0.9492846
2017.0,-7.8769236,-0.20590134,4.1276035,0.66950834,-0.04520403,0.9615019
2027.0,-7.943961,-0.2657564,4.1515455,0.6462954,-0.040317107,0.94806284
2038.0,-8.061277,-0.18195933,4.1706996,0.6658431,-0.040317107,0.91751957
2048.0,-8.075643,-0.050278235,4.1635165,0.6951646,-0.04642576,0.893085
2058.0,-8.1163435,0.18674773,4.06296,0.70616025,-0.047647487,0.87964594
2068.0,-8.054094,0.4333505,3.9217024,0.68783426,-0.04520403,0.86742866
2100.0,-8.066066,0.6895301,3.8594532,0.6389651,-0.037873644,0.8539896
2100.0,-8.020576,0.91937345,3.9432502,0.5644395,-0.02565634,0.8417723
2100.0,-7.979874,0.9648633,4.1156325,0.47525316,-0.015882496,0.8393288
2110.0,-7.97748,0.8379706,4.211401,0.3933972,-0.0012217305,0.8393288
2118.0,-8.003817,0.7134721,4.2880154,0.35063666,0.013439035,0.82833326
2129.0,-8.039729,0.60333884,4.3861775,0.36163223,0.02687807,0.8026769
2139.0,-8.018182,0.5793968,4.405331,0.43127087,0.032986723,0.77457714
2150.0,-8.070854,0.80445176,4.259285,0.52778757,0.043982297,0.75625116
2161.0,-8.00621,1.0295067,4.235343,0.61941737,0.059864793,0.7489208
2169.0,-8.087613,1.3335704,4.1132383,0.6976081,0.06719518,0.7464773
2180.0,-8.058883,1.5466543,4.158728,0.752586,0.07086037,0.7476991
2191.0,-8.046912,1.6448165,4.0821137,0.77457714,0.081855945,0.7476991
2201.0,-8.054094,1.7549498,3.9576154,0.7806858,0.095294975,0.73914695
2211.0,-8.073248,1.9081788,4.0054994,0.7806858,0.10751228,0.71959925
2221.0,-8.030152,1.9512744,4.0701427,0.77457714,0.118507855,0.6951646
2230.0,-8.027759,2.0973208,4.048595,0.7696902,0.12339478,0.6731735
2241.0,-8.054094,2.3080103,3.9983168,0.7696902,0.1282817,0.64996064
2252.0,-8.094796,2.4636335,3.904943,0.7611381,0.12705997,0.63285637
2264.0,-8.121132,2.5761611,3.7708676,0.7244862,0.12095132,0.6206391
2272.0,-8.128315,2.621651,3.7301662,0.6719518,0.112399206,0.6059783
2286.0,-8.066066,2.7246015,3.7134068,0.6133087,0.1001819,0.5900958
2292.0,-8.078036,2.7724855,3.6367924,0.55833083,0.09407325,0.5766568
2302.0,-8.054094,2.858677,3.5984852,0.5119051,0.095294975,0.5656612
2313.0,-7.9750857,2.9233203,3.6487634,0.47036624,0.09040806,0.5497787
2323.0,-8.013393,2.9041667,3.691859,0.44348818,0.08674286,0.5216789
2333.0,-8.027759,2.9113493,3.70383,0.4373795,0.07941248,0.48747048
2344.0,-8.101978,2.980781,3.7253778,0.4373795,0.0720821,0.45937067
2351.0,-8.14268,3.1028855,3.7181952,0.4373795,0.061086524,0.43860126
2364.0,-8.123527,3.122039,3.845088,0.43249258,0.04520403,0.42638394
2372.0,-8.056489,3.2130187,3.7229836,0.4129449,0.03176499,0.41416663
2383.0,-7.9607205,3.2680852,3.6750996,0.39461896,0.03176499,0.39461896
2391.0,-8.027759,3.2920272,3.632004,0.3921755,0.032986723,0.37751472
2405.0,-7.979874,3.289633,3.7062242,0.3921755,0.037873644,0.37384954
2413.0,-8.032547,3.2872388,3.7660792,0.38973203,0.04520403,0.37507126
2424.0,-8.178593,3.1771057,3.7541082,0.39706242,0.04642576,0.37018433
2431.0,-8.200141,3.071761,3.6703112,0.41050145,0.04886922,0.36041048
2443.0,-8.145074,3.004723,3.7541082,0.4361578,0.047647487,0.3481932
2453.0,-8.061277,3.098097,3.8546648,0.47525316,0.042760566,0.33475417
2463.0,-7.9990277,3.229778,3.8187518,0.51068336,0.04153884,0.33108896
2470.0,-7.9463553,3.4021606,3.7325604,0.5216789,0.047647487,0.33841935
2482.0,-8.003817,3.4284968,3.763685,0.51068336,0.059864793,0.34574974
2489.0,-8.025364,3.4691982,3.739743,0.49235737,0.065973446,0.3481932
2500.0,-8.087613,3.383007,3.7205894,0.47769663,0.06841691,0.35308012
2509.0,-8.034941,3.3039982,3.6966474,0.47525316,0.06719518,0.35430184
