61.0,2.2864625,-2.8538885,8.439561,0.15271631,0.119729586,-0.064751714
61.0,2.4037786,-2.8754363,8.307879,-0.10262536,-0.29932398,-0.23457226
98.0,2.5594015,-2.8921957,8.209718,-0.43371433,-0.4728097,-0.28955013
98.0,2.6503813,-2.9496565,8.1163435,-0.6719518,0.2565634,0.07941248
99.0,2.681506,-3.0621839,8.094796,-1.0604621,0.21991149,0.07941248
99.0,2.6982653,-3.4596214,8.169016,-1.382999,0.002443461,-0.007330383
99.0,2.7605145,-3.739743,8.327033,-1.4648548,-0.17104226,-0.103847094
105.0,3.004723,-3.964798,8.413225,-1.4672983,-0.18448131,-0.13561209
113.0,3.0885203,-4.120421,8.286332,-1.4844025,-0.19792034,-0.16126843
123.0,3.2632968,-4.1659107,8.286332,-1.5198327,-0.19181168,-0.1881465
136.0,3.2082303,-4.3382936,8.2169,-1.5650368,-0.17715092,-0.22357668
143.0,3.1675289,-4.450821,8.293514,-1.6261233,-0.15882497,-0.26145032
153.0,3.1890767,-4.733337,8.269572,-1.6920967,-0.14294247,-0.2846632
163.0,3.1148565,-5.0421886,8.1163435,-1.7348573,-0.1282817,-0.2932153
174.0,3.1316159,-5.33907,8.037335,-1.7385225,-0.12095132,-0.2846632
183.0,3.1124623,-5.4563856,7.9463553,-1.72264,-0.12339478,-0.26389378
195.0,3.1603463,-5.4444146,7.773973,-1.7324139,-0.12950343,-0.25289822
203.0,3.0573955,-5.4803276,7.702147,-1.7568485,-0.12095132,-0.25900686
213.0,3.0023289,-5.719748,7.7308774,-1.7800614,-0.10873401,-0.25289822
223.0,2.9233203,-6.0166287,7.6231384,-1.8032742,-0.112399206,-0.22724187
234.0,2.813187,-6.1123967,7.577648,-1.8081611,-0.11728613,-0.19181168
243.0,2.7605145,-6.315904,7.529764,-1.7654005,-0.12095132,-0.17592919
255.0,2.60968,-6.5481415,7.541735,-1.6847663,-0.13927728,-0.18203785
264.0,2.5713725,-6.682217,7.457938,-1.5760323,-0.16126843,-0.1881465
275.0,2.5234885,-6.8785415,7.4603324,-1.4514158,-0.18448131,-0.18448131
284.0,2.554613,-7.017405,7.3406224,-1.3121386,-0.204029,-0.1685988
295.0,2.554613,-7.0245876,7.299921,-1.1459832,-0.21746802,-0.14538592
304.0,2.516306,-7.144298,7.21373,-0.9639453,-0.22113322,-0.12339478
317.0,2.5139117,-7.252037,7.1849995,-0.79045963,-0.2284636,-0.1001819
325.0,2.554613,-7.16824,7.079654,-0.6536258,-0.23701571,-0.07452556
336.0,2.585738,-7.132327,6.9743094,-0.48624873,-0.23701571,-0.032986723
344.0,2.6120741,-7.1227503,6.9503675,-0.48624873,-0.23701571,-0.032986723
355.0,2.6671407,-7.017405,6.9120603,-0.44104472,-0.22602014,-0.019547688
364.0,2.7126305,-7.029376,6.9288197,-0.40439278,-0.21746802,-0.002443461
376.0,2.7844565,-6.933608,6.95755,-0.38606682,-0.20525073,0.02321288
385.0,2.7509377,-7.029376,6.9048777,-0.38728857,-0.17959438,0.043982297
395.0,2.8107927,-7.132327,6.885724,-0.37018433,-0.12339478,0.06963864
405.0,2.7988217,-7.079654,6.7827735,-0.344528,-0.08674286,0.09896017
415.0,2.7940333,-7.091625,6.6989765,-0.32986724,-0.058643065,0.13439035
425.0,2.834735,-6.9862804,6.5385647,-0.3481932,-0.028099801,0.15515977
437.0,2.8179753,-7.019799,6.4547677,-0.4007276,-0.0061086523,0.16737708
445.0,2.8443117,-7.0365586,6.459556,-0.4886922,0.021991149,0.172264
455.0,2.8898015,-7.177817,6.3302693,-0.6035349,0.05009095,0.17104226
465.0,2.9281087,-7.0964136,6.3566055,-0.6976081,0.07941248,0.1685988
475.0,2.9257145,-7.321469,6.3470287,-0.75869465,0.10140363,0.16371189
485.0,2.932897,-7.587225,6.363788,-0.80756384,0.1282817,0.16615535
496.0,2.9759927,-7.5800424,6.38773,-0.8539896,0.15882497,0.17837265
505.0,2.9759927,-7.7811556,6.3111157,-0.8881981,0.1881465,0.19303341
517.0,2.9257145,-7.9487495,6.172252,-0.91629785,0.2125811,0.20280726
529.0,2.8514943,-8.066066,6.007052,-0.95172805,0.22968534,0.22113322
540.0,2.846706,-8.015787,5.877765,-0.9981538,0.24312437,0.25167647
549.0,2.777274,-8.123527,5.7029886,-1.0531317,0.25289822,0.27366763
559.0,2.717419,-8.030152,6.172252,-1.1007792,0.3115413,0.26389378
568.0,2.6503813,-8.010999,5.5377884,-1.1191051,0.2883284,0.2773328
579.0,2.6288335,-8.013393,5.5377884,-1.1887437,0.2406809,0.3481932
588.0,2.5306711,-8.082825,5.5521536,-1.2620476,0.2883284,0.38728857
598.0,2.492364,-8.39886,5.377377,-1.319469,0.28221974,0.40194935
608.0,2.5019407,-8.535329,5.197812,-1.3536774,0.25045475,0.43004912
620.0,2.5187001,-8.544906,5.109226,-1.359786,0.25534168,0.46303585
629.0,2.3558946,-8.602366,5.0254292,-1.3341297,0.2602286,0.48502702
639.0,2.327164,-8.619126,4.8003745,-1.3084733,0.2565634,0.5119051
648.0,2.231396,-8.647857,4.9440265,-1.2767084,0.27000242,0.54367006
659.0,2.0853498,-8.652645,4.644751,-1.2437216,0.267559,0.57543504
668.0,2.0566192,-8.631097,4.5681367,-1.2266175,0.26267207,0.59498274
678.0,2.0518308,-8.700529,4.402937,-1.237613,0.24190263,0.61941737
688.0,1.9249382,-8.813056,4.1826706,-1.2498302,0.22357668,0.6450737
699.0,1.8459295,-8.643068,3.9911342,-1.269378,0.20769419,0.66706485
709.0,1.8650831,-9.196129,4.185065,-1.237613,0.22968534,0.7281514
718.0,1.7956513,-9.155427,4.0533834,-1.1838568,0.19425514,0.7623598
728.0,1.7860745,-9.16261,4.074931,-1.1215485,0.17837265,0.73914695
741.0,1.6280571,-9.167398,4.0078936,-1.097114,0.19181168,0.73426
748.0,1.5394717,-9.100361,3.9384618,-1.0885619,0.19425514,0.7623598
758.0,1.4030021,-8.942344,3.5482068,-1.0751228,0.17715092,0.8051204
768.0,1.5275006,-9.244013,3.5410242,-1.0677924,0.15393804,0.829555
779.0,1.4173675,-9.356541,3.3734303,-1.0506883,0.14538592,0.8552113
789.0,1.316811,-9.423578,3.25372,-1.0274754,0.14049901,0.8723156
799.0,1.2306197,-9.414001,3.4165258,-0.9859365,0.14660765,0.8698721
808.0,1.1994951,-9.308656,3.490746,-0.9236283,0.15515977,0.86498517
819.0,1.091756,-9.481039,3.3255463,-0.86254174,0.15149458,0.86498517
828.0,1.0319009,-9.425972,3.2393548,-0.82711154,0.1563815,0.88208944
839.0,1.0654198,-9.392453,3.004723,-0.8063421,0.15515977,0.9016371
849.0,0.9816227,-9.291897,2.920926,-0.79412484,0.1600467,0.9101892
860.0,0.8834604,-9.358934,2.753332,-0.8002335,0.1685988,0.91751957
870.0,0.62249243,-9.425972,2.6503813,-0.829555,0.17715092,0.9224065
878.0,0.46208093,-9.421184,2.566584,-0.8491027,0.17592919,0.9114109
886.0,0.32561144,-9.516952,2.56419,-0.8381071,0.17959438,0.89675015
899.0,0.25617957,-9.557653,2.4732103,-0.8014552,0.17592919,0.89552844
910.0,0.2777274,-9.576807,2.3223755,-0.75502944,0.17104226,0.9016371
919.0,0.2873042,-9.631873,2.1930888,-0.7122689,0.1685988,0.906524
929.0,0.2633622,-9.610326,2.2098482,-0.6914995,0.17104226,0.9126327
938.0,0.10534488,-9.572019,2.2577322,-0.6719518,0.17837265,0.9077458
947.0,-0.06943185,-9.627085,2.1739352,-0.6365216,0.1881465,0.8979719
957.0,-0.15801731,-9.545682,2.15957,-0.59864795,0.19181168,0.90285885
967.0,-0.2825158,-9.55047,2.0614076,-0.5656612,0.19792034,0.91751957
979.0,-0.2896984,-9.639056,2.0254946,-0.5546656,0.21502456,0.93462384
988.0,-0.37349546,-9.528923,2.0039468,-0.5534439,0.21380283,0.95172805
998.0,-0.46447513,-9.543288,1.9847932,-0.5497787,0.21868975,0.9602802
1007.0,-0.5386954,-9.68694,1.8818425,-0.52534413,0.22235495,0.96883225
1017.0,-0.6536171,-9.6845455,1.9153614,-0.48747048,0.22479841,0.9859365
1028.0,-0.7685388,-9.540894,1.910573,-0.43860126,0.22602014,1.001819
1039.0,-0.9911995,-9.445126,1.8938135,-0.3933972,0.2406809,1.001819
1047.0,-1.0654198,-9.562442,1.7860745,-0.37384954,0.24678956,1.0005972
1057.0,-1.1827357,-9.545682,1.6184803,-0.3811799,0.24556783,1.0079277
1068.0,-1.1707647,-9.655815,1.6017209,-0.4092797,0.23823744,1.0189233
1078.0,-1.0869676,-9.617508,1.5011644,-0.43493605,0.23579398,1.0299188
1109.0,-1.1947067,-9.543288,1.4939818,-0.44104472,0.23457226,1.0384709
1109.0,-1.400608,-9.624691,1.532289,-0.43004912,0.23945917,1.0494665
1109.0,-1.6160861,-9.593566,1.5873557,-0.39584067,0.24312437,1.0506883
1115.0,-1.7262194,-9.495404,1.508347,-0.35063666,0.23945917,1.0519099
1125.0,-1.8555063,-9.476251,1.42455,-0.3042109,0.23335053,1.0543534
1136.0,-1.9057846,-9.516952,1.2761095,-0.2761111,0.21502456,1.0751228
1145.0,-1.9895816,-9.452309,1.1587936,-0.2761111,0.21502456,1.0751228
1156.0,-2.0757728,-9.552865,1.1133038,-0.29810223,0.20158553,1.0800097
1165.0,-2.147599,-9.471462,1.1779473,-0.32498032,0.18936823,1.0861185
1175.0,-2.1428106,-9.344569,1.1755531,-0.34697145,0.18081611,1.0934488
1185.0,-2.3175871,-9.339781,1.1348516,-0.34208453,0.17104226,1.0946705
1195.0,-2.3989902,-9.356541,1.1468226,-0.32375857,0.16371189,1.102001
1205.0,-2.4827871,-9.205706,1.115698,-0.2932153,0.14049901,1.1117748
1217.0,-2.6743233,-9.222465,0.9768343,-0.27488935,0.12950343,1.0995574
1225.0,-2.7269957,-9.224859,0.90500826,-0.24801129,0.12217305,1.0885619
1237.0,-2.8778305,-9.131485,0.81402856,-0.2321288,0.112399206,1.0885619
1245.0,-2.9735985,-9.076419,0.7422025,-0.23579398,0.1001819,1.0873401
1255.0,-3.0765493,-8.99741,0.7278373,-0.25534168,0.07941248,1.0812315
1265.0,-3.2034419,-8.973468,0.7278373,-0.27366763,0.06719518,1.0677924
1276.0,-3.3423057,-8.925584,0.7230489,-0.29077184,0.061086524,1.0531317
1286.0,-3.502717,-8.801085,0.79248077,-0.31520647,0.05497787,1.0445796
1310.0,-3.6128504,-8.762778,0.6488287,-0.33964106,0.04886922,1.0348058
1310.0,-3.6248214,-8.872911,0.51235914,-0.36774087,0.042760566,1.0384709
1315.0,-3.6224272,-8.839393,0.48602295,-0.40683624,0.037873644,1.0506883
1340.0,-3.7014358,-8.848969,0.3878607,-0.4373795,0.034208454,1.0555751
1340.0,-3.7804444,-8.827422,0.4213795,-0.4373795,0.02687807,1.0506883
1506.0,-3.8259344,-8.798691,0.41180268,-0.40683624,0.021991149,1.0567969
1506.0,-3.9336734,-8.731653,0.29927522,-0.35063666,0.015882496,1.0677924
1506.0,-3.9001546,-8.604761,0.272939,-0.27122417,0.014660766,1.0714576
1506.0,-3.9839516,-8.7053175,0.2657564,-0.20158553,0.015882496,1.0861185
1506.0,-4.010288,-8.5473,0.2681506,-0.16737708,0.010995574,1.1044444
1506.0,-4.146757,-8.372523,0.22984336,-0.16493362,0.009773844,1.1068878
1506.0,-4.3047748,-8.259995,0.30406362,-0.18692477,0.007330383,1.0958922
1506.0,-4.4460325,-8.291121,0.33997664,-0.2284636,0.004886922,1.0848967
1506.0,-4.5154643,-8.291121,0.4405331,-0.25778514,-0.007330383,1.0726794
1506.0,-4.546589,-8.154651,0.48841715,-0.24312437,-0.02076942,1.0580186
1506.0,-4.5681367,-8.221688,0.37110126,-0.19181168,-0.028099801,1.0494665
1506.0,-4.6040497,-8.226477,0.33039984,-0.13072516,-0.039095376,1.0458013
1506.0,-4.6782703,-8.025364,0.34237084,-0.07574729,-0.042760566,1.0348058
1506.0,-4.8243165,-7.8410106,0.31364042,-0.021991149,-0.04642576,1.0140363
1506.0,-5.0541596,-7.81228,0.34237084,0.018325957,-0.05131268,1.0005972
1506.0,-5.0541596,-7.752425,0.33758244,0.02321288,-0.06352998,0.9932669
1506.0,-5.1571107,-7.7428484,0.45250413,-0.002443461,-0.0842994,0.9773844
1606.0,-5.185841,-7.5968018,0.44532153,-0.032986723,-0.10140363,0.95294976
1606.0,-5.2983685,-7.517793,0.51475334,-0.058643065,-0.10995574,0.9334021
1607.0,-5.3486466,-7.515399,0.48123455,-0.07696902,-0.12461651,0.9126327
1607.0,-5.398925,-7.551312,0.4309563,-0.0842994,-0.14172074,0.8918633
1607.0,-5.499481,-7.4603324,0.45968673,-0.081855945,-0.15515977,0.87598073
1607.0,-5.5856724,-7.3525934,0.49559975,-0.06352998,-0.17104226,0.8576548
1607.0,-5.686229,-7.2065473,0.45489833,-0.03176499,-0.18203785,0.8381071
1607.0,-5.793968,-7.144298,0.45489833,0.007330383,-0.1881465,0.8246681
1607.0,-5.851429,-7.050924,0.45729253,0.030543262,-0.19914207,0.8210029
1614.0,-5.889736,-6.9288197,0.557849,0.029321533,-0.21624629,0.8136725
1623.0,-5.9567738,-7.0126166,0.5291186,0.009773844,-0.22968534,0.8038987
1670.0,-6.093243,-7.165846,0.58657944,-0.015882496,-0.2443461,0.79779
1670.0,-6.203377,-7.2951326,0.47165772,-0.02565634,-0.25289822,0.79045963
1670.0,-6.3111157,-7.273585,0.5315128,0.0012217305,-0.2565634,0.7819075
1670.0,-6.457162,-7.192182,0.5650316,0.052534413,-0.25900686,0.7770206
1670.0,-6.5002575,-6.9623384,0.5291186,0.10995574,-0.26145032,0.7855727
1735.0,-6.555324,-6.8785415,0.48602295,0.13561209,-0.27000242,0.8051204
1735.0,-6.5481415,-6.88333,0.46926352,0.118507855,-0.28099802,0.81489426
1737.0,-6.655881,-6.739678,0.38307226,0.0842994,-0.2883284,0.8173377
1737.0,-6.6415157,-6.859388,0.4357447,0.047647487,-0.28955013,0.82344633
1737.0,-6.7109475,-6.943185,0.44532153,0.0061086523,-0.29077184,0.8368854
1737.0,-6.7492547,-6.835446,0.44771573,-0.037873644,-0.2968805,0.84665924
1737.0,-6.7708025,-6.801927,0.35913026,-0.062308256,-0.29932398,0.8539896
1746.0,-6.8426285,-6.88333,0.4357447,-0.064751714,-0.29810223,0.86620694
1757.0,-6.921637,-6.8641763,0.5434838,-0.05131268,-0.2919936,0.88208944
1767.0,-6.9383965,-6.7133417,0.50278234,-0.02565634,-0.2883284,0.8943067
1777.0,-6.9360023,-6.4739213,0.6727707,-0.0012217305,-0.28221974,0.9101892
1787.0,-6.8450227,-6.4140663,0.7110779,0.0012217305,-0.28344148,0.9297369
1820.0,-6.9024835,-6.409278,0.6943185,-0.02321288,-0.27855456,0.9505063
1820.0,-6.981492,-6.31351,0.6440403,-0.04642576,-0.27855456,0.956615
1830.0,-7.0221934,-6.155493,0.6967127,-0.05375614,-0.27488935,0.9602802
1830.0,-7.153875,-6.0764837,0.6727707,-0.036651913,-0.2724459,0.9602802
1890.0,-7.2592196,-6.069301,0.6703765,-0.0036651916,-0.26633725,0.9578367
1890.0,-7.2304893,-5.8681884,0.7398083,0.012217305,-0.2724459,0.95905846
1890.0,-7.2472486,-5.741296,0.8331822,0.018325957,-0.2761111,0.95294976
1890.0,-7.275979,-5.626374,0.866701,0.029321533,-0.27855456,0.93462384
1890.0,-7.3430166,-5.48751,0.90261406,0.018325957,-0.2846632,0.9260717
1890.0,-7.299921,-5.4444146,0.9696517,-0.015882496,-0.29443705,0.91751957
1898.0,-7.429208,-5.463568,1.0342951,-0.036651913,-0.30543262,0.9016371
1910.0,-7.457938,-5.3342814,1.0486604,-0.04153884,-0.3115413,0.88453287
1923.0,-7.4627266,-5.4085016,1.0941502,-0.02443461,-0.31764993,0.86498517
1928.0,-7.5848308,-5.2600613,1.151611,0.010995574,-0.32375857,0.84788096
1938.0,-7.5848308,-5.056554,1.1372458,0.05375614,-0.32620203,0.83077675
1947.0,-7.6231384,-4.8865657,1.2162545,0.096516706,-0.32986724,0.8136725
1957.0,-7.6734166,-4.793192,1.2282255,0.1160644,-0.33475417,0.8014552
1967.0,-7.6470804,-4.608838,1.3311762,0.103847094,-0.33964106,0.7855727
1977.0,-7.764396,-4.6399627,1.2665327,0.07819075,-0.3371976,0.7623598
1988.0,-7.788338,-4.6375685,1.2330139,0.040317107,-0.33353242,0.73914695
1998.0,-7.93199,-4.608838,1.2066777,-0.0061086523,-0.33108896,0.72082096
2007.0,-7.9990277,-4.4795513,1.2617443,-0.056199603,-0.33475417,0.70371675
2020.0,-8.063671,-4.5394063,1.2473791,-0.11484267,-0.35796702,0.6585127
2028.0,-8.018182,-4.417302,1.3694834,-0.112399206,-0.37018433,0.63529986
2038.0,-8.010999,-4.51307,1.3383588,-0.081855945,-0.37507126,0.61086524
2047.0,-7.991845,-4.4125137,1.4796166,-0.04642576,-0.37507126,0.59742624
2058.0,-8.049306,-4.3478703,1.4772224,-0.019547688,-0.37140608,0.5852089
2067.0,-8.087613,-4.247314,1.5705963,0.004886922,-0.3567453,0.5705481
2079.0,-8.149862,-4.2042184,1.6017209,0.012217305,-0.34330627,0.56077427
2087.0,-8.221688,-4.271256,1.5897499,0.0061086523,-0.33353242,0.5546656
2097.0,-8.171411,-4.3382936,1.5586253,-0.004886922,-0.31887165,0.54611355
2113.0,-8.190564,-4.429273,1.532289,-0.002443461,-0.30909783,0.53878313
2123.0,-8.180987,-4.3406878,1.5753847,0.010995574,-0.30176744,0.53878313
2130.0,-8.1402855,-4.2880154,1.6304513,0.035430185,-0.28588495,0.535118
2141.0,-8.173804,-4.268862,1.661576,0.06963864,-0.26511553,0.5290093
2148.0,-8.240842,-4.1611223,1.7262194,0.081855945,-0.25411993,0.5326745
2157.0,-8.291121,-3.9719806,1.7166426,0.06841691,-0.24312437,0.5326745
2167.0,-8.329428,-3.9839516,1.8602947,0.04153884,-0.23945917,0.52534413
2180.0,-8.276755,-3.9097314,1.8938135,0.002443461,-0.23335053,0.51923543
2188.0,-8.257602,-3.9073372,1.8938135,-0.019547688,-0.22602014,0.5045747
2199.0,-8.3868885,-3.8881836,1.9153614,-0.02687807,-0.21868975,0.48991394
2209.0,-8.322245,-3.809175,1.9536686,-0.015882496,-0.21135938,0.47891834
2222.0,-8.317456,-3.7493198,2.0925324,0.02076942,-0.204029,0.46303585
2259.0,-8.322245,-3.7421372,2.1164744,0.062308256,-0.19914207,0.44715336
2259.0,-8.360553,-3.6535518,2.0494366,0.09407325,-0.19058995,0.43371433
2259.0,-8.358158,-3.7181952,2.0278888,0.11362094,-0.18936823,0.42271876
2259.0,-8.377312,-3.5889084,2.1068976,0.10140363,-0.19181168,0.41538838
2269.0,-8.429984,-3.5434184,2.0925324,0.07574729,-0.19181168,0.40439278
2278.0,-8.403648,-3.572149,2.1068976,0.059864793,-0.1881465,0.39095375
2289.0,-8.453926,-3.4715924,2.1140802,0.056199603,-0.18325958,0.3811799
2300.0,-8.4347725,-3.5649664,2.147599,0.064751714,-0.18448131,0.37384954
2309.0,-8.4587145,-3.5075054,2.1164744,0.06719518,-0.17959438,0.36896262
2320.0,-8.437167,-3.4261026,2.2337902,0.061086524,-0.1685988,0.3640757
2330.0,-8.470686,-3.4165258,2.2385786,0.06841691,-0.16493362,0.3567453
2341.0,-8.525752,-3.3973722,2.2625206,0.073303826,-0.14905111,0.35308012
2351.0,-8.619126,-3.4021606,2.2218192,0.08307768,-0.14172074,0.3481932
2362.0,-8.552089,-3.3686419,2.2290018,0.10262536,-0.13805555,0.3408628
2370.0,-8.537724,-3.4093432,2.1763294,0.119729586,-0.13194689,0.34574974
2383.0,-8.504205,-3.3925838,2.1787236,0.12461651,-0.12461651,0.35308012
2391.0,-8.556877,-3.3135753,2.1547816,0.1160644,-0.11362094,0.35430184
2402.0,-8.604761,-3.2800562,2.171541,0.089186326,-0.10629055,0.35430184
2412.0,-8.602366,-3.2130187,2.219425,0.06352998,-0.095294975,0.3567453
2424.0,-8.7053175,-3.2010477,2.2625206,0.06719518,-0.0842994,0.35185838
2433.0,-8.695741,-3.181894,2.2146366,0.09285152,-0.081855945,0.35063666
2444.0,-8.724471,-3.1555579,2.2242134,0.10751228,-0.089186326,0.36285394
2453.0,-8.719683,-3.016694,2.267309,0.10873401,-0.09040806,0.36651915
2463.0,-8.614338,-2.9376855,2.2625206,0.1160644,-0.096516706,0.35796702
2474.0,-8.678981,-2.8802247,2.2888567,0.103847094,-0.09896017,0.35796702
2486.0,-8.74123,-2.7748797,2.2816741,0.07941248,-0.095294975,0.3555236
2492.0,-8.803479,-2.8060043,2.3750482,0.073303826,-0.09162979,0.3408628
2503.0,-8.746018,-2.7246015,2.3175871,0.07941248,-0.10262536,0.32986724
2513.0,-8.683769,-2.5881321,2.3654714,0.081855945,-0.105068825,0.32375857
