38.0,2.219425,-1.5562311,8.920795,0.007330383,-0.02076942,-0.0012217305
39.0,2.3008277,-1.4437037,8.834604,0.16615535,0.12583824,-0.095294975
55.0,2.303222,-1.42455,8.585608,-0.012217305,-0.2968805,-0.2883284
55.0,2.3319526,-1.4700398,8.453926,-0.37018433,-0.4166101,-0.3885103
67.0,2.3415294,-1.6472107,8.324639,-0.60231316,0.3652974,-0.09896017
76.0,2.3319526,-1.9201498,8.300697,-1.0494665,0.376293,-0.17104226
88.0,2.327164,-2.1571758,8.090008,-1.5076154,0.19792034,-0.312763
96.0,2.4109612,-2.4492683,8.056489,-1.767844,0.02321288,-0.41538838
109.0,2.4947581,-2.7700913,8.042124,-1.9449949,0.02443461,-0.4447099
116.0,2.4851813,-3.052607,8.008605,-2.0830505,0.02076942,-0.4728097
127.0,2.6001031,-3.3758245,7.85777,-2.2101104,-0.0012217305,-0.4972443
136.0,2.6671407,-3.6343982,7.908048,-2.334727,-0.008552114,-0.5180137
148.0,2.6743233,-3.857059,7.893683,-2.4507914,0.004886922,-0.5412266
156.0,2.6719291,-4.060566,7.893683,-2.5583036,0.014660766,-0.55955255
166.0,2.6479871,-4.209007,7.7332716,-2.6645942,0.02076942,-0.5717699
176.0,2.6264393,-4.3263226,7.6255326,-2.7598891,0.029321533,-0.58032197
187.0,2.5929205,-4.606444,7.40766,-2.824641,0.02687807,-0.5839872
197.0,2.6264393,-4.8243165,7.309498,-2.878397,0.007330383,-0.5852089
208.0,2.6910827,-5.0421886,7.240066,-2.9614747,-0.013439035,-0.5852089
216.0,2.80361,-5.2744265,7.026982,-3.0763173,-0.014660766,-0.57910025
227.0,2.7341783,-5.568913,6.9168487,-3.196047,-0.008552114,-0.56199604
236.0,2.7724855,-5.8705826,6.7971387,-3.2937853,-0.014660766,-0.5534439
246.0,2.6599581,-6.093243,6.64391,-3.363424,-0.02443461,-0.55833083
256.0,2.707842,-6.4020953,6.411672,-3.4074063,-0.047647487,-0.5693264
267.0,2.8634653,-6.751649,6.2105594,-3.4306192,-0.07819075,-0.5742133
276.0,2.8203697,-7.038953,5.9783216,-3.4513886,-0.10262536,-0.5546656
287.0,2.9257145,-7.1826053,5.875371,-3.4794884,-0.11728613,-0.52534413
296.0,2.9879637,-7.314286,5.765238,-3.503923,-0.13072516,-0.52534413
307.0,3.0693667,-7.503428,5.5617304,-3.503923,-0.13927728,-0.55955255
316.0,3.040636,-7.7093296,5.3223104,-3.4929276,-0.14660765,-0.5815437
327.0,3.1004913,-7.845799,5.1259856,-3.4684927,-0.16371189,-0.5742133
336.0,3.2273839,-7.896077,4.912902,-3.4171803,-0.17837265,-0.55955255
346.0,3.311181,-8.319851,4.709395,-3.345098,-0.18448131,-0.5510005
356.0,3.2609026,-8.827422,4.537012,-3.2766812,-0.1966986,-0.5314528
367.0,3.3997664,-9.153033,4.3239284,-3.227812,-0.20647246,-0.48991394
376.0,3.4763808,-9.301474,4.1611223,-3.167947,-0.20769419,-0.4654793
389.0,3.5122938,-9.425972,3.8786068,-2.9565878,-0.21991149,-0.45448375
397.0,3.5697548,-9.533711,3.560178,-2.9565878,-0.21991149,-0.45448375
407.0,3.5793316,-9.615114,3.4452562,-2.8405235,-0.21380283,-0.4251622
417.0,3.5362358,-9.849746,3.41892,-2.701246,-0.19914207,-0.38606682
427.0,3.5218706,-10.309433,3.2441432,-2.547308,-0.19547687,-0.3323107
437.0,3.3997664,-10.709264,3.1172507,-2.4336872,-0.1966986,-0.25411993
448.0,3.4452562,-11.003751,3.0478187,-2.3689353,-0.17104226,-0.172264
456.0,3.3973722,-11.200075,2.7485435,-2.1905627,-0.11484267,-0.06719518
467.0,3.1962593,-11.058818,2.5450363,-2.0378466,-0.089186326,-0.03176499
476.0,3.098097,-10.891224,2.3654714,-1.8680259,-0.056199603,0.02687807
487.0,3.064578,-10.905589,2.15957,-1.7018706,-0.040317107,0.103847094
497.0,2.9783869,-11.063606,1.9608512,-1.5601498,-0.030543262,0.19425514
508.0,2.8107927,-11.11149,1.7501614,-1.4367551,-0.015882496,0.28344148
517.0,2.7222073,-11.0061455,1.496376,-1.3561208,0.007330383,0.35430184
527.0,2.6312277,-11.042058,1.2521675,-1.3622295,0.03176499,0.42638394
537.0,2.6288335,-10.888829,1.091756,-1.4477507,0.042760566,0.5009095
547.0,2.554613,-11.001357,0.8858546,-1.5699236,0.04886922,0.57910025
558.0,2.492364,-11.283873,0.7781156,-1.6933185,0.05009095,0.6658431
570.0,2.5378537,-11.374852,0.62967503,-1.7849482,0.05009095,0.75625116
578.0,2.4588451,-11.243171,0.51235914,-1.8264871,0.062308256,0.8491027
589.0,2.3894134,-11.197681,0.20350714,-1.8106046,0.06963864,0.93462384
599.0,2.2960393,-11.183316,-0.15083471,-1.7751744,0.065973446,1.0164797
608.0,2.2266076,-11.08276,-0.33758244,-1.7446312,0.065973446,1.110553
618.0,2.0326772,-11.140221,-0.60812724,-1.709201,0.058643065,1.2009611
629.0,1.8962077,-11.152191,-0.8379706,-1.6517797,0.047647487,1.2803736
638.0,1.8555063,-11.250354,-1.0390835,-1.577254,0.035430185,1.3500122
648.0,1.7046716,-11.133038,-1.1133038,-1.4782939,0.018325957,1.4001031
658.0,1.6424223,-11.154586,-1.2785037,-1.3695599,0.0012217305,1.4440855
667.0,1.6184803,-11.008539,-1.5059528,-1.2681563,-0.019547688,1.4953982
678.0,1.6112977,-10.7356,-1.496376,-1.1997393,-0.036651913,1.5528195
691.0,1.5921441,-10.560823,-1.7669208,-1.1459832,-0.06719518,1.59558
699.0,1.460463,-10.599131,-1.8986019,-1.1007792,-0.105068825,1.6297885
710.0,1.4820108,-10.520123,-1.9273324,-1.0836749,-0.12583824,1.677436
720.0,1.3862427,-10.460267,-1.8555063,-1.0543534,-0.1563815,1.7104226
731.0,1.1300632,-10.565612,-1.9081788,-0.9810496,-0.18081611,1.7275269
740.0,1.0031705,-10.589554,-2.1212628,-0.8686504,-0.20525073,1.7458528
751.0,0.80924016,-10.436325,-2.1859062,-0.7367035,-0.22724187,1.781283
760.0,0.7350199,-10.228029,-2.2768857,-0.6218608,-0.25167647,1.8191566
770.0,0.6871359,-10.070012,-2.420538,-0.5448918,-0.27855456,1.8460348
780.0,0.5506664,-9.998186,-2.5019407,-0.5009095,-0.30787608,1.8497
792.0,0.37349546,-9.919178,-2.6551697,-0.47769663,-0.32620203,1.8497
800.0,0.272939,-9.82341,-2.861071,-0.47525316,-0.3408628,1.8545868
811.0,0.1364695,-9.600749,-2.791639,-0.48258355,-0.37140608,1.8509218
820.0,0.016759412,-9.610326,-2.779668,-0.48747048,-0.4092797,1.8484782
830.0,-0.15801731,-9.55047,-2.516306,-0.47891834,-0.44226643,1.8460348
839.0,-0.37110126,-9.428367,-2.456451,-0.44715336,-0.4654793,1.8374827
849.0,-0.59615624,-9.291897,-2.3894134,-0.3567453,-0.48991394,1.8167132
859.0,-0.78050977,-9.200917,-2.3989902,-0.23457226,-0.51068336,1.8032742
869.0,-0.9600749,-9.289502,-2.657564,-0.13683382,-0.5155703,1.7996091
878.0,-1.0510546,-9.306262,-2.8275523,-0.07941248,-0.52534413,1.7873917
890.0,-1.115698,-9.006987,-2.8658595,-0.06963864,-0.54244834,1.7800614
898.0,-1.2042835,-8.798691,-2.9472623,-0.09896017,-0.56077427,1.7800614
908.0,-1.4341269,-8.690952,-2.9951463,-0.17104226,-0.5497787,1.7617353
918.0,-1.6304513,-8.724471,-2.882619,-0.26389378,-0.55955255,1.7275269
929.0,-1.7597382,-8.805874,-2.6862943,-0.3481932,-0.57910025,1.6969837
938.0,-1.8076223,-8.889671,-2.480393,-0.36896262,-0.593761,1.6652187
948.0,-1.9919758,-8.805874,-2.5713725,-0.31764993,-0.60231316,1.632232
958.0,-2.1811178,-8.817844,-2.5306711,-0.21502456,-0.61208695,1.6163495
968.0,-2.4037786,-8.700529,-2.6264393,-0.09285152,-0.61941737,1.6065756
977.0,-2.4588451,-8.623915,-2.621651,0.002443461,-0.6291912,1.5968018
989.0,-2.60968,-8.504205,-2.767697,0.047647487,-0.643852,1.5906931
998.0,-2.741361,-8.286332,-2.777274,0.05375614,-0.65240407,1.5760323
1008.0,-2.9376855,-8.159439,-2.89459,0.013439035,-0.65240407,1.5515977
1017.0,-3.1651347,-8.1402855,-2.954445,-0.07086037,-0.6450737,1.5332718
1027.0,-3.3327289,-8.087613,-3.0023289,-0.172264,-0.6401868,1.5137241
1036.0,-3.4955344,-8.013393,-2.825158,-0.25289822,-0.6462954,1.486846
1047.0,-3.6535518,-8.037335,-2.7030537,-0.28588495,-0.6646214,1.459968
1057.0,-3.775656,-8.157045,-2.7509377,-0.25045475,-0.66706485,1.4404203
1067.0,-3.9217024,-8.042124,-2.6384103,-0.1966986,-0.6743952,1.4379768
1076.0,-3.9671922,-8.063671,-2.5594015,-0.14294247,-0.7012733,1.4367551
1087.0,-4.110844,-7.8529816,-2.5187001,-0.09285152,-0.7122689,1.4306464
1096.0,-4.259285,-7.795521,-2.5187001,-0.07086037,-0.7086037,1.423316
1111.0,-4.4101195,-7.678205,-2.5498247,-0.061086524,-0.70371675,1.4074335
1116.0,-4.594473,-7.536947,-2.516306,-0.05131268,-0.70005155,1.3988814
1142.0,-4.745308,-7.321469,-2.4947581,-0.042760566,-0.7012733,1.3952162
1142.0,-4.853047,-7.311892,-2.4396915,-0.034208454,-0.6976081,1.3854424
1167.0,-4.912902,-7.2664022,-2.3319526,-0.040317107,-0.7049385,1.3671165
1189.0,-5.0781016,-7.2089415,-2.3223755,-0.04153884,-0.70249504,1.3487904
1189.0,-5.2480903,-7.177817,-2.3894134,-0.034208454,-0.689056,1.3316863
1189.0,-5.389348,-7.1706343,-2.315193,-0.0012217305,-0.6805039,1.319469
1189.0,-5.4899044,-7.153875,-2.1619642,0.042760566,-0.68783426,1.3072516
1300.0,-5.4539914,-6.933608,-2.0853498,0.080634214,-0.7012733,1.3011429
1300.0,-5.533,-6.8426285,-2.2936451,0.09285152,-0.7110472,1.3023647
1300.0,-5.595249,-6.7229185,-2.1739352,0.05497787,-0.70005155,1.2999213
1300.0,-5.710171,-6.4020953,-2.0326772,-0.04153884,-0.7122689,1.2791518
1300.0,-5.961562,-6.4619503,-1.8914193,-0.1160644,-0.70616025,1.2388347
1300.0,-6.081272,-6.4523735,-1.7501614,-0.1282817,-0.69027776,1.1985176
1300.0,-6.155493,-6.3901243,-1.6089035,-0.087964594,-0.70616025,1.1667526
1300.0,-6.2249246,-6.579266,-1.6519991,0.030543262,-0.71959925,1.1447614
1300.0,-6.373365,-6.4380083,-1.6903064,0.17715092,-0.72082096,1.1349876
1300.0,-6.373365,-6.2392898,-1.6807296,0.37751472,-0.7489208,1.1203269
1300.0,-6.603208,-5.8562174,-1.5394717,0.41172317,-0.7489208,1.102001
1319.0,-6.64391,-5.7508726,-1.3431472,0.37873647,-0.7501425,1.0873401
1319.0,-6.6056023,-5.475539,-1.1252748,0.28588495,-0.752586,1.070236
1364.0,-6.622362,-5.4539914,-1.1204864,0.17348573,-0.7501425,1.0323622
1364.0,-6.8545995,-5.6335564,-1.2737153,0.080634214,-0.72082096,0.98349303
1364.0,-6.9743094,-5.6407394,-1.2425907,0.0036651916,-0.6939429,0.9456194
1364.0,-7.144298,-5.674258,-1.2378023,-0.032986723,-0.6963864,0.9236283
1367.0,-7.2568254,-5.6646814,-1.091756,-0.028099801,-0.7086037,0.91751957
1380.0,-7.237672,-5.5880666,-0.866701,0.0036651916,-0.7293731,0.9126327
1388.0,-7.3190746,-5.530606,-0.7685388,0.08674286,-0.7367035,0.8979719
1397.0,-7.3669586,-5.48751,-0.6727707,0.1966986,-0.7330383,0.8894198
1410.0,-7.371747,-5.341464,-0.7206547,0.2773328,-0.7330383,0.9016371
1419.0,-7.3549876,-5.243302,-0.6679823,0.29077184,-0.73548174,0.91751957
1427.0,-7.371747,-5.0781016,-0.62488663,0.22724187,-0.7318166,0.9138544
1437.0,-7.4986396,-4.9320555,-0.48362875,0.10873401,-0.71593404,0.8918633
1448.0,-7.57286,-4.8243165,-0.33279404,0.002443461,-0.6914995,0.86254174
1459.0,-7.728483,-4.7979803,-0.21068975,-0.061086524,-0.6731735,0.8332202
1468.0,-7.740454,-4.6830587,-0.19153613,-0.073303826,-0.66950834,0.80756384
1479.0,-7.764396,-4.594473,-0.06464344,-0.028099801,-0.6743952,0.7867944
1488.0,-7.7428484,-4.5202527,-0.1364695,0.05497787,-0.6792821,0.766025
1504.0,-7.8170686,-4.4795513,-0.24660277,0.14905111,-0.6792821,0.7489208
1509.0,-7.7907324,-4.197036,-0.22744916,0.18692477,-0.68783426,0.7452556
1517.0,-7.78355,-4.1132383,-0.1436521,0.15882497,-0.6976081,0.74036866
1528.0,-7.747637,-4.0533834,0.107739076,0.080634214,-0.6939429,0.7134906
1537.0,-7.690176,-3.8714242,0.3878607,-0.039095376,-0.6817256,0.6792821
1548.0,-7.788338,-3.9121256,0.49320555,-0.14782938,-0.6609562,0.64873886
1559.0,-7.831434,-4.074931,0.59136784,-0.23090707,-0.63163465,0.61819565
1568.0,-7.867347,-4.1419687,0.6679823,-0.29443705,-0.61575216,0.58032197
1579.0,-7.8027034,-4.185065,0.5626374,-0.29443705,-0.6035349,0.5412266
1590.0,-7.9391727,-4.343082,0.2753332,-0.24678956,-0.5852089,0.516792
1599.0,-8.090008,-4.4125137,0.08140286,-0.2125811,-0.5681047,0.50579643
1610.0,-8.212111,-4.2281604,0.031124622,-0.20891592,-0.5656612,0.49602258
1619.0,-8.214506,-4.1491513,0.035913024,-0.23945917,-0.57543504,0.48991394
1630.0,-8.190564,-3.9719806,0.20829555,-0.29932398,-0.5876524,0.48258355
1640.0,-8.169016,-3.9097314,0.33039984,-0.35918877,-0.5888741,0.46670106
1651.0,-8.128315,-4.0174704,0.44771573,-0.40439278,-0.58032197,0.4447099
1659.0,-8.099585,-4.015076,0.6464345,-0.45081854,-0.5766568,0.42149702
1669.0,-8.195353,-4.187459,0.6775591,-0.4605924,-0.55955255,0.4007276
1681.0,-8.341399,-4.189853,0.8738836,-0.41905355,-0.5363397,0.3933972
1689.0,-8.53054,-3.9863458,0.89303726,-0.3408628,-0.5204572,0.40317106
1719.0,-8.597578,-3.9576154,0.92176765,-0.21746802,-0.50823987,0.4166101
1719.0,-8.549694,-3.952827,1.1133038,-0.09162979,-0.50823987,0.41905355
1719.0,-8.391677,-3.98874,1.115698,0.014660766,-0.5131268,0.41172317
1780.0,-8.288726,-3.916914,1.0869676,0.105068825,-0.51068336,0.40561453
1780.0,-8.329428,-3.809175,1.0462662,0.16493362,-0.49602258,0.39828414
1780.0,-8.492233,-3.5649664,1.127669,0.1881465,-0.46303585,0.3848451
1780.0,-8.559271,-3.4165258,1.2856863,0.1881465,-0.44348818,0.36651915
1780.0,-8.566454,-3.4117374,1.364695,0.18936823,-0.44348818,0.34330627
1781.0,-8.616732,-3.5936968,1.2114661,0.22235495,-0.43860126,0.3213151
1788.0,-8.585608,-3.6176388,1.3694834,0.267559,-0.4361578,0.30298916
1798.0,-8.487445,-3.5098996,1.5155296,0.31887165,-0.4373795,0.2968805
1808.0,-8.485051,-3.478775,1.6017209,0.39095375,-0.44226643,0.2932153
1817.0,-8.444349,-3.4213142,1.6663644,0.4728097,-0.44104472,0.28344148
1828.0,-8.497022,-3.3494883,1.7597382,0.54367006,-0.43982297,0.2687807
1837.0,-8.585608,-3.3758245,1.6903064,0.59620446,-0.42149702,0.25411993
1847.0,-8.678981,-3.1962593,1.6591818,0.6206391,-0.40439278,0.24312437
1858.0,-8.717288,-3.1004913,1.553837,0.6010914,-0.3921755,0.23335053
1867.0,-8.645462,-3.1004913,1.5179238,0.54611355,-0.38362336,0.22113322
1877.0,-8.652645,-3.0190883,1.5993267,0.44959682,-0.37995818,0.204029
1889.0,-8.626308,-2.956839,1.6663644,0.3359759,-0.36041048,0.18570304
1897.0,-8.7053175,-2.9640217,1.8339585,0.24312437,-0.32498032,0.16737708
1908.0,-8.62152,-2.8802247,1.9273324,0.17104226,-0.2932153,0.15271631
1918.0,-8.583213,-3.004723,2.078167,0.12095132,-0.27122417,0.1441642
1928.0,-8.506598,-3.040636,2.2122424,0.10140363,-0.24801129,0.13561209
1937.0,-8.504205,-2.885013,2.4468741,0.111177474,-0.22479841,0.12095132
1949.0,-8.4826565,-2.9257145,2.4851813,0.16493362,-0.19914207,0.10262536
1958.0,-8.549694,-2.9903579,2.44448,0.27000242,-0.16982053,0.07941248
1968.0,-8.580819,-2.906561,2.3654714,0.38728857,-0.14660765,0.06352998
1978.0,-8.576031,-2.9113493,2.2122424,0.47891834,-0.13316862,0.06352998
1990.0,-8.607155,-2.7748797,2.0805612,0.48747048,-0.1160644,0.06352998
1999.0,-8.607155,-2.719813,2.006341,0.39095375,-0.095294975,0.04642576
2011.0,-8.561666,-2.8658595,1.910573,0.204029,-0.06841691,0.017104227
2020.0,-8.683769,-2.992752,1.9632454,-0.017104227,-0.039095376,-0.013439035
2030.0,-8.655039,-3.2369606,2.0446482,-0.20158553,-0.015882496,-0.039095376
2038.0,-8.669404,-3.5434184,2.0949266,-0.29565877,-0.004886922,-0.04886922
2103.0,-8.686164,-3.6367924,2.111686,-0.28588495,0.0036651916,-0.040317107
2103.0,-8.781932,-3.6032736,2.1068976,-0.20280726,0.008552114,-0.010995574
2103.0,-8.767567,-3.526659,2.1308396,-0.080634214,0.009773844,0.017104227
2103.0,-8.789114,-3.3997664,2.0757728,0.035430185,0.002443461,0.029321533
2103.0,-8.652645,-3.2321723,2.054225,0.1441642,-0.009773844,0.04520403
2103.0,-8.714894,-3.071761,1.9847932,0.1441642,-0.009773844,0.04520403
2134.0,-8.626308,-3.071761,1.9009962,0.103847094,0.002443461,0.039095376
2134.0,-8.6813755,-3.1196449,1.8962077,0.035430185,0.008552114,0.02076942
2135.0,-8.664616,-3.2106245,1.8746599,-0.030543262,0.012217305,0.002443461
2138.0,-8.74123,-3.229778,1.9440918,-0.058643065,0.014660766,-0.002443461
2148.0,-8.748413,-3.4021606,2.0015526,-0.007330383,0.012217305,0.0036651916
2158.0,-8.722076,-3.2872388,2.0207062,0.030543262,0.007330383,0.009773844
2169.0,-8.686164,-3.074155,1.9680338,0.04886922,0.004886922,0.010995574
2178.0,-8.6095495,-3.1052797,1.8986019,0.06719518,0.004886922,0.004886922
2191.0,-8.53054,-3.13401,1.910573,0.06963864,0.004886922,-0.004886922
2199.0,-8.607155,-3.1052797,1.8794483,0.04520403,0.007330383,-0.010995574
2210.0,-8.571242,-3.2106245,1.8890251,0.028099801,0.013439035,-0.018325957
2220.0,-8.690952,-3.2513258,1.8579005,0.015882496,0.014660766,-0.02687807
2229.0,-8.714894,-3.2393548,1.8363527,-0.0036651916,0.015882496,-0.02687807
2240.0,-8.767567,-3.3159695,1.8219875,-0.017104227,0.021991149,-0.02687807
2252.0,-8.839393,-3.289633,1.8746599,-0.035430185,0.018325957,-0.030543262
2261.0,-8.827422,-3.1411927,1.9177556,-0.042760566,0.015882496,-0.019547688
2270.0,-8.805874,-3.371036,1.9033904,-0.029321533,0.012217305,-0.012217305
2279.0,-8.748413,-3.2752678,1.9440918,-0.018325957,-0.007330383,-0.014660766
2304.0,-8.688558,-3.1292217,2.0638018,-0.02076942,0.0012217305,-0.010995574
2304.0,-8.734048,-3.1866825,1.9991584,-0.007330383,0.008552114,-0.004886922
2315.0,-8.731653,-3.217807,1.9800048,0.0036651916,0.010995574,-0.010995574
2320.0,-8.7053175,-3.1172507,1.9919758,-0.002443461,0.014660766,-0.015882496
2328.0,-8.75799,-3.145981,1.982399,-0.0012217305,0.007330383,-0.019547688
2452.0,-8.662222,-3.169923,2.0374656,0.0,0.007330383,-0.02565634
2454.0,-8.760384,-3.1675289,2.0015526,0.009773844,0.008552114,-0.030543262
2454.0,-8.791509,-3.2800562,1.9728222,0.02321288,0.012217305,-0.03176499
2454.0,-8.678981,-3.2130187,2.0207062,0.02565634,0.008552114,-0.030543262
2454.0,-8.772355,-3.2585084,1.958457,0.021991149,0.010995574,-0.03176499
2454.0,-8.760384,-3.2513258,1.910573,0.030543262,0.014660766,-0.039095376
2454.0,-8.765172,-3.265691,1.982399,0.028099801,0.009773844,-0.04520403
2454.0,-8.774749,-3.2010477,2.0087352,0.018325957,0.007330383,-0.04520403
2454.0,-8.717288,-3.478775,1.8435353,0.02687807,0.0061086523,-0.05131268
2454.0,-8.803479,-3.4117374,1.8986019,0.02443461,0.004886922,-0.052534413
2454.0,-8.760384,-3.3279405,1.8746599,0.002443461,-0.0036651916,-0.04153884
2454.0,-8.676587,-3.3901896,1.9440918,-0.009773844,-0.012217305,-0.032986723
2458.0,-8.614338,-3.359065,2.0207062,-0.02565634,-0.018325957,-0.029321533
2469.0,-8.7053175,-3.4524388,2.0326772,-0.02565634,-0.013439035,-0.028099801
2478.0,-8.781932,-3.3159695,2.0254946,-0.0036651916,-0.007330383,-0.02443461
2490.0,-8.78672,-3.3303347,1.9321208,0.02076942,0.004886922,-0.019547688
2499.0,-8.726865,-3.2465374,1.9201498,0.043982297,-0.002443461,-0.014660766
2508.0,-8.743625,-3.0765493,2.006341,0.04642576,-0.007330383,-0.010995574
