24.0,2.2936451,0.14844051,9.387665,0.007330383,-0.02076942,-0.0012217305
41.0,2.2936451,0.14844051,9.387665,0.17104226,0.12583824,-0.087964594
41.0,2.4420857,0.04070143,9.356541,-0.087964594,-0.23457226,-0.26267207
60.0,2.5306711,0.074220255,9.334992,-0.3933972,-0.32620203,-0.38728857
60.0,2.4875755,-0.20350714,9.457097,-0.59864795,0.56199604,-0.09407325
69.0,2.4540567,-0.31603462,9.516952,-0.9737192,0.6988298,-0.19058995
80.0,2.3822308,-0.36870706,9.504981,-1.3390167,0.63407815,-0.37384954
91.0,2.3223755,-0.24660277,9.423578,-1.5760323,0.5131268,-0.49357912
100.0,2.255338,-0.24660277,9.181764,-1.8252654,0.5363397,-0.50701815
109.0,2.1619642,-0.36870706,9.004593,-2.1001546,0.5546656,-0.5009095
119.0,2.1284454,-0.7038953,8.808268,-2.3701572,0.5681047,-0.49480084
129.0,2.0709844,-1.0630256,8.619126,-2.8075366,0.63163465,-0.5204572
142.0,1.9776106,-1.400608,8.573636,-2.8075366,0.63163465,-0.5204572
149.0,2.0638018,-1.7764976,8.525752,-2.9455922,0.6719518,-0.5338962
159.0,1.8674773,-2.0614076,8.453926,-3.0457742,0.7012733,-0.53023106
169.0,1.8387469,-2.5019407,8.475474,-3.1154127,0.7244862,-0.51068336
179.0,1.7357962,-2.9017725,8.511387,-3.1630602,0.73914695,-0.4801401
190.0,1.7310078,-3.3518825,8.394072,-3.2119296,0.7440339,-0.44348818
201.0,1.6639702,-3.7924154,8.070854,-3.368311,0.79045963,-0.4373795
210.0,1.6424223,-4.3646297,7.9152308,-3.4538321,0.81489426,-0.49968776
219.0,1.4317327,-4.6782703,7.4962454,-3.540575,0.82344633,-0.5558874
229.0,1.2856863,-4.6495395,7.252037,-3.6566393,0.8576548,-0.5717699
242.0,1.2641385,-4.6112323,7.0006456,-3.8093557,0.89919364,-0.5510005
249.0,1.2473791,-4.7860093,6.7708025,-4.013385,0.91507614,-0.5180137
260.0,1.4173675,-4.999093,6.289568,-4.324926,0.9224065,-0.48380527
270.0,1.5131354,-5.255273,5.8634,-4.7061057,0.9456194,-0.43493605
280.0,1.6352397,-5.8681884,5.4539914,-5.0579643,0.9773844,-0.3481932
290.0,1.6472107,-6.7348895,5.0038815,-5.3682837,1.0201449,-0.23823744
300.0,1.5777789,-7.371747,4.4340615,-5.6541686,1.0836749,-0.15271631
310.0,1.6184803,-7.8888946,4.0821137,-5.9046235,1.1557571,-0.10995574
321.0,1.5682021,-8.123527,3.6463692,-6.0854397,1.2351695,-0.08552113
329.0,1.3599066,-8.298303,3.3399115,-6.200282,1.2986995,-0.028099801
342.0,1.1587936,-8.50181,3.0885203,-6.298021,1.3402383,0.09896017
350.0,0.91219085,-8.911219,2.731784,-6.404311,1.3707817,0.26267207
360.0,0.7302315,-9.294291,2.2840683,-6.499606,1.4062119,0.36651915
370.0,0.6368576,-8.966286,1.9057846,-6.597345,1.4367551,0.3811799
381.0,0.5267244,-8.635885,1.4317327,-6.7793827,1.4306464,0.38606682
390.0,0.46686932,-8.401254,0.62967503,-7.0823717,1.4184291,0.44226643
399.0,0.37828386,-8.307879,-0.14604631,-7.444004,1.428203,0.5338962
410.0,0.39743748,-8.74123,-1.0319009,-7.8300705,1.459968,0.61086524
420.0,0.24899697,-9.49301,-2.0087352,-8.156273,1.5161675,0.62796944
430.0,0.14604631,-10.3932295,-2.4349031,-8.197811,1.5589281,0.49357912
442.0,0.17238252,-11.247959,-2.72939,-7.848397,1.5784758,0.30909783
450.0,0.055066638,-11.796232,-3.1771057,-7.275405,1.5662584,0.2565634
460.0,0.10534488,-11.240777,-3.5577838,-6.6242228,1.5259414,0.28588495
470.0,0.06464344,-10.436325,-4.295198,-5.9864793,1.4404203,0.2773328
481.0,0.2896984,-10.024523,-5.161899,-5.413488,1.3377949,0.2565634
490.0,0.48602295,-10.005369,-5.671864,-4.840496,1.2620476,0.2565634
501.0,0.59376204,-10.113108,-5.9687448,-4.2271876,1.2082914,0.25778514
510.0,0.62728083,-9.655815,-6.0118403,-3.6297612,1.1716396,0.24556783
520.0,0.5602432,-9.105149,-6.081272,-3.1215215,1.0751228,0.19792034
530.0,0.6727707,-8.860941,-6.4667387,-2.7366762,0.9505063,0.13805555
541.0,0.7637503,-8.65025,-6.7947445,-2.4178047,0.8491027,0.096516706
551.0,0.770933,-8.714894,-7.1083846,-2.1197023,0.77213365,0.07452556
564.0,0.80205756,-8.350976,-7.3190746,-1.8643607,0.70371675,0.061086524
573.0,0.770933,-8.001422,-7.6231384,-1.6823229,0.6291912,0.04642576
584.0,0.8403648,-7.7308774,-7.747637,-1.5467108,0.5497787,0.015882496
593.0,0.82360536,-7.627927,-7.8529816,-1.409877,0.48380527,-0.015882496
603.0,0.7637503,-7.6973586,-7.85777,-1.2498302,0.42638394,-0.02687807
613.0,0.7445967,-7.654263,-7.8410106,-1.0690142,0.36651915,-0.02321288
625.0,0.62967503,-7.6015906,-7.8745294,-0.8857546,0.30176744,-0.019547688
632.0,0.6368576,-7.383718,-8.010999,-0.7367035,0.24801129,-0.008552114
645.0,0.6751649,-7.0581064,-8.015787,-0.6377433,0.19547687,0.013439035
654.0,0.6751649,-6.9862804,-8.159439,-0.6035349,0.14905111,0.021991149
664.0,0.6368576,-6.9647326,-8.169016,-0.6047566,0.10629055,0.02076942
673.0,0.6512229,-6.979098,-8.300697,-0.6047566,0.0720821,0.030543262
685.0,0.50757074,-6.8761473,-8.420407,-0.6047566,0.02565634,0.047647487
693.0,0.45010993,-6.931214,-8.568848,-0.593761,-0.039095376,0.05497787
704.0,0.47884035,-7.005434,-8.626308,-0.54244834,-0.09040806,0.06841691
713.0,0.45250413,-7.0461354,-8.626308,-0.43249258,-0.13805555,0.089186326
724.0,0.37110126,-7.1754227,-8.693346,-0.3213151,-0.19792034,0.12705997
733.0,0.33518824,-7.005434,-8.700529,-0.2125811,-0.26511553,0.1563815
746.0,0.4261679,-7.0126166,-8.695741,-0.11484267,-0.3286455,0.18936823
753.0,0.40940848,-6.8522053,-8.76996,-0.06841691,-0.39095375,0.22235495
764.0,0.39983168,-6.8785415,-8.743625,-0.037873644,-0.45204028,0.2406809
773.0,0.33518824,-7.1251445,-8.66701,0.002443461,-0.50946164,0.26145032
783.0,0.23463176,-7.079654,-8.693346,0.059864793,-0.56688297,0.28710666
793.0,0.19871874,-7.129933,-8.717288,0.11728613,-0.6243043,0.30543262
804.0,0.050278235,-6.991069,-8.803479,0.172264,-0.6658431,0.3213151
814.0,-0.17238252,-7.0245876,-8.848969,0.22113322,-0.70371675,0.3494149
825.0,-0.14604631,-7.041347,-8.899248,0.23335053,-0.75625116,0.38973203
833.0,-0.107739076,-6.9288197,-8.765172,0.20891592,-0.8051204,0.43127087
844.0,-0.0023942017,-6.9838862,-8.595184,0.17959438,-0.84299403,0.46303585
854.0,-0.16759412,-6.9599442,-8.190564,0.17470746,-0.8772025,0.48624873
864.0,-0.29209262,-6.8761473,-7.9942393,0.19792034,-0.9077458,0.51923543
873.0,-0.5674258,-6.9479733,-7.9583263,0.2321288,-0.9505063,0.5558874
882.0,-0.7134721,-7.0724716,-8.094796,0.27000242,-0.9932669,0.5876524
893.0,-0.8738836,-6.993463,-8.224083,0.2846632,-1.0164797,0.61819565
902.0,-0.89303726,-7.00304,-8.269572,0.27977628,-1.0445796,0.6450737
912.0,-0.9888053,-6.9982514,-8.307879,0.26511553,-1.0592403,0.6658431
922.0,-1.0534488,-6.955156,-8.018182,0.26389378,-1.0677924,0.68294734
931.0,-1.0821792,-7.0006456,-7.85777,0.28099802,-1.0897835,0.70371675
948.0,-1.151611,-6.9264255,-7.6111674,0.28344148,-1.1227703,0.7244862
950.0,-1.1420342,-6.847417,-7.429208,0.28221974,-1.1337659,0.7415904
962.0,-1.1468226,-6.8043213,-7.273585,0.31764993,-1.1582005,0.7501425
972.0,-1.3455414,-6.8641763,-7.201759,0.40194935,-1.1728612,0.75747293
983.0,-1.6208745,-6.9240313,-7.321469,0.48624873,-1.1911873,0.7819075
990.0,-1.661576,-6.8091097,-7.273585,0.5314528,-1.1838568,0.81245077
1000.0,-1.7286136,-6.7205243,-7.443573,0.5338962,-1.1716396,0.8356637
1010.0,-1.7621324,-6.540959,-7.4028716,0.4654793,-1.1508701,0.8564331
1020.0,-1.922544,-6.3901243,-7.237672,0.37140608,-1.1252137,0.8552113
1030.0,-1.9800048,-6.2943563,-7.1826053,0.2846632,-1.102001,0.84665924
1043.0,-2.0829554,-6.5816603,-6.7851677,0.312763,-1.1007792,0.8576548
1050.0,-2.2697031,-6.5816603,-6.6870055,0.36285394,-1.1081096,0.87109387
1064.0,-2.3008277,-6.5361705,-6.7444663,0.38973203,-1.1117748,0.87964594
1070.0,-2.4061728,-6.411672,-6.739678,0.37507126,-1.1081096,0.88086766
1080.0,-2.4732103,-6.1985884,-6.6870055,0.33475417,-1.0946705,0.874759
1090.0,-2.633622,-6.253655,-6.6056023,0.30665436,-1.0763446,0.8588765
1101.0,-2.846706,-6.2943563,-6.519411,0.3042109,-1.0604621,0.8381071
1110.0,-3.110068,-6.241684,-6.3326635,0.34208453,-1.0445796,0.81489426
1122.0,-3.311181,-6.3829417,-6.447585,0.39461896,-1.0421361,0.8026769
1130.0,-3.2848446,-6.253655,-6.469133,0.42394048,-1.0433578,0.8026769
1228.0,-3.2106245,-6.1004257,-6.4763155,0.4092797,-1.0384709,0.7965683
1228.0,-3.193865,-6.081272,-6.447585,0.3481932,-1.0201449,0.7831292
1228.0,-3.2752678,-6.033388,-6.215348,0.26267207,-1.0005972,0.766025
1228.0,-3.3997664,-6.090849,-6.0764837,0.20158553,-0.9896017,0.7464773
1228.0,-3.5410242,-6.2009826,-6.0525417,0.17592919,-0.98471475,0.7318166
1228.0,-3.7325604,-6.1530986,-5.872977,0.204029,-0.9859365,0.7122689
1228.0,-3.8905778,-6.167464,-5.8083334,0.27855456,-0.9761627,0.6939429
1228.0,-4.1036615,-6.2249246,-5.815516,0.3726278,-0.9798279,0.68416905
1228.0,-4.249708,-6.217742,-5.746084,0.46914452,-0.9822713,0.6768387
1234.0,-4.292804,-6.160281,-5.657499,0.5314528,-0.9810496,0.6731735
1342.0,-4.3742065,-6.0764837,-5.765238,0.5314528,-0.97249746,0.675617
1342.0,-4.321534,-6.021417,-5.803545,0.44226643,-0.9602802,0.675617
1342.0,-4.355053,-5.884948,-5.7269306,0.312763,-0.9419542,0.6585127
1342.0,-4.4316673,-5.8681884,-5.710171,0.17959438,-0.91874135,0.6414085
1342.0,-4.5801077,-5.9400144,-5.659893,0.0842994,-0.8943067,0.625526
1342.0,-4.76925,-6.0501475,-5.650316,0.05009095,-0.874759,0.61575216
1342.0,-4.996699,-6.0477533,-5.5521536,0.064751714,-0.87598073,0.6072
1342.0,-5.0278234,-6.1650696,-5.4563856,0.12950343,-0.88453287,0.59742624
1342.0,-5.0757074,-6.1219735,-5.2361193,0.21502456,-0.90041536,0.593761
1342.0,-5.0996494,-6.1866174,-5.0781016,0.312763,-0.9101892,0.5888741
1342.0,-5.106832,-6.172252,-4.9895163,0.38728857,-0.91629785,0.5900958
1385.0,-5.145139,-6.160281,-5.00867,0.43493605,-0.91751957,0.5900958
1385.0,-5.197812,-6.0405707,-4.9703627,0.4361578,-0.9126327,0.593761
1385.0,-5.2744265,-5.901707,-4.9895163,0.39461896,-0.8979719,0.5900958
1385.0,-5.379771,-5.803545,-5.044583,0.31764993,-0.8772025,0.58032197
1393.0,-5.5258174,-5.755661,-4.96318,0.22968534,-0.86254174,0.5681047
1402.0,-5.5976434,-5.872977,-5.0374002,0.15882497,-0.8564331,0.5644395
1411.0,-5.547365,-5.911284,-4.8745947,0.12461651,-0.8552113,0.55833083
1421.0,-5.6527104,-5.947197,-4.654328,0.14294247,-0.8539896,0.548557
1431.0,-5.7484784,-6.0046577,-4.5058875,0.19181168,-0.85154617,0.5510005
1442.0,-5.7604494,-5.9280434,-4.4077253,0.25167647,-0.8564331,0.5546656
1451.0,-5.81791,-5.8346696,-4.3382936,0.31520647,-0.8503244,0.5546656
1462.0,-6.009446,-5.7604494,-4.3358994,0.34574974,-0.8405506,0.56199604
1471.0,-6.10282,-5.6766524,-4.24492,0.33964106,-0.8381071,0.56199604
1481.0,-6.1195793,-5.674258,-4.247314,0.30176744,-0.8381071,0.5571091
1491.0,-6.117185,-5.6120086,-4.1635165,0.26389378,-0.8246681,0.548557
1503.0,-6.2129536,-5.6000376,-4.0533834,0.2284636,-0.8038987,0.5412266
1511.0,-6.339846,-5.518635,-3.9839516,0.19792034,-0.7965683,0.5326745
1522.0,-6.2608376,-5.535394,-3.833117,0.18203785,-0.79534656,0.5216789
1532.0,-6.2345014,-5.571307,-3.7732618,0.19792034,-0.784351,0.5119051
1544.0,-6.38773,-5.533,-3.6846764,0.24190263,-0.77091193,0.50701815
1552.0,-6.5098343,-5.523423,-3.7325604,0.28955013,-0.7623598,0.5045747
1564.0,-6.5098343,-5.3318872,-3.715801,0.3005457,-0.7611381,0.50579643
1574.0,-6.4739213,-5.3845596,-3.6224272,0.2846632,-0.75625116,0.49357912
1584.0,-6.5816603,-5.2983685,-3.5458126,0.24923302,-0.74281216,0.48502702
1594.0,-6.6415157,-5.2624555,-3.5482068,0.2003638,-0.72692966,0.4801401
1604.0,-6.682217,-5.3247046,-3.4596214,0.12339478,-0.7257079,0.47769663
1613.0,-6.6175733,-5.231331,-3.25372,0.06841691,-0.71837753,0.45448375
1623.0,-6.691794,-5.3701944,-3.277662,0.061086524,-0.70738196,0.44593164
1634.0,-6.8785415,-5.401319,-3.2369606,0.07574729,-0.70371675,0.45081854
1647.0,-6.897695,-5.303157,-3.1627405,0.119729586,-0.6976081,0.44226643
1654.0,-7.0221934,-5.3462524,-3.205836,0.16493362,-0.6976081,0.44226643
1667.0,-7.053318,-5.2361193,-3.083732,0.21502456,-0.6988298,0.43371433
1674.0,-7.015011,-5.1690817,-2.9831753,0.26145032,-0.6988298,0.43004912
1685.0,-7.0102224,-5.0876784,-3.016694,0.27122417,-0.6963864,0.43860126
1695.0,-7.0820484,-5.032612,-2.8921957,0.24190263,-0.6914995,0.4288274
1707.0,-7.1347213,-5.0038815,-2.8491,0.2003638,-0.6817256,0.408058
1714.0,-7.1945763,-5.097255,-2.7964275,0.1563815,-0.6719518,0.40683624
1725.0,-7.2783732,-5.097255,-2.7030537,0.12583824,-0.66706485,0.39584067
1734.0,-7.4244194,-5.0182467,-2.4875755,0.1282817,-0.66339964,0.37873647
1745.0,-7.455544,-4.999093,-2.4468741,0.15760323,-0.66828656,0.37751472
1754.0,-7.417237,-4.960786,-2.3654714,0.19792034,-0.6731735,0.3848451
1765.0,-7.345411,-4.9176903,-2.327164,0.2321288,-0.66706485,0.3848451
1775.0,-7.422025,-4.8817773,-2.255338,0.24312437,-0.65240407,0.38362336
1784.0,-7.503428,-4.853047,-2.3439236,0.23701571,-0.6389651,0.3811799
1793.0,-7.5201874,-4.7261543,-2.2122424,0.21135938,-0.625526,0.37384954
1802.0,-7.66384,-4.675876,-2.1045034,0.17715092,-0.61086524,0.36774087
1813.0,-7.644686,-4.7070007,-2.0231004,0.15027285,-0.6072,0.3555236
1826.0,-7.6614456,-4.654328,-1.8962077,0.15271631,-0.59620446,0.344528
1855.0,-7.615956,-4.6806645,-1.9919758,0.19181168,-0.5705481,0.36163223
1878.0,-7.699753,-4.6591167,-1.8531121,0.19181168,-0.5705481,0.36163223
1878.0,-7.714118,-4.5992613,-1.721431,0.2724459,-0.55833083,0.3567453
1878.0,-7.7931266,-4.8362875,-1.7142484,0.3371976,-0.5558874,0.35918877
1878.0,-7.896077,-4.699818,-1.673547,0.408058,-0.5497787,0.36041048
1885.0,-7.8984714,-4.7261543,-1.7166426,0.44959682,-0.54611355,0.36774087
1892.0,-7.9463553,-4.6662993,-1.721431,0.41416663,-0.5448918,0.376293
1902.0,-7.855376,-4.5753193,-1.6567876,0.33841935,-0.5363397,0.36651915
1913.0,-7.9631147,-4.6112323,-1.7118542,0.24801129,-0.5216789,0.36774087
1923.0,-8.061277,-4.6016555,-1.5682021,0.16493362,-0.5155703,0.3726278
1932.0,-8.106767,-4.572925,-1.3934253,0.1160644,-0.5143485,0.36896262
1943.0,-8.169016,-4.63278,-1.2904748,0.10140363,-0.5143485,0.36774087
1952.0,-8.209718,-4.697424,-1.340753,0.10140363,-0.5155703,0.37751472
1962.0,-8.183381,-4.5537715,-1.2593501,0.105068825,-0.52290064,0.376293
1972.0,-8.319851,-4.4436383,-1.2186487,0.10873401,-0.5338962,0.3726278
1982.0,-8.26239,-4.4077253,-1.1899183,0.12339478,-0.548557,0.37018433
1992.0,-8.243237,-4.4364557,-1.0845734,0.16371189,-0.55833083,0.3640757
2003.0,-8.288726,-4.465186,-0.9648633,0.22113322,-0.5681047,0.35796702
2013.0,-8.279149,-4.355053,-0.81163436,0.27977628,-0.57787853,0.3567453
2024.0,-8.310274,-4.378995,-0.7565677,0.3115413,-0.58032197,0.3567453
2034.0,-8.252813,-4.3047748,-0.842759,0.29932398,-0.57910025,0.34574974
2046.0,-8.372523,-4.213795,-0.7613561,0.26267207,-0.5766568,0.32986724
2054.0,-8.406042,-4.098873,-0.80205756,0.21624629,-0.57787853,0.32620203
2064.0,-8.37013,-4.1180267,-0.7230489,0.17470746,-0.58276546,0.32498032
2079.0,-8.37013,-4.0916905,-0.5267244,0.15760323,-0.5876524,0.31398472
2118.0,-8.252813,-4.0414124,-0.36870706,0.17348573,-0.5900958,0.30176744
2118.0,-8.305486,-4.0797195,-0.33279404,0.2125811,-0.59498274,0.29932398
2118.0,-8.276755,-4.0821137,-0.2705448,0.2602286,-0.5900958,0.2919936
2118.0,-8.360553,-3.9312792,-0.30166942,0.3005457,-0.58276546,0.28099802
2125.0,-8.532935,-3.8786068,-0.25617957,0.31398472,-0.5729916,0.2773328
2132.0,-8.480263,-3.751714,-0.2777274,0.30909783,-0.5644395,0.26511553
2144.0,-8.4347725,-3.6511576,-0.19393034,0.2932153,-0.54733527,0.25045475
2154.0,-8.480263,-3.7181952,-0.11252748,0.26511553,-0.53878313,0.25289822
2164.0,-8.367735,-3.787627,0.10534488,0.22113322,-0.5412266,0.25289822
2174.0,-8.317456,-3.7588966,0.21547815,0.18936823,-0.5375614,0.22968534
2185.0,-8.329428,-3.8522706,0.32800564,0.16493362,-0.52412236,0.21868975
2195.0,-8.336611,-3.7421372,0.35673606,0.1441642,-0.49968776,0.2125811
2204.0,-8.51857,-3.6391866,0.4333505,0.13805555,-0.48624873,0.19792034
2216.0,-8.556877,-3.5936968,0.46686932,0.13194689,-0.47036624,0.1966986
2226.0,-8.590396,-3.70383,0.45010993,0.12339478,-0.45937067,0.20525073
2235.0,-8.645462,-3.6583402,0.5434838,0.12217305,-0.44715336,0.20158553
2246.0,-8.564059,-3.655946,0.60333884,0.13927728,-0.4288274,0.19425514
2255.0,-8.480263,-3.70383,0.7038953,0.16615535,-0.41172317,0.19181168
2267.0,-8.508993,-3.5649664,0.79487497,0.20280726,-0.39706242,0.18448131
2275.0,-8.4826565,-3.4596214,0.8714894,0.23090707,-0.37507126,0.17959438
2285.0,-8.585608,-3.4859576,0.93134445,0.23945917,-0.3555236,0.16982053
2295.0,-8.6813755,-3.4141316,0.91219085,0.23457226,-0.3481932,0.15882497
2307.0,-8.748413,-3.4931402,0.9600749,0.20647246,-0.33964106,0.15149458
2316.0,-8.688558,-3.5122938,0.9816227,0.18325958,-0.3359759,0.13194689
2325.0,-8.719683,-3.5577838,1.0366893,0.16126843,-0.32253686,0.12461651
2337.0,-8.66701,-3.5793316,1.0749966,0.14905111,-0.312763,0.11484267
2347.0,-8.578424,-3.6152446,1.091756,0.16493362,-0.3042109,0.1001819
2356.0,-8.537724,-3.6296098,1.2186487,0.19425514,-0.2968805,0.09773844
2368.0,-8.544906,-3.5338416,1.0989386,0.23457226,-0.2761111,0.095294975
2376.0,-8.686164,-3.5338416,1.1444284,0.27000242,-0.26389378,0.09040806
2388.0,-8.789114,-3.466804,1.0989386,0.27855456,-0.25900686,0.089186326
2396.0,-8.839393,-3.3925838,0.9744401,0.2443461,-0.26267207,0.09407325
2405.0,-8.695741,-3.3375173,0.8834604,0.1600467,-0.26389378,0.095294975
2416.0,-8.647857,-3.406949,0.89543146,0.04886922,-0.25778514,0.080634214
2427.0,-8.719683,-3.4979286,0.91458505,-0.039095376,-0.2565634,0.061086524
2436.0,-8.717288,-3.5242648,1.0199299,-0.06719518,-0.26145032,0.058643065
2446.0,-8.793902,-3.5625722,1.0702082,-0.059864793,-0.2602286,0.07086037
2457.0,-8.858546,-3.608062,1.0271125,-0.032986723,-0.26511553,0.081855945
2466.0,-8.887277,-3.691859,1.0534488,-0.0061086523,-0.26511553,0.095294975
2477.0,-8.856153,-3.6607344,1.1085154,0.021991149,-0.26511553,0.10873401
2487.0,-8.839393,-3.572149,1.1228806,0.05375614,-0.2565634,0.12095132
2496.0,-8.863335,-3.5889084,1.1755531,0.080634214,-0.2602286,0.14049901
2508.0,-8.817844,-3.6511576,1.2018893,0.10751228,-0.26145032,0.1563815
