17.0,2.2337902,-0.01436521,9.033323,-0.07941248,-0.2602286,0.20280726
31.0,1.9728222,-0.10534488,8.973468,0.15760323,0.111177474,-0.080634214
32.0,1.9153614,0.0047884034,8.932767,-0.15882497,-0.2443461,-0.33108896
45.0,1.9321208,0.007182605,8.810662,-0.70371675,-0.32986724,-0.5412266
54.0,2.0159178,-0.09816227,8.7125,-1.2461652,0.5314528,-0.376293
61.0,2.054225,-0.17477672,8.573636,-2.0292943,0.6169739,-0.59742624
73.0,2.0446482,-0.40462008,8.497022,-2.814867,0.50946164,-0.88453287
81.0,2.0015526,-0.5482722,8.286332,-3.2424726,0.3726278,-1.0250319
92.0,1.8746599,-0.8475474,8.159439,-3.562566,0.37995818,-1.0445796
103.0,1.8363527,-1.2354081,7.9104424,-3.866777,0.38728857,-1.0519099
113.0,1.7118542,-1.6017209,7.6015906,-4.1563272,0.3811799,-1.0629056
122.0,1.6639702,-2.2505496,7.386112,-4.4385467,0.37018433,-1.0873401
132.0,1.8028339,-2.6671407,7.101202,-4.709771,0.3811799,-1.1203269
142.0,1.8363527,-3.277662,7.156269,-4.9419,0.41538838,-1.1447614
153.0,1.9129672,-3.8881836,7.326257,-5.1117206,0.44959682,-1.1484267
162.0,1.8986019,-4.489128,7.3645644,-5.213124,0.46914452,-1.1276573
176.0,2.0350714,-5.2361193,7.3549876,-5.2705455,0.47036624,-1.0836749
182.0,2.1092918,-5.8825536,7.252037,-5.318193,0.4728097,-1.0323622
193.0,2.2266076,-6.399701,7.1371155,-5.3841662,0.47525316,-0.9896017
203.0,2.267309,-6.6534867,6.909666,-5.470909,0.4801401,-0.95539325
212.0,2.2050598,-6.8785415,6.576872,-5.571091,0.46914452,-0.9272934
223.0,2.2840683,-6.9599442,6.133945,-5.6834903,0.45204028,-0.88086766
233.0,2.219425,-7.2304893,5.521029,-5.8276544,0.43004912,-0.8038987
242.0,2.2002714,-7.7189064,4.9559975,-6.019466,0.4361578,-0.71837753
253.0,2.2122424,-8.214506,4.5298295,-6.1905084,0.46181414,-0.6609562
262.0,2.2457612,-8.738836,4.1659107,-6.296799,0.47647488,-0.6365216
274.0,2.3989902,-8.985439,3.881001,-6.3261204,0.49480084,-0.61453044
283.0,2.4851813,-9.126697,3.5410242,-6.2858033,0.49846604,-0.5839872
294.0,2.5139117,-9.600749,3.0933087,-6.246708,0.5021312,-0.5290093
303.0,2.5139117,-9.89763,2.3343468,-6.2418213,0.52534413,-0.4801401
313.0,2.4420857,-9.986216,1.7046716,-6.2357125,0.5497787,-0.4642576
323.0,2.3463178,-10.110714,1.043872,-6.188065,0.5571091,-0.46670106
333.0,2.2936451,-10.292673,0.58897364,-6.061005,0.59131753,-0.45937067
343.0,2.1332338,-10.613496,0.25378537,-5.8410935,0.6206391,-0.43249258
354.0,2.1428106,-10.718841,-0.093373865,-5.5356607,0.6084218,-0.3811799
363.0,2.231396,-10.840945,-0.545878,-5.176472,0.59864795,-0.3042109
374.0,2.3511062,-10.7116585,-0.7038953,-4.7928486,0.5839872,-0.25289822
383.0,2.4133554,-10.498574,-1.0989386,-4.416556,0.5766568,-0.2284636
393.0,2.516306,-10.299856,-1.5586253,-4.102571,0.59498274,-0.19792034
403.0,2.4612393,-10.206482,-1.99437,-3.8374555,0.6084218,-0.17104226
414.0,2.3989902,-10.208876,-2.4612393,-3.594331,0.6072,-0.16249016
423.0,2.456451,-10.201694,-2.882619,-3.314555,0.6035349,-0.15882497
433.0,2.384625,-10.323798,-3.064578,-2.983466,0.5815437,-0.15760323
443.0,2.4037786,-10.0748005,-3.2561142,-2.6169467,0.56199604,-0.15393804
453.0,2.3942018,-9.799467,-3.5769374,-2.26631,0.53878313,-0.13316862
463.0,2.3822308,-9.375694,-3.7660792,-1.9950858,0.50579643,-0.112399206
475.0,2.566584,-8.89446,-3.9264908,-1.8228219,0.46792278,-0.10873401
483.0,2.7461493,-8.801085,-4.3023806,-1.7238617,0.44104472,-0.10995574
494.0,2.870648,-8.942344,-4.5058875,-1.6701056,0.42638394,-0.10751228
504.0,2.791639,-9.009381,-4.5753193,-1.6065756,0.40683624,-0.10140363
513.0,2.7222073,-9.004593,-4.879383,-1.5125023,0.38362336,-0.073303826
524.0,2.801216,-9.155427,-5.1786585,-1.4049901,0.34697145,-0.032986723
537.0,2.777274,-9.153033,-5.365406,-1.2901474,0.30665436,-0.004886922
546.0,2.7700913,-9.059659,-5.427655,-1.1618657,0.27122417,0.010995574
557.0,2.6886885,-8.944737,-5.482722,-1.0250319,0.23945917,0.039095376
566.0,2.7030537,-8.872911,-5.6000376,-0.8784242,0.17348573,0.10995574
579.0,2.7222073,-8.631097,-5.7029886,-0.8784242,0.17348573,0.10995574
586.0,2.7246015,-8.578424,-5.8203044,-0.8906415,0.13805555,0.13561209
598.0,2.791639,-8.743625,-5.872977,-0.93462384,0.11362094,0.16493362
607.0,2.731784,-8.767567,-5.8226986,-0.9651671,0.05009095,0.21991149
617.0,2.6791117,-8.616732,-5.853823,-0.9114109,0.02443461,0.25167647
627.0,2.4061728,-8.6813755,-6.045359,-0.8197812,-0.012217305,0.28099802
636.0,2.3463178,-8.695741,-6.215348,-0.7049385,-0.058643065,0.31642818
646.0,2.3894134,-8.731653,-6.3063273,-0.59131753,-0.10873401,0.35308012
658.0,2.4396915,-8.616732,-6.3111157,-0.49235737,-0.15271631,0.3885103
667.0,2.4013844,-8.552089,-6.3422403,-0.4166101,-0.19792034,0.41905355
678.0,2.3415294,-8.51857,-6.3302693,-0.3640757,-0.2406809,0.4373795
686.0,2.303222,-8.449138,-6.2704144,-0.33108896,-0.2724459,0.4642576
697.0,2.3056161,-8.379706,-6.4499793,-0.32253686,-0.30787608,0.5009095
707.0,2.2888567,-8.329428,-6.3350577,-0.3371976,-0.35063666,0.52778757
718.0,2.2481554,-8.355764,-6.339846,-0.3323107,-0.3811799,0.54367006
726.0,2.1188686,-8.4826565,-6.3709707,-0.2968805,-0.40439278,0.5729916
737.0,2.006341,-8.516175,-6.361394,-0.24556783,-0.43860126,0.61453044
746.0,1.9752164,-8.286332,-6.385336,-0.19181168,-0.47769663,0.65240407
758.0,1.9321208,-8.257602,-6.3542113,-0.15760323,-0.5021312,0.675617
766.0,1.8746599,-8.200141,-6.373365,-0.13194689,-0.52778757,0.68661255
779.0,1.6950948,-8.185776,-6.447585,-0.10873401,-0.548557,0.70371675
786.0,1.6496049,-8.204929,-6.5481415,-0.103847094,-0.5900958,0.7281514
797.0,1.5993267,-8.159439,-6.4858923,-0.119729586,-0.61819565,0.7415904
805.0,1.5298948,-8.046912,-6.447585,-0.1441642,-0.6365216,0.7476991
815.0,1.5514427,-8.149862,-6.3709707,-0.17715092,-0.66706485,0.75625116
826.0,1.4748282,-8.042124,-6.265626,-0.18448131,-0.6963864,0.7635816
836.0,1.2665327,-8.070854,-6.31351,-0.14660765,-0.7086037,0.77213365
845.0,1.2234371,-8.152257,-6.291962,-0.08552113,-0.7293731,0.7819075
855.0,1.0989386,-8.02297,-6.3182983,-0.018325957,-0.7623598,0.79901177
868.0,1.0630256,-8.042124,-6.4164605,0.04153884,-0.7855727,0.81245077
875.0,0.9840169,-8.001422,-6.337452,0.09040806,-0.7867944,0.81489426
884.0,0.91937345,-8.063671,-6.3111157,0.1282817,-0.79534656,0.8185594
896.0,0.6967127,-7.9391727,-6.3087215,0.14172074,-0.79779,0.829555
906.0,0.6560113,-7.893683,-6.3470287,0.12461651,-0.79779,0.8405506
915.0,0.5722142,-7.752425,-6.3685765,0.057421334,-0.79779,0.8503244
924.0,0.545878,-7.6829934,-6.2728086,-0.040317107,-0.8197812,0.84421575
934.0,0.5243302,-7.644686,-6.181829,-0.12217305,-0.81245077,0.829555
945.0,0.39025488,-7.726089,-6.0525417,-0.15271631,-0.7965683,0.8173377
955.0,0.272939,-7.845799,-6.0477533,-0.10140363,-0.81000733,0.81489426
964.0,0.15322891,-7.869741,-5.925649,0.0012217305,-0.80878556,0.82711154
975.0,0.031124622,-8.02297,-5.995081,0.13316862,-0.8173377,0.8368854
983.0,-0.08379706,-7.881712,-6.169858,0.24678956,-0.8258898,0.8491027
993.0,-0.15801731,-7.8146744,-6.191406,0.30787608,-0.8344419,0.86009824
1003.0,-0.25378537,-7.735666,-6.129156,0.31642818,-0.8368854,0.86009824
1015.0,-0.25617957,-7.587225,-5.93762,0.28955013,-0.8246681,0.8527679
1023.0,-0.533907,-7.529764,-5.920861,0.23945917,-0.80756384,0.8491027
1045.0,-0.6679823,-7.5082164,-5.947197,0.16493362,-0.79901177,0.84788096
1045.0,-0.78290397,-7.5321584,-5.877765,0.07819075,-0.8026769,0.8381071
1067.0,-0.7637503,-7.6470804,-5.8634,0.019547688,-0.79779,0.8210029
1067.0,-0.8834604,-7.714118,-5.865794,0.008552114,-0.79534656,0.81122905
1075.0,-1.043872,-7.797915,-5.8466406,0.042760566,-0.79534656,0.8136725
1084.0,-1.0462662,-7.8266454,-5.7484784,0.10873401,-0.79045963,0.8222246
1192.0,-1.2354081,-7.7787614,-5.839458,0.17592919,-0.77579886,0.8356637
1192.0,-1.460463,-7.606379,-5.7389016,0.21868975,-0.77213365,0.84665924
1192.0,-1.5298948,-7.433996,-5.645528,0.23579398,-0.7623598,0.84665924
1192.0,-1.5849615,-7.40766,-5.693412,0.21624629,-0.7452556,0.8417723
1192.0,-1.6663644,-7.5082164,-5.7125654,0.17837265,-0.73426,0.8417723
1192.0,-1.6807296,-7.539341,-5.6335564,0.1282817,-0.7318166,0.84665924
1192.0,-1.7717092,-7.6135616,-5.7149596,0.07941248,-0.72082096,0.84421575
1192.0,-1.9297266,-7.6135616,-5.734113,0.039095376,-0.71959925,0.8368854
1192.0,-2.1619642,-7.6255326,-5.731719,0.029321533,-0.7134906,0.83199847
1192.0,-2.3199813,-7.548918,-5.78918,0.040317107,-0.71837753,0.8344419
1231.0,-2.3630772,-7.5800424,-5.590461,0.07452556,-0.72204274,0.83077675
1231.0,-2.5474305,-7.48188,-5.628768,0.12705997,-0.72082096,0.82833326
1231.0,-2.597709,-7.505822,-5.638345,0.17470746,-0.72204274,0.8344419
1231.0,-2.6264393,-7.422025,-5.437232,0.19914207,-0.7330383,0.8393288
1234.0,-2.7030537,-7.374141,-5.5258174,0.19792034,-0.7330383,0.8381071
1291.0,-2.8275523,-7.477092,-5.6000376,0.14782938,-0.7305948,0.8405506
1291.0,-2.89459,-7.398083,-5.592855,0.062308256,-0.7367035,0.8417723
1291.0,-3.0382419,-7.273585,-5.511452,-0.004886922,-0.7367035,0.829555
1291.0,-3.193865,-7.225701,-5.3725886,-0.02565634,-0.7257079,0.8136725
1291.0,-3.3758245,-7.249643,-5.269638,0.012217305,-0.7281514,0.8014552
1299.0,-3.526659,-7.323863,-5.2241483,0.09896017,-0.7330383,0.79901177
1308.0,-3.596091,-7.261614,-5.2169657,0.18081611,-0.752586,0.8014552
1316.0,-3.5194764,-7.2783732,-5.291186,0.24801129,-0.75502944,0.8002335
1330.0,-3.5936968,-7.2831616,-5.353435,0.27000242,-0.75747293,0.8014552
1347.0,-3.7110126,-7.2113357,-5.3582234,0.2443461,-0.7635816,0.8051204
1347.0,-3.7325604,-7.053318,-5.377377,0.17837265,-0.75991637,0.8051204
1354.0,-3.940856,-6.9168487,-5.269638,0.07696902,-0.7635816,0.8014552
1382.0,-3.9312792,-6.8330517,-5.145139,-0.057421334,-0.7635816,0.7611381
1382.0,-4.015076,-6.9479733,-4.903325,-0.057421334,-0.7635816,0.7611381
1387.0,-4.2401314,-7.038953,-4.793192,-0.030543262,-0.75991637,0.7452556
1400.0,-4.3406878,-6.9743094,-4.7979803,0.057421334,-0.7648033,0.74036866
1405.0,-4.4723687,-7.029376,-4.8099513,0.15515977,-0.7684685,0.7452556
1414.0,-4.5298295,-6.981492,-4.867412,0.22357668,-0.784351,0.73914695
1424.0,-4.548983,-6.7085533,-4.855441,0.22113322,-0.7806858,0.7281514
1440.0,-4.6782703,-6.682217,-4.757279,0.20647246,-0.77946407,0.72204274
1444.0,-4.783615,-6.7444663,-4.663905,0.17348573,-0.77824235,0.72082096
1454.0,-4.793192,-6.835446,-4.522647,0.12705997,-0.7831292,0.7134906
1464.0,-4.795586,-6.682217,-4.4316673,0.08674286,-0.77824235,0.7012733
1475.0,-4.9081135,-6.6247563,-4.4196963,0.05009095,-0.77213365,0.6939429
1484.0,-5.0038815,-6.579266,-4.355053,0.02565634,-0.7672467,0.68783426
1496.0,-5.0900726,-6.5625067,-4.39336,0.021991149,-0.7623598,0.6805039
1506.0,-5.245696,-6.567295,-4.39336,0.042760566,-0.7623598,0.6743952
1515.0,-5.2504845,-6.543353,-4.211401,0.080634214,-0.7672467,0.66950834
1525.0,-5.3127337,-6.4858923,-4.1276035,0.15027285,-0.7648033,0.6609562
1536.0,-5.4061074,-6.5265937,-4.072537,0.22479841,-0.752586,0.6585127
1546.0,-5.4899044,-6.471527,-4.0198646,0.26511553,-0.7501425,0.6646214
1558.0,-5.544971,-6.31351,-3.952827,0.2565634,-0.7452556,0.6658431
1567.0,-5.556942,-6.325481,-3.9743748,0.19547687,-0.73426,0.6585127
1579.0,-5.6359506,-6.265626,-3.9935284,0.103847094,-0.7293731,0.64751714
1587.0,-5.683835,-6.0477533,-3.9312792,0.017104227,-0.7281514,0.6291912
1596.0,-5.777209,-6.1938,-3.8666358,-0.040317107,-0.71837753,0.61086524
1608.0,-5.791574,-6.1938,-3.6511576,-0.059864793,-0.7171558,0.5925393
1618.0,-5.884948,-6.157887,-3.58412,-0.019547688,-0.7110472,0.57787853
1681.0,-5.9878983,-6.325481,-3.4715924,0.047647487,-0.70616025,0.5705481
1681.0,-6.0238113,-6.215348,-3.3255463,0.12339478,-0.7134906,0.5644395
1681.0,-6.0118403,-6.172252,-3.3399115,0.21380283,-0.6914995,0.55955255
1681.0,-6.2129536,-6.05733,-3.3686419,0.2773328,-0.6805039,0.56321776
1681.0,-6.2225304,-6.009446,-3.3806129,0.28344148,-0.689056,0.5681047
1681.0,-6.229713,-5.8945246,-3.4955344,0.23457226,-0.6743952,0.56199604
1686.0,-6.3685765,-5.865794,-3.4715924,0.14782938,-0.6621779,0.5546656
1725.0,-6.4068837,-5.815516,-3.3734303,0.04520403,-0.64996064,0.5448918
1725.0,-6.469133,-5.8346696,-3.3399115,-0.04886922,-0.6414085,0.5314528
1725.0,-6.495469,-5.889736,-3.2034419,-0.11484267,-0.63407815,0.5204572
1725.0,-6.5601125,-5.8466406,-3.0262709,-0.12461651,-0.6267477,0.51068336
1737.0,-6.6247563,-5.8322754,-2.9735985,-0.081855945,-0.6169739,0.50579643
1744.0,-6.7324953,-5.8346696,-2.765303,0.0012217305,-0.625526,0.49968776
1754.0,-6.7444663,-5.849035,-2.753332,0.11728613,-0.6230826,0.49968776
1764.0,-6.7684083,-5.8681884,-2.7724855,0.22724187,-0.61819565,0.5119051
1775.0,-6.8426285,-5.6910176,-2.7581203,0.29810223,-0.6230826,0.5216789
1785.0,-6.8186865,-5.60722,-2.6910827,0.30909783,-0.61208695,0.5204572
1797.0,-6.9360023,-5.5497594,-2.7006595,0.27488935,-0.59620446,0.5155703
1805.0,-6.9767036,-5.497087,-2.743755,0.21135938,-0.5839872,0.5045747
1816.0,-7.101202,-5.4779334,-2.6599581,0.13805555,-0.58032197,0.49846604
1826.0,-7.053318,-5.4683566,-2.5833437,0.081855945,-0.57910025,0.48624873
1835.0,-7.1059904,-5.401319,-2.4612393,0.056199603,-0.56321776,0.4728097
1844.0,-7.1251445,-5.48751,-2.5067291,0.056199603,-0.5558874,0.46303585
1856.0,-7.2927384,-5.4061074,-2.4061728,0.087964594,-0.5534439,0.453262
1865.0,-7.2831616,-5.451597,-2.4372973,0.13683382,-0.5546656,0.45081854
1876.0,-7.309498,-5.3606176,-2.3918076,0.17959438,-0.56321776,0.44837508
1892.0,-7.350199,-5.3342814,-2.408567,0.21380283,-0.5681047,0.44104472
1895.0,-7.410054,-5.1906295,-2.3511062,0.24312437,-0.5705481,0.42760566
1905.0,-7.433996,-5.231331,-2.2481554,0.26511553,-0.5705481,0.41172317
1917.0,-7.501034,-5.207389,-2.267309,0.28588495,-0.5705481,0.39706242
1926.0,-7.524976,-5.1355624,-2.3295584,0.29565877,-0.5693264,0.39095375
1936.0,-7.517793,-5.1020436,-2.2720973,0.29932398,-0.57787853,0.3811799
1947.0,-7.5106106,-5.159505,-2.3008277,0.3359759,-0.5839872,0.36041048
1957.0,-7.551312,-5.106832,-2.1739352,0.41905355,-0.59131753,0.34574974
1967.0,-7.654263,-5.085284,-2.054225,0.54367006,-0.6084218,0.34330627
1980.0,-7.7308774,-5.1642933,-1.9752164,0.66950834,-0.63407815,0.35063666
1986.0,-7.797915,-5.032612,-1.9129672,0.75991637,-0.6621779,0.35796702
1999.0,-7.7213006,-4.924873,-1.7238252,0.79412484,-0.68783426,0.3555236
2021.0,-7.6853876,-4.915296,-1.5370775,0.7648033,-0.6805039,0.3494149
2021.0,-7.735666,-4.9200845,-1.4030021,0.70005155,-0.6805039,0.344528
2026.0,-7.6973586,-4.9679685,-1.2018893,0.62796944,-0.66828656,0.33353242
2039.0,-7.8505874,-4.9775453,-1.1851299,0.56077427,-0.64996064,0.32986724
2046.0,-7.893683,-4.96318,-1.067814,0.49113566,-0.63529986,0.3371976
2056.0,-7.9248075,-4.9943047,-1.0151415,0.43982297,-0.61575216,0.3408628
2066.0,-8.00621,-4.948815,-0.94331545,0.40439278,-0.60231316,0.34697145
2077.0,-7.991845,-4.9320555,-0.89303726,0.37507126,-0.5925393,0.36163223
2087.0,-7.9942393,-4.927267,-0.81642276,0.35185838,-0.5839872,0.37384954
2098.0,-8.046912,-4.795586,-0.60812724,0.32620203,-0.5839872,0.38362336
2107.0,-8.003817,-4.7764325,-0.45250413,0.29077184,-0.5815437,0.3885103
2118.0,-7.93199,-4.7022123,-0.46926352,0.24801129,-0.5656612,0.37995818
2128.0,-7.953538,-4.7788267,-0.4357447,0.19425514,-0.5448918,0.37140608
2140.0,-7.9487495,-4.687847,-0.23463176,0.1441642,-0.5326745,0.36285394
2148.0,-7.9607205,-4.7309427,-0.19632454,0.12217305,-0.5119051,0.35063666
2160.0,-8.0924015,-4.7189717,-0.17956513,0.13194689,-0.49357912,0.34208453
2168.0,-8.161834,-4.620809,-0.088585466,0.16493362,-0.4801401,0.33841935
2181.0,-8.152257,-4.6351743,-0.07182605,0.20891592,-0.47036624,0.3371976
2190.0,-8.128315,-4.6399627,-0.045489833,0.24678956,-0.47158796,0.3359759
2199.0,-8.106767,-4.6471453,0.0047884034,0.26267207,-0.46181414,0.32986724
2209.0,-8.0445175,-4.6160207,0.095768064,0.26267207,-0.44104472,0.3213151
2220.0,-8.034941,-4.5801077,0.18674773,0.24923302,-0.4166101,0.312763
2230.0,-8.066066,-4.548983,0.23702596,0.21868975,-0.3921755,0.2968805
2241.0,-8.109161,-4.4484267,0.23942018,0.17104226,-0.344528,0.27000242
2249.0,-8.202535,-4.280833,0.10295067,0.1563815,-0.3359759,0.2602286
2260.0,-8.322245,-4.367024,0.01436521,0.14294247,-0.3371976,0.24923302
2270.0,-8.331821,-4.280833,0.059855044,0.13805555,-0.34330627,0.23335053
2283.0,-8.243237,-4.307169,0.22984336,0.1563815,-0.3494149,0.22113322
2289.0,-8.1163435,-4.237737,0.31603462,0.19425514,-0.3371976,0.21135938
2301.0,-8.099585,-4.357447,0.3854665,0.21991149,-0.31764993,0.20280726
2310.0,-8.111555,-4.2760444,0.45489833,0.2284636,-0.2932153,0.19547687
2321.0,-8.240842,-4.1706996,0.45010993,0.22602014,-0.27122417,0.19058995
2329.0,-8.293514,-4.173094,0.33039984,0.19303341,-0.25900686,0.18570304
2341.0,-8.336611,-4.0318356,0.24181437,0.13927728,-0.25289822,0.17592919
2351.0,-8.343793,-4.0773253,0.24899697,0.081855945,-0.23945917,0.16249016
2362.0,-8.358158,-4.144363,0.32561144,0.04153884,-0.23335053,0.14905111
2371.0,-8.420407,-4.098873,0.36631286,0.029321533,-0.24678956,0.14049901
2381.0,-8.3629465,-3.9911342,0.39025488,0.02565634,-0.22968534,0.14294247
2392.0,-8.358158,-4.0892963,0.45489833,0.02321288,-0.22113322,0.13805555
2404.0,-8.389283,-4.1012673,0.46686932,0.017104227,-0.22357668,0.12461651
2412.0,-8.35337,-4.048595,0.5626374,0.013439035,-0.20647246,0.11484267
2421.0,-8.341399,-4.1156325,0.51954174,0.013439035,-0.2003638,0.111177474
2431.0,-8.437167,-3.9791632,0.5243302,0.0061086523,-0.19181168,0.10629055
2441.0,-8.47308,-3.9193082,0.47165772,-0.0012217305,-0.1881465,0.1001819
2450.0,-8.394072,-4.048595,0.45010993,-0.012217305,-0.18570304,0.09162979
2464.0,-8.439561,-3.9695864,0.49799395,-0.008552114,-0.17837265,0.073303826
2471.0,-8.499416,-3.9001546,0.39743748,0.02321288,-0.16982053,0.059864793
2482.0,-8.552089,-3.8738184,0.31364042,0.037873644,-0.172264,0.062308256
2491.0,-8.556877,-3.7900212,0.33997664,0.02321288,-0.1881465,0.061086524
2502.0,-8.554482,-3.7325604,0.29448682,-0.009773844,-0.19547687,0.05009095
