38.0,4.4005427,-1.4317327,7.6015906,0.14782938,0.13805555,-0.081855945
57.0,4.4316673,-1.5155296,7.314286,-0.09407325,-0.24312437,-0.2724459
57.0,4.3598413,-1.6448165,7.0461354,-0.8197812,-0.47403142,-0.30787608
61.0,4.4580035,-1.9201498,6.8761473,-1.5381587,0.22602014,0.04642576
72.0,4.4819455,-2.291251,6.9144545,-2.5668557,0.14294247,0.073303826
81.0,4.486734,-2.980781,6.9120603,-3.5527923,-0.12339478,0.05009095
92.0,4.4819455,-3.7565024,7.0700774,-3.9632938,-0.3200934,0.008552114
101.0,4.525041,-4.43885,7.1514807,-4.083023,-0.32742378,-0.009773844
113.0,4.4699745,-4.915296,7.28795,-4.020715,-0.32620203,-0.05497787
121.0,4.3861775,-5.2528787,7.1873937,-3.8069122,-0.33353242,-0.103847094
132.0,4.4699745,-5.391742,7.089231,-3.5100317,-0.35918877,-0.12461651
142.0,4.465186,-5.5377884,6.8402343,-3.222925,-0.38606682,-0.112399206
152.0,4.560954,-5.5162406,6.7229185,-2.978579,-0.39095375,-0.10629055
161.0,4.5633483,-5.5976434,6.622362,-2.7757716,-0.3811799,-0.14538592
172.0,4.584896,-5.681441,6.481104,-2.620612,-0.37507126,-0.20647246
182.0,4.608838,-5.920861,6.385336,-2.5033257,-0.37140608,-0.23945917
194.0,4.630386,-6.375759,6.349423,-2.42147,-0.35430184,-0.23090707
202.0,4.771644,-6.5601125,6.397307,-2.3200662,-0.32253686,-0.22357668
213.0,4.8362875,-6.8881183,6.4427967,-2.1563544,-0.2883284,-0.24312437
222.0,4.915296,-7.2544312,6.517017,-1.9364429,-0.25534168,-0.25534168
232.0,4.8626237,-7.371747,6.4260373,-1.6872098,-0.21013765,-0.24801129
243.0,4.699818,-7.345411,6.2225304,-1.4257594,-0.16493362,-0.24923302
254.0,4.594473,-6.8426285,6.0262055,-1.2229522,-0.13561209,-0.27488935
262.0,4.606444,-6.435614,5.8346696,-1.1630874,-0.11362094,-0.30543262
272.0,4.582502,-6.3781533,5.590461,-1.2278391,-0.09773844,-0.31398472
282.0,4.608838,-6.5840545,5.4803276,-1.359786,-0.089186326,-0.29810223
292.0,4.594473,-7.0006456,5.3821654,-1.4941764,-0.07574729,-0.26145032
303.0,4.5633483,-7.445967,5.389348,-1.5735888,-0.06352998,-0.23457226
315.0,4.4675803,-7.644686,5.3007627,-1.5723672,-0.04886922,-0.22968534
322.0,4.426879,-7.513005,5.17387,-1.5088371,-0.039095376,-0.23579398
333.0,4.3358994,-7.3549876,5.130774,-1.4563028,-0.035430185,-0.23457226
342.0,4.4196963,-7.177817,4.9464207,-1.4514158,-0.036651913,-0.21868975
352.0,4.3263226,-7.144298,4.903325,-1.5063937,-0.043982297,-0.18448131
363.0,4.3406878,-7.5465236,4.8602295,-1.5894713,-0.05375614,-0.14172074
374.0,4.357447,-7.881712,4.685453,-1.6432275,-0.06719518,-0.10751228
383.0,4.343082,-8.111555,4.606444,-1.6285667,-0.07941248,-0.08552113
393.0,4.3861775,-8.051701,4.367024,-1.5662584,-0.089186326,-0.05497787
403.0,4.3167458,-7.8505874,4.1180267,-1.5491543,-0.09285152,-0.010995574
414.0,4.3287168,-7.565677,3.8163576,-1.6566665,-0.10140363,0.028099801
423.0,4.321534,-7.5584946,3.5673606,-1.9193386,-0.12339478,0.056199603
434.0,4.390966,-7.800309,3.3877954,-2.298075,-0.15393804,0.08674286
443.0,4.5322237,-8.319851,3.2872388,-2.6890287,-0.18570304,0.1160644
453.0,4.5657425,-8.916007,3.1986535,-2.9639182,-0.20647246,0.14538592
463.0,4.656722,-9.514558,3.1747115,-3.0335567,-0.2125811,0.16982053
473.0,4.6351743,-9.940725,3.110068,-2.8722885,-0.19425514,0.1881465
483.0,4.537012,-9.911995,2.9640217,-2.5375342,-0.16615535,0.2003638
494.0,4.426879,-9.586384,2.6360161,-2.1771238,-0.12339478,0.21624629
503.0,4.4220905,-9.368511,2.3223755,-1.9010127,-0.09162979,0.24190263
517.0,4.417302,-9.368511,2.1260512,-1.7299703,-0.09285152,0.25534168
526.0,4.4699745,-9.390059,2.0901382,-1.600467,-0.10140363,0.27000242
535.0,4.4843397,-9.287108,2.0350714,-1.4526376,-0.096516706,0.2919936
547.0,4.4939165,-9.059659,1.8794483,-1.3048081,-0.080634214,0.31642818
557.0,4.4220905,-8.92319,1.6400281,-1.2241739,-0.06963864,0.3481932
565.0,4.3766007,-8.8777,1.3383588,-1.251052,-0.07452556,0.39584067
575.0,4.4125137,-8.971074,1.2138603,-1.3548992,-0.089186326,0.43982297
587.0,4.390966,-9.124303,1.1204864,-1.4563028,-0.10140363,0.45204028
597.0,4.4484267,-9.361329,0.9983821,-1.5076154,-0.10995574,0.45081854
606.0,4.4436383,-9.691729,0.94570965,-1.4978416,-0.11484267,0.47891834
618.0,4.405331,-9.876082,0.8810662,-1.423316,-0.118507855,0.52290064
626.0,4.4364557,-9.813833,0.6895301,-1.2999213,-0.11484267,0.55955255
636.0,4.307169,-9.651027,0.6775591,-1.1557571,-0.103847094,0.5900958
647.0,4.3406878,-9.466674,0.49081135,-1.033584,-0.09896017,0.61208695
656.0,4.19943,-9.346964,0.20590134,-0.98349303,-0.09285152,0.6377433
667.0,4.156334,-9.425972,-0.02633622,-0.99082345,-0.105068825,0.6609562
677.0,4.1659107,-9.651027,-0.20350714,-1.0238101,-0.12339478,0.6780604
686.0,4.1635165,-9.77792,-0.22984336,-1.0238101,-0.13683382,0.68416905
695.0,4.1060557,-9.768343,-0.40701428,-0.784351,-0.14172074,0.6817256
707.0,3.9959226,-9.727641,-0.46208093,-0.63163465,-0.1441642,0.70371675
718.0,3.9145198,-9.703699,-0.59376204,-0.51923543,-0.15393804,0.72204274
725.0,3.916914,-9.672575,-0.5746084,-0.45448375,-0.172264,0.7367035
737.0,3.8546648,-9.689334,-0.6344634,-0.42149702,-0.19425514,0.7501425
747.0,3.787627,-9.572019,-0.79248077,-0.40439278,-0.21380283,0.77091193
756.0,3.6272156,-9.581595,-0.830788,-0.408058,-0.23579398,0.8026769
766.0,3.7062242,-9.576807,-0.81163436,-0.43249258,-0.26389378,0.84421575
776.0,3.6343982,-9.694122,-0.80924016,-0.45570546,-0.29443705,0.87964594
786.0,3.5098996,-9.840169,-0.91458505,-0.45081854,-0.312763,0.9016371
796.0,3.3087866,-9.993398,-0.91697925,-0.39461896,-0.32742378,0.91874135
805.0,3.1771057,-10.235212,-0.92895025,-0.27488935,-0.3481932,0.93462384
815.0,3.1531637,-10.359711,-0.8451532,-0.06963864,-0.37507126,0.9492846
825.0,3.0885203,-10.280702,-0.7589619,0.19058995,-0.37995818,0.97005403
834.0,2.896984,-10.0029745,-0.7685388,0.4447099,-0.35796702,0.9932669
843.0,2.707842,-9.619903,-0.7781156,0.59620446,-0.35430184,1.0225884
854.0,2.6503813,-9.378088,-0.8451532,0.58032197,-0.3640757,1.0531317
863.0,2.5210943,-9.160215,-0.7493851,0.4202753,-0.38606682,1.0714576
873.0,2.3535004,-9.313444,-0.7493851,0.2003638,-0.408058,1.070236
884.0,2.2888567,-9.543288,-0.7278373,0.0,-0.4251622,1.0726794
894.0,2.0709844,-9.80665,-0.62249243,-0.12705997,-0.44348818,1.0836749
903.0,2.0015526,-9.864111,-0.59136784,-0.14660765,-0.4642576,1.0873401
915.0,1.9393034,-9.938332,-0.6703765,-0.08307768,-0.4728097,1.0861185
923.0,1.9009962,-10.060435,-0.8331822,0.019547688,-0.48258355,1.102001
933.0,1.9321208,-9.935937,-0.8619126,0.1001819,-0.48380527,1.1374311
943.0,1.8698715,-9.85214,-0.8595184,0.15882497,-0.48624873,1.1594223
953.0,1.8387469,-9.80665,-0.842759,0.2003638,-0.48380527,1.1704178
962.0,1.7190368,-9.751583,-0.7302315,0.20647246,-0.47647488,1.1887437
974.0,1.5729905,-9.643845,-0.7015011,0.18081611,-0.4642576,1.2034045
982.0,1.3982137,-9.744401,-0.7326257,0.13561209,-0.4605924,1.205848
993.0,1.271321,-9.765948,-0.6703765,0.07696902,-0.45814893,1.2119566
1002.0,1.1923125,-9.799467,-0.7230489,0.034208454,-0.46792278,1.2217305
1014.0,1.043872,-9.727641,-0.78290397,0.04153884,-0.47525316,1.2131784
1032.0,1.0247183,-9.746795,-0.7613561,0.07941248,-0.47647488,1.2095132
1036.0,0.91458505,-9.679757,-0.82121116,0.12339478,-0.47769663,1.2082914
1113.0,0.81642276,-9.753978,-0.8834604,0.17348573,-0.48380527,1.2034045
1113.0,0.80445176,-9.710882,-0.79487497,0.21502456,-0.48258355,1.210735
1113.0,0.7326257,-9.706094,-0.7398083,0.23823744,-0.48380527,1.2156218
1113.0,0.61770403,-9.519346,-0.7182605,0.2443461,-0.48380527,1.2082914
1113.0,0.4237737,-9.296685,-0.7038953,0.22724187,-0.47403142,1.2070698
1114.0,0.2801216,-9.28232,-0.5746084,0.19058995,-0.46792278,1.1997393
1114.0,0.1388637,-9.339781,-0.48362875,0.13927728,-0.46670106,1.187522
1114.0,0.01436521,-9.442732,-0.39264908,0.10751228,-0.46303585,1.1753048
1221.0,-0.059855044,-9.576807,-0.2705448,0.13194689,-0.45448375,1.1606439
1221.0,-0.23223756,-9.555259,-0.24420857,0.18936823,-0.44104472,1.1545353
1221.0,-0.37349546,-9.469068,-0.2657564,0.2284636,-0.4202753,1.1606439
1225.0,-0.521936,-9.406818,-0.44771573,0.22479841,-0.40439278,1.1496484
1225.0,-0.6440403,-9.344569,-0.50278234,0.16371189,-0.3885103,1.1435398
1225.0,-0.8882488,-9.370906,-0.47884035,0.06719518,-0.37018433,1.1386528
1225.0,-1.0654198,-9.445126,-0.47644615,-0.019547688,-0.36163223,1.1203269
1225.0,-1.0606314,-9.449914,-0.36870706,-0.07452556,-0.35185838,1.1142182
1226.0,-1.1420342,-9.737218,-0.4333505,-0.1001819,-0.34697145,1.1215485
1226.0,-1.1683705,-9.871294,-0.5291186,-0.12461651,-0.34208453,1.142318
1226.0,-1.1731589,-9.787497,-0.48123455,-0.15271631,-0.33964106,1.1618657
1270.0,-1.3024458,-9.706094,-0.49559975,-0.17104226,-0.3359759,1.1630874
1270.0,-1.496376,-9.6845455,-0.4429273,-0.17715092,-0.32742378,1.1667526
1270.0,-1.5945383,-9.488221,-0.37349546,-0.17104226,-0.3213151,1.1777482
1270.0,-1.8148049,-9.31105,-0.37828386,-0.15027285,-0.31764993,1.1887437
1315.0,-1.9129672,-9.323022,-0.4189853,-0.11362094,-0.32253686,1.1948525
1315.0,-2.0853498,-9.469068,-0.51954174,-0.07696902,-0.3286455,1.2034045
1315.0,-2.135628,-9.488221,-0.50517654,-0.05497787,-0.33108896,1.2144
1315.0,-2.2266076,-9.490616,-0.5674258,-0.02687807,-0.3408628,1.2119566
1315.0,-2.2816741,-9.390059,-0.47405192,-0.002443461,-0.3481932,1.2131784
1328.0,-2.480393,-9.272743,-0.36152446,0.012217305,-0.35185838,1.2119566
1335.0,-2.5617957,-9.277532,-0.2657564,0.02565634,-0.35430184,1.2034045
1370.0,-2.5809495,-9.224859,-0.29209262,0.04153884,-0.36041048,1.2034045
1370.0,-2.6599581,-9.093178,-0.30166942,0.06352998,-0.3640757,1.205848
1371.0,-2.7150247,-9.0237465,-0.29209262,0.1001819,-0.3652974,1.1972959
1374.0,-2.791639,-9.016563,-0.21787235,0.13316862,-0.36163223,1.1924089
1387.0,-2.870648,-9.064447,-0.23942018,0.14782938,-0.3640757,1.1924089
1395.0,-3.0430303,-8.973468,-0.22266077,0.14660765,-0.36774087,1.1863003
1404.0,-3.2513258,-8.9279785,-0.11971009,0.14049901,-0.3652974,1.1704178
1415.0,-3.3207579,-8.690952,-0.038307227,0.13316862,-0.36163223,1.1545353
1424.0,-3.430891,-8.798691,-0.059855044,0.14049901,-0.36896262,1.1349876
1434.0,-3.4811692,-8.789114,-0.076614454,0.15393804,-0.37140608,1.1325442
1455.0,-3.5242648,-8.719683,-0.050278235,0.17348573,-0.37384954,1.1337659
1455.0,-3.6008794,-8.731653,-0.050278235,0.19181168,-0.37751472,1.1178834
1464.0,-3.6104562,-8.578424,-0.05746084,0.18325958,-0.3811799,1.1191051
1475.0,-3.7062242,-8.487445,0.047884032,0.16493362,-0.37995818,1.1044444
1484.0,-3.8786068,-8.542512,0.076614454,0.15882497,-0.37507126,1.0751228
1494.0,-4.050989,-8.4587145,0.19871874,0.16615535,-0.37384954,1.0616838
1503.0,-4.1371803,-8.343793,0.17956513,0.19303341,-0.3726278,1.047023
1518.0,-4.237737,-8.267179,0.25617957,0.26633725,-0.3726278,1.0079277
1536.0,-4.3358994,-8.1402855,0.2705448,0.2919936,-0.37995818,0.9957104
1536.0,-4.261679,-8.034941,0.2753332,0.30787608,-0.38728857,0.98349303
1552.0,-4.4125137,-8.0684595,0.35194764,0.3115413,-0.38728857,0.96883225
1559.0,-4.608838,-7.9367785,0.50517654,0.30543262,-0.3848451,0.94806284
1564.0,-4.6375685,-7.869741,0.5434838,0.2846632,-0.3811799,0.9309586
1576.0,-4.654328,-7.8625584,0.6631939,0.2761111,-0.37751472,0.9126327
1584.0,-4.841076,-7.8146744,0.7350199,0.27366763,-0.3652974,0.9016371
1594.0,-4.9057193,-7.855376,0.7613561,0.2919936,-0.35430184,0.8784242
1604.0,-5.023035,-7.7787614,0.8738836,0.3213151,-0.3371976,0.8698721
1615.0,-5.2169657,-7.6829934,0.7469909,0.36774087,-0.32375857,0.8552113
1624.0,-5.2744265,-7.603985,0.8403648,0.40194935,-0.30787608,0.8454375
1654.0,-5.245696,-7.469909,0.8834604,0.3848451,-0.3005457,0.84788096
1654.0,-5.305551,-7.48188,0.80445176,0.33841935,-0.30176744,0.829555
1654.0,-5.386954,-7.383718,0.89064306,0.27122417,-0.29810223,0.8222246
1664.0,-5.4683566,-7.285556,0.82121116,0.21991149,-0.29565877,0.80756384
1718.0,-5.5521536,-7.386112,0.7733272,0.19425514,-0.29443705,0.7867944
1718.0,-5.626374,-7.371747,0.8283938,0.18081611,-0.29077184,0.78801614
1733.0,-5.6215854,-7.398083,0.8643068,0.18203785,-0.28588495,0.7831292
1733.0,-5.657499,-7.4507556,0.842759,0.19914207,-0.28099802,0.7696902
1733.0,-5.753267,-7.419631,0.8882488,0.20647246,-0.2761111,0.77946407
1733.0,-5.803545,-7.3430166,0.89303726,0.19425514,-0.27855456,0.7806858
1735.0,-5.8634,-7.1275387,0.93613285,0.15760323,-0.27855456,0.77824235
1745.0,-5.9663506,-7.03177,0.9552865,0.12217305,-0.28099802,0.7648033
1756.0,-6.033388,-7.0940194,0.9600749,0.096516706,-0.27855456,0.752586
1764.0,-6.066907,-7.029376,0.9528923,0.065973446,-0.27977628,0.75502944
1775.0,-6.054936,-7.0461354,0.94570965,0.043982297,-0.28710666,0.7501425
1785.0,-6.0262055,-7.0245876,0.89303726,0.047647487,-0.28955013,0.7318166
1794.0,-6.1530986,-6.9862804,0.9624691,0.052534413,-0.28710666,0.7293731
1804.0,-6.2584434,-6.969521,1.0845734,0.073303826,-0.28710666,0.72082096
1817.0,-6.3087215,-6.921637,1.0630256,0.12095132,-0.2883284,0.70738196
1824.0,-6.3949127,-6.8929067,1.1994951,0.15760323,-0.28710666,0.71593404
1835.0,-6.303933,-6.847417,1.1707647,0.17470746,-0.28955013,0.71837753
1845.0,-6.3350577,-6.76362,1.2138603,0.16615535,-0.2919936,0.7134906
1855.0,-6.3589997,-6.591237,1.2761095,0.14294247,-0.2919936,0.70371675
1866.0,-6.421249,-6.4260373,1.3096284,0.12217305,-0.29077184,0.68539083
1879.0,-6.4284315,-6.3709707,1.3359646,0.09773844,-0.2919936,0.675617
1885.0,-6.505046,-6.38773,1.3311762,0.07574729,-0.2968805,0.66828656
1900.0,-6.5457473,-6.4164605,1.2904748,0.07452556,-0.30298916,0.65484756
1905.0,-6.6295447,-6.373365,1.4197617,0.096516706,-0.30543262,0.6450737
1915.0,-6.730101,-6.3685765,1.4987702,0.13683382,-0.3115413,0.6365216
1925.0,-6.7085533,-6.2392898,1.520318,0.17592919,-0.31398472,0.63041294
1937.0,-6.739678,-6.136339,1.5251064,0.19547687,-0.3213151,0.62796944
1947.0,-6.823475,-6.069301,1.5777789,0.18448131,-0.32986724,0.62796944
1960.0,-6.801927,-6.0262055,1.6376339,0.15149458,-0.33353242,0.6206391
1971.0,-6.8330517,-6.0716953,1.6807296,0.10873401,-0.3359759,0.6133087
1976.0,-6.8426285,-6.10282,1.7741034,0.06352998,-0.33475417,0.61086524
1987.0,-6.969521,-6.0285997,1.769315,0.04520403,-0.3371976,0.59620446
2033.0,-7.0724716,-5.9400144,1.8004397,0.057421334,-0.32986724,0.58276546
2033.0,-7.1371155,-5.7628436,1.8291701,0.07452556,-0.33108896,0.5839872
2033.0,-7.0605006,-5.877765,1.8435353,0.06841691,-0.3359759,0.59131753
2033.0,-7.1059904,-5.973533,1.8674773,0.04886922,-0.3371976,0.5925393
2035.0,-7.1754227,-6.05733,1.9009962,0.040317107,-0.3371976,0.59498274
2045.0,-7.249643,-5.995081,1.9273324,0.059864793,-0.33475417,0.593761
2057.0,-7.285556,-5.901707,1.958457,0.105068825,-0.32498032,0.59620446
2066.0,-7.2113357,-5.7029886,2.066196,0.1600467,-0.32742378,0.6010914
2077.0,-7.180211,-5.753267,2.1045034,0.21991149,-0.32498032,0.59742624
2087.0,-7.144298,-5.60722,2.2601264,0.28344148,-0.31764993,0.59864795
2098.0,-7.062895,-5.568913,2.2625206,0.36651915,-0.30909783,0.59986967
2107.0,-7.180211,-5.422867,2.336741,0.4801401,-0.3042109,0.5839872
2120.0,-7.275979,-5.3223104,2.3702598,0.5876524,-0.2919936,0.57543504
2128.0,-7.311892,-5.2002063,2.3511062,0.66950834,-0.28099802,0.5681047
2138.0,-7.285556,-5.159505,2.3247697,0.7257079,-0.28221974,0.56077427
2148.0,-7.335834,-5.0254292,2.4636335,0.7635816,-0.27855456,0.5510005
2158.0,-7.381324,-4.903325,2.5570073,0.8002335,-0.2602286,0.5314528
2168.0,-7.359776,-4.900931,2.6192567,0.8368854,-0.2602286,0.5155703
2179.0,-7.285556,-4.7500963,2.7389667,0.86009824,-0.24923302,0.5021312
2190.0,-7.3525934,-4.7429137,2.7581203,0.8857546,-0.2443461,0.48258355
2198.0,-7.309498,-4.687847,2.9113493,0.8894198,-0.24190263,0.47891834
2209.0,-7.40766,-4.5633483,2.9041667,0.8588765,-0.22479841,0.47036624
2221.0,-7.4507556,-4.4436383,2.956839,0.7892379,-0.22113322,0.45570546
2230.0,-7.5920134,-4.235343,2.885013,0.6621779,-0.21502456,0.44837508
2241.0,-7.603985,-4.268862,2.8921957,0.49113566,-0.21868975,0.43127087
2250.0,-7.642292,-4.429273,2.8898015,0.312763,-0.22113322,0.40439278
2260.0,-7.5944076,-4.6255975,3.0358477,0.15882497,-0.2284636,0.37751472
2270.0,-7.5800424,-4.6591167,3.1771057,0.056199603,-0.23457226,0.35063666
2280.0,-7.6470804,-4.486734,3.2561142,0.019547688,-0.2284636,0.31764993
2290.0,-7.644686,-4.3742065,3.2824504,0.037873644,-0.22479841,0.29443705
2301.0,-7.553706,-4.3598413,3.2704794,0.07452556,-0.22357668,0.28710666
2310.0,-7.627927,-4.280833,3.1435869,0.09040806,-0.21502456,0.28710666
2321.0,-7.69257,-4.2066126,3.1411927,0.02565634,-0.20525073,0.2687807
2328.0,-7.807492,-4.3263226,3.2010477,-0.039095376,-0.20647246,0.25900686
2339.0,-7.869741,-4.345476,3.2010477,-0.10629055,-0.20891592,0.24678956
2348.0,-7.8027034,-4.297592,3.2345665,-0.14172074,-0.21502456,0.22479841
2361.0,-7.785944,-4.3598413,3.2225955,-0.14172074,-0.22113322,0.20769419
2370.0,-7.7452426,-4.3263226,3.3303347,-0.13194689,-0.22724187,0.20769419
2380.0,-7.752425,-4.4196963,3.347094,-0.12950343,-0.22968534,0.204029
2390.0,-7.668628,-4.3598413,3.3159695,-0.14782938,-0.22357668,0.2003638
2400.0,-7.735666,-4.3981485,3.2585084,-0.19792034,-0.21380283,0.20647246
2410.0,-7.7907324,-4.546589,3.2992098,-0.25900686,-0.20647246,0.21502456
2422.0,-7.8146744,-4.7165775,3.241749,-0.312763,-0.19792034,0.21991149
2430.0,-7.845799,-4.8602295,3.2010477,-0.33108896,-0.19547687,0.22479841
2439.0,-7.872135,-4.831499,3.1890767,-0.31764993,-0.19547687,0.24556783
2449.0,-7.788338,-4.759673,3.1244333,-0.27977628,-0.20280726,0.25900686
2460.0,-7.785944,-4.5322237,3.2273839,-0.2443461,-0.2125811,0.27366763
2470.0,-7.699753,-4.1922474,3.2752678,-0.23335053,-0.21135938,0.2773328
2481.0,-7.711724,-4.050989,3.2393548,-0.22357668,-0.21380283,0.26633725
2490.0,-7.6734166,-3.9791632,3.3542767,-0.22235495,-0.20891592,0.26267207
2500.0,-7.702147,-4.0821137,3.4213142,-0.19914207,-0.19425514,0.24556783
2511.0,-7.824251,-4.003105,3.3734303,-0.16371189,-0.18081611,0.22357668
2521.0,-7.7332716,-3.8953662,3.4404678,-0.12583824,-0.17470746,0.2003638
