33.0,-0.5291186,-2.4708161,9.356541,0.007330383,-0.02687807,-0.0012217305
33.0,-0.82599956,-2.5210943,9.306262,0.15515977,0.119729586,-0.08552113
157.0,-0.7086837,-2.6024973,9.3421755,0.013439035,-0.29565877,-0.28221974
157.0,-0.23463176,-2.743755,9.332599,-0.07696902,-0.42271876,-0.34330627
157.0,-0.095768064,-2.6120741,9.23683,0.04642576,0.39095375,0.012217305
157.0,-0.19153613,-2.408567,9.301474,0.013439035,0.44348818,0.002443461
157.0,-0.22984336,-2.1859062,9.255983,-0.064751714,0.30176744,-0.10995574
157.0,-0.24660277,-2.0709844,9.210494,-0.15882497,0.14905111,-0.22479841
157.0,-0.1436521,-2.1212628,9.203311,-0.2321288,0.15760323,-0.25534168
157.0,-0.11252748,-2.3798366,9.114726,-0.28221974,0.17104226,-0.2761111
157.0,-0.18435353,-2.5354595,9.181764,-0.29443705,0.19058995,-0.30787608
157.0,-0.25617957,-2.789245,9.210494,-0.27855456,0.19914207,-0.34697145
157.0,-0.29927522,-2.8060043,9.176975,-0.2406809,0.19792034,-0.38362336
157.0,-0.25857377,-2.7724855,9.155427,-0.1966986,0.18570304,-0.40561453
157.0,-0.29688102,-2.8443117,9.066842,-0.17592919,0.17104226,-0.41538838
254.0,-0.19632454,-2.7509377,8.947132,-0.21135938,0.15515977,-0.4251622
254.0,-0.18195933,-2.6264393,8.789114,-0.3371976,0.14538592,-0.43982297
254.0,-0.12449849,-2.3774424,8.628703,-0.54244834,0.15027285,-0.45570546
254.0,-0.076614454,-2.3582888,8.595184,-0.77824235,0.16371189,-0.45814893
254.0,-0.04309563,-2.707842,8.631097,-0.9810496,0.18325958,-0.4373795
254.0,-0.06703765,-3.2513258,8.772355,-1.1081096,0.1966986,-0.40683624
254.0,-0.10295067,-3.6822822,8.848969,-1.1533136,0.20647246,-0.38606682
254.0,-0.079008654,-4.0078936,8.932767,-1.1301007,0.20891592,-0.38606682
269.0,-0.1316811,-4.3287168,9.002198,-1.0592403,0.20158553,-0.39828414
269.0,-0.20350714,-4.3143516,8.985439,-0.96761054,0.19303341,-0.40561453
269.0,-0.22026655,-4.465186,8.932767,-0.8784242,0.17715092,-0.40317106
272.0,-0.33039984,-4.4196963,8.76996,-0.8014552,0.16126843,-0.39950588
281.0,-0.2873042,-4.3358994,8.59279,-0.7623598,0.14049901,-0.40561453
292.0,-0.31603462,-4.0533834,8.463503,-0.8063421,0.12461651,-0.4166101
301.0,-0.30406362,-3.940856,8.303091,-0.9114109,0.1160644,-0.42394048
311.0,-0.33997664,-3.8307228,8.090008,-1.0494665,0.11362094,-0.42149702
322.0,-0.2681506,-3.8786068,7.97748,-1.2144,0.10751228,-0.408058
331.0,-0.30645782,-3.9312792,7.9463553,-1.409877,0.10629055,-0.3933972
341.0,-0.2873042,-3.9911342,7.8266454,-1.640784,0.111177474,-0.3885103
353.0,-0.30166942,-4.1419687,7.632715,-1.9046779,0.11362094,-0.39584067
361.0,-0.30885202,-4.211401,7.443573,-2.204002,0.112399206,-0.4129449
373.0,-0.37349546,-4.2880154,7.1395097,-2.5326474,0.1160644,-0.42394048
382.0,-0.40222588,-4.5082817,7.0102224,-2.8588493,0.118507855,-0.43004912
392.0,-0.51714754,-4.819528,6.8569937,-3.1618385,0.105068825,-0.4288274
402.0,-0.521936,-5.195418,6.3901243,-3.40985,0.089186326,-0.43493605
413.0,-0.49799395,-5.7389016,6.4667387,-3.5845573,0.080634214,-0.45448375
422.0,-0.521936,-6.2512608,6.3566055,-3.6884043,0.07696902,-0.47525316
432.0,-0.5482722,-6.766014,6.2488666,-3.7543778,0.06352998,-0.48502702
442.0,-0.46926352,-7.2328835,6.0381765,-3.8044686,0.04642576,-0.47647488
452.0,-0.49559975,-7.553706,5.686229,-3.8948767,0.029321533,-0.4654793
462.0,-0.36870706,-7.771579,5.281609,-4.0549235,0.029321533,-0.47036624
474.0,-0.22744916,-7.773973,5.2385135,-4.2601743,0.052534413,-0.5045747
482.0,-0.2777274,-7.8649526,4.9775453,-4.4409904,0.080634214,-0.5290093
492.0,-0.34237084,-8.358158,4.661511,-4.5900416,0.0842994,-0.49602258
502.0,-0.16519992,-8.772355,4.3646297,-4.678006,0.09773844,-0.43493605
512.0,-0.16280572,-9.244013,4.096479,-4.660902,0.12950343,-0.40194935
522.0,-0.06943185,-9.466674,3.8187518,-4.56072,0.16249016,-0.39950588
533.0,-0.107739076,-9.512163,3.4356794,-4.420221,0.1966986,-0.38606682
542.0,-0.093373865,-9.696517,3.2561142,-4.284609,0.22724187,-0.34697145
552.0,-0.110133275,-9.792285,2.9233203,-4.1685443,0.24678956,-0.28955013
562.0,-0.12210429,-9.974244,2.5498247,-4.075693,0.25167647,-0.23823744
573.0,-0.093373865,-9.928755,2.0518308,-3.9852848,0.2602286,-0.22113322
582.0,-0.059855044,-9.703699,1.5514427,-3.9107592,0.27122417,-0.22113322
593.0,0.011971008,-9.605537,1.0821792,-3.8496728,0.2761111,-0.22235495
602.0,0.06943185,-9.830592,0.6991069,-3.794695,0.2919936,-0.19914207
612.0,0.033518825,-9.885659,0.17956513,-3.7568212,0.30787608,-0.1563815
622.0,-0.0047884034,-10.113108,-0.06943185,-3.6468656,0.30787608,-0.14538592
632.0,-0.019153614,-10.517728,-0.4165911,-3.4428365,0.29932398,-0.14294247
642.0,-0.062249243,-10.96305,-0.61530983,-3.128852,0.2919936,-0.13561209
653.0,-0.079008654,-11.271901,-0.80684596,-2.7036896,0.28221974,-0.13683382
662.0,-0.035913024,-11.35091,-0.9648633,-1.6811012,0.2406809,-0.15882497
673.0,0.055066638,-11.20247,-1.1133038,-1.1667526,0.2284636,-0.172264
682.0,0.12449849,-10.836157,-1.5298948,-0.75747293,0.21135938,-0.17715092
692.0,0.095768064,-10.28549,-1.6831238,-0.5119051,0.19914207,-0.15882497
702.0,0.090979666,-9.801862,-1.8483237,-0.44226643,0.16493362,-0.13805555
713.0,0.19871874,-9.651027,-1.9847932,-0.49846604,0.13439035,-0.12217305
722.0,0.33279404,-9.64145,-2.171541,-0.6206391,0.1160644,-0.10751228
732.0,0.37110126,-9.775525,-2.327164,-0.79290307,0.10751228,-0.07574729
742.0,0.36870706,-9.854534,-2.4372973,-0.98715824,0.10140363,-0.052534413
752.0,0.4405331,-9.859323,-2.4660277,-1.1545353,0.10629055,-0.04520403
762.0,0.36152446,-9.847352,-2.4540567,-1.2681563,0.10751228,-0.035430185
774.0,0.2873042,-9.957485,-2.4013844,-1.3023647,0.10873401,-0.02076942
782.0,0.22505496,-10.105926,-2.3175871,-1.2657127,0.11484267,0.004886922
792.0,0.17956513,-10.0987425,-2.432509,-1.1899655,0.11728613,0.043982297
802.0,0.17956513,-10.012551,-2.5474305,-1.1349876,0.10873401,0.08552113
812.0,0.10295067,-9.902418,-2.8514943,-1.1227703,0.09773844,0.12095132
822.0,0.1316811,-9.809045,-3.1196449,-1.1594223,0.0842994,0.15393804
834.0,0.055066638,-9.873688,-3.1962593,-1.2241739,0.06841691,0.17959438
842.0,0.02873042,-10.041282,-3.2249897,-1.2840388,0.047647487,0.18936823
852.0,0.090979666,-10.012551,-3.1387985,-1.2974777,0.021991149,0.20158553
862.0,0.033518825,-10.158598,-3.2369606,-1.269378,0.009773844,0.2406809
873.0,-0.0023942017,-10.081984,-3.478775,-1.2290609,-0.012217305,0.29565877
882.0,-0.031124622,-9.995792,-3.8594532,-1.2217305,-0.047647487,0.34208453
893.0,-0.038307227,-9.828198,-4.039018,-1.2534955,-0.081855945,0.376293
902.0,-0.074220255,-9.667787,-4.297592,-1.2962561,-0.118507855,0.39950588
913.0,-0.14604631,-9.775525,-4.5801077,-1.3072516,-0.16249016,0.42394048
922.0,-0.24660277,-9.859323,-4.654328,-1.2644911,-0.204029,0.4569272
933.0,-0.2777274,-9.907207,-4.618415,-1.1557571,-0.23579398,0.47769663
943.0,-0.33279404,-9.792285,-4.6495395,-1.0213667,-0.2687807,0.4972443
954.0,-0.39264908,-9.598354,-4.608838,-0.91751957,-0.2968805,0.5180137
963.0,-0.44532153,-9.31105,-4.6471453,-0.8381071,-0.3323107,0.5290093
973.0,-0.51475334,-9.193734,-4.6399627,-0.77091193,-0.35796702,0.54367006
982.0,-0.60812724,-8.992621,-4.7070007,-0.7318166,-0.37751472,0.56321776
992.0,-0.641646,-8.844181,-4.7405195,-0.71837753,-0.40194935,0.5656612
1002.0,-0.6799533,-8.78672,-4.8147397,-0.7257079,-0.41050145,0.5644395
1014.0,-0.7015011,-8.693346,-4.8243165,-0.7452556,-0.42271876,0.5717699
1022.0,-0.8355764,-8.7125,-4.9105077,-0.766025,-0.43371433,0.5717699
1032.0,-0.8451532,-8.659827,-5.1355624,-0.7806858,-0.4288274,0.5644395
1042.0,-0.91219085,-8.6813755,-4.9559975,-0.77213365,-0.46303585,0.5522222
1053.0,-0.9672575,-8.626308,-4.9703627,-0.71593404,-0.46670106,0.54733527
1062.0,-0.94570965,-8.762778,-5.080496,-0.6059783,-0.4801401,0.58032197
1074.0,-0.92176765,-8.887277,-5.0397944,-0.46792278,-0.50579643,0.6133087
1082.0,-0.89064306,-8.822633,-4.865018,-0.31887165,-0.5204572,0.6243043
1092.0,-1.0319009,-8.6574335,-4.924873,-0.19181168,-0.52290064,0.6414085
1103.0,-1.2258313,-8.607155,-5.080496,-0.13072516,-0.5375614,0.6658431
1112.0,-1.2785037,-8.413225,-5.2121773,-0.16371189,-0.55955255,0.6719518
1122.0,-1.328782,-8.406042,-5.221754,-0.2443461,-0.58032197,0.6597345
1133.0,-1.271321,-8.274361,-5.145139,-0.31642818,-0.5876524,0.643852
1142.0,-1.4197617,-8.360553,-5.1547165,-0.3555236,-0.5839872,0.6426302
1152.0,-1.4891934,-8.475474,-5.233725,-0.36041048,-0.5900958,0.64873886
1165.0,-1.4628572,-8.439561,-5.1235914,-0.31520647,-0.61208695,0.64873886
1204.0,-1.5921441,-8.372523,-5.092467,-0.23335053,-0.6230826,0.65484756
1204.0,-1.6783354,-8.195353,-4.9919105,-0.13927728,-0.63163465,0.66828656
1204.0,-1.7836803,-8.109161,-5.035006,-0.059864793,-0.64873886,0.6731735
1204.0,-1.8579005,-8.159439,-5.21936,-0.017104227,-0.657291,0.675617
1212.0,-1.946486,-8.2169,-5.291186,-0.021991149,-0.6658431,0.68294734
1224.0,-2.0326772,-8.23366,-5.257667,-0.056199603,-0.6792821,0.6805039
1232.0,-1.958457,-8.090008,-5.2049947,-0.09162979,-0.68294734,0.6719518
1242.0,-2.0709844,-8.025364,-5.149928,-0.11484267,-0.68294734,0.66339964
1253.0,-2.1332338,-7.991845,-5.068525,-0.11362094,-0.6792821,0.65118235
1262.0,-2.2888567,-7.9511437,-4.9344497,-0.07819075,-0.6805039,0.6462954
1274.0,-2.3894134,-8.042124,-5.0637364,-0.007330383,-0.68661255,0.64996064
1282.0,-2.420538,-8.180987,-5.0493712,0.07941248,-0.6988298,0.6585127
1293.0,-2.468422,-8.157045,-4.9679685,0.172264,-0.7110472,0.6609562
1303.0,-2.4756045,-7.9607205,-5.0421886,0.21868975,-0.7110472,0.6780604
1314.0,-2.5570073,-7.9008656,-5.011064,0.18692477,-0.7049385,0.6976081
1322.0,-2.765303,-7.8050976,-4.9176903,0.1160644,-0.6976081,0.68783426
1333.0,-2.908955,-7.762002,-4.867412,0.029321533,-0.689056,0.6805039
1344.0,-3.0693667,-7.759608,-4.7764325,-0.05131268,-0.6951646,0.68539083
1353.0,-3.169923,-7.8793178,-4.817134,-0.10751228,-0.70005155,0.6817256
1363.0,-3.1986535,-7.8649526,-4.841076,-0.13194689,-0.70005155,0.6817256
1375.0,-3.2728736,-7.881712,-4.855441,-0.12095132,-0.7110472,0.6817256
1383.0,-3.3399115,-7.845799,-4.7500963,-0.081855945,-0.72326446,0.6792821
1393.0,-3.3662477,-7.7931266,-4.548983,-0.029321533,-0.72692966,0.6805039
1403.0,-3.430891,-7.7811556,-4.489128,0.030543262,-0.7244862,0.6817256
1419.0,-3.5577838,-7.7787614,-4.5082817,0.07941248,-0.71593404,0.6939429
1423.0,-3.70383,-7.714118,-4.5920787,0.080634214,-0.7122689,0.7171558
1434.0,-3.7708676,-7.644686,-4.7405195,0.017104227,-0.7134906,0.7257079
1443.0,-3.7708676,-7.4268136,-4.673482,-0.07696902,-0.7244862,0.7012733
1453.0,-3.821146,-7.345411,-4.5441947,-0.13561209,-0.72204274,0.6939429
1463.0,-4.010288,-7.551312,-4.498705,-0.10140363,-0.7281514,0.7049385
1474.0,-4.1635165,-7.654263,-4.4603977,-0.10140363,-0.7281514,0.7049385
1483.0,-4.271256,-7.666234,-4.4843397,-0.036651913,-0.7501425,0.7122689
1494.0,-4.220978,-7.48188,-4.405331,0.02565634,-0.77091193,0.72204274
1504.0,-4.211401,-7.433996,-4.3287168,0.14294247,-0.7806858,0.7171558
1513.0,-4.465186,-7.335834,-4.2904096,0.20280726,-0.77946407,0.7122689
1523.0,-4.5896845,-7.1634517,-4.256891,0.25045475,-0.7806858,0.7110472
1533.0,-4.673482,-7.2113357,-4.309563,0.25289822,-0.77946407,0.72082096
1543.0,-4.819528,-7.00304,-4.2305546,0.21380283,-0.7806858,0.72082096
1555.0,-4.8362875,-6.8402343,-4.060566,0.16493362,-0.77946407,0.6963864
1563.0,-4.9703627,-6.8210807,-4.0438066,0.12461651,-0.7635816,0.68294734
1575.0,-5.1116204,-6.8929067,-3.9959226,0.07452556,-0.7611381,0.68661255
1599.0,-5.080496,-6.8569937,-3.9456444,0.036651913,-0.766025,0.66950834
1599.0,-5.097255,-6.921637,-3.833117,0.02687807,-0.7672467,0.643852
1611.0,-5.1259856,-6.849811,-3.7205894,0.047647487,-0.7635816,0.63163465
1614.0,-5.197812,-6.861782,-3.6224272,0.10262536,-0.75502944,0.6218608
1712.0,-5.2863975,-6.873753,-3.6176388,0.18570304,-0.752586,0.6096435
1712.0,-5.329493,-6.766014,-3.5410242,0.2846632,-0.752586,0.6010914
1712.0,-5.439626,-6.8450227,-3.5051112,0.37140608,-0.7452556,0.6059783
1712.0,-5.499481,-6.7109475,-3.5003228,0.41416663,-0.74036866,0.61208695
1712.0,-5.566519,-6.5720835,-3.3901896,0.40439278,-0.73548174,0.6010914
1712.0,-5.604826,-6.375759,-3.311181,0.3481932,-0.7244862,0.5888741
1712.0,-5.604826,-6.3542113,-3.1052797,0.26633725,-0.7147123,0.57543504
1713.0,-5.7628436,-6.315904,-3.0621839,0.18325958,-0.7012733,0.56199604
1713.0,-5.8634,-6.337452,-3.0358477,0.10751228,-0.6951646,0.5522222
1713.0,-5.9448028,-6.3063273,-2.9735985,0.042760566,-0.6951646,0.54367006
1729.0,-5.935226,-6.4739213,-2.9735985,0.002443461,-0.6963864,0.5338962
1735.0,-5.961562,-6.459556,-2.9975405,-0.009773844,-0.70005155,0.5204572
1986.0,-5.9902925,-6.495469,-2.96881,0.008552114,-0.6976081,0.50946164
1986.0,-6.129156,-6.5146227,-3.0334535,0.034208454,-0.69027776,0.5119051
1986.0,-6.2464724,-6.5146227,-2.9257145,0.06719518,-0.68783426,0.50701815
1986.0,-6.220136,-6.435614,-2.8874073,0.10629055,-0.6792821,0.5021312
1986.0,-6.3206925,-6.3685765,-2.7940333,0.119729586,-0.6731735,0.5119051
1986.0,-6.3470287,-6.303933,-2.7820623,0.10629055,-0.67073005,0.516792
1986.0,-6.375759,-6.2967505,-2.7868507,0.06719518,-0.6621779,0.5119051
1986.0,-6.3302693,-6.229713,-2.7365725,0.0012217305,-0.65118235,0.50946164
1986.0,-6.3685765,-6.184223,-2.815581,-0.06841691,-0.6389651,0.50335294
1986.0,-6.4547677,-6.325481,-2.7700913,-0.1282817,-0.63285637,0.49602258
1986.0,-6.4643445,-6.3087215,-2.6551697,-0.15271631,-0.63163465,0.4801401
1986.0,-6.646304,-6.26802,-2.719813,-0.13316862,-0.6230826,0.4801401
1986.0,-6.667852,-6.2752028,-2.6503813,-0.089186326,-0.625526,0.48747048
1986.0,-6.6989765,-6.1770406,-2.5378537,-0.02443461,-0.63529986,0.48502702
1986.0,-6.682217,-6.1243677,-2.4612393,0.05497787,-0.63285637,0.48747048
1986.0,-6.691794,-6.126762,-2.4588451,0.118507855,-0.61941737,0.50335294
1986.0,-6.7923503,-6.0118403,-2.3822308,0.14172074,-0.61086524,0.5131268
1986.0,-6.861782,-5.7963624,-2.3223755,0.12461651,-0.6072,0.5155703
1986.0,-6.8522053,-5.7724204,-2.1499932,0.08307768,-0.6010914,0.51923543
1986.0,-6.8929067,-5.755661,-2.1092918,0.036651913,-0.5876524,0.5131268
1987.0,-6.95755,-5.827487,-1.9297266,-0.0061086523,-0.5766568,0.5009095
1987.0,-7.038953,-5.853823,-2.0039468,-0.028099801,-0.5681047,0.48502702
1987.0,-7.1849995,-5.829881,-2.0111294,-0.028099801,-0.55955255,0.47647488
1987.0,-7.192182,-5.770026,-2.0039468,-0.018325957,-0.5546656,0.46914452
1987.0,-7.237672,-5.6670756,-1.9488802,0.0012217305,-0.5510005,0.46181414
2002.0,-7.177817,-5.590461,-1.8315643,0.013439035,-0.54367006,0.4654793
2061.0,-7.2448545,-5.544971,-1.8722657,0.008552114,-0.5363397,0.47036624
2062.0,-7.2687964,-5.6910176,-1.8315643,-0.02687807,-0.5290093,0.46914452
2062.0,-7.350199,-5.7029886,-1.6927006,-0.0720821,-0.52656585,0.4569272
2062.0,-7.3645644,-5.4420204,-1.5969325,-0.09162979,-0.51923543,0.44104472
2062.0,-7.40766,-5.434838,-1.6017209,-0.09162979,-0.51068336,0.4373795
2062.0,-7.4483614,-5.482722,-1.5394717,-0.080634214,-0.5143485,0.43249258
2063.0,-7.4483614,-5.4204726,-1.5921441,-0.05375614,-0.5180137,0.42149702
2075.0,-7.386112,-5.4324436,-1.5897499,-0.02076942,-0.5180137,0.41172317
2083.0,-7.398083,-5.365406,-1.5155296,0.019547688,-0.5143485,0.39461896
2095.0,-7.5106106,-5.291186,-1.3790601,0.061086524,-0.5045747,0.37507126
2104.0,-7.52737,-5.171476,-1.3814543,0.118507855,-0.49113566,0.35308012
2114.0,-7.6351094,-5.1666875,-1.4676456,0.18570304,-0.48258355,0.33841935
2124.0,-7.690176,-5.12838,-1.5442601,0.24801129,-0.48380527,0.33108896
2134.0,-7.6614456,-5.0757074,-1.6136919,0.30176744,-0.48624873,0.3286455
2144.0,-7.7069354,-5.1379566,-1.6304513,0.34208453,-0.49235737,0.32498032
2155.0,-7.704541,-5.044583,-1.5011644,0.3811799,-0.4886922,0.312763
2167.0,-7.7428484,-5.00867,-1.3311762,0.42271876,-0.48502702,0.30176744
2175.0,-7.821857,-4.912902,-1.2378023,0.45570546,-0.48624873,0.30665436
2184.0,-7.831434,-4.817134,-1.0893618,0.4642576,-0.49846604,0.31642818
2195.0,-7.821857,-4.9057193,-1.1994951,0.43493605,-0.5045747,0.33475417
2216.0,-7.9008656,-5.1259856,-1.2042835,0.3481932,-0.5021312,0.3555236
2216.0,-7.920019,-5.0421886,-1.1803415,0.21991149,-0.5021312,0.35430184
2224.0,-7.9152308,-4.912902,-1.1707647,0.08307768,-0.5045747,0.34697145
2234.0,-7.9726915,-4.84347,-1.1013328,-0.061086524,-0.5045747,0.35918877
2244.0,-8.020576,-4.915296,-1.0702082,-0.1881465,-0.5216789,0.36896262
2254.0,-8.018182,-4.975151,-1.043872,-0.25900686,-0.5338962,0.36285394
2264.0,-7.97748,-5.068525,-0.89543146,-0.27000242,-0.548557,0.3640757
2276.0,-8.030152,-5.0661306,-0.7541735,-0.23090707,-0.5571091,0.37018433
2284.0,-8.073248,-5.0876784,-0.6727707,-0.15515977,-0.5705481,0.37507126
2294.0,-8.12592,-4.9679685,-0.5770026,-0.08552113,-0.5839872,0.37873647
2304.0,-8.12592,-4.8578353,-0.581791,-0.047647487,-0.5925393,0.38362336
2314.0,-8.080431,-4.7141833,-0.50278234,-0.05497787,-0.6010914,0.37995818
2324.0,-7.965509,-4.6016555,-0.4141969,-0.07696902,-0.61086524,0.36285394
2335.0,-7.9631147,-4.5178585,-0.37588966,-0.16493362,-0.5876524,0.32742378
2344.0,-8.008605,-4.4580035,-0.36870706,-0.21502456,-0.57787853,0.31031954
2354.0,-8.104373,-4.1659107,-0.19632454,-0.27122417,-0.5681047,0.2919936
2364.0,-8.078036,-4.144363,-0.25857377,-0.32375857,-0.56321776,0.27977628
2375.0,-7.967903,-4.1419687,-0.2657564,-0.3921755,-0.5522222,0.27122417
2384.0,-7.9631147,-3.9983168,-0.07182605,-0.45204028,-0.5363397,0.24801129
2395.0,-7.967903,-3.98874,-0.16998832,-0.49113566,-0.5180137,0.22479841
2404.0,-7.9583263,-4.084508,-0.093373865,-0.535118,-0.50946164,0.20891592
2415.0,-8.010999,-4.048595,-0.016759412,-0.5510005,-0.5021312,0.18325958
2424.0,-7.991845,-4.209007,0.062249243,-0.54000485,-0.48624873,0.15882497
2434.0,-7.9870567,-4.156334,0.17717093,-0.51923543,-0.45448375,0.14172074
2444.0,-7.9750857,-4.1515455,0.18914193,-0.48747048,-0.4373795,0.12950343
2456.0,-8.018182,-4.0438066,0.095768064,-0.46303585,-0.41783184,0.12461651
2464.0,-8.128315,-4.220978,0.11252748,-0.45937067,-0.39584067,0.1160644
2475.0,-8.219295,-4.268862,0.1412579,-0.45081854,-0.37751472,0.09407325
2484.0,-8.259995,-4.3526587,0.11492168,-0.41905355,-0.35185838,0.073303826
2494.0,-8.305486,-4.474763,0.1412579,-0.3921755,-0.32253686,0.0720821
