24.0,2.5378537,-2.9281087,8.973468,0.0061086523,-0.014660766,-0.0012217305
52.0,2.3894134,-2.6431987,8.935161,0.16126843,0.13316862,-0.09040806
52.0,2.5953147,-2.7605145,8.846576,0.012217305,-0.27122417,-0.31031954
76.0,2.705448,-2.896984,8.822633,-0.18936823,-0.49113566,-0.31031954
76.0,2.695871,-2.8778305,8.829816,-0.16737708,0.22113322,0.04642576
76.0,2.681506,-2.942474,8.846576,-0.2761111,0.16982053,0.040317107
84.0,2.6599581,-2.8419175,8.839393,-0.37507126,-0.06719518,-0.028099801
93.0,2.7222073,-2.8778305,8.820239,-0.4202753,-0.25534168,-0.08552113
104.0,2.8299465,-3.071761,8.815451,-0.46670106,-0.26145032,-0.0842994
113.0,2.8802247,-3.241749,8.908825,-0.50823987,-0.25900686,-0.089186326
125.0,2.9640217,-3.4955344,8.971074,-0.5119051,-0.25045475,-0.095294975
133.0,2.944868,-3.550601,8.9758625,-0.47403142,-0.23945917,-0.095294975
143.0,2.9496565,-3.5410242,8.930372,-0.4129449,-0.23457226,-0.09407325
153.0,2.908955,-3.4883518,8.901642,-0.35308012,-0.22724187,-0.09040806
165.0,2.882619,-3.560178,8.860941,-0.30909783,-0.22357668,-0.089186326
174.0,2.8754363,-3.4931402,9.006987,-0.28710666,-0.21868975,-0.08552113
187.0,2.870648,-3.5529952,9.066842,-0.2773328,-0.21380283,-0.080634214
194.0,2.9233203,-3.5793316,9.112331,-0.25900686,-0.20525073,-0.073303826
204.0,2.882619,-3.5051112,9.119514,-0.23823744,-0.19792034,-0.06719518
214.0,2.8419175,-3.4117374,9.02614,-0.2284636,-0.1881465,-0.062308256
225.0,2.813187,-3.3734303,9.004593,-0.24556783,-0.17959438,-0.05375614
235.0,2.813187,-3.371036,8.947132,-0.28955013,-0.172264,-0.039095376
245.0,2.8562827,-3.5075054,8.954314,-0.33964106,-0.16615535,-0.02687807
255.0,2.8275523,-3.4811692,8.966286,-0.3811799,-0.15760323,-0.02076942
265.0,2.837129,-3.3423057,8.848969,-0.42394048,-0.14905111,-0.019547688
274.0,2.8514943,-3.0933087,8.7532015,-0.5155703,-0.14294247,-0.015882496
285.0,2.9113493,-3.13401,8.643068,-0.6780604,-0.13316862,-0.007330383
294.0,2.8323407,-3.301604,8.564059,-0.8894198,-0.1160644,-0.002443461
306.0,2.8634653,-3.3159695,8.568848,-1.1252137,-0.10140363,-0.010995574
314.0,2.8634653,-3.3279405,8.528147,-1.3854424,-0.09162979,-0.02321288
325.0,2.8491,-3.4165258,8.358158,-1.6933185,-0.0842994,-0.028099801
334.0,2.861071,-3.5793316,8.204929,-2.0378466,-0.06963864,-0.028099801
345.0,2.89459,-4.027047,8.010999,-2.3848178,-0.057421334,-0.030543262
354.0,2.80361,-4.333505,7.8266454,-2.6975808,-0.047647487,-0.035430185
366.0,2.7940333,-4.582502,7.5561004,-2.978579,-0.042760566,-0.036651913
375.0,2.7006595,-4.960786,7.345411,-3.2400293,-0.043982297,-0.040317107
386.0,2.6767175,-5.2049947,7.16824,-3.4623842,-0.04642576,-0.05375614
395.0,2.6240451,-5.659893,6.919243,-3.6285396,-0.05375614,-0.0720821
406.0,2.717419,-6.167464,6.8067155,-3.748269,-0.056199603,-0.095294975
415.0,2.6982653,-6.4164605,6.6486983,-3.8411207,-0.061086524,-0.12583824
426.0,2.8203697,-6.694188,6.50744,-3.893655,-0.05375614,-0.14049901
435.0,2.896984,-7.1131735,6.303933,-3.885103,-0.037873644,-0.13439035
445.0,2.9999347,-7.726089,6.241684,-3.771482,-0.028099801,-0.12095132
455.0,3.1651347,-8.295909,6.114791,-3.5601227,-0.008552114,-0.10751228
467.0,3.1842883,-8.439561,5.985504,-3.3023374,0.012217305,-0.09285152
475.0,3.2106245,-8.537724,5.707777,-3.0494392,0.03176499,-0.058643065
487.0,3.265691,-8.611943,5.3582234,-2.8588493,0.04520403,-0.010995574
495.0,3.217807,-8.688558,4.9583917,-2.764776,0.05375614,0.034208454
506.0,3.2800562,-8.884883,4.6160207,-2.7281241,0.05131268,0.064751714
515.0,3.3087866,-9.097966,4.3358994,-2.6902506,0.042760566,0.081855945
526.0,3.107674,-9.385271,4.220978,-2.5986207,0.04520403,0.1001819
535.0,3.0502129,-9.531317,4.072537,-2.4410176,0.036651913,0.12461651
547.0,3.0119057,-9.31105,3.8379054,-2.2687535,0.02565634,0.15393804
555.0,3.0430303,-9.330204,3.679888,-2.1551325,0.019547688,0.1881465
566.0,2.9879637,-9.344569,3.514688,-2.1050417,0.008552114,0.20280726
575.0,3.052607,-9.564836,3.3375173,-2.0952678,-0.0012217305,0.20891592
585.0,3.052607,-9.773131,3.193865,-2.1001546,-0.009773844,0.23823744
596.0,3.1124623,-9.9550905,3.0621839,-2.0818288,-0.02076942,0.2773328
607.0,3.0310593,-10.146626,2.944868,-2.025629,-0.018325957,0.31642818
616.0,3.040636,-10.445902,2.8898015,-1.9120082,-0.008552114,0.3652974
626.0,2.9879637,-10.460267,2.7102363,-1.7702875,0.004886922,0.42394048
636.0,2.8898015,-10.517728,2.5905263,-1.6444492,0.02565634,0.50823987
646.0,2.825158,-10.752359,2.44448,-1.5381587,0.04642576,0.5864306
656.0,2.7700913,-10.747571,2.1643584,-1.4697418,0.06352998,0.64751714
668.0,2.6910827,-10.888829,1.9081788,-1.4563028,0.080634214,0.71959925
676.0,2.6240451,-10.903194,1.7190368,-1.500285,0.081855945,0.8026769
686.0,2.5187001,-10.8624935,1.6041151,-1.5674802,0.07696902,0.88697636
696.0,2.2768857,-10.931925,1.5394717,-1.6212363,0.07819075,0.96761054
706.0,2.0733786,-11.034876,1.4891934,-1.6530013,0.07574729,1.0421361
716.0,1.9177556,-11.310209,1.460463,-1.6346754,0.07452556,1.1117748
727.0,1.7932571,-11.463438,1.3263878,-1.5381587,0.073303826,1.1814134
736.0,1.6998832,-11.57836,1.3503298,-1.359786,0.073303826,1.2486086
746.0,1.5849615,-11.461043,1.2186487,-1.1386528,0.081855945,1.3219124
756.0,1.4939818,-11.145009,1.0941502,-0.91507614,0.09773844,1.3939945
767.0,1.3503298,-10.819398,0.8451532,-0.6010914,0.119729586,1.5149459
776.0,1.1899183,-10.465055,0.7062895,-0.6010914,0.119729586,1.5149459
787.0,1.0630256,-10.134656,0.6344634,-0.5644395,0.11728613,1.5613716
796.0,0.80445176,-9.938332,0.46686932,-0.60231316,0.11484267,1.5992452
806.0,0.6631939,-9.945514,0.17238252,-0.7831292,0.07696902,1.6249015
816.0,0.24660277,-9.967062,0.20350714,-0.8222246,0.05375614,1.6102408
826.0,0.10055647,-10.108319,0.24420857,-0.7672467,0.029321533,1.5894713
836.0,0.06703765,-10.0341,0.22266077,-0.6365216,0.007330383,1.5796975
847.0,0.047884032,-9.983821,0.31603462,-0.4569272,-0.009773844,1.5809193
856.0,0.016759412,-9.696517,0.30406362,-0.28588495,-0.02076942,1.5894713
867.0,-0.04309563,-9.378088,0.32800564,-0.15515977,-0.029321533,1.5882497
876.0,-0.18914193,-9.078813,0.11731588,-0.0842994,-0.028099801,1.5760323
886.0,-0.36870706,-8.995016,0.031124622,-0.089186326,-0.02687807,1.5674802
896.0,-0.4261679,-9.088389,-0.1316811,-0.15882497,-0.047647487,1.5479325
907.0,-0.5410896,-9.25359,-0.21787235,-0.2443461,-0.059864793,1.5173893
915.0,-0.59615624,-9.323022,-0.2705448,-0.28955013,-0.06719518,1.4905112
926.0,-0.6919243,-9.370906,-0.28491,-0.267559,-0.07452556,1.4660766
936.0,-0.5434838,-9.445126,-0.25617957,-0.18936823,-0.07941248,1.4453071
945.0,-0.7206547,-9.461885,-0.11492168,-0.0842994,-0.07086037,1.4330899
956.0,-0.8810662,-9.43076,-0.11971009,0.029321533,-0.057421334,1.4208726
968.0,-0.9648633,-9.270349,-0.02633622,0.12461651,-0.034208454,1.4025466
976.0,-1.163582,-9.0476885,-0.11492168,0.18448131,-0.013439035,1.378112
985.0,-1.3120226,-8.892065,-0.10055647,0.204029,0.004886922,1.3548992
996.0,-1.4053963,-8.963891,-0.20829555,0.1881465,0.02443461,1.3329079
1006.0,-1.496376,-9.078813,-0.25617957,0.12950343,0.037873644,1.3121386
1017.0,-1.5131354,-9.109938,-0.32800564,0.042760566,0.04642576,1.2950343
1028.0,-1.6089035,-9.035717,-0.3184288,-0.04153884,0.04520403,1.282817
1036.0,-1.7812861,-8.966286,-0.40222588,-0.10262536,0.04886922,1.269378
1046.0,-2.078167,-8.961497,-0.34237084,-0.14660765,0.05009095,1.2534955
1058.0,-2.1404164,-9.074024,-0.30166942,-0.18936823,0.042760566,1.2388347
1066.0,-2.2984335,-9.13388,-0.2825158,-0.21013765,0.029321533,1.2168436
1080.0,-2.3104045,-9.248801,-0.24660277,-0.17348573,0.015882496,1.1960741
1086.0,-2.4301147,-9.332599,-0.2777274,-0.087964594,0.007330383,1.1863003
1094.0,-2.4636335,-9.272743,-0.28491,0.009773844,0.002443461,1.1863003
1105.0,-2.6599581,-8.9758625,-0.2896984,0.06841691,-0.0061086523,1.1924089
1115.0,-2.717419,-8.822633,-0.37588966,0.06352998,-0.017104227,1.1985176
1125.0,-2.8562827,-8.731653,-0.44771573,-0.002443461,-0.02443461,1.1924089
1135.0,-3.0765493,-8.848969,-0.581791,-0.10262536,-0.030543262,1.1753048
1146.0,-3.0550013,-8.916007,-0.5267244,-0.21135938,-0.05131268,1.1728612
1155.0,-3.1603463,-8.884883,-0.4237737,-0.2968805,-0.081855945,1.1753048
1166.0,-3.3183637,-8.935161,-0.23942018,-0.31764993,-0.10262536,1.1630874
1175.0,-3.572149,-9.066842,-0.260968,-0.25411993,-0.10995574,1.1472049
1185.0,-3.7732618,-9.01417,-0.2825158,-0.12461651,-0.11484267,1.1435398
1195.0,-3.8546648,-8.844181,-0.2873042,0.032986723,-0.12339478,1.1569787
1206.0,-3.8666358,-8.6095495,-0.3854665,0.1600467,-0.13439035,1.1704178
1214.0,-3.9743748,-8.334216,-0.44532153,0.21013765,-0.14538592,1.1801916
1225.0,-4.096479,-8.202535,-0.4357447,0.17715092,-0.15515977,1.1753048
1251.0,-4.213795,-8.149862,-0.29688102,0.10262536,-0.1685988,1.1594223
1251.0,-4.283227,-8.109161,-0.19153613,0.017104227,-0.17959438,1.1410962
1256.0,-4.4675803,-8.030152,-0.22026655,-0.04153884,-0.19181168,1.1264355
1478.0,-4.534618,-8.109161,-0.24660277,-0.06352998,-0.19425514,1.1166617
1486.0,-4.6112323,-8.180987,-0.2753332,-0.057421334,-0.19792034,1.1068878
1489.0,-4.7620673,-8.109161,-0.19632454,-0.02565634,-0.19792034,1.0946705
1489.0,-4.8362875,-8.020576,-0.18435353,0.015882496,-0.20280726,1.0848967
1489.0,-4.8985367,-7.8865004,-0.08379706,0.06841691,-0.20525073,1.0800097
1489.0,-4.9679685,-7.8865004,-0.09816227,0.11362094,-0.21135938,1.0726794
1489.0,-5.1523223,-7.7931266,-0.19153613,0.14172074,-0.21502456,1.0604621
1489.0,-5.1930237,-7.632715,-0.3184288,0.1441642,-0.21991149,1.0543534
1489.0,-5.29358,-7.565677,-0.22026655,0.1282817,-0.22479841,1.0531317
1489.0,-5.3199162,-7.491457,-0.1604115,0.09040806,-0.2284636,1.047023
1489.0,-5.463568,-7.515399,-0.009576807,0.04642576,-0.22479841,1.0250319
1489.0,-5.5018754,-7.524976,-0.079008654,0.021991149,-0.22479841,1.0054842
1489.0,-5.580884,-7.5968018,0.016759412,0.004886922,-0.22724187,1.001819
1489.0,-5.595249,-7.4268136,0.06464344,-0.004886922,-0.23579398,1.0030408
1489.0,-5.710171,-7.433996,0.055066638,0.008552114,-0.23823744,0.9981538
1489.0,-5.9280434,-7.309498,0.055066638,0.02076942,-0.23823744,0.9932669
1489.0,-6.045359,-7.3310456,0.019153614,0.02565634,-0.24556783,0.98349303
1489.0,-5.9926867,-7.285556,0.11492168,0.02321288,-0.25534168,0.9798279
1489.0,-6.1076083,-7.129933,0.17238252,0.007330383,-0.27122417,0.9786061
1489.0,-6.1770406,-7.1083846,0.11971009,-0.008552114,-0.27855456,0.9761627
1489.0,-6.2129536,-6.9743094,0.20350714,-0.030543262,-0.28221974,0.97249746
1489.0,-6.2249246,-6.88333,0.2633622,-0.062308256,-0.29565877,0.9651671
1489.0,-6.289568,-7.0461354,0.08140286,-0.089186326,-0.30543262,0.956615
1512.0,-6.315904,-7.16824,0.12210429,-0.111177474,-0.31887165,0.95294976
1512.0,-6.3781533,-6.921637,0.22984336,-0.13316862,-0.3323107,0.95294976
1541.0,-6.4667387,-6.871359,0.2705448,-0.11484267,-0.33964106,0.95294976
1541.0,-6.591237,-6.7708025,0.24899697,-0.06841691,-0.3323107,0.95417154
1541.0,-6.579266,-6.6870055,0.32321724,-0.03176499,-0.3323107,0.9627236
1588.0,-6.600814,-6.6510925,0.2777274,-0.014660766,-0.34330627,0.9663888
1588.0,-6.5625067,-6.7324953,0.21308395,-0.013439035,-0.34697145,0.96883225
1589.0,-6.682217,-6.6391215,0.31124622,-0.035430185,-0.34208453,0.9737192
1589.0,-6.7205243,-6.471527,0.31124622,-0.06841691,-0.34697145,0.9737192
1589.0,-6.861782,-6.3805475,0.29927522,-0.08307768,-0.35308012,0.97249746
1598.0,-6.9743094,-6.2632318,0.37828386,-0.09040806,-0.3555236,0.97494096
1607.0,-7.0581064,-6.2512608,0.32321724,-0.080634214,-0.3555236,0.9737192
1648.0,-7.156269,-6.2105594,0.39025488,-0.04642576,-0.3555236,0.97127575
1648.0,-7.0844426,-6.126762,0.45489833,-0.012217305,-0.3652974,0.97249746
1648.0,-7.180211,-5.9519854,0.48602295,0.02565634,-0.37140608,0.97005403
1648.0,-7.252037,-5.923255,0.4237737,0.07452556,-0.36774087,0.9663888
1656.0,-7.237672,-5.674258,0.44771573,0.111177474,-0.36651915,0.9663888
1666.0,-7.290344,-5.48751,0.545878,0.096516706,-0.3726278,0.97005403
1675.0,-7.338228,-5.439626,0.60094464,0.07941248,-0.3640757,0.95417154
1687.0,-7.4842744,-5.449203,0.6368576,0.081855945,-0.35796702,0.9370673
1695.0,-7.603985,-5.391742,0.62488663,0.10629055,-0.344528,0.93462384
1705.0,-7.603985,-5.317522,0.56982,0.13072516,-0.3359759,0.9443977
1715.0,-7.536947,-5.0781016,0.6823475,0.14049901,-0.34574974,0.95172805
1728.0,-7.515399,-4.9583917,0.81163436,0.1441642,-0.3481932,0.9419542
1736.0,-7.501034,-4.924873,0.8762778,0.16493362,-0.35063666,0.9224065
1747.0,-7.5584946,-4.9440265,0.93613285,0.18203785,-0.3481932,0.9126327
1755.0,-7.565677,-4.8578353,0.9816227,0.1881465,-0.3481932,0.90285885
1770.0,-7.6231384,-4.548983,0.92176765,0.17470746,-0.344528,0.8918633
1776.0,-7.848193,-4.280833,1.043872,0.15149458,-0.3359759,0.8784242
1786.0,-7.843405,-4.271256,1.0319009,0.12095132,-0.33108896,0.86009824
1796.0,-7.941567,-4.1826706,1.0654198,0.073303826,-0.32620203,0.83199847
1807.0,-8.00621,-4.2066126,1.1252748,0.040317107,-0.3200934,0.79779
1817.0,-8.025364,-4.1683054,1.2425907,0.040317107,-0.31642818,0.7648033
1897.0,-8.056489,-4.1299977,1.2665327,0.059864793,-0.31642818,0.7489208
1897.0,-8.056489,-4.201824,1.1875241,0.08674286,-0.31520647,0.7330383
1897.0,-8.082825,-4.003105,1.2761095,0.105068825,-0.31031954,0.7086037
1897.0,-8.14268,-3.9312792,1.2856863,0.096516706,-0.3042109,0.69027776
1897.0,-8.238448,-3.9480386,1.2785037,0.07452556,-0.29932398,0.6731735
1897.0,-8.276755,-3.7828386,1.4676456,0.042760566,-0.29443705,0.64751714
1897.0,-8.159439,-3.7972038,1.5682021,0.02687807,-0.29565877,0.61941737
1897.0,-8.128315,-3.7852328,1.6280571,0.04886922,-0.28344148,0.5864306
1908.0,-8.133103,-3.7110126,1.6232687,0.1001819,-0.2724459,0.5546656
1923.0,-8.101978,-3.6343982,1.673547,0.1563815,-0.26633725,0.5314528
1928.0,-8.257602,-3.5362358,1.7118542,0.1881465,-0.2565634,0.5155703
1936.0,-8.391677,-3.4644098,1.6519991,0.17104226,-0.2443461,0.48991394
1946.0,-8.47308,-3.4644098,1.697489,0.1441642,-0.23701571,0.453262
1956.0,-8.48984,-3.4093432,1.7070658,0.1282817,-0.2321288,0.41783184
1967.0,-8.525752,-3.4763808,1.7118542,0.10751228,-0.22357668,0.3933972
1976.0,-8.3821,-3.4931402,1.7501614,0.09162979,-0.2125811,0.3726278
1988.0,-8.4108305,-3.4141316,1.8267759,0.07086037,-0.204029,0.3555236
1997.0,-8.497022,-3.5075054,1.8291701,0.04886922,-0.1966986,0.33964106
2006.0,-8.573636,-3.5314474,1.7788919,0.042760566,-0.18203785,0.3213151
2017.0,-8.552089,-3.6296098,1.7238252,0.039095376,-0.17348573,0.30909783
2027.0,-8.588001,-3.6032736,1.8004397,0.04886922,-0.17348573,0.30298916
2038.0,-8.571242,-3.5362358,1.7262194,0.07452556,-0.17959438,0.2968805
2047.0,-8.568848,-3.4763808,1.8148049,0.111177474,-0.17959438,0.2919936
2058.0,-8.599973,-3.3039982,1.7741034,0.12950343,-0.18325958,0.29077184
2072.0,-8.604761,-3.2824504,1.7980455,0.12339478,-0.18692477,0.29077184
2076.0,-8.537724,-3.371036,1.8291701,0.10262536,-0.18081611,0.28099802
2086.0,-8.631097,-3.4141316,1.8411411,0.062308256,-0.17348573,0.26267207
2096.0,-8.731653,-3.3806129,1.7669208,0.02443461,-0.17470746,0.2602286
2107.0,-8.7125,-3.2968156,1.8315643,-0.009773844,-0.16615535,0.267559
2116.0,-8.746018,-3.3279405,1.8650831,-0.04886922,-0.16249016,0.267559
2126.0,-8.719683,-3.5218706,1.8698715,-0.081855945,-0.1600467,0.2602286
2137.0,-8.717288,-3.4691982,1.9273324,-0.10751228,-0.1600467,0.25411993
2148.0,-8.626308,-3.383007,1.8962077,-0.111177474,-0.16371189,0.2602286
2158.0,-8.734048,-3.2968156,1.9297266,-0.080634214,-0.16249016,0.2687807
2170.0,-8.659827,-3.289633,1.8698715,-0.039095376,-0.1600467,0.27000242
2178.0,-8.746018,-3.2082303,1.9177556,-0.004886922,-0.15882497,0.2687807
2214.0,-8.765172,-3.1890767,1.9536686,0.010995574,-0.15882497,0.27488935
2214.0,-8.796297,-3.0454245,2.0470424,0.009773844,-0.15882497,0.27855456
2214.0,-8.722076,-2.9783869,2.0326772,-0.0012217305,-0.15882497,0.27855456
2219.0,-8.774749,-2.8682537,2.0207062,-0.02565634,-0.15760323,0.2761111
2230.0,-8.700529,-2.9161377,2.006341,-0.062308256,-0.16249016,0.26633725
2242.0,-8.724471,-2.8514943,2.066196,-0.10873401,-0.15760323,0.24801129
2247.0,-8.702923,-2.7222073,2.0278888,-0.14905111,-0.15760323,0.23090707
2257.0,-8.719683,-2.743755,2.030283,-0.16371189,-0.15393804,0.21868975
2267.0,-8.781932,-2.6982653,2.078167,-0.16737708,-0.15271631,0.20280726
2279.0,-8.743625,-2.6647465,2.0470424,-0.19181168,-0.14905111,0.18448131
2291.0,-8.7771435,-2.695871,2.0901382,-0.22113322,-0.15271631,0.17104226
2298.0,-8.765172,-2.789245,2.0518308,-0.25289822,-0.14782938,0.1563815
2309.0,-8.750807,-2.861071,2.0350714,-0.27488935,-0.14905111,0.14049901
2318.0,-8.75799,-2.8491,2.0805612,-0.28955013,-0.13927728,0.13072516
2329.0,-8.803479,-2.882619,2.066196,-0.2883284,-0.13683382,0.1282817
2340.0,-8.827422,-3.1172507,2.0398598,-0.26511553,-0.12339478,0.13194689
2350.0,-8.863335,-3.1866825,2.006341,-0.24923302,-0.11728613,0.13194689
2360.0,-8.798691,-3.1244333,2.030283,-0.2602286,-0.12461651,0.13927728
2371.0,-8.851364,-3.0119057,2.0111294,-0.26389378,-0.13194689,0.15515977
2381.0,-8.805874,-3.0142999,2.054225,-0.2406809,-0.13561209,0.16126843
2391.0,-8.820239,-2.873042,2.0039468,-0.21991149,-0.15149458,0.15882497
2402.0,-8.827422,-2.9783869,1.9440918,-0.21380283,-0.14538592,0.1600467
2412.0,-8.834604,-2.918532,1.9776106,-0.20891592,-0.15027285,0.16371189
2422.0,-8.760384,-2.9855695,2.0446482,-0.2003638,-0.15149458,0.16371189
2432.0,-8.825027,-3.040636,2.0566192,-0.1881465,-0.15271631,0.16126843
2442.0,-8.822633,-3.0071173,2.1140802,-0.16371189,-0.14905111,0.15760323
2450.0,-8.784326,-2.846706,2.2242134,-0.13561209,-0.13927728,0.15515977
2462.0,-8.734048,-2.6647465,2.1883004,-0.112399206,-0.13805555,0.15271631
2473.0,-8.724471,-2.6024973,2.231396,-0.059864793,-0.13072516,0.11728613
2481.0,-8.710106,-2.731784,2.3463178,-0.059864793,-0.13072516,0.11728613
2492.0,-8.65025,-2.7126305,2.4109612,-0.04886922,-0.12583824,0.09773844
2501.0,-8.693346,-2.6599581,2.4277205,-0.032986723,-0.12461651,0.087964594
2513.0,-8.676587,-2.315193,2.566584,0.042760566,-0.103847094,0.06841691
