46.0,1.9752164,-0.047884032,9.361329,-0.0036651916,-0.096516706,0.1563815
46.0,2.1547816,-0.11492168,9.294291,0.15393804,0.10629055,-0.07941248
51.0,2.3247697,-0.17477672,9.157822,-0.10873401,-0.25045475,-0.2565634
65.0,2.2864625,-0.40462008,9.035717,-0.50823987,-0.3555236,-0.4007276
73.0,2.2146366,-0.7374141,8.959103,-0.86132,0.49235737,-0.15760323
80.0,2.1068976,-0.9744401,8.882488,-1.3939945,0.59131753,-0.30543262
91.0,2.0590134,-1.2138603,8.980651,-1.8497,0.48380527,-0.5119051
101.0,1.958457,-1.2904748,8.89446,-2.008525,0.34574974,-0.63163465
111.0,1.946486,-1.3096284,8.655039,-2.0879374,0.344528,-0.6768387
122.0,1.982399,-1.2473791,8.532935,-2.207667,0.34208453,-0.7330383
132.0,1.9728222,-1.1779473,8.255207,-2.420248,0.3481932,-0.79045963
142.0,1.9416976,-1.352724,8.078036,-2.7366762,0.37140608,-0.8393288
152.0,1.9488802,-1.6998832,7.9224133,-3.1166344,0.4129449,-0.87598073
161.0,1.9393034,-2.1930888,7.704541,-3.517362,0.4642576,-0.906524
174.0,1.8315643,-2.731784,7.656657,-3.8973203,0.5204572,-0.9224065
180.0,1.8100165,-3.4452562,7.702147,-4.234518,0.5705481,-0.91629785
193.0,1.8411411,-4.256891,7.656657,-4.5045204,0.6084218,-0.893085
201.0,1.8531121,-4.9464207,7.589619,-4.713436,0.6377433,-0.86620694
212.0,1.8579005,-5.4659624,7.5201874,-4.8991394,0.66828656,-0.8356637
222.0,1.6831238,-5.8801594,7.1155677,-5.090951,0.7122689,-0.7965683
232.0,1.6807296,-6.325481,6.6271505,-5.2705455,0.7489208,-0.75502944
241.0,1.5682021,-6.9360023,6.145916,-5.4379225,0.7733554,-0.7171558
254.0,1.6304513,-7.431602,5.628768,-5.621182,0.79412484,-0.6951646
262.0,1.7142484,-7.807492,5.171476,-5.7983327,0.8185594,-0.657291
272.0,1.6639702,-8.231265,4.7644615,-5.9400535,0.8393288,-0.58032197
282.0,1.6783354,-8.767567,4.3263226,-6.0365705,0.86376345,-0.4886922
292.0,1.4867992,-9.200917,4.0222588,-6.09277,0.88453287,-0.4166101
301.0,1.4173675,-9.746795,3.739743,-6.0988784,0.8979719,-0.36774087
313.0,1.3359646,-10.0508585,3.5482068,-6.032905,0.8943067,-0.31398472
321.0,1.4508862,-10.218452,3.1627405,-5.87408,0.88208944,-0.24312437
332.0,1.496376,-10.163386,2.789245,-5.646838,0.88086766,-0.16737708
341.0,1.4628572,-10.189722,2.243367,-5.4012704,0.8894198,-0.10140363
353.0,1.472434,-10.18254,1.6424223,-4.968778,0.8686504,-0.013439035
361.0,1.3000516,-10.280702,1.0031705,-4.968778,0.8686504,-0.013439035
373.0,1.3192052,-10.251971,0.4213795,-4.8417177,0.86009824,0.030543262
382.0,1.340753,-10.283096,0.05267244,-4.7696357,0.8417723,0.064751714
392.0,1.3838485,-10.206482,-0.1604115,-4.719545,0.8185594,0.08674286
402.0,1.4676456,-10.168175,-0.40462008,-4.641354,0.784351,0.09896017
412.0,1.4915876,-10.206482,-0.61530983,-4.505742,0.75136423,0.10262536
422.0,1.520318,-10.0341,-0.79966336,-4.3346996,0.7244862,0.10995574
433.0,1.553837,-10.072407,-1.4891934,-4.015828,0.6597345,0.15515977
442.0,1.6136919,-10.093954,-1.9369092,-3.8924334,0.6426302,0.17715092
453.0,1.5155296,-10.048465,-2.3391352,-3.7727036,0.6218608,0.18448131
462.0,1.3718776,-10.067618,-2.7724855,-3.627318,0.59498274,0.18203785
472.0,1.2449849,-9.868899,-2.9831753,-3.4416149,0.5693264,0.18325958
482.0,1.1731589,-9.569624,-3.1986535,-3.2021556,0.535118,0.17959438
493.0,1.2808979,-9.334992,-3.5625722,-2.9553661,0.5009095,0.17470746
502.0,1.3862427,-9.210494,-3.7205894,-2.7635543,0.45814893,0.17959438
512.0,1.5298948,-9.124303,-3.9121256,-2.6254988,0.41050145,0.17348573
522.0,1.6280571,-9.057265,-3.9600096,-2.5350907,0.39095375,0.16371189
532.0,1.6352397,-9.157822,-4.177882,-2.4801128,0.36896262,0.15149458
545.0,1.6136919,-9.380483,-4.5992613,-2.4275784,0.3555236,0.15027285
557.0,1.5849615,-9.442732,-4.9583917,-2.3628268,0.3371976,0.16371189
565.0,1.5227122,-9.540894,-5.3199162,-2.2516494,0.30176744,0.17104226
576.0,1.4413095,-9.634268,-5.604826,-2.0830505,0.26511553,0.17470746
585.0,1.3215994,-9.605537,-5.959168,-1.8777997,0.23090707,0.18936823
595.0,1.4221559,-9.526528,-6.0860605,-1.65911,0.1881465,0.22602014
605.0,1.5107412,-9.337387,-6.105214,-1.4587462,0.12705997,0.27488935
617.0,1.5682021,-9.241618,-6.1985884,-1.2754866,0.06352998,0.3115413
625.0,1.6160861,-9.435549,-6.2943563,-1.1166617,0.009773844,0.34330627
634.0,1.472434,-9.516952,-6.3302693,-0.9761627,-0.04886922,0.37751472
646.0,1.3192052,-9.588778,-6.4499793,-0.79168135,-0.10873401,0.40561453
657.0,1.1324574,-9.461885,-6.615179,-0.56688297,-0.16615535,0.44348818
665.0,0.9696517,-9.299079,-6.7085533,-0.34574974,-0.22113322,0.49480084
676.0,0.79966336,-9.109938,-6.8522053,-0.16249016,-0.2773328,0.54000485
685.0,0.7661445,-8.911219,-6.8426285,-0.04153884,-0.33353242,0.5766568
696.0,0.7278373,-8.779537,-6.766014,0.0,-0.38362336,0.61086524
706.0,0.7015011,-8.825027,-6.787562,-0.032986723,-0.42638394,0.6426302
715.0,0.5770026,-8.817844,-6.667852,-0.10140363,-0.45570546,0.66706485
725.0,0.47165772,-8.623915,-6.603208,-0.16982053,-0.48502702,0.6914995
737.0,0.320823,-8.760384,-6.5385647,-0.21013765,-0.5155703,0.71837753
746.0,0.18195933,-8.932767,-6.435614,-0.2125811,-0.54733527,0.74036866
756.0,0.076614454,-8.916007,-6.325481,-0.1600467,-0.5693264,0.7696902
765.0,-0.011971008,-8.762778,-6.349423,-0.061086524,-0.59864795,0.80878556
776.0,0.035913024,-8.53054,-6.2345014,0.040317107,-0.6218608,0.85154617
786.0,-0.009576807,-8.456321,-6.277597,0.12095132,-0.65118235,0.8857546
796.0,-0.20111294,-8.401254,-6.3230867,0.17959438,-0.6585127,0.90285885
806.0,-0.16759412,-8.176199,-6.2129536,0.1966986,-0.6597345,0.9224065
815.0,-0.15801731,-7.9343843,-6.0357823,0.16493362,-0.675617,0.9468411
826.0,-0.29688102,-7.788338,-6.157887,0.087964594,-0.66339964,0.9578367
836.0,-0.44532153,-7.752425,-6.2823853,-0.02443461,-0.65118235,0.9578367
843.0,-0.56982,-7.881712,-6.2871737,-0.15760323,-0.64996064,0.95294976
856.0,-0.6536171,-8.087613,-6.363788,-0.2565634,-0.657291,0.9456194
863.0,-0.7541735,-8.209718,-6.423643,-0.2761111,-0.65118235,0.9431759
874.0,-0.7685388,-8.2169,-6.325481,-0.21624629,-0.675617,0.9578367
883.0,-0.6512229,-8.135497,-6.145916,-0.1160644,-0.70005155,0.98837996
894.0,-0.6919243,-7.9942393,-6.1195793,-0.009773844,-0.71959925,1.0201449
907.0,-0.7757214,-7.8793178,-6.0860605,0.06719518,-0.7257079,1.0445796
914.0,-0.9864111,-7.7213006,-6.033388,0.1001819,-0.7305948,1.0592403
922.0,-1.1947067,-7.7691846,-6.1507044,0.119729586,-0.7305948,1.0629056
934.0,-1.3790601,-7.639898,-6.1387334,0.12950343,-0.7330383,1.0690142
943.0,-1.460463,-7.57286,-6.143522,0.12217305,-0.7452556,1.073901
954.0,-1.721431,-7.517793,-6.1243677,0.112399206,-0.7672467,1.0690142
963.0,-1.8195933,-7.4986396,-6.1004257,0.095294975,-0.77457714,1.0531317
974.0,-1.8938135,-7.493851,-6.0166287,0.08674286,-0.7965683,1.0360274
982.0,-1.9991584,-7.560889,-6.007052,0.08674286,-0.81122905,1.0250319
993.0,-2.0278888,-7.5584946,-6.054936,0.09162979,-0.8185594,1.0250319
1002.0,-2.1523874,-7.4268136,-5.935226,0.09773844,-0.8454375,1.0250319
1012.0,-2.15957,-7.3525934,-5.827487,0.1001819,-0.8527679,1.0213667
1021.0,-2.3391352,-7.2831616,-5.722142,0.118507855,-0.86132,1.0115929
1033.0,-2.5713725,-7.489063,-5.647922,0.15760323,-0.86132,0.99204516
1042.0,-2.6431987,-7.4124484,-5.616797,0.20891592,-0.86620694,0.9859365
1065.0,-2.7389667,-7.3286514,-5.6646814,0.25534168,-0.87964594,0.98837996
1065.0,-2.7964275,-7.335834,-5.616797,0.28710666,-0.8881981,0.98715824
1078.0,-2.8921957,-7.1347213,-5.580884,0.27855456,-0.8918633,0.98837996
1082.0,-3.0885203,-7.0964136,-5.7125654,0.25534168,-0.8943067,0.98715824
1119.0,-3.2632968,-7.1610575,-5.6670756,0.23335053,-0.88453287,0.9761627
1119.0,-3.265691,-7.074866,-5.422867,0.2003638,-0.8857546,0.9663888
1119.0,-3.3734303,-6.9958572,-5.231331,0.1881465,-0.89675015,0.95417154
1126.0,-3.4572272,-7.0964136,-5.1475334,0.20525073,-0.8881981,0.9407325
1225.0,-3.406949,-7.1083846,-5.0254292,0.22113322,-0.89552844,0.93584555
1225.0,-3.490746,-6.8809357,-4.9536033,0.23701571,-0.89675015,0.9297369
1225.0,-3.5793316,-6.849811,-4.9895163,0.25045475,-0.88453287,0.92485
1225.0,-3.727772,-6.646304,-5.044583,0.24923302,-0.87109387,0.9236283
1225.0,-3.8355112,-6.7085533,-5.1762643,0.23457226,-0.8552113,0.9138544
1225.0,-3.9384618,-6.727707,-5.1523223,0.20525073,-0.8332202,0.90041536
1225.0,-4.1060557,-6.667852,-5.0996494,0.15882497,-0.8344419,0.893085
1225.0,-4.1132383,-6.588843,-4.8482585,0.118507855,-0.8381071,0.8881981
1225.0,-4.2066126,-6.6630635,-4.759673,0.087964594,-0.8417723,0.8698721
1225.0,-4.3263226,-6.873753,-4.7022123,0.09162979,-0.8356637,0.84299403
1232.0,-4.4244847,-6.742072,-4.55856,0.13561209,-0.8332202,0.83077675
1242.0,-4.6040497,-6.6079965,-4.5322237,0.20769419,-0.8368854,0.8344419
1284.0,-4.8722005,-6.38773,-4.5274353,0.32253686,-0.8210029,0.8258898
1284.0,-4.903325,-6.4404025,-4.501099,0.33964106,-0.829555,0.80756384
1284.0,-4.999093,-6.351817,-4.498705,0.35185838,-0.8344419,0.784351
1284.0,-5.1690817,-6.4020953,-4.3885717,0.36163223,-0.8197812,0.77213365
1292.0,-5.1642933,-6.3446345,-4.3502645,0.34697145,-0.81245077,0.7672467
1302.0,-5.2361193,-6.2225304,-4.27365,0.2932153,-0.8051204,0.7635816
1313.0,-5.3366756,-6.303933,-4.2640734,0.21502456,-0.7965683,0.7501425
1329.0,-5.482722,-6.363788,-4.050989,0.14538592,-0.7806858,0.7281514
1334.0,-5.535394,-6.2392898,-3.8738184,0.105068825,-0.77946407,0.7134906
1350.0,-5.6359506,-6.351817,-3.8546648,0.13072516,-0.7831292,0.6988298
1356.0,-5.707777,-6.2967505,-3.8642416,0.20769419,-0.7770206,0.69027776
1363.0,-5.753267,-6.229713,-3.8738184,0.28221974,-0.7831292,0.6988298
1373.0,-5.7843914,-6.179435,-3.928885,0.32986724,-0.7855727,0.70371675
1383.0,-5.849035,-5.9759274,-3.8355112,0.3213151,-0.77579886,0.70371675
1393.0,-5.9663506,-5.9807158,-3.9384618,0.25289822,-0.7733554,0.70005155
1402.0,-6.093243,-5.973533,-3.7780502,0.16371189,-0.7623598,0.6817256
1412.0,-6.093243,-5.901707,-3.514688,0.061086524,-0.75869465,0.6658431
1422.0,-6.1076083,-5.872977,-3.4332852,-0.013439035,-0.7635816,0.64873886
1433.0,-6.172252,-5.9160724,-3.3518825,-0.034208454,-0.75625116,0.63285637
1442.0,-6.2632318,-5.985504,-3.2728736,-0.004886922,-0.75625116,0.6218608
1454.0,-6.4044895,-6.0118403,-3.2513258,0.07696902,-0.752586,0.6169739
1463.0,-6.5337763,-5.8681884,-3.205836,0.1881465,-0.752586,0.6206391
1473.0,-6.6056023,-5.825093,-3.217807,0.29565877,-0.75747293,0.63407815
1482.0,-6.588843,-5.6527104,-3.2920272,0.34697145,-0.75747293,0.6450737
1493.0,-6.567295,-5.5258174,-3.2393548,0.3213151,-0.75502944,0.643852
1503.0,-6.6391215,-5.523423,-3.1675289,0.23579398,-0.7489208,0.63041294
1514.0,-6.754043,-5.521029,-3.0454245,0.12461651,-0.7367035,0.61575216
1523.0,-6.7731967,-5.5521536,-2.8874073,0.015882496,-0.7305948,0.60231316
1533.0,-6.849811,-5.5162406,-2.8754363,-0.062308256,-0.71837753,0.5900958
1544.0,-7.0700774,-5.5880666,-2.815581,-0.09773844,-0.70616025,0.58276546
1555.0,-7.1083846,-5.638345,-2.8060043,-0.09040806,-0.70371675,0.5742133
1564.0,-7.1634517,-5.5760956,-2.657564,-0.039095376,-0.70738196,0.5717699
1576.0,-7.1754227,-5.523423,-2.516306,0.035430185,-0.7244862,0.57787853
1586.0,-7.153875,-5.533,-2.4875755,0.11728613,-0.7367035,0.5852089
1595.0,-7.1969705,-5.437232,-2.528277,0.17470746,-0.73548174,0.5888741
1605.0,-7.2687964,-5.363012,-2.5115175,0.18692477,-0.7305948,0.59620446
1617.0,-7.347805,-5.3462524,-2.4181437,0.15027285,-0.72692966,0.6035349
1626.0,-7.383718,-5.1259856,-2.2649148,0.065973446,-0.7318166,0.6047566
1636.0,-7.45315,-5.1235914,-2.087744,-0.015882496,-0.72692966,0.5876524
1648.0,-7.4962454,-5.3007627,-2.1164744,-0.056199603,-0.7098254,0.5717699
1678.0,-7.6949644,-5.365406,-2.0901382,-0.05375614,-0.70005155,0.5693264
1678.0,-7.6734166,-5.1571107,-1.9680338,-0.02565634,-0.70738196,0.5766568
1678.0,-7.553706,-5.0996494,-1.8746599,0.013439035,-0.72326446,0.5839872
1683.0,-7.6734166,-5.035006,-1.7836803,0.073303826,-0.7257079,0.5815437
1695.0,-7.654263,-4.999093,-1.745373,0.13072516,-0.72204274,0.57787853
1705.0,-7.747637,-5.058948,-1.7070658,0.17348573,-0.72082096,0.5766568
1772.0,-7.747637,-4.7668557,-1.5035586,0.19792034,-0.72204274,0.5742133
1773.0,-7.750031,-4.6710877,-1.3694834,0.20647246,-0.72326446,0.56688297
1773.0,-7.759608,-4.8003745,-1.3742718,0.21746802,-0.7110472,0.54611355
1773.0,-7.7308774,-4.7022123,-1.2856863,0.23457226,-0.6976081,0.52412236
1773.0,-7.7572136,-4.6662993,-1.1300632,0.25411993,-0.6963864,0.50946164
1774.0,-7.728483,-4.5394063,-0.9816227,0.29443705,-0.6914995,0.48991394
1774.0,-7.7667904,-4.4244847,-1.0007763,0.3494149,-0.6731735,0.47036624
1783.0,-7.833828,-4.4484267,-0.9911995,0.40683624,-0.657291,0.45814893
1794.0,-7.8865004,-4.414908,-0.80924016,0.4569272,-0.64751714,0.44959682
1803.0,-7.8865004,-4.4580035,-0.78529817,0.5045747,-0.6389651,0.43371433
1815.0,-7.9511437,-4.4939165,-0.59376204,0.5656612,-0.625526,0.41905355
1823.0,-7.917625,-4.4819455,-0.6679823,0.6365216,-0.61208695,0.41172317
1833.0,-8.025364,-4.4915223,-0.6823475,0.6976081,-0.59742624,0.4129449
1843.0,-7.953538,-4.3023806,-0.6631939,0.6963864,-0.59498274,0.42760566
1855.0,-7.9224133,-4.134786,-0.6631939,0.61941737,-0.5925393,0.43127087
1863.0,-7.943961,-4.024653,-0.6560113,0.48624873,-0.5717699,0.41172317
1875.0,-8.137892,-4.036624,-0.641646,0.32375857,-0.54611355,0.37995818
1884.0,-8.279149,-4.122815,-0.6703765,0.19058995,-0.50946164,0.35185838
1894.0,-8.396465,-4.1683054,-0.5243302,0.09896017,-0.48991394,0.3371976
1905.0,-8.453926,-4.1276035,-0.4333505,0.04886922,-0.49235737,0.32986724
1914.0,-8.439561,-4.132392,-0.33518824,0.04520403,-0.4886922,0.32498032
1923.0,-8.3629465,-4.1826706,-0.22026655,0.058643065,-0.48502702,0.32375857
1935.0,-8.267179,-4.1060557,-0.14844051,0.06352998,-0.49357912,0.32620203
1943.0,-8.432379,-4.1826706,-0.12689269,0.081855945,-0.4801401,0.32742378
1956.0,-8.528147,-4.1012673,-0.08619126,0.11484267,-0.45448375,0.32742378
1964.0,-8.535329,-3.9097314,-0.038307227,0.14294247,-0.4447099,0.33475417
1975.0,-8.535329,-4.0318356,-0.05267244,0.16615535,-0.43982297,0.344528
1986.0,-8.520964,-4.0414124,-0.15322891,0.172264,-0.43127087,0.35063666
1997.0,-8.463503,-3.881001,-0.059855044,0.1441642,-0.41905355,0.35185838
2006.0,-8.475474,-3.8019924,0.090979666,0.09773844,-0.4129449,0.344528
2016.0,-8.549694,-3.8043866,0.074220255,0.064751714,-0.4007276,0.3323107
2026.0,-8.499416,-3.8498764,0.21787235,0.05497787,-0.39584067,0.32498032
2036.0,-8.607155,-3.8307228,0.36631286,0.0720821,-0.39828414,0.3200934
2044.0,-8.585608,-3.7349546,0.45489833,0.12339478,-0.39461896,0.31642818
2059.0,-8.662222,-3.5577838,0.49559975,0.17592919,-0.39706242,0.32375857
2097.0,-8.50181,-3.5649664,0.45010993,0.14294247,-0.39461896,0.30543262
2098.0,-8.554482,-3.4380736,0.47405192,0.07452556,-0.39706242,0.28344148
2098.0,-8.544906,-3.4452562,0.5554548,0.013439035,-0.3848451,0.25411993
2098.0,-8.746018,-3.4284968,0.48123455,-0.0061086523,-0.3640757,0.22479841
2106.0,-8.844181,-3.490746,0.58418524,0.0061086523,-0.3481932,0.204029
2117.0,-8.860941,-3.5745432,0.6823475,0.039095376,-0.344528,0.19181168
2125.0,-8.726865,-3.6631286,0.7015011,0.09040806,-0.3481932,0.18203785
2137.0,-8.643068,-3.5745432,0.6703765,0.14660765,-0.35185838,0.17837265
2146.0,-8.635885,-3.514688,0.59136784,0.1881465,-0.35063666,0.17959438
2157.0,-8.674192,-3.4596214,0.4333505,0.18692477,-0.34697145,0.18081611
2167.0,-8.719683,-3.3877954,0.38067806,0.1282817,-0.32986724,0.18081611
2178.0,-8.793902,-3.383007,0.50278234,0.017104227,-0.33108896,0.16982053
2186.0,-8.841787,-3.4715924,0.59615624,-0.09285152,-0.33108896,0.14538592
2198.0,-8.796297,-3.5625722,0.78290397,-0.15027285,-0.32742378,0.12461651
2208.0,-8.736442,-3.6487634,0.79248077,-0.15027285,-0.32498032,0.12339478
2217.0,-8.717288,-3.6224272,0.90500826,-0.09773844,-0.32742378,0.12950343
2227.0,-8.693346,-3.550601,0.8355764,-0.014660766,-0.3323107,0.13927728
2239.0,-8.588001,-3.5817258,0.8355764,0.06719518,-0.34208453,0.15393804
2249.0,-8.693346,-3.4835634,0.866701,0.13194689,-0.34330627,0.16371189
2260.0,-8.6813755,-3.53863,0.78529817,0.16982053,-0.33841935,0.16371189
2269.0,-8.813056,-3.4452562,0.6584055,0.18203785,-0.33353242,0.16737708
2279.0,-8.863335,-3.3255463,0.7230489,0.16615535,-0.32986724,0.17592919
2288.0,-8.7053175,-3.2225955,0.89303726,0.112399206,-0.33475417,0.18325958
2301.0,-8.631097,-3.193865,1.0079589,0.02321288,-0.3494149,0.18203785
2311.0,-8.475474,-3.3399115,1.0534488,-0.065973446,-0.35185838,0.1685988
2318.0,-8.6334915,-3.3901896,1.1420342,-0.12583824,-0.3359759,0.15271631
2331.0,-8.707711,-3.4883518,1.1827357,-0.12950343,-0.31764993,0.1441642
2339.0,-8.7532015,-3.4763808,1.3000516,-0.080634214,-0.31398472,0.15271631
2349.0,-8.822633,-3.4045548,1.2785037,-0.0061086523,-0.3200934,0.16737708
2361.0,-8.803479,-3.3518825,1.3263878,0.07819075,-0.3213151,0.18448131
2369.0,-8.796297,-3.1842883,1.364695,0.12217305,-0.31642818,0.20158553
2380.0,-8.734048,-3.1507695,1.4341269,0.12217305,-0.3115413,0.2003638
2389.0,-8.693346,-3.145981,1.4676456,0.080634214,-0.30176744,0.18692477
2399.0,-8.652645,-3.2082303,1.496376,0.029321533,-0.2968805,0.17104226
2409.0,-8.7292595,-3.1555579,1.6136919,-0.0036651916,-0.27488935,0.15760323
2422.0,-8.803479,-3.0933087,1.6256629,-0.013439035,-0.25167647,0.14905111
2430.0,-8.865729,-3.1483753,1.6448165,-0.0036651916,-0.23457226,0.14660765
2440.0,-8.848969,-3.1387985,1.6783354,0.015882496,-0.22602014,0.1441642
2450.0,-8.789114,-3.1435869,1.7621324,0.057421334,-0.21991149,0.13683382
2459.0,-8.714894,-3.0885203,1.7357962,0.111177474,-0.2125811,0.13561209
2470.0,-8.7292595,-3.0789435,1.70946,0.15393804,-0.21380283,0.14049901
2481.0,-8.66701,-3.0597897,1.6112977,0.17348573,-0.204029,0.14172074
2489.0,-8.717288,-2.9161377,1.5490485,0.15515977,-0.18448131,0.13805555
2499.0,-8.789114,-2.908955,1.5370775,0.112399206,-0.17592919,0.12950343
2507.0,-8.829816,-2.9352913,1.6017209,0.073303826,-0.16493362,0.11484267
