30.0,2.2098482,-0.6823475,8.908825,0.007330383,-0.02076942,-0.0012217305
44.0,2.3535004,-0.6967127,8.89446,0.15760323,0.11484267,-0.0842994
44.0,2.44448,-0.46926352,8.6334915,-0.0842994,-0.25778514,-0.29077184
57.0,2.554613,-0.4213795,8.252813,-0.7257079,-0.41416663,-0.41783184
63.0,2.585738,-0.37828386,7.836222,-1.4049901,0.37873647,-0.172264
70.0,2.834735,-0.7637503,7.4603324,-2.4043655,0.4129449,-0.31520647
80.0,2.7964275,-1.388637,7.165846,-3.3829718,0.27855456,-0.54244834
89.0,2.6886885,-2.018312,7.086837,-3.8484511,0.12461651,-0.7134906
98.0,2.5091233,-2.2960393,6.9982514,-4.1099014,0.112399206,-0.8014552
108.0,2.5689783,-2.7006595,6.9623384,-4.295604,0.096516706,-0.8698721
120.0,2.5139117,-3.1986535,7.019799,-4.4593163,0.07696902,-0.89919364
128.0,2.6192567,-3.6846764,6.9743094,-4.6938887,0.05375614,-0.8857546
140.0,2.7724855,-4.2904096,6.6271505,-5.022534,0.06719518,-0.86009824
149.0,2.930503,-4.8865657,6.229713,-5.3633966,0.10873401,-0.87598073
161.0,2.9975405,-5.3247046,5.741296,-5.6248474,0.14538592,-0.9492846
169.0,2.9975405,-5.614403,5.451597,-5.799555,0.17959438,-1.0225884
178.0,2.8778305,-6.081272,5.243302,-5.9510493,0.20525073,-1.0213667
189.0,2.822764,-6.6175733,5.209783,-6.169739,0.2284636,-0.9505063
200.0,2.8538885,-7.326257,4.9296613,-6.432411,0.267559,-0.8784242
208.0,2.956839,-7.8649526,4.733337,-6.6596527,0.30665436,-0.86132
219.0,3.028665,-8.394072,4.4005427,-6.822143,0.3200934,-0.88697636
229.0,3.1794999,-8.9998045,3.881001,-6.9333205,0.3286455,-0.90408057
239.0,3.0933087,-9.595961,3.1723173,-6.98952,0.35308012,-0.8881981
249.0,3.0502129,-9.998186,2.5809495,-6.9601984,0.38362336,-0.8491027
262.0,3.0933087,-10.477027,2.123657,-6.8355823,0.408058,-0.8038987
269.0,2.9352913,-10.647015,1.6256629,-6.626666,0.4251622,-0.7623598
279.0,2.9041667,-10.740389,1.1540052,-6.3713245,0.43371433,-0.7098254
290.0,2.8538885,-10.491392,0.59855044,-6.102544,0.4447099,-0.65118235
299.0,2.834735,-10.5680065,0.2657564,-5.828876,0.44715336,-0.6133087
310.0,2.8874073,-10.548853,-0.19153613,-5.540548,0.44959682,-0.58276546
321.0,2.8658595,-10.572795,-0.6584055,-5.2387805,0.4569272,-0.5497787
329.0,2.89459,-10.644621,-1.1180922,-4.9138002,0.45937067,-0.53023106
339.0,2.72939,-10.522516,-1.508347,-4.5717154,0.44715336,-0.52290064
350.0,2.7006595,-10.280702,-2.0135236,-4.238183,0.43249258,-0.5021312
361.0,2.6384103,-10.129868,-2.5881321,-3.957185,0.408058,-0.46303585
370.0,2.621651,-9.957485,-2.9137435,-3.7739255,0.36651915,-0.42760566
381.0,2.7461493,-9.909601,-3.2321723,-3.6969564,0.3200934,-0.39950588
390.0,2.944868,-9.7803135,-3.4284968,-3.6468656,0.2968805,-0.3933972
400.0,3.0597897,-9.828198,-3.5434184,-3.554014,0.30176744,-0.3848451
410.0,3.0621839,-9.919178,-3.7086184,-3.4342844,0.30909783,-0.35430184
420.0,3.0190883,-9.751583,-3.8522706,-3.281568,0.29443705,-0.32253686
430.0,3.028665,-9.773131,-4.2521024,-3.0921998,0.27977628,-0.2846632
441.0,3.086126,-9.667787,-4.5801077,-2.888171,0.26145032,-0.2443461
450.0,3.1914709,-9.615114,-5.1116204,-2.6658158,0.22235495,-0.20647246
461.0,3.3255463,-9.7084875,-5.427655,-2.4397957,0.18081611,-0.14905111
470.0,3.3135753,-9.77792,-5.7867856,-2.1697934,0.12705997,-0.089186326
480.0,3.3279405,-9.749189,-6.160281,-1.8472565,0.081855945,-0.02687807
490.0,3.2824504,-9.701305,-6.399701,-1.536937,0.028099801,0.052534413
501.0,3.2585084,-9.600749,-6.727707,-1.2950343,-0.037873644,0.15027285
510.0,3.4117374,-9.531317,-6.849811,-1.1386528,-0.12950343,0.24556783
520.0,3.5051112,-9.385271,-6.8306575,-1.0250319,-0.2125811,0.31764993
530.0,3.4356794,-9.344569,-6.8186865,-0.9211848,-0.26633725,0.38606682
540.0,3.3662477,-9.356541,-6.9383965,-0.81000733,-0.33475417,0.45814893
550.0,3.1962593,-9.437943,-7.029376,-0.6731735,-0.40561453,0.5363397
564.0,3.13401,-9.452309,-7.21373,-0.50701815,-0.47525316,0.61819565
573.0,3.004723,-9.315839,-7.28795,-0.34697145,-0.54367006,0.6939429
583.0,2.8874073,-9.172187,-7.4148426,-0.22479841,-0.6059783,0.7672467
594.0,2.7940333,-8.956709,-7.479486,-0.14905111,-0.66339964,0.8344419
603.0,2.657564,-8.954314,-7.5680714,-0.12950343,-0.7244862,0.9016371
614.0,2.4971523,-8.848969,-7.4962454,-0.15393804,-0.7855727,0.97005403
624.0,2.456451,-8.748413,-7.2328835,-0.19547687,-0.8356637,1.0262536
633.0,2.243367,-8.571242,-7.1059904,-0.24190263,-0.8857546,1.0690142
644.0,2.1212628,-8.664616,-7.074866,-0.25167647,-0.9236283,1.1117748
653.0,1.8914193,-8.678981,-7.1347213,-0.20158553,-0.97249746,1.1630874
664.0,1.7717092,-8.743625,-7.101202,-0.09407325,-1.0177015,1.2217305
674.0,1.661576,-8.647857,-6.979098,0.043982297,-1.0555751,1.2767084
684.0,1.5514427,-8.683769,-6.9599442,0.17715092,-1.0861185,1.3329079
693.0,1.3599066,-8.456321,-6.9000893,0.2773328,-1.1191051,1.3927728
702.0,1.3503298,-8.365341,-6.967127,0.30787608,-1.1459832,1.4416419
714.0,1.2521675,-8.137892,-7.026982,0.24801129,-1.1716396,1.473407
724.0,1.1468226,-7.955932,-7.026982,0.1282817,-1.187522,1.4966198
733.0,1.0726024,-7.824251,-6.7803793,0.010995574,-1.1997393,1.5027285
741.0,0.7685388,-7.8912888,-6.4787097,-0.037873644,-1.205848,1.4990633
754.0,0.6823475,-7.9870567,-6.4140663,-0.002443461,-1.2180653,1.4990633
765.0,0.48123455,-8.185776,-6.4020953,0.09040806,-1.2119566,1.518611
772.0,0.44532153,-8.123527,-6.5002575,0.19425514,-1.2253957,1.5491543
782.0,0.37110126,-8.054094,-6.7133417,0.2406809,-1.2339478,1.5796975
790.0,0.22266077,-7.869741,-6.6247563,0.2125811,-1.2412782,1.5931365
802.0,0.045489833,-7.630321,-6.600814,0.15149458,-1.2339478,1.5858061
811.0,-0.19632454,-7.735666,-6.4787097,0.081855945,-1.2278391,1.5735888
821.0,-0.33758244,-7.656657,-6.339846,0.035430185,-1.237613,1.5601498
833.0,-0.5626374,-7.639898,-6.244078,0.029321533,-1.2400564,1.5467108
840.0,-0.7302315,-7.7093296,-6.196194,0.052534413,-1.2547172,1.5393804
850.0,-0.7781156,-7.6375036,-6.2368956,0.15760323,-1.2840388,1.5210545
862.0,-0.7781156,-7.5704656,-6.145916,0.22602014,-1.2889256,1.5027285
869.0,-0.8403648,-7.577648,-5.995081,0.27977628,-1.2644911,1.4892895
879.0,-1.079785,-7.524976,-5.997475,0.3286455,-1.2669345,1.4782939
890.0,-1.2545617,-7.5106106,-5.9783216,0.35185838,-1.2608259,1.46852
899.0,-1.4556746,-7.2687964,-5.9184666,0.35185838,-1.2412782,1.4440855
909.0,-1.6448165,-7.216124,-5.8921304,0.33964106,-1.2351695,1.4049901
921.0,-1.6831238,-7.3071036,-5.753267,0.32742378,-1.2388347,1.3634512
929.0,-1.8507179,-7.431602,-5.7245364,0.31764993,-1.2363913,1.3390167
939.0,-1.8746599,-7.299921,-5.5617304,0.29443705,-1.2437216,1.314582
949.0,-1.99437,-7.180211,-5.5018754,0.27855456,-1.2315043,1.2779301
960.0,-2.2768857,-7.1945763,-5.5976434,0.26145032,-1.2144,1.2461652
969.0,-2.4492683,-7.07726,-5.494693,0.26511553,-1.2156218,1.2119566
980.0,-2.5498247,-6.993463,-5.3821654,0.32620203,-1.2144,1.1704178
992.0,-2.7748797,-7.0581064,-5.3438582,0.43371433,-1.2021828,1.1435398
1000.0,-2.870648,-7.1083846,-5.3678,0.5363397,-1.1972959,1.1337659
1028.0,-2.9592333,-7.0605006,-5.391742,0.5815437,-1.1936307,1.1349876
1028.0,-2.9712043,-6.9407907,-5.2959743,0.5546656,-1.1826351,1.1313224
1032.0,-3.1172507,-6.703765,-5.257667,0.44959682,-1.1508701,1.1154399
1055.0,-3.4165258,-6.6247563,-5.0637364,0.29565877,-1.1203269,1.0861185
1056.0,-3.6487634,-6.555324,-4.972757,0.15882497,-1.1032226,1.0445796
1108.0,-3.8259344,-6.658275,-4.841076,0.096516706,-1.0873401,1.0140363
1108.0,-3.9743748,-6.5601125,-4.6806645,0.1160644,-1.0800097,0.9957104
1108.0,-4.086902,-6.579266,-4.6806645,0.19914207,-1.073901,0.9810496
1108.0,-4.1922474,-6.6606693,-4.675876,0.30543262,-1.0641272,0.98471475
1108.0,-4.3981485,-6.619968,-4.7070007,0.3921755,-1.0433578,1.0005972
1110.0,-4.6686935,-6.5936313,-4.745308,0.4373795,-1.0189233,1.0091494
1255.0,-4.867412,-6.4978633,-4.7261543,0.42760566,-1.0152581,1.0103711
1255.0,-4.8362875,-6.351817,-4.582502,0.37751472,-1.0128145,1.0079277
1255.0,-4.948815,-6.2392898,-4.3382936,0.31031954,-1.001819,0.9944886
1255.0,-4.9823337,-6.1219735,-4.015076,0.26145032,-0.98349303,0.9737192
1255.0,-5.0517654,-6.042965,-3.9025488,0.23579398,-0.95539325,0.9639453
1255.0,-5.1523223,-6.1219735,-4.0701427,0.204029,-0.93828905,0.9663888
1255.0,-5.303157,-6.133945,-4.120421,0.1600467,-0.9370673,0.9651671
1255.0,-5.5018754,-6.045359,-4.1252093,0.13927728,-0.91874135,0.9505063
1255.0,-5.705383,-6.0405707,-4.225766,0.1441642,-0.9053023,0.9370673
1255.0,-5.779603,-6.1985884,-4.050989,0.1685988,-0.9224065,0.9285152
1255.0,-5.853823,-6.090849,-3.7852328,0.21868975,-0.9309586,0.9272934
1255.0,-5.813122,-5.9759274,-3.5458126,0.26389378,-0.9297369,0.9272934
1255.0,-5.78918,-5.78918,-3.5218706,0.27855456,-0.91874135,0.91874135
1255.0,-5.9160724,-5.8083334,-3.442862,0.25045475,-0.906524,0.90285885
1261.0,-6.030994,-5.631162,-3.4811692,0.204029,-0.8894198,0.88086766
1272.0,-6.2823853,-5.5641246,-3.4739866,0.14905111,-0.8857546,0.86009824
1281.0,-6.5122285,-5.547365,-3.5338416,0.10262536,-0.8894198,0.8356637
1290.0,-6.576872,-5.5737014,-3.3925838,0.0842994,-0.90041536,0.8038987
1300.0,-6.615179,-5.628768,-3.2489316,0.10995574,-0.91507614,0.77824235
1310.0,-6.6415157,-5.523423,-3.169923,0.17104226,-0.92485,0.7648033
1320.0,-6.6103907,-5.631162,-3.1172507,0.2284636,-0.93584555,0.7623598
1330.0,-6.703765,-5.547365,-3.0430303,0.2565634,-0.9492846,0.75747293
1341.0,-6.64391,-5.351041,-2.954445,0.25778514,-0.95172805,0.74281216
1352.0,-6.7947445,-5.3007627,-2.825158,0.23335053,-0.95172805,0.7257079
1361.0,-6.83784,-5.353435,-2.7964275,0.20280726,-0.94806284,0.70371675
1373.0,-7.0102224,-5.363012,-2.6599581,0.18203785,-0.9492846,0.68661255
1380.0,-7.1275387,-5.185841,-2.4181437,0.19792034,-0.95417154,0.6658431
1390.0,-7.1131735,-5.1810527,-2.3558946,0.2443461,-0.9492846,0.6560693
1401.0,-7.180211,-5.1642933,-2.2936451,0.28955013,-0.956615,0.6536258
1410.0,-7.141904,-5.1355624,-2.231396,0.34697145,-0.9468411,0.65118235
1420.0,-7.21373,-5.118803,-2.2529438,0.39828414,-0.93462384,0.65484756
1430.0,-7.359776,-4.891354,-2.1092918,0.42271876,-0.93218035,0.6585127
1441.0,-7.405266,-4.817134,-1.9967642,0.41905355,-0.9309586,0.6536258
1451.0,-7.369353,-4.88896,-1.9081788,0.38362336,-0.93218035,0.64873886
1462.0,-7.455544,-4.8626237,-1.8148049,0.31764993,-0.93584555,0.6377433
1472.0,-7.393295,-4.927267,-1.7286136,0.24190263,-0.9211848,0.63041294
1514.0,-7.4842744,-4.829105,-1.5442601,0.172264,-0.90408057,0.6230826
1515.0,-7.5920134,-4.7022123,-1.3910311,0.13439035,-0.88453287,0.6096435
1515.0,-7.6351094,-4.7548847,-1.3096284,0.13683382,-0.87109387,0.6047566
1515.0,-7.747637,-4.733337,-1.163582,0.18203785,-0.86376345,0.6084218
1521.0,-7.714118,-4.673482,-1.0606314,0.27000242,-0.8503244,0.61453044
1531.0,-7.800309,-4.7165775,-0.9528923,0.34697145,-0.84788096,0.6267477
1541.0,-7.819463,-4.6662993,-0.9528923,0.39095375,-0.8356637,0.6377433
1551.0,-7.8386164,-4.5202527,-0.78529817,0.39950588,-0.829555,0.6365216
1561.0,-7.8865004,-4.283227,-0.5746084,0.3921755,-0.7965683,0.6230826
1613.0,-7.989451,-4.3382936,-0.59615624,0.3567453,-0.7733554,0.61208695
1613.0,-7.9966335,-4.3358994,-0.5770026,0.2846632,-0.7648033,0.6035349
1613.0,-7.8984714,-4.232949,-0.50996494,0.21135938,-0.7489208,0.57787853
1613.0,-7.819463,-4.197036,-0.30166942,0.15149458,-0.7318166,0.548557
1613.0,-7.860164,-4.1156325,-0.24660277,0.13072516,-0.7122689,0.52778757
1630.0,-7.9391727,-4.132392,-0.22266077,0.1441642,-0.69027776,0.5155703
1630.0,-8.128315,-4.0940847,-0.06943185,0.18692477,-0.675617,0.50335294
1648.0,-8.200141,-4.132392,0.038307227,0.23823744,-0.66706485,0.49968776
1650.0,-8.228871,-4.1611223,0.076614454,0.28099802,-0.66706485,0.49968776
1661.0,-8.252813,-4.0318356,0.10534488,0.29810223,-0.6560693,0.49357912
1670.0,-8.200141,-3.8235402,0.17477672,0.27855456,-0.65240407,0.4813618
1680.0,-8.101978,-3.70383,0.23942018,0.23579398,-0.6401868,0.45448375
1690.0,-8.0924015,-3.7301662,0.272939,0.18692477,-0.6206391,0.4288274
1704.0,-8.133103,-3.6990416,0.45729253,0.14049901,-0.5876524,0.40439278
1710.0,-8.219295,-3.6415808,0.58657944,0.12339478,-0.548557,0.37384954
1720.0,-8.39886,-3.5482068,0.50996494,0.1001819,-0.50579643,0.36041048
1730.0,-8.532935,-3.5913026,0.4261679,0.089186326,-0.5021312,0.3494149
1740.0,-8.4587145,-3.6846764,0.32800564,0.06719518,-0.49846604,0.344528
1750.0,-8.504205,-3.7301662,0.46686932,0.02443461,-0.49602258,0.34208453
1762.0,-8.441956,-3.5793316,0.6488287,-0.0061086523,-0.48502702,0.32620203
1770.0,-8.504205,-3.5242648,0.7206547,-0.02321288,-0.46303585,0.31520647
1781.0,-8.559271,-3.6583402,0.62249243,-0.036651913,-0.4447099,0.312763
1790.0,-8.590396,-3.763685,0.6560113,-0.059864793,-0.44348818,0.31520647
1801.0,-8.674192,-3.7349546,0.5650316,-0.080634214,-0.43860126,0.31887165
1810.0,-8.734048,-3.6008794,0.62728083,-0.09896017,-0.43371433,0.3213151
1822.0,-8.789114,-3.5075054,0.91458505,-0.09407325,-0.43371433,0.3115413
1831.0,-8.734048,-3.4715924,1.043872,-0.056199603,-0.43004912,0.30665436
1841.0,-8.662222,-3.478775,0.93134445,-0.012217305,-0.4288274,0.31520647
1853.0,-8.707711,-3.5362358,0.9528923,0.028099801,-0.4202753,0.31887165
1863.0,-8.750807,-3.4620156,0.93134445,0.05009095,-0.4129449,0.31764993
1873.0,-8.836999,-3.2800562,1.0127473,0.056199603,-0.40561453,0.30787608
1884.0,-8.76996,-3.1483753,1.0893618,0.05375614,-0.4007276,0.29443705
1892.0,-8.762778,-3.098097,1.2401965,0.05131268,-0.39706242,0.28099802
1903.0,-8.676587,-3.181894,1.30484,0.061086524,-0.3921755,0.26511553
1935.0,-8.595184,-3.071761,1.3694834,0.07819075,-0.38728857,0.25778514
1935.0,-8.626308,-3.1196449,1.2808979,0.09162979,-0.37018433,0.2565634
1935.0,-8.6813755,-3.1771057,1.3072342,0.08674286,-0.35308012,0.25045475
1949.0,-8.734048,-3.086126,1.3359646,0.09162979,-0.3494149,0.23335053
1955.0,-8.690952,-3.0382419,1.376666,0.105068825,-0.3359759,0.22357668
1962.0,-8.6813755,-2.956839,1.5346833,0.118507855,-0.31520647,0.21624629
1972.0,-8.678981,-2.906561,1.5897499,0.14172074,-0.30298916,0.20280726
1982.0,-8.659827,-2.8203697,1.5801731,0.15149458,-0.28710666,0.19181168
1992.0,-8.604761,-2.7485435,1.5729905,0.14538592,-0.2773328,0.17959438
2003.0,-8.643068,-2.7820623,1.3862427,0.11728613,-0.25534168,0.16737708
2012.0,-8.722076,-2.7006595,1.3934253,0.065973446,-0.23701571,0.15149458
2023.0,-8.7532015,-2.5785553,1.5011644,0.02321288,-0.2284636,0.12583824
2033.0,-8.784326,-2.8179753,1.4796166,0.004886922,-0.22113322,0.103847094
2043.0,-8.801085,-2.9472623,1.508347,0.013439035,-0.21624629,0.089186326
2053.0,-8.78672,-2.8802247,1.5777789,0.06352998,-0.20769419,0.073303826
2066.0,-8.767567,-2.8658595,1.6352397,0.13927728,-0.20158553,0.06963864
2073.0,-8.616732,-2.9712043,1.6160861,0.18325958,-0.20525073,0.073303826
2084.0,-8.590396,-2.7150247,1.7717092,0.20647246,-0.1881465,0.058643065
2096.0,-8.564059,-2.7006595,1.6903064,0.204029,-0.16982053,0.039095376
2104.0,-8.6334915,-2.719813,1.6591818,0.1600467,-0.16126843,0.021991149
2116.0,-8.688558,-2.621651,1.6424223,0.1160644,-0.14782938,-0.010995574
2125.0,-8.678981,-2.6479871,1.7381904,0.112399206,-0.13805555,-0.04886922
2135.0,-8.683769,-2.707842,1.7980455,0.16126843,-0.12950343,-0.07819075
2145.0,-8.686164,-2.8107927,1.8938135,0.2724459,-0.118507855,-0.10873401
2155.0,-8.628703,-3.0573955,1.7429788,0.43982297,-0.1001819,-0.1282817
2165.0,-8.652645,-3.1890767,1.5275006,0.6365216,-0.09407325,-0.1282817
2177.0,-8.717288,-3.2249897,1.4053963,0.86376345,-0.08552113,-0.111177474
2186.0,-8.911219,-3.0765493,1.5251064,1.0519099,-0.09285152,-0.06841691
2195.0,-8.918402,-2.9879637,1.7836803,1.1520919,-0.112399206,-0.018325957
2205.0,-8.863335,-3.004723,1.7932571,1.1545353,-0.12583824,0.012217305
2217.0,-8.793902,-3.110068,1.7764976,1.0323622,-0.111177474,0.039095376
2229.0,-8.779537,-3.0789435,1.7070658,0.7806858,-0.10751228,0.065973446
2234.0,-8.772355,-2.920926,1.6591818,0.45570546,-0.112399206,0.058643065
2246.0,-8.860941,-2.8395233,1.70946,0.096516706,-0.08674286,0.035430185
2257.0,-8.9519205,-2.8514943,1.970428,-0.19181168,-0.08307768,0.012217305
2265.0,-8.947132,-3.0382419,2.0638018,-0.34574974,-0.07574729,0.0
2276.0,-8.990228,-3.1962593,2.2218192,-0.36285394,-0.07941248,0.010995574
2288.0,-9.009381,-3.4165258,2.3199813,-0.26633725,-0.065973446,0.040317107
2296.0,-8.99741,-3.4117374,2.3080103,-0.10262536,-0.07941248,0.07696902
2307.0,-9.006987,-3.3518825,2.4229321,0.062308256,-0.08674286,0.111177474
2315.0,-8.89446,-3.1028855,2.5689783,0.1966986,-0.09040806,0.13316862
2325.0,-8.918402,-2.9999347,2.585738,0.2602286,-0.07696902,0.1441642
2336.0,-8.736442,-2.801216,2.4971523,0.24801129,-0.064751714,0.13927728
2345.0,-8.865729,-2.7389667,2.3942018,0.17104226,-0.043982297,0.118507855
2356.0,-8.880095,-2.540248,2.3343468,0.07574729,-0.021991149,0.08674286
2367.0,-8.959103,-2.552219,2.2601264,0.0012217305,-0.010995574,0.056199603
2386.0,-8.868123,-2.5713725,2.3391352,-0.043982297,-0.0036651916,0.034208454
2418.0,-8.860941,-2.6599581,2.2864625,-0.028099801,-0.013439035,0.018325957
2418.0,-8.767567,-2.7126305,2.3008277,0.013439035,-0.009773844,0.010995574
2418.0,-8.690952,-2.7126305,2.2601264,0.058643065,-0.015882496,0.0012217305
2419.0,-8.717288,-2.6791117,2.1787236,0.09773844,-0.019547688,-0.0061086523
2425.0,-8.765172,-2.813187,2.1045034,0.112399206,0.007330383,-0.010995574
2436.0,-8.772355,-2.7461493,2.111686,0.12095132,0.004886922,-0.014660766
2446.0,-8.935161,-2.767697,1.9967642,0.11484267,0.0012217305,-0.015882496
2453.0,-8.90643,-2.7485435,1.9967642,0.08674286,-0.007330383,-0.012217305
2464.0,-8.791509,-2.6886885,1.946486,0.05009095,-0.008552114,-0.012217305
2474.0,-8.707711,-2.7269957,1.8938135,0.0,-0.0036651916,-0.014660766
2485.0,-8.784326,-2.7964275,1.9057846,-0.039095376,-0.002443461,-0.018325957
2494.0,-8.784326,-2.870648,1.9273324,-0.058643065,-0.004886922,-0.010995574
2506.0,-8.846576,-2.9041667,1.9536686,-0.062308256,-0.0012217305,0.0
2516.0,-8.815451,-2.896984,2.054225,-0.035430185,-0.004886922,0.002443461
