36.0,0.9600749,-0.16519992,10.848128,-0.059864793,-0.23701571,0.057421334
47.0,0.9768343,-0.06943185,10.996569,0.15882497,0.14905111,-0.07819075
47.0,0.770933,-0.24899697,11.130644,0.018325957,-0.25534168,-0.2968805
53.0,0.6871359,-0.47644615,11.219229,-0.18203785,-0.2406809,-0.39461896
64.0,0.5506664,-0.40222588,11.219229,-0.16126843,0.7293731,-0.118507855
73.0,0.46447513,-0.36631286,11.271901,-0.27366763,0.9492846,-0.22235495
86.0,0.4189853,-0.41180268,11.183316,-0.36774087,0.9651671,-0.40683624
93.0,0.45010993,-0.51714754,11.164163,-0.4007276,0.9089675,-0.52656585
103.0,0.48841715,-0.7445967,11.030087,-0.41050145,0.9859365,-0.54244834
114.0,0.2873042,-0.9576807,10.876859,-0.4361578,1.0690142,-0.53878313
125.0,-0.04309563,-1.2162545,10.924743,-0.47525316,1.1435398,-0.52778757
135.0,-0.33758244,-1.484405,11.21444,-0.50579643,1.2302825,-0.5155703
145.0,-0.6464345,-1.9560628,11.252748,-0.5021312,1.328021,-0.50946164
154.0,-0.91937345,-2.099715,11.15698,-0.43249258,1.409877,-0.50823987
165.0,-1.1204864,-2.018312,10.66138,-0.31398472,1.4416419,-0.5119051
174.0,-1.1731589,-1.7549498,10.608707,-0.17837265,1.459968,-0.5131268
184.0,-1.3192052,-1.436521,10.534488,-0.07819075,1.5283848,-0.50701815
194.0,-1.5107412,-1.4221559,10.376471,-0.058643065,1.5992452,-0.48747048
205.0,-1.7310078,-1.5658079,10.208876,-0.103847094,1.6639969,-0.43860126
213.0,-1.9560628,-1.99437,10.13705,-0.15515977,1.7531832,-0.36651915
225.0,-2.3008277,-2.1212628,10.168175,-0.16982053,1.8362609,-0.2883284
234.0,-2.4612393,-2.1811178,10.060435,-0.1881465,1.8826867,-0.23457226
244.0,-2.7940333,-2.1978772,9.981427,-0.172264,1.9352211,-0.18692477
253.0,-3.0119057,-2.15957,9.8042555,-0.12461651,1.971873,-0.13194689
265.0,-3.1052797,-1.9297266,9.593566,-0.057421334,1.9706513,-0.080634214
274.0,-3.1411927,-1.6759412,9.299079,-0.007330383,1.9730947,-0.017104227
285.0,-3.347094,-1.7908629,9.059659,-0.018325957,1.998751,0.07452556
294.0,-3.4931402,-2.0015526,8.908825,-0.09407325,2.043955,0.16493362
304.0,-3.6846764,-2.2864625,8.662222,-0.17715092,2.0781636,0.22968534
314.0,-3.8355112,-2.2864625,8.628703,-0.2125811,2.0793853,0.2773328
327.0,-4.0222588,-2.1068976,8.585608,-0.17837265,2.0696115,0.32742378
334.0,-4.187459,-2.0446482,8.465898,-0.096516706,2.0708332,0.38973203
344.0,-4.292804,-1.9632454,8.178593,-0.002443461,2.0512855,0.4447099
355.0,-4.3861775,-1.7932571,7.9487495,0.10262536,2.021964,0.47525316
364.0,-4.462792,-1.7238252,7.759608,0.19792034,1.9816469,0.48380527
374.0,-4.4220905,-1.5945383,7.654263,0.2406809,1.9376645,0.5021312
386.0,-4.5513773,-1.4700398,7.469909,0.22968534,1.9046779,0.535118
395.0,-4.697424,-1.3192052,7.252037,0.20280726,1.881465,0.57910025
404.0,-4.8817773,-1.3790601,7.240066,0.18325958,1.8533652,0.6084218
415.0,-5.046977,-1.42455,7.16824,0.18570304,1.8203784,0.6206391
426.0,-5.118803,-1.2497733,6.981492,0.19058995,1.7800614,0.6243043
435.0,-5.233725,-1.163582,6.7947445,0.20158553,1.7311921,0.6230826
446.0,-5.2385135,-1.1468226,6.7612257,0.21135938,1.6786577,0.6230826
455.0,-5.422867,-1.2162545,6.694188,0.20769419,1.627345,0.625526
465.0,-5.4922986,-1.1228806,6.564901,0.19547687,1.5796975,0.6267477
475.0,-5.506664,-0.8619126,6.4763155,0.18692477,1.53205,0.6230826
485.0,-5.602432,-0.78529817,6.2488666,0.18448131,1.491733,0.61086524
495.0,-5.777209,-0.7398083,6.2009826,0.18936823,1.4501941,0.59986967
506.0,-5.827487,-0.7302315,6.0764837,0.2003638,1.4184291,0.5876524
515.0,-5.9807158,-0.7661445,6.1004257,0.22602014,1.3854424,0.57787853
526.0,-6.0166287,-0.8882488,6.184223,0.25534168,1.3524556,0.5729916
535.0,-6.0645127,-0.7445967,6.019023,0.29077184,1.3182472,0.5571091
545.0,-6.315904,-0.46686932,5.959168,0.31764993,1.287704,0.52656585
555.0,-6.3829417,-0.2657564,5.935226,0.3286455,1.2473868,0.4972443
566.0,-6.4260373,-0.19632454,5.839458,0.30543262,1.2119566,0.48258355
575.0,-6.603208,-0.25857377,5.695806,0.25045475,1.1801916,0.47647488
585.0,-6.655881,-0.035913024,5.6431336,0.19181168,1.1484267,0.4569272
596.0,-6.7803793,-0.1316811,5.6335564,0.14172074,1.1129965,0.4373795
609.0,-6.8210807,-0.10534488,5.583278,0.10629055,1.0775663,0.42760566
617.0,-6.8689647,-0.11971009,5.4922986,0.09162979,1.0323622,0.41905355
630.0,-6.907272,-0.076614454,5.3965306,0.09773844,0.9859365,0.39706242
635.0,-7.026982,-0.059855044,5.3366756,0.119729586,0.9407325,0.3726278
647.0,-7.0581064,0.1364695,5.3079453,0.1441642,0.8918633,0.3481932
658.0,-7.1275387,0.18674773,5.171476,0.16493362,0.84421575,0.3115413
668.0,-7.1754227,0.30166942,5.097255,0.17104226,0.7965683,0.2761111
679.0,-7.240066,0.2777274,4.8506527,0.14049901,0.75502944,0.25534168
689.0,-7.321469,0.34237084,4.709395,0.089186326,0.7122689,0.23457226
697.0,-7.393295,0.37349546,4.5561657,0.028099801,0.6585127,0.21868975
709.0,-7.422025,0.47405192,4.5202527,-0.029321533,0.59986967,0.21502456
719.0,-7.3549876,0.45729253,4.4580035,-0.06719518,0.53023106,0.20769419
730.0,-7.501034,0.4333505,4.1635165,-0.07574729,0.37873647,0.17592919
738.0,-7.40766,0.56982,4.1299977,-0.06719518,0.29810223,0.14172074
749.0,-7.477092,0.46686932,4.024653,-0.059864793,0.20525073,0.11362094
757.0,-7.491457,0.5554548,3.9480386,-0.059864793,0.112399206,0.07941248
769.0,-7.524976,0.60333884,3.7660792,-0.04886922,0.014660766,0.030543262
778.0,-7.536947,0.60094464,3.6511576,-0.040317107,-0.089186326,-0.0012217305
787.0,-7.501034,0.60333884,3.4715924,-0.036651913,-0.2003638,-0.02076942
797.0,-7.501034,0.5386954,3.6176388,-0.039095376,-0.3200934,-0.04886922
810.0,-7.3669586,0.48362875,3.9001546,-0.047647487,-0.4447099,-0.087964594
817.0,-7.228095,0.22505496,4.10845,-0.05009095,-0.5693264,-0.10751228
830.0,-7.1634517,0.06943185,4.4819455,-0.047647487,-0.675617,-0.12217305
837.0,-7.103596,0.05746084,4.6710877,-0.036651913,-0.77579886,-0.14538592
849.0,-7.038953,-0.033518825,4.9320555,-0.030543262,-0.8552113,-0.16493362
858.0,-7.0006456,-0.038307227,5.0421886,-0.034208454,-0.9101892,-0.18203785
871.0,-7.0581064,0.093373865,5.00867,-0.047647487,-0.9505063,-0.19914207
877.0,-7.074866,0.02873042,5.183447,-0.081855945,-0.97249746,-0.20158553
889.0,-7.0006456,-0.05746084,5.470751,-0.12705997,-0.99204516,-0.19792034
898.0,-6.909666,-0.2705448,5.734113,-0.15393804,-1.0189233,-0.19425514
908.0,-6.825869,-0.39264908,6.131551,-0.16371189,-1.0445796,-0.18936823
919.0,-6.811504,-0.30166942,6.3589997,-0.1563815,-1.065349,-0.19303341
930.0,-6.7133417,-0.18914193,6.6750345,-0.14049901,-1.0751228,-0.20280726
937.0,-6.6846113,-0.31603462,6.8929067,-0.13439035,-1.073901,-0.20647246
949.0,-6.555324,-0.5386954,7.0820484,-0.12583824,-1.0555751,-0.19547687
956.0,-6.631939,-0.61291564,7.117962,-0.10751228,-1.0250319,-0.18448131
967.0,-6.6846113,-0.5530606,7.117962,-0.09407325,-0.9896017,-0.18325958
977.0,-6.646304,-0.51235914,7.141904,-0.09162979,-0.956615,-0.17959438
989.0,-6.64391,-0.5650316,7.3406224,-0.096516706,-0.9236283,-0.16371189
998.0,-6.4978633,-0.58418524,7.4746976,-0.10995574,-0.8857546,-0.14294247
1009.0,-6.4284315,-0.62488663,7.517793,-0.12095132,-0.85154617,-0.12583824
1017.0,-6.423643,-0.4405331,7.8410106,-0.13805555,-0.8210029,-0.12217305
1030.0,-6.325481,-0.36870706,7.893683,-0.15760323,-0.79168135,-0.12217305
1038.0,-6.303933,-0.50757074,7.8266454,-0.1685988,-0.75869465,-0.10873401
1051.0,-6.3661823,-0.40701428,7.728483,-0.1881465,-0.72692966,-0.09896017
1079.0,-6.3350577,-0.29688102,7.491457,-0.20769419,-0.6976081,-0.10751228
1079.0,-6.3709707,-0.22984336,7.3789296,-0.22602014,-0.66828656,-0.10873401
1079.0,-6.2871737,-0.2873042,7.4723034,-0.25411993,-0.6377433,-0.095294975
1088.0,-6.244078,-0.36391866,7.5561004,-0.2687807,-0.61208695,-0.080634214
1097.0,-6.1243677,-0.5315128,7.5920134,-0.2443461,-0.59498274,-0.065973446
1108.0,-6.078878,-0.5626374,7.565677,-0.20158553,-0.5900958,-0.056199603
1121.0,-6.019023,-0.45489833,7.479486,-0.16615535,-0.5888741,-0.05375614
1129.0,-6.009446,-0.3854665,7.501034,-0.15271631,-0.58276546,-0.052534413
1136.0,-5.872977,-0.48602295,7.465121,-0.15271631,-0.57910025,-0.04520403
1148.0,-5.9184666,-0.5722142,7.335834,-0.1600467,-0.5681047,-0.032986723
1157.0,-5.9567738,-0.45729253,7.302315,-0.17348573,-0.5644395,-0.035430185
1169.0,-5.947197,-0.36870706,7.431602,-0.18448131,-0.5656612,-0.05009095
1177.0,-5.729325,-0.5554548,7.5824366,-0.18203785,-0.5766568,-0.05009095
1187.0,-5.645528,-0.6967127,7.726089,-0.16126843,-0.5839872,-0.034208454
1197.0,-5.5521536,-0.7062895,7.81228,-0.12583824,-0.5900958,-0.032986723
1207.0,-5.511452,-0.5770026,7.848193,-0.08552113,-0.59986967,-0.04886922
1217.0,-5.45878,-0.50278234,7.7667904,-0.06963864,-0.6035349,-0.058643065
1230.0,-5.473145,-0.49559975,7.6015906,-0.081855945,-0.59864795,-0.057421334
1237.0,-5.485116,-0.5386954,7.632715,-0.10995574,-0.59131753,-0.062308256
1246.0,-5.427655,-0.48123455,7.6829934,-0.13194689,-0.5815437,-0.06963864
1257.0,-5.303157,-0.61052144,7.704541,-0.14049901,-0.59131753,-0.06841691
1267.0,-5.3127337,-0.60573304,7.7691846,-0.15149458,-0.5852089,-0.065973446
1277.0,-5.231331,-0.6536171,8.09719,-0.1441642,-0.5839872,-0.07819075
1288.0,-5.106832,-0.81402856,8.319851,-0.111177474,-0.58276546,-0.08674286
1296.0,-4.9775453,-0.79487497,8.360553,-0.065973446,-0.5900958,-0.07452556
1306.0,-4.948815,-0.79487497,8.341399,-0.040317107,-0.5876524,-0.073303826
1316.0,-4.96318,-0.6679823,8.252813,-0.037873644,-0.57543504,-0.096516706
1326.0,-4.903325,-0.7469909,8.133103,-0.056199603,-0.5534439,-0.10262536
1335.0,-4.903325,-0.7254431,8.104373,-0.09285152,-0.5375614,-0.09040806
1346.0,-4.936844,-0.7110779,8.178593,-0.12950343,-0.5131268,-0.0842994
1355.0,-4.819528,-0.82121116,8.221688,-0.14294247,-0.5009095,-0.081855945
1365.0,-4.807557,-0.78529817,8.259995,-0.13927728,-0.5009095,-0.07819075
1375.0,-4.891354,-0.8810662,8.420407,-0.12583824,-0.49235737,-0.073303826
1385.0,-4.8027687,-0.90261406,8.374918,-0.095294975,-0.49846604,-0.06963864
1395.0,-4.7165775,-0.7469909,8.374918,-0.059864793,-0.49846604,-0.0720821
1406.0,-4.687847,-0.6799533,8.298303,-0.036651913,-0.50823987,-0.08307768
1415.0,-4.807557,-0.7589619,8.23366,-0.04153884,-0.50701815,-0.08674286
1426.0,-4.6686935,-0.8331822,8.408437,-0.056199603,-0.51068336,-0.08307768
1435.0,-4.560954,-0.93373865,8.42759,-0.059864793,-0.5131268,-0.073303826
1445.0,-4.4795513,-0.9959879,8.300697,-0.05375614,-0.5180137,-0.061086524
1455.0,-4.498705,-0.8403648,8.303091,-0.056199603,-0.52778757,-0.064751714
1489.0,-4.510676,-0.8451532,8.360553,-0.073303826,-0.5216789,-0.0720821
1489.0,-4.3622355,-0.9600749,8.513782,-0.08552113,-0.50823987,-0.05375614
1489.0,-4.261679,-1.0893618,8.470686,-0.07941248,-0.5180137,-0.029321533
1495.0,-4.283227,-1.0127473,8.468291,-0.062308256,-0.5131268,-0.029321533
1531.0,-4.309563,-0.866701,8.389283,-0.042760566,-0.516792,-0.047647487
1531.0,-4.3047748,-0.842759,8.62152,-0.032986723,-0.5204572,-0.05131268
1531.0,-4.1252093,-1.0271125,8.576031,-0.019547688,-0.5216789,-0.02565634
1538.0,-4.098873,-1.0223241,8.588001,-0.019547688,-0.5216789,-0.02565634
1545.0,-4.027047,-1.1492168,8.820239,0.012217305,-0.5216789,-0.036651913
1555.0,-4.010288,-0.9911995,8.7292595,0.11484267,-0.5338962,-0.047647487
1579.0,-3.9001546,-0.9840169,8.75799,0.105068825,-0.5204572,-0.040317107
1579.0,-3.8786068,-1.0462662,8.7532015,0.09407325,-0.50579643,-0.042760566
1594.0,-3.8546648,-0.93373865,8.738836,0.07696902,-0.4972443,-0.039095376
1643.0,-3.7732618,-0.93852705,8.7292595,0.04153884,-0.4886922,-0.02687807
1643.0,-3.7588966,-1.0247183,8.89446,-0.009773844,-0.47769663,-0.018325957
1643.0,-3.6894648,-0.9504981,8.896853,-0.056199603,-0.46792278,-0.015882496
1643.0,-3.7660792,-0.9983821,8.985439,-0.08552113,-0.46792278,-0.014660766
1643.0,-3.5625722,-1.1587936,9.018958,-0.09407325,-0.46670106,-0.019547688
1647.0,-3.5434184,-1.163582,8.930372,-0.07819075,-0.4642576,-0.017104227
1664.0,-3.5242648,-1.2258313,8.937555,-0.06719518,-0.45937067,-0.018325957
1666.0,-3.5003228,-1.1013328,8.808268,-0.056199603,-0.45814893,-0.02565634
1676.0,-3.4715924,-1.0199299,8.683769,-0.047647487,-0.45937067,-0.02687807
1690.0,-3.3973722,-0.90261406,8.760384,-0.04520403,-0.4605924,-0.02443461
1695.0,-3.301604,-0.94092125,8.846576,-0.057421334,-0.46181414,-0.02076942
1707.0,-3.3063924,-0.9720459,8.834604,-0.07941248,-0.4642576,-0.008552114
1716.0,-3.2441432,-1.0342951,8.848969,-0.09040806,-0.46670106,-0.0012217305
1736.0,-3.2513258,-1.0319009,8.918402,-0.09407325,-0.47158796,-0.0061086523
1736.0,-3.169923,-1.1707647,8.920795,-0.09407325,-0.47525316,-0.004886922
1746.0,-3.1292217,-1.2186487,9.02614,-0.089186326,-0.48380527,0.004886922
1755.0,-3.110068,-1.2354081,9.11712,-0.08307768,-0.49235737,0.007330383
1771.0,-2.9735985,-1.1731589,9.076419,-0.06719518,-0.49968776,0.009773844
1776.0,-2.9520507,-1.091756,8.973468,-0.056199603,-0.51068336,0.007330383
1785.0,-3.004723,-0.90740246,8.987833,-0.064751714,-0.5180137,-0.0061086523
1798.0,-2.9281087,-0.878672,8.99741,-0.089186326,-0.52412236,-0.013439035
1811.0,-2.858677,-1.0031705,9.01417,-0.112399206,-0.52290064,0.002443461
1817.0,-2.8179753,-1.1348516,9.097966,-0.12339478,-0.516792,0.021991149
1827.0,-2.8083985,-1.1827357,9.13388,-0.12461651,-0.50823987,0.02076942
1836.0,-2.8323407,-1.0965444,9.270349,-0.1160644,-0.50823987,0.002443461
1846.0,-2.6791117,-1.091756,9.32781,-0.10751228,-0.5119051,-0.0036651916
1856.0,-2.597709,-1.151611,9.358934,-0.09896017,-0.51068336,0.0036651916
1866.0,-2.6384103,-1.2330139,9.337387,-0.0842994,-0.50701815,0.007330383
1876.0,-2.6001031,-1.0726024,9.416395,-0.07452556,-0.50701815,-0.0012217305
1888.0,-2.516306,-1.043872,9.397242,-0.073303826,-0.50946164,-0.009773844
1898.0,-2.4516625,-1.1133038,9.466674,-0.0720821,-0.5045747,-0.008552114
1908.0,-2.4468741,-1.0342951,9.428367,-0.07574729,-0.49480084,-0.002443461
1918.0,-2.4181437,-0.9672575,9.414001,-0.08674286,-0.48380527,-0.004886922
1929.0,-2.4612393,-1.0079589,9.435549,-0.10140363,-0.47036624,-0.010995574
1940.0,-2.3798366,-1.0295067,9.409213,-0.10873401,-0.4569272,-0.012217305
1963.0,-2.3702598,-1.1180922,9.414001,-0.111177474,-0.44593164,-0.009773844
1964.0,-2.3223755,-1.0749966,9.3421755,-0.105068825,-0.4361578,-0.009773844
1999.0,-2.3295584,-1.0654198,9.387665,-0.095294975,-0.43127087,-0.014660766
1999.0,-2.327164,-1.0390835,9.536105,-0.08307768,-0.43004912,-0.02565634
1999.0,-2.2481554,-1.0989386,9.646238,-0.061086524,-0.43371433,-0.029321533
1999.0,-2.1092918,-1.2785037,9.636662,-0.036651913,-0.43249258,-0.02321288
2009.0,-2.030283,-1.1611878,9.504981,-0.02076942,-0.4288274,-0.021991149
2016.0,-2.1643584,-1.1348516,9.442732,-0.02076942,-0.4251622,-0.032986723
2028.0,-2.0709844,-1.0247183,9.500193,-0.028099801,-0.4166101,-0.039095376
2038.0,-2.030283,-1.0941502,9.425972,-0.037873644,-0.4129449,-0.032986723
2047.0,-1.9488802,-1.127669,9.390059,-0.05009095,-0.40683624,-0.02687807
2058.0,-1.8483237,-1.0630256,9.351752,-0.064751714,-0.40561453,-0.029321533
2070.0,-1.8866309,-1.0965444,9.339781,-0.08307768,-0.4007276,-0.035430185
2077.0,-1.757344,-1.0630256,9.378088,-0.09773844,-0.39461896,-0.035430185
2124.0,-1.7022774,-1.1779473,9.504981,-0.096516706,-0.4007276,-0.036651913
2124.0,-1.5873557,-1.2449849,9.471462,-0.081855945,-0.39706242,-0.043982297
2124.0,-1.5131354,-1.1994951,9.548077,-0.057421334,-0.39950588,-0.05375614
2124.0,-1.5634137,-1.2066777,9.526528,-0.035430185,-0.39706242,-0.062308256
2130.0,-1.6232687,-1.2617443,9.449914,-0.02443461,-0.39461896,-0.065973446
2138.0,-1.6089035,-1.2904748,9.41879,-0.028099801,-0.39706242,-0.065973446
2147.0,-1.5107412,-1.4341269,9.574412,-0.04520403,-0.39950588,-0.061086524
2157.0,-1.4820108,-1.4077905,9.64145,-0.062308256,-0.4007276,-0.057421334
2167.0,-1.3670892,-1.3503298,9.636662,-0.06352998,-0.40561453,-0.057421334
2176.0,-1.1994951,-1.271321,9.603143,-0.06352998,-0.4007276,-0.061086524
2188.0,-1.2330139,-1.352724,9.655815,-0.061086524,-0.38606682,-0.06719518
2196.0,-1.328782,-1.3599066,9.694122,-0.04886922,-0.37140608,-0.0720821
2206.0,-1.2952632,-1.436521,9.832987,-0.036651913,-0.36285394,-0.062308256
2216.0,-1.1563994,-1.5131354,9.900024,-0.030543262,-0.35308012,-0.04520403
2227.0,-1.1563994,-1.6136919,9.859323,-0.02443461,-0.35063666,-0.039095376
2236.0,-1.1540052,-1.388637,9.830592,-0.019547688,-0.34574974,-0.04642576
2248.0,-1.079785,-1.3335704,9.7324295,-0.017104227,-0.3371976,-0.056199603
2256.0,-1.1563994,-1.352724,9.797073,-0.02443461,-0.3286455,-0.052534413
2266.0,-1.0749966,-1.4221559,9.907207,-0.037873644,-0.31764993,-0.036651913
2277.0,-0.94570965,-1.4317327,9.904813,-0.047647487,-0.30787608,-0.021991149
2286.0,-0.9720459,-1.5682021,9.844957,-0.04642576,-0.2919936,-0.017104227
2296.0,-1.0055647,-1.5658079,9.8042555,-0.04153884,-0.27855456,-0.014660766
2307.0,-1.0079589,-1.5035586,9.622296,-0.04520403,-0.2687807,-0.009773844
2316.0,-1.0630256,-1.3623008,9.552865,-0.064751714,-0.26267207,-0.0012217305
2327.0,-1.0726024,-1.4053963,9.583989,-0.09162979,-0.25045475,0.013439035
2338.0,-1.0486604,-1.5634137,9.76116,-0.09896017,-0.23701571,0.029321533
2347.0,-0.94092125,-1.5107412,9.799467,-0.07819075,-0.22968534,0.037873644
2358.0,-0.9504981,-1.5251064,9.830592,-0.043982297,-0.22357668,0.037873644
2369.0,-0.93134445,-1.5466543,9.840169,-0.017104227,-0.21991149,0.035430185
2378.0,-0.94092125,-1.5298948,9.883265,-0.0036651916,-0.21502456,0.035430185
2388.0,-0.91458505,-1.5011644,9.792285,0.0012217305,-0.21502456,0.042760566
2400.0,-0.93613285,-1.4077905,9.588778,-0.004886922,-0.21380283,0.047647487
2408.0,-0.90740246,-1.3359646,9.437943,-0.02565634,-0.2125811,0.047647487
2416.0,-0.90021986,-1.4341269,9.607931,-0.07819075,-0.19547687,0.057421334
2444.0,-0.82121116,-1.5442601,9.560047,-0.07819075,-0.19058995,0.073303826
2444.0,-0.81163436,-1.460463,9.619903,-0.065973446,-0.19058995,0.07941248
2448.0,-0.80205756,-1.5035586,9.631873,-0.05497787,-0.19181168,0.07696902
2457.0,-0.7422025,-1.4796166,9.639056,-0.04520403,-0.19547687,0.07819075
2472.0,-0.6991069,-1.496376,9.7563715,-0.034208454,-0.19792034,0.0842994
2478.0,-0.59376204,-1.541866,9.799467,-0.019547688,-0.2003638,0.0842994
2489.0,-0.6943185,-1.5346833,9.65821,-0.004886922,-0.20158553,0.081855945
2499.0,-0.6536171,-1.3862427,9.586384,0.0061086523,-0.2003638,0.07941248
2508.0,-0.5746084,-1.3958195,9.459491,0.0036651916,-0.2003638,0.07696902
