31.0,1.3575124,2.231396,10.948685,-0.036651913,-0.17837265,-0.010995574
34.0,1.1061212,1.9800048,11.291056,0.1563815,0.13439035,-0.09040806
44.0,0.90740246,2.042254,11.413159,-0.036651913,-0.19792034,-0.29932398
53.0,0.8331822,2.0805612,11.417948,-0.26511553,-0.1563815,-0.5497787
64.0,0.80684596,1.9177556,11.429919,-0.33108896,0.9089675,-0.40439278
73.0,0.79487497,1.6950948,11.439496,-0.535118,1.2608259,-0.6059783
85.0,0.51475334,1.6112977,11.279084,-0.6963864,1.3988814,-0.9053023
93.0,0.23463176,1.6184803,11.173739,-0.73914695,1.4049901,-1.1301007
103.0,-0.107739076,1.5107412,11.2312,-0.73792523,1.5259414,-1.2473868
114.0,-0.1388637,1.2258313,11.326968,-0.7244862,1.6261233,-1.314582
124.0,-0.2705448,0.8499416,11.243171,-0.70616025,1.7250835,-1.3390167
133.0,-0.545878,0.59376204,11.075577,-0.6951646,1.8252654,-1.346347
146.0,-0.9911995,0.33039984,10.927136,-0.69027776,1.9230038,-1.3658947
154.0,-1.3311762,0.12210429,10.78109,-0.66706485,2.01219,-1.4037683
164.0,-1.6711528,-0.25617957,10.642226,-0.6133087,2.0842721,-1.4343116
174.0,-1.8626889,-0.59136784,10.381259,-0.5571091,2.1429152,-1.4159856
184.0,-2.0829554,-0.93852705,10.175357,-0.49602258,2.1978931,-1.3377949
193.0,-2.4420857,-1.292869,10.089166,-0.42638394,2.2467623,-1.219287
205.0,-2.789245,-1.532289,10.189722,-0.3652974,2.2968533,-1.0946705
215.0,-3.229778,-1.6184803,10.070012,-0.30787608,2.348166,-0.9737192
224.0,-3.5410242,-1.5658079,9.904813,-0.22602014,2.3628268,-0.8491027
234.0,-3.763685,-1.2306197,9.67018,-0.13927728,2.339614,-0.73548174
244.0,-3.7972038,-0.8858546,9.279925,-0.09162979,2.3139575,-0.6426302
254.0,-3.9264908,-0.830788,9.227253,-0.11484267,2.3151793,-0.54733527
266.0,-4.0557775,-0.878672,8.992621,-0.20280726,2.3493876,-0.4373795
274.0,-4.285621,-1.1947067,8.908825,-0.33353242,2.4019222,-0.31642818
284.0,-4.5202527,-1.3958195,8.746018,-0.4605924,2.4593434,-0.19058995
294.0,-4.8698063,-1.6496049,8.446744,-0.52412236,2.4898868,-0.08674286
304.0,-5.0541596,-1.697489,8.202535,-0.46670106,2.475226,-0.019547688
314.0,-5.3103395,-1.6352397,8.0684595,-0.33475417,2.4397957,0.032986723
325.0,-5.4180784,-1.5658079,7.943961,-0.18081611,2.4043655,0.103847094
334.0,-5.410896,-1.496376,7.85777,-0.030543262,2.375044,0.2003638
345.0,-5.530606,-1.2066777,7.4028716,0.21135938,2.3066273,0.37507126
354.0,-5.5737014,-0.81642276,7.275979,0.21135938,2.3066273,0.37507126
364.0,-5.746084,-0.4285621,6.8809357,0.2565634,2.271197,0.4251622
374.0,-5.861006,-0.16998832,6.8067155,0.20647246,2.2565362,0.42149702
386.0,-6.0166287,-0.08379706,6.5816603,0.14660765,2.2284365,0.42638394
394.0,-6.007052,-0.20350714,6.517017,0.081855945,2.221106,0.45081854
405.0,-6.05733,-0.3878607,6.2105594,0.06719518,2.2149973,0.48747048
415.0,-6.26802,-0.45968673,5.8107276,0.12095132,2.175902,0.5119051
425.0,-6.4739213,-0.2873042,5.571307,0.17592919,2.112372,0.5143485
435.0,-6.6056023,0.18195933,5.485116,0.22113322,2.057394,0.5143485
447.0,-6.6630635,0.30885202,5.403713,0.27366763,2.0073032,0.53023106
454.0,-6.7372837,0.30645782,5.2026005,0.31887165,1.9669861,0.55833083
465.0,-6.9503675,0.48841715,5.00867,0.32620203,1.9303342,0.5742133
475.0,-7.067683,0.5434838,4.807557,0.31642818,1.8839084,0.5705481
484.0,-7.1083846,0.6560113,4.8386817,0.29077184,1.8338175,0.56688297
494.0,-7.1849995,0.48602295,4.6806645,0.23579398,1.7837266,0.5705481
506.0,-7.371747,0.40940848,4.4077253,0.19181168,1.7373008,0.5742133
514.0,-7.548918,0.46447513,4.050989,0.16615535,1.6884315,0.5705481
525.0,-7.750031,0.7661445,3.7086184,0.15760323,1.632232,0.56688297
534.0,-7.9631147,0.9959879,3.5865142,0.15515977,1.5699236,0.5705481
546.0,-7.9343843,1.0055647,3.6415808,0.15027285,1.5063937,0.57787853
555.0,-7.824251,0.9504981,3.6631286,0.1441642,1.4428637,0.58032197
566.0,-7.9463553,0.8714894,3.5290532,0.16126843,1.3768903,0.5742133
574.0,-8.058883,0.9983821,3.25372,0.2003638,1.3048081,0.56077427
585.0,-8.152257,1.2234371,3.1052797,0.23090707,1.2290609,0.54733527
594.0,-8.202535,1.1755531,2.8179753,0.23090707,1.1447614,0.54000485
605.0,-8.259995,1.1324574,2.7485435,0.16982053,1.0629056,0.5412266
614.0,-8.3390045,0.91219085,2.554613,0.07941248,0.98471475,0.5314528
629.0,-8.39886,1.043872,2.4636335,0.002443461,0.8943067,0.5180137
637.0,-8.4347725,1.1444284,2.468422,-0.042760566,0.8002335,0.50701815
649.0,-8.429984,1.0654198,2.3127987,-0.061086524,0.6914995,0.50579643
656.0,-8.42759,1.2066777,2.1667526,-0.064751714,0.5888741,0.50335294
666.0,-8.461109,1.3024458,2.0566192,-0.04642576,0.4813618,0.49357912
677.0,-8.439561,1.1755531,1.8818425,-0.02321288,0.37018433,0.4886922
687.0,-8.516175,1.2856863,1.9440918,-0.007330383,0.25900686,0.48258355
696.0,-8.520964,1.4101849,1.9440918,0.012217305,0.14049901,0.46181414
707.0,-8.446744,1.6448165,1.8004397,0.034208454,0.010995574,0.44715336
717.0,-8.475474,1.7357962,1.8483237,0.030543262,-0.096516706,0.44348818
727.0,-8.449138,1.8100165,1.8602947,0.0012217305,-0.19181168,0.43249258
736.0,-8.53054,1.8291701,1.8962077,-0.039095376,-0.2883284,0.41905355
750.0,-8.317456,1.9153614,2.0254946,-0.095294975,-0.37995818,0.4007276
756.0,-8.298303,1.9297266,2.219425,-0.13683382,-0.47036624,0.37140608
768.0,-8.190564,1.8435353,2.5809495,-0.1600467,-0.55955255,0.344528
777.0,-8.070854,1.7166426,2.8514943,-0.17592919,-0.64751714,0.33353242
788.0,-7.9990277,1.6448165,3.169923,-0.17348573,-0.7098254,0.32253686
798.0,-8.027759,1.508347,3.3159695,-0.15271631,-0.7635816,0.30665436
809.0,-8.061277,1.4413095,3.4452562,-0.13683382,-0.8026769,0.28955013
817.0,-8.061277,1.508347,3.4380736,-0.13072516,-0.8332202,0.27977628
828.0,-8.063671,1.6711528,3.3638535,-0.13194689,-0.88331115,0.2687807
839.0,-7.97748,1.70946,3.4380736,-0.16982053,-0.91874135,0.25900686
850.0,-7.8505874,1.8435353,3.6056678,-0.23701571,-0.9663888,0.25900686
858.0,-7.7691846,1.922544,4.074931,-0.30298916,-0.98349303,0.25900686
870.0,-7.563283,1.7645266,4.5058875,-0.30298916,-1.0115929,0.24556783
878.0,-7.575254,1.7357962,4.6710877,-0.25045475,-1.0225884,0.22113322
887.0,-7.6590514,1.7597382,4.7429137,-0.16249016,-1.0262536,0.18936823
897.0,-7.575254,1.9297266,4.9823337,-0.059864793,-1.0372492,0.1563815
908.0,-7.577648,1.922544,5.1571107,0.008552114,-1.0458013,0.13439035
918.0,-7.419631,2.0446482,5.2361193,0.02443461,-1.0348058,0.12339478
929.0,-7.371747,2.1284454,5.4659624,-0.0036651916,-1.033584,0.112399206
938.0,-7.2472486,2.0494366,5.604826,-0.056199603,-1.0140363,0.09896017
950.0,-7.1347213,1.9009962,5.6982,-0.10995574,-0.97249746,0.08307768
958.0,-7.1945763,1.7597382,5.8562174,-0.16493362,-0.9407325,0.064751714
967.0,-7.1826053,1.697489,5.9064956,-0.204029,-0.9077458,0.05009095
978.0,-7.132327,1.6304513,6.045359,-0.22113322,-0.8894198,0.04520403
990.0,-7.0102224,1.4652514,6.1123967,-0.21991149,-0.8686504,0.04520403
998.0,-6.9862804,1.3934253,6.2512608,-0.21013765,-0.84665924,0.043982297
1008.0,-7.005434,1.4915876,6.3182983,-0.20280726,-0.8246681,0.039095376
1018.0,-6.95755,1.5873557,6.471527,-0.19425514,-0.8051204,0.032986723
1028.0,-6.88333,1.5442601,6.5577183,-0.1881465,-0.7819075,0.035430185
1040.0,-6.849811,1.3814543,6.6103907,-0.18692477,-0.75625116,0.047647487
1052.0,-6.8450227,1.4149733,6.6056023,-0.18692477,-0.73548174,0.052534413
1073.0,-6.895301,1.4867992,6.4858923,-0.18203785,-0.7244862,0.04642576
1073.0,-6.8689647,1.5705963,6.4523735,-0.18570304,-0.7110472,0.04520403
1078.0,-6.813898,1.6424223,6.600814,-0.21380283,-0.70005155,0.052534413
1089.0,-6.754043,1.5873557,6.5146227,-0.24312437,-0.6817256,0.058643065
1096.0,-6.7684083,1.541866,6.4739213,-0.25167647,-0.6768387,0.05497787
1107.0,-6.766014,1.5370775,6.5457473,-0.25534168,-0.66339964,0.039095376
1116.0,-6.7803793,1.508347,6.658275,-0.24678956,-0.6560693,0.02565634
1126.0,-6.6654577,1.5634137,6.457162,-0.21746802,-0.6536258,0.02687807
1135.0,-6.658275,1.6256629,6.5026517,-0.18081611,-0.6646214,0.028099801
1146.0,-6.5481415,1.7597382,6.631939,-0.13683382,-0.6646214,0.014660766
1155.0,-6.531382,1.7405846,6.6247563,-0.13683382,-0.6646214,0.014660766
1167.0,-6.4427967,1.7908629,6.567295,-0.12217305,-0.6609562,0.007330383
1176.0,-6.4619503,1.6879122,6.6654577,-0.12095132,-0.65240407,0.0012217305
1185.0,-6.4858923,1.6112977,6.8210807,-0.13316862,-0.643852,-0.009773844
1195.0,-6.4044895,1.5370775,6.907272,-0.14538592,-0.63285637,-0.02076942
1204.0,-6.301539,1.4556746,6.9288197,-0.15149458,-0.61819565,-0.05375614
1217.0,-6.31351,1.5275006,6.9048777,-0.14294247,-0.6096435,-0.06963864
1226.0,-6.2512608,1.496376,6.9240313,-0.14172074,-0.59986967,-0.07819075
1235.0,-6.2823853,1.4053963,6.993463,-0.16249016,-0.5876524,-0.07086037
1245.0,-6.3446345,1.3623008,6.991069,-0.19058995,-0.57787853,-0.058643065
1254.0,-6.373365,1.2234371,7.0102224,-0.20769419,-0.5693264,-0.052534413
1264.0,-6.351817,1.2880806,7.1155677,-0.20769419,-0.5766568,-0.04886922
1274.0,-6.3063273,1.2162545,7.290344,-0.19547687,-0.5876524,-0.043982297
1288.0,-6.277597,1.3072342,7.350199,-0.18081611,-0.5900958,-0.035430185
1294.0,-6.2488666,1.2737153,7.469909,-0.17104226,-0.5900958,-0.028099801
1309.0,-6.157887,1.271321,7.3669586,-0.16493362,-0.5864306,-0.02565634
1315.0,-6.1195793,1.2521675,7.3430166,-0.16493362,-0.5766568,-0.029321533
1330.0,-6.0046577,1.3383588,7.2113357,-0.172264,-0.5729916,-0.032986723
1336.0,-6.078878,1.3503298,7.2113357,-0.18570304,-0.5681047,-0.030543262
1356.0,-5.9400144,1.2449849,7.285556,-0.20647246,-0.5656612,-0.02076942
1356.0,-5.887342,1.1420342,7.314286,-0.21746802,-0.5656612,-0.010995574
1425.0,-5.853823,1.0630256,7.311892,-0.21502456,-0.57543504,-0.0061086523
1425.0,-5.829881,1.0414777,7.3406224,-0.2003638,-0.5888741,-0.004886922
1425.0,-5.731719,1.2042835,7.33344,-0.17715092,-0.6035349,-0.008552114
1425.0,-5.6886234,1.2952632,7.467515,-0.15393804,-0.61575216,-0.010995574
1425.0,-5.662287,1.2449849,7.467515,-0.13927728,-0.62796944,-0.004886922
1425.0,-5.547365,1.151611,7.4986396,-0.13439035,-0.6365216,0.002443461
1425.0,-5.5162406,1.0630256,7.6015906,-0.14049901,-0.6426302,0.002443461
1464.0,-5.415684,1.0893618,7.6135616,-0.14294247,-0.6462954,-0.0012217305
1464.0,-5.3247046,1.1707647,7.7572136,-0.14049901,-0.6597345,0.002443461
1464.0,-5.2720323,1.1947067,7.819463,-0.1282817,-0.66950834,0.008552114
1475.0,-5.2241483,1.1204864,7.824251,-0.112399206,-0.6658431,0.015882496
1475.0,-5.255273,1.2521675,7.73806,-0.10873401,-0.6646214,0.015882496
1528.0,-5.353435,1.3982137,7.630321,-0.118507855,-0.66828656,0.0061086523
1528.0,-5.317522,1.4891934,7.6494746,-0.13561209,-0.66828656,-0.004886922
1528.0,-5.2720323,1.5753847,7.6375036,-0.16371189,-0.6768387,-0.013439035
1528.0,-5.133168,1.6232687,7.855376,-0.20647246,-0.6817256,-0.028099801
1528.0,-5.00867,1.6256629,8.015787,-0.23579398,-0.6805039,-0.05131268
1537.0,-4.8123455,1.4077905,8.336611,-0.23090707,-0.6780604,-0.07574729
1546.0,-4.709395,1.1324574,8.506598,-0.19181168,-0.66828656,-0.09407325
1556.0,-4.6782703,1.0606314,8.48984,-0.13316862,-0.6609562,-0.10262536
1566.0,-4.685453,1.0271125,8.456321,-0.08674286,-0.6621779,-0.103847094
1589.0,-4.6399627,1.1252748,8.456321,-0.062308256,-0.6621779,-0.095294975
1589.0,-4.5920787,0.9768343,8.437167,-0.064751714,-0.6597345,-0.0842994
1598.0,-4.4795513,0.9720459,8.238448,-0.09896017,-0.657291,-0.07086037
1605.0,-4.417302,0.9504981,8.238448,-0.16126843,-0.65240407,-0.059864793
1618.0,-4.414908,1.0414777,8.250419,-0.23090707,-0.643852,-0.056199603
1628.0,-4.402937,0.93373865,8.240842,-0.29810223,-0.6389651,-0.052534413
1636.0,-4.3885717,0.830788,8.429984,-0.3640757,-0.6267477,-0.052534413
1653.0,-4.441244,0.6727707,8.66701,-0.4166101,-0.61819565,-0.05009095
1655.0,-4.3263226,0.5363012,8.90643,-0.4288274,-0.61086524,-0.04642576
1666.0,-4.2305546,0.24660277,8.942344,-0.38973203,-0.6243043,-0.040317107
1675.0,-4.1683054,0.093373865,8.911219,-0.32498032,-0.643852,-0.03176499
1685.0,-4.096479,0.16998832,8.813056,-0.24556783,-0.64996064,-0.021991149
1696.0,-4.0294414,0.36391866,8.75799,-0.1563815,-0.6560693,-0.012217305
1709.0,-4.0653543,0.50278234,8.640674,-0.07941248,-0.66950834,0.0
1718.0,-3.9839516,0.47405192,8.604761,-0.058643065,-0.6658431,0.018325957
1725.0,-3.8379054,0.4141969,8.817844,-0.09040806,-0.64996064,0.037873644
1735.0,-3.6942532,0.32321724,9.126697,-0.1282817,-0.61575216,0.052534413
1746.0,-3.6535518,0.1412579,9.363723,-0.13683382,-0.5888741,0.061086524
1757.0,-3.5936968,0.023942016,9.485827,-0.10995574,-0.56688297,0.062308256
1769.0,-3.620033,0.076614454,9.512163,-0.0720821,-0.5534439,0.061086524
1777.0,-3.5649664,0.20111294,9.536105,-0.04153884,-0.5326745,0.06352998
1789.0,-3.5194764,0.21787235,9.339781,-0.021991149,-0.51068336,0.06719518
1798.0,-3.5098996,0.22984336,9.380483,-0.02687807,-0.48991394,0.0720821
1808.0,-3.5075054,0.24181437,9.385271,-0.05009095,-0.45814893,0.07696902
1819.0,-3.5290532,0.25617957,9.404425,-0.07941248,-0.4251622,0.07696902
1830.0,-3.3303347,0.29448682,9.380483,-0.103847094,-0.39706242,0.07696902
1837.0,-3.2680852,0.12449849,9.325416,-0.118507855,-0.3652974,0.07941248
1850.0,-3.2369606,0.22505496,9.296685,-0.12095132,-0.33964106,0.08674286
1857.0,-3.3135753,0.320823,9.275137,-0.119729586,-0.32253686,0.10140363
1883.0,-3.3135753,0.33997664,9.150639,-0.12461651,-0.30787608,0.12095132
1883.0,-3.3207579,0.46208093,9.090784,-0.13194689,-0.29443705,0.13927728
1887.0,-3.3303347,0.58897364,9.066842,-0.13927728,-0.29443705,0.15271631
1899.0,-3.3279405,0.6440403,9.109938,-0.14294247,-0.28710666,0.16126843
1906.0,-3.347094,0.60573304,9.064447,-0.13805555,-0.28099802,0.16126843
1918.0,-3.277662,0.60333884,9.148245,-0.12705997,-0.28221974,0.15027285
1927.0,-3.2585084,0.6512229,9.232041,-0.105068825,-0.28099802,0.13683382
1942.0,-3.265691,0.6464345,9.174581,-0.07086037,-0.27977628,0.12339478
1951.0,-3.122039,0.7374141,9.198523,-0.02565634,-0.28344148,0.112399206
1957.0,-3.1172507,0.7158663,9.176975,0.021991149,-0.27488935,0.105068825
1977.0,-3.1292217,0.7757214,9.160215,0.064751714,-0.2687807,0.10629055
1977.0,-3.1196449,0.89064306,9.136273,0.09285152,-0.2773328,0.111177474
2000.0,-3.071761,1.0342951,9.114726,0.10140363,-0.2773328,0.118507855
2000.0,-3.1148565,1.055843,9.138668,0.09407325,-0.2761111,0.12339478
2006.0,-3.0238767,1.0989386,9.078813,0.0720821,-0.27122417,0.12095132
2015.0,-2.9759927,0.9768343,9.13388,0.040317107,-0.26267207,0.11362094
2025.0,-2.9257145,0.9600749,9.277532,0.014660766,-0.25778514,0.10262536
2035.0,-2.9831753,1.0223241,9.320627,0.010995574,-0.25411993,0.06841691
2047.0,-2.870648,0.9624691,9.315839,0.021991149,-0.25167647,0.047647487
2055.0,-2.815581,1.0749966,9.385271,0.018325957,-0.25167647,0.02687807
2067.0,-2.777274,1.2617443,9.337387,-0.040317107,-0.24678956,0.0061086523
2078.0,-2.779668,1.1827357,9.279925,-0.12705997,-0.21624629,-0.010995574
2087.0,-2.741361,0.79248077,9.196129,-0.18325958,-0.18203785,-0.021991149
2096.0,-2.8443117,0.6392518,9.234436,-0.2003638,-0.16982053,-0.03176499
2106.0,-2.8514943,0.6440403,9.224859,-0.19792034,-0.17715092,-0.037873644
2116.0,-2.741361,0.62728083,9.186552,-0.17715092,-0.19547687,-0.030543262
2127.0,-2.7126305,0.5746084,9.148245,-0.14660765,-0.21868975,-0.017104227
2136.0,-2.6839,0.5410896,9.160215,-0.119729586,-0.23579398,-0.009773844
2147.0,-2.645593,0.50757074,8.9758625,-0.09773844,-0.25045475,-0.017104227
2156.0,-2.5713725,0.4141969,8.963891,-0.073303826,-0.26511553,-0.029321533
2166.0,-2.6264393,0.34715924,9.19134,-0.018325957,-0.26145032,-0.037873644
2176.0,-2.6264393,0.3878607,9.3182335,0.05497787,-0.27488935,-0.032986723
2187.0,-2.4875755,0.45010993,9.382876,0.09162979,-0.29077184,-0.009773844
2198.0,-2.4420857,0.5482722,9.361329,0.089186326,-0.29443705,0.019547688
2207.0,-2.420538,0.521936,9.406818,0.0720821,-0.29565877,0.039095376
2216.0,-2.4420857,0.49799395,9.313444,0.05009095,-0.2919936,0.042760566
2226.0,-2.5330653,0.4141969,9.31105,0.039095376,-0.2883284,0.039095376
2237.0,-2.408567,0.2825158,9.212888,0.040317107,-0.29932398,0.047647487
2249.0,-2.3439236,0.2633622,9.169792,0.059864793,-0.31887165,0.073303826
2258.0,-2.3558946,0.2753332,9.16261,0.09407325,-0.34574974,0.103847094
2268.0,-2.183512,0.32561144,9.212888,0.1160644,-0.36774087,0.12950343
2278.0,-2.1045034,0.28491,9.167398,0.118507855,-0.376293,0.15027285
2288.0,-2.1260512,0.18914193,9.167398,0.12461651,-0.3811799,0.16615535
2296.0,-2.054225,0.30406362,9.246407,0.12950343,-0.4007276,0.18081611
2337.0,-2.0853498,0.33758244,9.105149,0.12583824,-0.41783184,0.1966986
2338.0,-2.0590134,0.49081135,9.102755,0.111177474,-0.43127087,0.21624629
2338.0,-2.0614076,0.46447513,9.045294,0.07941248,-0.45204028,0.22968534
2338.0,-1.958457,0.6967127,9.066842,0.02321288,-0.46181414,0.22724187
2347.0,-1.9416976,0.90979666,9.279925,-0.056199603,-0.4447099,0.2125811
2358.0,-1.9033904,1.1252748,9.514558,-0.07696902,-0.42638394,0.17715092
2369.0,-1.8483237,1.1779473,9.524135,-0.007330383,-0.44348818,0.13316862
2378.0,-1.7238252,1.1659763,9.411607,0.04886922,-0.46670106,0.119729586
2388.0,-1.7046716,1.0941502,9.291897,-0.0012217305,-0.4569272,0.14049901
2399.0,-1.7549498,1.0414777,9.16261,-0.12583824,-0.4373795,0.14782938
2408.0,-1.7621324,1.0654198,9.066842,-0.21868975,-0.4288274,0.10629055
2419.0,-1.745373,1.0007763,9.069236,-0.26145032,-0.4129449,0.029321533
2432.0,-1.8195933,0.91937345,8.954314,-0.29565877,-0.4251622,-0.035430185
2438.0,-1.745373,0.6631939,9.19134,-0.32620203,-0.4288274,-0.05131268
2450.0,-1.6160861,0.10534488,9.397242,-0.34697145,-0.4092797,-0.02321288
2461.0,-1.6328455,-0.58657944,9.545682,-0.27855456,-0.36896262,0.008552114
2471.0,-1.6112977,-0.6967127,9.631873,-0.13683382,-0.38728857,0.05131268
2480.0,-1.5131354,-0.2801216,9.595961,-0.09407325,-0.45814893,0.10751228
2490.0,-1.1971009,0.12689269,9.67018,-0.12950343,-0.47158796,0.14660765
2498.0,-1.055843,0.45010993,9.8042555,-0.17715092,-0.47525316,0.13805555
2514.0,-1.0055647,0.6847417,9.775525,-0.20647246,-0.46181414,0.07574729
