18.0,-0.033518825,-0.16519992,9.864111,-0.12583824,-0.25167647,0.05009095
44.0,1.0247183,-0.2896984,9.636662,0.15515977,0.12095132,-0.07696902
44.0,1.1468226,-0.18435353,9.636662,-0.0036651916,-0.28588495,-0.24312437
44.0,0.842759,-0.17238252,9.694122,-0.13316862,-0.39584067,-0.35185838
73.0,0.62488663,-0.062249243,9.744401,-0.07941248,0.4361578,-0.05009095
73.0,0.63206923,-0.08619126,9.842564,-0.18203785,0.49235737,-0.1001819
77.0,0.7541735,-0.01436521,9.89763,-0.29565877,0.33964106,-0.22357668
83.0,0.8571242,0.047884032,9.976639,-0.36896262,0.18692477,-0.3371976
94.0,0.7733272,0.08140286,9.919178,-0.44348818,0.21380283,-0.3933972
103.0,0.6751649,-0.011971008,9.801862,-0.54733527,0.25534168,-0.44226643
114.0,0.62967503,-0.17238252,9.725247,-0.66706485,0.2919936,-0.4728097
123.0,0.62009823,-0.5746084,9.909601,-0.77579886,0.32253686,-0.49480084
135.0,0.56982,-0.89303726,10.108319,-0.8552113,0.35430184,-0.5155703
143.0,0.59376204,-1.1611878,10.31901,-0.906524,0.39584067,-0.5326745
154.0,0.46686932,-1.2210429,10.536881,-0.9419542,0.44104472,-0.5497787
164.0,0.32321724,-1.1755531,10.733206,-0.9468411,0.50335294,-0.5729916
175.0,0.11252748,-1.2306197,10.771513,-0.91507614,0.5705481,-0.5876524
183.0,-0.11252748,-1.436521,11.066,-0.87598073,0.6218608,-0.5742133
195.0,-0.074220255,-1.7381904,11.125855,-0.829555,0.6609562,-0.54000485
204.0,0.023942016,-1.99437,11.116279,-0.7611381,0.70371675,-0.5045747
215.0,0.16519992,-2.1643584,11.116279,-0.6780604,0.7611381,-0.47158796
224.0,0.021547815,-2.2337902,11.161768,-0.5815437,0.83199847,-0.4447099
235.0,-0.16998832,-2.1978772,11.178528,-0.47647488,0.9138544,-0.43127087
244.0,-0.30166942,-1.9393034,11.207258,-0.40683624,0.99204516,-0.4129449
255.0,-0.46926352,-1.7381904,11.269507,-0.4288274,1.065349,-0.38240165
266.0,-0.50278234,-1.4867992,11.408371,-0.56199604,1.1484267,-0.34208453
276.0,-0.6344634,-1.5298948,11.47062,-0.7806858,1.2632693,-0.2932153
285.0,-0.8283938,-1.8052281,11.382035,-1.0164797,1.3842206,-0.23945917
294.0,-1.0055647,-2.3343468,11.257536,-1.2253957,1.4966198,-0.18570304
304.0,-1.3575124,-2.8179753,11.020511,-1.3768903,1.5943583,-0.12583824
316.0,-1.7477672,-3.1531637,10.9582615,-1.4514158,1.6786577,-0.057421334
324.0,-2.030283,-3.5865142,10.970232,-1.4404203,1.740966,0.010995574
335.0,-2.3678656,-3.7301662,10.99178,-1.3487904,1.7788396,0.06963864
344.0,-2.621651,-3.6296098,10.876859,-1.2131784,1.817935,0.12461651
355.0,-2.6743233,-3.5697548,10.745177,-1.0445796,1.863139,0.1881465
365.0,-2.89459,-3.6607344,10.3932295,-0.86376345,1.9083431,0.2687807
377.0,-3.1004913,-3.596091,10.144233,-0.66828656,1.9511036,0.35918877
385.0,-3.4045548,-3.4380736,10.081984,-0.47525316,1.990199,0.43860126
395.0,-3.5553896,-3.406949,9.7803135,-0.28099802,2.0134118,0.50823987
405.0,-3.70383,-3.5577838,9.375694,-0.10629055,2.0182989,0.58276546
415.0,-3.751714,-3.5314474,9.081207,0.021991149,2.0207422,0.67073005
425.0,-3.7972038,-3.4404678,8.925584,0.10629055,2.0244074,0.75747293
436.0,-3.845088,-3.1675289,8.700529,0.17592919,2.0366247,0.8258898
445.0,-3.9336734,-2.9113493,8.690952,0.24923302,2.0390682,0.87109387
455.0,-4.0198646,-2.7461493,8.324639,0.33108896,2.0292943,0.90408057
465.0,-4.1012673,-2.5306711,7.9607205,0.37507126,2.0182989,0.93828905
476.0,-4.2066126,-2.3558946,7.735666,0.37873647,2.0146337,0.97005403
485.0,-4.292804,-2.2481554,7.539341,0.376293,2.0073032,0.9944886
496.0,-4.3981485,-2.2720973,7.4028716,0.3567453,1.9853121,1.0079277
505.0,-4.534618,-2.2840683,7.249643,0.3323107,1.9694295,1.0201449
515.0,-4.5657425,-2.2242134,7.2065473,0.3042109,1.9449949,1.0348058
525.0,-4.7022123,-2.1571758,7.0245876,0.31031954,1.9144517,1.0433578
535.0,-4.795586,-2.042254,6.9479733,0.36163223,1.8765781,1.0384709
545.0,-4.8243165,-2.1284454,7.038953,0.40683624,1.8362609,1.0372492
556.0,-4.8817773,-2.135628,6.7492547,0.43982297,1.813048,1.0531317
565.0,-5.0014873,-2.0374656,6.447585,0.49480084,1.7739527,1.0604621
580.0,-5.2648497,-1.661576,6.0764837,0.5681047,1.72264,1.0360274
587.0,-5.377377,-1.3215994,5.877765,0.6133087,1.6737708,1.0005972
597.0,-5.4803276,-1.3000516,6.0262055,0.6072,1.6371188,0.9761627
609.0,-5.5042696,-1.292869,6.172252,0.5900958,1.600467,0.95905846
620.0,-5.5497594,-1.283292,6.0884547,0.5876524,1.5613716,0.9285152
628.0,-5.755661,-1.1420342,6.0716953,0.5864306,1.518611,0.88208944
639.0,-5.8681884,-1.0965444,5.7365074,0.5681047,1.4770721,0.8417723
648.0,-6.0740895,-0.9935937,5.518635,0.50823987,1.4306464,0.82344633
659.0,-6.1530986,-0.9983821,5.257667,0.41050145,1.3866642,0.81000733
668.0,-6.2249246,-1.0079589,5.255273,0.3408628,1.3402383,0.7867944
681.0,-6.2512608,-0.8451532,5.3606176,0.30665436,1.2278391,0.75625116
688.0,-6.2584434,-0.62249243,5.2768207,0.30665436,1.2278391,0.75625116
700.0,-6.399701,-0.49081135,5.2049947,0.3200934,1.174083,0.7489208
708.0,-6.5265937,-0.48362875,5.2289367,0.32742378,1.1252137,0.73426
719.0,-6.5984197,-0.37828386,5.197812,0.31764993,1.0726794,0.7122689
728.0,-6.9240313,-0.4381389,5.1523223,0.35185838,0.9602802,0.657291
740.0,-6.9240313,-0.4429273,5.1116204,0.36651915,0.90285885,0.643852
748.0,-7.053318,-0.23942018,4.8961425,0.3567453,0.84299403,0.63407815
759.0,-7.062895,0.11971009,4.853047,0.31764993,0.784351,0.61208695
769.0,-7.1395097,0.25139117,4.8817773,0.24678956,0.7415904,0.5925393
780.0,-7.1395097,0.33997664,4.8362875,0.15027285,0.7012733,0.59498274
788.0,-7.1969705,0.3878607,4.948815,0.047647487,0.67073005,0.59986967
800.0,-7.204153,0.4189853,4.9895163,-0.030543262,0.63285637,0.59986967
809.0,-7.2544312,0.2801216,4.9200845,-0.0842994,0.5900958,0.59864795
820.0,-7.321469,0.16519992,4.876989,-0.11362094,0.56077427,0.59498274
828.0,-7.4004774,0.29209262,4.759673,-0.095294975,0.52778757,0.5717699
840.0,-7.4387846,0.50517654,4.5992613,-0.047647487,0.48747048,0.53023106
848.0,-7.5704656,0.59855044,4.5920787,-0.028099801,0.45570546,0.4972443
861.0,-7.4746976,0.56982,4.5441947,-0.04886922,0.42638394,0.48380527
868.0,-7.575254,0.7062895,4.4699745,-0.095294975,0.38362336,0.46303585
881.0,-7.6375036,0.90500826,4.414908,-0.17592919,0.34330627,0.42149702
889.0,-7.6470804,0.94331545,4.3239284,-0.25900686,0.2932153,0.39950588
899.0,-7.7691846,0.9935937,4.3119574,-0.28955013,0.23335053,0.36651915
907.0,-7.6470804,0.9911995,4.3239284,-0.2687807,0.16126843,0.3200934
920.0,-7.699753,1.0654198,4.000711,-0.23823744,0.080634214,0.2846632
929.0,-7.7667904,1.1252748,3.881001,-0.21502456,-0.0012217305,0.24190263
940.0,-7.7428484,1.1683705,3.809175,-0.19181168,-0.08674286,0.17959438
948.0,-7.714118,1.2018893,3.6774938,-0.1685988,-0.17348573,0.13316862
960.0,-7.807492,1.1707647,3.596091,-0.15149458,-0.25534168,0.10629055
969.0,-7.750031,1.0175357,3.643975,-0.15393804,-0.33108896,0.08307768
981.0,-7.651869,0.8882488,3.8307228,-0.16126843,-0.41172317,0.059864793
988.0,-7.52737,0.60094464,4.0342298,-0.15393804,-0.5009095,0.036651913
998.0,-7.4507556,0.4261679,4.247314,-0.14172074,-0.5864306,0.014660766
1009.0,-7.4124484,0.35913026,4.4675803,-0.13561209,-0.66339964,-0.004886922
1020.0,-7.36217,0.21068975,4.51307,-0.13683382,-0.72692966,-0.013439035
1029.0,-7.4483614,0.15801731,4.5441947,-0.14660765,-0.7855727,-0.021991149
1040.0,-7.4507556,0.39025488,4.6160207,-0.16493362,-0.82833326,-0.032986723
1049.0,-7.398083,0.51714754,4.6136265,-0.17592919,-0.8723156,-0.035430185
1058.0,-7.3549876,0.46208093,4.6902413,-0.18936823,-0.9260717,-0.030543262
1110.0,-7.299921,0.4429273,4.8027687,-0.20647246,-0.96761054,-0.032986723
1110.0,-7.144298,0.30645782,5.0661306,-0.19547687,-1.0042624,-0.043982297
1110.0,-7.1514807,0.23463176,5.1475334,-0.1563815,-1.0531317,-0.05497787
1110.0,-7.065289,0.49799395,5.463568,-0.111177474,-1.1068878,-0.06963864
1110.0,-6.945579,0.79008657,5.657499,-0.087964594,-1.1410962,-0.08674286
1117.0,-6.847417,0.78290397,5.9160724,-0.10140363,-1.1557571,-0.09407325
1125.0,-6.6870055,0.6631939,6.181829,-0.14049901,-1.1606439,-0.095294975
1137.0,-6.588843,0.5315128,6.4140663,-0.19181168,-1.1667526,-0.111177474
1148.0,-6.64391,0.581791,6.457162,-0.23579398,-1.1630874,-0.13927728
1158.0,-6.6750345,0.56982,6.4667387,-0.26511553,-1.1679744,-0.1563815
1168.0,-6.5385647,0.3854665,6.256049,-0.2883284,-1.17897,-0.16126843
1178.0,-6.471527,0.36391866,6.325481,-0.312763,-1.1899655,-0.16493362
1188.0,-6.397307,0.2896984,6.5936313,-0.3359759,-1.1899655,-0.1685988
1197.0,-6.325481,0.095768064,7.1083846,-0.312763,-1.1863003,-0.17592919
1208.0,-6.227319,0.01436521,7.726089,-0.2406809,-1.1814134,-0.19058995
1219.0,-6.0262055,-0.06703765,8.161834,-0.14782938,-1.1765264,-0.204029
1227.0,-5.971139,-0.1436521,8.176199,-0.07452556,-1.1655309,-0.2003638
1238.0,-5.9687448,-0.035913024,7.9726915,-0.02565634,-1.1349876,-0.204029
1250.0,-6.0980315,0.047884032,7.9248075,0.009773844,-1.105666,-0.2284636
1259.0,-6.0836663,0.05267244,7.7907324,0.018325957,-1.078788,-0.23823744
1269.0,-5.9639564,-0.059855044,7.565677,-0.0061086523,-1.0567969,-0.21502456
1281.0,-5.837064,0.06464344,7.501034,-0.056199603,-1.0323622,-0.1881465
1290.0,-5.767632,0.08140286,7.57286,-0.096516706,-1.0128145,-0.18325958
1299.0,-5.8203044,0.016759412,7.7548194,-0.12217305,-0.98471475,-0.17959438
1307.0,-5.645528,-0.08379706,7.848193,-0.13439035,-0.96883225,-0.1600467
1318.0,-5.48751,-0.20829555,8.015787,-0.13194689,-0.9578367,-0.13561209
1329.0,-5.449203,-0.28491,8.061277,-0.10751228,-0.94806284,-0.12461651
1338.0,-5.377377,-0.24420857,8.106767,-0.08552113,-0.9431759,-0.12705997
1347.0,-5.29358,-0.30645782,8.042124,-0.08552113,-0.9370673,-0.12705997
1358.0,-5.231331,-0.4237737,8.14268,-0.08552113,-0.9272934,-0.12461651
1367.0,-5.1475334,-0.31364042,8.157045,-0.07941248,-0.91874135,-0.12095132
1383.0,-4.996699,-0.29688102,8.106767,-0.081855945,-0.9138544,-0.11728613
1387.0,-4.9344497,-0.1412579,8.0445175,-0.089186326,-0.8943067,-0.10751228
1397.0,-4.8841715,-0.059855044,8.190564,-0.089186326,-0.89552844,-0.10629055
1406.0,-4.771644,-0.4381389,8.341399,-0.08552113,-0.8735373,-0.10262536
1417.0,-4.7524905,-0.78050977,8.573636,-0.080634214,-0.8393288,-0.08674286
1426.0,-4.673482,-0.8283938,8.717288,-0.065973446,-0.8185594,-0.07574729
1436.0,-4.5896845,-0.62249243,8.65025,-0.030543262,-0.8136725,-0.07452556
1448.0,-4.6495395,-0.4309563,8.580819,-0.012217305,-0.81245077,-0.0720821
1457.0,-4.5801077,-0.2633622,8.588001,-0.05131268,-0.7892379,-0.064751714
1467.0,-4.5274353,-0.22266077,8.607155,-0.11728613,-0.7684685,-0.058643065
1476.0,-4.429273,-0.30645782,8.604761,-0.18448131,-0.73426,-0.039095376
1485.0,-4.321534,-0.5363012,8.6334915,-0.18448131,-0.73426,-0.039095376
1496.0,-4.343082,-0.5674258,8.607155,-0.19914207,-0.71837753,-0.02443461
1506.0,-4.3718123,-0.44532153,8.556877,-0.21013765,-0.7110472,-0.015882496
1517.0,-4.3119574,-0.31364042,8.564059,-0.20891592,-0.7086037,-0.013439035
1525.0,-4.2401314,-0.18674773,8.513782,-0.20158553,-0.7122689,-0.012217305
1536.0,-4.19943,-0.28491,8.523358,-0.2003638,-0.7147123,-0.009773844
1545.0,-4.072537,-0.37110126,8.678981,-0.20158553,-0.70738196,-0.004886922
1556.0,-3.940856,-0.5363012,8.652645,-0.16493362,-0.7049385,-0.004886922
1566.0,-3.751714,-0.545878,9.009381,-0.13194689,-0.7110472,-0.014660766
1581.0,-3.7469256,-0.6464345,9.018958,-0.09285152,-0.70616025,-0.014660766
1586.0,-3.667917,-0.78050977,9.136273,-0.062308256,-0.6963864,-0.002443461
1596.0,-3.6703112,-0.59855044,9.124303,-0.034208454,-0.68783426,0.002443461
1623.0,-3.6727054,-0.5793968,9.155427,-0.012217305,-0.68294734,-0.0012217305
1623.0,-3.6415808,-0.40940848,9.174581,-0.014660766,-0.66950834,-0.004886922
1627.0,-3.5817258,-0.35913026,9.172187,-0.036651913,-0.65240407,-0.0061086523
1637.0,-3.4739866,-0.29448682,9.224859,-0.05009095,-0.6365216,-0.0061086523
1646.0,-3.4620156,-0.3878607,9.3733,-0.056199603,-0.61453044,-0.0036651916
1681.0,-3.3207579,-0.5793968,9.361329,-0.057421334,-0.59131753,-0.0036651916
1681.0,-3.3063924,-0.61291564,9.481039,-0.04520403,-0.57543504,-0.008552114
1681.0,-3.2920272,-0.60094464,9.639056,-0.03176499,-0.56199604,-0.021991149
1692.0,-3.1411927,-0.62009823,9.701305,-0.012217305,-0.54000485,-0.028099801
1758.0,-3.071761,-0.5434838,9.524135,0.02076942,-0.52290064,-0.02321288
1758.0,-3.086126,-0.4261679,9.423578,0.04153884,-0.50823987,-0.019547688
1758.0,-3.1603463,-0.22266077,9.16261,0.02321288,-0.49113566,-0.02443461
1758.0,-3.1124623,-0.260968,9.153033,-0.037873644,-0.46792278,-0.02443461
1758.0,-2.9640217,-0.40940848,9.217676,-0.10873401,-0.44104472,-0.018325957
1758.0,-2.944868,-0.62967503,9.3661175,-0.14905111,-0.42394048,-0.008552114
1758.0,-2.896984,-0.78769237,9.457097,-0.14049901,-0.41416663,0.0
1861.0,-2.815581,-0.8331822,9.433155,-0.09407325,-0.4129449,0.0012217305
1862.0,-2.846706,-0.6919243,9.488221,-0.047647487,-0.41538838,-0.0012217305
1862.0,-2.779668,-0.5746084,9.464279,-0.02076942,-0.4129449,-0.0036651916
1862.0,-2.765303,-0.61770403,9.490616,-0.02076942,-0.40317106,0.0012217305
1862.0,-2.6767175,-0.59376204,9.512163,-0.032986723,-0.3933972,0.010995574
1862.0,-2.6120741,-0.61052144,9.485827,-0.042760566,-0.3848451,0.018325957
1862.0,-2.5737667,-0.6464345,9.385271,-0.04520403,-0.36774087,0.028099801
1862.0,-2.5953147,-0.61052144,9.354146,-0.04886922,-0.3555236,0.035430185
1862.0,-2.6120741,-0.51954174,9.356541,-0.062308256,-0.33964106,0.040317107
1862.0,-2.5833437,-0.63206923,9.31105,-0.07086037,-0.32986724,0.04520403
1871.0,-2.552219,-0.6943185,9.354146,-0.06719518,-0.32742378,0.052534413
1878.0,-2.6767175,-0.7781156,9.356541,-0.062308256,-0.32498032,0.057421334
1886.0,-2.5785553,-0.8475474,9.471462,-0.05009095,-0.32375857,0.058643065
1896.0,-2.516306,-0.7422025,9.629479,-0.021991149,-0.32375857,0.05497787
1906.0,-2.4660277,-0.62728083,9.572019,0.014660766,-0.33108896,0.05497787
1916.0,-2.4181437,-0.58657944,9.425972,0.037873644,-0.32986724,0.057421334
1929.0,-2.4756045,-0.49799395,9.296685,0.036651913,-0.3200934,0.057421334
1938.0,-2.4109612,-0.28491,9.291897,0.002443461,-0.30787608,0.05009095
1946.0,-2.3175871,-0.28491,9.277532,-0.04520403,-0.29810223,0.043982297
1956.0,-2.2816741,-0.49799395,9.220071,-0.089186326,-0.28099802,0.047647487
1966.0,-2.2409728,-0.7230489,9.26556,-0.112399206,-0.267559,0.05131268
1977.0,-2.2481554,-0.7326257,9.26556,-0.096516706,-0.26511553,0.04642576
1986.0,-2.3678656,-0.61291564,9.279925,-0.05497787,-0.28099802,0.037873644
1998.0,-2.2888567,-0.45729253,9.346964,-0.02076942,-0.29443705,0.036651913
2006.0,-2.1691468,-0.39264908,9.421184,-0.008552114,-0.29810223,0.040317107
2016.0,-2.0973208,-0.45250413,9.471462,-0.010995574,-0.2932153,0.04153884
2026.0,-2.0231004,-0.545878,9.500193,-0.019547688,-0.28221974,0.042760566
2036.0,-2.0733786,-0.521936,9.555259,-0.02687807,-0.27366763,0.043982297
2048.0,-2.0350714,-0.5434838,9.449914,-0.032986723,-0.27122417,0.042760566
2057.0,-2.0829554,-0.58897364,9.380483,-0.047647487,-0.26511553,0.042760566
2088.0,-2.0039468,-0.62967503,9.390059,-0.073303826,-0.26633725,0.05131268
2088.0,-2.0518308,-0.59855044,9.284714,-0.105068825,-0.26633725,0.062308256
2088.0,-1.9536686,-0.61052144,9.320627,-0.12217305,-0.27000242,0.06963864
2097.0,-1.9632454,-0.59615624,9.248801,-0.12583824,-0.2773328,0.07086037
2112.0,-2.0350714,-0.6392518,9.306262,-0.12583824,-0.28710666,0.06841691
2118.0,-1.9321208,-0.48362875,9.507375,-0.119729586,-0.29810223,0.064751714
2127.0,-1.7956513,-0.5482722,9.507375,-0.10873401,-0.30665436,0.06352998
2161.0,-1.6567876,-0.62249243,9.607931,-0.08552113,-0.31520647,0.06841691
2168.0,-1.6663644,-0.6919243,9.605537,-0.06841691,-0.31520647,0.07452556
2168.0,-1.6496049,-0.59855044,9.504981,-0.06352998,-0.3115413,0.07941248
2168.0,-1.7381904,-0.6536171,9.634268,-0.065973446,-0.30665436,0.08552113
2178.0,-1.7405846,-0.5793968,9.655815,-0.06841691,-0.29932398,0.096516706
2187.0,-1.6687586,-0.6727707,9.674969,-0.07452556,-0.29443705,0.10751228
2197.0,-1.7070658,-0.6368576,9.643845,-0.07696902,-0.2932153,0.111177474
2207.0,-1.733402,-0.5602432,9.672575,-0.0720821,-0.29077184,0.10629055
2217.0,-1.7070658,-0.51954174,9.720459,-0.062308256,-0.2919936,0.10140363
2227.0,-1.5610195,-0.5650316,9.737218,-0.05131268,-0.28955013,0.09896017
2238.0,-1.5825673,-0.48362875,9.797073,-0.037873644,-0.2883284,0.09285152
2247.0,-1.4820108,-0.50757074,9.763555,-0.02076942,-0.27977628,0.081855945
2257.0,-1.4580688,-0.48123455,9.610326,-0.010995574,-0.27122417,0.073303826
2267.0,-1.4437037,-0.58657944,9.531317,-0.015882496,-0.25900686,0.06963864
2277.0,-1.5945383,-0.5554548,9.588778,-0.029321533,-0.24801129,0.065973446
2287.0,-1.5346833,-0.46208093,9.610326,-0.042760566,-0.24678956,0.061086524
2298.0,-1.4556746,-0.5267244,9.660604,-0.05375614,-0.24312437,0.057421334
2307.0,-1.3910311,-0.6488287,9.655815,-0.05375614,-0.23701571,0.05497787
2317.0,-1.4077905,-0.62728083,9.67018,-0.04886922,-0.23335053,0.04886922
2327.0,-1.376666,-0.7206547,9.751583,-0.047647487,-0.22968534,0.036651913
2338.0,-1.3359646,-0.7182605,9.727641,-0.039095376,-0.22724187,0.028099801
2347.0,-1.2545617,-0.6727707,9.770737,-0.02076942,-0.22602014,0.028099801
2359.0,-1.3311762,-0.62728083,9.753978,-0.008552114,-0.22357668,0.02687807
2368.0,-1.2641385,-0.58657944,9.856929,-0.010995574,-0.21868975,0.021991149
2380.0,-1.2449849,-0.581791,9.957485,-0.042760566,-0.18570304,0.014660766
2389.0,-1.2138603,-0.62728083,10.014946,-0.04642576,-0.16371189,0.010995574
2399.0,-1.2210429,-0.7206547,9.959879,-0.034208454,-0.14538592,0.0036651916
2409.0,-1.2497733,-0.6440403,9.85214,-0.015882496,-0.13439035,-0.0012217305
2420.0,-1.2761095,-0.7134721,9.809045,-0.002443461,-0.13072516,-0.0012217305
2430.0,-1.2665327,-0.6871359,9.667787,-0.002443461,-0.13072516,0.0012217305
2443.0,-1.2856863,-0.82121116,9.459491,-0.013439035,-0.13683382,0.004886922
2611.0,-1.30484,-0.8714894,9.416395,-0.029321533,-0.14538592,0.0061086523
2612.0,-1.2282255,-0.8738836,9.368511,-0.04642576,-0.14660765,0.013439035
2612.0,-1.1994951,-1.0031705,9.394848,-0.05009095,-0.16493362,0.034208454
2612.0,-1.1444284,-1.0366893,9.421184,-0.036651913,-0.18081611,0.062308256
2612.0,-1.103727,-0.9648633,9.5385,0.0012217305,-0.19058995,0.08307768
2612.0,-1.0462662,-0.8283938,9.435549,0.039095376,-0.20525073,0.095294975
2612.0,-1.0079589,-0.7326257,9.380483,0.04520403,-0.22357668,0.103847094
2612.0,-1.043872,-0.6440403,9.3661175,0.015882496,-0.2284636,0.111177474
2612.0,-1.1085154,-0.5650316,9.255983,-0.02443461,-0.23335053,0.11728613
2612.0,-1.1372458,-0.62728083,9.323022,-0.052534413,-0.24312437,0.1160644
2612.0,-1.1133038,-0.60094464,9.275137,-0.058643065,-0.25534168,0.112399206
2612.0,-1.0726024,-0.5363012,9.375694,-0.04886922,-0.27488935,0.111177474
2612.0,-1.0127473,-0.320823,9.569624,-0.036651913,-0.28955013,0.10751228
2612.0,-0.91697925,-0.2801216,9.624691,-0.029321533,-0.3005457,0.103847094
2612.0,-0.79487497,-0.49081135,9.615114,-0.04642576,-0.3200934,0.105068825
2612.0,-0.842759,-0.6895301,9.648633,-0.096516706,-0.2968805,0.09162979
2612.0,-0.82360536,-0.8762778,9.655815,-0.13072516,-0.2883284,0.06841691
