23.0,0.107739076,0.7182605,10.714052,-0.061086524,-0.28099802,0.047647487
34.0,0.107739076,0.7182605,10.714052,0.14660765,0.14782938,-0.09407325
47.0,0.6536171,1.4700398,10.790668,0.002443461,-0.26145032,-0.31642818
48.0,1.5705963,1.2330139,10.87207,-0.30665436,-0.27488935,-0.5131268
59.0,2.0470424,0.60094464,10.836157,-0.44593164,0.6817256,-0.3005457
70.0,2.0590134,-0.05746084,10.716447,-0.689056,0.91629785,-0.3481932
81.0,1.7717092,-0.20829555,10.7356,-0.8723156,0.9492846,-0.47525316
90.0,1.4796166,-0.05267244,10.812215,-0.9431759,0.9126327,-0.61941737
99.0,1.2545617,-0.12928689,10.848128,-1.0140363,1.0177015,-0.70371675
110.0,1.1372458,-0.40462008,11.020511,-1.0726794,1.1178834,-0.75747293
120.0,1.0869676,-0.89303726,11.238382,-1.0580186,1.2327261,-0.77946407
129.0,0.82599956,-1.4053963,11.475409,-0.9737192,1.3487904,-0.7819075
141.0,0.62249243,-1.70946,11.484985,-0.8564331,1.459968,-0.77091193
149.0,0.3184288,-1.9201498,11.7148285,-0.7635816,1.577254,-0.7538077
159.0,0.02633622,-1.7525556,11.535264,-0.7244862,1.6896533,-0.7489208
170.0,-0.22744916,-1.5777789,11.528081,-0.82344633,1.9278907,-0.7464773
180.0,-0.59376204,-1.4987702,11.841722,-0.82344633,1.9278907,-0.7464773
189.0,-0.94331545,-1.6543933,11.827356,-0.8698721,2.043955,-0.70005155
201.0,-1.2904748,-2.1068976,11.894394,-0.893085,2.140472,-0.63041294
209.0,-1.5035586,-2.5785553,11.686098,-0.8539896,2.2272146,-0.5766568
220.0,-1.7166426,-2.6791117,11.257536,-0.75991637,2.2785273,-0.54611355
229.0,-2.0326772,-2.4349031,10.805033,-0.59498274,2.339614,-0.46303585
240.0,-2.3535004,-2.3870192,10.146626,-0.5852089,2.39337,-0.35063666
249.0,-2.6192567,-2.5785553,9.78989,-0.58276546,2.4422393,-0.21624629
261.0,-2.920926,-2.7006595,9.627085,-0.5338962,2.460565,-0.111177474
270.0,-3.1962593,-3.0023289,9.435549,-0.44104472,2.4373524,-0.047647487
280.0,-3.2848446,-2.873042,9.074024,-0.35063666,2.3921483,-0.0012217305
289.0,-3.3854012,-2.7126305,8.8777,-0.2968805,2.356718,0.06841691
299.0,-3.4524388,-2.7820623,8.801085,-0.23457226,2.3286183,0.17348573
309.0,-3.5745432,-2.8898015,8.566454,-0.11728613,2.293188,0.26145032
320.0,-3.8139634,-2.9041667,8.37013,0.02443461,2.2479842,0.3005457
330.0,-4.098873,-2.6431987,7.9726915,0.1282817,2.2015584,0.32742378
340.0,-4.2401314,-2.3056161,7.666234,0.17837265,2.1539109,0.37995818
350.0,-4.381389,-2.3750482,7.4363904,0.19058995,2.1050417,0.4605924
360.0,-4.4460325,-2.44448,7.541735,0.19792034,2.0463986,0.5290093
370.0,-4.4556093,-2.5594015,7.4986396,0.22479841,1.9889772,0.5717699
382.0,-4.369418,-2.4468741,7.043741,0.2687807,1.9388863,0.59498274
390.0,-4.6926355,-2.099715,6.8881183,0.32986724,1.8912388,0.6035349
400.0,-4.900931,-1.9321208,6.5146227,0.38362336,1.8350391,0.61208695
410.0,-5.1571107,-1.6184803,6.3805475,0.40561453,1.7763962,0.6389651
420.0,-5.255273,-1.6376339,6.421249,0.42760566,1.704314,0.66828656
430.0,-5.2385135,-1.6639702,6.373365,0.4642576,1.6334536,0.675617
441.0,-5.281609,-1.733402,6.3302693,0.5119051,1.568702,0.6560693
450.0,-5.3941364,-1.496376,6.232107,0.55833083,1.5039502,0.6267477
460.0,-5.566519,-1.2306197,6.0716953,0.5839872,1.4391985,0.6059783
470.0,-5.695806,-1.1492168,5.9687448,0.57543504,1.3646729,0.59131753
481.0,-5.781997,-1.1444284,5.8466406,0.52534413,1.2986995,0.57543504
490.0,-5.8442464,-1.0893618,5.7867856,0.44959682,1.2412782,0.56199604
501.0,-5.8921304,-0.9792285,5.6886234,0.37384954,1.1801916,0.54244834
510.0,-5.973533,-1.0295067,5.717354,0.32375857,1.1166617,0.5204572
520.0,-6.114791,-0.9792285,5.571307,0.2919936,1.0567969,0.50701815
530.0,-6.205771,-0.94570965,5.568913,0.26511553,0.9993755,0.49357912
540.0,-6.3925185,-0.93613285,5.5377884,0.2687807,0.9334021,0.47403142
550.0,-6.3709707,-0.90979666,5.6096144,0.28710666,0.8588765,0.45814893
561.0,-6.3949127,-0.8403648,5.616797,0.29443705,0.77946407,0.43493605
570.0,-6.4404025,-0.7541735,5.729325,0.30176744,0.70738196,0.40561453
581.0,-6.459556,-0.81881696,5.6215854,0.3005457,0.643852,0.38728857
590.0,-6.603208,-0.8882488,5.4180784,0.28344148,0.5852089,0.37140608
600.0,-6.64391,-0.79248077,5.2026005,0.267559,0.52534413,0.34574974
610.0,-6.847417,-0.6392518,5.044583,0.25900686,0.4654793,0.32253686
621.0,-6.909666,-0.46208093,4.960786,0.25167647,0.40317106,0.31398472
630.0,-6.8067155,-0.4141969,4.9344497,0.2443461,0.3371976,0.30787608
640.0,-6.861782,-0.30166942,4.924873,0.22357668,0.2724459,0.29810223
650.0,-6.9407907,-0.23942018,4.9081135,0.18325958,0.20769419,0.2919936
660.0,-6.993463,-0.06943185,4.975151,0.13316862,0.13805555,0.28588495
670.0,-6.943185,-0.009576807,4.9416323,0.0842994,0.062308256,0.2761111
683.0,-6.955156,-0.023942016,4.8578353,0.030543262,-0.014660766,0.26633725
690.0,-6.945579,-0.15562311,4.9823337,-0.010995574,-0.095294975,0.24678956
700.0,-6.969521,-0.12210429,4.9200845,-0.05131268,-0.17592919,0.21991149
710.0,-6.9886746,-0.09816227,4.781221,-0.080634214,-0.24801129,0.18936823
720.0,-6.9144545,-0.045489833,4.948815,-0.10140363,-0.31764993,0.16737708
730.0,-6.8282633,-0.10295067,5.121197,-0.118507855,-0.38362336,0.16126843
742.0,-6.799533,-0.17477672,5.2648497,-0.12339478,-0.4373795,0.1563815
750.0,-6.754043,-0.24660277,5.3701944,-0.11484267,-0.48502702,0.14782938
761.0,-6.7133417,-0.31124622,5.5760956,-0.10873401,-0.5204572,0.14660765
770.0,-6.6870055,-0.3878607,5.758055,-0.111177474,-0.54733527,0.14782938
782.0,-6.6870055,-0.5243302,5.7748146,-0.11728613,-0.5693264,0.14294247
790.0,-6.7588315,-0.46686932,5.7748146,-0.13439035,-0.59498274,0.13683382
802.0,-6.8522053,-0.44532153,5.650316,-0.17592919,-0.6377433,0.13194689
811.0,-6.8330517,-0.11731588,5.499481,-0.267559,-0.6792821,0.1282817
820.0,-6.825869,0.1436521,5.3821654,-0.40439278,-0.72326446,0.13683382
831.0,-6.667852,0.15322891,5.473145,-0.5375614,-0.7538077,0.14172074
841.0,-6.5265937,-0.06703765,5.865794,-0.6010914,-0.7831292,0.13805555
851.0,-6.301539,-0.5267244,6.351817,-0.59986967,-0.8051204,0.13439035
862.0,-6.3063273,-0.80205756,6.813898,-0.54733527,-0.8197812,0.12583824
871.0,-6.1626754,-0.82360536,7.1251445,-0.4605924,-0.8246681,0.10751228
882.0,-6.0836663,-0.6631939,7.2783732,-0.36774087,-0.8381071,0.07941248
891.0,-6.129156,-0.61291564,7.3310456,-0.31520647,-0.82833326,0.062308256
901.0,-6.191406,-0.5363012,7.4268136,-0.29932398,-0.8185594,0.057421334
911.0,-6.1387334,-0.6919243,7.515399,-0.29932398,-0.79045963,0.058643065
922.0,-6.1195793,-0.8283938,7.615956,-0.31642818,-0.7696902,0.05375614
931.0,-6.05733,-0.8595184,7.740454,-0.34208453,-0.7476991,0.043982297
941.0,-6.030994,-0.91219085,7.9272017,-0.34574974,-0.72692966,0.035430185
951.0,-5.9448028,-1.0151415,8.008605,-0.33475417,-0.689056,0.04642576
962.0,-5.896919,-1.0462662,7.979874,-0.31398472,-0.6560693,0.062308256
970.0,-5.8801594,-1.0606314,8.039729,-0.27488935,-0.63041294,0.06352998
984.0,-5.865794,-0.8523358,7.9750857,-0.23701571,-0.6206391,0.052534413
991.0,-5.8083334,-0.50517654,8.0445175,-0.22724187,-0.5864306,0.052534413
1001.0,-5.7029886,-0.5602432,7.9391727,-0.24190263,-0.55833083,0.06841691
1011.0,-5.638345,-0.78769237,7.9487495,-0.26511553,-0.52290064,0.0842994
1021.0,-5.66947,-0.81881696,7.917625,-0.26145032,-0.5143485,0.081855945
1031.0,-5.683835,-0.7445967,7.93199,-0.23457226,-0.5155703,0.073303826
1056.0,-5.619191,-0.6895301,7.967903,-0.20525073,-0.5180137,0.0720821
1056.0,-5.48751,-0.6823475,7.9607205,-0.172264,-0.50823987,0.07452556
1062.0,-5.3366756,-0.7661445,7.833828,-0.13072516,-0.5009095,0.073303826
1073.0,-5.451597,-0.7781156,7.687782,-0.10140363,-0.50335294,0.06719518
1084.0,-5.3247046,-0.7015011,7.608773,-0.1160644,-0.51068336,0.07819075
1093.0,-5.269638,-0.7733272,7.639898,-0.14905111,-0.5021312,0.09773844
1104.0,-5.3342814,-0.91458505,7.61835,-0.17592919,-0.50335294,0.105068825
1113.0,-5.3342814,-0.9600749,7.642292,-0.19181168,-0.5155703,0.096516706
1123.0,-5.3342814,-0.93852705,7.5848308,-0.17959438,-0.53878313,0.081855945
1132.0,-5.2409077,-0.82360536,7.620744,-0.14538592,-0.5644395,0.06963864
1143.0,-5.145139,-0.7158663,7.69257,-0.10995574,-0.5864306,0.059864793
1154.0,-5.0637364,-0.6727707,7.869741,-0.07819075,-0.6010914,0.05375614
1165.0,-4.903325,-0.7493851,8.018182,-0.04886922,-0.6096435,0.04886922
1174.0,-4.7764325,-0.78290397,7.9942393,-0.030543262,-0.6133087,0.042760566
1186.0,-4.8243165,-0.80924016,7.9463553,-0.036651913,-0.6133087,0.03176499
1194.0,-4.76925,-0.7206547,7.9391727,-0.059864793,-0.61453044,0.021991149
1207.0,-4.7644615,-0.7182605,7.9032598,-0.087964594,-0.61086524,0.02443461
1212.0,-4.711789,-0.79487497,7.8649526,-0.119729586,-0.6072,0.034208454
1223.0,-4.582502,-0.82599956,7.941567,-0.13683382,-0.61819565,0.034208454
1231.0,-4.6926355,-0.7589619,7.8505874,-0.13805555,-0.6365216,0.021991149
1242.0,-4.721366,-0.61530983,7.8170686,-0.13439035,-0.6585127,0.012217305
1251.0,-4.733337,-0.60094464,7.869741,-0.14049901,-0.6817256,0.013439035
1261.0,-4.7285485,-0.59376204,7.8505874,-0.14905111,-0.7049385,0.017104227
1272.0,-4.685453,-0.6799533,7.9487495,-0.15393804,-0.73548174,0.008552114
1284.0,-4.5441947,-0.6631939,7.9272017,-0.16493362,-0.7611381,-0.009773844
1292.0,-4.4675803,-0.78769237,8.159439,-0.18448131,-0.77457714,-0.017104227
1302.0,-4.3358994,-0.93373865,8.288726,-0.19181168,-0.79045963,-0.012217305
1311.0,-4.249708,-1.0295067,8.499416,-0.17592919,-0.8002335,-0.009773844
1322.0,-4.0438066,-1.0414777,8.628703,-0.12950343,-0.8038987,-0.015882496
1331.0,-4.010288,-1.067814,8.578424,-0.07819075,-0.81000733,-0.017104227
1342.0,-3.9432502,-1.0702082,8.549694,-0.056199603,-0.81122905,-0.008552114
1350.0,-3.9480386,-1.0630256,8.597578,-0.057421334,-0.80878556,0.0
1360.0,-3.952827,-1.0989386,8.631097,-0.056199603,-0.8063421,0.0036651916
1370.0,-3.8714242,-1.0989386,8.755595,-0.047647487,-0.8063421,0.007330383
1381.0,-3.6774938,-1.1348516,8.916007,-0.04153884,-0.79779,0.017104227
1390.0,-3.6032736,-1.2114661,9.0237465,-0.036651913,-0.78801614,0.02565634
1401.0,-3.4979286,-1.1947067,9.208099,-0.029321533,-0.7806858,0.030543262
1410.0,-3.323152,-1.1971009,9.244013,-0.02687807,-0.7733554,0.036651913
1429.0,-3.2513258,-1.1827357,9.244013,-0.029321533,-0.75991637,0.047647487
1432.0,-3.1986535,-1.1923125,9.107543,-0.037873644,-0.7415904,0.062308256
1451.0,-3.2249897,-1.1492168,9.095572,-0.059864793,-0.72204274,0.07574729
1451.0,-3.095703,-1.0893618,9.093178,-0.07086037,-0.70371675,0.080634214
1462.0,-3.1148565,-1.2856863,9.066842,-0.06352998,-0.68783426,0.08307768
1473.0,-3.0550013,-1.3192052,9.14585,-0.04642576,-0.6780604,0.08307768
1481.0,-3.1028855,-1.1851299,9.165004,-0.02443461,-0.6743952,0.07452556
1496.0,-3.0765493,-1.0582372,9.222465,-0.008552114,-0.6658431,0.06352998
1528.0,-2.9376855,-1.103727,9.244013,-0.007330383,-0.6536258,0.057421334
1528.0,-2.8491,-1.0127473,9.251195,-0.014660766,-0.643852,0.05375614
1528.0,-2.7868507,-1.079785,9.368511,-0.028099801,-0.63285637,0.05497787
1530.0,-2.705448,-0.9983821,9.411607,-0.037873644,-0.6243043,0.05497787
1614.0,-2.6384103,-0.9888053,9.346964,-0.04886922,-0.6059783,0.05009095
1614.0,-2.4971523,-0.9600749,9.3182335,-0.06719518,-0.5852089,0.043982297
1614.0,-2.5354595,-0.85473,9.267955,-0.07819075,-0.56321776,0.037873644
1614.0,-2.5905263,-0.9672575,9.370906,-0.06841691,-0.5448918,0.036651913
1614.0,-2.4827871,-1.0462662,9.440337,-0.037873644,-0.53023106,0.040317107
1614.0,-2.4277205,-1.1444284,9.387665,0.0061086523,-0.5204572,0.04153884
1614.0,-2.4277205,-1.067814,9.299079,0.05131268,-0.5131268,0.036651913
1614.0,-2.4708161,-1.0007763,9.220071,0.081855945,-0.5155703,0.034208454
1622.0,-2.5187001,-0.878672,9.16261,0.087964594,-0.52656585,0.037873644
1631.0,-2.4732103,-0.78529817,9.172187,0.08552113,-0.5412266,0.043982297
1642.0,-2.3343468,-0.7422025,9.267955,0.08307768,-0.5510005,0.04520403
1651.0,-2.1643584,-0.90261406,9.299079,0.08307768,-0.5546656,0.039095376
1661.0,-2.0446482,-0.9840169,9.423578,0.103847094,-0.55955255,0.030543262
1672.0,-2.0278888,-1.0127473,9.425972,0.13561209,-0.5681047,0.017104227
1681.0,-1.9201498,-0.8403648,9.392453,0.15882497,-0.5729916,0.0036651916
1691.0,-1.9081788,-0.82121116,9.49301,0.16249016,-0.5681047,-0.002443461
1702.0,-1.8387469,-0.7661445,9.586384,0.13561209,-0.5558874,0.004886922
1713.0,-1.7190368,-0.91219085,9.646238,0.10262536,-0.54733527,0.008552114
1722.0,-1.6543933,-0.90261406,9.579201,0.06719518,-0.5363397,-0.002443461
1731.0,-1.6687586,-0.842759,9.619903,0.02687807,-0.5131268,-0.018325957
1742.0,-1.6472107,-0.78290397,9.648633,-0.004886922,-0.49357912,-0.02687807
1751.0,-1.7525556,-0.81402856,9.576807,-0.029321533,-0.48380527,-0.02076942
1762.0,-1.7022774,-0.8595184,9.543288,-0.042760566,-0.47769663,-0.010995574
1771.0,-1.6160861,-1.0127473,9.514558,-0.034208454,-0.47769663,-0.013439035
1782.0,-1.6950948,-1.1133038,9.502586,-0.012217305,-0.48380527,-0.021991149
1791.0,-1.7070658,-0.8810662,9.5385,0.002443461,-0.49357912,-0.029321533
1801.0,-1.6998832,-0.6727707,9.500193,-0.0012217305,-0.49480084,-0.03176499
1811.0,-1.5370775,-0.5793968,9.433155,-0.02565634,-0.4886922,-0.029321533
1823.0,-1.3790601,-0.7541735,9.497798,-0.06352998,-0.47403142,-0.02321288
1832.0,-1.436521,-0.80924016,9.483433,-0.09285152,-0.46914452,-0.02076942
1843.0,-1.4341269,-0.89782566,9.574412,-0.096516706,-0.46914452,-0.029321533
1853.0,-1.3120226,-0.93373865,9.660604,-0.07574729,-0.46670106,-0.034208454
1863.0,-1.2689269,-1.0941502,9.768343,-0.05131268,-0.4605924,-0.028099801
1874.0,-1.271321,-1.1683705,9.765948,-0.0036651916,-0.45448375,-0.030543262
1886.0,-1.1252748,-1.1180922,9.730036,-0.0036651916,-0.45448375,-0.030543262
1893.0,-1.1659763,-1.0247183,9.7324295,-0.004886922,-0.44837508,-0.032986723
1905.0,-1.1013328,-0.93613285,9.801862,-0.035430185,-0.44104472,-0.02443461
1914.0,-1.0462662,-0.93134445,9.849746,-0.12583824,-0.4166101,0.0012217305
1925.0,-0.7613561,-1.0366893,9.873688,-0.15149458,-0.40439278,0.002443461
1934.0,-0.82360536,-1.1348516,9.876082,-0.13927728,-0.3933972,0.002443461
1949.0,-0.8738836,-1.3431472,9.919178,-0.095294975,-0.3848451,0.010995574
1955.0,-0.866701,-1.3144168,9.837775,-0.05131268,-0.37995818,0.02565634
1969.0,-0.81163436,-1.1899183,9.80665,-0.018325957,-0.37384954,0.040317107
1974.0,-0.7781156,-1.1133038,9.76116,0.0012217305,-0.3726278,0.04642576
1985.0,-0.8331822,-0.9744401,9.811439,-0.0012217305,-0.3652974,0.04520403
1995.0,-0.7350199,-0.8834604,9.864111,-0.015882496,-0.35918877,0.04520403
2005.0,-0.6584055,-0.8619126,9.859323,-0.037873644,-0.3481932,0.04520403
2063.0,-0.60333884,-0.90021986,9.765948,-0.061086524,-0.33353242,0.040317107
2063.0,-0.6919243,-1.0271125,9.821015,-0.07452556,-0.32253686,0.02687807
2063.0,-0.5554548,-1.1180922,9.765948,-0.07452556,-0.31887165,0.014660766
2063.0,-0.6607997,-1.0630256,9.715671,-0.062308256,-0.32742378,0.004886922
2063.0,-0.62249243,-0.90740246,9.651027,-0.057421334,-0.3323107,0.0
2063.0,-0.6440403,-0.8882488,9.607931,-0.064751714,-0.33475417,0.0036651916
2117.0,-0.62488663,-0.90261406,9.65821,-0.073303826,-0.32742378,0.010995574
2117.0,-0.50038815,-1.0606314,9.727641,-0.06719518,-0.32498032,0.010995574
2117.0,-0.50996494,-1.0199299,9.734824,-0.05131268,-0.3286455,0.002443461
2117.0,-0.3878607,-0.9744401,9.655815,-0.043982297,-0.32742378,-0.010995574
2117.0,-0.34715924,-0.89064306,9.677363,-0.05375614,-0.31887165,-0.014660766
2123.0,-0.37110126,-0.91697925,9.588778,-0.07574729,-0.312763,-0.010995574
2132.0,-0.39504328,-1.0223241,9.536105,-0.095294975,-0.30787608,-0.007330383
2142.0,-0.2873042,-0.9624691,9.569624,-0.10140363,-0.31031954,-0.012217305
2152.0,-0.2873042,-0.9696517,9.603143,-0.09285152,-0.31887165,-0.021991149
2162.0,-0.15322891,-0.94331545,9.524135,-0.095294975,-0.32375857,-0.02565634
2172.0,-0.22026655,-1.0414777,9.514558,-0.10262536,-0.32742378,-0.02687807
2184.0,-0.22026655,-1.103727,9.595961,-0.089186326,-0.32742378,-0.029321533
2193.0,-0.17956513,-1.1899183,9.689334,-0.059864793,-0.33353242,-0.032986723
2202.0,-0.090979666,-1.2593501,9.768343,-0.03176499,-0.3408628,-0.035430185
2212.0,-0.079008654,-1.2186487,9.7563715,-0.014660766,-0.34697145,-0.034208454
2224.0,-0.08140286,-1.1803415,9.631873,-0.009773844,-0.35918877,-0.02687807
2233.0,-0.11731588,-1.079785,9.615114,-0.021991149,-0.3652974,-0.017104227
2243.0,-0.011971008,-1.0319009,9.677363,-0.04153884,-0.36896262,-0.008552114
2252.0,0.1316811,-1.1061212,9.631873,-0.052534413,-0.37873647,-0.002443461
2262.0,0.17477672,-1.1994951,9.442732,-0.04642576,-0.38240165,-0.0061086523
2272.0,0.15801731,-1.1468226,9.435549,-0.047647487,-0.37995818,-0.009773844
2282.0,0.088585466,-1.1468226,9.466674,-0.06841691,-0.37995818,-0.007330383
2292.0,0.16519992,-1.1659763,9.55047,-0.0842994,-0.38362336,-0.002443461
2304.0,0.22266077,-1.2521675,9.557653,-0.07574729,-0.38973203,0.0
2312.0,0.32321724,-1.388637,9.6845455,-0.04153884,-0.3933972,0.002443461
2323.0,0.4213795,-1.4389153,9.744401,0.004886922,-0.39706242,0.007330383
2333.0,0.521936,-1.4532804,9.698911,0.039095376,-0.4007276,0.017104227
2344.0,0.641646,-1.42455,9.603143,0.04153884,-0.39461896,0.02321288
2354.0,0.61530983,-1.3072342,9.526528,0.0036651916,-0.3811799,0.029321533
2366.0,0.6440403,-1.3623008,9.445126,-0.07086037,-0.36041048,0.042760566
2374.0,0.5291186,-1.4389153,9.662998,-0.17104226,-0.33841935,0.058643065
2384.0,0.50517654,-1.340753,9.885659,-0.28344148,-0.32498032,0.064751714
2400.0,0.533907,-1.2593501,9.967062,-0.33353242,-0.31398472,0.052534413
2405.0,0.62488663,-1.472434,9.981427,-0.30176744,-0.29932398,0.035430185
2420.0,0.6464345,-1.6280571,10.007763,-0.23457226,-0.3042109,0.02443461
3061.0,0.6440403,-1.5562311,10.010158,-0.18325958,-0.30298916,0.018325957
3061.0,0.6703765,-1.30484,9.883265,-0.16371189,-0.29932398,0.010995574
3061.0,0.6847417,-1.1109096,9.859323,-0.18325958,-0.27977628,0.004886922
3061.0,0.82599956,-1.1899183,9.861717,-0.21746802,-0.25289822,0.008552114
3061.0,0.82121116,-1.3814543,9.730036,-0.23335053,-0.2406809,0.012217305
3061.0,0.90740246,-1.4987702,9.665392,-0.21746802,-0.23823744,0.008552114
3061.0,0.93852705,-1.4317327,9.646238,-0.18448131,-0.23823744,0.0061086523
3061.0,0.8834604,-1.3670892,9.67018,-0.16371189,-0.23823744,0.017104227
3061.0,0.9816227,-1.3982137,9.643845,-0.16126843,-0.24923302,0.028099801
3061.0,1.127669,-1.5370775,9.605537,-0.16249016,-0.24801129,0.036651913
3061.0,1.0965444,-1.5658079,9.591172,-0.16737708,-0.24190263,0.040317107
3061.0,0.9959879,-1.4939818,9.651027,-0.16249016,-0.24678956,0.03176499
3061.0,1.043872,-1.352724,9.667787,-0.14172074,-0.25411993,0.02443461
3061.0,1.0390835,-1.3934253,9.595961,0.44959682,1.2412782,0.56199604
3061.0,-5.8921304,-0.9792285,5.6886234,-0.22357668,-0.28710666,0.06841691
3061.0,2.315193,-2.135628,9.583989,-0.19547687,-0.2773328,0.07819075
3061.0,2.2649148,-2.2529438,9.593566,-0.17470746,-0.2773328,0.081855945
3061.0,2.2242134,-2.1643584,9.615114,-0.18936823,-0.24801129,0.0720821
3061.0,2.315193,-2.2697031,9.605537,-0.1563815,-0.23945917,0.06963864
