33.0,2.171541,-0.9600749,10.69011,0.16371189,0.118507855,-0.07941248
33.0,2.1787236,-1.0510546,10.939108,-0.012217305,-0.23945917,-0.2724459
42.0,1.9416976,-1.0366893,11.413159,-0.16126843,-0.27366763,-0.3481932
53.0,1.6424223,-1.0199299,11.796232,-0.11728613,0.68539083,-0.013439035
63.0,1.5466543,-1.2641385,12.021287,-0.22968534,0.89919364,-0.015882496
73.0,1.6591818,-1.4915876,11.949461,-0.36041048,0.9114109,-0.10873401
84.0,1.7908629,-1.472434,11.824963,-0.46792278,0.8491027,-0.22235495
92.0,1.7597382,-1.5729905,11.705252,-0.60231316,0.95905846,-0.26511553
103.0,1.6328455,-1.910573,11.729194,-0.6988298,1.0690142,-0.26633725
112.0,1.3862427,-2.1859062,11.741165,-0.73548174,1.1924089,-0.2443461
124.0,1.1133038,-2.6479871,11.51611,-0.7122689,1.328021,-0.23701571
133.0,0.6751649,-2.873042,11.422736,-0.61208695,1.46852,-0.2406809
144.0,0.320823,-2.8299465,11.264719,-0.46181414,1.577254,-0.23823744
153.0,-0.021547815,-2.5594015,11.042058,-0.3200934,1.6530013,-0.22113322
164.0,-0.48602295,-2.4779987,10.6877165,-0.2284636,1.736079,-0.19303341
174.0,-0.89303726,-2.56419,10.371682,-0.15393804,1.8154916,-0.15760323
183.0,-1.1899183,-2.2864625,10.184934,-0.058643065,1.8570304,-0.12950343
193.0,-1.292869,-1.8435353,9.991004,0.009773844,1.9010127,-0.10262536
205.0,-1.769315,-1.4580688,9.445126,0.028099801,1.9486601,-0.07452556
213.0,-1.5370775,-0.91697925,9.387665,0.047647487,1.9339994,-0.062308256
224.0,-1.7788919,-1.0223241,9.648633,0.010995574,1.9352211,-0.034208454
233.0,-2.384625,-1.8602947,10.0987425,-0.16615535,2.0463986,0.12583824
243.0,-2.9783869,-3.0502129,10.292673,-0.2724459,2.1514673,0.33475417
253.0,-3.064578,-3.2273839,10.0508585,-0.15882497,2.1539109,0.43982297
265.0,-2.8443117,-2.4396915,9.617508,0.04642576,2.0928242,0.3885103
275.0,-2.6024973,-1.3455414,9.500193,0.21502456,2.053729,0.27977628
283.0,-2.5354595,-0.78769237,9.069236,0.29443705,2.053729,0.25167647
293.0,-2.918532,-0.8738836,8.808268,0.27977628,2.080607,0.3371976
303.0,-3.3183637,-1.2641385,8.7053175,0.21991149,2.1270328,0.45570546
313.0,-3.5769374,-1.4508862,8.6334915,0.1881465,2.1429152,0.52290064
325.0,-3.5984852,-1.7190368,8.662222,0.19547687,2.1282544,0.52534413
333.0,-3.5553896,-1.8459295,8.283937,0.21502456,2.098933,0.52534413
344.0,-3.608062,-1.6448165,8.066066,0.23335053,2.057394,0.5497787
354.0,-3.7253778,-1.4053963,7.764396,0.24312437,1.9975294,0.5705481
364.0,-3.9001546,-1.2042835,7.8529816,0.24312437,1.9633209,0.5766568
374.0,-4.000711,-1.1611878,7.7452426,0.25167647,1.9388863,0.5742133
385.0,-4.1419687,-1.0366893,7.7667904,0.2724459,1.8997909,0.57910025
394.0,-4.158728,-0.9959879,7.7308774,0.2846632,1.858252,0.5876524
404.0,-4.321534,-1.0366893,7.4244194,0.2773328,1.8203784,0.5888741
414.0,-4.5394063,-1.1228806,7.2831616,0.2602286,1.7800614,0.5766568
424.0,-4.7381253,-1.1540052,7.2831616,0.25534168,1.7299703,0.5534439
434.0,-4.8985367,-1.1492168,7.201759,0.27000242,1.6859881,0.54000485
445.0,-4.9655743,-1.0654198,7.1586633,0.29932398,1.6236799,0.54000485
454.0,-4.9703627,-0.81163436,7.1371155,0.31764993,1.5699236,0.5363397
465.0,-5.0062757,-0.7230489,7.156269,0.3323107,1.5234979,0.52534413
474.0,-5.0374002,-0.60812724,7.00304,0.33108896,1.4795157,0.516792
484.0,-5.2265425,-0.6536171,6.9527617,0.31398472,1.4440855,0.5143485
494.0,-5.2840033,-0.7757214,6.655881,0.312763,1.3988814,0.50701815
505.0,-5.568913,-0.7278373,6.4643445,0.31520647,1.3536774,0.49235737
514.0,-5.755661,-0.5626374,6.4763155,0.29077184,1.3072516,0.47403142
524.0,-5.686229,-0.5746084,6.4523735,0.26633725,1.2632693,0.4654793
534.0,-5.7987566,-0.59855044,6.3542113,0.2443461,1.2144,0.4654793
544.0,-5.884948,-0.45489833,6.505046,0.22235495,1.1704178,0.453262
554.0,-5.911284,-0.5386954,6.567295,0.21868975,1.1313224,0.43982297
566.0,-5.9400144,-0.557849,6.4882865,0.22602014,1.0555751,0.4447099
574.0,-6.126762,-0.5434838,6.3206925,0.22602014,1.0555751,0.4447099
584.0,-6.229713,-0.39983168,6.14831,0.21991149,1.0225884,0.41905355
594.0,-6.363788,-0.23463176,5.9567738,0.20891592,0.99082345,0.40683624
604.0,-6.4164605,-0.22984336,5.7963624,0.18448131,0.95905846,0.41050145
614.0,-6.531382,-0.24420857,5.8226986,0.1441642,0.93584555,0.408058
629.0,-6.579266,-0.30406362,5.66947,0.1160644,0.8698721,0.39095375
636.0,-6.847417,-0.1388637,5.619191,0.118507855,0.83199847,0.37507126
647.0,-6.933608,-0.1364695,5.518635,0.13316862,0.78801614,0.35308012
658.0,-6.95755,0.021547815,5.4324436,0.1441642,0.7452556,0.34574974
670.0,-6.9503675,0.09816227,5.243302,0.1282817,0.70371675,0.34208453
676.0,-7.007828,0.16998832,5.1930237,0.09896017,0.6585127,0.32620203
687.0,-7.0102224,0.20350714,5.149928,0.057421334,0.6059783,0.30298916
697.0,-7.029376,0.33039984,4.936844,0.015882496,0.5497787,0.28955013
708.0,-7.1634517,0.45729253,5.046977,-0.032986723,0.49480084,0.27855456
717.0,-7.1610575,0.44771573,5.2121773,-0.065973446,0.4288274,0.25289822
727.0,-7.007828,0.34955344,5.058948,-0.062308256,0.34697145,0.2321288
737.0,-7.1634517,0.4285621,4.8865657,-0.05009095,0.2761111,0.21380283
748.0,-7.2209125,0.5602432,4.7381253,-0.029321533,0.2003638,0.17470746
756.0,-7.180211,0.49559975,4.5322237,0.007330383,0.11484267,0.14172074
769.0,-7.1873937,0.581791,4.5058875,0.04520403,0.02321288,0.119729586
776.0,-7.1586633,0.60094464,4.6160207,0.062308256,-0.06352998,0.095294975
788.0,-7.1227503,0.60333884,4.5753193,0.06719518,-0.15027285,0.073303826
796.0,-7.079654,0.63206923,4.709395,0.058643065,-0.23335053,0.05497787
809.0,-7.0126166,0.51954174,4.9320555,0.030543262,-0.30909783,0.039095376
818.0,-6.8905125,0.44532153,5.2504845,0.0036651916,-0.38362336,0.029321533
828.0,-6.9240313,0.1316811,5.535394,-0.009773844,-0.45814893,0.021991149
837.0,-6.859388,-0.033518825,5.7005944,-0.012217305,-0.51923543,0.009773844
848.0,-6.8929067,-0.050278235,5.7005944,-0.007330383,-0.5681047,-0.0061086523
858.0,-6.9647326,0.050278235,5.66947,-0.013439035,-0.61086524,-0.015882496
870.0,-6.9958572,0.19393034,5.619191,-0.04520403,-0.6401868,-0.02443461
875.0,-6.9862804,0.12210429,5.683835,-0.080634214,-0.6609562,-0.02321288
887.0,-6.895301,0.10534488,5.849035,-0.11362094,-0.6743952,-0.018325957
897.0,-6.8522053,0.045489833,6.2009826,-0.14538592,-0.68539083,-0.015882496
908.0,-6.7013707,-0.007182605,6.6295447,-0.16493362,-0.70616025,-0.015882496
916.0,-6.631939,-0.15562311,6.919243,-0.172264,-0.72326446,-0.012217305
929.0,-6.5744777,-0.15562311,7.062895,-0.19058995,-0.7244862,-0.0061086523
937.0,-6.622362,-0.17956513,7.1371155,-0.21135938,-0.72204274,-0.009773844
947.0,-6.6247563,-0.093373865,6.885724,-0.22602014,-0.72082096,-0.014660766
956.0,-6.6726403,0.02633622,6.694188,-0.2565634,-0.7122689,-0.019547688
969.0,-6.646304,0.1316811,6.600814,-0.3213151,-0.6914995,-0.021991149
977.0,-6.6391215,0.02633622,6.7708025,-0.41050145,-0.6743952,-0.0061086523
988.0,-6.517017,-0.12689269,6.9264255,-0.49602258,-0.65240407,0.014660766
996.0,-6.4906807,-0.20111294,7.029376,-0.5546656,-0.6291912,0.02321288
1008.0,-6.5002575,-0.15562311,7.1610575,-0.5900958,-0.61208695,0.019547688
1017.0,-6.399701,-0.17477672,7.3549876,-0.6133087,-0.5925393,0.018325957
1028.0,-6.38773,-0.2873042,7.45315,-0.6133087,-0.57910025,0.021991149
1037.0,-6.301539,-0.2825158,7.4746976,-0.5815437,-0.56199604,0.019547688
1067.0,-6.31351,-0.30166942,7.326257,-0.52290064,-0.548557,0.002443461
1067.0,-6.397307,-0.16280572,7.1466923,-0.46303585,-0.5363397,-0.015882496
1068.0,-6.291962,0.02873042,6.909666,-0.4166101,-0.5448918,-0.021991149
1076.0,-6.2464724,0.033518825,6.88333,-0.4007276,-0.54244834,-0.02565634
1088.0,-6.169858,-0.14604631,7.1155677,-0.40317106,-0.54611355,-0.030543262
1098.0,-6.0740895,-0.38067806,7.240066,-0.38606682,-0.5558874,-0.02687807
1107.0,-5.9567738,-0.45968673,7.264008,-0.34208453,-0.5522222,-0.021991149
1116.0,-5.9902925,-0.3854665,7.503428,-0.28099802,-0.5729916,-0.036651913
1127.0,-5.839458,-0.4333505,7.6470804,-0.22357668,-0.5876524,-0.058643065
1137.0,-5.803545,-0.521936,7.6590514,-0.1685988,-0.59864795,-0.06352998
1146.0,-5.849035,-0.50038815,7.560889,-0.14049901,-0.6047566,-0.06352998
1157.0,-5.803545,-0.45010993,7.5584946,-0.12461651,-0.61086524,-0.07941248
1170.0,-5.777209,-0.3878607,7.5561004,-0.1160644,-0.6169739,-0.09040806
1177.0,-5.60722,-0.49799395,7.85777,-0.12950343,-0.61453044,-0.08552113
1188.0,-5.523423,-0.8499416,8.085219,-0.13194689,-0.60231316,-0.07696902
1196.0,-5.4300494,-0.90500826,8.288726,-0.09896017,-0.5876524,-0.06352998
1207.0,-5.422867,-0.93613285,8.619126,-0.05497787,-0.5742133,-0.062308256
1218.0,-5.470751,-0.9648633,8.645462,-0.008552114,-0.5546656,-0.06719518
1229.0,-5.5042696,-0.9552865,8.494628,0.02565634,-0.5338962,-0.064751714
1237.0,-5.48751,-0.7254431,8.224083,0.02687807,-0.5155703,-0.062308256
1248.0,-5.511452,-0.7015011,7.85777,-0.0012217305,-0.49602258,-0.064751714
1256.0,-5.5976434,-0.6775591,7.651869,-0.06352998,-0.47891834,-0.058643065
1268.0,-5.6239796,-0.49081135,7.524976,-0.13561209,-0.4642576,-0.04886922
1276.0,-5.566519,-0.31364042,7.6494746,-0.18203785,-0.4654793,-0.04520403
1289.0,-5.41329,-0.272939,7.716512,-0.20769419,-0.4605924,-0.039095376
1297.0,-5.207389,-0.35434186,7.800309,-0.22724187,-0.46303585,-0.021991149
1306.0,-5.183447,-0.45250413,7.7332716,-0.24678956,-0.45570546,-0.004886922
1315.0,-5.2361193,-0.5602432,7.735666,-0.25167647,-0.46303585,-0.0012217305
1325.0,-5.2049947,-0.7062895,7.675811,-0.2284636,-0.4728097,-0.008552114
1339.0,-5.2002063,-0.6943185,7.7332716,-0.18203785,-0.46792278,-0.02076942
1348.0,-5.2409077,-0.581791,7.627927,-0.12583824,-0.4801401,-0.032986723
1355.0,-5.149928,-0.45729253,7.457938,-0.08674286,-0.5045747,-0.05009095
1367.0,-5.094861,-0.37828386,7.4387846,-0.07819075,-0.52656585,-0.06719518
1375.0,-5.068525,-0.33518824,7.565677,-0.10629055,-0.535118,-0.07574729
1386.0,-4.939238,-0.58418524,7.78355,-0.14294247,-0.54244834,-0.07941248
1394.0,-4.817134,-0.7038953,8.010999,-0.16371189,-0.5497787,-0.07819075
1406.0,-4.6926355,-0.7254431,8.202535,-0.1563815,-0.55833083,-0.07452556
1415.0,-4.630386,-0.7757214,8.200141,-0.13194689,-0.5693264,-0.07086037
1425.0,-4.5633483,-0.81163436,8.133103,-0.096516706,-0.58032197,-0.07696902
1434.0,-4.6351743,-0.8475474,8.23366,-0.065973446,-0.5900958,-0.095294975
1444.0,-4.6471453,-0.80684596,8.24563,-0.04153884,-0.5876524,-0.105068825
1454.0,-4.489128,-0.8499416,8.24563,-0.039095376,-0.5864306,-0.10140363
1466.0,-4.465186,-0.7302315,8.185776,-0.07819075,-0.5864306,-0.10262536
1474.0,-4.462792,-0.78529817,8.374918,-0.105068825,-0.5864306,-0.105068825
1484.0,-4.357447,-0.8643068,8.327033,-0.12583824,-0.58276546,-0.095294975
1494.0,-4.343082,-0.9504981,8.444349,-0.13194689,-0.5864306,-0.089186326
1504.0,-4.3119574,-0.92416185,8.47308,-0.1160644,-0.59498274,-0.09407325
1514.0,-4.249708,-0.90021986,8.444349,-0.08552113,-0.61208695,-0.096516706
1525.0,-4.2544966,-0.89064306,8.453926,-0.065973446,-0.6206391,-0.09407325
1538.0,-4.1371803,-0.9528923,8.528147,-0.059864793,-0.6218608,-0.09285152
1544.0,-4.084508,-0.9552865,8.556877,-0.052534413,-0.6243043,-0.09773844
1554.0,-4.039018,-0.9935937,8.4587145,-0.05009095,-0.63285637,-0.09896017
1717.0,-4.060566,-0.89543146,8.513782,-0.06352998,-0.6414085,-0.103847094
1717.0,-4.06296,-0.9720459,8.611943,-0.07086037,-0.65118235,-0.10873401
1717.0,-3.892972,-1.0749966,8.690952,-0.07941248,-0.6389651,-0.10262536
1717.0,-3.7852328,-1.0989386,8.834604,-0.08307768,-0.6426302,-0.09040806
1717.0,-3.7181952,-1.1923125,8.973468,-0.07819075,-0.65118235,-0.07819075
1717.0,-3.6367924,-1.1324574,9.038112,-0.062308256,-0.64873886,-0.073303826
1717.0,-3.6104562,-1.1540052,9.009381,-0.034208454,-0.6536258,-0.07086037
1717.0,-3.560178,-1.0893618,9.334992,-0.02076942,-0.6365216,-0.06352998
1717.0,-3.4284968,-1.3335704,9.375694,-0.009773844,-0.61453044,-0.04642576
1717.0,-3.3063924,-1.2952632,9.169792,0.002443461,-0.6059783,-0.02565634
1717.0,-3.3518825,-1.163582,9.018958,-0.010995574,-0.59742624,-0.017104227
1717.0,-3.3901896,-1.0055647,9.066842,-0.04642576,-0.5705481,-0.02321288
1717.0,-3.3614593,-1.0749966,9.0716305,-0.073303826,-0.55955255,-0.02076942
1717.0,-3.2513258,-1.1300632,9.018958,-0.09162979,-0.53878313,0.0
1717.0,-3.1675289,-1.1707647,9.155427,-0.09285152,-0.5375614,0.015882496
1717.0,-3.1914709,-1.2042835,9.16261,-0.080634214,-0.5314528,0.014660766
1736.0,-3.1794999,-1.1587936,9.088389,-0.064751714,-0.51923543,0.009773844
1736.0,-3.1411927,-1.1827357,9.090784,-0.05375614,-0.52534413,0.007330383
1752.0,-3.040636,-1.0079589,8.973468,-0.047647487,-0.5290093,0.004886922
1756.0,-3.004723,-0.9624691,8.868123,-0.04642576,-0.52656585,-0.0012217305
1768.0,-2.9712043,-0.90979666,8.781932,-0.061086524,-0.5363397,-0.010995574
1775.0,-2.920926,-0.94331545,8.887277,-0.09040806,-0.5326745,-0.018325957
1785.0,-2.7964275,-0.9672575,8.918402,-0.10995574,-0.5375614,-0.02076942
1795.0,-2.6503813,-1.1013328,8.920795,-0.12705997,-0.5448918,-0.021991149
1806.0,-2.5378537,-1.1013328,9.040505,-0.14660765,-0.5314528,-0.02687807
1815.0,-2.4301147,-1.1947067,9.006987,-0.14660765,-0.535118,-0.039095376
1826.0,-2.4827871,-1.3335704,9.038112,-0.1441642,-0.5290093,-0.052534413
1835.0,-2.4875755,-1.3599066,9.203311,-0.13683382,-0.5326745,-0.06352998
1845.0,-2.2601264,-1.4820108,9.3733,-0.11728613,-0.52778757,-0.064751714
1855.0,-2.2290018,-1.532289,9.287108,-0.089186326,-0.535118,-0.062308256
1865.0,-2.219425,-1.4197617,9.320627,-0.080634214,-0.54244834,-0.06719518
1875.0,-2.1978772,-1.283292,9.3421755,-0.09040806,-0.5290093,-0.07696902
1887.0,-2.2481554,-1.340753,9.306262,-0.10262536,-0.52656585,-0.07941248
1898.0,-2.1811178,-1.3910311,9.272743,-0.118507855,-0.5216789,-0.073303826
1905.0,-2.2002714,-1.3958195,9.3733,-0.13316862,-0.5204572,-0.06719518
1915.0,-2.1619642,-1.4173675,9.363723,-0.13194689,-0.50823987,-0.06352998
1925.0,-2.1308396,-1.3958195,9.478644,-0.1160644,-0.5119051,-0.062308256
1936.0,-2.0231004,-1.4987702,9.691729,-0.09407325,-0.50946164,-0.058643065
1947.0,-1.9033904,-1.5227122,9.694122,-0.058643065,-0.50579643,-0.047647487
1956.0,-1.9033904,-1.4796166,9.7324295,-0.029321533,-0.5021312,-0.036651913
1968.0,-1.9249382,-1.3670892,9.758766,-0.019547688,-0.49357912,-0.034208454
1978.0,-1.8914193,-1.3694834,9.68694,-0.02321288,-0.47769663,-0.035430185
1987.0,-1.8842367,-1.3024458,9.583989,-0.039095376,-0.46181414,-0.032986723
1997.0,-1.8602947,-1.3742718,9.507375,-0.064751714,-0.44837508,-0.02443461
2009.0,-1.8698715,-1.3144168,9.481039,-0.09040806,-0.4361578,-0.018325957
2017.0,-1.8531121,-1.2425907,9.392453,-0.09773844,-0.42760566,-0.012217305
2028.0,-1.8531121,-1.3862427,9.416395,-0.09407325,-0.4288274,-0.0061086523
2039.0,-1.7741034,-1.3982137,9.588778,-0.080634214,-0.42760566,0.0
2048.0,-1.7166426,-1.364695,9.727641,-0.043982297,-0.4251622,0.0036651916
2057.0,-1.5562311,-1.3335704,9.744401,0.002443461,-0.42760566,0.0061086523
2069.0,-1.4628572,-1.3239936,9.825804,0.029321533,-0.4251622,0.004886922
2078.0,-1.5059528,-1.2785037,9.765948,0.036651913,-0.41050145,-0.0012217305
2089.0,-1.4700398,-1.2856863,9.715671,0.039095376,-0.39950588,-0.007330383
2097.0,-1.4269443,-1.1587936,9.610326,0.02321288,-0.39095375,-0.012217305
2108.0,-1.4317327,-1.2449849,9.598354,-0.004886922,-0.37384954,-0.014660766
2117.0,-1.340753,-1.3623008,9.579201,-0.02565634,-0.35430184,-0.012217305
2128.0,-1.4221559,-1.3790601,9.56723,-0.03176499,-0.3408628,-0.008552114
2143.0,-1.3742718,-1.4149733,9.629479,-0.032986723,-0.33353242,-0.010995574
2146.0,-1.4077905,-1.3742718,9.6845455,-0.028099801,-0.32742378,-0.014660766
2155.0,-1.3263878,-1.4437037,9.651027,-0.009773844,-0.32498032,-0.014660766
2169.0,-1.2880806,-1.4700398,9.739613,0.014660766,-0.32742378,-0.014660766
2175.0,-1.2306197,-1.388637,9.859323,0.034208454,-0.32498032,-0.017104227
2191.0,-1.0845734,-1.328782,9.888053,0.04520403,-0.31642818,-0.018325957
2195.0,-1.0726024,-1.3551182,9.883265,0.04520403,-0.30298916,-0.015882496
2205.0,-0.9959879,-1.3623008,9.749189,0.036651913,-0.29077184,-0.015882496
2217.0,-1.0726024,-1.2354081,9.528923,0.02076942,-0.27855456,-0.021991149
2236.0,-0.9768343,-1.163582,9.495404,-0.0061086523,-0.26511553,-0.03176499
2236.0,-1.0151415,-1.2497733,9.56723,-0.032986723,-0.25167647,-0.034208454
2247.0,-1.0127473,-1.3838485,9.61272,-0.05131268,-0.23335053,-0.02076942
2256.0,-0.91219085,-1.4580688,9.564836,-0.062308256,-0.21868975,-0.0012217305
2266.0,-0.93134445,-1.5610195,9.718064,-0.029321533,-0.2003638,0.002443461
2275.0,-0.9576807,-1.553837,9.840169,-0.029321533,-0.2003638,0.002443461
2286.0,-0.93613285,-1.5011644,9.89763,0.013439035,-0.2003638,-0.004886922
2296.0,-0.91697925,-1.5514427,9.900024,0.02443461,-0.1966986,-0.0012217305
2308.0,-0.8595184,-1.4053963,9.653421,0.007330383,-0.1881465,0.0012217305
2317.0,-0.878672,-1.3479356,9.679757,-0.010995574,-0.18203785,0.0012217305
2327.0,-0.81642276,-1.3263878,9.540894,-0.02321288,-0.1685988,0.0012217305
2337.0,-0.7134721,-1.4652514,9.643845,-0.032986723,-0.15515977,0.004886922
2346.0,-0.7302315,-1.2952632,10.0029745,-0.05009095,-0.13927728,0.013439035
2356.0,-0.770933,-1.2042835,10.079589,-0.04886922,-0.12095132,0.012217305
2368.0,-0.7134721,-1.3072342,10.029311,-0.017104227,-0.10873401,-0.002443461
2377.0,-0.79726917,-1.3790601,9.830592,0.010995574,-0.105068825,-0.017104227
2389.0,-0.8810662,-1.2162545,9.667787,0.010995574,-0.09896017,-0.02321288
2397.0,-0.8379706,-1.3335704,9.483433,-0.010995574,-0.095294975,-0.02443461
2408.0,-0.94570965,-1.4652514,9.485827,-0.032986723,-0.087964594,-0.018325957
2419.0,-0.8403648,-1.5514427,9.5385,-0.04153884,-0.08552113,-0.008552114
2428.0,-0.79008657,-1.5490485,9.504981,-0.03176499,-0.09407325,-0.002443461
2443.0,-0.7422025,-1.5825673,9.502586,-0.021991149,-0.10262536,0.009773844
2477.0,-0.79726917,-1.6400281,9.488221,-0.014660766,-0.10873401,0.02443461
2478.0,-0.7757214,-1.6831238,9.49301,0.004886922,-0.118507855,0.04153884
2478.0,-0.7613561,-1.6160861,9.423578,0.02076942,-0.1282817,0.05497787
2478.0,-0.7206547,-1.4891934,9.459491,0.02443461,-0.13194689,0.065973446
2489.0,-0.79966336,-1.4389153,9.497798,0.013439035,-0.13072516,0.07696902
2498.0,-0.89782566,-1.5394717,9.557653,-0.0061086523,-0.1282817,0.09162979
2507.0,-0.82360536,-1.6519991,9.598354,-0.012217305,-0.13805555,0.10262536
