34.0,-0.17238252,1.8938135,11.537658,0.007330383,-0.02076942,-0.0012217305
34.0,-0.46926352,1.7932571,11.597513,0.15882497,0.1160644,-0.073303826
53.0,-0.61291564,1.5251064,11.628637,-0.05131268,-0.23090707,-0.31887165
53.0,-0.7613561,1.1875241,11.549629,-0.21502456,-0.081855945,-0.49480084
64.0,-0.8523358,0.80205756,11.362882,-0.2321288,1.0384709,-0.33108896
72.0,-1.1468226,0.6344634,11.166556,-0.36041048,1.4184291,-0.5681047
83.0,-1.3096284,0.545878,11.058818,-0.4373795,1.5674802,-0.8417723
93.0,-1.4556746,0.5626374,11.025299,-0.41905355,1.5418239,-0.93828905
103.0,-1.541866,0.36391866,10.965444,-0.3885103,1.6310102,-0.8906415
113.0,-1.5586253,0.06703765,10.900801,-0.3652974,1.7140878,-0.83077675
124.0,-1.8363527,-0.10055647,10.927136,-0.376293,1.813048,-0.7855727
133.0,-2.4875755,-0.4429273,10.8624935,-0.45814893,2.0549507,-0.7452556
144.0,-2.767697,-0.50278234,10.6877165,-0.53878313,2.1563544,-0.7440339
153.0,-2.9137435,-0.5650316,10.338163,-0.63041294,2.2565362,-0.7293731
162.0,-3.2010477,-0.45250413,9.816227,-0.72082096,2.3518312,-0.6914995
173.0,-3.6008794,-0.7302315,9.610326,-0.77824235,2.4495697,-0.62796944
184.0,-3.8762126,-1.0965444,9.28232,-0.7770206,2.5363126,-0.5448918
193.0,-4.189853,-1.5897499,9.0237465,-0.7464773,2.5864034,-0.44959682
203.0,-4.3526587,-1.5993267,8.750807,-0.71837753,2.5925121,-0.35308012
213.0,-4.596867,-1.673547,8.429984,-0.67073005,2.5876253,-0.24678956
223.0,-4.7907977,-1.6112977,8.027759,-0.57910025,2.5802948,-0.1160644
233.0,-4.9559975,-1.3982137,7.9631147,-0.47158796,2.5448647,0.018325957
245.0,-5.106832,-1.4652514,7.735666,-0.3811799,2.4923303,0.12950343
253.0,-5.2887917,-1.3120226,7.345411,-0.30543262,2.4581218,0.2284636
263.0,-5.497087,-1.1228806,6.9527617,-0.25289822,2.4153612,0.32620203
273.0,-5.6407394,-1.0582372,6.64391,-0.24312437,2.3603833,0.41783184
284.0,-5.849035,-0.9864111,6.2608376,-0.25534168,2.3115141,0.48991394
295.0,-6.0262055,-0.80205756,5.803545,-0.25411993,2.2553146,0.54244834
304.0,-6.1985884,-0.6655881,5.568913,-0.25778514,2.1856759,0.593761
313.0,-6.301539,-0.5626374,5.8634,-0.27122417,2.1148155,0.65484756
323.0,-6.2225304,-0.7493851,5.805939,-0.27366763,2.0390682,0.7171558
333.0,-6.1746464,-0.8690952,5.6646814,-0.25778514,1.9694295,0.7684685
345.0,-6.3781533,-0.7493851,5.497087,-0.22479841,1.8985692,0.79534656
353.0,-6.6391215,-0.39264908,5.195418,-0.172264,1.8350391,0.79412484
365.0,-6.7803793,-0.15562311,4.831499,-0.11728613,1.7690657,0.79290307
373.0,-6.907272,-0.021547815,4.63278,-0.089186326,1.704314,0.8014552
383.0,-6.991069,0.08619126,4.510676,-0.0842994,1.6444492,0.79901177
393.0,-7.050924,0.12210429,4.4603977,-0.08552113,1.5760323,0.7819075
404.0,-7.0964136,0.16519992,4.402937,-0.08307768,1.5076154,0.7684685
413.0,-7.1945763,0.095768064,4.378995,-0.07452556,1.4294246,0.7672467
425.0,-7.275979,0.19632454,4.237737,-0.064751714,1.3439035,0.75747293
433.0,-7.273585,0.4309563,4.1180267,-0.057421334,1.2461652,0.7330383
445.0,-7.381324,0.5746084,3.9815574,-0.042760566,1.1496484,0.70249504
453.0,-7.350199,0.59376204,3.952827,-0.02076942,1.0531317,0.66950834
464.0,-7.465121,0.60812724,3.9743748,0.012217305,0.9663888,0.63529986
474.0,-7.5561004,0.6536171,3.8546648,0.05497787,0.8772025,0.6035349
485.0,-7.589619,0.89543146,4.1395745,0.09040806,0.79290307,0.57543504
494.0,-7.57286,1.0630256,4.1515455,0.119729586,0.7171558,0.54000485
504.0,-7.599196,1.0199299,4.1395745,0.13683382,0.6401868,0.50823987
514.0,-7.7572136,1.0055647,4.158728,0.11728613,0.5864306,0.49235737
524.0,-7.7907324,0.9959879,4.072537,0.095294975,0.53023106,0.4654793
533.0,-7.824251,0.91219085,3.9983168,0.073303826,0.4654793,0.43249258
546.0,-7.750031,0.93373865,3.976769,0.037873644,0.40194935,0.4092797
553.0,-7.8745294,0.94570965,3.9480386,0.007330383,0.3408628,0.38240165
566.0,-7.917625,0.9696517,4.0701427,-0.013439035,0.27977628,0.35063666
576.0,-7.8625584,1.0079589,4.0054994,-0.0061086523,0.20891592,0.31764993
588.0,-7.8290396,0.9720459,3.8833952,0.036651913,0.13439035,0.2919936
598.0,-7.872135,1.127669,3.7780502,0.08307768,0.07086037,0.26511553
608.0,-7.941567,1.163582,3.6343982,0.11728613,0.010995574,0.23579398
616.0,-7.9463553,1.1085154,3.5889084,0.13683382,-0.05375614,0.21868975
628.0,-7.860164,1.0654198,3.4931402,0.13805555,-0.12583824,0.20647246
637.0,-7.8529816,1.1180922,3.5625722,0.13072516,-0.2003638,0.18203785
648.0,-7.81228,1.0869676,3.6008794,0.11484267,-0.2724459,0.16371189
656.0,-7.8290396,1.0582372,3.7349546,0.081855945,-0.33964106,0.15515977
669.0,-7.8266454,1.0414777,3.9121256,0.040317107,-0.408058,0.13439035
678.0,-7.66384,1.13964,4.027047,0.010995574,-0.47525316,0.10873401
687.0,-7.702147,1.0773908,4.213795,-0.02321288,-0.5326745,0.096516706
696.0,-7.69257,0.9935937,4.3502645,-0.064751714,-0.57910025,0.08674286
708.0,-7.6734166,1.0271125,4.4675803,-0.096516706,-0.6243043,0.06841691
717.0,-7.675811,1.1228806,4.5058875,-0.13072516,-0.6719518,0.05497787
729.0,-7.702147,1.2066777,4.4460325,-0.1563815,-0.7134906,0.04153884
736.0,-7.6949644,1.2952632,4.417302,-0.16371189,-0.75136423,0.03176499
748.0,-7.7428484,1.3192052,4.4939165,-0.16737708,-0.7855727,0.02687807
762.0,-7.7308774,1.2880806,4.570531,-0.17104226,-0.81122905,0.015882496
766.0,-7.7093296,1.1420342,4.8578353,-0.15882497,-0.8405506,0.0
776.0,-7.4986396,1.0127473,5.106832,-0.13194689,-0.87109387,-0.008552114
789.0,-7.5106106,0.9840169,5.2600613,-0.10751228,-0.8943067,-0.014660766
798.0,-7.467515,0.9576807,5.530606,-0.09773844,-0.9309586,-0.02321288
807.0,-7.2927384,1.115698,5.6910176,-0.12217305,-0.9456194,-0.028099801
817.0,-7.2113357,1.0079589,6.030994,-0.17470746,-0.95539325,-0.02687807
828.0,-7.153875,0.9744401,6.069301,-0.22968534,-0.9578367,-0.029321533
837.0,-7.2424603,0.9552865,6.136339,-0.27488935,-0.95539325,-0.034208454
849.0,-7.2592196,1.0151415,6.1100025,-0.30665436,-0.93828905,-0.04642576
857.0,-7.240066,0.9816227,6.078878,-0.3042109,-0.93218035,-0.059864793
868.0,-7.1586633,0.89303726,6.066907,-0.2883284,-0.93218035,-0.06963864
878.0,-7.1347213,0.7757214,6.045359,-0.28099802,-0.9285152,-0.07574729
887.0,-6.9958572,0.6847417,6.2105594,-0.26511553,-0.9285152,-0.08674286
897.0,-6.933608,0.8858546,6.4427967,-0.23335053,-0.9370673,-0.105068825
909.0,-6.8186865,0.90979666,6.754043,-0.20158553,-0.9407325,-0.12217305
917.0,-6.579266,0.81881696,7.053318,-0.1600467,-0.93218035,-0.13439035
928.0,-6.43322,0.5746084,7.225701,-0.11728613,-0.9114109,-0.14172074
937.0,-6.3589997,0.31364042,7.386112,-0.087964594,-0.8784242,-0.15149458
949.0,-6.4547677,0.2633622,7.3430166,-0.07574729,-0.8136725,-0.16249016
958.0,-6.531382,0.23702596,7.3166804,-0.07574729,-0.8136725,-0.16249016
968.0,-6.658275,0.47405192,7.3669586,-0.15882497,-0.752586,-0.14905111
975.0,-6.3566055,0.4405331,7.405266,-0.20769419,-0.71959925,-0.13927728
987.0,-6.363788,0.46686932,7.422025,-0.24556783,-0.68539083,-0.12705997
996.0,-6.3709707,0.39743748,7.513005,-0.27000242,-0.6401868,-0.11362094
1005.0,-6.303933,0.24181437,7.773973,-0.26267207,-0.61086524,-0.105068825
1015.0,-6.232107,0.047884032,7.953538,-0.21502456,-0.5876524,-0.095294975
1031.0,-6.208165,-0.01436521,7.9104424,-0.14049901,-0.5705481,-0.0842994
1034.0,-6.208165,0.21308395,7.81228,-0.06719518,-0.5705481,-0.07452556
1055.0,-6.1411276,0.29209262,7.603985,-0.02443461,-0.5534439,-0.06841691
1055.0,-6.133945,0.47644615,7.4866686,-0.02443461,-0.54611355,-0.062308256
1064.0,-6.0740895,0.47884035,7.5321584,-0.065973446,-0.52656585,-0.056199603
1076.0,-6.0238113,0.46447513,7.4866686,-0.105068825,-0.50579643,-0.04886922
1084.0,-6.0381765,0.36391866,7.577648,-0.13316862,-0.48991394,-0.039095376
1094.0,-5.949591,0.33997664,7.6470804,-0.14294247,-0.48624873,-0.028099801
1104.0,-5.8945246,0.260968,7.5824366,-0.12583824,-0.4886922,-0.021991149
1114.0,-5.884948,0.29209262,7.541735,-0.08552113,-0.49357912,-0.02321288
1124.0,-5.865794,0.36870706,7.5441294,-0.05131268,-0.5045747,-0.02443461
1134.0,-5.849035,0.32800564,7.491457,-0.030543262,-0.5119051,-0.019547688
1146.0,-5.705383,0.34476504,7.515399,-0.021991149,-0.5180137,-0.013439035
1153.0,-5.592855,0.29927522,7.5465236,-0.03176499,-0.52534413,-0.010995574
1164.0,-5.530606,0.18914193,7.5201874,-0.05497787,-0.53023106,-0.0036651916
1173.0,-5.4180784,-0.019153614,7.560889,-0.089186326,-0.5363397,0.009773844
1184.0,-5.3247046,-0.11731588,7.5704656,-0.119729586,-0.535118,0.021991149
1194.0,-5.3007627,-0.14604631,7.666234,-0.14172074,-0.5448918,0.029321533
1205.0,-5.2887917,-0.20590134,7.759608,-0.16737708,-0.54611355,0.039095376
1213.0,-5.1786585,-0.39025488,7.788338,-0.19058995,-0.5497787,0.05497787
1224.0,-5.2385135,-0.46208093,7.8649526,-0.19792034,-0.56321776,0.07086037
1234.0,-5.1571107,-0.40462008,7.821857,-0.19303341,-0.5742133,0.08552113
1245.0,-5.21936,-0.16998832,7.824251,-0.18203785,-0.58276546,0.09773844
1253.0,-5.2002063,-0.047884032,7.836222,-0.1685988,-0.59131753,0.10751228
1268.0,-5.1762643,0.031124622,7.93199,-0.1600467,-0.5925393,0.11728613
1278.0,-5.142745,0.1436521,7.9343843,-0.16126843,-0.59498274,0.12583824
1284.0,-5.159505,0.2633622,7.920019,-0.1685988,-0.5925393,0.1282817
1299.0,-5.140351,0.39504328,7.8912888,-0.17104226,-0.5839872,0.12095132
1345.0,-5.159505,0.45729253,7.953538,-0.1685988,-0.58032197,0.10629055
1345.0,-5.140351,0.51714754,8.00621,-0.16982053,-0.5766568,0.09162979
1345.0,-5.1906295,0.45729253,8.204929,-0.1685988,-0.5705481,0.07819075
1345.0,-5.116409,0.4381389,8.252813,-0.15027285,-0.56199604,0.062308256
1345.0,-5.1235914,0.49559975,8.243237,-0.1282817,-0.5644395,0.04886922
1417.0,-4.987122,0.51714754,8.336611,-0.10995574,-0.56688297,0.035430185
1418.0,-4.975151,0.51714754,8.307879,-0.087964594,-0.55955255,0.02076942
1418.0,-4.9296613,0.49799395,8.420407,-0.073303826,-0.5522222,0.007330383
1418.0,-4.927267,0.5770026,8.3868885,-0.07696902,-0.548557,-0.0036651916
1418.0,-4.876989,0.56982,8.291121,-0.087964594,-0.5412266,-0.015882496
1418.0,-4.8817773,0.557849,8.264784,-0.11362094,-0.5290093,-0.02687807
1418.0,-4.759673,0.5554548,8.255207,-0.15271631,-0.5180137,-0.037873644
1437.0,-4.7500963,0.5770026,8.298303,-0.1966986,-0.5204572,-0.05009095
1437.0,-4.6136265,0.44771573,8.365341,-0.24312437,-0.5155703,-0.057421334
1452.0,-4.5441947,0.40701428,8.535329,-0.3005457,-0.50823987,-0.062308256
1454.0,-4.4436383,0.18195933,8.693346,-0.35063666,-0.50579643,-0.06841691
1464.0,-4.285621,-0.06943185,8.90643,-0.3726278,-0.49602258,-0.07574729
1477.0,-4.2305546,-0.21787235,8.985439,-0.35796702,-0.47769663,-0.08307768
1484.0,-4.187459,-0.34237084,9.050082,-0.30787608,-0.47036624,-0.09040806
1510.0,-4.1683054,-0.37588966,8.956709,-0.25900686,-0.4605924,-0.08674286
1510.0,-4.2425256,-0.38307226,8.990228,-0.22602014,-0.44837508,-0.07452556
1520.0,-4.220978,-0.4237737,9.01417,-0.1966986,-0.43127087,-0.062308256
1526.0,-4.156334,-0.39983168,9.021352,-0.17715092,-0.41416663,-0.052534413
1535.0,-4.1826706,-0.40701428,9.088389,-0.16982053,-0.41172317,-0.042760566
1546.0,-4.1180267,-0.35673606,9.045294,-0.16493362,-0.39950588,-0.030543262
1554.0,-4.0677485,-0.4189853,8.966286,-0.16126843,-0.39461896,-0.021991149
1566.0,-4.096479,-0.4357447,9.016563,-0.15882497,-0.38728857,-0.015882496
1578.0,-3.98874,-0.49320555,8.954314,-0.14782938,-0.3652974,-0.010995574
1585.0,-3.9695864,-0.45729253,9.030929,-0.119729586,-0.3567453,-0.004886922
1599.0,-3.976769,-0.48123455,9.040505,-0.081855945,-0.33964106,0.0061086523
1605.0,-3.9360676,-0.5722142,9.078813,-0.040317107,-0.3359759,0.019547688
1626.0,-3.9240966,-0.5315128,9.050082,-0.0036651916,-0.3200934,0.02687807
1626.0,-3.8762126,-0.45729253,9.088389,0.019547688,-0.31398472,0.03176499
1634.0,-3.845088,-0.32800564,9.033323,0.028099801,-0.3115413,0.037873644
1645.0,-3.833117,-0.3184288,9.01417,0.02076942,-0.3005457,0.047647487
1654.0,-3.7900212,-0.39504328,9.054871,0.007330383,-0.28344148,0.056199603
1665.0,-3.7972038,-0.46447513,9.076419,-0.002443461,-0.26511553,0.061086524
1674.0,-3.7804444,-0.4213795,9.011775,0.0012217305,-0.25411993,0.064751714
1686.0,-3.809175,-0.3878607,9.057265,0.019547688,-0.25045475,0.06719518
1694.0,-3.7828386,-0.2657564,9.0716305,0.040317107,-0.24678956,0.06719518
1705.0,-3.6822822,-0.3184288,9.050082,0.05375614,-0.24801129,0.065973446
1714.0,-3.5936968,-0.19871874,9.033323,0.062308256,-0.2443461,0.06841691
1725.0,-3.5769374,-0.23702596,9.009381,0.07086037,-0.23823744,0.0720821
1736.0,-3.58412,-0.20590134,8.987833,0.07819075,-0.2321288,0.0720821
1749.0,-3.5242648,-0.25139117,8.978256,0.065973446,-0.21624629,0.06841691
1760.0,-3.5170822,-0.16519992,8.963891,0.065973446,-0.21624629,0.06841691
1767.0,-3.3925838,-0.16519992,9.021352,0.047647487,-0.20525073,0.06841691
1775.0,-3.4883518,-0.2873042,9.141062,0.028099801,-0.1966986,0.06841691
1785.0,-3.4644098,-0.33518824,9.179369,0.02076942,-0.18203785,0.064751714
1795.0,-3.5075054,-0.24181437,9.150639,0.035430185,-0.19058995,0.062308256
1817.0,-3.490746,-0.08140286,9.045294,0.04886922,-0.19914207,0.06352998
1817.0,-3.4045548,-0.15083471,9.0476885,0.039095376,-0.19792034,0.062308256
1840.0,-3.4261026,-0.12689269,9.0716305,0.013439035,-0.18936823,0.06352998
1840.0,-3.4165258,-0.12449849,9.045294,-0.009773844,-0.18325958,0.065973446
1845.0,-3.3782187,-0.18674773,8.920795,-0.02443461,-0.18570304,0.06963864
1855.0,-3.371036,-0.17477672,8.784326,-0.029321533,-0.19547687,0.07452556
1866.0,-3.4356794,-0.16280572,8.762778,-0.02687807,-0.204029,0.07452556
1875.0,-3.3518825,-0.17717093,8.736442,-0.02076942,-0.21135938,0.07696902
1886.0,-3.2752678,0.06703765,8.918402,-0.013439035,-0.21135938,0.07574729
1895.0,-3.2369606,0.05746084,9.004593,0.0,-0.21380283,0.07696902
1905.0,-3.3087866,-0.12928689,9.062054,0.015882496,-0.21013765,0.08307768
1916.0,-3.2202013,-0.19393034,9.153033,0.018325957,-0.20769419,0.089186326
1926.0,-3.2872388,-0.2633622,9.244013,0.010995574,-0.20647246,0.087964594
1937.0,-3.3063924,-0.18195933,9.193734,0.009773844,-0.20647246,0.081855945
1946.0,-3.347094,-0.06464344,9.19134,0.019547688,-0.21135938,0.07819075
1955.0,-3.2441432,-0.02633622,9.066842,0.019547688,-0.21013765,0.07941248
1965.0,-3.2369606,0.055066638,9.0716305,0.008552114,-0.20158553,0.080634214
1983.0,-3.2130187,0.062249243,9.004593,-0.007330383,-0.19181168,0.07819075
1986.0,-3.2225955,-0.04070143,9.109938,-0.019547688,-0.18325958,0.06963864
1995.0,-3.2489316,-0.02633622,9.095572,-0.030543262,-0.17592919,0.058643065
2005.0,-3.2130187,-0.07182605,9.112331,-0.042760566,-0.16982053,0.05131268
2016.0,-3.2465374,-0.107739076,9.121908,-0.052534413,-0.17104226,0.047647487
2030.0,-3.2082303,-0.0047884034,9.287108,-0.06352998,-0.16982053,0.04642576
2035.0,-3.1435869,0.18195933,9.301474,-0.13072516,-0.17104226,0.04520403
2048.0,-2.992752,0.10295067,9.196129,-0.2687807,-0.15393804,0.05009095
2056.0,-3.040636,-0.055066638,9.102755,-0.4092797,-0.12095132,0.056199603
2067.0,-3.1052797,-0.4261679,9.074024,-0.48991394,-0.095294975,0.05131268
2077.0,-3.0430303,-0.51714754,9.109938,-0.50823987,-0.09162979,0.035430185
2087.0,-3.0310593,-0.62967503,9.02614,-0.48502702,-0.09773844,0.030543262
2098.0,-2.9496565,-0.770933,8.899248,-0.43249258,-0.11484267,0.04520403
2109.0,-2.861071,-0.7733272,8.726865,-0.37384954,-0.14049901,0.06352998
2119.0,-2.6982653,-0.8283938,8.887277,-0.312763,-0.16249016,0.06963864
2128.0,-2.7126305,-0.93613285,8.9998045,-0.25411993,-0.172264,0.06352998
2154.0,-2.5953147,-1.0295067,9.126697,-0.18081611,-0.16982053,0.062308256
2154.0,-2.7461493,-0.8810662,9.143456,-0.089186326,-0.172264,0.06719518
2155.0,-2.8203697,-0.4261679,9.255983,-0.013439035,-0.19792034,0.0720821
2167.0,-2.8898015,-0.32321724,9.354146,-0.002443461,-0.20891592,0.073303826
2176.0,-2.870648,-0.15083471,9.344569,-0.035430185,-0.19303341,0.06841691
2186.0,-2.8874073,-0.20111294,9.421184,-0.062308256,-0.17715092,0.05497787
2197.0,-2.801216,-0.33758244,9.3661175,-0.07086037,-0.16371189,0.042760566
2207.0,-2.861071,-0.6679823,9.399636,-0.034208454,-0.14905111,0.047647487
2218.0,-2.956839,-0.61291564,9.294291,0.043982297,-0.1563815,0.065973446
2229.0,-2.956839,-0.21787235,9.296685,0.09773844,-0.18448131,0.064751714
2237.0,-2.8299465,-0.07182605,9.244013,0.10995574,-0.204029,0.05009095
2249.0,-2.813187,-0.10295067,9.275137,0.08552113,-0.19181168,0.052534413
2258.0,-2.846706,-0.2896984,9.3182335,0.05009095,-0.17837265,0.06719518
2269.0,-2.966416,-0.31364042,9.416395,0.02687807,-0.17715092,0.07574729
2279.0,-2.930503,-0.34715924,9.497798,0.02076942,-0.18692477,0.07941248
2290.0,-2.9592333,-0.3184288,9.471462,0.02565634,-0.19425514,0.09407325
2301.0,-2.8179753,-0.3184288,9.301474,0.039095376,-0.20280726,0.12461651
2309.0,-2.8323407,-0.35434186,9.270349,0.05009095,-0.21991149,0.1563815
2318.0,-2.858677,-0.37349546,9.215282,0.05497787,-0.22235495,0.17348573
2329.0,-2.837129,-0.35194764,9.279925,0.05009095,-0.21502456,0.172264
2341.0,-2.767697,-0.22505496,9.291897,0.04153884,-0.2321288,0.16493362
2351.0,-2.7246015,-0.19153613,9.14585,0.029321533,-0.23335053,0.15760323
2358.0,-2.6479871,-0.1412579,9.260772,0.019547688,-0.23823744,0.15515977
2369.0,-2.5929205,-0.22744916,9.303867,-0.004886922,-0.23579398,0.15882497
2380.0,-2.5474305,-0.39983168,9.323022,-0.04886922,-0.22968534,0.1600467
2389.0,-2.5258827,-0.48362875,9.354146,-0.09773844,-0.2321288,0.15515977
2400.0,-2.4588451,-0.44532153,9.337387,-0.13683382,-0.23090707,0.14660765
2411.0,-2.5091233,-0.40222588,9.40203,-0.13439035,-0.23090707,0.13927728
2420.0,-2.44448,-0.41180268,9.416395,-0.09896017,-0.23823744,0.13439035
2428.0,-2.384625,-0.50038815,9.574412,-0.07574729,-0.23701571,0.13072516
2440.0,-2.2218192,-0.60812724,9.651027,-0.080634214,-0.23090707,0.12583824
2447.0,-2.1978772,-0.6751649,9.710882,-0.10262536,-0.19914207,0.12217305
2663.0,-2.2122424,-0.7422025,9.665392,-0.09896017,-0.16615535,0.12095132
2663.0,-2.372654,-0.59376204,9.619903,-0.062308256,-0.16249016,0.11484267
2664.0,-2.492364,-0.36631286,9.622296,-0.040317107,-0.1563815,0.10751228
2664.0,-2.4851813,-0.19393034,9.471462,-0.04153884,-0.13805555,0.103847094
2664.0,-2.3822308,-0.23702596,9.459491,-0.04153884,-0.13072516,0.10262536
2664.0,-2.2625206,-0.16280572,9.452309,-0.043982297,-0.12339478,0.09285152
2664.0,-2.3008277,-0.25378537,9.476251,-0.052534413,-0.103847094,0.07819075
2664.0,-2.267309,-0.24181437,9.399636,-0.061086524,-0.087964594,0.059864793
2664.0,-2.3702598,-0.4309563,9.387665,-0.059864793,-0.08307768,0.047647487
2664.0,-2.4492683,-0.3854665,9.32781,-0.04642576,-0.09773844,0.039095376
2664.0,-2.3056161,-0.36631286,9.332599,-0.030543262,-0.11362094,0.029321533
2664.0,-2.3175871,-0.2681506,9.358934,-0.018325957,-0.12095132,0.021991149
2664.0,-2.3127987,-0.25139117,9.385271,-0.017104227,-0.12339478,0.018325957
2664.0,-1.8363527,-0.10055647,10.927136,-0.376293,1.813048,-0.7855727
2664.0,-2.1883004,-0.41180268,9.533711,-0.007330383,-0.06719518,0.028099801
2664.0,-2.2361844,-0.4381389,9.619903,-0.014660766,-0.05131268,0.030543262
2664.0,-2.2002714,-0.4309563,9.619903,-0.02443461,-0.04153884,0.034208454
2664.0,-2.2481554,-0.5626374,9.674969,-0.034208454,-0.03176499,0.034208454
