28.0,0.50517654,-0.05746084,10.307038,-0.05497787,-0.376293,0.007330383
28.0,0.25617957,0.21787235,10.196905,-0.05497787,-0.376293,0.007330383
38.0,0.25617957,0.21787235,10.196905,0.1563815,0.13194689,-0.07941248
53.0,1.0989386,0.81163436,10.721235,-0.06719518,-0.22968534,-0.2687807
56.0,1.5825673,0.6392518,10.929531,-0.40683624,-0.2687807,-0.43249258
67.0,1.6998832,0.06464344,10.943896,-0.5705481,0.68416905,-0.13805555
79.0,1.436521,-0.50038815,10.912771,-0.8393288,0.9126327,-0.24312437
86.0,0.93852705,-0.63206923,10.864887,-1.0690142,0.9272934,-0.48502702
97.0,0.56982,-0.9552865,10.742783,-1.1386528,0.8552113,-0.64996064
106.0,0.25617957,-1.1827357,10.752359,-1.1472049,0.90285885,-0.675617
117.0,0.2633622,-1.2330139,10.761936,-1.1557571,0.9443977,-0.66706485
127.0,0.37110126,-1.2042835,10.704475,-1.1472049,1.0115929,-0.64996064
139.0,0.4429273,-1.472434,10.692505,-1.1349876,1.1007792,-0.6206391
147.0,0.37828386,-1.7621324,10.70687,-1.1410962,1.1972959,-0.5717699
157.0,0.110133275,-2.15957,10.900801,-1.1667526,1.2962561,-0.50823987
167.0,-0.22026655,-2.5474305,11.034876,-1.1826351,1.3903292,-0.4361578
177.0,-0.5363012,-2.9041667,10.989386,-1.1728612,1.4538593,-0.37018433
187.0,-0.6679823,-3.064578,10.821792,-1.1484267,1.500285,-0.32742378
198.0,-0.79726917,-3.229778,10.800244,-1.1166617,1.5613716,-0.29077184
207.0,-0.9792285,-3.3877954,10.579977,-1.0775663,1.6236799,-0.23457226
217.0,-1.283292,-3.4835634,10.42196,-1.0067059,1.7214183,-0.062308256
227.0,-1.520318,-3.490746,10.424355,-0.9773844,1.7617353,0.021991149
238.0,-1.8650831,-3.6224272,10.335769,-0.9431759,1.8032742,0.10873401
247.0,-1.9488802,-3.9480386,10.206482,-0.8918633,1.8558086,0.21380283
258.0,-2.207454,-4.096479,10.340557,-0.816116,1.9034561,0.3200934
267.0,-2.4732103,-4.185065,10.453085,-0.7147123,1.9278907,0.4092797
278.0,-2.7030537,-4.122815,10.096349,-0.61941737,1.9352211,0.4813618
287.0,-2.8898015,-4.0318356,9.801862,-0.52656585,1.9511036,0.5534439
297.0,-3.1627405,-4.0198646,9.507375,-0.408058,1.9669861,0.62796944
307.0,-3.3518825,-4.010288,9.409213,-0.27366763,1.9755383,0.6976081
319.0,-3.4117374,-3.9983168,9.299079,-0.13194689,1.9779817,0.75869465
328.0,-3.4093432,-4.024653,9.346964,-0.004886922,1.9755383,0.8136725
338.0,-3.4979286,-3.7325604,8.913613,0.06963864,1.9792033,0.8552113
347.0,-3.5936968,-3.4093432,8.635885,0.11484267,1.9914207,0.88208944
357.0,-3.739743,-3.2369606,8.406042,0.15760323,2.0011945,0.91507614
367.0,-3.8714242,-3.1890767,8.118738,0.17715092,2.003638,0.9651671
379.0,-4.0557775,-3.169923,7.9032598,0.19425514,2.0024164,1.001819
387.0,-4.1946416,-3.0478187,7.81228,0.25045475,1.9816469,1.0164797
398.0,-4.0797195,-2.8682537,7.644686,0.34208453,1.9596558,1.0152581
407.0,-4.1659107,-2.896984,7.73806,0.45448375,1.9559906,1.0128145
418.0,-4.158728,-2.8754363,7.445967,0.5742133,1.9449949,1.0091494
427.0,-4.4005427,-2.621651,7.1873937,0.6560693,1.9352211,0.98837996
439.0,-4.6902413,-2.327164,6.921637,0.7134906,1.9144517,0.9578367
447.0,-4.9081135,-2.0446482,6.667852,0.75869465,1.8826867,0.93462384
457.0,-5.032612,-1.9129672,6.303933,0.77946407,1.8399261,0.91629785
467.0,-5.161899,-1.7022774,6.303933,0.77457714,1.7935003,0.8906415
478.0,-5.2145715,-1.5394717,6.3925185,0.75869465,1.7421877,0.86376345
488.0,-5.2241483,-1.3910311,6.4068837,0.7415904,1.6945401,0.8393288
499.0,-5.2863975,-1.1563994,6.3925185,0.73792523,1.6481144,0.80756384
507.0,-5.4180784,-0.91697925,6.301539,0.7452556,1.5968018,0.7733554
518.0,-5.542577,-0.79487497,6.0956373,0.7293731,1.5430456,0.7440339
528.0,-5.66947,-0.7781156,6.0525417,0.6976081,1.5027285,0.7134906
539.0,-5.851429,-0.80684596,5.837064,0.6963864,1.46852,0.6805039
548.0,-6.117185,-0.79248077,5.839458,0.73426,1.4245378,0.6450737
559.0,-6.253655,-0.6584055,5.671864,0.77457714,1.3671165,0.61208695
568.0,-6.3709707,-0.4165911,5.556942,0.78801614,1.319469,0.5900958
579.0,-6.4547677,-0.21787235,5.616797,0.78801614,1.2754866,0.5742133
588.0,-6.495469,-0.22984336,5.729325,0.7867944,1.2363913,0.5558874
598.0,-6.528988,-0.4333505,5.425261,0.77213365,1.2144,0.5448918
608.0,-6.7564373,-0.37588966,5.317522,0.7635816,1.1899655,0.52656585
619.0,-6.9360023,-0.40462008,5.104438,0.75869465,1.1447614,0.50823987
628.0,-7.017405,-0.37828386,5.023035,0.7110472,1.105666,0.49602258
640.0,-7.153875,-0.34955344,4.9679685,0.64996064,1.0763446,0.47891834
647.0,-7.2448545,-0.46208093,5.094861,0.5925393,1.0396926,0.4654793
659.0,-7.3071036,-0.56982,5.109226,0.5363397,0.9944886,0.45448375
668.0,-7.393295,-0.4165911,5.0014873,0.47158796,0.9492846,0.44593164
680.0,-7.465121,-0.16519992,4.795586,0.40194935,0.91507614,0.43249258
687.0,-7.575254,-0.14844051,4.6351743,0.33353242,0.87598073,0.4202753
698.0,-7.675811,-0.023942016,4.5681367,0.27000242,0.8393288,0.41416663
708.0,-7.6734166,-0.059855044,4.4675803,0.22602014,0.80756384,0.40439278
718.0,-7.6853876,-0.08379706,4.3742065,0.20280726,0.7684685,0.3811799
729.0,-7.7308774,-0.01436521,4.2880154,0.19303341,0.7244862,0.36285394
744.0,-7.7213006,0.01436521,4.235343,0.17470746,0.6731735,0.35796702
751.0,-7.752425,0.088585466,4.0701427,0.15393804,0.61086524,0.344528
761.0,-7.762002,0.033518825,3.98874,0.15149458,0.5497787,0.32375857
770.0,-7.797915,0.06703765,3.8235402,0.15393804,0.48380527,0.2968805
781.0,-7.8027034,0.33518824,3.6343982,0.15393804,0.41050145,0.26633725
792.0,-7.860164,0.48602295,3.4141316,0.14782938,0.33964106,0.25045475
803.0,-7.9583263,0.46686932,3.2704794,0.12217305,0.26633725,0.24678956
812.0,-7.9152308,0.40462008,3.2704794,0.09285152,0.19181168,0.23823744
822.0,-7.920019,0.25857377,3.478775,0.06719518,0.1160644,0.22479841
832.0,-7.831434,0.272939,3.7469256,0.057421334,0.030543262,0.20158553
844.0,-7.788338,0.17956513,3.7612908,0.05131268,-0.039095376,0.17104226
851.0,-7.809886,0.33039984,3.775656,0.029321533,-0.103847094,0.1441642
862.0,-7.893683,0.35194764,3.739743,-0.0061086523,-0.15882497,0.12583824
872.0,-7.9966335,0.4261679,3.8283286,-0.03176499,-0.21991149,0.10629055
882.0,-7.893683,0.46447513,3.8833952,-0.047647487,-0.27488935,0.09040806
892.0,-7.800309,0.4429273,3.976769,-0.04520403,-0.32986724,0.07941248
901.0,-7.905654,0.50757074,4.1299977,-0.036651913,-0.38362336,0.07574729
911.0,-7.869741,0.47405192,4.2664676,-0.019547688,-0.44226643,0.073303826
923.0,-7.8027034,0.48362875,4.4101195,0.0061086523,-0.48624873,0.06352998
932.0,-7.819463,0.4357447,4.4196963,0.021991149,-0.5290093,0.057421334
944.0,-7.752425,0.51714754,4.594473,0.004886922,-0.56688297,0.052534413
951.0,-7.795521,0.7422025,4.8147397,-0.02687807,-0.6072,0.05131268
961.0,-7.762002,0.85473,4.8362875,-0.062308256,-0.63163465,0.05131268
971.0,-7.69257,0.8882488,4.9344497,-0.09407325,-0.64873886,0.05497787
983.0,-7.6949644,0.8499416,5.0038815,-0.12217305,-0.6536258,0.056199603
991.0,-7.615956,0.8355764,5.092467,-0.14172074,-0.66339964,0.05009095
1001.0,-7.668628,0.7374141,5.161899,-0.15515977,-0.6743952,0.035430185
1012.0,-7.627927,0.770933,5.1762643,-0.16737708,-0.6817256,0.02443461
1023.0,-7.5584946,0.7613561,5.1475334,-0.18448131,-0.68294734,0.017104227
1032.0,-7.5704656,0.6991069,5.3678,-0.18570304,-0.70249504,-0.007330383
1044.0,-7.4723034,0.59376204,5.5138464,-0.18570304,-0.70249504,-0.007330383
1050.0,-7.469909,0.58897364,5.530606,-0.18081611,-0.70738196,-0.02076942
1061.0,-7.422025,0.581791,5.693412,-0.18203785,-0.70738196,-0.037873644
1084.0,-7.40766,0.5674258,5.884948,-0.17348573,-0.70616025,-0.05497787
1084.0,-7.369353,0.5674258,5.947197,-0.17837265,-0.70616025,-0.064751714
1089.0,-7.371747,0.50278234,5.9567738,-0.18325958,-0.7012733,-0.07452556
1101.0,-7.3430166,0.5530606,5.947197,-0.19303341,-0.7086037,-0.07819075
1111.0,-7.2113357,0.60094464,6.133945,-0.20280726,-0.6988298,-0.07696902
1121.0,-7.1490865,0.44771573,6.1890116,-0.20158553,-0.69027776,-0.07452556
1129.0,-7.1155677,0.3854665,6.2392898,-0.19547687,-0.675617,-0.07819075
1141.0,-7.074866,0.36391866,6.26802,-0.18081611,-0.6719518,-0.08674286
1150.0,-7.0700774,0.30645782,6.361394,-0.16737708,-0.66950834,-0.089186326
1161.0,-6.9767036,0.18435353,6.483498,-0.15882497,-0.66828656,-0.09040806
1171.0,-6.9958572,0.19393034,6.603208,-0.1441642,-0.67073005,-0.09407325
1181.0,-6.811504,0.1364695,6.7468605,-0.12950343,-0.6719518,-0.09040806
1192.0,-6.8186865,0.23702596,6.7612257,-0.12705997,-0.66339964,-0.08307768
1202.0,-6.8043213,0.19393034,6.6774287,-0.13439035,-0.64873886,-0.087964594
1212.0,-6.8067155,0.34476504,6.6295447,-0.1441642,-0.6401868,-0.089186326
1223.0,-6.7372837,0.36391866,6.6893997,-0.16126843,-0.6291912,-0.07574729
1230.0,-6.600814,0.23223756,6.6415157,-0.1881465,-0.6169739,-0.064751714
1243.0,-6.6079965,0.18195933,6.7324953,-0.204029,-0.6072,-0.073303826
1250.0,-6.622362,0.10295067,6.8162923,-0.19303341,-0.593761,-0.09040806
1260.0,-6.600814,0.12210429,6.8665705,-0.16493362,-0.6072,-0.09773844
1269.0,-6.3542113,0.16519992,6.9599442,-0.13683382,-0.6230826,-0.09773844
1280.0,-6.3805475,0.107739076,7.1754227,-0.10140363,-0.6206391,-0.1001819
1295.0,-6.2632318,0.07182605,7.2424603,-0.06719518,-0.6206391,-0.10629055
1298.0,-6.2249246,0.033518825,7.2951326,-0.05009095,-0.61208695,-0.10995574
1310.0,-6.181829,0.107739076,7.4387846,-0.03176499,-0.6035349,-0.10873401
1320.0,-6.136339,0.0,7.431602,-0.034208454,-0.5900958,-0.103847094
1330.0,-6.14831,0.016759412,7.225701,-0.06719518,-0.5839872,-0.10629055
1342.0,-6.1985884,0.18914193,7.089231,-0.11362094,-0.57543504,-0.10873401
1349.0,-6.1507044,0.14604631,7.1275387,-0.172264,-0.56321776,-0.09773844
1360.0,-6.0285997,-0.12449849,7.029376,-0.2284636,-0.5497787,-0.08674286
1369.0,-6.0166287,-0.2777274,7.1490865,-0.26145032,-0.54733527,-0.08674286
1379.0,-6.081272,-0.25378537,7.1059904,-0.2761111,-0.55955255,-0.09162979
1389.0,-6.0764837,-0.17717093,7.1849995,-0.29565877,-0.5546656,-0.09162979
1401.0,-6.0238113,-0.15322891,7.338228,-0.30543262,-0.5510005,-0.081855945
1410.0,-5.8681884,-0.39983168,7.627927,-0.26511553,-0.5558874,-0.073303826
1418.0,-5.827487,-0.641646,7.735666,-0.19547687,-0.56688297,-0.06963864
1428.0,-5.849035,-0.5434838,7.603985,-0.13683382,-0.57910025,-0.07574729
1439.0,-5.8681884,-0.30406362,7.477092,-0.105068825,-0.57543504,-0.08552113
1448.0,-5.813122,-0.21068975,7.441179,-0.10995574,-0.5693264,-0.07941248
1459.0,-5.7748146,-0.18674773,7.491457,-0.14172074,-0.5571091,-0.064751714
1470.0,-5.7029886,-0.4261679,7.575254,-0.15882497,-0.5448918,-0.057421334
1531.0,-5.6527104,-0.545878,7.8649526,-0.13927728,-0.5338962,-0.056199603
1531.0,-5.60722,-0.6607997,8.058883,-0.10629055,-0.5338962,-0.052534413
1531.0,-5.4683566,-0.6727707,8.094796,-0.095294975,-0.5204572,-0.05009095
1531.0,-5.571307,-0.44532153,8.054094,-0.10751228,-0.5045747,-0.05375614
1531.0,-5.568913,-0.4189853,8.106767,-0.12583824,-0.48624873,-0.05375614
1532.0,-5.499481,-0.40940848,8.075643,-0.15149458,-0.47158796,-0.042760566
1551.0,-5.386954,-0.4357447,8.104373,-0.18325958,-0.45448375,-0.03176499
1551.0,-5.4204726,-0.533907,8.264784,-0.1966986,-0.43127087,-0.021991149
1558.0,-5.4180784,-0.5363012,8.212111,-0.19181168,-0.42760566,-0.015882496
1575.0,-5.3821654,-0.5291186,8.183381,-0.17715092,-0.4251622,-0.010995574
1588.0,-5.3127337,-0.59615624,8.207323,-0.14905111,-0.41905355,-0.0012217305
1588.0,-5.255273,-0.60333884,8.121132,-0.12583824,-0.39828414,0.008552114
1675.0,-5.2983685,-0.49320555,8.027759,-0.11484267,-0.38240165,0.010995574
1675.0,-5.245696,-0.51475334,7.9391727,-0.105068825,-0.36896262,0.009773844
1675.0,-5.2361193,-0.51714754,7.9248075,-0.09285152,-0.3726278,0.015882496
1675.0,-5.243302,-0.3854665,8.061277,-0.087964594,-0.37018433,0.021991149
1675.0,-5.161899,-0.35673606,8.2169,-0.080634214,-0.37995818,0.02443461
1675.0,-5.0421886,-0.3878607,8.137892,-0.08674286,-0.3640757,0.028099801
1686.0,-5.097255,-0.48841715,8.1163435,-0.096516706,-0.35918877,0.029321533
1686.0,-5.0062757,-0.5770026,8.209718,-0.10262536,-0.36651915,0.029321533
1686.0,-4.996699,-0.60573304,8.185776,-0.09407325,-0.38240165,0.029321533
1688.0,-4.9799395,-0.6512229,8.159439,-0.087964594,-0.37140608,0.030543262
1699.0,-4.915296,-0.60094464,8.202535,-0.08552113,-0.3726278,0.034208454
1708.0,-4.9105077,-0.5626374,8.090008,-0.089186326,-0.37995818,0.035430185
1718.0,-4.960786,-0.51235914,8.128315,-0.09285152,-0.38728857,0.036651913
1730.0,-4.8578353,-0.5410896,8.145074,-0.10262536,-0.38973203,0.042760566
1739.0,-4.759673,-0.48123455,8.135497,-0.12339478,-0.38362336,0.05131268
1753.0,-4.7309427,-0.5674258,8.169016,-0.14294247,-0.3811799,0.05131268
1766.0,-4.7141833,-0.58418524,8.123527,-0.15515977,-0.37751472,0.047647487
1768.0,-4.7644615,-0.5650316,8.137892,-0.16737708,-0.38973203,0.04520403
1779.0,-4.781221,-0.59376204,8.118738,-0.18448131,-0.39584067,0.04520403
1795.0,-4.7261543,-0.5770026,8.288726,-0.18692477,-0.4007276,0.043982297
1799.0,-4.6686935,-0.6703765,8.276755,-0.16493362,-0.408058,0.040317107
1809.0,-4.5872903,-0.6919243,8.360553,-0.13072516,-0.41172317,0.034208454
1819.0,-4.5801077,-0.6703765,8.403648,-0.1001819,-0.4166101,0.030543262
1836.0,-4.5657425,-0.61291564,8.451532,-0.08307768,-0.41905355,0.03176499
1840.0,-4.477157,-0.5746084,8.446744,-0.07941248,-0.41783184,0.037873644
1849.0,-4.426879,-0.5410896,8.415619,-0.08552113,-0.41538838,0.037873644
1858.0,-4.4244847,-0.58657944,8.39886,-0.095294975,-0.4129449,0.032986723
1870.0,-4.5753193,-0.49799395,8.422802,-0.10751228,-0.41050145,0.032986723
1879.0,-4.537012,-0.58418524,8.4826565,-0.118507855,-0.41416663,0.036651913
1889.0,-4.489128,-0.6560113,8.453926,-0.119729586,-0.4202753,0.034208454
1899.0,-4.4220905,-0.5626374,8.544906,-0.1001819,-0.43860126,0.02687807
1910.0,-4.3502645,-0.61530983,8.588001,-0.09285152,-0.44226643,0.03176499
1920.0,-4.211401,-0.5315128,8.604761,-0.08674286,-0.43982297,0.030543262
1930.0,-4.1611223,-0.5626374,8.698134,-0.07941248,-0.43860126,0.02687807
1942.0,-4.1036615,-0.62488663,8.664616,-0.07086037,-0.43982297,0.028099801
1950.0,-4.039018,-0.5746084,8.688558,-0.065973446,-0.43493605,0.032986723
1961.0,-4.039018,-0.51954174,8.736442,-0.06719518,-0.43127087,0.040317107
1971.0,-3.9384618,-0.5722142,8.7125,-0.07574729,-0.42271876,0.04520403
1981.0,-3.9552212,-0.6895301,8.875306,-0.08674286,-0.41416663,0.047647487
1991.0,-3.833117,-0.80924016,8.911219,-0.09162979,-0.41172317,0.04520403
2003.0,-3.8857894,-0.7230489,8.851364,-0.095294975,-0.41050145,0.039095376
2012.0,-3.8833952,-0.6895301,8.825027,-0.1001819,-0.408058,0.032986723
2022.0,-3.8283286,-0.6775591,8.76996,-0.111177474,-0.41050145,0.03176499
2032.0,-3.799598,-0.60094464,8.707711,-0.12461651,-0.41538838,0.029321533
2045.0,-3.763685,-0.6847417,8.736442,-0.12705997,-0.41905355,0.02565634
2052.0,-3.6727054,-0.6703765,8.841787,-0.111177474,-0.4288274,0.02443461
2065.0,-3.5865142,-0.7565677,8.90643,-0.09162979,-0.43493605,0.028099801
2072.0,-3.5242648,-0.7613561,8.865729,-0.081855945,-0.43982297,0.028099801
2086.0,-3.6176388,-0.7206547,8.710106,-0.087964594,-0.44226643,0.02076942
2092.0,-3.6032736,-0.6943185,8.683769,-0.10873401,-0.43982297,0.019547688
2101.0,-3.6367924,-0.7134721,8.647857,-0.13316862,-0.44348818,0.02687807
2110.0,-3.5913026,-0.78050977,8.645462,-0.15149458,-0.44959682,0.036651913
2122.0,-3.5553896,-0.81402856,8.719683,-0.16126843,-0.45448375,0.040317107
2133.0,-3.5697548,-0.8355764,8.851364,-0.15149458,-0.4605924,0.039095376
2152.0,-3.454833,-0.7637503,8.983045,-0.12339478,-0.4654793,0.034208454
2152.0,-3.478775,-0.93852705,9.179369,-0.07819075,-0.4642576,0.037873644
2172.0,-3.301604,-0.9624691,9.248801,-0.035430185,-0.4654793,0.043982297
2172.0,-3.193865,-0.9816227,9.337387,-0.008552114,-0.44593164,0.04520403
2181.0,-3.1723173,-1.0175357,9.28232,0.0,-0.42760566,0.04886922
2191.0,-3.13401,-0.9624691,9.200917,-0.018325957,-0.40439278,0.052534413
2201.0,-3.2680852,-0.9720459,9.143456,-0.058643065,-0.38973203,0.05375614
2210.0,-3.25372,-0.89064306,9.14585,-0.10140363,-0.3652974,0.061086524
2224.0,-3.193865,-1.0223241,9.138668,-0.12705997,-0.36285394,0.07452556
2281.0,-3.145981,-1.115698,9.224859,-0.15027285,-0.3371976,0.08552113
2281.0,-3.157952,-1.127669,9.32781,-0.14172074,-0.3286455,0.08674286
2281.0,-3.0933087,-1.1899183,9.351752,-0.096516706,-0.3359759,0.08674286
2281.0,-2.980781,-1.2401965,9.404425,-0.03176499,-0.33841935,0.09407325
2281.0,-2.8682537,-1.3551182,9.287108,0.02076942,-0.3408628,0.10140363
2281.0,-2.7341783,-1.2617443,9.157822,0.05009095,-0.34208453,0.10751228
2289.0,-2.6767175,-1.0702082,9.097966,0.05497787,-0.33964106,0.112399206
2301.0,-2.6144683,-0.8619126,8.987833,0.03176499,-0.33108896,0.118507855
2309.0,-2.5809495,-0.7374141,8.947132,-0.013439035,-0.31887165,0.1282817
2319.0,-2.6264393,-0.78050977,8.9040365,-0.064751714,-0.30787608,0.13683382
2329.0,-2.6168625,-0.7565677,8.942344,-0.10262536,-0.30665436,0.13805555
2340.0,-2.6862943,-0.81881696,8.990228,-0.13072516,-0.312763,0.13194689
2349.0,-2.7246015,-0.82599956,9.021352,-0.1441642,-0.32498032,0.12095132
2361.0,-2.6551697,-0.8403648,9.174581,-0.13561209,-0.344528,0.105068825
2371.0,-2.7246015,-0.91937345,9.267955,-0.111177474,-0.3652974,0.089186326
2379.0,-2.7389667,-0.89782566,9.41879,-0.07696902,-0.37873647,0.07452556
2392.0,-2.6671407,-0.94570965,9.457097,-0.043982297,-0.39095375,0.062308256
2399.0,-2.6120741,-0.93134445,9.390059,-0.02687807,-0.39950588,0.05375614
2412.0,-2.56419,-0.89303726,9.409213,-0.036651913,-0.39706242,0.047647487
2420.0,-2.5737667,-0.8595184,9.476251,-0.06352998,-0.3885103,0.05009095
2429.0,-2.4372973,-0.8523358,9.540894,-0.09285152,-0.37507126,0.06352998
2440.0,-2.3654714,-0.7517793,9.64145,-0.12339478,-0.3567453,0.07819075
2449.0,-2.348712,-0.866701,9.615114,-0.14905111,-0.3371976,0.087964594
2461.0,-2.3894134,-0.91697925,9.715671,-0.1600467,-0.31764993,0.095294975
2470.0,-2.3702598,-1.0295067,9.655815,-0.1441642,-0.30665436,0.09896017
2482.0,-2.3989902,-0.9624691,9.588778,-0.10995574,-0.30543262,0.10262536
2490.0,-2.3319526,-0.9744401,9.555259,-0.081855945,-0.29932398,0.10873401
2500.0,-2.3247697,-1.0199299,9.536105,-0.061086524,-0.29932398,0.11362094
2510.0,-2.3199813,-0.9744401,9.390059,-0.047647487,-0.29932398,0.1160644
