15.0,-0.23463176,-1.0821792,9.940725,-0.17104226,-0.25411993,0.028099801
47.0,0.21547815,0.07182605,9.809045,0.15882497,0.12217305,-0.080634214
47.0,0.7086837,0.22505496,9.694122,-0.032986723,-0.29810223,-0.23945917
48.0,0.8355764,-0.25139117,9.82341,-0.14905111,-0.3726278,-0.33108896
48.0,0.61052144,-0.7422025,9.849746,-0.12461651,0.4605924,-0.05009095
80.0,0.4141969,-1.043872,9.928755,-0.2003638,0.49846604,-0.081855945
80.0,0.39743748,-0.9816227,9.85214,-0.24678956,0.3371976,-0.13316862
80.0,0.5602432,-0.6751649,9.931149,-0.24556783,0.18570304,-0.19181168
87.0,0.6584055,-0.78769237,10.048465,-0.25778514,0.21868975,-0.24556783
96.0,0.62249243,-0.9576807,10.117896,-0.27855456,0.26633725,-0.31642818
108.0,0.48362875,-0.89064306,10.268731,-0.27488935,0.312763,-0.36651915
116.0,0.33758244,-0.770933,10.201694,-0.2443461,0.33353242,-0.3921755
126.0,0.2657564,-0.6536171,10.271125,-0.22602014,0.3555236,-0.4129449
136.0,0.23942018,-0.61291564,10.381259,-0.25534168,0.40194935,-0.4288274
146.0,0.22026655,-0.7230489,10.436325,-0.31398472,0.46181414,-0.4373795
156.0,0.110133275,-0.8738836,10.508151,-0.37018433,0.52290064,-0.44226643
167.0,-0.06943185,-1.1180922,10.512939,-0.4129449,0.5717699,-0.44837508
176.0,-0.2681506,-1.1755531,10.618284,-0.4569272,0.6047566,-0.44959682
187.0,-0.45968673,-1.1971009,10.529699,-0.50335294,0.6426302,-0.44593164
196.0,-0.49799395,-1.4796166,10.522516,-0.516792,0.6743952,-0.44959682
207.0,-0.47884035,-1.6927006,10.635044,-0.47525316,0.7012733,-0.45937067
217.0,-0.50996494,-1.8267759,10.620679,-0.41905355,0.73792523,-0.4605924
228.0,-0.51235914,-1.934515,10.716447,-0.4007276,0.8051204,-0.44104472
239.0,-0.6775591,-1.8986019,11.063606,-0.44959682,0.89552844,-0.40683624
247.0,-0.8379706,-1.7980455,11.224017,-0.5534439,0.98715824,-0.38240165
257.0,-1.0007763,-1.9273324,11.168951,-0.6731735,1.0800097,-0.36774087
268.0,-1.1085154,-2.099715,11.243171,-0.7819075,1.1777482,-0.34330627
277.0,-1.1994951,-2.2409728,11.140221,-0.8381071,1.2901474,-0.3005457
288.0,-1.3455414,-2.3654714,11.125855,-0.83077675,1.396438,-0.24923302
297.0,-1.6256629,-2.6743233,11.324574,-0.7452556,1.4941764,-0.2003638
308.0,-1.7405846,-2.9496565,11.190498,-0.59864795,1.5723672,-0.14782938
319.0,-1.9847932,-3.083732,11.010934,-0.5021312,1.6114625,-0.09896017
327.0,-2.2816741,-2.8538885,10.754754,-0.5326745,1.6872098,-0.04886922
338.0,-2.4779987,-2.6431987,10.407595,-0.6365216,1.8008307,0.013439035
349.0,-2.7844565,-2.56419,10.2974615,-0.7257079,1.8985692,0.09896017
357.0,-2.9759927,-2.767697,10.352529,-0.7330383,1.9816469,0.18203785
367.0,-3.0430303,-3.2920272,10.292673,-0.6206391,2.0427334,0.2565634
378.0,-3.145981,-3.739743,10.065224,-0.42760566,2.0610592,0.31520647
388.0,-3.1483753,-3.7325604,9.878476,-0.2284636,2.0659463,0.35185838
397.0,-3.335123,-3.1986535,9.605537,-0.09773844,2.085494,0.38240165
410.0,-3.4524388,-2.7605145,9.569624,-0.02321288,2.1416936,0.42760566
417.0,-3.6032736,-2.5474305,9.425972,0.040317107,2.1966715,0.4886922
428.0,-3.6774938,-2.6719291,9.320627,0.095294975,2.2321017,0.54000485
437.0,-3.799598,-2.72939,8.990228,0.14905111,2.2504275,0.5693264
447.0,-3.8402996,-2.6240451,8.578424,0.17348573,2.2650883,0.59742624
458.0,-3.9576154,-2.3798366,8.437167,0.18081611,2.2736404,0.63285637
469.0,-4.232949,-2.1667526,8.12592,0.204029,2.257758,0.6743952
477.0,-4.3287168,-2.2457612,7.8410106,0.23090707,2.2418754,0.70616025
488.0,-4.6040497,-2.3558946,7.773973,0.267559,2.2382102,0.7171558
498.0,-4.7165775,-2.3391352,7.608773,0.312763,2.2198844,0.7244862
509.0,-4.912902,-2.1332338,7.3885064,0.36163223,2.189341,0.7293731
517.0,-5.0182467,-1.7836803,7.1873937,0.3885103,2.149024,0.7281514
529.0,-5.0996494,-1.4101849,6.909666,0.37751472,2.1050417,0.73548174
538.0,-5.145139,-1.3359646,6.531382,0.32986724,2.0696115,0.75869465
548.0,-5.209783,-1.5035586,6.4068837,0.29932398,2.0402899,0.77579886
557.0,-5.377377,-1.6998832,6.2608376,0.33353242,1.9999728,0.7855727
568.0,-5.5737014,-1.6783354,6.069301,0.39461896,1.9339994,0.78801614
578.0,-5.758055,-1.484405,5.8801594,0.44959682,1.8643607,0.77579886
589.0,-5.8083334,-1.2761095,5.707777,0.4288274,1.736079,0.75136423
600.0,-6.1004257,-1.3000516,5.41329,0.37507126,1.6713274,0.7501425
613.0,-6.179435,-1.1707647,5.2289367,0.33353242,1.5882497,0.7489208
621.0,-6.253655,-1.1061212,4.927267,0.30176744,1.5027285,0.7476991
631.0,-6.327875,-0.90261406,4.853047,0.25900686,1.4147639,0.74281216
640.0,-6.3901243,-0.8810662,4.807557,0.22357668,1.3341297,0.73914695
653.0,-6.4260373,-1.0247183,4.661511,0.21624629,1.2461652,0.7293731
661.0,-6.55293,-0.92416185,4.673482,0.22479841,1.1508701,0.70371675
670.0,-6.6654577,-0.79487497,4.548983,0.22479841,1.0458013,0.6792821
680.0,-6.667852,-0.62728083,4.477157,0.21380283,0.9456194,0.6597345
691.0,-6.670246,-0.58657944,4.307169,0.19792034,0.84421575,0.63407815
701.0,-6.7851677,-0.40701428,4.1371803,0.16982053,0.7452556,0.6047566
713.0,-6.9000893,-0.18674773,3.8977604,0.14538592,0.63529986,0.57910025
720.0,-7.00304,-0.079008654,3.7469256,0.12705997,0.52290064,0.54611355
730.0,-7.117962,-0.02873042,3.466804,0.118507855,0.39461896,0.49968776
741.0,-7.117962,0.19393034,3.2728736,0.11728613,0.25900686,0.45570546
751.0,-7.1945763,0.15562311,3.1364043,0.11362094,0.112399206,0.41416663
760.0,-7.1466923,0.11971009,3.004723,0.103847094,-0.037873644,0.3640757
773.0,-7.180211,0.17717093,3.1507695,0.09407325,-0.19181168,0.31031954
780.0,-7.0006456,0.19632454,3.5218706,0.09040806,-0.34697145,0.2687807
792.0,-6.71813,0.093373865,3.9025488,0.09040806,-0.47769663,0.23823744
800.0,-6.6774287,-0.08140286,4.39336,0.095294975,-0.58032197,0.2125811
813.0,-6.5744777,-0.2633622,4.711789,0.11362094,-0.66950834,0.18325958
821.0,-6.5816603,-0.38067806,4.8482585,0.13194689,-0.7501425,0.16982053
832.0,-6.751649,-0.45729253,4.7620673,0.14782938,-0.816116,0.16982053
840.0,-6.9048777,-0.50757074,4.6950297,0.172264,-0.8772025,0.16615535
852.0,-6.931214,-0.4213795,4.5513773,0.19181168,-0.9431759,0.1600467
861.0,-6.8641763,-0.24899697,4.6806645,0.20525073,-0.9957104,0.17104226
872.0,-6.8162923,-0.2873042,5.0182467,0.23457226,-1.0372492,0.19181168
880.0,-6.670246,-0.21068975,5.401319,0.28099802,-1.078788,0.204029
893.0,-6.5960255,-0.18674773,5.849035,0.3323107,-1.110553,0.20280726
901.0,-6.517017,0.07182605,6.1938,0.35918877,-1.1386528,0.19303341
913.0,-6.528988,0.28491,6.31351,0.3286455,-1.1472049,0.17837265
920.0,-6.4667387,0.48841715,6.325481,0.24190263,-1.1410962,0.15882497
932.0,-6.6175733,0.46926352,6.3925185,0.12705997,-1.142318,0.13805555
940.0,-6.5505357,0.45010993,6.5361705,0.015882496,-1.142318,0.12095132
953.0,-6.4739213,0.29688102,6.567295,-0.087964594,-1.1362094,0.112399206
960.0,-6.481104,0.35434186,6.655881,-0.16982053,-1.1398746,0.09773844
972.0,-6.4404025,0.4213795,6.8210807,-0.2125811,-1.1410962,0.07696902
981.0,-6.291962,0.24899697,6.95755,-0.21868975,-1.1386528,0.058643065
992.0,-6.1100025,0.22266077,7.062895,-0.19914207,-1.1435398,0.039095376
1000.0,-6.114791,0.25378537,7.21373,-0.15760323,-1.1337659,0.013439035
1014.0,-5.827487,0.22026655,7.515399,-0.1001819,-1.1313224,-0.013439035
1022.0,-5.791574,0.35673606,7.587225,-0.057421334,-1.1239921,-0.030543262
1031.0,-5.5976434,0.22026655,7.819463,-0.043982297,-1.0958922,-0.037873644
1040.0,-5.523423,0.079008654,7.8410106,-0.061086524,-1.0641272,-0.039095376
1053.0,-5.5521536,0.019153614,7.762002,-0.10629055,-1.0409144,-0.040317107
1058.0,-5.6096144,0.062249243,7.759608,-0.16615535,-1.0177015,-0.042760566
1107.0,-5.568913,0.15801731,7.836222,-0.2284636,-0.9969321,-0.036651913
1108.0,-5.4563856,-0.047884032,8.09719,-0.27122417,-0.97005403,-0.02565634
1108.0,-5.305551,-0.28491,8.413225,-0.267559,-0.9407325,-0.021991149
1108.0,-5.0996494,-0.48602295,8.743625,-0.2284636,-0.91874135,-0.021991149
1111.0,-5.011064,-0.31124622,8.846576,-0.19058995,-0.89552844,-0.012217305
1118.0,-5.0014873,-0.33997664,8.820239,-0.17592919,-0.8491027,0.0036651916
1129.0,-5.046977,-0.39504328,8.767567,-0.16982053,-0.8051204,0.014660766
1139.0,-5.0254292,-0.44532153,8.604761,-0.17959438,-0.766025,0.02076942
1150.0,-5.0637364,-0.33039984,8.475474,-0.204029,-0.7367035,0.03176499
1159.0,-5.068525,-0.2896984,8.372523,-0.2406809,-0.7098254,0.04886922
1170.0,-5.0254292,-0.40462008,8.293514,-0.28344148,-0.689056,0.065973446
1180.0,-4.9416323,-0.25857377,8.406042,-0.31031954,-0.6731735,0.07819075
1192.0,-4.891354,-0.260968,8.597578,-0.30298916,-0.657291,0.0842994
1201.0,-4.8338933,-0.34715924,8.74123,-0.26389378,-0.6389651,0.087964594
1212.0,-4.675876,-0.44771573,8.834604,-0.20280726,-0.6291912,0.0842994
1221.0,-4.6662993,-0.45489833,8.779537,-0.13927728,-0.63529986,0.073303826
1231.0,-4.656722,-0.30645782,8.588001,-0.112399206,-0.6230826,0.06841691
1240.0,-4.6232033,-0.2753332,8.384495,-0.13805555,-0.61086524,0.06841691
1251.0,-4.656722,-0.12928689,8.137892,-0.18936823,-0.6169739,0.064751714
1260.0,-4.584896,-0.09816227,7.9272017,-0.25045475,-0.61941737,0.064751714
1269.0,-4.608838,0.023942016,7.9224133,-0.30787608,-0.62796944,0.06841691
1280.0,-4.4939165,-0.095768064,7.9750857,-0.33475417,-0.6426302,0.0720821
1293.0,-4.450821,-0.2825158,8.207323,-0.31520647,-0.64996064,0.073303826
1298.0,-4.3023806,-0.49559975,8.429984,-0.24678956,-0.67073005,0.06841691
1312.0,-4.1515455,-0.545878,8.403648,-0.17104226,-0.6976081,0.056199603
1319.0,-4.0462008,-0.39743748,8.595184,-0.118507855,-0.72204274,0.040317107
1329.0,-4.0174704,-0.24899697,8.604761,-0.10262536,-0.7293731,0.035430185
1338.0,-3.8905778,-0.2657564,8.508993,-0.12339478,-0.73548174,0.035430185
1349.0,-3.916914,-0.25139117,8.485051,-0.16126843,-0.7330383,0.030543262
1358.0,-3.8546648,-0.2825158,8.47308,-0.18936823,-0.752586,0.02443461
1369.0,-3.845088,-0.30166942,8.446744,-0.22968534,-0.7367035,0.029321533
1378.0,-3.8067808,-0.33758244,8.4826565,-0.27122417,-0.73914695,0.037873644
1388.0,-3.7229836,-0.41180268,8.678981,-0.28588495,-0.7489208,0.039095376
1398.0,-3.6894648,-0.40701428,8.875306,-0.2003638,-0.75747293,0.034208454
1409.0,-3.550601,-0.59376204,9.100361,-0.2003638,-0.75747293,0.034208454
1418.0,-3.4859576,-0.6560113,9.119514,-0.11484267,-0.75991637,0.019547688
1429.0,-3.3039982,-0.5626374,9.193734,-0.11484267,-0.7452556,0.019547688
1447.0,-3.2992098,-0.4357447,9.232041,-0.13316862,-0.7257079,0.02565634
1452.0,-3.2154129,-0.61052144,9.354146,-0.15027285,-0.7086037,0.029321533
1458.0,-3.217807,-0.5434838,9.299079,-0.15760323,-0.7012733,0.029321533
1483.0,-3.1292217,-0.4285621,9.196129,-0.17959438,-0.6939429,0.02443461
1483.0,-3.0478187,-0.4141969,9.186552,-0.21013765,-0.67073005,0.028099801
1661.0,-2.992752,-0.581791,9.358934,-0.22479841,-0.64873886,0.036651913
1661.0,-2.9352913,-0.7254431,9.516952,-0.21624629,-0.63407815,0.04153884
1661.0,-2.9257145,-0.7015011,9.696517,-0.17715092,-0.6267477,0.04153884
1661.0,-2.7988217,-0.6607997,9.648633,-0.14905111,-0.61941737,0.040317107
1661.0,-2.7269957,-0.5530606,9.437943,-0.15760323,-0.6035349,0.036651913
1661.0,-2.7724855,-0.48123455,9.531317,-0.18936823,-0.57787853,0.032986723
1661.0,-2.7461493,-0.641646,9.634268,-0.22235495,-0.5558874,0.03176499
1661.0,-2.695871,-0.6847417,9.617508,-0.25900686,-0.54367006,0.03176499
1661.0,-2.585738,-0.7637503,9.696517,-0.30176744,-0.52656585,0.03176499
1661.0,-2.4420857,-0.7493851,9.710882,-0.33964106,-0.49968776,0.036651913
1661.0,-2.3511062,-0.866701,9.785102,-0.36896262,-0.46670106,0.047647487
1661.0,-2.3295584,-0.9935937,9.816227,-0.3921755,-0.43371433,0.057421334
1661.0,-2.4660277,-1.2545617,9.861717,-0.3848451,-0.41050145,0.05497787
1661.0,-2.5139117,-1.2617443,9.758766,-0.33841935,-0.40317106,0.04520403
1661.0,-2.528277,-1.1923125,9.564836,-0.27977628,-0.40561453,0.036651913
1661.0,-2.5450363,-1.0965444,9.40203,-0.22968534,-0.39584067,0.032986723
1661.0,-2.432509,-1.0510546,9.526528,-0.172264,-0.37873647,0.03176499
1661.0,-2.3702598,-1.0965444,9.533711,-0.10751228,-0.376293,0.032986723
1678.0,-2.2146366,-1.1372458,9.540894,-0.059864793,-0.36896262,0.036651913
1678.0,-2.1906946,-0.9816227,9.667787,-0.02687807,-0.36285394,0.043982297
1690.0,-2.1428106,-0.9528923,9.545682,-0.010995574,-0.35796702,0.04642576
1710.0,-2.1547816,-1.0103531,9.540894,-0.03176499,-0.35063666,0.039095376
1710.0,-2.0901382,-0.8714894,9.416395,-0.061086524,-0.34208453,0.035430185
1719.0,-2.1691468,-0.91458505,9.346964,-0.07941248,-0.33353242,0.035430185
1731.0,-2.1667526,-1.0414777,9.44752,-0.087964594,-0.31887165,0.039095376
1739.0,-2.099715,-1.079785,9.502586,-0.07574729,-0.31887165,0.043982297
1750.0,-1.9656396,-1.1372458,9.536105,-0.052534413,-0.3286455,0.043982297
1760.0,-1.8962077,-1.0390835,9.52174,-0.030543262,-0.3213151,0.04520403
1771.0,-1.8866309,-0.9983821,9.536105,-0.02321288,-0.312763,0.043982297
1779.0,-1.9081788,-0.94331545,9.442732,-0.03176499,-0.30665436,0.04153884
1790.0,-1.9488802,-1.0151415,9.588778,-0.032986723,-0.2968805,0.037873644
1799.0,-1.8794483,-1.0510546,9.624691,-0.014660766,-0.29565877,0.039095376
1810.0,-1.8411411,-0.9720459,9.564836,0.0,-0.30298916,0.042760566
1819.0,-1.7549498,-1.055843,9.514558,0.0036651916,-0.29077184,0.04886922
1835.0,-1.8794483,-1.0414777,9.586384,0.017104227,-0.2773328,0.05375614
1839.0,-1.8435353,-1.0941502,9.605537,0.040317107,-0.28588495,0.052534413
1850.0,-1.7645266,-1.091756,9.543288,0.05375614,-0.28221974,0.05375614
1859.0,-1.7597382,-1.0773908,9.572019,0.06841691,-0.27366763,0.065973446
1869.0,-1.769315,-1.1779473,9.5385,0.0842994,-0.2724459,0.07574729
1880.0,-1.7501614,-1.1013328,9.639056,0.111177474,-0.27488935,0.06841691
1891.0,-1.7190368,-1.0175357,9.591172,0.13439035,-0.27855456,0.059864793
1900.0,-1.5490485,-0.8379706,9.519346,0.1282817,-0.27855456,0.064751714
1913.0,-1.6256629,-0.90740246,9.349358,0.07452556,-0.267559,0.0720821
1921.0,-1.5969325,-0.92416185,9.514558,0.009773844,-0.25045475,0.07696902
1931.0,-1.472434,-1.0510546,9.557653,-0.030543262,-0.25045475,0.07819075
1941.0,-1.400608,-0.9720459,9.691729,-0.103847094,-0.24312437,0.080634214
1953.0,-1.340753,-0.79487497,9.919178,-0.19303341,-0.20525073,0.08307768
1962.0,-1.3383588,-0.89303726,9.950302,-0.20769419,-0.1600467,0.07452556
1973.0,-1.4173675,-1.13964,9.945514,-0.16126843,-0.13561209,0.057421334
1983.0,-1.4939818,-1.1540052,9.935937,-0.10262536,-0.13072516,0.042760566
1992.0,-1.5179238,-0.91937345,9.856929,-0.07452556,-0.12705997,0.039095376
2004.0,-1.4867992,-0.6943185,9.751583,-0.06963864,-0.112399206,0.040317107
2012.0,-1.4437037,-0.7565677,9.636662,-0.06841691,-0.10629055,0.035430185
2024.0,-1.4341269,-0.79726917,9.5385,-0.05131268,-0.105068825,0.02443461
2032.0,-1.4676456,-0.91219085,9.495404,-0.019547688,-0.11362094,0.017104227
2042.0,-1.388637,-1.0606314,9.461885,0.014660766,-0.1282817,0.021991149
2055.0,-1.2545617,-1.1085154,9.514558,0.037873644,-0.13439035,0.02565634
2067.0,-1.3479356,-0.94810385,9.65821,0.04153884,-0.13316862,0.02321288
2077.0,-1.2425907,-0.9504981,9.471462,0.028099801,-0.13194689,0.019547688
2080.0,-1.2138603,-1.1300632,9.315839,0.0012217305,-0.13194689,0.02565634
2093.0,-1.2258313,-1.1659763,9.26556,-0.02443461,-0.13927728,0.035430185
2128.0,-1.3096284,-1.0486604,9.251195,-0.036651913,-0.1563815,0.04642576
2128.0,-1.2856863,-1.0127473,9.232041,-0.043982297,-0.17837265,0.05131268
2128.0,-1.2641385,-0.9648633,9.3182335,-0.058643065,-0.19058995,0.04886922
2156.0,-1.2234371,-0.9696517,9.399636,-0.06841691,-0.19792034,0.05009095
2156.0,-1.2090719,-1.0055647,9.555259,-0.06352998,-0.204029,0.05131268
2156.0,-1.1468226,-1.0486604,9.617508,-0.047647487,-0.20769419,0.05009095
2160.0,-1.2042835,-1.0175357,9.679757,-0.029321533,-0.21624629,0.04642576
2171.0,-1.2545617,-0.9624691,9.593566,-0.02076942,-0.22235495,0.04642576
2179.0,-1.1947067,-0.89064306,9.516952,-0.014660766,-0.23335053,0.05131268
2190.0,-1.1899183,-0.89064306,9.44752,-0.029321533,-0.23823744,0.056199603
2200.0,-1.1540052,-1.0630256,9.449914,-0.089186326,-0.24801129,0.061086524
2212.0,-1.1659763,-1.127669,9.425972,-0.089186326,-0.24801129,0.061086524
2220.0,-1.091756,-1.13964,9.435549,-0.096516706,-0.24801129,0.07086037
2229.0,-1.13964,-1.1731589,9.449914,-0.08552113,-0.24678956,0.080634214
2240.0,-1.1540052,-1.1851299,9.552865,-0.06352998,-0.24190263,0.087964594
2249.0,-1.0702082,-1.30484,9.682152,-0.032986723,-0.23823744,0.09285152
2259.0,-1.0773908,-1.1324574,9.753978,-0.008552114,-0.22235495,0.06719518
2270.0,-1.0007763,-0.80205756,9.7563715,-0.032986723,-0.20891592,0.042760566
2280.0,-0.9720459,-0.7062895,9.785102,-0.062308256,-0.19547687,0.021991149
2290.0,-0.9816227,-0.7541735,9.844957,-0.09285152,-0.18203785,0.009773844
2300.0,-1.0414777,-0.866701,9.76116,-0.12705997,-0.17715092,-0.002443461
2311.0,-1.043872,-1.055843,9.533711,-0.14905111,-0.16737708,-0.009773844
2321.0,-1.1109096,-1.1061212,9.370906,-0.16982053,-0.172264,-0.009773844
2331.0,-1.103727,-1.2138603,9.279925,-0.19792034,-0.18325958,0.002443461
2343.0,-1.0175357,-1.2521675,9.346964,-0.20769419,-0.18570304,0.019547688
2352.0,-0.9864111,-1.3670892,9.500193,-0.19303341,-0.18570304,0.029321533
2361.0,-0.90500826,-1.3934253,9.619903,-0.19058995,-0.18448131,0.032986723
2375.0,-0.92416185,-1.2641385,9.531317,-0.18448131,-0.19181168,0.02565634
2394.0,-0.9744401,-1.1659763,9.437943,-0.1881465,-0.204029,0.0036651916
2394.0,-1.0055647,-1.1109096,9.433155,-0.23701571,-0.19547687,-0.017104227
2401.0,-0.9576807,-1.0414777,9.394848,-0.2932153,-0.204029,-0.012217305
2412.0,-0.830788,-1.1324574,9.270349,-0.33841935,-0.21502456,-0.002443461
2423.0,-0.6895301,-1.1899183,9.289502,-0.3811799,-0.21624629,-0.002443461
2437.0,-0.60094464,-1.352724,9.346964,-0.408058,-0.21991149,0.004886922
2440.0,-0.46447513,-1.4820108,9.634268,-0.42394048,-0.2125811,0.015882496
2451.0,-0.34715924,-1.8435353,9.904813,-0.40317106,-0.1966986,0.02565634
2460.0,-0.35194764,-2.2936451,10.0029745,-0.35308012,-0.17470746,0.036651913
2472.0,-0.4165911,-2.5737667,10.070012,-0.31398472,-0.1563815,0.061086524
2482.0,-0.5626374,-2.6910827,10.072407,-0.28710666,-0.15515977,0.081855945
2493.0,-0.58418524,-2.15957,10.199299,-0.25534168,-0.16737708,0.065973446
