15.0,-1.4460979,2.0350714,9.768343,-0.36896262,-0.4886922,0.010995574
32.0,-0.9959879,2.0709844,9.7803135,0.14538592,0.13805555,-0.07696902
33.0,-0.5602432,1.5514427,10.010158,0.02443461,-0.24923302,-0.2846632
45.0,-0.50517654,0.92416185,10.067618,-0.13439035,-0.36163223,-0.27488935
54.0,-0.60812724,0.56982,10.199299,-0.036651913,0.47891834,-0.042760566
64.0,-0.7589619,0.7637503,10.199299,-0.062308256,0.5510005,-0.25534168
74.0,-0.7302315,1.0486604,10.230424,-0.10751228,0.44837508,-0.42760566
83.0,-0.60812724,1.3359646,10.220847,-0.13561209,0.3408628,-0.42394048
93.0,-0.58418524,1.3599066,10.3214035,-0.16615535,0.39950588,-0.37751472
104.0,-0.7398083,1.2210429,10.378864,-0.22968534,0.47158796,-0.43860126
113.0,-0.85473,1.0486604,10.414778,-0.32620203,0.56321776,-0.55955255
123.0,-0.92416185,1.0103531,10.512939,-0.41905355,0.64996064,-0.6609562
135.0,-1.0199299,0.7541735,10.7356,-0.47036624,0.7257079,-0.70371675
143.0,-1.0534488,0.5267244,10.728417,-0.48991394,0.8002335,-0.7086037
155.0,-1.0965444,0.40940848,10.718841,-0.48747048,0.88331115,-0.72326446
163.0,-1.1923125,0.10295067,10.6158905,-0.47525316,0.95539325,-0.7648033
174.0,-1.2737153,-0.18435353,10.560823,-0.4813618,1.0421361,-0.82344633
183.0,-1.3479356,-0.22266077,10.5919485,-0.49846604,1.1496484,-0.8735373
195.0,-1.5634137,-0.09816227,10.704475,-0.5131268,1.2583824,-0.90041536
205.0,-1.7142484,-0.06703765,10.709264,-0.5326745,1.3585643,-0.9053023
213.0,-2.006341,-0.12928689,10.5680065,-0.57910025,1.4514158,-0.906524
223.0,-2.3798366,-0.25139117,10.486604,-0.64873886,1.5589281,-0.91507614
234.0,-2.6144683,-0.50278234,10.642226,-0.72326446,1.6676621,-0.9211848
244.0,-2.8419175,-0.94331545,10.596737,-0.7611381,1.8216002,-0.89919364
256.0,-2.992752,-1.364695,10.364499,-0.7611381,1.8216002,-0.89919364
264.0,-3.0334535,-1.6687586,10.0748005,-0.68539083,1.8643607,-0.8552113
274.0,-3.0621839,-1.8650831,9.876082,-0.5729916,1.926669,-0.79168135
284.0,-3.2704794,-1.9680338,9.7803135,-0.45448375,1.9853121,-0.7098254
294.0,-3.6487634,-2.1092918,9.921572,-0.37140608,2.0341814,-0.6267477
304.0,-3.9145198,-2.1428106,10.01734,-0.33108896,2.1062634,-0.56077427
315.0,-4.2281604,-2.0207062,9.911995,-0.32498032,2.1416936,-0.4972443
324.0,-4.3981485,-1.9273324,9.749189,-0.30909783,2.2296581,-0.33964106
334.0,-4.642357,-2.0518308,9.485827,-0.23701571,2.2797492,-0.25167647
344.0,-4.807557,-2.0757728,9.583989,-0.13072516,2.3188446,-0.1685988
355.0,-5.2289367,-2.0015526,9.476251,-0.021991149,2.334727,-0.087964594
364.0,-5.351041,-1.9273324,9.334992,0.07452556,2.3506095,-0.013439035
375.0,-5.518635,-1.8531121,9.143456,0.14782938,2.371379,0.065973446
384.0,-5.533,-1.6879122,8.789114,0.17104226,2.3738225,0.14905111
394.0,-5.57849,-1.4460979,8.508993,0.14538592,2.3860397,0.22968534
404.0,-5.7365074,-1.3694834,8.360553,0.10629055,2.4129176,0.30176744
414.0,-5.6359506,-1.4197617,8.255207,0.105068825,2.438574,0.36896262
424.0,-5.671864,-1.7381904,7.943961,0.17837265,2.438574,0.43371433
435.0,-5.7748146,-1.9009962,7.6111674,0.2932153,2.4092526,0.48624873
444.0,-6.0477533,-1.7046716,7.374141,0.4007276,2.371379,0.5216789
456.0,-6.2728086,-1.1875241,6.9120603,0.4569272,2.3359487,0.5534439
464.0,-6.325481,-0.7469909,6.6989765,0.45937067,2.3176227,0.593761
474.0,-6.339846,-0.61530983,6.172252,0.44226643,2.2992969,0.6401868
484.0,-6.4284315,-0.45010993,5.5976434,0.43127087,2.2638667,0.66828656
495.0,-6.658275,-0.20829555,5.279215,0.44715336,2.211332,0.6719518
504.0,-6.7468605,0.019153614,5.0397944,0.46670106,2.1612413,0.68294734
514.0,-6.9024835,0.17717093,4.795586,0.44959682,2.1184807,0.71593404
524.0,-6.909666,0.17477672,4.5920787,0.43493605,2.067168,0.7415904
535.0,-7.0006456,0.19393034,4.2521024,0.44348818,2.0073032,0.73548174
544.0,-7.129933,0.29209262,4.1491513,0.45448375,1.9413297,0.70249504
557.0,-7.3525934,0.39983168,3.857059,0.45814893,1.8594738,0.6731735
564.0,-7.2783732,0.51475334,3.7253778,0.44104472,1.78617,0.6658431
575.0,-7.4244194,0.58897364,3.3423057,0.42149702,1.7201965,0.6536258
584.0,-7.539341,0.6488287,3.2561142,0.39095375,1.6395624,0.6218608
594.0,-7.5321584,0.7302315,2.966416,0.35185838,1.5601498,0.59742624
605.0,-7.608773,0.8331822,2.908955,0.30665436,1.486846,0.59131753
617.0,-7.752425,0.5746084,2.7222073,0.26633725,1.4086553,0.5864306
627.0,-7.821857,0.5243302,2.566584,0.2443461,1.3329079,0.56077427
637.0,-7.905654,0.50038815,2.3918076,0.24923302,1.2437216,0.52778757
648.0,-8.025364,0.5793968,2.255338,0.26633725,1.1472049,0.50579643
658.0,-8.063671,0.5315128,2.1571758,0.27366763,1.0519099,0.4972443
668.0,-8.1163435,0.62249243,2.0207062,0.28099802,0.9615019,0.48624873
678.0,-8.121132,0.56982,2.030283,0.28710666,0.86742866,0.47158796
687.0,-8.078036,0.51475334,2.030283,0.26633725,0.77946407,0.44715336
698.0,-8.130709,0.63206923,1.9919758,0.24312437,0.7049385,0.41905355
708.0,-8.209718,0.6895301,1.9991584,0.21502456,0.63163465,0.40439278
717.0,-8.331821,0.7158663,1.8579005,0.17104226,0.5558874,0.39461896
728.0,-8.418014,0.7302315,1.7764976,0.13927728,0.47891834,0.38362336
739.0,-8.485051,0.6751649,1.7932571,0.13316862,0.39950588,0.37384954
748.0,-8.494628,0.62967503,1.8052281,0.13316862,0.32498032,0.36285394
758.0,-8.50181,0.61291564,1.8483237,0.13683382,0.25534168,0.34574974
768.0,-8.485051,0.6655881,1.9919758,0.14782938,0.18936823,0.33108896
780.0,-8.516175,0.7517793,2.0901382,0.1441642,0.12461651,0.32742378
789.0,-8.556877,0.8283938,2.1188686,0.119729586,0.047647487,0.3286455
799.0,-8.573636,0.9888053,2.219425,0.073303826,-0.029321533,0.32375857
807.0,-8.556877,1.0103531,2.2625206,0.02321288,-0.08552113,0.30787608
819.0,-8.516175,1.2162545,2.3080103,-0.019547688,-0.13561209,0.29932398
828.0,-8.588001,1.4317327,2.2649148,-0.06963864,-0.204029,0.2968805
838.0,-8.597578,1.5873557,2.2146366,-0.12217305,-0.2773328,0.28588495
848.0,-8.597578,1.733402,2.0350714,-0.17470746,-0.35918877,0.2761111
860.0,-8.6574335,1.6783354,1.8914193,-0.22479841,-0.42760566,0.27122417
868.0,-8.74123,1.5825673,1.9632454,-0.2443461,-0.49846604,0.25778514
877.0,-8.671799,1.532289,2.255338,-0.22235495,-0.58276546,0.2443461
887.0,-8.564059,1.6160861,2.585738,-0.18448131,-0.65484756,0.2406809
898.0,-8.377312,1.7429788,2.882619,-0.15027285,-0.70005155,0.23701571
908.0,-8.331821,1.9752164,3.1675289,-0.13561209,-0.73548174,0.22479841
918.0,-8.4347725,1.9776106,3.3135753,-0.15515977,-0.7635816,0.2125811
928.0,-8.389283,1.9297266,3.5003228,-0.18325958,-0.7892379,0.19181168
938.0,-8.3821,1.8555063,3.560178,-0.20647246,-0.81489426,0.17348573
947.0,-8.3390045,1.7741034,3.7445314,-0.23701571,-0.8332202,0.1685988
959.0,-8.3629465,1.6831238,3.6822822,-0.25900686,-0.8491027,0.15515977
968.0,-8.307879,1.7932571,3.7900212,-0.28588495,-0.86376345,0.13194689
980.0,-8.3150625,1.8004397,3.8738184,-0.3359759,-0.874759,0.12339478
989.0,-8.166622,1.5753847,4.003105,-0.3811799,-0.8784242,0.119729586
997.0,-8.137892,1.448492,4.4005427,-0.38240165,-0.88086766,0.09896017
1008.0,-8.051701,1.3838485,4.55856,-0.3371976,-0.89552844,0.081855945
1019.0,-7.967903,1.3958195,4.7500963,-0.28955013,-0.8979719,0.081855945
1028.0,-7.905654,1.5107412,4.8865657,-0.2443461,-0.89919364,0.07941248
1041.0,-7.848193,1.5346833,5.0613422,-0.21135938,-0.893085,0.064751714
1048.0,-7.824251,1.5921441,5.145139,-0.1881465,-0.88453287,0.047647487
1079.0,-7.8146744,1.7956513,5.104438,-0.18081611,-0.8723156,0.040317107
1079.0,-7.7452426,1.7262194,4.996699,-0.19425514,-0.86009824,0.04642576
1079.0,-7.759608,1.4269443,4.9679685,-0.22357668,-0.8405506,0.04886922
1087.0,-7.7332716,1.3934253,5.145139,-0.23335053,-0.8332202,0.029321533
1097.0,-7.728483,1.2186487,5.2768207,-0.22113322,-0.83077675,0.008552114
1108.0,-7.654263,1.292869,5.485116,-0.20647246,-0.83077675,0.0036651916
1116.0,-7.4723034,1.3599066,5.6646814,-0.20891592,-0.81489426,0.007330383
1126.0,-7.5321584,1.4197617,5.719748,-0.23701571,-0.8051204,0.002443461
1136.0,-7.467515,1.4437037,5.8586116,-0.28710666,-0.77824235,-0.004886922
1145.0,-7.4124484,1.364695,5.932832,-0.34574974,-0.73914695,-0.004886922
1158.0,-7.3406224,1.2976574,5.7389016,-0.34330627,-0.72692966,-0.004886922
1165.0,-7.467515,1.2737153,5.6431336,-0.33108896,-0.71959925,-0.010995574
1175.0,-7.467515,1.271321,5.5976434,-0.29565877,-0.7122689,-0.019547688
1186.0,-7.381324,1.2234371,5.686229,-0.25289822,-0.7049385,-0.021991149
1196.0,-7.2711906,1.151611,5.791574,-0.20280726,-0.70005155,-0.019547688
1206.0,-7.2951326,1.1013328,5.959168,-0.14782938,-0.7086037,-0.021991149
1216.0,-7.2448545,1.0534488,6.10282,-0.111177474,-0.7049385,-0.029321533
1224.0,-7.189788,1.0869676,6.232107,-0.096516706,-0.7049385,-0.036651913
1234.0,-7.0844426,1.1683705,6.2728086,-0.105068825,-0.7012733,-0.042760566
1244.0,-7.00304,1.1851299,6.301539,-0.1282817,-0.6939429,-0.042760566
1255.0,-7.0485296,1.1420342,6.2847795,-0.15882497,-0.68416905,-0.040317107
1264.0,-7.053318,1.0031705,6.337452,-0.18936823,-0.6805039,-0.040317107
1276.0,-6.9862804,1.0103531,6.208165,-0.22602014,-0.6731735,-0.040317107
1284.0,-6.969521,1.0007763,6.203377,-0.25167647,-0.6597345,-0.037873644
1294.0,-6.943185,1.0319009,6.363788,-0.24556783,-0.64996064,-0.03176499
1304.0,-6.8785415,0.89782566,6.528988,-0.21868975,-0.6389651,-0.02443461
1315.0,-6.9503675,0.81163436,6.6726403,-0.18692477,-0.62796944,-0.017104227
1332.0,-6.871359,0.80205756,6.7372837,-0.14905111,-0.6243043,-0.014660766
1337.0,-6.8402343,0.878672,6.8665705,-0.1160644,-0.6230826,-0.014660766
1344.0,-6.754043,0.94570965,6.8641763,-0.09896017,-0.6133087,-0.013439035
1480.0,-6.751649,1.0366893,6.919243,-0.09285152,-0.59864795,-0.008552114
1480.0,-6.751649,1.0366893,6.8330517,-0.10262536,-0.5839872,-0.0036651916
1480.0,-6.7205243,0.9911995,6.83784,-0.13316862,-0.5681047,0.002443461
1480.0,-6.811504,0.89782566,6.7971387,-0.17104226,-0.5546656,0.0061086523
1480.0,-6.7444663,0.9624691,6.751649,-0.20280726,-0.54367006,0.008552114
1480.0,-6.667852,0.90021986,6.7324953,-0.21380283,-0.54611355,0.013439035
1480.0,-6.6534867,0.8810662,6.8522053,-0.19914207,-0.5510005,0.019547688
1480.0,-6.5241995,0.85473,6.9719152,-0.16371189,-0.56199604,0.02443461
1480.0,-6.3709707,0.90261406,6.9288197,-0.13072516,-0.5656612,0.028099801
1480.0,-6.373365,0.89543146,6.9120603,-0.111177474,-0.57543504,0.02443461
1480.0,-6.2967505,0.93613285,6.979098,-0.103847094,-0.5742133,0.018325957
1480.0,-6.2943563,0.9792285,6.955156,-0.11484267,-0.5693264,0.018325957
1480.0,-6.1507044,0.91458505,6.9168487,-0.14538592,-0.56321776,0.021991149
1509.0,-6.2249246,0.830788,6.943185,-0.18203785,-0.56688297,0.02443461
1509.0,-6.1985884,0.866701,6.991069,-0.21624629,-0.5717699,0.02321288
1509.0,-6.1530986,0.89543146,6.9623384,-0.23335053,-0.5815437,0.02076942
1532.0,-6.045359,0.82599956,7.086837,-0.2321288,-0.59131753,0.019547688
1532.0,-5.8921304,0.7422025,7.2472486,-0.21013765,-0.5815437,0.02687807
1560.0,-5.8681884,0.7469909,7.359776,-0.16249016,-0.5925393,0.03176499
1560.0,-5.851429,0.7757214,7.4387846,-0.11728613,-0.5925393,0.02687807
1560.0,-5.841852,0.78050977,7.479486,-0.1001819,-0.59742624,0.02076942
1566.0,-5.8346696,0.7445967,7.513005,-0.10751228,-0.5925393,0.018325957
1578.0,-5.758055,0.79008657,7.5321584,-0.11728613,-0.5888741,0.012217305
1587.0,-5.7987566,0.842759,7.529764,-0.13194689,-0.5900958,0.004886922
1596.0,-5.753267,0.8714894,7.505822,-0.1563815,-0.5852089,0.0
1606.0,-5.7867856,0.8571242,7.5106106,-0.17348573,-0.59620446,-0.0036651916
1615.0,-5.6551046,0.8834604,7.656657,-0.17837265,-0.5876524,-0.0036651916
1625.0,-5.559336,0.82599956,7.627927,-0.16126843,-0.5852089,-0.002443461
1636.0,-5.4563856,0.7038953,7.752425,-0.13439035,-0.5852089,0.0012217305
1645.0,-5.5617304,0.7374141,7.81228,-0.10629055,-0.57910025,0.002443461
1656.0,-5.509058,0.7086837,7.9846625,-0.081855945,-0.5729916,0.0
1665.0,-5.422867,0.7469909,8.137892,-0.065973446,-0.56321776,0.0
1675.0,-5.415684,0.7206547,8.192958,-0.06352998,-0.5571091,0.0
1685.0,-5.303157,0.6536171,8.252813,-0.081855945,-0.5534439,-0.002443461
1697.0,-5.3486466,0.7158663,8.195353,-0.11728613,-0.5412266,-0.008552114
1705.0,-5.2983685,0.8643068,8.106767,-0.16126843,-0.5326745,-0.009773844
1716.0,-5.2720323,0.94331545,7.9511437,-0.20891592,-0.51923543,-0.004886922
1726.0,-5.2863975,0.8283938,7.97748,-0.25534168,-0.5021312,-0.0012217305
1738.0,-5.2528787,0.6847417,7.967903,-0.2846632,-0.49113566,-0.0036651916
1747.0,-5.257667,0.5291186,8.130709,-0.267559,-0.48502702,-0.007330383
1759.0,-5.159505,0.46926352,8.307879,-0.21013765,-0.48502702,-0.004886922
1767.0,-5.106832,0.44532153,8.413225,-0.14782938,-0.48502702,0.0
1778.0,-4.939238,0.49559975,8.50181,-0.09040806,-0.4801401,0.0
1790.0,-4.984728,0.49559975,8.446744,-0.047647487,-0.47403142,-0.002443461
1797.0,-4.8626237,0.5410896,8.508993,-0.036651913,-0.4654793,-0.0061086523
1808.0,-4.867412,0.6799533,8.432379,-0.05497787,-0.453262,-0.0061086523
1819.0,-4.9296613,0.63206923,8.281544,-0.09162979,-0.44715336,-0.009773844
1921.0,-4.819528,0.6488287,8.130709,-0.14538592,-0.44593164,-0.017104227
1921.0,-4.8722005,0.81642276,8.123527,-0.19792034,-0.43982297,-0.02321288
1921.0,-4.7860093,0.7398083,8.1881695,-0.23335053,-0.43004912,-0.02321288
1921.0,-4.76925,0.5530606,8.279149,-0.24312437,-0.42271876,-0.02321288
1921.0,-4.661511,0.36870706,8.322245,-0.22113322,-0.42394048,-0.029321533
1921.0,-4.654328,0.2753332,8.451532,-0.17592919,-0.4373795,-0.036651913
1921.0,-4.5633483,0.2825158,8.492233,-0.1282817,-0.44715336,-0.037873644
1921.0,-4.51307,0.29688102,8.446744,-0.09162979,-0.44837508,-0.028099801
1921.0,-4.4556093,0.3854665,8.554482,-0.07086037,-0.44715336,-0.021991149
1921.0,-4.4125137,0.3184288,8.556877,-0.06841691,-0.44348818,-0.02076942
1926.0,-4.3861775,0.39504328,8.499416,-0.07819075,-0.43982297,-0.02687807
1937.0,-4.3837833,0.49799395,8.441956,-0.096516706,-0.44104472,-0.03176499
1946.0,-4.3502645,0.5291186,8.50181,-0.16249016,-0.42271876,-0.02565634
1957.0,-4.2904096,0.4333505,8.604761,-0.16249016,-0.42271876,-0.02565634
1967.0,-4.256891,0.36631286,8.65025,-0.2125811,-0.41172317,-0.018325957
1976.0,-4.232949,0.2873042,8.7292595,-0.21502456,-0.41050145,-0.019547688
1986.0,-4.225766,0.2657564,8.535329,-0.20769419,-0.41783184,-0.021991149
1998.0,-4.1132383,0.2681506,8.552089,-0.19792034,-0.4251622,-0.02321288
2006.0,-4.0438066,0.23463176,8.607155,-0.17348573,-0.42149702,-0.021991149
2018.0,-3.9911342,0.08140286,8.686164,-0.1282817,-0.4251622,-0.021991149
2026.0,-3.9815574,0.06943185,8.74123,-0.087964594,-0.43860126,-0.03176499
2036.0,-3.9935284,0.22026655,8.700529,-0.07452556,-0.44226643,-0.042760566
2051.0,-3.9025488,0.36870706,8.7292595,-0.095294975,-0.43249258,-0.04520403
2059.0,-3.8857894,0.33279404,8.805874,-0.13927728,-0.42149702,-0.034208454
2066.0,-3.845088,0.16759412,8.971074,-0.19058995,-0.41416663,-0.02076942
2078.0,-3.7205894,-0.0023942017,8.884883,-0.22724187,-0.41172317,-0.008552114
2087.0,-3.8283286,0.06464344,8.875306,-0.25045475,-0.4202753,0.0
2096.0,-3.763685,0.035913024,8.925584,-0.26389378,-0.4202753,0.008552114
2108.0,-3.7325604,-0.009576807,8.9998045,-0.2602286,-0.41538838,0.018325957
2117.0,-3.7493198,-0.1316811,8.963891,-0.2321288,-0.41050145,0.029321533
2126.0,-3.643975,-0.14844051,9.033323,-0.1881465,-0.40683624,0.03176499
2137.0,-3.6846764,-0.14604631,9.009381,-0.13927728,-0.408058,0.030543262
2146.0,-3.6583402,-0.1316811,8.973468,-0.10629055,-0.4092797,0.034208454
2158.0,-3.6272156,-0.11731588,8.932767,-0.09040806,-0.40439278,0.04642576
2167.0,-3.6056678,-0.16280572,8.925584,-0.08552113,-0.40194935,0.059864793
2179.0,-3.6343982,-0.11731588,8.889671,-0.07574729,-0.40561453,0.06963864
2188.0,-3.5697548,-0.023942016,8.978256,-0.061086524,-0.40561453,0.07696902
2199.0,-3.5051112,-0.11492168,9.129091,-0.043982297,-0.408058,0.087964594
2266.0,-3.4452562,-0.1340753,9.090784,-0.034208454,-0.4092797,0.103847094
2266.0,-3.3399115,-0.16759412,9.141062,-0.021991149,-0.408058,0.11484267
2266.0,-3.3063924,-0.076614454,9.306262,-0.002443461,-0.38728857,0.118507855
2266.0,-3.241749,-0.21787235,9.275137,0.021991149,-0.39095375,0.118507855
2266.0,-3.1914709,-0.1436521,9.241618,0.02565634,-0.38728857,0.118507855
2267.0,-3.1124623,-0.090979666,9.112331,0.018325957,-0.38240165,0.12217305
2267.0,-2.9735985,0.011971008,9.069236,0.0061086523,-0.37140608,0.12705997
2276.0,-3.0119057,-0.076614454,8.959103,-0.02076942,-0.37140608,0.12950343
2287.0,-2.9496565,-0.035913024,8.925584,-0.057421334,-0.37018433,0.1282817
2300.0,-2.9233203,0.016759412,8.939949,-0.07574729,-0.36285394,0.12705997
2308.0,-2.873042,0.007182605,8.99741,-0.06352998,-0.36163223,0.12461651
2318.0,-2.9400797,-0.04070143,8.980651,-0.037873644,-0.36163223,0.12339478
2329.0,-2.9257145,0.1340753,9.050082,-0.019547688,-0.37140608,0.12095132
2339.0,-2.9975405,0.19393034,9.085996,-0.017104227,-0.37995818,0.12217305
2349.0,-2.9496565,0.1388637,9.150639,-0.030543262,-0.376293,0.12461651
2362.0,-2.9400797,0.14844051,9.129091,-0.039095376,-0.37507126,0.12217305
2370.0,-2.9783869,0.01436521,9.320627,-0.02321288,-0.37995818,0.11728613
2380.0,-2.8921957,0.15801731,9.3182335,0.019547688,-0.39828414,0.10995574
2390.0,-2.801216,0.272939,9.260772,0.04886922,-0.40194935,0.111177474
2400.0,-2.8299465,0.29209262,9.25359,0.043982297,-0.3885103,0.119729586
2411.0,-2.8275523,0.2705448,9.294291,0.021991149,-0.38240165,0.12950343
2424.0,-2.8107927,0.24181437,9.277532,-0.0036651916,-0.38728857,0.13316862
2432.0,-2.8107927,0.28491,9.332599,-0.02321288,-0.38362336,0.13072516
2441.0,-2.7748797,0.20829555,9.390059,-0.02565634,-0.37995818,0.1282817
2451.0,-2.6839,0.19393034,9.461885,-0.02321288,-0.37384954,0.1282817
2461.0,-2.6503813,0.088585466,9.392453,-0.014660766,-0.37873647,0.12705997
2471.0,-2.585738,0.1604115,9.466674,-0.009773844,-0.37507126,0.12095132
2482.0,-2.6048915,0.23942018,9.526528,-0.014660766,-0.36896262,0.10873401
2490.0,-2.4995465,0.2896984,9.603143,-0.02687807,-0.3652974,0.09896017
2501.0,-2.4708161,0.23463176,9.519346,-0.03176499,-0.35918877,0.09285152
