17.0,1.6879122,-0.9935937,10.718841,0.007330383,-0.02076942,-0.0012217305
28.0,1.8698715,-0.94570965,10.965444,0.13683382,0.12217305,-0.089186326
34.0,1.8339585,-0.7733272,11.118672,-0.032986723,-0.2565634,-0.28221974
51.0,1.4532804,-0.6799533,11.154586,-0.2846632,-0.22968534,-0.36774087
54.0,0.94092125,-0.82121116,11.389217,-0.39950588,0.7464773,-0.06963864
63.0,0.78050977,-1.0582372,11.358093,-0.63285637,0.95539325,-0.12583824
75.0,0.85473,-1.5107412,11.391612,-0.7819075,0.9407325,-0.24678956
84.0,1.1372458,-1.5993267,11.353305,-0.7623598,0.87109387,-0.3286455
94.0,1.2090719,-1.7812861,11.286267,-0.7049385,0.9737192,-0.3213151
104.0,0.10534488,-1.9776106,11.221623,-0.6560693,1.0873401,-0.3005457
114.0,0.35434186,-2.3894134,11.621455,-0.56321776,1.205848,-0.30176744
124.0,1.0749966,-2.6240451,11.571177,-0.25534168,1.3878858,-0.3848451
137.0,1.2761095,-2.552219,12.006922,-0.25534168,1.3878858,-0.3848451
144.0,0.62967503,-2.3439236,11.659762,-0.1600467,1.4758505,-0.40439278
154.0,0.44532153,-2.123657,11.757924,-0.16737708,1.5662584,-0.37873647
165.0,1.6496049,-2.1140802,12.014104,-0.2284636,1.65911,-0.32498032
176.0,0.035913024,-2.2960393,11.384429,-0.27977628,1.7641789,-0.26145032
184.0,1.1061212,-2.707842,11.535264,-0.29810223,1.863139,-0.19547687
195.0,-0.31364042,-3.2513258,11.207258,-0.27122417,2.0073032,-0.056199603
204.0,-1.769315,-2.9257145,10.876859,-0.24678956,2.0647244,-0.010995574
215.0,-1.685518,-2.7605145,10.888829,-0.20647246,2.1233675,0.039095376
224.0,-2.2409728,-2.7748797,10.7356,-0.15393804,2.1697934,0.1160644
235.0,-2.2529438,-2.5785553,10.488997,-0.09040806,2.1978931,0.20280726
245.0,-2.3247697,-2.3056161,10.206482,-0.042760566,2.2137756,0.2761111
256.0,-2.4109612,-1.9800048,9.696517,-0.05131268,2.2333233,0.3323107
265.0,-2.5833437,-1.8986019,9.193734,-0.118507855,2.2650883,0.3921755
275.0,-2.8419175,-2.0829554,8.748413,-0.19058995,2.2834144,0.4654793
284.0,-3.0597897,-2.291251,8.652645,-0.1966986,2.2944098,0.53023106
295.0,-3.1794999,-2.6551697,8.50181,-0.096516706,2.293188,0.5852089
305.0,-3.3662477,-2.6384103,8.307879,0.056199603,2.2650883,0.625526
316.0,-3.4691982,-2.4181437,8.23366,0.2003638,2.2492058,0.6585127
324.0,-3.5769374,-2.3558946,8.147469,0.31764993,2.2369885,0.6939429
336.0,-3.8115692,-2.384625,8.063671,0.39950588,2.2186625,0.72326446
345.0,-3.9384618,-2.3463178,7.7213006,0.46303585,2.1868975,0.7330383
355.0,-4.0533834,-2.1547816,7.314286,0.53878313,2.1416936,0.7171558
365.0,-4.1156325,-1.9273324,7.141904,0.5900958,2.0977113,0.70005155
376.0,-4.144363,-1.7190368,6.9503675,0.5717699,2.067168,0.7049385
385.0,-4.3742065,-1.3311762,6.6486983,0.50335294,2.0292943,0.71837753
395.0,-4.5801077,-1.2354081,6.5481415,0.45448375,1.9914207,0.7134906
405.0,-4.7860093,-1.316811,6.459556,0.44104472,1.9437732,0.6951646
415.0,-4.8817773,-1.5155296,6.4068837,0.44226643,1.8875736,0.6927212
425.0,-4.915296,-1.5346833,6.6271505,0.45081854,1.8240436,0.7049385
438.0,-4.975151,-1.5155296,6.6056023,0.47036624,1.754405,0.70616025
445.0,-5.0637364,-1.3072342,6.4188547,0.47647488,1.690875,0.68539083
455.0,-5.231331,-1.0462662,6.3302693,0.46670106,1.6444492,0.67073005
465.0,-5.3701944,-0.93613285,6.3901243,0.45570546,1.6016886,0.6805039
475.0,-5.391742,-1.055843,6.5241995,0.44837508,1.5662584,0.6976081
485.0,-5.353435,-1.163582,6.4404025,0.43493605,1.5296066,0.6939429
496.0,-5.5617304,-1.0175357,6.3589997,0.40317106,1.4941764,0.6731735
505.0,-5.758055,-0.62009823,6.3685765,0.31520647,1.4453071,0.6597345
515.0,-5.865794,-0.4357447,6.327875,0.15882497,1.3988814,0.66828656
525.0,-6.05733,-0.47165772,6.2632318,-0.0036651916,1.3536774,0.6743952
536.0,-6.1219735,-0.6368576,6.1507044,-0.111177474,1.3060299,0.6646214
545.0,-6.2225304,-0.7541735,5.9543796,-0.16737708,1.2718215,0.6621779
557.0,-6.421249,-0.6703765,5.8346696,-0.17837265,1.2400564,0.6646214
565.0,-6.7085533,-0.62249243,5.626374,-0.15149458,1.2082914,0.66339964
576.0,-6.9407907,-0.46447513,5.391742,-0.10140363,1.1777482,0.64873886
586.0,-7.086837,-0.2633622,5.5138464,-0.018325957,1.1325442,0.6291912
596.0,-7.0006456,-0.33279404,5.5282116,0.057421334,1.0910053,0.6243043
606.0,-6.933608,-0.39743748,5.4420204,0.12217305,1.0604621,0.6059783
618.0,-7.03177,-0.37828386,5.3318872,0.19181168,1.0140363,0.56077427
627.0,-7.156269,-0.30406362,5.195418,0.26511553,0.9615019,0.5143485
637.0,-7.2448545,-0.02873042,5.0014873,0.2883284,0.9138544,0.4972443
646.0,-7.285556,0.23223756,4.6926355,0.25411993,0.86498517,0.48380527
658.0,-7.326257,0.36391866,4.498705,0.19058995,0.816116,0.453262
666.0,-7.28795,0.4429273,4.2664676,0.14049901,0.7635816,0.41905355
678.0,-7.405266,0.45250413,4.1706996,0.12095132,0.70616025,0.39828414
687.0,-7.4483614,0.4261679,4.0653543,0.12461651,0.6365216,0.38240165
698.0,-7.4244194,0.5315128,3.9959226,0.12705997,0.56199604,0.35308012
707.0,-7.4603324,0.6344634,4.0294414,0.12461651,0.4813618,0.30543262
717.0,-7.5225816,0.7661445,3.9911342,0.12461651,0.40194935,0.25778514
727.0,-7.45315,0.90021986,3.9911342,0.12950343,0.31764993,0.21380283
740.0,-7.489063,0.9768343,3.8019924,0.14660765,0.22968534,0.17104226
748.0,-7.4746976,1.0151415,3.727772,0.16126843,0.13072516,0.12217305
757.0,-7.45315,1.1013328,3.6463692,0.15271631,0.030543262,0.08307768
769.0,-7.4962454,1.0342951,3.6056678,0.119729586,-0.064751714,0.04642576
777.0,-7.551312,1.0462662,3.6032736,0.07696902,-0.17104226,-0.002443461
787.0,-7.563283,0.85473,3.6607344,0.035430185,-0.27855456,-0.04886922
797.0,-7.4842744,0.8571242,3.7948096,0.007330383,-0.39095375,-0.09285152
806.0,-7.422025,0.8379706,3.809175,-0.012217305,-0.4972443,-0.14049901
817.0,-7.386112,0.6991069,3.9240966,-0.02443461,-0.59620446,-0.17837265
827.0,-7.3406224,0.5626374,4.1946416,-0.035430185,-0.689056,-0.19914207
838.0,-7.2592196,0.34237084,4.4244847,-0.039095376,-0.766025,-0.21746802
847.0,-7.345411,0.35913026,4.7070007,-0.040317107,-0.829555,-0.24312437
859.0,-7.2448545,0.260968,4.927267,-0.047647487,-0.8784242,-0.26389378
868.0,-7.2592196,0.23702596,4.9176903,-0.06963864,-0.91507614,-0.27000242
878.0,-7.285556,0.06703765,5.0374002,-0.09407325,-0.94806284,-0.26633725
888.0,-7.302315,-0.1364695,5.427655,-0.089186326,-0.9737192,-0.2602286
898.0,-7.2113357,-0.22026655,5.590461,-0.06352998,-0.9944886,-0.25167647
908.0,-7.16824,-0.23702596,5.9998693,-0.014660766,-1.001819,-0.24556783
920.0,-7.041347,-0.31603462,6.169858,0.039095376,-1.0103711,-0.23701571
928.0,-7.089231,-0.16759412,6.3302693,0.06719518,-1.0115929,-0.21624629
940.0,-6.9838862,-0.05746084,6.5146227,0.06719518,-1.0115929,-0.21624629
949.0,-6.8785415,-0.08379706,6.4882865,0.040317107,-1.0030408,-0.2003638
959.0,-6.9288197,0.02633622,6.50744,-0.012217305,-0.99082345,-0.19303341
970.0,-6.9623384,0.107739076,6.631939,-0.065973446,-0.98471475,-0.17959438
981.0,-6.8569937,-0.007182605,6.6271505,-0.118507855,-0.97127575,-0.15149458
989.0,-6.8689647,-0.06464344,6.5960255,-0.1563815,-0.94806284,-0.13805555
998.0,-6.8905125,-0.05746084,6.519411,-0.15271631,-0.91874135,-0.1160644
1009.0,-6.813898,-0.2681506,7.007828,-0.1001819,-0.90408057,-0.08552113
1019.0,-6.4523735,-0.34715924,7.249643,-0.04642576,-0.88086766,-0.07941248
1028.0,-6.493075,-0.18195933,7.2592196,0.0036651916,-0.8686504,-0.09896017
1066.0,-6.457162,-0.10055647,7.326257,0.02076942,-0.8503244,-0.09896017
1066.0,-6.4260373,-0.10534488,7.2687964,-0.0036651916,-0.8381071,-0.081855945
1066.0,-6.459556,-0.035913024,7.398083,-0.03176499,-0.83077675,-0.07819075
1067.0,-6.3542113,-0.08619126,7.4363904,-0.057421334,-0.816116,-0.07696902
1077.0,-6.220136,0.05267244,7.2687964,-0.08674286,-0.8222246,-0.07086037
1088.0,-6.181829,0.02873042,7.374141,-0.105068825,-0.79168135,-0.06841691
1100.0,-6.033388,-0.055066638,7.5441294,-0.09162979,-0.7648033,-0.058643065
1108.0,-6.0405707,-0.1316811,7.524976,-0.06719518,-0.7440339,-0.047647487
1119.0,-5.9878983,-0.08619126,7.5321584,-0.037873644,-0.7293731,-0.05131268
1128.0,-5.9783216,-0.05267244,7.632715,0.002443461,-0.7147123,-0.05497787
1139.0,-5.899313,-0.045489833,7.690176,0.035430185,-0.7012733,-0.04642576
1148.0,-5.8681884,-0.11971009,7.6590514,0.042760566,-0.68416905,-0.043982297
1160.0,-5.8825536,-0.08140286,7.7069354,0.036651913,-0.66950834,-0.05497787
1168.0,-5.829881,-0.035913024,7.833828,0.012217305,-0.6585127,-0.056199603
1179.0,-5.81791,-0.033518825,7.8386164,-0.036651913,-0.6450737,-0.039095376
1188.0,-5.791574,-0.08379706,7.9104424,-0.081855945,-0.63407815,-0.03176499
1198.0,-5.7005944,-0.079008654,7.8649526,-0.10140363,-0.63041294,-0.04153884
1207.0,-5.645528,-0.1412579,7.7189064,-0.119729586,-0.6243043,-0.04520403
1218.0,-5.60722,-0.04070143,7.654263,-0.13683382,-0.61941737,-0.040317107
1227.0,-5.4300494,-0.076614454,7.836222,-0.11728613,-0.6206391,-0.034208454
1239.0,-5.3007627,-0.15083471,7.9870567,-0.073303826,-0.61208695,-0.02565634
1247.0,-5.267244,-0.31124622,8.109161,-0.028099801,-0.59986967,-0.02443461
1257.0,-5.2648497,-0.36152446,8.214506,0.010995574,-0.5864306,-0.029321533
1266.0,-5.2265425,-0.37110126,8.183381,0.02443461,-0.5766568,-0.02687807
1278.0,-5.2528787,-0.22505496,8.128315,0.004886922,-0.5717699,-0.02443461
1286.0,-5.2049947,-0.16519992,8.133103,-0.02443461,-0.5644395,-0.021991149
1297.0,-5.142745,-0.14604631,8.173804,-0.064751714,-0.5534439,-0.014660766
1306.0,-5.070919,-0.260968,8.176199,-0.09407325,-0.54611355,-0.017104227
1316.0,-5.0613422,-0.25617957,8.295909,-0.09407325,-0.5448918,-0.02443461
1325.0,-5.0421886,-0.1436521,8.2169,-0.0842994,-0.5510005,-0.029321533
1338.0,-4.960786,-0.011971008,8.207323,-0.06963864,-0.54611355,-0.032986723
1346.0,-4.9081135,-0.06464344,8.221688,-0.047647487,-0.54000485,-0.03176499
1356.0,-4.8386817,-0.22026655,8.243237,-0.030543262,-0.5375614,-0.02565634
1366.0,-4.831499,-0.33039984,8.334216,-0.013439035,-0.5314528,-0.035430185
1376.0,-4.771644,-0.19393034,8.516175,0.004886922,-0.5338962,-0.04520403
1386.0,-4.6591167,-0.2777274,8.686164,0.014660766,-0.53023106,-0.035430185
1397.0,-4.6040497,-0.40222588,8.805874,0.018325957,-0.5155703,-0.02687807
1406.0,-4.608838,-0.47405192,8.810662,0.021991149,-0.50701815,-0.03176499
1417.0,-4.5418005,-0.31364042,8.602366,0.013439035,-0.49846604,-0.039095376
1426.0,-4.546589,-0.30166942,8.50181,-0.014660766,-0.47403142,-0.035430185
1437.0,-4.6232033,-0.21787235,8.432379,-0.052534413,-0.4605924,-0.018325957
1446.0,-4.5896845,-0.16519992,8.3150625,-0.08307768,-0.45081854,-0.0036651916
1457.0,-4.6136265,-0.24420857,8.391677,-0.09285152,-0.44715336,0.0036651916
1466.0,-4.596867,-0.24420857,8.348581,-0.081855945,-0.44348818,0.004886922
1479.0,-4.5896845,-0.29927522,8.588001,-0.05009095,-0.45814893,0.0012217305
1486.0,-4.39336,-0.19393034,8.664616,-0.014660766,-0.45937067,0.008552114
1505.0,-4.357447,-0.260968,8.688558,0.007330383,-0.47525316,0.014660766
1507.0,-4.2425256,-0.23942018,8.743625,0.02687807,-0.47647488,0.004886922
1535.0,-4.2544966,-0.23463176,8.848969,0.032986723,-0.46914452,-0.0012217305
1535.0,-4.1252093,-0.22505496,8.647857,0.010995574,-0.4654793,-0.0012217305
1539.0,-4.1299977,-0.16759412,8.578424,-0.02687807,-0.45204028,-0.0036651916
1583.0,-4.1180267,-0.12689269,8.451532,-0.064751714,-0.4361578,-0.004886922
1583.0,-4.1299977,-0.095768064,8.420407,-0.096516706,-0.4251622,0.004886922
1583.0,-4.0916905,-0.17477672,8.588001,-0.105068825,-0.43371433,0.015882496
1583.0,-4.144363,-0.22984336,8.6813755,-0.08674286,-0.43493605,0.018325957
1587.0,-4.024653,-0.260968,8.748413,-0.042760566,-0.44226643,0.009773844
1605.0,-3.9336734,-0.2825158,8.856153,0.0,-0.44959682,0.0036651916
1611.0,-3.8546648,-0.35434186,8.848969,0.02076942,-0.4569272,0.002443461
1616.0,-3.8402996,-0.260968,8.875306,0.013439035,-0.4569272,0.0012217305
1634.0,-3.7852328,-0.30645782,9.059659,0.007330383,-0.45081854,0.0061086523
1639.0,-3.6727054,-0.39743748,9.28232,0.02076942,-0.43860126,0.019547688
1646.0,-3.5625722,-0.56982,9.330204,0.04642576,-0.43004912,0.03176499
1658.0,-3.643975,-0.62009823,9.260772,0.080634214,-0.4251622,0.034208454
1666.0,-3.6367924,-0.60333884,9.088389,0.103847094,-0.41905355,0.035430185
1676.0,-3.7134068,-0.61052144,8.889671,0.103847094,-0.4129449,0.04886922
1686.0,-3.6846764,-0.5722142,8.920795,0.087964594,-0.40561453,0.0720821
1698.0,-3.608062,-0.50517654,8.827422,0.07452556,-0.40317106,0.09040806
1707.0,-3.5865142,-0.45968673,8.774749,0.057421334,-0.408058,0.095294975
1716.0,-3.5194764,-0.24660277,8.853758,0.040317107,-0.41172317,0.095294975
1727.0,-3.4763808,-0.18195933,8.74123,0.021991149,-0.4202753,0.096516706
1737.0,-3.4883518,-0.090979666,8.779537,0.009773844,-0.41783184,0.09285152
1746.0,-3.4644098,-0.038307227,8.793902,0.009773844,-0.42760566,0.0842994
1759.0,-3.394978,0.10534488,8.714894,-0.0061086523,-0.44104472,0.073303826
1767.0,-3.4356794,0.16519992,8.815451,-0.029321533,-0.44104472,0.062308256
1777.0,-3.3039982,0.14844051,8.817844,-0.04520403,-0.43860126,0.05497787
1786.0,-3.1555579,0.02633622,8.738836,-0.056199603,-0.43860126,0.04642576
1797.0,-3.1507695,-0.031124622,8.853758,-0.061086524,-0.4447099,0.036651913
1807.0,-3.145981,-0.074220255,8.956709,-0.059864793,-0.453262,0.028099801
1823.0,-3.0765493,-0.14844051,8.961497,-0.040317107,-0.46303585,0.018325957
1829.0,-3.040636,-0.093373865,9.01417,-0.032986723,-0.46670106,0.013439035
1837.0,-2.9879637,0.02873042,9.076419,-0.040317107,-0.47036624,0.014660766
1847.0,-2.9400797,-0.0023942017,9.11712,-0.062308256,-0.47158796,0.02076942
1857.0,-2.858677,-0.16519992,9.279925,-0.081855945,-0.46792278,0.021991149
1868.0,-2.801216,-0.25378537,9.361329,-0.07941248,-0.47158796,0.017104227
1880.0,-2.7341783,-0.2777274,9.277532,-0.07086037,-0.4801401,0.004886922
1887.0,-2.7820623,-0.21787235,9.258378,-0.07819075,-0.4801401,-0.0012217305
1898.0,-2.717419,-0.17717093,9.279925,-0.087964594,-0.47891834,0.004886922
1927.0,-2.597709,-0.23223756,9.31105,-0.09162979,-0.4728097,0.018325957
1927.0,-2.552219,-0.4333505,9.437943,-0.07819075,-0.46792278,0.030543262
1927.0,-2.4372973,-0.56982,9.55047,-0.057421334,-0.46303585,0.034208454
1942.0,-2.492364,-0.45729253,9.457097,-0.057421334,-0.4605924,0.032986723
1948.0,-2.566584,-0.320823,9.414001,-0.09040806,-0.44959682,0.028099801
1958.0,-2.516306,-0.25378537,9.270349,-0.12950343,-0.44593164,0.028099801
1967.0,-2.5761611,-0.2801216,9.301474,-0.14782938,-0.4447099,0.037873644
1998.0,-2.4612393,-0.40701428,9.337387,-0.13561209,-0.44959682,0.043982297
1998.0,-2.3056161,-0.4405331,9.40203,-0.10262536,-0.4605924,0.04153884
1998.0,-2.3247697,-0.31603462,9.380483,-0.07696902,-0.46914452,0.03176499
2010.0,-2.2266076,-0.18195933,9.330204,-0.0720821,-0.46914452,0.028099801
2018.0,-2.2218192,-0.18914193,9.325416,-0.07819075,-0.4642576,0.036651913
2027.0,-2.1978772,-0.32561144,9.313444,-0.08674286,-0.46181414,0.04520403
2038.0,-2.1930888,-0.33997664,9.351752,-0.09285152,-0.4642576,0.043982297
2048.0,-2.1643584,-0.37828386,9.423578,-0.095294975,-0.46792278,0.039095376
2059.0,-2.0470424,-0.25617957,9.275137,-0.10995574,-0.47403142,0.036651913
2067.0,-1.9919758,-0.23942018,9.363723,-0.13805555,-0.47647488,0.030543262
2078.0,-2.0398598,-0.32800564,9.466674,-0.16126843,-0.47403142,0.02443461
2087.0,-1.9153614,-0.4285621,9.540894,-0.17592919,-0.47891834,0.019547688
2099.0,-1.8507179,-0.35913026,9.603143,-0.18203785,-0.4886922,0.008552114
2109.0,-1.7645266,-0.3854665,9.665392,-0.18325958,-0.48991394,-0.002443461
2119.0,-1.6400281,-0.35913026,9.653421,-0.19303341,-0.4801401,-0.004886922
2127.0,-1.4700398,-0.47405192,9.720459,-0.20769419,-0.46181414,0.0012217305
2139.0,-1.4101849,-0.6823475,9.82341,-0.20647246,-0.43860126,0.008552114
2147.0,-1.4221559,-0.7182605,9.888053,-0.18325958,-0.42638394,0.010995574
2158.0,-1.4149733,-0.7565677,9.710882,-0.16615535,-0.41905355,0.0061086523
2170.0,-1.4389153,-0.7350199,9.758766,-0.17104226,-0.40439278,0.0036651916
2180.0,-1.4413095,-0.6991069,9.8042555,-0.18325958,-0.3885103,0.008552114
2187.0,-1.4030021,-0.6751649,9.821015,-0.18570304,-0.37995818,0.015882496
2198.0,-1.3742718,-0.6703765,9.890448,-0.17592919,-0.3726278,0.018325957
2208.0,-1.3982137,-0.61770403,9.873688,-0.16126843,-0.36163223,0.012217305
2218.0,-1.3239936,-0.7565677,9.974244,-0.13072516,-0.3494149,0.0061086523
2229.0,-1.2689269,-0.842759,9.911995,-0.0842994,-0.34208453,0.002443461
2249.0,-1.3024458,-0.6943185,9.880871,-0.04153884,-0.3371976,-0.0036651916
2249.0,-1.2186487,-0.5267244,9.837775,-0.028099801,-0.33108896,-0.0036651916
2259.0,-1.3311762,-0.48841715,9.763555,-0.05497787,-0.31031954,0.007330383
2269.0,-1.2162545,-0.59136784,9.76116,-0.1001819,-0.2883284,0.02076942
2279.0,-1.1899183,-0.6655881,9.67018,-0.14049901,-0.2773328,0.02321288
2289.0,-1.2138603,-0.6392518,9.674969,-0.16982053,-0.27122417,0.018325957
2301.0,-1.271321,-0.6967127,9.665392,-0.19181168,-0.26511553,0.019547688
2310.0,-1.2186487,-0.62009823,9.713276,-0.1966986,-0.26267207,0.02687807
2320.0,-1.1300632,-0.6967127,9.821015,-0.18203785,-0.26389378,0.028099801
2331.0,-1.0462662,-0.7517793,9.849746,-0.14049901,-0.26145032,0.021991149
2340.0,-1.0414777,-0.8882488,9.835381,-0.08552113,-0.25900686,0.013439035
2379.0,-1.0773908,-0.7326257,9.725247,-0.047647487,-0.2602286,0.008552114
2379.0,-1.0055647,-0.6919243,9.662998,-0.039095376,-0.25534168,0.009773844
2379.0,-1.0749966,-0.6703765,9.562442,-0.057421334,-0.2443461,0.017104227
2379.0,-1.0989386,-0.7445967,9.509769,-0.08552113,-0.2443461,0.02443461
2389.0,-0.9792285,-0.6991069,9.61272,-0.105068825,-0.24312437,0.028099801
2401.0,-0.9744401,-0.7374141,9.507375,-0.1282817,-0.25534168,0.028099801
2409.0,-1.0151415,-0.6991069,9.423578,-0.16126843,-0.25534168,0.02687807
2422.0,-1.0079589,-0.7661445,9.421184,-0.18203785,-0.25411993,0.02687807
2430.0,-0.92655605,-0.8762778,9.591172,-0.16982053,-0.2565634,0.02565634
2441.0,-0.81881696,-1.0534488,9.883265,-0.118507855,-0.26633725,0.02321288
2450.0,-0.7685388,-1.0630256,9.8042555,-0.056199603,-0.27855456,0.014660766
2461.0,-0.61770403,-0.9864111,9.7563715,-0.008552114,-0.28344148,0.004886922
2471.0,-0.62728083,-0.8643068,9.794679,0.010995574,-0.27122417,0.002443461
2483.0,-0.7086837,-0.7517793,9.727641,0.002443461,-0.25778514,0.0061086523
2491.0,-0.6464345,-0.81163436,9.701305,-0.02687807,-0.24678956,0.018325957
2504.0,-0.61291564,-0.7733272,9.617508,-0.065973446,-0.2406809,0.030543262
