41.0,-0.18674773,1.5969325,9.919178,0.0,-0.15149458,0.09040806
41.0,-0.6584055,0.51235914,10.333375,-0.021991149,-0.22113322,-0.3042109
60.0,-0.60812724,0.58657944,10.654198,-0.21013765,-0.27000242,-0.51068336
62.0,-0.47165772,0.48841715,10.965444,-0.19914207,0.65240407,-0.32742378
72.0,-0.38307226,0.4165911,11.128249,-0.32742378,0.8381071,-0.3933972
81.0,-0.51475334,0.31364042,11.113884,-0.44226643,0.85154617,-0.5216789
92.0,-0.7517793,0.20590134,11.075577,-0.46792278,0.8051204,-0.70738196
100.0,-0.9720459,0.1388637,11.054029,-0.4605924,0.9114109,-0.874759
111.0,-1.2808979,0.14844051,11.034876,-0.44715336,1.0079277,-0.96761054
120.0,-1.5227122,-0.031124622,10.953473,-0.44715336,1.078788,-0.9468411
131.0,-1.7860745,-0.22266077,11.123461,-0.4605924,1.1484267,-0.87598073
141.0,-1.9680338,-0.37349546,11.195287,-0.45204028,1.2339478,-0.8344419
152.0,-2.1619642,-0.4357447,11.44189,-0.4166101,1.3170254,-0.8344419
161.0,-2.4995465,-0.59376204,11.324574,-0.35308012,1.3927728,-0.8332202
173.0,-2.8562827,-0.6631939,11.209652,-0.30543262,1.4526376,-0.79901177
181.0,-3.2082303,-0.48602295,11.010934,-0.30909783,1.505172,-0.73792523
191.0,-3.2872388,-0.49081135,10.69011,-0.3286455,1.5454891,-0.6719518
201.0,-3.323152,-0.6488287,10.409989,-0.34697145,1.5882497,-0.6169739
212.0,-3.4883518,-0.7278373,10.278308,-0.37140608,1.632232,-0.5729916
222.0,-3.6966474,-0.9600749,10.192117,-0.39095375,1.6896533,-0.53023106
231.0,-3.9576154,-0.91219085,10.204087,-0.37995818,1.7385225,-0.47647488
241.0,-4.0533834,-0.7685388,10.163386,-0.36774087,1.7568485,-0.4129449
251.0,-4.000711,-0.8451532,10.005369,-0.33841935,1.781283,-0.33353242
261.0,-3.9193082,-1.0486604,9.734824,-0.28710666,1.8069394,-0.22968534
274.0,-4.0054994,-1.2593501,9.193734,-0.25778514,1.8264871,-0.12095132
281.0,-4.144363,-1.5131354,8.808268,-0.27366763,1.8521434,-0.03176499
291.0,-4.4316673,-1.5729905,8.7292595,-0.29443705,1.8912388,0.021991149
301.0,-4.6686935,-1.4317327,8.738836,-0.28955013,1.9339994,0.04642576
311.0,-4.855441,-1.3958195,8.851364,-0.2761111,1.953547,0.07086037
322.0,-4.8338933,-1.5873557,8.65025,-0.2761111,1.9645426,0.12339478
332.0,-4.7548847,-1.7405846,8.231265,-0.2919936,1.9669861,0.1966986
341.0,-4.733337,-1.685518,7.9702973,-0.312763,1.9596558,0.25167647
351.0,-4.841076,-1.6089035,7.6111674,-0.31887165,1.9620992,0.2761111
361.0,-4.9943047,-1.685518,7.386112,-0.30665436,1.9694295,0.2883284
372.0,-4.924873,-1.922544,7.422025,-0.29443705,1.9779817,0.3115413
381.0,-5.023035,-2.1140802,7.2951326,-0.26389378,1.9926424,0.34330627
393.0,-5.116409,-2.0590134,7.3406224,-0.20647246,1.9792033,0.37018433
401.0,-5.2528787,-1.8962077,7.1107793,-0.13439035,1.9486601,0.39461896
411.0,-5.353435,-1.7884687,7.0341644,-0.0720821,1.921782,0.42271876
421.0,-5.5162406,-1.7860745,6.9120603,-0.014660766,1.9107865,0.45081854
431.0,-5.647922,-1.5466543,6.943185,0.058643065,1.9120082,0.47647488
442.0,-5.801151,-1.4628572,6.739678,0.14172074,1.8985692,0.4886922
452.0,-5.899313,-1.1683705,6.4978633,0.21013765,1.8668042,0.48991394
462.0,-5.971139,-1.1228806,6.184223,0.23457226,1.8362609,0.49602258
472.0,-5.901707,-1.2354081,6.0118403,0.21624629,1.8154916,0.5143485
481.0,-6.081272,-1.3192052,6.155493,0.1966986,1.8106046,0.53878313
492.0,-6.3422403,-1.2761095,6.0956373,0.22479841,1.7983873,0.5510005
502.0,-6.5577183,-1.0055647,5.9160724,0.29443705,1.7629571,0.548557
513.0,-6.6726403,-0.8643068,5.803545,0.3726278,1.72264,0.5448918
522.0,-6.76362,-0.60573304,5.4659624,0.4251622,1.6798794,0.54611355
531.0,-6.8689647,-0.2657564,5.2026005,0.43004912,1.640784,0.5412266
542.0,-6.945579,0.031124622,5.29358,0.3811799,1.6053538,0.52778757
551.0,-7.005434,0.22026655,5.0541596,0.312763,1.5723672,0.5131268
562.0,-7.1059904,0.16998832,4.9583917,0.23579398,1.5308284,0.51923543
573.0,-7.1347213,0.10295067,4.8722005,0.13316862,1.4892895,0.54000485
582.0,-7.3047094,0.05746084,4.661511,0.021991149,1.4440855,0.5510005
593.0,-7.551312,0.04070143,4.381389,-0.089186326,1.3988814,0.548557
604.0,-7.702147,0.21547815,4.0174704,-0.20769419,1.351234,0.5448918
615.0,-7.8386164,0.32561144,3.9001546,-0.33475417,1.3023647,0.5448918
624.0,-7.9104424,0.260968,3.7804444,-0.44959682,1.2473868,0.5522222
635.0,-7.9391727,0.050278235,3.6942532,-0.516792,1.1814134,0.5644395
645.0,-7.9726915,-0.08379706,3.6990416,-0.52656585,1.1203269,0.5717699
655.0,-8.049306,0.038307227,3.7732618,-0.46303585,1.0555751,0.56321776
664.0,-8.056489,0.090979666,3.7253778,-0.34330627,0.9810496,0.5522222
675.0,-7.9942393,0.23463176,3.643975,-0.2125811,0.90285885,0.5497787
685.0,-8.075643,0.28491,3.53863,-0.096516706,0.8381071,0.54733527
696.0,-8.224083,0.39743748,3.3614593,-0.004886922,0.7806858,0.5326745
704.0,-8.286332,0.60094464,3.0933087,0.059864793,0.71593404,0.51068336
714.0,-8.365341,0.6943185,2.932897,0.09773844,0.64873886,0.49357912
725.0,-8.415619,0.8595184,2.8993783,0.111177474,0.5852089,0.47525316
735.0,-8.451532,0.878672,2.7269957,0.12095132,0.5204572,0.44593164
745.0,-8.415619,0.8595184,2.743755,0.12217305,0.45204028,0.41172317
756.0,-8.3821,0.81881696,2.8538885,0.11362094,0.3848451,0.37384954
765.0,-8.341399,0.79248077,2.9400797,0.12461651,0.31031954,0.33108896
776.0,-8.331821,1.0199299,2.8491,0.15760323,0.23457226,0.2932153
784.0,-8.394072,1.3096284,2.882619,0.1881465,0.1685988,0.2565634
794.0,-8.48984,1.3455414,2.837129,0.21013765,0.112399206,0.21991149
805.0,-8.607155,1.3838485,2.72939,0.20769419,0.058643065,0.19425514
815.0,-8.623915,1.5011644,2.8179753,0.18203785,0.0,0.172264
825.0,-8.520964,1.3215994,2.89459,0.15760323,-0.06841691,0.14905111
834.0,-8.520964,1.2665327,2.9281087,0.13561209,-0.13316862,0.12705997
845.0,-8.499416,1.2808979,2.9951463,0.10262536,-0.19303341,0.111177474
856.0,-8.396465,1.2904748,3.193865,0.07452556,-0.24312437,0.087964594
864.0,-8.39886,1.0941502,3.3446999,0.0720821,-0.3323107,0.035430185
877.0,-8.504205,1.1659763,3.5218706,0.089186326,-0.3811799,0.015882496
885.0,-8.47308,1.2162545,3.5482068,0.10873401,-0.42760566,-0.002443461
894.0,-8.465898,1.2617443,3.4596214,0.11484267,-0.45937067,-0.021991149
904.0,-8.3868885,1.2665327,3.5338416,0.09773844,-0.49235737,-0.043982297
914.0,-8.317456,1.1420342,3.5984852,0.064751714,-0.52656585,-0.06719518
925.0,-8.228871,0.9720459,3.6655228,0.019547688,-0.5534439,-0.07819075
936.0,-8.207323,0.90021986,3.751714,-0.019547688,-0.5864306,-0.08552113
944.0,-8.149862,0.90740246,3.9384618,-0.037873644,-0.6267477,-0.09896017
954.0,-8.02297,0.830788,4.1132383,-0.04642576,-0.657291,-0.11362094
966.0,-7.967903,0.58897364,4.309563,-0.035430185,-0.6805039,-0.12095132
976.0,-7.908048,0.5650316,4.5274353,-0.02321288,-0.6951646,-0.12217305
984.0,-7.9104424,0.60094464,4.5920787,0.0,-0.7098254,-0.12705997
996.0,-7.896077,0.5674258,4.5920787,0.034208454,-0.72082096,-0.13439035
1005.0,-7.8984714,0.45010993,4.5034933,0.039095376,-0.7330383,-0.12950343
1015.0,-7.8984714,0.3854665,4.546589,-0.0036651916,-0.74036866,-0.12217305
1025.0,-7.8529816,0.34955344,4.5872903,-0.06841691,-0.75136423,-0.12339478
1034.0,-7.7691846,0.320823,4.6112323,-0.12217305,-0.7611381,-0.12950343
1047.0,-7.6710224,0.30645782,4.8602295,-0.15393804,-0.77824235,-0.12461651
1056.0,-7.5824366,0.1340753,5.0613422,-0.16249016,-0.79168135,-0.10751228
1085.0,-7.5441294,0.05267244,5.245696,-0.1441642,-0.8038987,-0.095294975
1085.0,-7.4723034,0.1388637,5.4085016,-0.103847094,-0.81122905,-0.087964594
1085.0,-7.551312,0.37828386,5.451597,-0.05497787,-0.829555,-0.080634214
1094.0,-7.443573,0.6919243,5.5018754,0.0012217305,-0.8539896,-0.07819075
1104.0,-7.4148426,0.81163436,5.521029,0.034208454,-0.87109387,-0.073303826
1115.0,-7.4124484,0.81881696,5.4683566,0.013439035,-0.8552113,-0.064751714
1124.0,-7.4124484,0.7158663,5.547365,-0.040317107,-0.84788096,-0.059864793
1134.0,-7.5561004,0.5746084,5.5760956,-0.10751228,-0.8344419,-0.06963864
1144.0,-7.560889,0.5434838,5.5042696,-0.16371189,-0.829555,-0.09407325
1154.0,-7.553706,0.59376204,5.6910176,-0.18936823,-0.8356637,-0.112399206
1164.0,-7.4244194,0.61052144,5.731719,-0.204029,-0.84665924,-0.118507855
1176.0,-7.3525934,0.51235914,5.9064956,-0.22479841,-0.84665924,-0.119729586
1183.0,-7.311892,0.48123455,6.169858,-0.23945917,-0.84788096,-0.119729586
1197.0,-7.261614,0.521936,6.349423,-0.21502456,-0.8539896,-0.12095132
1202.0,-7.1155677,0.51714754,6.399701,-0.15393804,-0.8564331,-0.118507855
1213.0,-7.0126166,0.3184288,6.459556,-0.087964594,-0.85154617,-0.1160644
1223.0,-6.921637,0.18674773,6.634333,-0.035430185,-0.83199847,-0.12217305
1235.0,-6.919243,0.016759412,6.6486983,-0.002443461,-0.8051204,-0.12583824
1242.0,-6.95755,-0.019153614,6.703765,0.0061086523,-0.77824235,-0.12583824
1253.0,-6.9719152,0.023942016,6.895301,-0.002443461,-0.75747293,-0.12095132
1263.0,-6.9240313,0.059855044,6.9000893,-0.009773844,-0.73548174,-0.10995574
1275.0,-6.9024835,0.04309563,6.9264255,-0.017104227,-0.7098254,-0.09773844
1283.0,-6.8450227,0.08379706,7.041347,-0.04153884,-0.6780604,-0.087964594
1294.0,-6.7827735,-0.076614454,7.0341644,-0.057421334,-0.643852,-0.08674286
1302.0,-6.6989765,-0.10534488,7.041347,-0.047647487,-0.6072,-0.0842994
1312.0,-6.64391,-0.016759412,7.0485296,-0.02321288,-0.5839872,-0.080634214
1322.0,-6.6606693,0.076614454,7.1107793,-0.0012217305,-0.5681047,-0.07574729
1332.0,-6.600814,0.062249243,6.9599442,0.008552114,-0.54611355,-0.06719518
1342.0,-6.5696893,0.009576807,6.9599442,-0.002443461,-0.52290064,-0.056199603
1353.0,-6.5816603,-0.023942016,7.1395097,-0.02687807,-0.50335294,-0.05009095
1362.0,-6.5720835,-0.11971009,7.0964136,-0.04520403,-0.48380527,-0.042760566
1373.0,-6.5122285,-0.090979666,7.1251445,-0.056199603,-0.47525316,-0.029321533
1382.0,-6.435614,-0.007182605,7.0006456,-0.06352998,-0.46792278,-0.010995574
1396.0,-6.457162,-0.04309563,6.9647326,-0.06352998,-0.4642576,0.002443461
1402.0,-6.423643,-0.07182605,6.849811,-0.065973446,-0.46670106,0.007330383
1554.0,-6.469133,-0.08619126,6.742072,-0.07941248,-0.4654793,0.007330383
1554.0,-6.3949127,-0.021547815,6.7133417,-0.087964594,-0.48258355,0.004886922
1554.0,-6.2871737,0.0023942017,6.742072,-0.08674286,-0.51068336,0.009773844
1554.0,-6.1985884,0.1340753,6.727707,-0.0842994,-0.5338962,0.015882496
1554.0,-5.973533,0.20350714,6.9240313,-0.09162979,-0.5510005,0.017104227
1554.0,-5.923255,0.090979666,7.017405,-0.10262536,-0.5534439,0.015882496
1554.0,-5.889736,0.007182605,7.053318,-0.10262536,-0.5534439,0.013439035
1554.0,-6.0405707,0.019153614,7.1155677,-0.09162979,-0.5571091,0.008552114
1554.0,-6.0860605,0.1316811,7.098808,-0.080634214,-0.5717699,0.004886922
1554.0,-6.0046577,0.2657564,7.103596,-0.08307768,-0.5766568,0.010995574
1554.0,-5.9807158,0.19153613,7.16824,-0.08307768,-0.58032197,0.015882496
1554.0,-6.05733,0.24181437,7.1251445,-0.07696902,-0.57543504,0.012217305
1554.0,-6.033388,0.35434186,7.2065473,-0.073303826,-0.5717699,0.002443461
1554.0,-6.0860605,0.38067806,7.180211,-0.07819075,-0.5742133,-0.007330383
1554.0,-6.05733,0.39264908,7.2927384,-0.089186326,-0.57787853,-0.013439035
1565.0,-5.997475,0.34237084,7.299921,-0.10629055,-0.5766568,-0.02076942
1585.0,-6.0405707,0.29448682,7.3549876,-0.119729586,-0.5839872,-0.02687807
1585.0,-5.923255,0.320823,7.4387846,-0.1282817,-0.6035349,-0.037873644
1598.0,-5.815516,0.24660277,7.5225816,-0.12095132,-0.61819565,-0.05375614
1644.0,-5.705383,0.21308395,7.489063,-0.112399206,-0.62796944,-0.065973446
1644.0,-5.707777,0.1340753,7.606379,-0.10995574,-0.6218608,-0.06963864
1644.0,-5.657499,0.09816227,7.656657,-0.10751228,-0.63407815,-0.07086037
1644.0,-5.6359506,0.1436521,7.632715,-0.09162979,-0.6401868,-0.07574729
1644.0,-5.671864,0.18195933,7.599196,-0.06719518,-0.6462954,-0.08307768
1655.0,-5.650316,0.21308395,7.5800424,-0.052534413,-0.66339964,-0.08674286
1663.0,-5.645528,0.25378537,7.5824366,-0.052534413,-0.66706485,-0.08307768
1679.0,-5.645528,0.28491,7.73806,-0.04520403,-0.6963864,-0.09285152
1686.0,-5.4180784,0.29448682,7.785944,-0.037873644,-0.7147123,-0.105068825
1695.0,-5.2624555,0.22744916,7.989451,-0.02443461,-0.72204274,-0.10995574
1702.0,-5.1571107,0.033518825,8.106767,-0.013439035,-0.7110472,-0.10629055
1723.0,-5.0517654,0.059855044,8.058883,-0.0012217305,-0.7318166,-0.09896017
1723.0,-5.0014873,-0.033518825,8.02297,0.002443461,-0.73914695,-0.095294975
1735.0,-4.8722005,-0.1316811,8.123527,0.0012217305,-0.7464773,-0.095294975
1743.0,-4.8578353,-0.14604631,8.276755,-0.0061086523,-0.7501425,-0.095294975
1757.0,-4.7740383,-0.21787235,8.389283,-0.0036651916,-0.74036866,-0.09407325
1764.0,-4.618415,-0.08379706,8.365341,0.013439035,-0.7440339,-0.09162979
1775.0,-4.51307,-0.033518825,8.394072,0.032986723,-0.7464773,-0.08674286
1783.0,-4.4603977,-0.11731588,8.391677,0.04153884,-0.7367035,-0.07941248
1793.0,-4.429273,-0.15801731,8.465898,0.030543262,-0.72082096,-0.07086037
1803.0,-4.3837833,-0.1364695,8.623915,0.013439035,-0.70738196,-0.065973446
1814.0,-4.283227,-0.20590134,8.856153,0.002443461,-0.6951646,-0.06719518
1823.0,-4.134786,-0.36152446,8.887277,0.002443461,-0.6768387,-0.06841691
1835.0,-4.010288,-0.39504328,8.908825,0.002443461,-0.6585127,-0.065973446
1845.0,-4.0294414,-0.32561144,8.844181,-0.0036651916,-0.6414085,-0.064751714
1854.0,-4.06296,-0.110133275,8.961497,-0.007330383,-0.63041294,-0.064751714
1865.0,-4.0198646,-0.02873042,8.920795,-0.018325957,-0.6133087,-0.06352998
1877.0,-3.9815574,-0.25617957,8.947132,-0.04153884,-0.593761,-0.05375614
1885.0,-3.8857894,-0.35194764,9.02614,-0.064751714,-0.5693264,-0.036651913
1897.0,-3.928885,-0.49559975,9.102755,-0.06963864,-0.54611355,-0.018325957
1905.0,-3.8546648,-0.48123455,9.085996,-0.043982297,-0.5363397,-0.008552114
1916.0,-3.8881836,-0.22984336,9.074024,0.0,-0.5375614,-0.0061086523
1925.0,-3.7924154,-0.16998832,9.14585,0.04886922,-0.5363397,-0.004886922
1936.0,-3.7708676,-0.21547815,9.107543,0.07086037,-0.52290064,0.002443461
1947.0,-3.667917,-0.2825158,9.212888,0.06352998,-0.5009095,0.014660766
1955.0,-3.6296098,-0.2873042,9.26556,0.05497787,-0.48502702,0.02321288
1964.0,-3.6343982,-0.30166942,9.279925,0.059864793,-0.47403142,0.02687807
2054.0,-3.596091,-0.2873042,9.229648,0.064751714,-0.46181414,0.029321533
2054.0,-3.5745432,-0.19871874,9.165004,0.05375614,-0.44959682,0.037873644
2054.0,-3.6487634,-0.110133275,9.136273,0.029321533,-0.43493605,0.052534413
2054.0,-3.6463692,-0.095768064,9.093178,0.002443461,-0.42394048,0.07086037
2054.0,-3.6966474,-0.22505496,9.126697,-0.013439035,-0.4166101,0.089186326
2054.0,-3.6032736,-0.34715924,9.13388,-0.015882496,-0.41538838,0.105068825
2054.0,-3.5242648,-0.22744916,9.186552,-0.0012217305,-0.4129449,0.11728613
2054.0,-3.5553896,-0.1604115,9.186552,0.037873644,-0.42149702,0.12583824
2054.0,-3.478775,-0.033518825,9.186552,0.08307768,-0.43371433,0.13072516
2064.0,-3.3997664,-0.031124622,9.143456,0.10262536,-0.4288274,0.13683382
2076.0,-3.311181,-0.035913024,9.176975,0.09040806,-0.408058,0.14660765
2085.0,-3.3039982,-0.062249243,9.126697,0.06719518,-0.39095375,0.15027285
2094.0,-3.301604,-0.04070143,9.150639,0.04886922,-0.37873647,0.14782938
2103.0,-3.335123,0.0023942017,9.205706,0.035430185,-0.36651915,0.14660765
2114.0,-3.3518825,0.007182605,9.19134,0.019547688,-0.35430184,0.15027285
2123.0,-3.3638535,0.0047884034,9.246407,0.009773844,-0.35063666,0.1600467
2135.0,-3.2752678,-0.011971008,9.246407,0.0061086523,-0.34574974,0.17104226
2143.0,-3.2992098,-0.1364695,9.354146,0.014660766,-0.33475417,0.18936823
2153.0,-3.1986535,-0.038307227,9.409213,0.039095376,-0.33108896,0.21013765
2164.0,-3.1292217,0.1412579,9.19134,0.061086524,-0.3371976,0.23090707
2174.0,-3.0909145,0.21547815,9.13388,0.064751714,-0.3481932,0.24678956
2184.0,-3.1124623,0.22744916,9.006987,0.04153884,-0.3481932,0.25289822
2195.0,-2.9903579,0.25139117,9.069236,-0.012217305,-0.3359759,0.24556783
2204.0,-2.9400797,0.2896984,9.165004,-0.07086037,-0.31642818,0.2321288
2213.0,-3.0095115,0.074220255,9.287108,-0.09773844,-0.29932398,0.22357668
2224.0,-2.942474,0.031124622,9.44752,-0.07819075,-0.29443705,0.22113322
2234.0,-2.9520507,0.10295067,9.481039,-0.032986723,-0.2968805,0.22113322
2245.0,-2.861071,0.11971009,9.459491,0.02443461,-0.29932398,0.22479841
2256.0,-2.8179753,0.19153613,9.425972,0.0842994,-0.31398472,0.22968534
2265.0,-2.7246015,0.3184288,9.380483,0.11362094,-0.32620203,0.22602014
2276.0,-2.6048915,0.35673606,9.3421755,0.10262536,-0.31642818,0.21380283
2285.0,-2.6048915,0.34237084,9.275137,0.08307768,-0.29810223,0.204029
2296.0,-2.5617957,0.40701428,9.452309,0.064751714,-0.28221974,0.19547687
2306.0,-2.5737667,0.46926352,9.356541,0.047647487,-0.267559,0.18570304
2320.0,-2.504335,0.31124622,9.337387,0.028099801,-0.2602286,0.17959438
2336.0,-2.4636335,0.2753332,9.325416,0.019547688,-0.25411993,0.17715092
2337.0,-2.585738,0.25617957,9.313444,0.028099801,-0.25045475,0.17348573
2582.0,-2.4875755,0.260968,9.3661175,0.04886922,-0.24801129,0.16615535
2582.0,-2.5091233,0.33758244,9.41879,0.073303826,-0.25778514,0.15760323
2582.0,-2.3798366,0.4165911,9.540894,0.09285152,-0.26389378,0.15149458
2582.0,-2.4540567,0.5506664,9.516952,0.10262536,-0.2602286,0.14782938
2582.0,-2.3918076,0.56982,9.476251,0.09162979,-0.26389378,0.14660765
2582.0,-2.3558946,0.45968673,9.416395,0.064751714,-0.25289822,0.14782938
2582.0,-2.2218192,0.33518824,9.296685,0.036651913,-0.23335053,0.14782938
2582.0,-2.2960393,0.2873042,9.301474,0.02321288,-0.22479841,0.14660765
2582.0,-2.2936451,0.4189853,9.284714,0.02321288,-0.22235495,0.14660765
2582.0,-2.3535004,0.4381389,9.246407,0.02565634,-0.22235495,0.14660765
2582.0,-2.3199813,0.46926352,9.275137,0.009773844,-0.22357668,0.14538592
2582.0,-2.4061728,0.5722142,9.174581,-0.013439035,-0.22724187,0.14294247
2582.0,-2.3056161,0.36152446,9.078813,-0.021991149,-0.23823744,0.14172074
2582.0,-2.2649148,0.16998832,9.028535,0.039095376,-0.27855456,0.14294247
2582.0,-2.1906946,0.18914193,8.863335,0.039095376,-0.27855456,0.14294247
2582.0,-0.18674773,1.5969325,9.919178,0.0,-0.15149458,0.09040806
2582.0,-1.9440918,0.21308395,8.89446,0.14905111,-0.40439278,0.22113322
2582.0,-1.9656396,0.17238252,8.959103,0.13316862,-0.42271876,0.2406809
2582.0,-1.9895816,0.09816227,8.968679,0.119729586,-0.44715336,0.26145032
2582.0,-2.0231004,0.17717093,8.968679,0.11484267,-0.48747048,0.27855456
2582.0,-1.8459295,0.62967503,9.425972,0.06352998,-0.5314528,0.2919936
