11.0,-1.0271125,0.8810662,9.895236,-0.15393804,-0.15149458,0.17470746
25.0,0.05746084,0.19393034,10.077195,0.16126843,0.12461651,-0.0720821
41.0,0.37828386,-0.21308395,10.163386,0.0012217305,-0.31764993,-0.26267207
41.0,0.22744916,-0.521936,10.244789,-0.119729586,-0.37384954,-0.35063666
51.0,-0.04309563,-0.5434838,10.582372,-0.040317107,0.47403142,-0.032986723
60.0,-0.1388637,-0.56982,10.783484,-0.07941248,0.56077427,-0.021991149
72.0,-0.062249243,-0.62009823,11.001357,-0.08552113,0.44348818,-0.080634214
80.0,0.076614454,-0.2801216,11.020511,-0.073303826,0.31520647,-0.19303341
90.0,0.1436521,-0.093373865,11.212047,-0.06841691,0.37873647,-0.28221974
100.0,0.16280572,-0.12210429,11.291056,-0.07452556,0.45570546,-0.3555236
111.0,0.1604115,-0.34476504,11.506534,-0.1001819,0.535118,-0.3848451
120.0,0.10534488,-0.5434838,11.5616,-0.1563815,0.63407815,-0.37384954
130.0,-0.076614454,-0.6775591,11.475409,-0.22602014,0.74036866,-0.36651915
140.0,-0.34476504,-0.7086837,11.537658,-0.267559,0.8454375,-0.39095375
150.0,-0.59855044,-0.59855044,11.60709,-0.29810223,0.93584555,-0.43004912
160.0,-0.8738836,-0.46926352,11.6669445,-0.34697145,1.033584,-0.45448375
172.0,-1.0606314,-0.7302315,11.741165,-0.40317106,1.1386528,-0.44715336
180.0,-1.091756,-0.8571242,11.501745,-0.44959682,1.2522738,-0.41905355
190.0,-1.2808979,-0.8810662,11.307815,-0.47769663,1.359786,-0.3933972
200.0,-1.5346833,-0.9959879,11.257536,-0.46670106,1.4501941,-0.37384954
211.0,-1.7525556,-1.1659763,11.2312,-0.4361578,1.5406022,-0.3359759
220.0,-2.0638018,-1.3718776,11.085154,-0.42149702,1.6310102,-0.28221974
232.0,-2.2385786,-1.496376,11.161768,-0.42638394,1.7348573,-0.22235495
240.0,-2.56419,-1.6160861,11.020511,-0.42638394,1.831374,-0.16737708
250.0,-2.755726,-1.8698715,10.82658,-0.40194935,1.8997909,-0.12339478
261.0,-2.906561,-1.8890251,10.685322,-0.3371976,1.9608774,-0.065973446
272.0,-2.9783869,-1.8938135,10.426748,-0.27488935,1.9926424,0.02076942
281.0,-3.1435869,-1.8650831,10.041282,-0.25167647,2.0244074,0.12461651
292.0,-3.3686419,-2.0207062,9.85214,-0.25045475,2.0867157,0.22113322
301.0,-3.4763808,-2.1428106,9.516952,-0.23945917,2.1514673,0.30176744
311.0,-3.5865142,-2.195483,9.349358,-0.20158553,2.2003367,0.36774087
322.0,-3.821146,-1.9776106,9.114726,-0.14049901,2.2467623,0.43493605
331.0,-4.110844,-1.9512744,9.011775,-0.05375614,2.284636,0.516792
341.0,-4.237737,-1.9249382,8.880095,0.05497787,2.3090706,0.59131753
352.0,-4.31914,-1.6519991,8.480263,0.16615535,2.3139575,0.6389651
361.0,-4.2760444,-1.1875241,8.152257,0.25289822,2.2992969,0.6621779
373.0,-4.357447,-0.8690952,7.6135616,0.28955013,2.293188,0.68783426
381.0,-4.477157,-0.7589619,7.513005,0.2687807,2.2907448,0.7318166
392.0,-4.546589,-1.0007763,7.469909,0.21380283,2.3054054,0.77946407
401.0,-4.8602295,-1.2952632,7.041347,0.16982053,2.3151793,0.8246681
412.0,-5.104438,-1.1803415,6.6726403,0.15149458,2.284636,0.84788096
421.0,-5.365406,-0.830788,6.2608376,0.15515977,2.2296581,0.8393288
431.0,-5.451597,-0.49081135,6.0980315,0.16493362,2.1685717,0.8381071
441.0,-5.4180784,-0.24899697,6.2943563,0.16737708,2.1135938,0.86132
451.0,-5.4061074,-0.22026655,6.31351,0.18570304,2.058616,0.87964594
461.0,-5.415684,-0.260968,6.045359,0.22479841,1.9975294,0.88086766
473.0,-5.5641246,-0.0047884034,5.9184666,0.2443461,1.9291124,0.86620694
482.0,-5.767632,-0.11971009,5.777209,0.21746802,1.8619173,0.8417723
492.0,-5.877765,-0.30406362,5.650316,0.17592919,1.7996091,0.8136725
502.0,-6.105214,-0.29209262,5.415684,0.14172074,1.7299703,0.784351
512.0,-6.2991447,-0.12689269,5.403713,0.105068825,1.6530013,0.75869465
522.0,-6.399701,-0.05746084,5.2887917,0.05009095,1.5796975,0.7318166
533.0,-6.4739213,0.074220255,5.142745,-0.02321288,1.5088371,0.7134906
542.0,-6.517017,0.15083471,5.185841,-0.10629055,1.4391985,0.70616025
552.0,-6.5481415,0.06943185,5.183447,-0.17470746,1.3756685,0.70005155
562.0,-6.64391,-0.016759412,5.1140146,-0.20158553,1.314582,0.69027776
573.0,-6.775591,0.17477672,4.903325,-0.18325958,1.2400564,0.6731735
582.0,-6.801927,0.40222588,4.7405195,-0.15393804,1.1643091,0.64996064
593.0,-6.9024835,0.5650316,4.5298295,-0.13683382,1.1007792,0.6206391
602.0,-6.933608,0.5626374,4.510676,-0.14294247,1.047023,0.60231316
614.0,-7.0365586,0.5315128,4.5082817,-0.14782938,0.9932669,0.5864306
626.0,-7.101202,0.46686932,4.6399627,-0.13683382,0.93462384,0.5729916
635.0,-7.144298,0.40940848,4.697424,-0.112399206,0.874759,0.55833083
645.0,-7.314286,0.5554548,4.4939165,-0.0842994,0.81489426,0.52656585
656.0,-7.3765354,0.8499416,4.4939165,-0.07086037,0.7538077,0.48380527
666.0,-7.469909,0.89064306,4.4244847,-0.07941248,0.689056,0.45570546
676.0,-7.4387846,0.94570965,4.3598413,-0.10751228,0.6243043,0.43249258
684.0,-7.548918,0.92655605,4.175488,-0.14049901,0.56077427,0.40317106
695.0,-7.66384,0.9744401,4.10845,-0.16126843,0.49235737,0.3726278
705.0,-7.6470804,0.92655605,4.012682,-0.16249016,0.41905355,0.33964106
716.0,-7.644686,0.8810662,3.881001,-0.14538592,0.3408628,0.31398472
724.0,-7.69257,1.0869676,3.98874,-0.10873401,0.26389378,0.28588495
735.0,-7.651869,1.0702082,4.1180267,-0.047647487,0.18081611,0.25045475
746.0,-7.553706,1.0175357,4.0677485,0.02076942,0.089186326,0.22235495
756.0,-7.668628,1.115698,4.110844,0.07574729,0.009773844,0.19547687
764.0,-7.6494746,1.2234371,4.0462008,0.10629055,-0.065973446,0.16126843
776.0,-7.690176,1.2880806,3.9624038,0.096516706,-0.21868975,0.10629055
785.0,-7.7548194,1.1372458,3.904943,0.096516706,-0.21868975,0.10629055
795.0,-7.654263,1.1228806,3.751714,0.06963864,-0.2846632,0.080634214
804.0,-7.656657,1.1228806,4.0198646,0.047647487,-0.3567453,0.057421334
815.0,-7.5920134,1.0175357,4.2425256,0.03176499,-0.4202753,0.042760566
825.0,-7.536947,0.89303726,4.620809,0.013439035,-0.51923543,0.037873644
836.0,-7.5848308,0.7781156,4.72376,0.002443461,-0.5571091,0.014660766
844.0,-7.467515,0.6560113,4.867412,-0.0036651916,-0.5900958,0.0061086523
855.0,-7.4387846,0.6464345,4.927267,-0.019547688,-0.61453044,0.009773844
866.0,-7.539341,0.7374141,5.0637364,-0.034208454,-0.6450737,-0.0012217305
877.0,-7.479486,0.79726917,5.0613422,-0.05375614,-0.6743952,-0.007330383
885.0,-7.4842744,0.6655881,5.341464,-0.081855945,-0.6963864,-0.004886922
896.0,-7.467515,0.5530606,5.3103395,-0.08307768,-0.7147123,-0.0061086523
906.0,-7.479486,0.581791,5.3701944,-0.057421334,-0.74281216,-0.010995574
915.0,-7.350199,0.61770403,5.48751,-0.042760566,-0.75747293,-0.017104227
925.0,-7.297527,0.7134721,5.686229,-0.05009095,-0.7684685,-0.02076942
935.0,-7.3047094,0.7541735,5.861006,-0.06841691,-0.7733554,-0.02443461
946.0,-7.297527,0.7182605,5.947197,-0.0842994,-0.7635816,-0.032986723
957.0,-7.2089415,0.62009823,6.0118403,-0.096516706,-0.75991637,-0.040317107
965.0,-7.1969705,0.5626374,6.1890116,-0.10262536,-0.75991637,-0.04642576
977.0,-7.1610575,0.60333884,6.349423,-0.09773844,-0.7623598,-0.04886922
986.0,-7.0461354,0.5793968,6.339846,-0.08552113,-0.75502944,-0.05131268
998.0,-7.117962,0.6368576,6.3111157,-0.07941248,-0.7635816,-0.05497787
1004.0,-7.067683,0.85473,6.2871737,-0.08307768,-0.75625116,-0.06352998
1017.0,-7.0964136,0.9744401,6.373365,-0.09040806,-0.74281216,-0.07819075
1026.0,-6.95755,0.81163436,6.691794,-0.112399206,-0.7134906,-0.07819075
1037.0,-6.8067155,0.6847417,6.7803793,-0.12339478,-0.72204274,-0.06352998
1089.0,-6.7708025,0.61291564,6.8785415,-0.13561209,-0.689056,-0.056199603
1089.0,-6.811504,0.48362875,6.9599442,-0.13194689,-0.675617,-0.062308256
1089.0,-6.8091097,0.46686932,6.801927,-0.112399206,-0.6585127,-0.06719518
1089.0,-6.813898,0.60573304,6.8162923,-0.096516706,-0.6450737,-0.062308256
1090.0,-6.775591,0.62728083,6.7468605,-0.08674286,-0.62796944,-0.057421334
1095.0,-6.777985,0.5746084,6.6486983,-0.080634214,-0.6267477,-0.057421334
1104.0,-6.6606693,0.6536171,6.775591,-0.0842994,-0.63163465,-0.059864793
1116.0,-6.5337763,0.6464345,6.8402343,-0.09285152,-0.6291912,-0.062308256
1125.0,-6.519411,0.5554548,6.8450227,-0.09040806,-0.6267477,-0.056199603
1136.0,-6.519411,0.59376204,6.943185,-0.09162979,-0.6291912,-0.05375614
1143.0,-6.4547677,0.581791,7.120356,-0.09285152,-0.6267477,-0.064751714
1154.0,-6.349423,0.47405192,7.2113357,-0.07819075,-0.6291912,-0.065973446
1164.0,-6.409278,0.49799395,7.0820484,-0.065973446,-0.62796944,-0.057421334
1175.0,-6.399701,0.44771573,6.955156,-0.07086037,-0.6267477,-0.062308256
1183.0,-6.3566055,0.5722142,6.8809357,-0.07819075,-0.6291912,-0.07574729
1200.0,-6.3206925,0.50757074,6.7971387,-0.09162979,-0.63529986,-0.07696902
1203.0,-6.208165,0.58657944,6.8282633,-0.10873401,-0.64873886,-0.06841691
1213.0,-6.220136,0.59855044,6.9767036,-0.12095132,-0.6609562,-0.06719518
1223.0,-6.0740895,0.58657944,7.2951326,-0.11728613,-0.6743952,-0.073303826
1233.0,-5.841852,0.50517654,7.5920134,-0.1001819,-0.68294734,-0.07574729
1243.0,-5.719748,0.39264908,7.8290396,-0.058643065,-0.6963864,-0.07452556
1253.0,-5.628768,0.25617957,7.845799,-0.017104227,-0.6914995,-0.07696902
1263.0,-5.674258,0.2753332,7.7548194,0.0061086523,-0.689056,-0.08674286
1274.0,-5.7604494,0.25857377,7.6231384,0.012217305,-0.68661255,-0.096516706
1282.0,-5.707777,0.33997664,7.539341,-0.012217305,-0.67073005,-0.09040806
1292.0,-5.719748,0.2777274,7.644686,-0.06352998,-0.6585127,-0.0720821
1302.0,-5.628768,0.19632454,7.7931266,-0.10995574,-0.6401868,-0.057421334
1313.0,-5.566519,0.059855044,8.147469,-0.13439035,-0.6230826,-0.04642576
1322.0,-5.494693,-0.059855044,8.506598,-0.13439035,-0.6059783,-0.037873644
1332.0,-5.470751,-0.076614454,8.559271,-0.09896017,-0.5888741,-0.028099801
1342.0,-5.48751,-0.033518825,8.497022,-0.06841691,-0.5693264,-0.018325957
1362.0,-5.535394,0.107739076,8.394072,-0.06719518,-0.5448918,-0.017104227
1362.0,-5.4420204,0.272939,8.3150625,-0.089186326,-0.5204572,-0.014660766
1391.0,-5.3606176,0.17477672,8.365341,-0.13072516,-0.49235737,0.0012217305
1391.0,-5.3247046,0.11492168,8.300697,-0.17837265,-0.4569272,0.021991149
1393.0,-5.279215,0.18195933,8.283937,-0.2125811,-0.43371433,0.039095376
1402.0,-5.329493,0.22026655,8.159439,-0.24190263,-0.4166101,0.04642576
1423.0,-5.2600613,0.25378537,8.190564,-0.27488935,-0.40194935,0.05009095
1423.0,-5.2624555,0.12210429,8.123527,-0.32375857,-0.3848451,0.056199603
1514.0,-5.257667,0.045489833,8.121132,-0.37995818,-0.3652974,0.062308256
1517.0,-5.2002063,0.11492168,8.137892,-0.41538838,-0.35308012,0.058643065
1517.0,-5.1906295,0.11971009,8.147469,-0.40683624,-0.35430184,0.05009095
1517.0,-5.1547165,0.035913024,8.111555,-0.37140608,-0.35796702,0.04520403
1517.0,-5.1355624,0.08379706,8.133103,-0.31887165,-0.35430184,0.036651913
1517.0,-5.109226,0.11252748,8.030152,-0.26511553,-0.3555236,0.02443461
1517.0,-5.118803,0.1316811,7.9104424,-0.21746802,-0.3640757,0.019547688
1517.0,-5.109226,0.11731588,7.8769236,-0.18570304,-0.3726278,0.015882496
1517.0,-5.109226,0.21308395,7.8410106,-0.1685988,-0.37751472,0.007330383
1550.0,-4.924873,0.08140286,7.9128366,-0.15149458,-0.38728857,0.002443461
1550.0,-4.9464207,0.0023942017,7.884106,-0.14049901,-0.3933972,0.004886922
1550.0,-4.9464207,0.0047884034,7.797915,-0.13805555,-0.4092797,0.0036651916
1554.0,-4.951209,0.107739076,7.819463,-0.14172074,-0.42271876,-0.007330383
1563.0,-4.8602295,0.16519992,7.85777,-0.14538592,-0.4373795,-0.02321288
1573.0,-4.8362875,0.021547815,7.941567,-0.15515977,-0.45204028,-0.029321533
1583.0,-4.7524905,0.023942016,7.881712,-0.15760323,-0.46914452,-0.02443461
1592.0,-4.7907977,0.045489833,8.0445175,-0.1563815,-0.48502702,-0.028099801
1602.0,-4.7070007,0.02633622,8.101978,-0.1563815,-0.5021312,-0.036651913
1614.0,-4.6279917,-0.11252748,8.183381,-0.15393804,-0.50701815,-0.040317107
1624.0,-4.546589,-0.06464344,8.329428,-0.14172074,-0.51923543,-0.039095376
1632.0,-4.477157,-0.1412579,8.271967,-0.11728613,-0.535118,-0.040317107
1642.0,-4.4556093,-0.093373865,8.252813,-0.095294975,-0.53878313,-0.04153884
1652.0,-4.3622355,-0.32561144,8.391677,-0.095294975,-0.54611355,-0.034208454
1663.0,-4.2544966,-0.24420857,8.391677,-0.096516706,-0.5571091,-0.030543262
1674.0,-4.3526587,-0.20590134,8.578424,-0.096516706,-0.56199604,-0.032986723
1683.0,-4.1515455,-0.33518824,8.6574335,-0.095294975,-0.56199604,-0.034208454
1693.0,-4.0821137,-0.4429273,8.784326,-0.09285152,-0.5546656,-0.02687807
1703.0,-4.012682,-0.39025488,8.9040365,-0.09407325,-0.5534439,-0.018325957
1713.0,-4.0581717,-0.4285621,8.932767,-0.08674286,-0.5497787,-0.014660766
1724.0,-3.9743748,-0.33039984,8.9040365,-0.081855945,-0.548557,-0.013439035
1734.0,-3.976769,-0.23702596,8.90643,-0.09040806,-0.54367006,-0.012217305
1742.0,-3.9552212,-0.33518824,8.822633,-0.10629055,-0.52290064,-0.0036651916
1753.0,-3.9624038,-0.48362875,8.738836,-0.1160644,-0.50823987,0.008552114
1763.0,-3.9576154,-0.37828386,8.724471,-0.11362094,-0.5021312,0.010995574
1775.0,-3.916914,-0.19871874,8.760384,-0.103847094,-0.50335294,0.008552114
1783.0,-3.8881836,-0.17956513,8.844181,-0.09285152,-0.50579643,0.009773844
1794.0,-3.775656,-0.19153613,9.040505,-0.087964594,-0.5009095,0.012217305
1804.0,-3.6966474,-0.37349546,9.150639,-0.08307768,-0.49235737,0.007330383
1813.0,-3.6607344,-0.30166942,9.239224,-0.06963864,-0.48624873,0.0
1824.0,-3.6631286,-0.24899697,9.3661175,-0.062308256,-0.4813618,-0.0036651916
1835.0,-3.5314474,-0.2753332,9.303867,-0.064751714,-0.46792278,-0.0036651916
1845.0,-3.4691982,-0.35434186,9.160215,-0.065973446,-0.44837508,-0.0036651916
1856.0,-3.514688,-0.33758244,9.160215,-0.073303826,-0.43371433,-0.004886922
1865.0,-3.4835634,-0.35194764,9.124303,-0.08552113,-0.4166101,-0.0036651916
1877.0,-3.41892,-0.30166942,9.272743,-0.0842994,-0.40317106,-0.0012217305
1886.0,-3.3087866,-0.39983168,9.361329,-0.07086037,-0.38973203,0.0012217305
1895.0,-3.3183637,-0.35913026,9.461885,-0.04886922,-0.37140608,0.0036651916
1905.0,-3.2465374,-0.32561144,9.605537,-0.02565634,-0.35918877,0.004886922
1916.0,-3.217807,-0.29209262,9.7324295,-0.014660766,-0.3408628,0.0
1935.0,-3.1292217,-0.22984336,9.653421,-0.019547688,-0.31642818,-0.0036651916
1935.0,-3.2034419,-0.2825158,9.473856,-0.030543262,-0.2883284,-0.0036651916
1945.0,-3.193865,-0.28491,9.368511,-0.05375614,-0.26145032,-0.004886922
1966.0,-3.2273839,-0.35434186,9.351752,-0.081855945,-0.23457226,-0.008552114
1966.0,-3.2609026,-0.4429273,9.325416,-0.10262536,-0.21502456,-0.004886922
1977.0,-3.2345665,-0.39025488,9.344569,-0.10262536,-0.20158553,-0.0012217305
1984.0,-3.1651347,-0.48362875,9.394848,-0.087964594,-0.1966986,-0.0012217305
1994.0,-3.1292217,-0.46686932,9.31105,-0.06963864,-0.18203785,-0.0012217305
2006.0,-3.1148565,-0.39025488,9.3661175,-0.05375614,-0.17348573,0.002443461
2015.0,-3.0214825,-0.36152446,9.414001,-0.039095376,-0.1685988,0.002443461
2048.0,-3.040636,-0.39264908,9.370906,-0.02443461,-0.1600467,0.0012217305
2048.0,-3.0478187,-0.4357447,9.3421755,-0.019547688,-0.14905111,0.0012217305
2048.0,-3.1292217,-0.4357447,9.208099,-0.013439035,-0.14782938,0.002443461
2081.0,-3.1507695,-0.36631286,9.165004,-0.015882496,-0.13927728,0.0036651916
2081.0,-3.1675289,-0.37349546,9.121908,-0.021991149,-0.13439035,0.004886922
2081.0,-3.1052797,-0.34237084,9.205706,-0.034208454,-0.13194689,0.010995574
2084.0,-2.9855695,-0.40462008,9.244013,-0.04642576,-0.12583824,0.018325957
2094.0,-3.0382419,-0.5434838,9.3182335,-0.040317107,-0.12339478,0.02687807
2104.0,-3.0190883,-0.47884035,9.3182335,-0.028099801,-0.12095132,0.032986723
2113.0,-3.0334535,-0.4429273,9.301474,-0.017104227,-0.11728613,0.036651913
2123.0,-3.016694,-0.40462008,9.275137,-0.004886922,-0.11484267,0.040317107
2135.0,-3.0430303,-0.40462008,9.224859,0.0,-0.11484267,0.04642576
2143.0,-3.0262709,-0.4165911,9.255983,-0.004886922,-0.11728613,0.05131268
2155.0,-3.028665,-0.36870706,9.167398,-0.0012217305,-0.118507855,0.05497787
2164.0,-3.0262709,-0.34476504,9.095572,0.010995574,-0.118507855,0.056199603
2176.0,-3.0382419,-0.33279404,9.018958,0.02443461,-0.12461651,0.056199603
2185.0,-2.992752,-0.35194764,8.882488,0.02321288,-0.13316862,0.056199603
2194.0,-2.9017725,-0.33997664,8.856153,-0.007330383,-0.1441642,0.062308256
2208.0,-2.8634653,-0.33758244,8.942344,-0.04153884,-0.14660765,0.064751714
2215.0,-2.885013,-0.34955344,8.968679,-0.04642576,-0.1563815,0.064751714
2226.0,-2.846706,-0.40940848,9.054871,-0.032986723,-0.1685988,0.065973446
2233.0,-2.8443117,-0.49559975,9.081207,-0.02321288,-0.18081611,0.0720821
2244.0,-2.8514943,-0.48123455,9.064447,-0.017104227,-0.19181168,0.07696902
2255.0,-2.7629087,-0.4285621,9.076419,-0.0036651916,-0.20769419,0.07941248
2266.0,-2.72939,-0.39504328,9.040505,0.007330383,-0.22479841,0.07819075
2278.0,-2.7102363,-0.320823,8.961497,0.004886922,-0.23945917,0.07819075
2285.0,-2.6719291,-0.39025488,8.856153,-0.002443461,-0.25167647,0.08674286
2296.0,-2.6240451,-0.51714754,8.99741,-0.017104227,-0.26389378,0.09773844
2308.0,-2.7006595,-0.49559975,9.507375,-0.009773844,-0.26145032,0.1001819
2314.0,-2.6599581,-0.35913026,9.868899,0.06352998,-0.25289822,0.08674286
2330.0,-2.717419,-0.1364695,9.794679,0.14905111,-0.24556783,0.07696902
2344.0,-2.7150247,0.31603462,9.595961,0.16371189,-0.23457226,0.07574729
2344.0,-2.5809495,0.40222588,9.471462,0.112399206,-0.21991149,0.065973446
2354.0,-2.6719291,0.38067806,9.375694,0.035430185,-0.19547687,0.039095376
2365.0,-2.6288335,0.10295067,9.382876,-0.036651913,-0.17348573,0.010995574
2377.0,-2.6527755,-0.11252748,9.172187,-0.096516706,-0.15882497,-0.0061086523
2386.0,-2.705448,-0.37588966,8.973468,-0.13194689,-0.1600467,-0.0061086523
2398.0,-2.753332,-0.62728083,8.968679,-0.15027285,-0.18081611,0.007330383
2406.0,-2.6384103,-0.59615624,8.925584,-0.14660765,-0.19914207,0.021991149
2417.0,-2.540248,-0.7278373,8.875306,-0.12095132,-0.22602014,0.04153884
2426.0,-2.4971523,-0.6679823,9.028535,-0.111177474,-0.24556783,0.06352998
2436.0,-2.3247697,-0.5530606,9.284714,-0.13561209,-0.25045475,0.07696902
2447.0,-2.2601264,-0.4405331,9.459491,-0.16371189,-0.25045475,0.081855945
2458.0,-2.2625206,-0.45250413,9.528923,-0.1563815,-0.23945917,0.081855945
2467.0,-2.3439236,-0.60094464,9.476251,-0.13561209,-0.22724187,0.07452556
2478.0,-2.4133554,-0.35673606,9.442732,-0.16493362,-0.22479841,0.04153884
2487.0,-2.432509,-0.49320555,9.624691,-0.22479841,-0.21991149,0.04153884
2498.0,-2.3247697,-0.6775591,9.665392,-0.2773328,-0.20891592,0.059864793
