32.0,1.4149733,-1.1731589,10.603919,0.007330383,-0.02076942,-0.0012217305
32.0,1.4149733,-1.1731589,10.603919,0.16615535,0.14049901,-0.07819075
46.0,1.7836803,-1.1563994,10.682928,-0.013439035,-0.22602014,-0.24923302
48.0,1.6543933,-1.1827357,10.764331,-0.21991149,-0.24678956,-0.34208453
60.0,1.13964,-1.3479356,10.754754,-0.31031954,0.73548174,-0.007330383
69.0,0.8738836,-1.4891934,10.658986,-0.5742133,0.96761054,-0.052534413
79.0,0.7110779,-1.3910311,10.6877165,-0.81489426,0.9773844,-0.19425514
89.0,0.6488287,-1.3335704,10.8624935,-0.93828905,0.88697636,-0.29443705
99.0,0.6536171,-1.328782,10.927136,-1.0042624,0.95294976,-0.2883284
109.0,0.7422025,-1.6328455,11.013328,-0.97005403,1.0995574,-0.2406809
121.0,0.6392518,-2.006341,10.876859,-0.97005403,1.0995574,-0.2406809
129.0,0.49320555,-2.2098482,10.852917,-0.89675015,1.1606439,-0.24312437
140.0,0.34715924,-2.56419,10.749966,-0.83077675,1.2278391,-0.26633725
149.0,0.2873042,-2.681506,10.658986,-0.7831292,1.2986995,-0.29077184
159.0,0.1436521,-2.6431987,10.536881,-0.7489208,1.3744467,-0.29932398
172.0,-0.045489833,-2.6384103,10.560823,-0.7147123,1.4440855,-0.27977628
180.0,-0.40940848,-2.5354595,10.589554,-0.6731735,1.5161675,-0.23823744
188.0,-0.7278373,-2.7389667,10.766725,-0.61453044,1.6212363,-0.14782938
199.0,-0.8499416,-3.4763808,10.627861,-0.63285637,1.6664404,-0.095294975
209.0,-0.7182605,-3.8762126,10.575189,-0.65118235,1.7397442,-0.02687807
221.0,-0.82121116,-3.8833952,10.328587,-0.6597345,1.817935,0.037873644
229.0,-1.1204864,-3.9671922,10.474632,-0.61941737,1.9071213,0.07696902
241.0,-1.5993267,-3.952827,10.579977,-0.5375614,1.9804251,0.12461651
249.0,-1.9560628,-4.048595,10.67814,-0.4886922,2.0305161,0.23457226
259.0,-2.2290018,-4.1036615,10.357317,-0.46303585,2.067168,0.36896262
271.0,-2.4181437,-4.1539397,10.168175,-0.4129449,2.1062634,0.46303585
279.0,-2.6982653,-4.1706996,9.957485,-0.33353242,2.1270328,0.50701815
289.0,-2.8658595,-4.1060557,9.727641,-0.27977628,2.1539109,0.5522222
300.0,-3.071761,-4.084508,9.457097,-0.26145032,2.1783454,0.61819565
310.0,-3.2202013,-4.2066126,9.301474,-0.2284636,2.1856759,0.66706485
320.0,-3.4476504,-3.9145198,8.995016,-0.1966986,2.1905627,0.6988298
330.0,-3.667917,-3.5984852,8.647857,-0.17592919,2.204002,0.7476991
340.0,-3.857059,-3.5098996,8.461109,-0.11484267,2.2052236,0.81000733
349.0,-3.916914,-3.4644098,8.360553,-0.014660766,2.1991148,0.8588765
361.0,-4.0318356,-3.2992098,7.9846625,0.09040806,2.1966715,0.8894198
370.0,-4.060566,-3.1052797,7.9631147,0.18325958,2.1905627,0.9126327
380.0,-4.237737,-2.954445,7.606379,0.26267207,2.179567,0.9431759
390.0,-4.4699745,-2.966416,7.335834,0.32986724,2.157576,0.95905846
400.0,-4.5753193,-2.9783869,7.433996,0.39950588,2.1209242,0.9492846
410.0,-4.644751,-2.837129,7.1131735,0.453262,2.080607,0.9370673
422.0,-4.7764325,-2.4995465,6.8330517,0.48258355,2.0500638,0.9297369
430.0,-4.9224787,-2.2768857,6.4380083,0.5180137,2.008525,0.9138544
440.0,-5.185841,-2.1164744,6.26802,0.5290093,1.9694295,0.90041536
450.0,-5.207389,-2.1140802,6.351817,0.54733527,1.9254472,0.893085
461.0,-5.221754,-2.1212628,6.227319,0.60231316,1.8704693,0.87109387
470.0,-5.257667,-2.0973208,6.232107,0.689056,1.8142698,0.8332202
481.0,-5.451597,-2.1045034,6.0597243,0.77213365,1.7519615,0.7965683
490.0,-5.6000376,-1.8938135,5.791574,0.80878556,1.6859881,0.7696902
501.0,-5.722142,-1.6256629,5.5737014,0.80878556,1.627345,0.73792523
510.0,-5.813122,-1.4580688,5.3462524,0.7831292,1.5699236,0.70738196
522.0,-5.971139,-1.436521,5.2720323,0.7501425,1.4953982,0.6768387
530.0,-6.0525417,-1.5346833,5.1235914,0.71837753,1.4257594,0.64996064
542.0,-6.1746464,-1.4891934,4.9224787,0.67073005,1.3561208,0.6230826
550.0,-6.2584434,-1.30484,4.8626237,0.6218608,1.2864822,0.5864306
561.0,-6.301539,-1.3575124,4.8602295,0.59131753,1.205848,0.5510005
570.0,-6.421249,-1.2761095,4.8841715,0.57787853,1.1215485,0.5326745
580.0,-6.4140663,-1.2234371,4.819528,0.58032197,1.0433578,0.5155703
590.0,-6.5816603,-1.2282255,4.7764325,0.58276546,0.96883225,0.49113566
601.0,-6.5816603,-1.3000516,4.747702,0.5852089,0.90041536,0.44959682
611.0,-6.7851677,-1.1109096,4.6591167,0.5852089,0.82833326,0.4092797
622.0,-6.823475,-0.8379706,4.5178585,0.54367006,0.75625116,0.39095375
631.0,-6.9599442,-0.61052144,4.3646297,0.45937067,0.6951646,0.37751472
641.0,-7.0461354,-0.7254431,4.3263226,0.3555236,0.63407815,0.3652974
651.0,-7.1059904,-0.82121116,4.3837833,0.26145032,0.56688297,0.34330627
665.0,-7.0844426,-0.93134445,4.307169,0.19058995,0.49480084,0.31764993
673.0,-7.1993647,-0.93134445,4.2185836,0.14049901,0.42394048,0.2919936
682.0,-7.314286,-0.7350199,4.1180267,0.10873401,0.34330627,0.26389378
694.0,-7.314286,-0.6536171,4.0773253,0.08552113,0.26145032,0.2321288
705.0,-7.345411,-0.59136784,4.0821137,0.089186326,0.18448131,0.19303341
713.0,-7.3669586,-0.39743748,4.0821137,0.10751228,0.10140363,0.1600467
725.0,-7.433996,-0.37349546,3.9097314,0.12461651,0.013439035,0.13316862
733.0,-7.52737,-0.12449849,4.0174704,0.12583824,-0.07696902,0.10629055
743.0,-7.48188,0.045489833,3.9695864,0.09407325,-0.16493362,0.09162979
753.0,-7.4746976,0.050278235,3.9671922,0.032986723,-0.2443461,0.073303826
764.0,-7.4723034,0.0047884034,4.0916905,-0.032986723,-0.3200934,0.05131268
774.0,-7.4507556,-0.21068975,4.1252093,-0.09285152,-0.38362336,0.03176499
784.0,-7.489063,-0.22026655,4.2161894,-0.119729586,-0.4447099,0.004886922
792.0,-7.3765354,-0.35673606,4.6950297,-0.11484267,-0.50823987,-0.009773844
804.0,-7.314286,-0.61770403,5.116409,-0.089186326,-0.5693264,-0.009773844
815.0,-7.0964136,-0.79008657,5.57849,-0.04642576,-0.60231316,-0.018325957
825.0,-7.0940194,-0.91458505,5.896919,0.012217305,-0.61575216,-0.02443461
833.0,-7.177817,-0.93852705,6.0645127,0.061086524,-0.6218608,-0.018325957
846.0,-7.383718,-0.8475474,6.0357823,0.065973446,-0.6096435,-0.008552114
854.0,-7.465121,-0.7589619,5.9424086,0.04520403,-0.59620446,0.004886922
865.0,-7.4746976,-0.7110779,5.8442464,0.013439035,-0.57910025,0.02076942
874.0,-7.465121,-0.78769237,5.9663506,0.007330383,-0.5656612,0.03176499
884.0,-7.398083,-0.85473,6.14831,0.029321533,-0.55955255,0.04520403
894.0,-7.261614,-0.93373865,6.5577183,0.080634214,-0.5497787,0.057421334
906.0,-7.0940194,-1.1061212,6.9120603,0.16982053,-0.54244834,0.062308256
913.0,-7.07726,-1.0845734,6.967127,0.24190263,-0.5363397,0.064751714
926.0,-7.1490865,-0.78290397,6.88333,0.2724459,-0.5155703,0.062308256
934.0,-7.120356,-0.5410896,6.751649,0.26389378,-0.50335294,0.0720821
944.0,-6.993463,-0.46447513,6.5936313,0.21013765,-0.49602258,0.09285152
954.0,-6.9982514,-0.4333505,6.375759,0.118507855,-0.48380527,0.10751228
965.0,-7.053318,-0.36870706,6.1411276,0.010995574,-0.4801401,0.11362094
974.0,-7.038953,-0.21068975,5.961562,-0.10262536,-0.48258355,0.1282817
985.0,-7.079654,-0.15562311,5.889736,-0.20647246,-0.49480084,0.15149458
994.0,-6.8761473,-0.32800564,5.9519854,-0.2602286,-0.50579643,0.16371189
1005.0,-6.7253127,-0.36152446,6.229713,-0.17348573,-0.5412266,0.13805555
1014.0,-6.55293,-0.30406362,6.3589997,-0.10140363,-0.56321776,0.12583824
1027.0,-6.5457473,-0.11492168,6.4284315,-0.05131268,-0.5705481,0.11362094
1032.0,-6.6295447,-0.021547815,6.4020953,-0.015882496,-0.5839872,0.096516706
1044.0,-6.6056023,-0.04070143,6.4188547,-0.012217305,-0.5864306,0.07819075
1055.0,-6.6630635,0.007182605,6.327875,-0.04642576,-0.5876524,0.07086037
1076.0,-6.6654577,-0.12928689,6.2847795,-0.1160644,-0.5888741,0.07452556
1076.0,-6.6391215,-0.011971008,6.2105594,-0.1966986,-0.593761,0.0720821
1084.0,-6.691794,-0.18674773,6.232107,-0.2602286,-0.6096435,0.064751714
1092.0,-6.543353,-0.3878607,6.423643,-0.2846632,-0.6377433,0.06352998
1103.0,-6.4308257,-0.5434838,6.5816603,-0.27366763,-0.657291,0.059864793
1112.0,-6.351817,-0.40462008,6.751649,-0.22968534,-0.68294734,0.04520403
1124.0,-6.2392898,-0.2801216,6.76362,-0.17592919,-0.7110472,0.029321533
1132.0,-6.203377,-0.28491,6.8809357,-0.13561209,-0.7281514,0.019547688
1143.0,-6.184223,-0.34476504,6.871359,-0.10873401,-0.75136423,0.007330383
1152.0,-6.105214,-0.22744916,6.742072,-0.10751228,-0.77457714,-0.0036651916
1163.0,-6.0597243,-0.20350714,6.5960255,-0.13194689,-0.78801614,-0.0061086523
1173.0,-6.019023,-0.30645782,6.6846113,-0.16493362,-0.79779,0.0
1183.0,-5.901707,-0.4213795,6.7372837,-0.1881465,-0.81122905,0.0036651916
1193.0,-5.7987566,-0.48841715,6.969521,-0.19547687,-0.8344419,0.0
1203.0,-5.695806,-0.7302315,7.1993647,-0.18570304,-0.8381071,-0.004886922
1211.0,-5.6551046,-0.6464345,7.3047094,-0.16982053,-0.86620694,-0.008552114
1222.0,-5.647922,-0.60812724,7.326257,-0.1563815,-0.88331115,-0.019547688
1231.0,-5.602432,-0.5770026,7.5345526,-0.13194689,-0.8979719,-0.03176499
1242.0,-5.4420204,-0.56982,7.560889,-0.1001819,-0.9126327,-0.035430185
1252.0,-5.3606176,-0.7015011,7.704541,-0.061086524,-0.91874135,-0.036651913
1263.0,-5.269638,-0.7565677,7.97748,-0.029321533,-0.9126327,-0.037873644
1272.0,-5.183447,-0.7733272,8.073248,-0.0036651916,-0.91751957,-0.035430185
1281.0,-5.1475334,-0.7541735,8.183381,0.013439035,-0.92485,-0.035430185
1290.0,-5.1690817,-0.7182605,8.243237,0.02687807,-0.9126327,-0.037873644
1300.0,-5.1475334,-0.7158663,8.252813,0.037873644,-0.9138544,-0.039095376
1310.0,-5.2002063,-0.7158663,8.23366,0.04520403,-0.9114109,-0.034208454
1324.0,-5.0517654,-0.7637503,8.224083,0.040317107,-0.91751957,-0.02687807
1331.0,-4.8937483,-0.6440403,8.070854,0.009773844,-0.91629785,-0.02443461
1340.0,-4.795586,-0.47884035,7.953538,-0.037873644,-0.89552844,-0.02565634
1350.0,-4.6710877,-0.36152446,7.9104424,-0.0842994,-0.8686504,-0.02443461
1364.0,-4.584896,-0.39025488,8.343793,-0.112399206,-0.8393288,-0.014660766
1370.0,-4.450821,-0.58418524,8.674192,-0.11728613,-0.81000733,0.002443461
1381.0,-4.3239284,-0.6895301,9.011775,-0.10751228,-0.784351,0.012217305
1434.0,-4.268862,-0.90261406,9.0716305,-0.09285152,-0.7635816,0.004886922
1434.0,-4.3119574,-0.78769237,9.006987,-0.081855945,-0.7452556,-0.012217305
1434.0,-4.321534,-0.79487497,9.129091,-0.07819075,-0.72082096,-0.017104227
1434.0,-4.2640734,-0.7661445,9.100361,-0.080634214,-0.70616025,-0.0061086523
1434.0,-4.1611223,-0.7733272,9.021352,-0.089186326,-0.6914995,0.002443461
1446.0,-4.0797195,-0.7230489,9.038112,-0.08674286,-0.66950834,0.002443461
1533.0,-3.98874,-0.6440403,8.9040365,-0.095294975,-0.6450737,0.004886922
1533.0,-4.0533834,-0.7326257,9.0476885,-0.103847094,-0.6169739,0.014660766
1533.0,-3.9432502,-0.8355764,9.033323,-0.10140363,-0.59864795,0.021991149
1533.0,-3.9097314,-0.8810662,9.064447,-0.087964594,-0.5876524,0.017104227
1533.0,-3.8594532,-0.7374141,9.102755,-0.06719518,-0.5742133,0.008552114
1533.0,-3.8187518,-0.6991069,9.045294,-0.057421334,-0.55955255,0.0061086523
1533.0,-3.8163576,-0.7565677,9.244013,-0.05131268,-0.53878313,0.008552114
1533.0,-3.7493198,-0.80924016,9.25359,-0.037873644,-0.52656585,0.007330383
1533.0,-3.6750996,-0.78050977,9.088389,-0.04153884,-0.516792,0.0
1544.0,-3.6248214,-0.6775591,9.148245,-0.05375614,-0.4972443,-0.0036651916
1562.0,-3.5817258,-0.6464345,9.172187,-0.0720821,-0.47525316,0.007330383
1562.0,-3.5003228,-0.8451532,9.138668,-0.09162979,-0.45204028,0.019547688
1571.0,-3.4524388,-0.9528923,9.0237465,-0.09162979,-0.43249258,0.02076942
1581.0,-3.5362358,-0.9983821,8.935161,-0.0842994,-0.42149702,0.014660766
1590.0,-3.5865142,-0.89303726,9.016563,-0.08307768,-0.41416663,0.012217305
1601.0,-3.5936968,-0.81642276,8.9998045,-0.09407325,-0.40683624,0.017104227
1612.0,-3.5194764,-0.7134721,9.035717,-0.105068825,-0.40194935,0.02443461
1623.0,-3.53863,-0.7422025,9.033323,-0.10995574,-0.39584067,0.021991149
1631.0,-3.53863,-0.7733272,9.138668,-0.10995574,-0.3933972,0.017104227
1642.0,-3.4261026,-0.92895025,9.172187,-0.09896017,-0.39461896,0.021991149
1666.0,-3.4213142,-1.0342951,9.157822,-0.07819075,-0.39828414,0.029321533
1666.0,-3.3063924,-0.92416185,9.131485,-0.05497787,-0.40561453,0.032986723
1671.0,-3.359065,-0.93134445,9.083601,-0.036651913,-0.40561453,0.030543262
1683.0,-3.2273839,-0.8595184,8.911219,-0.032986723,-0.40194935,0.028099801
1691.0,-3.3279405,-0.7302315,8.863335,-0.047647487,-0.39584067,0.032986723
1701.0,-3.2585084,-0.7158663,8.822633,-0.07574729,-0.38606682,0.035430185
1711.0,-3.2202013,-0.78769237,8.954314,-0.1001819,-0.376293,0.039095376
1722.0,-3.1028855,-0.90021986,8.983045,-0.11362094,-0.3726278,0.043982297
1731.0,-3.052607,-0.93373865,9.100361,-0.11728613,-0.37140608,0.04153884
1742.0,-3.083732,-0.8283938,9.090784,-0.10873401,-0.37507126,0.032986723
1752.0,-3.1124623,-0.90021986,9.100361,-0.09773844,-0.38240165,0.02687807
1761.0,-3.1387985,-0.91458505,9.078813,-0.09285152,-0.3921755,0.02687807
1773.0,-3.040636,-0.9792285,9.088389,-0.0842994,-0.40194935,0.029321533
1786.0,-2.9640217,-0.91697925,9.0476885,-0.073303826,-0.41050145,0.03176499
1791.0,-2.9616275,-0.89303726,9.066842,-0.062308256,-0.42149702,0.032986723
1802.0,-2.777274,-0.9840169,9.040505,-0.061086524,-0.42760566,0.037873644
1811.0,-2.717419,-0.9696517,9.038112,-0.058643065,-0.43860126,0.042760566
1822.0,-2.681506,-0.8379706,8.956709,-0.058643065,-0.43860126,0.042760566
1831.0,-2.6599581,-0.7733272,8.954314,-0.07086037,-0.4373795,0.043982297
1843.0,-2.7222073,-0.92895025,9.030929,-0.09896017,-0.43493605,0.05009095
1852.0,-2.6120741,-1.0223241,9.085996,-0.10140363,-0.44348818,0.052534413
1864.0,-2.5234885,-1.1851299,9.380483,-0.07696902,-0.453262,0.047647487
1874.0,-2.4971523,-1.2066777,9.363723,-0.058643065,-0.4605924,0.043982297
1884.0,-2.468422,-1.1731589,9.323022,-0.04642576,-0.46670106,0.04153884
1894.0,-2.3918076,-1.0869676,9.308656,-0.034208454,-0.47403142,0.043982297
1905.0,-2.4181437,-1.0845734,9.188946,-0.032986723,-0.47891834,0.04886922
1914.0,-2.3774424,-0.9600749,9.179369,-0.04642576,-0.4801401,0.057421334
1926.0,-2.291251,-0.91458505,9.258378,-0.064751714,-0.47158796,0.06719518
1937.0,-2.2337902,-1.0055647,9.270349,-0.08307768,-0.46670106,0.07574729
1942.0,-2.2242134,-1.0247183,9.313444,-0.09162979,-0.4605924,0.07819075
1954.0,-2.2601264,-0.92176765,9.267955,-0.10262536,-0.4605924,0.0720821
2015.0,-2.267309,-0.8834604,9.308656,-0.111177474,-0.4605924,0.065973446
2015.0,-2.1428106,-0.8882488,9.339781,-0.10629055,-0.4569272,0.064751714
2015.0,-2.0494366,-0.93134445,9.368511,-0.09040806,-0.45448375,0.065973446
2019.0,-2.0805612,-1.0654198,9.301474,-0.07696902,-0.4605924,0.057421334
2019.0,-2.0614076,-0.9696517,9.368511,-0.06963864,-0.46670106,0.042760566
2019.0,-2.0829554,-0.91458505,9.358934,-0.062308256,-0.46670106,0.036651913
2023.0,-1.9608512,-0.9504981,9.392453,-0.064751714,-0.47036624,0.04520403
2033.0,-1.910573,-0.9696517,9.421184,-0.06841691,-0.47525316,0.05131268
2042.0,-1.8555063,-1.0726024,9.490616,-0.06352998,-0.47525316,0.05131268
2053.0,-1.6783354,-0.9911995,9.428367,-0.06841691,-0.47891834,0.05009095
2062.0,-1.7286136,-0.92176765,9.3733,-0.087964594,-0.47891834,0.047647487
2073.0,-1.6879122,-0.9624691,9.414001,-0.10262536,-0.47403142,0.05009095
2083.0,-1.6041151,-1.0749966,9.507375,-0.111177474,-0.47036624,0.05497787
2092.0,-1.5562311,-1.1180922,9.509769,-0.105068825,-0.47036624,0.05009095
2107.0,-1.5394717,-1.067814,9.564836,-0.087964594,-0.4728097,0.04153884
2112.0,-1.4820108,-1.13964,9.588778,-0.06963864,-0.4728097,0.035430185
2123.0,-1.400608,-1.151611,9.607931,-0.059864793,-0.46792278,0.034208454
2131.0,-1.30484,-1.0989386,9.694122,-0.047647487,-0.46181414,0.032986723
2142.0,-1.3910311,-1.1061212,9.710882,-0.036651913,-0.45814893,0.03176499
2151.0,-1.2808979,-1.0390835,9.737218,-0.034208454,-0.45204028,0.03176499
2163.0,-1.2258313,-1.1348516,9.768343,-0.043982297,-0.44104472,0.035430185
2172.0,-1.1563994,-1.2234371,9.801862,-0.05131268,-0.43004912,0.04153884
2183.0,-1.1587936,-1.3215994,9.730036,-0.042760566,-0.42638394,0.04153884
2192.0,-1.1468226,-1.1755531,9.579201,-0.034208454,-0.4251622,0.036651913
2202.0,-1.2042835,-1.1252748,9.722853,-0.030543262,-0.4129449,0.037873644
2212.0,-1.1731589,-1.0989386,9.816227,-0.017104227,-0.408058,0.04642576
2224.0,-1.0271125,-1.127669,9.763555,-0.004886922,-0.40683624,0.05375614
2233.0,-1.0247183,-1.1707647,9.7324295,-0.007330383,-0.39584067,0.047647487
2244.0,-0.9911995,-1.2354081,9.80665,-0.014660766,-0.37751472,0.039095376
2253.0,-0.91697925,-1.2521675,9.97185,-0.019547688,-0.3640757,0.035430185
2264.0,-0.8858546,-1.3024458,10.010158,-0.019547688,-0.35796702,0.036651913
2274.0,-0.82599956,-1.163582,9.919178,-0.02076942,-0.34574974,0.035430185
2285.0,-0.8571242,-1.067814,9.830592,-0.035430185,-0.3286455,0.03176499
2296.0,-0.80924016,-1.0941502,9.85214,-0.047647487,-0.3115413,0.032986723
2303.0,-0.81642276,-1.1468226,9.80665,-0.052534413,-0.30298916,0.039095376
2339.0,-0.7398083,-1.1372458,9.828198,-0.061086524,-0.29443705,0.04520403
2340.0,-0.6967127,-1.1348516,9.7803135,-0.06719518,-0.28221974,0.047647487
2340.0,-0.6943185,-1.1492168,9.6845455,-0.0720821,-0.2761111,0.042760566
2343.0,-0.7374141,-1.1492168,9.591172,-0.073303826,-0.2687807,0.036651913
2354.0,-0.6919243,-1.0175357,9.55047,-0.080634214,-0.25045475,0.035430185
2364.0,-0.6727707,-0.9552865,9.483433,-0.09407325,-0.25045475,0.04153884
2374.0,-0.7134721,-0.8331822,9.43076,-0.12705997,-0.2602286,0.05009095
2383.0,-0.6703765,-0.91219085,9.629479,-0.19792034,-0.2565634,0.06352998
2393.0,-0.56982,-0.9911995,9.840169,-0.29443705,-0.26267207,0.080634214
2405.0,-0.45729253,-1.103727,9.964667,-0.39706242,-0.24923302,0.09040806
2415.0,-0.34715924,-1.1444284,9.89763,-0.47769663,-0.2565634,0.09407325
2425.0,-0.40701428,-1.1947067,9.629479,-0.5717699,-0.25411993,0.10140363
2435.0,-0.35434186,-1.3862427,9.3182335,-0.6719518,-0.25167647,0.118507855
2445.0,-0.4165911,-1.7956513,9.16261,-0.7049385,-0.27855456,0.12583824
2456.0,-0.37588966,-2.2002714,9.109938,-0.63529986,-0.29565877,0.1160644
2467.0,-0.2873042,-2.4899697,9.208099,-0.47036624,-0.32375857,0.105068825
2476.0,-0.22744916,-2.2720973,9.533711,-0.2565634,-0.34208453,0.10629055
2487.0,-0.1436521,-2.1906946,9.751583,-0.05375614,-0.35796702,0.12217305
2496.0,-0.1364695,-2.1045034,9.7324295,0.07574729,-0.3726278,0.13805555
2507.0,-0.15801731,-1.9728222,9.679757,0.11484267,-0.3555236,0.14172074
