29.0,1.4460979,-1.7812861,9.713276,-0.14049901,-0.28710666,0.013439035
41.0,1.4460979,-1.7812861,9.713276,0.15149458,0.12705997,-0.07819075
42.0,1.3575124,-1.7142484,9.797073,0.004886922,-0.25045475,-0.31764993
57.0,1.2976574,-1.7860745,9.938332,-0.095294975,-0.37995818,-0.32742378
62.0,1.3623008,-1.7980455,10.04607,0.009773844,0.43860126,0.02443461
72.0,1.5490485,-1.8243817,10.067618,-0.017104227,0.49846604,0.013439035
84.0,1.6136919,-1.8914193,10.19451,-0.034208454,0.3811799,-0.08674286
94.0,1.6496049,-1.8555063,10.43872,-0.035430185,0.26633725,-0.18203785
104.0,1.5705963,-1.8746599,10.46745,-0.047647487,0.3115413,-0.20280726
112.0,1.6280571,-1.8483237,10.472239,-0.08674286,0.35918877,-0.21746802
122.0,1.5897499,-1.8219875,10.445902,-0.13194689,0.41050145,-0.23823744
132.0,1.541866,-1.8698715,10.275913,-0.172264,0.4642576,-0.2602286
144.0,1.4341269,-1.8507179,10.254366,-0.204029,0.5180137,-0.27488935
152.0,1.3862427,-1.8794483,10.177752,-0.2284636,0.56077427,-0.28221974
162.0,1.2521675,-1.8914193,10.070012,-0.25534168,0.6010914,-0.28588495
172.0,1.2425907,-1.9919758,10.283096,-0.27855456,0.657291,-0.2773328
182.0,1.3575124,-2.1404164,10.503363,-0.28955013,0.72326446,-0.2602286
193.0,1.4030021,-2.267309,10.656591,-0.28588495,0.784351,-0.2565634
204.0,1.2976574,-2.2649148,10.6637745,-0.2883284,0.85154617,-0.27000242
213.0,1.0510546,-2.219425,10.6158905,-0.30787608,0.9224065,-0.2846632
222.0,0.82599956,-2.2697031,10.769119,-0.31031954,0.9798279,-0.28221974
232.0,0.62967503,-2.3582888,10.632649,-0.30665436,1.0213667,-0.26267207
243.0,0.5315128,-2.315193,10.441113,-0.2968805,1.073901,-0.23090707
253.0,0.533907,-2.5306711,10.649409,-0.27000242,1.1313224,-0.18448131
264.0,0.557849,-3.0262709,10.802638,-0.21624629,1.2082914,-0.13439035
273.0,0.5291186,-3.359065,11.025299,-0.13927728,1.2815952,-0.09407325
282.0,0.45010993,-3.5553896,11.11149,-0.062308256,1.3500122,-0.07452556
292.0,0.260968,-3.4691982,11.063606,-0.012217305,1.4269812,-0.06841691
304.0,-0.0023942017,-3.2465374,11.03727,0.008552114,1.5039502,-0.05009095
312.0,-0.272939,-2.918532,10.874464,0.0,1.5748106,-0.008552114
324.0,-0.45968673,-2.7269957,10.644621,-0.032986723,1.6566665,0.057421334
333.0,-0.78769237,-2.767697,10.584765,-0.05009095,1.7434094,0.13194689
344.0,-0.93134445,-3.0310593,10.651803,-0.02687807,1.8106046,0.2003638
353.0,-1.0414777,-3.181894,10.517728,0.012217305,1.858252,0.24923302
364.0,-1.3455414,-3.052607,10.33098,0.029321533,1.9083431,0.28955013
373.0,-1.6328455,-3.028665,10.232818,0.042760566,1.9633209,0.33108896
384.0,-1.9656396,-3.0765493,10.278308,0.10262536,2.0134118,0.37140608
393.0,-2.030283,-2.9592333,10.0269165,0.2565634,2.053729,0.4251622
404.0,-2.183512,-2.4899697,9.617508,0.2565634,2.053729,0.4251622
413.0,-2.372654,-2.1547816,9.473856,0.29565877,2.0781636,0.45204028
423.0,-2.6288335,-2.1260512,9.289502,0.3323107,2.1001546,0.47769663
433.0,-2.7700913,-2.0685902,9.0237465,0.36651915,2.112372,0.5009095
444.0,-2.89459,-2.0087352,8.939949,0.39461896,2.1148155,0.5180137
453.0,-2.885013,-1.9201498,8.825027,0.42149702,2.112372,0.52290064
463.0,-2.9376855,-1.9440918,8.65025,0.44593164,2.1050417,0.51923543
473.0,-3.0813377,-1.7381904,8.441956,0.43371433,2.0793853,0.5143485
483.0,-3.193865,-1.3431472,8.042124,0.43249258,2.057394,0.5131268
493.0,-3.5458126,-1.3455414,7.9367785,0.4373795,2.0292943,0.5131268
506.0,-3.5410242,-1.3934253,7.9152308,0.44593164,1.9950858,0.5180137
513.0,-3.6655228,-1.4939818,7.785944,0.4605924,1.958434,0.5180137
523.0,-3.8426938,-1.4748282,7.4363904,0.47647488,1.9193386,0.49480084
533.0,-4.0892963,-1.2880806,7.1155677,0.48747048,1.8668042,0.45814893
543.0,-4.4101195,-1.1061212,6.955156,0.49846604,1.8142698,0.43860126
553.0,-4.498705,-0.8690952,6.8785415,0.4972443,1.7629571,0.4447099
564.0,-4.5298295,-0.8643068,6.7372837,0.47647488,1.7128662,0.45570546
573.0,-4.654328,-0.878672,6.9024835,0.4605924,1.6615535,0.45937067
583.0,-4.7740383,-0.9576807,6.7372837,0.45081854,1.6065756,0.453262
594.0,-4.9105077,-0.89782566,6.5840545,0.43371433,1.5503759,0.42638394
604.0,-5.133168,-0.8714894,6.6510925,0.42271876,1.4929546,0.4007276
615.0,-5.2480903,-0.90979666,6.5337763,0.41050145,1.4379768,0.39950588
627.0,-5.329493,-0.8858546,6.3063273,0.37751472,1.3891076,0.39095375
636.0,-5.566519,-0.82360536,6.2728086,0.32986724,1.3390167,0.37140608
645.0,-5.66947,-0.79966336,6.229713,0.26267207,1.2815952,0.37140608
656.0,-5.8562174,-0.89064306,5.9424086,0.17959438,1.2205088,0.376293
665.0,-6.0262055,-0.93134445,5.791574,0.10140363,1.1594223,0.36651915
675.0,-6.0716953,-0.93134445,5.6646814,0.058643065,1.0897835,0.36774087
687.0,-6.131551,-0.92655605,5.5880666,0.035430185,1.0225884,0.3811799
696.0,-6.2249246,-0.8762778,5.554548,0.036651913,0.95172805,0.38240165
706.0,-6.253655,-0.8403648,5.6000376,0.04153884,0.87964594,0.38362336
716.0,-6.2368956,-0.7326257,5.5856724,0.034208454,0.81489426,0.3885103
727.0,-6.2967505,-0.7086837,5.401319,0.021991149,0.7538077,0.37995818
735.0,-6.4619503,-0.6775591,5.3941364,0.010995574,0.689056,0.36651915
746.0,-6.5361705,-0.6895301,5.2648497,0.007330383,0.61086524,0.3652974
756.0,-6.615179,-0.7134721,5.1020436,-0.002443461,0.5326745,0.35796702
766.0,-6.6534867,-0.60333884,5.068525,-0.009773844,0.453262,0.3359759
776.0,-6.7253127,-0.51714754,5.020641,-0.018325957,0.376293,0.31764993
785.0,-6.7372837,-0.32800564,4.975151,-0.040317107,0.29077184,0.29810223
797.0,-6.730101,-0.2657564,4.867412,-0.06963864,0.20525073,0.27977628
808.0,-6.703765,-0.1340753,4.879383,-0.118507855,0.12583824,0.26511553
815.0,-6.861782,-0.090979666,4.8386817,-0.1685988,0.043982297,0.24678956
825.0,-6.8881183,-0.074220255,5.046977,-0.19792034,-0.042760566,0.21991149
836.0,-6.8043213,-0.18435353,5.118803,-0.20647246,-0.13561209,0.2003638
846.0,-6.7492547,-0.1316811,5.197812,-0.21380283,-0.21502456,0.17104226
855.0,-6.703765,-0.055066638,5.255273,-0.20158553,-0.2883284,0.1282817
867.0,-6.715736,-0.007182605,5.365406,-0.16982053,-0.35796702,0.10140363
876.0,-6.706159,-0.1604115,5.425261,-0.13805555,-0.4251622,0.080634214
886.0,-6.634333,-0.20590134,5.6766524,-0.10751228,-0.48747048,0.058643065
896.0,-6.567295,-0.29448682,5.8801594,-0.087964594,-0.54000485,0.047647487
907.0,-6.528988,-0.39743748,6.0046577,-0.08307768,-0.58276546,0.036651913
916.0,-6.4284315,-0.36870706,6.220136,-0.0842994,-0.6035349,0.019547688
927.0,-6.528988,-0.32561144,6.351817,-0.1001819,-0.62796944,0.012217305
936.0,-6.5098343,-0.24660277,6.411672,-0.13927728,-0.6450737,0.010995574
945.0,-6.5146227,-0.30645782,6.445191,-0.18448131,-0.65118235,0.010995574
957.0,-6.5218053,-0.35673606,6.543353,-0.22235495,-0.6609562,0.018325957
967.0,-6.4619503,-0.48123455,6.5601125,-0.24190263,-0.6780604,0.017104227
976.0,-6.471527,-0.47165772,6.7229185,-0.23579398,-0.70371675,0.010995574
987.0,-6.2871737,-0.5482722,7.0365586,-0.20647246,-0.71837753,0.012217305
997.0,-6.181829,-0.5482722,7.117962,-0.16126843,-0.7281514,0.009773844
1007.0,-6.1411276,-0.4237737,7.326257,-0.12950343,-0.72692966,0.0
1015.0,-6.129156,-0.23223756,7.465121,-0.10873401,-0.7171558,-0.002443461
1026.0,-6.0501475,-0.49081135,7.5968018,-0.09285152,-0.7122689,0.0061086523
1037.0,-6.1004257,-0.5650316,7.4507556,-0.09040806,-0.70005155,0.0
1048.0,-6.155493,-0.4189853,7.2185183,-0.096516706,-0.68783426,-0.021991149
1057.0,-6.105214,-0.21308395,7.120356,-0.112399206,-0.6792821,-0.028099801
1087.0,-6.0381765,-0.16998832,7.0724716,-0.13683382,-0.6768387,-0.02076942
1087.0,-5.98311,-0.19393034,6.9886746,-0.16126843,-0.675617,-0.02321288
1087.0,-5.9567738,-0.2633622,7.038953,-0.17959438,-0.6805039,-0.036651913
1096.0,-5.889736,-0.24420857,7.1227503,-0.1881465,-0.6963864,-0.042760566
1106.0,-5.7484784,-0.36391866,7.3885064,-0.19303341,-0.70616025,-0.037873644
1117.0,-5.580884,-0.6584055,7.8505874,-0.16126843,-0.7367035,-0.034208454
1126.0,-5.3678,-1.1228806,7.9583263,-0.10262536,-0.7452556,-0.039095376
1136.0,-5.422867,-1.115698,8.001422,-0.047647487,-0.7476991,-0.061086524
1147.0,-5.4683566,-0.7230489,7.8769236,-0.02443461,-0.7489208,-0.07574729
1155.0,-5.461174,-0.5793968,7.78355,-0.043982297,-0.72692966,-0.061086524
1168.0,-5.3701944,-0.6847417,7.6590514,-0.0842994,-0.70249504,-0.04153884
1175.0,-5.427655,-0.7326257,7.551312,-0.11484267,-0.6914995,-0.039095376
1185.0,-5.425261,-0.6991069,7.524976,-0.14782938,-0.6927212,-0.040317107
1194.0,-5.4085016,-0.7733272,7.666234,-0.19303341,-0.69027776,-0.02565634
1206.0,-5.243302,-0.93613285,7.9343843,-0.22968534,-0.6817256,-0.007330383
1216.0,-5.0397944,-0.9983821,8.075643,-0.21991149,-0.68661255,-0.004886922
1227.0,-5.0182467,-1.2018893,8.226477,-0.18325958,-0.6927212,-0.017104227
1235.0,-4.9895163,-1.1180922,8.35337,-0.14782938,-0.7012733,-0.02687807
1246.0,-4.936844,-0.92895025,8.324639,-0.13194689,-0.70738196,-0.021991149
1256.0,-4.76925,-0.90979666,8.149862,-0.14782938,-0.7012733,-0.012217305
1266.0,-4.7429137,-0.8499416,8.008605,-0.17592919,-0.6805039,-0.012217305
1277.0,-4.747702,-0.90021986,8.157045,-0.17104226,-0.6646214,-0.012217305
1287.0,-4.7405195,-1.0510546,8.200141,-0.14660765,-0.6585127,-0.0036651916
1298.0,-4.6662993,-1.0103531,8.171411,-0.14660765,-0.65484756,-0.010995574
1308.0,-4.618415,-0.8571242,8.197746,-0.14660765,-0.65484756,-0.010995574
1317.0,-4.6040497,-0.842759,8.09719,-0.17104226,-0.65240407,-0.017104227
1326.0,-4.5441947,-0.8738836,8.192958,-0.17348573,-0.65118235,-0.010995574
1338.0,-4.3766007,-1.0175357,8.48984,-0.16493362,-0.64996064,-0.009773844
1348.0,-4.2640734,-1.1300632,8.65025,-0.15515977,-0.6560693,-0.021991149
1355.0,-4.2185836,-1.115698,8.779537,-0.14660765,-0.6536258,-0.036651913
1365.0,-4.1491513,-1.1061212,8.858546,-0.14294247,-0.6401868,-0.037873644
1375.0,-4.0533834,-1.1420342,8.781932,-0.14172074,-0.63285637,-0.032986723
1386.0,-4.015076,-1.115698,8.688558,-0.14294247,-0.63529986,-0.039095376
1395.0,-4.0581717,-1.0247183,8.535329,-0.16371189,-0.6206391,-0.042760566
1410.0,-3.9911342,-0.91458505,8.635885,-0.19303341,-0.61086524,-0.028099801
1414.0,-3.9552212,-1.0295067,8.722076,-0.22113322,-0.6035349,-0.008552114
1425.0,-3.8043866,-1.1133038,8.738836,-0.2406809,-0.59986967,-0.0061086523
1434.0,-3.7804444,-1.1492168,8.803479,-0.24556783,-0.60231316,-0.010995574
1445.0,-3.8067808,-1.1994951,8.76996,-0.25778514,-0.593761,-0.008552114
1455.0,-3.7612908,-1.1300632,8.726865,-0.2724459,-0.58276546,-0.002443461
1465.0,-3.70383,-1.1348516,8.817844,-0.26389378,-0.593761,0.002443461
1475.0,-3.5936968,-1.3024458,8.848969,-0.23457226,-0.59620446,0.0012217305
1485.0,-3.5218706,-1.2569559,8.9758625,-0.19425514,-0.59131753,-0.0036651916
1495.0,-3.4404678,-1.3479356,9.01417,-0.13927728,-0.59986967,-0.0061086523
1505.0,-3.454833,-1.3982137,8.939949,-0.09896017,-0.6059783,-0.008552114
1514.0,-3.3662477,-1.2354081,8.822633,-0.09285152,-0.593761,-0.009773844
1525.0,-3.3494883,-1.163582,8.7532015,-0.10873401,-0.59131753,-0.008552114
1534.0,-3.4093432,-1.1779473,8.631097,-0.13805555,-0.5925393,-0.0036651916
1545.0,-3.3566709,-1.0989386,8.738836,-0.18081611,-0.5876524,0.008552114
1554.0,-3.2154129,-1.292869,8.834604,-0.21135938,-0.5717699,0.021991149
1564.0,-3.2249897,-1.340753,8.963891,-0.2125811,-0.59131753,0.021991149
1574.0,-3.1914709,-1.3718776,8.90643,-0.20280726,-0.6072,0.008552114
1585.0,-3.1842883,-1.2904748,8.901642,-0.18081611,-0.6169739,-0.007330383
1594.0,-3.1747115,-1.2066777,8.995016,-0.15027285,-0.6230826,-0.010995574
1605.0,-3.0597897,-1.2521675,8.980651,-0.119729586,-0.6267477,-0.008552114
1614.0,-2.8993783,-1.3359646,9.021352,-0.095294975,-0.6267477,-0.014660766
1624.0,-2.815581,-1.3215994,9.0429,-0.080634214,-0.6243043,-0.02443461
1634.0,-2.834735,-1.42455,9.205706,-0.07452556,-0.61453044,-0.02687807
1645.0,-2.7605145,-1.412579,9.188946,-0.07696902,-0.59498274,-0.021991149
1654.0,-2.7509377,-1.4532804,9.174581,-0.089186326,-0.5717699,-0.02565634
1664.0,-2.777274,-1.3982137,9.246407,-0.09040806,-0.5729916,-0.037873644
1683.0,-2.7006595,-1.4987702,9.165004,-0.089186326,-0.5693264,-0.04153884
1684.0,-2.6647465,-1.484405,9.150639,-0.087964594,-0.5742133,-0.042760566
1694.0,-2.6647465,-1.3790601,9.157822,-0.0842994,-0.5766568,-0.047647487
1706.0,-2.5737667,-1.3623008,9.176975,-0.080634214,-0.5815437,-0.05131268
1714.0,-2.4971523,-1.3431472,9.198523,-0.07941248,-0.5742133,-0.047647487
1724.0,-2.3654714,-1.484405,9.205706,-0.07452556,-0.5729916,-0.05009095
1734.0,-2.2864625,-1.4149733,9.181764,-0.07086037,-0.5839872,-0.062308256
1745.0,-2.231396,-1.4269443,9.196129,-0.06963864,-0.5717699,-0.06352998
1764.0,-2.195483,-1.508347,9.289502,-0.07086037,-0.5705481,-0.05375614
1768.0,-2.1212628,-1.5490485,9.428367,-0.06719518,-0.57543504,-0.05009095
1774.0,-2.0638018,-1.5729905,9.368511,-0.056199603,-0.5815437,-0.058643065
1787.0,-1.9967642,-1.496376,9.425972,-0.05009095,-0.5864306,-0.065973446
1800.0,-1.982399,-1.5705963,9.615114,-0.042760566,-0.5705481,-0.059864793
1812.0,-1.8267759,-1.7022774,9.698911,-0.029321533,-0.5815437,-0.047647487
1817.0,-1.6807296,-1.6280571,9.56723,-0.034208454,-0.56688297,-0.047647487
1832.0,-1.7166426,-1.4867992,9.524135,-0.05009095,-0.5510005,-0.05497787
1839.0,-1.7549498,-1.5370775,9.536105,-0.06841691,-0.52778757,-0.047647487
1853.0,-1.6927006,-1.6639702,9.622296,-0.080634214,-0.5045747,-0.02687807
1870.0,-1.6519991,-1.8052281,9.586384,-0.07452556,-0.50946164,-0.014660766
1870.0,-1.5801731,-1.7980455,9.610326,-0.061086524,-0.49113566,-0.015882496
1874.0,-1.5993267,-1.5610195,9.595961,-0.04886922,-0.48624873,-0.021991149
1890.0,-1.5634137,-1.541866,9.643845,-0.052534413,-0.47769663,-0.019547688
1898.0,-1.5873557,-1.5610195,9.605537,-0.059864793,-0.47403142,-0.013439035
1906.0,-1.5131354,-1.6136919,9.581595,-0.059864793,-0.4886922,-0.017104227
1914.0,-1.4532804,-1.4987702,9.588778,-0.073303826,-0.4813618,-0.02443461
1925.0,-1.4772224,-1.4676456,9.572019,-0.09162979,-0.47036624,-0.02687807
1935.0,-1.3742718,-1.4652514,9.540894,-0.10873401,-0.46303585,-0.019547688
1946.0,-1.3024458,-1.532289,9.526528,-0.12339478,-0.45204028,-0.007330383
1954.0,-1.2856863,-1.5969325,9.495404,-0.119729586,-0.44226643,-0.002443461
1965.0,-1.2138603,-1.6927006,9.588778,-0.095294975,-0.43982297,-0.0061086523
1975.0,-1.1875241,-1.6328455,9.634268,-0.05497787,-0.44104472,-0.008552114
1985.0,-1.0773908,-1.6807296,9.651027,-0.029321533,-0.43493605,-0.002443461
1995.0,-1.115698,-1.6663644,9.595961,-0.009773844,-0.43371433,0.002443461
2009.0,-1.0295067,-1.7286136,9.634268,0.0,-0.4288274,0.0036651916
2022.0,-1.079785,-1.6567876,9.464279,-0.010995574,-0.4373795,0.0012217305
2039.0,-1.1013328,-1.5921441,9.375694,-0.042760566,-0.44348818,0.0
2039.0,-0.9935937,-1.5849615,9.464279,-0.073303826,-0.44226643,0.0061086523
2045.0,-0.866701,-1.661576,9.452309,-0.09407325,-0.44104472,0.017104227
2056.0,-0.7733272,-1.7645266,9.555259,-0.105068825,-0.44715336,0.02076942
2066.0,-0.7254431,-1.8028339,9.516952,-0.111177474,-0.44837508,0.015882496
2075.0,-0.62967503,-1.8052281,9.603143,-0.10751228,-0.43982297,0.014660766
2085.0,-0.60094464,-1.8124107,9.665392,-0.0842994,-0.43371433,0.018325957
2095.0,-0.5363012,-1.8555063,9.710882,-0.034208454,-0.41538838,0.02687807
2106.0,-0.5243302,-1.8938135,9.782708,-0.034208454,-0.41538838,0.02687807
2115.0,-0.48123455,-1.8387469,9.85214,-0.014660766,-0.40561453,0.02687807
2127.0,-0.545878,-1.8028339,9.933543,-0.0061086523,-0.39828414,0.02687807
2136.0,-0.581791,-1.697489,9.758766,-0.05375614,-0.3848451,0.021991149
2150.0,-0.5746084,-1.5825673,9.662998,-0.09896017,-0.37873647,0.021991149
2156.0,-0.49559975,-1.6591818,9.504981,-0.15027285,-0.36774087,0.028099801
2183.0,-0.50517654,-1.6783354,9.449914,-0.1966986,-0.36041048,0.035430185
2183.0,-0.37828386,-1.6927006,9.423578,-0.23457226,-0.3555236,0.037873644
2187.0,-0.36152446,-1.745373,9.459491,-0.2565634,-0.35063666,0.04153884
2197.0,-0.2896984,-1.8698715,9.528923,-0.24678956,-0.35063666,0.042760566
2218.0,-0.23223756,-1.9560628,9.531317,-0.19303341,-0.3494149,0.035430185
2218.0,-0.16998832,-2.0470424,9.631873,-0.12339478,-0.344528,0.02687807
2256.0,-0.17477672,-1.9153614,9.703699,-0.073303826,-0.34330627,0.029321533
2256.0,-0.10534488,-1.99437,9.682152,-0.04642576,-0.3371976,0.039095376
2256.0,-0.1340753,-2.0135236,9.78989,-0.035430185,-0.32620203,0.043982297
2256.0,-0.02633622,-2.0111294,9.835381,-0.036651913,-0.31398472,0.037873644
2265.0,-0.01436521,-1.9297266,9.801862,-0.05131268,-0.29932398,0.040317107
2277.0,-0.0023942017,-1.9680338,9.809045,-0.07574729,-0.28099802,0.04886922
2286.0,-0.019153614,-2.0638018,9.7324295,-0.09162979,-0.26633725,0.052534413
2296.0,-0.047884032,-2.054225,9.722853,-0.095294975,-0.25778514,0.05009095
2307.0,0.05746084,-1.9321208,9.720459,-0.095294975,-0.25167647,0.04886922
2315.0,0.050278235,-1.9416976,9.878476,-0.08552113,-0.23823744,0.05375614
2326.0,0.1412579,-1.8866309,9.854534,-0.064751714,-0.2284636,0.06352998
2335.0,0.10534488,-1.9895816,9.782708,-0.04886922,-0.21868975,0.06841691
2345.0,0.093373865,-2.078167,9.749189,-0.04153884,-0.19914207,0.065973446
2355.0,0.05746084,-2.030283,9.710882,-0.032986723,-0.19058995,0.062308256
2368.0,0.04309563,-2.0159178,9.605537,-0.037873644,-0.1881465,0.065973446
2375.0,0.02873042,-2.0039468,9.634268,-0.056199603,-0.18325958,0.07086037
2385.0,0.110133275,-1.9728222,9.639056,-0.06963864,-0.17837265,0.07452556
2395.0,0.076614454,-1.9656396,9.514558,-0.065973446,-0.17592919,0.07696902
2407.0,0.09816227,-2.066196,9.497798,-0.05131268,-0.17715092,0.07696902
2416.0,0.090979666,-2.042254,9.469068,-0.037873644,-0.17715092,0.07452556
2432.0,0.033518825,-1.8243817,9.452309,-0.039095376,-0.17837265,0.06963864
2436.0,0.035913024,-1.8148049,9.411607,-0.056199603,-0.17959438,0.07086037
2446.0,0.076614454,-1.8722657,9.507375,-0.07696902,-0.18570304,0.07086037
2455.0,0.20350714,-1.9033904,9.5385,-0.0842994,-0.19181168,0.062308256
2466.0,0.25617957,-1.9177556,9.454702,-0.080634214,-0.19792034,0.04642576
2477.0,0.21787235,-1.8794483,9.576807,-0.07696902,-0.19914207,0.036651913
2489.0,0.29688102,-1.9081788,9.627085,-0.07819075,-0.19792034,0.036651913
2498.0,0.2825158,-1.8698715,9.636662,-0.073303826,-0.1966986,0.036651913
2508.0,0.4189853,-1.9776106,9.727641,-0.05375614,-0.19303341,0.030543262
2523.0,0.4261679,-1.9967642,9.631873,-0.035430185,-0.18936823,0.019547688
