39.0,-0.51475334,1.7669208,9.409213,0.007330383,-0.02076942,-0.0012217305
48.0,-0.9983821,1.043872,10.184934,0.15760323,0.12583824,-0.07941248
48.0,-1.115698,0.6488287,10.479421,-0.02565634,-0.27122417,-0.26145032
65.0,-1.2114661,0.51475334,10.443508,-0.19425514,-0.31764993,-0.43127087
65.0,-1.3263878,0.8619126,10.335769,-0.10995574,0.54733527,-0.22235495
75.0,-1.3144168,1.2425907,10.168175,-0.12583824,0.63041294,-0.3359759
87.0,-1.2354081,1.1755531,9.935937,-0.17592919,0.49846604,-0.43982297
95.0,-1.1683705,1.0175357,9.660604,-0.27366763,0.35430184,-0.45081854
105.0,-1.0151415,0.78290397,9.653421,-0.4129449,0.39095375,-0.41905355
115.0,-1.0821792,0.6799533,9.813833,-0.54611355,0.4569272,-0.43127087
126.0,-1.1228806,0.38067806,10.005369,-0.64996064,0.516792,-0.45937067
135.0,-1.3072342,0.093373865,10.228029,-0.7330383,0.57543504,-0.47769663
147.0,-1.6831238,-0.33039984,10.388441,-0.7831292,0.65240407,-0.48502702
155.0,-1.8986019,-0.58418524,10.441113,-0.75747293,0.7110472,-0.4972443
166.0,-2.1667526,-0.60094464,10.500969,-0.675617,0.73914695,-0.52656585
176.0,-2.3870192,-0.6512229,10.433931,-0.5571091,0.7538077,-0.55955255
189.0,-2.480393,-0.6895301,10.304645,-0.43493605,0.7648033,-0.5656612
196.0,-2.566584,-0.7326257,10.055647,-0.3371976,0.7623598,-0.52656585
207.0,-2.5306711,-0.5650316,9.758766,-0.27366763,0.7293731,-0.44959682
216.0,-2.3008277,-0.4141969,9.416395,-0.28344148,0.6951646,-0.37384954
226.0,-2.195483,-0.581791,9.332599,-0.31398472,0.7086037,-0.31764993
237.0,-2.1164744,-0.92176765,9.61272,-0.3371976,0.7415904,-0.2687807
246.0,-2.0949266,-1.271321,10.0341,-0.34208453,0.79168135,-0.22479841
256.0,-2.135628,-1.4101849,10.374076,-0.31398472,0.84788096,-0.18936823
267.0,-2.066196,-1.5729905,10.67814,-0.25534168,0.90408057,-0.16249016
276.0,-2.2577322,-1.6328455,10.6637745,-0.16615535,0.95905846,-0.13927728
288.0,-2.3295584,-1.283292,10.328587,-0.017104227,1.0005972,-0.12461651
296.0,-2.3319526,-0.78050977,10.132261,-0.017104227,1.0005972,-0.12461651
306.0,-2.3008277,-1.0175357,10.527305,-0.08552113,1.210735,-0.10873401
316.0,-2.5809495,-1.3192052,10.752359,-0.16126843,1.3622295,-0.073303826
327.0,-2.9233203,-1.5682021,10.553641,-0.20647246,1.4880677,-0.05375614
336.0,-3.2513258,-1.7717092,10.371682,-0.20647246,1.5845845,-0.061086524
346.0,-3.4572272,-1.7956513,10.254366,-0.17592919,1.6542231,-0.07574729
356.0,-3.7804444,-1.6256629,10.134656,-0.13561209,1.72264,-0.059864793
366.0,-4.1371803,-1.316811,10.196905,-0.13072516,1.7763962,0.004886922
376.0,-4.4220905,-1.1731589,10.09156,-0.13683382,1.8325957,0.087964594
389.0,-4.5561657,-1.328782,9.993398,-0.087964594,1.8729129,0.16615535
396.0,-4.525041,-1.5131354,9.885659,0.013439035,1.8777997,0.2406809
406.0,-4.453215,-1.42455,10.019734,0.112399206,1.8985692,0.3200934
416.0,-4.6136265,-1.4101849,9.861717,0.1685988,1.9449949,0.38973203
426.0,-4.7620673,-1.2401965,9.394848,0.2125811,1.9853121,0.44104472
436.0,-5.1571107,-0.89303726,9.102755,0.28588495,2.0207422,0.47403142
447.0,-5.374983,-0.6679823,8.832211,0.376293,2.0402899,0.49357912
456.0,-5.4444146,-0.49559975,8.4826565,0.4373795,2.058616,0.5216789
466.0,-5.3438582,-0.59376204,8.271967,0.453262,2.0708332,0.57910025
477.0,-5.3558292,-0.60094464,7.8410106,0.4361578,2.0830505,0.6462954
487.0,-5.451597,-0.58897364,7.587225,0.3933972,2.0867157,0.6976081
497.0,-5.6359506,-0.38307226,7.541735,0.3555236,2.1025982,0.72326446
508.0,-5.7269306,-0.37349546,7.180211,0.3885103,2.1111503,0.72692966
517.0,-5.765238,-0.29448682,6.9000893,0.49602258,2.0879374,0.72326446
526.0,-5.7508726,0.088585466,6.6630635,0.5852089,2.0549507,0.73426
536.0,-5.825093,0.31603462,6.3326635,0.6169739,2.0317378,0.7440339
546.0,-5.8203044,0.6512229,6.215348,0.6010914,2.021964,0.7330383
556.0,-5.997475,0.6919243,6.0357823,0.5644395,2.0109684,0.70738196
567.0,-6.081272,0.6655881,5.98311,0.5143485,1.9889772,0.6939429
577.0,-6.191406,0.6536171,5.5258174,0.4728097,1.9633209,0.68294734
588.0,-6.421249,0.5410896,5.3247046,0.4801401,1.926669,0.65484756
597.0,-6.4643445,0.6703765,5.1906295,0.5204572,1.8912388,0.6096435
606.0,-6.567295,0.9983821,5.058948,0.56688297,1.8533652,0.5729916
617.0,-6.7684083,1.2138603,4.807557,0.59131753,1.8277088,0.5522222
628.0,-6.8881183,1.42455,4.675876,0.59131753,1.7971655,0.5216789
637.0,-7.026982,1.5155296,4.4795513,0.5656612,1.7519615,0.4813618
650.0,-7.1586633,1.5442601,4.3622355,0.516792,1.6982054,0.45448375
661.0,-7.2687964,1.292869,4.414908,0.44593164,1.6444492,0.45081854
669.0,-7.3669586,1.0773908,4.2760444,0.376293,1.5906931,0.44593164
680.0,-7.457938,1.1875241,4.0342298,0.3371976,1.5332718,0.41905355
693.0,-7.6853876,1.3383588,3.7684734,0.31887165,1.473407,0.39706242
699.0,-7.735666,1.5227122,3.6032736,0.30176744,1.4147639,0.40317106
710.0,-7.8410106,1.5921441,3.6391866,0.2724459,1.3646729,0.41538838
721.0,-7.809886,1.6112977,3.4261026,0.24556783,1.3072516,0.4166101
730.0,-7.785944,1.496376,3.3135753,0.2321288,1.2461652,0.42394048
740.0,-7.967903,1.3910311,3.1531637,0.22113322,1.1826351,0.43860126
751.0,-8.030152,1.3575124,2.9472623,0.22602014,1.105666,0.43127087
760.0,-8.042124,1.5801731,2.870648,0.21746802,1.0177015,0.4202753
770.0,-8.037335,1.7142484,2.6839,0.18692477,0.9260717,0.41416663
781.0,-7.9702973,1.7262194,2.6192567,0.14538592,0.8405506,0.4129449
790.0,-8.010999,1.6759412,2.5594015,0.08552113,0.75625116,0.41538838
800.0,-8.001422,1.8004397,2.5761611,0.02565634,0.66828656,0.4007276
811.0,-8.00621,1.9632454,2.5187001,0.009773844,0.5717699,0.3811799
820.0,-7.9607205,2.030283,2.2481554,0.029321533,0.4801401,0.37140608
830.0,-8.101978,2.207454,2.0278888,0.05131268,0.3885103,0.3555236
841.0,-8.128315,2.3223755,2.0159178,0.058643065,0.2919936,0.3286455
850.0,-8.121132,2.4253263,2.0039468,0.059864793,0.19914207,0.30543262
860.0,-8.101978,2.3798366,2.018312,0.052534413,0.103847094,0.29077184
871.0,-8.080431,2.5306711,2.0111294,0.042760566,0.008552114,0.26633725
880.0,-8.085219,2.480393,2.1739352,0.028099801,-0.089186326,0.23457226
891.0,-8.056489,2.3774424,2.2409728,0.015882496,-0.18570304,0.2125811
898.0,-8.094796,2.267309,2.3582888,-0.010995574,-0.2687807,0.19425514
910.0,-8.099585,2.3008277,2.6743233,-0.04886922,-0.3408628,0.16371189
919.0,-8.087613,2.3008277,2.8682537,-0.080634214,-0.4129449,0.12950343
931.0,-7.991845,2.243367,3.1411927,-0.10873401,-0.47036624,0.111177474
941.0,-7.967903,2.1811178,3.4165258,-0.14294247,-0.52656585,0.09896017
949.0,-7.941567,2.0518308,3.763685,-0.18203785,-0.56688297,0.0842994
960.0,-7.9702973,1.934515,3.9264908,-0.2125811,-0.59986967,0.065973446
971.0,-7.9846625,1.70946,4.1012673,-0.21868975,-0.63285637,0.04886922
980.0,-8.0445175,1.6328455,4.0222588,-0.21013765,-0.6621779,0.040317107
993.0,-8.094796,1.7070658,3.9911342,-0.19303341,-0.689056,0.02687807
1001.0,-8.149862,1.8555063,4.120421,-0.18570304,-0.70249504,0.013439035
1010.0,-8.12592,1.9728222,4.3143516,-0.18936823,-0.6976081,0.010995574
1020.0,-8.020576,2.0326772,4.4603977,-0.18081611,-0.6939429,0.021991149
1030.0,-7.9343843,1.9895816,4.7500963,-0.18203785,-0.6817256,0.043982297
1040.0,-7.9822683,2.099715,5.0254292,-0.18936823,-0.6609562,0.057421334
1051.0,-7.85777,2.0853498,5.0900726,-0.17470746,-0.6389651,0.059864793
1082.0,-7.943961,1.982399,5.1642933,-0.1685988,-0.61208695,0.06841691
1082.0,-8.015787,1.8555063,4.9679685,-0.18570304,-0.593761,0.06963864
1082.0,-8.082825,1.9177556,4.7500963,-0.20525073,-0.59498274,0.059864793
1090.0,-8.061277,1.9895816,4.498705,-0.2773328,-0.61086524,0.05375614
1099.0,-8.135497,2.1164744,4.5082817,-0.2773328,-0.61086524,0.05375614
1111.0,-8.032547,2.3343468,4.642357,-0.30909783,-0.6243043,0.04520403
1120.0,-7.85777,2.4636335,4.924873,-0.3286455,-0.6377433,0.043982297
1129.0,-7.7452426,2.492364,5.1666875,-0.34697145,-0.6365216,0.052534413
1138.0,-7.675811,2.4133554,5.374983,-0.3286455,-0.61575216,0.05131268
1149.0,-7.666234,2.4971523,5.3342814,-0.32742378,-0.6133087,0.037873644
1159.0,-7.7428484,2.5067291,5.17387,-0.34330627,-0.61453044,0.017104227
1171.0,-7.8050976,2.4756045,4.879383,-0.3885103,-0.6169739,-0.002443461
1181.0,-7.824251,2.2888567,4.8027687,-0.46303585,-0.61453044,-0.021991149
1193.0,-7.7667904,2.0685902,4.8147397,-0.52412236,-0.61208695,-0.04520403
1201.0,-7.66384,1.9871874,4.900931,-0.5375614,-0.61819565,-0.06963864
1210.0,-7.536947,1.8315643,5.2887917,-0.50946164,-0.63163465,-0.087964594
1218.0,-7.3190746,1.7118542,5.6910176,-0.453262,-0.6450737,-0.09407325
1230.0,-7.2687964,1.508347,5.8921304,-0.3652974,-0.64996064,-0.095294975
1238.0,-7.1945763,1.3479356,5.995081,-0.25289822,-0.6536258,-0.09773844
1249.0,-7.216124,1.4030021,5.93762,-0.14660765,-0.6621779,-0.10995574
1258.0,-7.2448545,1.3694834,5.78918,-0.07941248,-0.6609562,-0.118507855
1268.0,-7.3071036,1.3982137,5.5497594,-0.06841691,-0.6658431,-0.111177474
1284.0,-7.326257,1.4101849,5.29358,-0.11728613,-0.6621779,-0.10140363
1289.0,-7.2927384,1.496376,5.291186,-0.20647246,-0.6609562,-0.1001819
1298.0,-7.201759,1.4748282,5.391742,-0.3115413,-0.657291,-0.09896017
1308.0,-7.156269,1.4030021,5.535394,-0.39950588,-0.65240407,-0.089186326
1317.0,-7.005434,1.2354081,5.8634,-0.44593164,-0.6646214,-0.080634214
1328.0,-6.871359,1.103727,6.093243,-0.4288274,-0.675617,-0.07452556
1338.0,-6.7971387,0.9768343,6.136339,-0.3555236,-0.6951646,-0.07086037
1348.0,-6.799533,1.091756,6.339846,-0.26633725,-0.7122689,-0.06963864
1357.0,-6.8402343,1.0007763,6.2991447,-0.19058995,-0.7330383,-0.073303826
1367.0,-6.7731967,1.0989386,6.2249246,-0.15515977,-0.7476991,-0.06963864
1377.0,-6.754043,1.0821792,6.0381765,-0.17348573,-0.7476991,-0.05497787
1388.0,-6.8665705,1.1659763,5.9304376,-0.23090707,-0.7489208,-0.04153884
1397.0,-6.8905125,1.1779473,5.98311,-0.2968805,-0.75502944,-0.029321533
1408.0,-6.7348895,1.2018893,6.291962,-0.35185838,-0.75991637,-0.013439035
1416.0,-6.6534867,1.0247183,6.655881,-0.36285394,-0.7611381,-0.0012217305
1426.0,-6.4978633,0.94092125,6.8665705,-0.3005457,-0.7733554,-0.002443461
1436.0,-6.4619503,1.0462662,6.88333,-0.19303341,-0.79534656,-0.012217305
1446.0,-6.4068837,1.1994951,7.015011,-0.10629055,-0.81122905,-0.019547688
1456.0,-6.2847795,1.1540052,7.1059904,-0.062308256,-0.81489426,-0.02076942
1468.0,-6.244078,1.1923125,7.0461354,-0.058643065,-0.8014552,-0.018325957
1477.0,-6.2991447,1.2497733,7.0365586,-0.089186326,-0.79168135,-0.018325957
1488.0,-6.2392898,1.3383588,6.933608,-0.13316862,-0.7867944,-0.021991149
1496.0,-6.1866174,1.2880806,7.026982,-0.172264,-0.7770206,-0.02076942
1508.0,-6.126762,1.0582372,7.1155677,-0.20647246,-0.7684685,-0.014660766
1526.0,-6.0860605,1.0941502,7.2568254,-0.21502456,-0.7623598,-0.014660766
1539.0,-6.0501475,1.0510546,7.2951326,-0.18448131,-0.7696902,-0.02321288
1640.0,-5.973533,1.1324574,7.4124484,-0.13561209,-0.7770206,-0.029321533
1640.0,-5.872977,1.151611,7.651869,-0.09896017,-0.79168135,-0.028099801
1640.0,-5.6096144,0.94331545,7.9224133,-0.07452556,-0.784351,-0.02443461
1641.0,-5.410896,0.89064306,7.97748,-0.043982297,-0.7696902,-0.018325957
1641.0,-5.4803276,0.8690952,8.0445175,-0.013439035,-0.7476991,-0.015882496
1641.0,-5.547365,1.0630256,8.018182,0.012217305,-0.73548174,-0.02076942
1641.0,-5.595249,1.1540052,7.917625,0.018325957,-0.7134906,-0.02443461
1641.0,-5.521029,1.2354081,7.7931266,-0.004886922,-0.6951646,-0.018325957
1641.0,-5.554548,1.1252748,7.752425,-0.04886922,-0.6731735,-0.008552114
1641.0,-5.559336,1.0989386,7.714118,-0.09407325,-0.657291,-0.0036651916
1641.0,-5.475539,0.9648633,7.843405,-0.13316862,-0.64996064,-0.0061086523
1682.0,-5.3701944,1.0151415,7.9726915,-0.15271631,-0.65118235,-0.010995574
1682.0,-5.3127337,1.0702082,8.101978,-0.13805555,-0.64873886,-0.014660766
1682.0,-5.185841,1.0893618,8.094796,-0.09896017,-0.657291,-0.015882496
1682.0,-5.0493712,1.1252748,8.075643,-0.073303826,-0.64873886,-0.014660766
1722.0,-5.023035,1.0510546,8.149862,-0.06352998,-0.6414085,-0.009773844
1722.0,-4.9536033,0.93134445,8.090008,-0.062308256,-0.6267477,-0.0061086523
1722.0,-5.044583,0.8714894,7.9966335,-0.07086037,-0.6243043,-0.0036651916
1722.0,-4.9775453,1.0103531,7.920019,-0.0842994,-0.63041294,-0.002443461
1744.0,-4.903325,1.1731589,7.9248075,-0.09896017,-0.63407815,0.0036651916
1744.0,-4.8722005,1.163582,7.965509,-0.112399206,-0.63407815,0.017104227
1749.0,-4.795586,1.0175357,8.0924015,-0.13072516,-0.6218608,0.032986723
1758.0,-4.8219223,0.89064306,8.35337,-0.14660765,-0.61208695,0.036651913
1772.0,-4.817134,0.85473,8.544906,-0.13683382,-0.61575216,0.034208454
1777.0,-4.661511,0.90261406,8.429984,-0.095294975,-0.6206391,0.030543262
1791.0,-4.6255975,0.9552865,8.449138,-0.05009095,-0.6267477,0.03176499
1797.0,-4.620809,1.0390835,8.477868,-0.02443461,-0.6291912,0.029321533
1807.0,-4.5058875,1.1372458,8.406042,-0.02321288,-0.61941737,0.02687807
1818.0,-4.465186,1.0582372,8.336611,-0.039095376,-0.6072,0.02321288
1828.0,-4.4843397,0.8523358,8.355764,-0.06719518,-0.5925393,0.02321288
1837.0,-4.4795513,0.9696517,8.444349,-0.087964594,-0.58276546,0.02443461
1847.0,-4.5441947,1.0079589,8.616732,-0.089186326,-0.5742133,0.02565634
1857.0,-4.5178585,0.9624691,8.746018,-0.07574729,-0.56688297,0.02565634
1868.0,-4.381389,0.8810662,8.844181,-0.059864793,-0.5558874,0.02687807
1878.0,-4.331111,0.94331545,8.916007,-0.043982297,-0.54733527,0.02565634
1891.0,-4.283227,1.0486604,9.021352,-0.02687807,-0.5412266,0.015882496
1899.0,-4.2066126,0.94092125,9.040505,-0.008552114,-0.52412236,0.0061086523
1909.0,-4.211401,1.0390835,8.980651,-0.0061086523,-0.50335294,0.0061086523
1919.0,-4.1395745,1.067814,8.9279785,-0.019547688,-0.48502702,0.004886922
1929.0,-4.1611223,1.1420342,8.808268,-0.030543262,-0.46914452,-0.0012217305
1940.0,-4.120421,1.115698,8.825027,-0.05009095,-0.4569272,-0.007330383
1952.0,-4.0533834,1.1731589,8.789114,-0.07574729,-0.44226643,-0.0036651916
1959.0,-4.0294414,1.0055647,8.750807,-0.09773844,-0.43127087,0.004886922
1972.0,-4.0222588,0.8595184,8.825027,-0.096516706,-0.42638394,0.013439035
1985.0,-3.8666358,0.7254431,9.095572,-0.03176499,-0.42271876,0.019547688
2018.0,-3.7828386,0.6488287,9.085996,0.019547688,-0.4251622,0.02565634
2018.0,-3.7062242,0.61530983,9.021352,0.056199603,-0.42271876,0.035430185
2018.0,-3.7134068,0.79487497,8.947132,0.065973446,-0.42271876,0.04153884
2018.0,-3.7014358,0.8619126,8.78672,0.052534413,-0.42271876,0.04153884
2028.0,-3.7086184,1.0151415,8.6813755,0.019547688,-0.4166101,0.043982297
2039.0,-3.620033,1.0414777,8.544906,-0.036651913,-0.41416663,0.052534413
2049.0,-3.5817258,1.0462662,8.48984,-0.10140363,-0.4129449,0.065973446
2060.0,-3.4572272,0.91458505,8.523358,-0.15882497,-0.4166101,0.07696902
2074.0,-3.3734303,0.830788,8.578424,-0.20280726,-0.4251622,0.08674286
2078.0,-3.4452562,0.79487497,8.588001,-0.23701571,-0.43982297,0.095294975
2132.0,-3.4165258,0.92895025,8.6574335,-0.2602286,-0.45081854,0.09773844
2132.0,-3.406949,0.9576807,8.5473,-0.27488935,-0.47403142,0.09162979
2133.0,-3.2968156,0.9792285,8.619126,-0.28588495,-0.49113566,0.07696902
2133.0,-3.2321723,0.9744401,8.568848,-0.27855456,-0.50823987,0.058643065
2133.0,-3.1244333,0.90500826,8.554482,-0.26267207,-0.52656585,0.04642576
2138.0,-3.0334535,0.79966336,8.693346,-0.25289822,-0.5338962,0.04153884
2149.0,-2.9520507,0.7254431,8.781932,-0.23945917,-0.54000485,0.040317107
2158.0,-2.9855695,0.5793968,8.887277,-0.21380283,-0.5534439,0.035430185
2194.0,-2.846706,0.7015011,8.992621,-0.17592919,-0.5644395,0.030543262
2195.0,-2.7844565,0.6607997,9.272743,-0.14172074,-0.57910025,0.02565634
2195.0,-2.6767175,0.6919243,9.301474,-0.1160644,-0.58032197,0.021991149
2198.0,-2.6431987,0.6895301,9.277532,-0.105068825,-0.57543504,0.02076942
2209.0,-2.6767175,0.6392518,9.296685,-0.11728613,-0.5729916,0.018325957
2219.0,-2.6767175,0.5506664,9.40203,-0.12950343,-0.56321776,0.013439035
2228.0,-2.6192567,0.51954174,9.454702,-0.12583824,-0.5510005,0.009773844
2238.0,-2.645593,0.47884035,9.433155,-0.105068825,-0.5510005,0.013439035
2249.0,-2.6264393,0.5626374,9.560047,-0.07086037,-0.548557,0.02076942
2258.0,-2.60968,0.5267244,9.665392,-0.03176499,-0.5363397,0.028099801
2268.0,-2.5067291,0.49081135,9.718064,0.0,-0.5180137,0.036651913
2278.0,-2.5187001,0.49559975,9.854534,0.02565634,-0.49968776,0.04642576
2289.0,-2.4995465,0.51475334,9.787497,0.042760566,-0.48502702,0.057421334
2298.0,-2.5617957,0.5650316,9.85214,0.04153884,-0.46914452,0.06719518
2309.0,-2.4971523,0.60333884,9.765948,0.021991149,-0.453262,0.06841691
2318.0,-2.5091233,0.58418524,9.770737,-0.002443461,-0.43371433,0.062308256
2330.0,-2.4013844,0.59376204,9.7563715,-0.018325957,-0.41783184,0.061086524
2340.0,-2.4301147,0.5722142,9.878476,-0.019547688,-0.40683624,0.06963864
2348.0,-2.2505496,0.545878,9.792285,-0.002443461,-0.39828414,0.08307768
2359.0,-2.1763294,0.62249243,9.742006,0.019547688,-0.3933972,0.09162979
2370.0,-2.1547816,0.7015011,9.660604,0.036651913,-0.38606682,0.1001819
2379.0,-2.1547816,0.6751649,9.610326,0.040317107,-0.36896262,0.11362094
2391.0,-2.1859062,0.6847417,9.610326,0.032986723,-0.35430184,0.13194689
2401.0,-2.15957,0.7374141,9.679757,0.02687807,-0.34330627,0.14660765
2411.0,-2.1308396,0.79726917,9.691729,0.030543262,-0.33964106,0.15393804
2421.0,-2.0925324,0.82121116,9.574412,0.035430185,-0.33964106,0.15393804
2434.0,-2.042254,0.9576807,9.514558,0.032986723,-0.3371976,0.15027285
2439.0,-2.030283,0.9744401,9.600749,0.019547688,-0.32620203,0.14538592
2467.0,-1.8842367,0.8834604,9.557653,0.007330383,-0.31764993,0.14049901
2467.0,-1.7860745,0.6512229,9.552865,0.008552114,-0.3115413,0.13683382
2472.0,-1.8076223,0.7757214,9.610326,0.013439035,-0.29932398,0.13439035
2479.0,-1.7908629,1.0319009,9.672575,0.014660766,-0.30298916,0.11728613
2688.0,-1.8004397,1.2162545,9.605537,0.04642576,-0.30543262,0.087964594
2688.0,-1.7956513,1.1348516,9.49301,0.09407325,-0.31398472,0.07086037
2690.0,-1.673547,0.93852705,9.440337,0.09162979,-0.31764993,0.087964594
2690.0,-1.7405846,0.62009823,9.356541,0.030543262,-0.30787608,0.12950343
2690.0,-1.8411411,0.40701428,9.330204,-0.02565634,-0.30665436,0.16249016
2690.0,-1.7286136,0.7398083,9.662998,-0.080634214,-0.3408628,0.17104226
2690.0,-1.5298948,1.2258313,9.763555,-0.20769419,-0.3726278,0.16371189
2690.0,-1.2689269,1.4460979,9.904813,-0.3848451,-0.3652974,0.1563815
2690.0,-1.091756,1.1827357,10.127473,-0.52412236,-0.31031954,0.14782938
2690.0,-1.2114661,0.7062895,10.247183,-0.5693264,-0.23945917,0.12950343
2690.0,-1.4676456,0.33997664,10.2495775,-0.50579643,-0.18203785,0.10629055
2690.0,-1.5394717,0.24181437,10.187328,-0.35918877,-0.16126843,0.08552113
2690.0,-1.5514427,0.4189853,10.120291,-0.18325958,-0.16371189,0.07941248
2690.0,-1.8986019,-0.58418524,10.441113,-0.75747293,0.7110472,-0.4972443
2690.0,-1.412579,0.6512229,8.990228,0.009773844,-0.204029,0.09162979
2690.0,-1.283292,0.62967503,9.018958,-0.08552113,-0.21624629,0.09896017
2690.0,-1.2497733,0.60333884,9.155427,-0.1600467,-0.23945917,0.10873401
