37.0,0.18914193,-0.6727707,9.624691,0.1685988,0.119729586,-0.0720821
41.0,0.09816227,-1.5705963,9.7324295,-0.013439035,-0.2919936,-0.25045475
46.0,-0.076614454,-1.4101849,9.763555,-0.17470746,-0.37873647,-0.344528
74.0,-0.05267244,-0.93613285,9.758766,-0.10262536,0.41783184,-0.18081611
74.0,0.059855044,-0.5434838,9.7084875,-0.11484267,0.41538838,-0.23457226
87.0,0.08619126,-0.61291564,9.569624,-0.103847094,0.22479841,-0.12095132
87.0,0.06943185,-0.8882488,9.502586,-0.087964594,0.05497787,-0.02443461
95.0,-0.019153614,-1.043872,9.428367,-0.08674286,0.059864793,-0.081855945
106.0,-0.06703765,-0.8690952,9.337387,-0.09040806,0.062308256,-0.25534168
115.0,-0.088585466,-0.7493851,9.437943,-0.087964594,0.056199603,-0.36774087
126.0,-0.093373865,-0.78290397,9.461885,-0.081855945,0.039095376,-0.35185838
135.0,-0.06703765,-0.82360536,9.528923,-0.07574729,0.02687807,-0.27977628
147.0,-0.12449849,-0.91219085,9.562442,-0.06841691,0.02076942,-0.24801129
157.0,-0.2633622,-1.0007763,9.545682,-0.064751714,0.015882496,-0.2773328
166.0,-0.29927522,-1.0630256,9.423578,-0.073303826,0.015882496,-0.31642818
175.0,-0.35673606,-1.1133038,9.433155,-0.09162979,0.012217305,-0.32742378
187.0,-0.4141969,-1.1420342,9.49301,-0.10751228,0.0036651916,-0.31520647
196.0,-0.3878607,-1.163582,9.490616,-0.12217305,-0.0036651916,-0.31031954
207.0,-0.4141969,-1.2282255,9.52174,-0.13683382,-0.004886922,-0.32253686
216.0,-0.4429273,-1.2497733,9.631873,-0.13683382,0.0012217305,-0.34330627
226.0,-0.51475334,-1.1923125,9.751583,-0.119729586,0.010995574,-0.35796702
236.0,-0.6607997,-1.1540052,9.77792,-0.09040806,0.017104227,-0.36041048
249.0,-0.8475474,-1.1444284,9.940725,-0.061086524,0.021991149,-0.35063666
258.0,-0.94570965,-1.1348516,9.931149,-0.047647487,0.03176499,-0.3371976
267.0,-0.9552865,-1.127669,9.995792,-0.04886922,0.04642576,-0.32375857
276.0,-1.0654198,-1.1180922,10.125079,-0.058643065,0.058643065,-0.31764993
287.0,-1.0007763,-1.1061212,10.371682,-0.0720821,0.07941248,-0.31642818
296.0,-1.1204864,-1.0773908,10.512939,-0.08307768,0.10995574,-0.3200934
309.0,-1.1659763,-1.0127473,10.800244,-0.09040806,0.15515977,-0.32742378
316.0,-1.2641385,-1.1923125,10.948685,-0.08552113,0.21135938,-0.33475417
326.0,-1.364695,-1.5873557,11.039664,-0.062308256,0.2687807,-0.34208453
336.0,-1.4987702,-1.8243817,11.264719,-0.028099801,0.33353242,-0.35063666
348.0,-1.6280571,-2.066196,11.245565,0.008552114,0.41783184,-0.35796702
356.0,-1.7860745,-2.135628,11.611878,0.043982297,0.50335294,-0.3555236
368.0,-1.8579005,-2.0614076,11.880029,0.073303826,0.59131753,-0.344528
376.0,-1.9560628,-1.8746599,12.150574,0.09285152,0.6951646,-0.3200934
387.0,-2.0159178,-1.8435353,12.409147,0.089186326,0.81000733,-0.27366763
396.0,-2.1380222,-2.0231004,12.349293,0.06352998,0.93462384,-0.20647246
406.0,-2.44448,-1.9632454,12.028469,0.012217305,1.0555751,-0.13561209
417.0,-2.6527755,-2.1021092,11.722012,-0.09773844,1.1691961,-0.0842994
428.0,-2.8419175,-2.4133554,11.484985,-0.24801129,1.3011429,-0.057421334
437.0,-3.0262709,-2.8754363,11.60709,-0.37873647,1.4709635,-0.030543262
448.0,-3.229778,-3.2513258,11.638214,-0.47403142,1.6114625,0.039095376
457.0,-3.5984852,-3.1866825,11.623849,-0.52412236,1.704314,0.13561209
467.0,-3.7493198,-2.896984,11.587936,-0.5571091,1.7641789,0.23579398
476.0,-3.70383,-2.6671407,11.382035,-0.5448918,1.8228219,0.32742378
488.0,-3.6894648,-2.7700913,11.152191,-0.45937067,1.8851302,0.4288274
497.0,-3.7493198,-3.110068,10.726024,-0.35796702,1.9376645,0.54244834
507.0,-3.8235402,-3.157952,10.113108,-0.2846632,1.9730947,0.64996064
517.0,-3.9312792,-3.1771057,9.866506,-0.23823744,1.9938642,0.74281216
527.0,-4.1276035,-3.0909145,9.725247,-0.1881465,2.01219,0.8222246
537.0,-4.2281604,-2.9903579,9.512163,-0.13439035,2.0109684,0.9053023
549.0,-4.27365,-2.908955,9.43076,-0.05375614,2.0060816,1.1227703
556.0,-4.1156325,-2.695871,9.241618,-0.05375614,2.0060816,1.1227703
567.0,-4.096479,-2.7389667,8.947132,-0.013439035,1.9877555,1.2327261
579.0,-4.0892963,-2.7820623,8.628703,0.028099801,1.9657644,1.3316863
591.0,-4.295198,-2.7126305,8.379706,0.057421334,1.9364429,1.4269812
602.0,-4.450821,-2.681506,8.197746,0.07941248,1.8961257,1.5112807
610.0,-4.537012,-2.5498247,7.9870567,0.105068825,1.8423696,1.5735888
619.0,-4.5896845,-2.4061728,7.9822683,0.14538592,1.78617,1.6187929
628.0,-4.656722,-2.2050598,7.843405,0.2761111,1.6639969,1.6982054
640.0,-4.6160207,-1.6903064,7.6231384,0.28344148,1.6114625,1.7470746
649.0,-4.6495395,-1.6112977,7.501034,0.25411993,1.5809193,1.7800614
659.0,-4.6351743,-1.4628572,7.417237,0.24678956,1.5442673,1.78617
671.0,-4.6662993,-1.2378023,7.180211,0.267559,1.4905112,1.772731
677.0,-4.7548847,-0.9528923,7.0485296,0.28588495,1.4343116,1.7617353
689.0,-4.7070007,-0.7015011,6.9838862,0.27855456,1.382999,1.7629571
697.0,-4.673482,-0.49559975,6.8905125,0.267559,1.3365731,1.7605137
708.0,-4.8027687,-0.23223756,6.895301,0.2602286,1.2864822,1.740966
717.0,-4.879383,-0.11252748,6.801927,0.24801129,1.237613,1.7116444
728.0,-4.8937483,-0.11731588,6.787562,0.2406809,1.2021828,1.6859881
737.0,-4.9224787,0.016759412,6.847417,0.24801129,1.1606439,1.6688838
749.0,-5.0158525,0.10534488,6.739678,0.27366763,1.1154399,1.6468927
756.0,-5.0158525,0.25378537,6.5241995,0.30176744,1.0567969,1.6151277
768.0,-5.011064,0.5482722,6.3925185,0.30176744,1.0005972,1.5760323
778.0,-5.0278234,0.78290397,6.43322,0.27122417,0.95539325,1.536937
789.0,-4.9176903,0.8403648,6.4020953,0.22479841,0.91751957,1.5015068
798.0,-4.996699,0.90261406,6.459556,0.17715092,0.88208944,1.4697418
809.0,-4.936844,0.91219085,6.3350577,0.13805555,0.8454375,1.4404203
819.0,-4.9799395,1.0127473,6.3302693,0.12705997,0.8014552,1.4049901
829.0,-5.133168,1.2282255,6.203377,0.13927728,0.7440339,1.3695599
839.0,-5.1523223,1.292869,6.045359,0.14782938,0.68294734,1.3377949
852.0,-5.2049947,1.4317327,5.985504,0.12950343,0.63407815,1.3084733
860.0,-5.159505,1.472434,6.0381765,0.105068825,0.5900958,1.2767084
871.0,-5.1235914,1.5227122,5.9759274,0.095294975,0.54611355,1.2388347
881.0,-4.9775453,1.5610195,6.1387334,0.10262536,0.49480084,1.2009611
891.0,-4.9176903,1.5921441,6.155493,0.12217305,0.4569272,1.1691961
900.0,-5.195418,1.8052281,6.1626754,0.14049901,0.4288274,1.1398746
911.0,-5.3678,1.9512744,6.066907,0.1441642,0.40561453,1.1093313
919.0,-5.554548,2.0494366,5.959168,0.13439035,0.38240165,1.0812315
930.0,-5.710171,2.1332338,5.805939,0.09773844,0.3567453,1.0543534
940.0,-5.722142,2.2242134,5.781997,0.036651913,0.3359759,1.0250319
951.0,-5.779603,2.2290018,5.7724204,-0.02565634,0.31520647,0.9896017
959.0,-5.8083334,2.291251,5.8681884,-0.06841691,0.29443705,0.9456194
971.0,-5.815516,2.3774424,5.947197,-0.07941248,0.2687807,0.90041536
980.0,-5.717354,2.4157495,6.0046577,-0.06352998,0.23457226,0.86132
990.0,-5.662287,2.4301147,5.9663506,-0.04153884,0.204029,0.829555
999.0,-5.6886234,2.6479871,5.935226,-0.032986723,0.18692477,0.8014552
1010.0,-5.853823,2.7341783,5.971139,-0.028099801,0.172264,0.77213365
1019.0,-5.9424086,2.932897,5.872977,-0.021991149,0.15149458,0.74281216
1031.0,-6.054936,3.0789435,5.853823,-0.021991149,0.13439035,0.7122689
1041.0,-6.1219735,3.1435869,5.851429,-0.029321533,0.11728613,0.6805039
1052.0,-6.126762,3.2800562,5.889736,-0.037873644,0.09773844,0.6450737
1084.0,-5.98311,3.301604,5.827487,-0.047647487,0.08552113,0.60231316
1084.0,-5.93762,3.3734303,5.923255,-0.05497787,0.07086037,0.5510005
1084.0,-5.971139,3.4213142,6.033388,-0.047647487,0.057421334,0.49480084
1088.0,-5.841852,1.4987702,6.9503675,0.002443461,0.05375614,0.44593164
1096.0,-5.415684,-2.765303,7.726089,0.4373795,0.10262536,0.47769663
1107.0,-6.6271505,1.1923125,6.5744777,1.4770721,0.05131268,0.60231316
1117.0,-7.201759,7.1586633,5.729325,2.1636846,-0.30787608,0.71959925
1128.0,-5.8107276,6.1004257,5.662287,2.080607,-0.47891834,0.66950834
1138.0,-5.2959743,4.235343,5.973533,1.6285667,-0.1600467,0.4092797
1151.0,-6.0884547,5.185841,5.777209,1.1606439,0.08552113,0.20647246
1158.0,-6.619968,5.7005944,5.374983,0.7330383,0.10873401,0.2565634
1168.0,-6.5146227,4.9200845,5.29358,0.30298916,0.13439035,0.28955013
1179.0,-6.4164605,4.805163,5.269638,-0.111177474,0.19425514,0.15882497
1188.0,-6.4140663,4.771644,5.243302,-0.45204028,0.20525073,0.052534413
1198.0,-6.3685765,4.4364557,5.2648497,-0.6927212,0.20647246,0.029321533
1210.0,-6.5984197,4.414908,5.21936,-0.8564331,0.20769419,-0.017104227
1220.0,-6.4763155,4.4364557,5.671864,-1.0079277,0.18692477,-0.10140363
1231.0,-6.169858,4.19943,5.8322754,-1.073901,0.14049901,-0.17470746
1240.0,-5.9519854,3.9624038,5.9926867,-1.0152581,0.08307768,-0.22602014
1251.0,-5.8634,3.952827,6.0740895,-0.893085,0.04520403,-0.23090707
1260.0,-5.9998693,4.098873,5.997475,-0.75991637,0.02076942,-0.21380283
1271.0,-6.021417,4.144363,5.959168,-0.6963864,0.007330383,-0.15760323
1279.0,-6.0501475,3.8881836,5.9567738,-0.6731735,-0.002443461,-0.08552113
1290.0,-5.9639564,3.5865142,6.0022635,-0.6084218,-0.02443461,-0.043982297
1299.0,-6.007052,3.5577838,6.0501475,-0.50579643,-0.056199603,-0.03176499
1310.0,-5.777209,3.4835634,6.229713,-0.3885103,-0.10140363,-0.035430185
1319.0,-5.6886234,3.1771057,6.3230867,-0.2406809,-0.13805555,-0.096516706
1330.0,-5.6527104,3.1364043,6.2129536,0.0036651916,-0.19181168,-0.3005457
1338.0,-5.971139,3.3039982,6.2847795,0.080634214,-0.21868975,-0.5009095
1349.0,-6.126762,3.4404678,6.315904,0.06963864,-0.2003638,-0.643852
1357.0,-6.3661823,3.2321723,6.351817,0.062308256,-0.18448131,-0.70616025
1368.0,-6.5840545,3.0693667,6.3326635,0.06719518,-0.18325958,-0.675617
1377.0,-6.528988,2.9233203,6.375759,0.07819075,-0.18692477,-0.59498274
1388.0,-6.4499793,2.9257145,6.3206925,0.08674286,-0.2003638,-0.51068336
1396.0,-6.325481,3.0238767,6.301539,0.103847094,-0.21380283,-0.4972443
1406.0,-6.339846,3.2225955,6.2392898,0.09407325,-0.20769419,-0.54733527
1416.0,-6.277597,3.098097,6.1938,0.047647487,-0.19181168,-0.5888741
1426.0,-6.229713,3.0214825,6.2464724,-0.004886922,-0.16982053,-0.59498274
1436.0,-6.215348,2.813187,6.3230867,-0.02565634,-0.16371189,-0.59498274
1448.0,-6.277597,2.743755,6.3422403,-0.014660766,-0.1685988,-0.61575216
1459.0,-6.2871737,2.7748797,6.265626,0.013439035,-0.17348573,-0.6462954
1467.0,-6.325481,2.8491,6.2105594,0.04520403,-0.18081611,-0.6743952
1476.0,-6.2847795,2.8754363,6.215348,0.07452556,-0.1881465,-0.6963864
1486.0,-6.2632318,2.801216,6.291962,0.09040806,-0.19181168,-0.71593404
1499.0,-6.2632318,2.6862943,6.2249246,0.09407325,-0.19547687,-0.7367035
1511.0,-6.3805475,2.657564,6.2225304,0.095294975,-0.19547687,-0.75869465
1519.0,-6.4140663,2.516306,6.181829,0.09896017,-0.1881465,-0.7831292
1529.0,-6.483498,2.4349031,6.2512608,0.10629055,-0.18692477,-0.80878556
1539.0,-6.3709707,2.4779987,6.31351,0.10873401,-0.19425514,-0.83199847
1551.0,-6.4499793,2.348712,6.385336,0.095294975,-0.20525073,-0.86620694
1559.0,-6.4499793,2.303222,6.3470287,0.081855945,-0.19914207,-0.87964594
1571.0,-6.5505357,2.147599,6.385336,0.07941248,-0.1966986,-0.89675015
1580.0,-6.4906807,2.1164744,6.3661823,0.09162979,-0.2003638,-0.9114109
1591.0,-6.519411,1.9608512,6.3446345,0.11728613,-0.20525073,-0.9236283
1599.0,-6.5744777,1.910573,6.351817,0.14538592,-0.20769419,-0.9309586
1611.0,-6.7109475,1.9009962,6.38773,0.16615535,-0.21502456,-0.93584555
1620.0,-6.7612257,1.8938135,6.411672,0.17348573,-0.22357668,-0.9407325
1632.0,-6.7731967,1.8076223,6.5002575,0.17470746,-0.22968534,-0.9443977
1639.0,-6.6893997,1.541866,6.519411,0.18448131,-0.24190263,-0.9431759
1652.0,-6.631939,1.4389153,6.5601125,0.19547687,-0.25534168,-0.93951076
1660.0,-6.619968,1.3982137,6.655881,0.19547687,-0.26145032,-0.9370673
1671.0,-6.7085533,1.3383588,6.576872,0.18325958,-0.2687807,-0.9419542
1679.0,-6.7731967,1.412579,6.579266,0.16371189,-0.2687807,-0.94806284
1692.0,-6.7803793,1.340753,6.567295,0.14782938,-0.26511553,-0.9468411
1701.0,-6.7109475,1.1994951,6.4619503,0.13561209,-0.267559,-0.93218035
1711.0,-6.7348895,1.0869676,6.4260373,0.119729586,-0.267559,-0.9114109
1721.0,-6.7253127,0.9768343,6.4978633,0.10995574,-0.27122417,-0.8918633
1731.0,-6.7253127,0.91697925,6.4739213,0.119729586,-0.28344148,-0.874759
1739.0,-6.766014,0.82599956,6.519411,0.13927728,-0.2968805,-0.86009824
1751.0,-6.742072,0.7685388,6.445191,0.16249016,-0.31031954,-0.8503244
1759.0,-6.775591,0.82360536,6.519411,0.18570304,-0.33475417,-0.84665924
1769.0,-6.813898,0.8283938,6.435614,0.20280726,-0.3481932,-0.8527679
1779.0,-6.825869,0.8283938,6.55293,0.20525073,-0.3567453,-0.8576548
1790.0,-6.6654577,0.60573304,6.682217,0.18936823,-0.3652974,-0.8564331
1799.0,-6.6175733,0.521936,6.6893997,0.16737708,-0.36285394,-0.8527679
1810.0,-6.5840545,0.4429273,6.7971387,0.14905111,-0.3567453,-0.84665924
1821.0,-6.6391215,0.45968673,6.8067155,0.13561209,-0.35308012,-0.8344419
1831.0,-6.55293,0.30166942,6.8785415,0.12461651,-0.34574974,-0.816116
1840.0,-6.5385647,0.21308395,6.7492547,0.1160644,-0.3408628,-0.79779
1852.0,-6.55293,0.18195933,6.8067155,0.11484267,-0.3408628,-0.7855727
1860.0,-6.567295,0.1316811,6.83784,0.12217305,-0.3359759,-0.77946407
1872.0,-6.576872,0.15562311,6.921637,0.13439035,-0.33108896,-0.7770206
1880.0,-6.5241995,0.20111294,6.993463,0.14049901,-0.33353242,-0.7733554
1890.0,-6.5241995,0.2777274,7.074866,0.13927728,-0.32742378,-0.7696902
1901.0,-6.555324,0.110133275,7.103596,0.13072516,-0.31398472,-0.766025
1911.0,-6.519411,0.10055647,7.1730285,0.118507855,-0.30298916,-0.75747293
1919.0,-6.4499793,-0.031124622,7.1706343,0.10629055,-0.2919936,-0.7476991
1931.0,-6.4380083,-0.1316811,7.204153,0.10140363,-0.2846632,-0.73914695
1940.0,-6.4020953,-0.17238252,7.2209125,0.10262536,-0.2761111,-0.7330383
1952.0,-6.301539,-0.1604115,7.225701,0.09773844,-0.2687807,-0.72326446
1959.0,-6.2704144,-0.15322891,7.2592196,0.07941248,-0.25778514,-0.7122689
1969.0,-6.2488666,-0.23942018,7.3765354,0.061086524,-0.24190263,-0.70005155
1979.0,-6.2368956,-0.29448682,7.4387846,0.042760566,-0.22357668,-0.6914995
1990.0,-6.291962,-0.20111294,7.405266,0.036651913,-0.21135938,-0.68661255
1998.0,-6.349423,-0.29209262,7.359776,0.043982297,-0.20280726,-0.68294734
2008.0,-6.215348,-0.3184288,7.3406224,0.04886922,-0.19425514,-0.6768387
2018.0,-6.145916,-0.39743748,7.347805,0.042760566,-0.18570304,-0.66828656
2028.0,-6.160281,-0.46447513,7.2711906,0.034208454,-0.17470746,-0.6621779
2038.0,-6.2105594,-0.45489833,7.261614,0.02687807,-0.16371189,-0.6585127
2048.0,-6.169858,-0.4357447,7.2951326,0.019547688,-0.17104226,-0.657291
2063.0,-6.066907,-0.33039984,7.180211,0.0061086523,-0.16493362,-0.6536258
2067.0,-6.0046577,-0.47405192,7.2424603,-0.0061086523,-0.15882497,-0.65118235
2076.0,-6.030994,-0.5267244,7.290344,-0.021991149,-0.14782938,-0.6426302
2086.0,-6.0525417,-0.59855044,7.3047094,-0.034208454,-0.13561209,-0.63407815
2096.0,-6.0357823,-0.6368576,7.3909006,-0.034208454,-0.13194689,-0.62796944
2108.0,-6.136339,-0.7182605,7.314286,-0.02687807,-0.13194689,-0.6243043
2116.0,-6.126762,-0.6488287,7.326257,-0.015882496,-0.13194689,-0.6218608
2127.0,-6.0764837,-0.62009823,7.28795,0.0,-0.13805555,-0.6243043
2136.0,-6.045359,-0.6392518,7.2089415,0.013439035,-0.14294247,-0.62796944
2147.0,-6.0118403,-0.6464345,7.16824,0.012217305,-0.14294247,-0.62796944
2156.0,-5.971139,-0.62728083,7.156269,0.004886922,-0.14782938,-0.625526
2167.0,-5.90889,-0.6488287,7.1634517,0.0012217305,-0.15393804,-0.6267477
2176.0,-5.7508726,-0.63206923,7.1969705,0.002443461,-0.16493362,-0.63041294
2186.0,-5.6910176,-0.7158663,7.33344,-0.007330383,-0.17592919,-0.63041294
2196.0,-5.6407394,-0.6991069,7.2951326,-0.02321288,-0.1600467,-0.63163465
2206.0,-5.741296,-0.90500826,7.299921,-0.034208454,-0.15760323,-0.6414085
2216.0,-5.765238,-1.0247183,7.261614,-0.052534413,-0.15271631,-0.6560693
2228.0,-5.7029886,-1.30484,7.275979,-0.07086037,-0.15882497,-0.66339964
2236.0,-5.755661,-1.3455414,7.189788,-0.087964594,-0.172264,-0.6597345
2247.0,-5.729325,-1.3311762,7.225701,-0.10751228,-0.18936823,-0.65118235
2256.0,-5.729325,-1.3120226,7.2448545,-0.1282817,-0.204029,-0.6414085
2267.0,-5.6646814,-1.3024458,7.2352777,-0.14294247,-0.2284636,-0.625526
2276.0,-5.6335564,-1.4053963,7.2568254,-0.15515977,-0.25289822,-0.6072
2288.0,-5.6335564,-1.5107412,7.2951326,-0.16249016,-0.27122417,-0.5864306
2297.0,-5.556942,-1.5346833,7.441179,-0.14905111,-0.2761111,-0.57543504
2307.0,-5.5282116,-1.4748282,7.457938,-0.103847094,-0.2846632,-0.5766568
2318.0,-5.521029,-1.4915876,7.4244194,-0.052534413,-0.30665436,-0.57910025
2328.0,-5.475539,-1.4820108,7.465121,-0.028099801,-0.31642818,-0.5717699
2339.0,-5.363012,-1.508347,7.5106106,-0.02565634,-0.31887165,-0.5656612
2351.0,-5.389348,-1.5514427,7.620744,-0.02687807,-0.32498032,-0.5864306
2358.0,-5.377377,-1.5969325,7.7069354,-0.02687807,-0.32498032,-0.5864306
2368.0,-5.3678,-1.5873557,7.687782,-0.036651913,-0.3286455,-0.59498274
2379.0,-5.3821654,-1.6376339,7.6853876,-0.04642576,-0.32498032,-0.59498274
2389.0,-5.437232,-1.5825673,7.716512,-0.047647487,-0.32620203,-0.593761
2399.0,-5.497087,-1.5610195,7.764396,-0.042760566,-0.3323107,-0.59131753
2411.0,-5.365406,-1.6400281,7.797915,-0.04153884,-0.3371976,-0.5839872
2420.0,-5.3127337,-1.7812861,7.7691846,-0.034208454,-0.3371976,-0.5681047
2430.0,-5.374983,-1.9847932,7.881712,-0.008552114,-0.32742378,-0.54611355
2439.0,-5.317522,-1.8770541,7.9224133,0.018325957,-0.33353242,-0.5522222
2452.0,-5.2504845,-1.8459295,8.034941,0.039095376,-0.34208453,-0.5571091
2460.0,-5.1523223,-1.6496049,8.075643,0.04642576,-0.33841935,-0.5571091
2472.0,-5.118803,-1.6089035,8.037335,0.04642576,-0.32498032,-0.5534439
2480.0,-5.0613422,-1.745373,8.0445175,0.036651913,-0.30909783,-0.5546656
2491.0,-5.092467,-1.7836803,8.015787,0.017104227,-0.2846632,-0.56199604
2502.0,-5.130774,-1.9416976,7.9583263,-0.004886922,-0.27000242,-0.5693264
2512.0,-5.056554,-1.9608512,7.9607205,-0.02687807,-0.26145032,-0.5815437
