35.0,1.2258313,-0.80924016,9.775525,0.103847094,-0.48747048,-0.6914995
49.0,1.1851299,-0.6823475,9.694122,0.14905111,0.12217305,-0.07574729
49.0,1.0199299,-0.6919243,9.744401,0.0036651916,-0.25900686,-0.2724459
57.0,0.89782566,-0.81642276,9.864111,-0.09896017,-0.40561453,-0.31642818
67.0,0.90979666,-0.866701,9.801862,0.007330383,0.37751472,0.04520403
76.0,0.9911995,-0.8690952,9.7803135,0.0,0.38606682,0.057421334
87.0,1.0749966,-0.8762778,9.8042555,0.002443461,0.19792034,-0.014660766
96.0,1.0893618,-0.7565677,9.720459,0.007330383,0.034208454,-0.09896017
108.0,1.1109096,-0.8403648,9.763555,0.0012217305,0.042760566,-0.12095132
116.0,1.0845734,-0.80205756,9.818622,-0.015882496,0.057421334,-0.13316862
128.0,1.1085154,-0.93613285,9.792285,-0.030543262,0.07086037,-0.13805555
136.0,1.091756,-0.91697925,9.768343,-0.037873644,0.07941248,-0.14294247
147.0,1.0654198,-0.91219085,9.785102,-0.04153884,0.08674286,-0.15027285
158.0,1.0510546,-0.90979666,9.854534,-0.04642576,0.095294975,-0.15760323
166.0,0.9792285,-0.9576807,9.840169,-0.052534413,0.10751228,-0.16493362
176.0,0.92655605,-1.0031705,9.844957,-0.056199603,0.1160644,-0.16982053
189.0,0.8619126,-1.0127473,9.876082,-0.057421334,0.12461651,-0.17348573
196.0,0.8643068,-1.0031705,9.945514,-0.057421334,0.12950343,-0.17348573
208.0,0.8858546,-0.9816227,10.007763,-0.057421334,0.13561209,-0.172264
216.0,0.8834604,-0.9744401,9.976639,-0.059864793,0.14294247,-0.172264
226.0,0.8283938,-0.8690952,9.967062,-0.07086037,0.1563815,-0.17470746
236.0,0.81163436,-0.8834604,9.995792,-0.09407325,0.17592919,-0.17959438
248.0,0.6560113,-0.91219085,10.120291,-0.13072516,0.20280726,-0.1881465
258.0,0.61770403,-1.0127473,10.244789,-0.17348573,0.23335053,-0.19547687
266.0,0.5363012,-1.3096284,10.292673,-0.20525073,0.26267207,-0.19914207
277.0,0.4237737,-1.388637,10.364499,-0.21380283,0.2932153,-0.19547687
288.0,0.39264908,-1.4820108,10.491392,-0.19547687,0.32253686,-0.18936823
297.0,0.3184288,-1.3982137,10.5919485,-0.16493362,0.35430184,-0.17592919
308.0,0.2873042,-1.3000516,10.7356,-0.14049901,0.38973203,-0.15882497
316.0,0.1604115,-1.3838485,10.773908,-0.14294247,0.4288274,-0.13805555
326.0,-0.0023942017,-1.484405,10.817003,-0.19058995,0.4801401,-0.11484267
337.0,-0.15801731,-1.5107412,10.8624935,-0.25900686,0.5510005,-0.1001819
347.0,-0.31124622,-1.7741034,10.864887,-0.3115413,0.625526,-0.09407325
356.0,-0.35673606,-1.8028339,10.793061,-0.35430184,0.6817256,-0.080634214
368.0,-0.51235914,-2.0805612,10.800244,-0.39950588,0.7415904,-0.061086524
377.0,-0.51954174,-2.1763294,10.766725,-0.44348818,0.8002335,-0.034208454
388.0,-0.6679823,-2.1811178,10.848128,-0.5290093,0.92485,0.03176499
397.0,-0.7517793,-2.2577322,10.759542,-0.5290093,0.92485,0.03176499
407.0,-0.8762778,-2.4229321,10.905589,-0.57787853,0.98837996,0.080634214
416.0,-1.0031705,-2.6264393,11.118672,-0.6768387,1.1520919,0.19303341
428.0,-1.2665327,-2.7269957,10.99178,-0.69027776,1.2253957,0.24556783
437.0,-1.3790601,-2.9257145,10.809821,-0.6988298,1.2779301,0.2968805
447.0,-1.4413095,-3.0023289,10.630256,-0.7476991,1.3267993,0.344528
457.0,-1.4556746,-3.2225955,10.496181,-0.8381071,1.396438,0.38973203
467.0,-1.5777789,-3.3566709,10.522516,-0.9334021,1.4672983,0.43982297
477.0,-1.7812861,-3.4859576,10.462662,-1.0005972,1.5283848,0.4972443
489.0,-2.0853498,-3.6056678,10.323798,-1.028697,1.5784758,0.5644395
497.0,-2.3223755,-3.809175,10.144233,-1.0494665,1.6151277,0.6414085
507.0,-2.4827871,-4.307169,9.952697,-1.0506883,1.6395624,0.7293731
517.0,-2.5450363,-4.5753193,9.842564,-1.0225884,1.6554449,0.8197812
527.0,-2.6312277,-4.735731,9.809045,-0.94806284,1.672549,0.89919364
537.0,-2.7605145,-4.618415,9.703699,-0.8258898,1.6786577,0.9651671
548.0,-2.9137435,-4.3981485,9.512163,-0.7049385,1.6701056,1.0177015
557.0,-2.8538885,-4.261679,9.457097,-0.63041294,1.65911,1.0665708
567.0,-2.885013,-4.2281604,9.552865,-0.59986967,1.6701056,1.1252137
577.0,-2.6982653,-4.144363,9.344569,-0.5839872,1.6847663,1.1985176
591.0,-2.6982653,-4.1491513,9.095572,-0.6072,1.6847663,1.2803736
600.0,-2.8299465,-4.1683054,8.822633,-0.6621779,1.6945401,1.359786
612.0,-3.0550013,-4.132392,8.559271,-0.6817256,1.7153096,1.4135422
619.0,-3.2321723,-3.9959226,8.331821,-0.64751714,1.6920967,1.4477507
629.0,-3.3279405,-3.940856,8.298303,-0.6010914,1.6566665,1.486846
640.0,-3.4332852,-3.6774938,8.257602,-0.535118,1.6468927,1.5406022
651.0,-3.5098996,-3.4739866,8.408437,-0.4288274,1.6261233,1.5906931
660.0,-3.5625722,-3.2728736,8.295909,-0.2919936,1.5858061,1.6175711
670.0,-3.5075054,-3.052607,8.207323,-0.17837265,1.5418239,1.6297885
679.0,-3.4835634,-2.779668,8.003817,-0.1282817,1.5015068,1.6505579
692.0,-3.5817258,-2.669535,7.735666,-0.1160644,1.4709635,1.672549
701.0,-3.763685,-2.3630772,7.5800424,-0.12217305,1.4391985,1.677436
709.0,-4.0318356,-2.243367,7.433996,-0.10873401,1.3903292,1.6639969
720.0,-4.3119574,-2.207454,7.3645644,-0.07696902,1.3316863,1.6578883
731.0,-4.357447,-2.0590134,7.48188,-0.030543262,1.2754866,1.6737708
738.0,-4.307169,-1.9919758,7.465121,0.04886922,1.2070698,1.6969837
749.0,-4.249708,-1.7788919,7.381324,0.15882497,1.1276573,1.7079792
760.0,-4.2521024,-1.4891934,7.285556,0.25900686,1.0580186,1.7006488
770.0,-4.331111,-1.3144168,7.21373,0.3200934,1.0005972,1.6847663
780.0,-4.51307,-1.2689269,7.201759,0.3408628,0.956615,1.6701056
793.0,-4.7668557,-1.1444284,7.1251445,0.34697145,0.91874135,1.6554449
798.0,-4.8698063,-1.0223241,6.8091097,0.3567453,0.86742866,1.6297885
809.0,-4.987122,-0.8714894,6.6056023,0.36163223,0.8051204,1.6053538
821.0,-5.1140146,-0.6464345,6.4619503,0.344528,0.75991637,1.5845845
828.0,-5.171476,-0.50517654,6.409278,0.312763,0.71837753,1.5589281
838.0,-5.3366756,-0.32800564,6.2488666,0.26389378,0.675617,1.5210545
850.0,-5.5617304,-0.23223756,6.1890116,0.19058995,0.64751714,1.4697418
859.0,-5.7269306,-0.18914193,6.277597,0.10873401,0.6218608,1.4049901
870.0,-5.7748146,-0.17238252,6.375759,0.034208454,0.59864795,1.3439035
879.0,-5.6335564,-0.36152446,6.469133,-0.019547688,0.5656612,1.2913691
892.0,-5.5282116,-0.47644615,6.3805475,-0.05009095,0.5363397,1.2425
901.0,-5.6431336,-0.5267244,6.155493,-0.057421334,0.5155703,1.1838568
910.0,-5.9424086,-0.4309563,5.8681884,-0.064751714,0.50335294,1.1142182
920.0,-6.373365,-0.34955344,5.7125654,-0.09773844,0.49968776,1.0494665
932.0,-6.7851677,-0.23223756,5.7245364,-0.17837265,0.5180137,1.0030408
939.0,-6.979098,-0.24420857,5.911284,-0.2773328,0.5216789,0.97005403
951.0,-6.9479733,-0.2825158,6.1866174,-0.38240165,0.52290064,0.95294976
960.0,-6.622362,-0.32800564,6.4260373,-0.45937067,0.5216789,0.94806284
972.0,-6.409278,-0.4213795,6.5241995,-0.46914452,0.51068336,0.9468411
981.0,-6.1770406,-0.5291186,6.6893997,-0.43371433,0.4972443,0.9505063
991.0,-6.179435,-0.56982,6.667852,-0.37140608,0.49968776,0.9651671
1001.0,-6.3446345,-0.5482722,6.5385647,-0.2761111,0.50701815,0.9896017
1012.0,-6.4619503,-0.29927522,6.6103907,-0.1600467,0.4886922,1.0152581
1021.0,-6.373365,-0.047884032,6.5002575,-0.04886922,0.453262,1.0360274
1031.0,-6.1985884,0.18914193,6.351817,0.03176499,0.40683624,1.0531317
1040.0,-6.1938,0.49559975,6.3326635,0.06352998,0.37995818,1.0629056
1052.0,-6.2249246,0.6943185,6.325481,0.057421334,0.3652974,1.0567969
1081.0,-6.2632318,0.89303726,6.337452,0.02687807,0.35185838,1.0494665
1081.0,-6.3566055,0.93852705,6.4068837,-0.02321288,0.3371976,1.0482447
1081.0,-6.253655,0.94092125,6.517017,-0.059864793,0.3200934,1.0458013
1091.0,-6.2584434,1.0582372,6.43322,-0.064751714,0.2883284,1.0360274
1099.0,-6.205771,1.2665327,6.4140663,-0.043982297,0.26145032,1.0177015
1110.0,-6.196194,1.4413095,6.3087215,-0.010995574,0.23090707,0.9993755
1119.0,-6.069301,1.6017209,6.1650696,0.028099801,0.204029,0.9810496
1129.0,-6.021417,1.6184803,6.090849,0.073303826,0.17104226,0.9615019
1139.0,-6.007052,1.6376339,5.9759274,0.111177474,0.14660765,0.93218035
1150.0,-5.997475,1.6639702,5.923255,0.13927728,0.12217305,0.8881981
1159.0,-5.961562,1.8579005,5.861006,0.1600467,0.09285152,0.83077675
1171.0,-5.959168,2.0254946,5.8945246,0.17715092,0.057421334,0.7684685
1179.0,-5.9807158,2.123657,5.961562,0.18570304,0.028099801,0.7098254
1191.0,-5.911284,2.2026656,5.9424086,0.14294247,-0.012217305,0.6010914
1200.0,-5.9902925,2.2744915,5.805939,0.14294247,-0.012217305,0.6010914
1210.0,-6.143522,2.3247697,5.7963624,0.09896017,-0.029321533,0.5448918
1219.0,-6.256049,2.3295584,5.7604494,0.04642576,-0.04886922,0.48991394
1229.0,-6.361394,2.2984335,5.722142,-0.019547688,-0.06352998,0.43982297
1238.0,-6.4260373,2.2050598,5.7748146,-0.08307768,-0.07086037,0.38973203
1248.0,-6.385336,1.946486,6.0764837,-0.12217305,-0.07574729,0.33841935
1258.0,-6.203377,1.4556746,6.751649,-0.12217305,-0.095294975,0.28099802
1269.0,-6.0980315,-1.0319009,7.513005,0.26267207,0.019547688,0.16371189
1278.0,-7.079654,0.7517793,7.062895,0.48380527,0.04642576,0.030543262
1291.0,-7.501034,2.542642,6.1411276,0.6597345,0.0061086523,-0.013439035
1299.0,-7.086837,3.5194764,5.3606176,0.73548174,-0.13072516,0.007330383
1309.0,-6.4404025,3.6846764,5.109226,0.58032197,-0.17470746,-0.015882496
1319.0,-6.349423,3.1435869,5.2959743,0.24312437,-0.10262536,-0.06841691
1331.0,-6.739678,2.621651,5.5760956,-0.09407325,0.012217305,-0.087964594
1340.0,-7.1754227,2.2816741,5.8083334,-0.3005457,0.062308256,-0.059864793
1350.0,-7.1371155,2.2577322,5.849035,-0.3567453,0.008552114,-0.04520403
1360.0,-6.8067155,2.6168625,5.8921304,-0.31764993,-0.08674286,-0.089186326
1370.0,-6.5122285,3.0095115,5.7724204,-0.25778514,-0.16737708,-0.172264
1378.0,-6.4284315,2.9759927,5.8562174,-0.23579398,-0.17592919,-0.20158553
1392.0,-6.658275,2.693477,6.081272,-0.27366763,-0.13561209,-0.11484267
1400.0,-6.8330517,2.2529438,6.155493,-0.27488935,-0.10873401,-0.043982297
1411.0,-6.895301,2.1092918,6.2392898,-0.2284636,-0.111177474,-0.03176499
1421.0,-6.907272,1.9416976,6.229713,-0.18081611,-0.1282817,-0.021991149
1431.0,-6.88333,2.0039468,6.289568,-0.14905111,-0.14538592,-0.008552114
1441.0,-6.7684083,2.0685902,6.423643,-0.13805555,-0.14782938,-0.008552114
1453.0,-6.777985,1.8914193,6.5864487,-0.11484267,-0.1441642,-0.039095376
1462.0,-6.7444663,1.6065093,6.715736,-0.02076942,-0.14905111,-0.11362094
1470.0,-6.591237,1.1803415,6.8091097,0.04642576,-0.14905111,-0.17470746
1481.0,-6.5625067,1.3000516,6.847417,0.029321533,-0.1441642,-0.21502456
1492.0,-6.6606693,1.5825673,6.8665705,0.043982297,-0.12950343,-0.28099802
1502.0,-6.6654577,1.6065093,6.943185,0.11728613,-0.13072516,-0.34330627
1512.0,-6.727707,1.7429788,6.8809357,0.19425514,-0.1441642,-0.40194935
1521.0,-6.71813,1.8626889,6.8929067,0.23945917,-0.12339478,-0.4373795
1532.0,-6.6630635,1.9416976,6.7348895,0.2321288,-0.103847094,-0.42149702
1541.0,-6.567295,1.8339585,6.6774287,0.21746802,-0.09162979,-0.39095375
1550.0,-6.5625067,1.934515,6.612785,0.21135938,-0.080634214,-0.3933972
1560.0,-6.6079965,1.9800048,6.631939,0.19914207,-0.073303826,-0.41905355
1573.0,-6.7133417,1.8626889,6.682217,0.16982053,-0.061086524,-0.43371433
1581.0,-6.7612257,1.6807296,6.6989765,0.14660765,-0.05131268,-0.43860126
1592.0,-6.754043,1.4915876,6.619968,0.16249016,-0.05131268,-0.45570546
1601.0,-6.7803793,1.4221559,6.4667387,0.21013765,-0.058643065,-0.48747048
1612.0,-6.670246,1.4820108,6.3566055,0.26389378,-0.07086037,-0.5155703
1622.0,-6.5601125,1.5514427,6.1866174,0.30909783,-0.073303826,-0.5326745
1632.0,-6.555324,1.5753847,6.157887,0.3323107,-0.07086037,-0.548557
1641.0,-6.631939,1.5658079,6.1100025,0.3286455,-0.06841691,-0.5705481
1652.0,-6.6079965,1.436521,6.1004257,0.30543262,-0.064751714,-0.593761
1661.0,-6.600814,1.3694834,6.167464,0.27000242,-0.07086037,-0.61086524
1670.0,-6.5122285,1.2593501,6.1530986,0.24312437,-0.080634214,-0.63163465
1681.0,-6.6271505,1.0606314,6.2105594,0.23457226,-0.0842994,-0.657291
1694.0,-6.603208,1.0654198,6.167464,0.2443461,-0.0842994,-0.68661255
1700.0,-6.591237,0.9696517,6.2728086,0.2687807,-0.0842994,-0.7134906
1711.0,-6.5601125,1.0079589,6.2105594,0.29932398,-0.08307768,-0.73792523
1720.0,-6.471527,1.0462662,6.241684,0.33353242,-0.0842994,-0.75869465
1732.0,-6.4858923,1.0726024,6.2967505,0.35796702,-0.0842994,-0.7672467
1742.0,-6.4643445,1.0103531,6.3542113,0.36041048,-0.087964594,-0.77091193
1752.0,-6.471527,0.9648633,6.4164605,0.34697145,-0.081855945,-0.7806858
1762.0,-6.4882865,0.9552865,6.3829417,0.33964106,-0.07452556,-0.8014552
1772.0,-6.5337763,0.9576807,6.3829417,0.34208453,-0.0720821,-0.8246681
1782.0,-6.5481415,0.9576807,6.4188547,0.34697145,-0.07941248,-0.8417723
1792.0,-6.469133,1.0199299,6.4667387,0.344528,-0.09040806,-0.85154617
1801.0,-6.2823853,0.9792285,6.445191,0.3323107,-0.10995574,-0.86009824
1813.0,-6.1411276,0.9744401,6.4308257,0.31520647,-0.1282817,-0.87109387
1821.0,-6.117185,1.0127473,6.3302693,0.28955013,-0.14538592,-0.88331115
1830.0,-6.325481,0.9983821,6.327875,0.25534168,-0.1563815,-0.89675015
1840.0,-6.5864487,0.94331545,6.3566055,0.21013765,-0.16371189,-0.9101892
1851.0,-6.7468605,0.93373865,6.3829417,0.16737708,-0.17592919,-0.9236283
1861.0,-6.682217,0.80445176,6.423643,0.15271631,-0.20280726,-0.93828905
1872.0,-6.7348895,0.6871359,6.4380083,0.16737708,-0.23090707,-0.9505063
1881.0,-6.4427967,0.62488663,6.5002575,0.20280726,-0.2565634,-0.9602802
1892.0,-6.4523735,0.58657944,6.4906807,0.23701571,-0.28221974,-0.96883225
1902.0,-6.4308257,0.51714754,6.528988,0.26145032,-0.29810223,-0.9798279
1911.0,-6.399701,0.47644615,6.4284315,0.28221974,-0.312763,-0.9932669
1921.0,-6.4667387,0.4141969,6.43322,0.29810223,-0.32986724,-1.0042624
1932.0,-6.481104,0.33279404,6.4787097,0.31398472,-0.3494149,-1.0103711
1941.0,-6.5457473,0.32800564,6.471527,0.31520647,-0.3640757,-1.0103711
1950.0,-6.612785,0.1436521,6.447585,0.2968805,-0.376293,-1.0067059
1960.0,-6.6534867,-0.0047884034,6.6606693,0.27000242,-0.38362336,-1.0079277
1972.0,-6.5744777,-0.18435353,6.64391,0.24678956,-0.39095375,-1.0128145
1982.0,-6.540959,-0.30885202,6.7253127,0.24190263,-0.40683624,-1.0201449
1994.0,-6.4499793,-0.40462008,6.7827735,0.25289822,-0.4166101,-1.0225884
2000.0,-6.361394,-0.36391866,6.8306575,0.27488935,-0.42271876,-1.0201449
2012.0,-6.3063273,-0.39025488,6.7827735,0.2919936,-0.43004912,-1.0177015
2021.0,-6.4068837,-0.4165911,6.955156,0.2883284,-0.43249258,-1.0164797
2034.0,-6.375759,-0.581791,6.9144545,0.2687807,-0.4251622,-1.0177015
2042.0,-6.4643445,-0.6512229,6.981492,0.25411993,-0.4251622,-1.0213667
2050.0,-6.4787097,-0.7326257,7.091625,0.24923302,-0.4288274,-1.0311406
2076.0,-6.4380083,-0.8379706,7.1227503,0.24923302,-0.42394048,-1.0421361
2076.0,-6.339846,-0.91937345,7.1107793,0.24801129,-0.4288274,-1.0482447
2079.0,-6.203377,-0.90500826,7.1251445,0.24556783,-0.43004912,-1.0433578
2090.0,-6.0262055,-0.90021986,7.1107793,0.25289822,-0.41905355,-1.033584
2100.0,-5.961562,-0.8690952,7.132327,0.25289822,-0.41905355,-1.033584
2112.0,-5.913678,-0.7685388,7.1873937,0.24190263,-0.41050145,-1.0348058
2119.0,-5.9807158,-0.7422025,7.177817,0.22357668,-0.408058,-1.0360274
2131.0,-6.007052,-0.80924016,7.201759,0.19914207,-0.408058,-1.0372492
2139.0,-6.0621185,-1.2042835,7.261614,0.16126843,-0.40683624,-1.047023
2150.0,-6.0764837,-1.3551182,7.422025,0.16615535,-0.4092797,-1.0592403
2160.0,-6.169858,-1.4173675,7.4723034,0.19058995,-0.41905355,-1.070236
2173.0,-6.0645127,-1.4532804,7.417237,0.22479841,-0.43004912,-1.0714576
2181.0,-5.9783216,-1.4796166,7.477092,0.25289822,-0.43860126,-1.0641272
2190.0,-5.887342,-1.400608,7.493851,0.26389378,-0.44226643,-1.0531317
2201.0,-5.7484784,-1.484405,7.5944076,0.2687807,-0.4361578,-1.0409144
2212.0,-5.6670756,-1.6160861,7.589619,0.26389378,-0.43127087,-1.0201449
2222.0,-5.6120086,-1.8339585,7.603985,0.2443461,-0.4202753,-0.9993755
2232.0,-5.657499,-1.9201498,7.5824366,0.22357668,-0.4129449,-0.9896017
2241.0,-5.6790466,-1.910573,7.639898,0.20647246,-0.40683624,-0.98837996
2252.0,-5.686229,-1.8650831,7.666234,0.19058995,-0.40561453,-0.98715824
2261.0,-5.590461,-1.9632454,7.7189064,0.17470746,-0.4007276,-0.9786061
2271.0,-5.5258174,-2.0757728,7.759608,0.16737708,-0.3921755,-0.9615019
2281.0,-5.449203,-2.0901382,7.8769236,0.16737708,-0.3811799,-0.9492846
2293.0,-5.3701944,-1.9512744,7.764396,0.18081611,-0.37507126,-0.9468411
2301.0,-5.33907,-1.9608512,7.630321,0.19914207,-0.37995818,-0.93462384
2311.0,-5.291186,-1.9967642,7.443573,0.19181168,-0.37995818,-0.9114109
2321.0,-5.317522,-2.0590134,7.3525934,0.16249016,-0.3811799,-0.893085
2332.0,-5.45878,-2.0757728,7.357382,0.118507855,-0.38362336,-0.8894198
2342.0,-5.511452,-2.2529438,7.479486,0.059864793,-0.3848451,-0.893085
2353.0,-5.3725886,-2.5091233,7.6255326,-0.009773844,-0.38973203,-0.893085
2361.0,-5.29358,-2.516306,7.735666,-0.06841691,-0.39706242,-0.8918633
2373.0,-5.140351,-2.5330653,7.8769236,-0.10751228,-0.40561453,-0.90041536
2381.0,-4.9679685,-2.554613,7.8649526,-0.12705997,-0.39950588,-0.9138544
2392.0,-4.9320555,-2.5785553,7.867347,-0.14294247,-0.38973203,-0.91996306
2401.0,-4.7500963,-2.767697,7.867347,-0.15882497,-0.3726278,-0.91751957
2413.0,-4.6902413,-2.8275523,7.881712,-0.15271631,-0.3494149,-0.9089675
2422.0,-4.6279917,-2.7485435,7.867347,-0.11728613,-0.33475417,-0.9016371
2431.0,-4.537012,-2.707842,7.843405,-0.07452556,-0.3323107,-0.90041536
2441.0,-4.5513773,-2.7150247,7.809886,-0.05375614,-0.32498032,-0.89919364
2452.0,-4.582502,-2.731784,7.8745294,-0.064751714,-0.3005457,-0.89675015
2462.0,-4.6662993,-2.765303,7.9272017,-0.080634214,-0.28344148,-0.9016371
2472.0,-4.6471453,-2.7940333,7.9726915,-0.08552113,-0.27977628,-0.9126327
2481.0,-4.5058875,-2.779668,8.02297,-0.08307768,-0.28344148,-0.91629785
2492.0,-4.4580035,-2.7006595,8.056489,-0.080634214,-0.2883284,-0.906524
2502.0,-4.3622355,-2.7365725,8.121132,-0.081855945,-0.2932153,-0.8881981
2511.0,-4.309563,-2.7940333,8.087613,-0.08674286,-0.2932153,-0.8723156
