18.0,0.08140286,0.4165911,9.294291,-0.019547688,-0.12705997,-0.9077458
30.0,0.17956513,0.48841715,9.3182335,0.14905111,0.13072516,-0.07452556
44.0,-0.82360536,0.2681506,9.308656,-0.057421334,-0.29565877,-0.23579398
44.0,-0.6727707,-0.4309563,9.665392,-0.204029,-0.41416663,-0.20158553
54.0,-0.40940848,-1.1133038,9.739613,-0.13927728,0.34697145,0.15271631
63.0,-0.260968,-1.2258313,9.651027,-0.18325958,0.3323107,0.09285152
76.0,-0.39983168,-1.0079589,9.694122,-0.25534168,0.16493362,0.047647487
84.0,-0.50757074,-0.6727707,9.646238,-0.31031954,0.0012217305,0.059864793
94.0,-0.46926352,-0.581791,9.727641,-0.344528,0.002443461,0.07819075
104.0,-0.37349546,-0.7038953,9.6845455,-0.36774087,0.014660766,0.034208454
114.0,-0.34715924,-0.866701,9.710882,-0.37384954,0.034208454,-0.015882496
124.0,-0.35673606,-1.0606314,9.742006,-0.35430184,0.047647487,-0.04642576
134.0,-0.46926352,-1.0366893,9.643845,-0.31642818,0.040317107,-0.06841691
144.0,-0.6536171,-1.0199299,9.595961,-0.2761111,0.02076942,-0.096516706
154.0,-0.6392518,-0.92416185,9.452309,-0.24801129,0.009773844,-0.13194689
164.0,-0.58418524,-0.93373865,9.399636,-0.21013765,0.007330383,-0.18448131
175.0,-0.5746084,-0.9744401,9.382876,-0.21013765,0.007330383,-0.18448131
184.0,-0.533907,-1.0845734,9.411607,-0.19303341,0.007330383,-0.20525073
196.0,-0.6344634,-1.2114661,9.524135,-0.15149458,0.0012217305,-0.25289822
204.0,-0.6464345,-1.3359646,9.610326,-0.12705997,-0.0036651916,-0.2724459
215.0,-0.7206547,-1.2904748,9.85214,-0.103847094,-0.0012217305,-0.28710666
224.0,-0.7469909,-1.2880806,10.031705,-0.09896017,0.017104227,-0.28710666
235.0,-0.8379706,-1.4748282,10.187328,-0.12461651,0.047647487,-0.27122417
243.0,-1.055843,-1.6256629,10.338163,-0.17715092,0.0842994,-0.2443461
256.0,-1.2354081,-1.8483237,10.498574,-0.23457226,0.12339478,-0.21746802
265.0,-1.4460979,-1.9057846,10.721235,-0.28344148,0.16737708,-0.19181168
276.0,-1.5490485,-1.982399,11.018116,-0.3213151,0.21868975,-0.14660765
285.0,-1.8531121,-2.1523874,11.224017,-0.35308012,0.28221974,-0.06963864
294.0,-2.0829554,-2.2744915,11.429919,-0.35796702,0.34574974,0.02687807
305.0,-2.2649148,-2.3894134,11.638214,-0.32620203,0.39950588,0.13561209
316.0,-2.44448,-2.4732103,11.789049,-0.2846632,0.44959682,0.25411993
325.0,-2.5067291,-2.5139117,11.815386,-0.27000242,0.51068336,0.37751472
335.0,-2.5833437,-2.4612393,11.7627125,-0.2883284,0.5925393,0.48624873
344.0,-2.645593,-2.231396,11.573571,-0.3200934,0.6914995,0.5656612
355.0,-2.813187,-2.0207062,11.389217,-0.37384954,0.79168135,0.6218608
364.0,-3.052607,-1.8866309,11.353305,-0.44226643,0.89919364,0.6743952
377.0,-3.2800562,-1.6089035,11.257536,-0.5009095,1.0079277,0.7318166
385.0,-3.301604,-1.5634137,11.207258,-0.54000485,1.1166617,0.79412484
395.0,-3.4356794,-1.7645266,11.125855,-0.54733527,1.2229522,0.8539896
405.0,-3.359065,-2.1284454,10.94629,-0.5143485,1.3341297,0.89552844
415.0,-3.383007,-2.327164,10.996569,-0.43249258,1.4416419,0.9138544
425.0,-3.5338416,-2.60968,10.642226,-0.33108896,1.5234979,0.9114109
436.0,-3.5458126,-2.5905263,10.189722,-0.2443461,1.5980235,0.8918633
445.0,-3.7301662,-2.597709,9.864111,-0.17959438,1.6749926,0.86132
455.0,-3.916914,-2.645593,9.837775,-0.15271631,1.7556267,0.8344419
465.0,-4.003105,-2.801216,9.689334,-0.12461651,1.831374,0.8258898
477.0,-4.1491513,-2.8993783,9.773131,-0.07452556,1.9058995,0.8258898
485.0,-4.1635165,-2.920926,9.91439,0.019547688,1.9743165,0.8405506
496.0,-4.3358994,-3.0262709,9.799467,0.14294247,2.0195205,0.8772025
505.0,-4.3861775,-2.980781,9.452309,0.24312437,2.043955,0.9272934
515.0,-4.43885,-3.0358477,9.062054,0.26267207,2.0744984,0.9602802
525.0,-4.402937,-2.870648,8.736442,0.20647246,2.1160371,0.9651671
535.0,-4.6016555,-2.779668,8.561666,0.1160644,2.1502457,0.9639453
545.0,-4.608838,-2.681506,8.365341,0.030543262,2.1856759,0.98471475
557.0,-4.6686935,-2.6144683,8.355764,-0.036651913,2.1832323,1.0262536
569.0,-4.711789,-2.4516625,8.456321,-0.073303826,2.1771238,1.0824533
579.0,-4.759673,-2.4133554,8.520964,-0.10751228,2.1551325,1.1691961
589.0,-4.88896,-2.243367,8.307879,-0.15760323,2.1148155,1.2730432
597.0,-4.975151,-2.0207062,8.034941,-0.20769419,2.07572,1.3671165
607.0,-5.130774,-2.1763294,7.668628,-0.23945917,2.025629,1.423316
619.0,-5.2624555,-2.3630772,7.1586633,-0.25167647,1.9559906,1.4428637
627.0,-5.327099,-2.3894134,6.682217,-0.23090707,1.8558086,1.4672983
639.0,-5.3318872,-2.420538,6.3949127,-0.17348573,1.7348573,1.5173893
648.0,-5.41329,-2.3463178,6.2009826,-0.07941248,1.613906,1.5796975
656.0,-5.506664,-1.958457,6.2991447,0.021991149,1.5088371,1.6249015
667.0,-5.556942,-1.6639702,6.4068837,0.118507855,1.4318681,1.6505579
680.0,-5.683835,-1.3551182,6.3829417,0.19547687,1.3524556,1.6688838
687.0,-5.6239796,-1.3096284,6.2129536,0.24801129,1.2681563,1.6835446
698.0,-5.583278,-1.1228806,5.961562,0.27000242,1.1777482,1.6859881
707.0,-5.681441,-0.8403648,5.7269306,0.26511553,1.0873401,1.6737708
719.0,-5.8562174,-0.5386954,5.566519,0.25045475,1.0128145,1.65911
728.0,-6.0525417,-0.18435353,5.48751,0.22113322,0.93828905,1.6603317
738.0,-6.2967505,0.0047884034,5.4420204,0.16737708,0.86620694,1.677436
749.0,-6.4643445,0.2633622,5.439626,0.096516706,0.79045963,1.6957619
758.0,-6.4787097,0.32800564,5.425261,0.030543262,0.72082096,1.7030923
768.0,-6.339846,0.33039984,5.4803276,0.0061086523,0.6560693,1.6884315
779.0,-6.2129536,0.30645782,5.595249,0.042760566,0.59986967,1.6468927
786.0,-6.2823853,0.21308395,5.671864,0.10995574,0.548557,1.5894713
799.0,-6.5744777,0.24660277,5.803545,0.16737708,0.5119051,1.5332718
806.0,-6.6989765,0.44532153,5.949591,0.22724187,0.48624873,1.491733
818.0,-6.6846113,0.581791,5.9663506,0.30787608,0.4288274,1.4636332
827.0,-6.363788,0.81402856,5.920861,0.376293,0.376293,1.4428637
839.0,-6.1076083,1.1563994,5.7484784,0.38240165,0.35063666,1.4208726
848.0,-5.9878983,1.3551182,5.547365,0.33841935,0.3481932,1.3854424
857.0,-5.9687448,1.508347,5.437232,0.2846632,0.34330627,1.3390167
868.0,-6.0716953,1.5179238,5.463568,0.22968534,0.3408628,1.2950343
879.0,-6.172252,1.4293385,5.422867,0.172264,0.32742378,1.2644911
887.0,-6.2368956,1.3431472,5.6670756,0.14782938,0.30787608,1.2363913
897.0,-6.131551,1.3503298,5.7963624,0.17470746,0.2761111,1.1960741
907.0,-6.0238113,1.4317327,5.7843914,0.22113322,0.24678956,1.1410962
919.0,-6.0166287,1.7262194,5.770026,0.24923302,0.21868975,1.0861185
928.0,-5.877765,2.0398598,5.683835,0.23701571,0.19058995,1.0396926
937.0,-5.8226986,2.2936451,5.5401826,0.17715092,0.18448131,1.0042624
949.0,-5.872977,2.4851813,5.4683566,0.087964594,0.19058995,0.9773844
959.0,-6.093243,2.315193,5.386954,0.004886922,0.20158553,0.94806284
968.0,-6.3182983,2.2768857,5.497087,0.037873644,0.119729586,0.8857546
980.0,-6.2943563,2.0518308,5.451597,0.037873644,0.119729586,0.8857546
988.0,-6.1387334,2.243367,5.422867,0.13561209,0.06352998,0.86009824
999.0,-6.0118403,2.5091233,5.3462524,0.24678956,0.02076942,0.82711154
1009.0,-5.9759274,2.8778305,5.29358,0.36285394,0.002443461,0.77457714
1018.0,-6.0764837,3.1675289,5.279215,0.46914452,-0.009773844,0.71837753
1028.0,-6.1195793,3.2824504,5.2361193,0.5338962,-0.02076942,0.6780604
1042.0,-6.205771,3.3877954,5.2265425,0.54611355,-0.04886922,0.6462954
1049.0,-6.220136,3.4691982,5.0996494,0.50579643,-0.087964594,0.61453044
1080.0,-6.126762,3.5625722,4.9679685,0.31520647,-0.13561209,0.50579643
1080.0,-6.045359,3.3997664,5.0900726,0.22968534,-0.15515977,0.4166101
1080.0,-5.765238,3.1196449,5.499481,0.19547687,-0.14172074,0.3323107
1086.0,-5.6527104,1.6424223,6.054936,0.25778514,-0.06841691,0.23090707
1099.0,-5.932832,0.39025488,6.05733,0.5155703,-0.064751714,-0.09162979
1107.0,-7.228095,2.6192567,5.604826,0.77824235,-0.13683382,-0.2932153
1117.0,-7.630321,5.2840033,5.2169657,0.7867944,-0.2406809,-0.10262536
1127.0,-6.7612257,5.9639564,4.96318,0.63529986,-0.25289822,0.15149458
1136.0,-6.203377,5.475539,4.841076,0.2565634,-0.18692477,0.3811799
1147.0,-6.133945,5.0158525,4.745308,-0.12095132,-0.105068825,0.4654793
1159.0,-6.3350577,4.381389,5.1786585,-0.26267207,-0.10873401,0.31642818
1168.0,-6.5457473,4.0940847,5.391742,-0.28221974,-0.12950343,0.10751228
1179.0,-6.730101,4.0773253,5.5401826,-0.25900686,-0.15393804,-0.02565634
1188.0,-6.7109475,4.24492,5.7748146,-0.19425514,-0.18325958,-0.06719518
1199.0,-6.543353,4.144363,5.827487,-0.09407325,-0.1966986,-0.064751714
1208.0,-6.2991447,4.122815,5.825093,0.0012217305,-0.20158553,-0.096516706
1218.0,-6.325481,3.9576154,5.781997,0.02076942,-0.19181168,-0.18692477
1227.0,-6.4140663,4.036624,5.8346696,-0.029321533,-0.1600467,-0.2602286
1240.0,-6.3949127,3.9863458,5.8346696,-0.08552113,-0.13561209,-0.2724459
1249.0,-6.4739213,3.8498764,5.861006,-0.12950343,-0.12339478,-0.2687807
1259.0,-6.5864487,3.8187518,5.875371,-0.17470746,-0.12339478,-0.2883284
1268.0,-6.679823,3.8642416,5.791574,-0.23823744,-0.12461651,-0.32253686
1282.0,-6.615179,3.7804444,5.791574,-0.30665436,-0.12217305,-0.35308012
1287.0,-6.483498,3.58412,5.8825536,-0.33353242,-0.1282817,-0.39461896
1298.0,-6.445191,3.3638535,6.090849,-0.2846632,-0.13561209,-0.45937067
1307.0,-6.4260373,3.3255463,6.133945,-0.17104226,-0.13439035,-0.5155703
1320.0,-6.363788,3.3446999,6.1890116,-0.039095376,-0.15882497,-0.53023106
1328.0,-6.2847795,3.406949,6.1387334,0.07574729,-0.18081611,-0.5314528
1338.0,-6.0836663,3.3758245,6.0956373,0.1563815,-0.19303341,-0.5510005
1348.0,-5.9448028,3.41892,6.045359,0.18570304,-0.19914207,-0.5839872
1359.0,-5.9783216,3.5003228,5.9184666,0.1600467,-0.19425514,-0.61453044
1369.0,-6.05733,3.3446999,5.9687448,0.10262536,-0.17837265,-0.64751714
1381.0,-6.0645127,3.241749,5.889736,0.05009095,-0.17592919,-0.6939429
1388.0,-6.155493,3.0933087,5.877765,0.002443461,-0.18936823,-0.7440339
1400.0,-6.1530986,3.0621839,5.8921304,-0.047647487,-0.20647246,-0.7855727
1407.0,-6.1938,2.9735985,5.875371,-0.08307768,-0.20525073,-0.8258898
1418.0,-6.131551,2.8514943,5.901707,-0.08307768,-0.21868975,-0.87109387
1427.0,-6.093243,2.5689783,6.0142345,-0.05131268,-0.22479841,-0.9089675
1440.0,-6.093243,2.5139117,6.021417,0.008552114,-0.2125811,-0.93584555
1449.0,-6.227319,2.3822308,6.078878,0.089186326,-0.22479841,-0.95905846
1458.0,-6.327875,2.360683,6.1243677,0.15149458,-0.24312437,-0.9786061
1468.0,-6.3709707,2.5139117,6.021417,0.16982053,-0.25167647,-0.9932669
1479.0,-6.5577183,2.4588451,6.0956373,0.15027285,-0.24190263,-1.0103711
1489.0,-6.600814,2.315193,6.14831,0.119729586,-0.23457226,-1.033584
1497.0,-6.615179,2.1571758,6.1650696,0.105068825,-0.23945917,-1.0641272
1508.0,-6.505046,2.018312,6.1530986,0.09896017,-0.24801129,-1.0848967
1520.0,-6.4164605,1.8962077,6.241684,0.1001819,-0.2602286,-1.0922271
1528.0,-6.3063273,1.7956513,6.2823853,0.10629055,-0.27122417,-1.0922271
1538.0,-6.3901243,1.7477672,6.265626,0.10262536,-0.27366763,-1.0983357
1549.0,-6.50744,1.7932571,6.241684,0.089186326,-0.27000242,-1.1068878
1559.0,-6.679823,1.6591818,6.3470287,0.07086037,-0.26389378,-1.1117748
1569.0,-6.8067155,1.5227122,6.3206925,0.052534413,-0.267559,-1.1154399
1580.0,-6.9982514,1.4389153,6.2392898,0.036651913,-0.26633725,-1.1239921
1589.0,-7.029376,1.271321,6.2823853,0.018325957,-0.26267207,-1.1374311
1599.0,-7.017405,1.2785037,6.277597,0.0,-0.26511553,-1.1447614
1609.0,-6.8761473,1.127669,6.363788,-0.0036651916,-0.27366763,-1.1484267
1618.0,-6.7468605,0.9744401,6.3326635,0.02565634,-0.28710666,-1.1496484
1628.0,-6.715736,0.93134445,6.241684,0.0720821,-0.30176744,-1.1472049
1640.0,-6.775591,1.0223241,6.2009826,0.103847094,-0.31398472,-1.1386528
1649.0,-6.8641763,0.9935937,6.291962,0.111177474,-0.3213151,-1.1239921
1657.0,-6.981492,0.89782566,6.349423,0.09896017,-0.32498032,-1.1154399
1668.0,-7.0221934,0.7062895,6.363788,0.0720821,-0.3323107,-1.1129965
1680.0,-7.03177,0.58657944,6.397307,0.05009095,-0.3323107,-1.110553
1688.0,-7.007828,0.58657944,6.457162,0.04886922,-0.34330627,-1.1044444
1699.0,-6.9527617,0.5291186,6.517017,0.057421334,-0.344528,-1.0934488
1709.0,-6.8330517,0.39264908,6.4499793,0.061086524,-0.3494149,-1.0800097
1720.0,-6.7348895,0.2825158,6.373365,0.05375614,-0.35063666,-1.0629056
1729.0,-6.7468605,0.20829555,6.291962,0.047647487,-0.35185838,-1.0494665
1738.0,-6.8761473,0.1388637,6.179435,0.039095376,-0.3640757,-1.0348058
1749.0,-6.921637,0.15562311,6.1746464,0.02687807,-0.37995818,-1.0189233
1760.0,-6.9599442,0.05267244,6.10282,0.017104227,-0.40194935,-0.9993755
1769.0,-7.0844426,0.079008654,6.1650696,-0.002443461,-0.42271876,-0.9798279
1779.0,-7.204153,-0.093373865,6.208165,-0.028099801,-0.44104472,-0.9639453
1788.0,-7.252037,-0.18435353,6.3302693,-0.021991149,-0.45204028,-0.95417154
1800.0,-7.299921,-0.30885202,6.588843,0.04153884,-0.47158796,-0.9468411
1807.0,-7.1251445,-0.29209262,6.8043213,0.12339478,-0.5045747,-0.9236283
1820.0,-6.9383965,-0.4189853,6.8761473,0.1685988,-0.52534413,-0.88331115
1829.0,-6.789956,-0.4141969,6.993463,0.18570304,-0.5314528,-0.8503244
1839.0,-6.612785,-0.545878,7.177817,0.20647246,-0.52656585,-0.8332202
1849.0,-6.481104,-0.49081135,7.1490865,0.2321288,-0.5155703,-0.8210029
1858.0,-6.5122285,-0.62249243,7.180211,0.24923302,-0.5045747,-0.8063421
1869.0,-6.495469,-0.45729253,7.204153,0.22113322,-0.47647488,-0.77946407
1882.0,-6.495469,-0.49559975,7.1849995,0.22113322,-0.47647488,-0.77946407
1888.0,-6.4787097,-0.49320555,7.1586633,0.172264,-0.45570546,-0.7806858
1899.0,-6.5361705,-0.5506664,7.237672,0.12583824,-0.43493605,-0.78801614
1909.0,-6.5337763,-0.61530983,7.237672,0.095294975,-0.4166101,-0.79045963
1919.0,-6.4523735,-0.6967127,7.374141,0.09896017,-0.40194935,-0.7892379
1929.0,-6.4020953,-0.85473,7.3789296,0.12339478,-0.3885103,-0.7867944
1939.0,-6.1890116,-0.90979666,7.3765354,0.15760323,-0.36041048,-0.79412484
1948.0,-6.0238113,-0.8379706,7.52737,0.16737708,-0.344528,-0.79779
1960.0,-5.913678,-0.78050977,7.5441294,0.17592919,-0.32375857,-0.79534656
1969.0,-5.875371,-0.8331822,7.441179,0.18203785,-0.29932398,-0.79901177
1979.0,-5.93762,-1.0151415,7.4986396,0.18081611,-0.2846632,-0.81245077
1988.0,-5.887342,-0.8379706,7.422025,0.1600467,-0.28588495,-0.8246681
2001.0,-5.825093,-0.7541735,7.4483614,0.11484267,-0.2846632,-0.8258898
2010.0,-5.7365074,-0.7182605,7.465121,0.057421334,-0.27000242,-0.8210029
2019.0,-5.647922,-0.8690952,7.539341,0.015882496,-0.25167647,-0.82711154
2029.0,-5.5856724,-1.0390835,7.630321,0.0012217305,-0.2443461,-0.84421575
2042.0,-5.6551046,-1.115698,7.5848308,0.010995574,-0.23701571,-0.86376345
2048.0,-5.616797,-1.0773908,7.575254,0.036651913,-0.24190263,-0.8772025
2081.0,-5.580884,-0.91937345,7.642292,0.05497787,-0.24678956,-0.88086766
2081.0,-5.511452,-0.9696517,7.630321,0.056199603,-0.23945917,-0.87598073
2081.0,-5.511452,-1.1947067,7.627927,0.056199603,-0.22968534,-0.8784242
2088.0,-5.556942,-1.3982137,7.711724,0.059864793,-0.22724187,-0.8906415
2097.0,-5.657499,-1.5035586,7.702147,0.061086524,-0.23823744,-0.90408057
2107.0,-5.6910176,-1.448492,7.8050976,0.062308256,-0.25167647,-0.906524
2120.0,-5.602432,-1.4508862,7.821857,0.056199603,-0.26389378,-0.8943067
2127.0,-5.4803276,-1.5227122,7.8410106,0.043982297,-0.26389378,-0.88697636
2138.0,-5.4683566,-1.6256629,7.8410106,0.04642576,-0.267559,-0.8906415
2148.0,-5.4683566,-1.7669208,7.711724,0.06719518,-0.2761111,-0.893085
2159.0,-5.3821654,-1.7741034,7.711724,0.09407325,-0.28344148,-0.8881981
2168.0,-5.33907,-1.7860745,7.615956,0.118507855,-0.2919936,-0.8772025
2181.0,-5.279215,-1.9177556,7.599196,0.1282817,-0.29565877,-0.86254174
2188.0,-5.2361193,-1.9919758,7.548918,0.12339478,-0.29810223,-0.8576548
2201.0,-5.2169657,-1.9895816,7.575254,0.12095132,-0.30176744,-0.86132
2209.0,-5.1786585,-1.8435353,7.6470804,0.11728613,-0.3115413,-0.86498517
2219.0,-5.118803,-1.8363527,7.7452426,0.09285152,-0.3200934,-0.8539896
2229.0,-5.0493712,-1.9680338,7.714118,0.056199603,-0.31764993,-0.8491027
2241.0,-4.9224787,-2.006341,7.61835,0.030543262,-0.32253686,-0.86620694
2247.0,-4.9583917,-2.042254,7.4986396,0.019547688,-0.3213151,-0.88697636
2259.0,-4.9536033,-2.1523874,7.4627266,0.015882496,-0.33108896,-0.89675015
2269.0,-4.9583917,-2.2242134,7.386112,0.017104227,-0.34330627,-0.893085
2281.0,-4.829105,-2.2649148,7.374141,0.030543262,-0.35308012,-0.8857546
2290.0,-4.709395,-2.4540567,7.4028716,0.06719518,-0.36651915,-0.8881981
2299.0,-4.711789,-2.5953147,7.3765354,0.1160644,-0.38606682,-0.90285885
2309.0,-4.685453,-2.566584,7.4986396,0.14905111,-0.40561453,-0.9089675
2319.0,-4.7189717,-2.5761611,7.539341,0.15027285,-0.42760566,-0.8979719
2328.0,-4.6160207,-2.5929205,7.606379,0.12217305,-0.43493605,-0.8772025
2337.0,-4.6926355,-2.6360161,7.7189064,0.0842994,-0.43493605,-0.8564331
2347.0,-4.6591167,-2.834735,7.7931266,0.058643065,-0.44104472,-0.84299403
2360.0,-4.644751,-2.870648,7.807492,0.06352998,-0.45204028,-0.8344419
2367.0,-4.642357,-2.980781,7.9152308,0.095294975,-0.4654793,-0.8246681
2379.0,-4.6399627,-2.9017725,8.042124,0.13439035,-0.4728097,-0.816116
2387.0,-4.5537715,-2.7605145,8.147469,0.17348573,-0.47647488,-0.81000733
2399.0,-4.405331,-2.9137435,8.133103,0.20525073,-0.47525316,-0.81000733
2409.0,-4.498705,-2.956839,8.231265,0.22113322,-0.453262,-0.8332202
2420.0,-4.486734,-2.9137435,8.252813,0.22479841,-0.43982297,-0.8588765
2429.0,-4.357447,-2.789245,8.271967,0.21135938,-0.42760566,-0.86254174
2439.0,-4.283227,-2.8562827,8.243237,0.19181168,-0.40683624,-0.86132
2449.0,-4.333505,-2.8562827,8.291121,0.1685988,-0.3933972,-0.874759
2460.0,-4.225766,-2.89459,8.355764,0.13927728,-0.3811799,-0.88453287
2469.0,-4.2904096,-2.7988217,8.346188,0.10140363,-0.36774087,-0.8784242
2482.0,-4.1922474,-2.8514943,8.418014,0.06352998,-0.344528,-0.86742866
2490.0,-4.1156325,-2.9520507,8.497022,0.04153884,-0.3213151,-0.8686504
2500.0,-4.0797195,-2.9855695,8.559271,0.030543262,-0.30298916,-0.8723156
