40.0,1.5298948,-2.3391352,9.461885,0.16371189,0.11484267,-0.07941248
40.0,1.4987702,-2.2960393,9.662998,-0.037873644,-0.25778514,-0.2724459
47.0,1.4197617,-2.1643584,9.595961,-0.1160644,-0.40561453,-0.27855456
58.0,1.3072342,-2.1092918,9.667787,0.0012217305,0.38728857,0.13927728
67.0,1.364695,-2.0566192,9.617508,0.007330383,0.4092797,0.19914207
76.0,1.3239936,-2.018312,9.512163,0.017104227,0.2406809,0.13561209
89.0,1.3215994,-1.9967642,9.507375,0.02687807,0.07819075,0.02321288
97.0,1.412579,-2.0231004,9.519346,0.029321533,0.080634214,-0.034208454
108.0,1.4508862,-1.9919758,9.378088,0.02076942,0.087964594,-0.0720821
116.0,1.5969325,-1.8363527,9.454702,0.008552114,0.095294975,-0.089186326
128.0,1.6160861,-1.8531121,9.588778,-0.017104227,0.119729586,-0.1001819
137.0,1.5777789,-1.9991584,9.617508,-0.06841691,0.15271631,-0.10751228
148.0,1.4173675,-2.2026656,9.617508,-0.13439035,0.1881465,-0.119729586
158.0,1.3072342,-2.2481554,9.643845,-0.17348573,0.2125811,-0.15149458
167.0,1.3239936,-2.2481554,9.610326,-0.17837265,0.22235495,-0.19792034
177.0,1.2737153,-2.2409728,9.502586,-0.16126843,0.21991149,-0.23335053
187.0,1.2114661,-2.2816741,9.514558,-0.15271631,0.22724187,-0.2406809
197.0,1.0893618,-2.303222,9.507375,-0.16249016,0.2443461,-0.23579398
209.0,1.0702082,-2.3630772,9.509769,-0.18448131,0.2565634,-0.2406809
217.0,1.0127473,-2.432509,9.548077,-0.2003638,0.26511553,-0.2565634
229.0,0.9600749,-2.528277,9.617508,-0.2003638,0.27488935,-0.267559
237.0,0.93134445,-2.5785553,9.694122,-0.1881465,0.28099802,-0.2565634
248.0,0.8643068,-2.7006595,9.818622,-0.172264,0.28344148,-0.22968534
258.0,0.79966336,-2.789245,10.1226845,-0.1600467,0.2968805,-0.19792034
268.0,0.7302315,-2.882619,10.314221,-0.1563815,0.31642818,-0.16737708
277.0,0.545878,-3.0382419,10.266336,-0.20280726,0.3323107,-0.13194689
288.0,0.2825158,-3.169923,10.419566,-0.344528,0.36651915,-0.087964594
297.0,0.20111294,-3.3518825,10.623073,-0.5717699,0.4251622,-0.040317107
308.0,0.055066638,-3.6343982,10.869676,-0.84788096,0.5204572,0.010995574
318.0,-0.22266077,-3.9695864,10.94629,-1.1142182,0.6365216,0.080634214
330.0,-0.46686932,-4.4101195,11.063606,-1.3390167,0.7501425,0.18570304
337.0,-0.7110779,-4.709395,11.087548,-1.5344934,0.8588765,0.31887165
348.0,-0.81881696,-5.1259856,10.939108,-1.6969837,0.9761627,0.45204028
357.0,-0.9648633,-5.482722,10.718841,-1.7996091,1.070236,0.5656612
368.0,-1.1348516,-5.8083334,10.524911,-1.8081611,1.1533136,0.64996064
377.0,-1.2880806,-5.9639564,10.251971,-1.7287487,1.2302825,0.7171558
389.0,-1.6041151,-5.8825536,9.902418,-1.5711454,1.282817,0.7733554
397.0,-1.8579005,-5.7987566,9.672575,-1.351234,1.3109168,0.8210029
409.0,-1.9488802,-5.6407394,9.662998,-1.097114,1.3267993,0.8698721
418.0,-1.9895816,-5.4563856,9.471462,-0.82833326,1.3426818,0.9272934
429.0,-2.0015526,-5.291186,9.445126,-0.5571091,1.351234,0.98715824
438.0,-1.8650831,-5.1475334,9.363723,-0.30909783,1.3500122,1.0445796
449.0,-1.7860745,-5.0374002,9.387665,-0.12339478,1.3475688,1.0861185
458.0,-1.7070658,-4.8003745,9.239224,-0.018325957,1.3524556,1.1081096
468.0,-1.7669208,-4.4603977,9.136273,0.029321533,1.3744467,1.110553
478.0,-1.8938135,-4.450821,9.11712,0.032986723,1.3866642,1.1215485
488.0,-2.0470424,-4.4077253,9.0716305,-0.02321288,1.396438,1.1545353
498.0,-2.1188686,-4.498705,9.16261,-0.10873401,1.4159856,1.2034045
509.0,-2.1619642,-4.7764325,9.28232,-0.14294247,1.428203,1.2547172
518.0,-2.2744915,-4.8985367,9.313444,-0.09896017,1.423316,1.3048081
529.0,-2.3750482,-4.879383,9.126697,-0.008552114,1.4049901,1.3451253
538.0,-2.4756045,-4.7429137,9.0237465,0.09162979,1.3903292,1.3646729
548.0,-2.6910827,-4.63278,8.858546,0.16371189,1.3720033,1.3720033
557.0,-2.8323407,-4.608838,8.750807,0.2003638,1.3585643,1.3891076
572.0,-2.9352913,-4.5920787,8.726865,0.22602014,1.3439035,1.4245378
580.0,-3.0597897,-4.4460325,8.552089,0.24678956,1.328021,1.4636332
591.0,-3.0478187,-4.405331,8.62152,0.2602286,1.3158038,1.5063937
601.0,-3.1316159,-4.331111,8.461109,0.267559,1.2986995,1.5503759
611.0,-3.1244333,-4.390966,8.212111,0.28344148,1.2767084,1.5906931
621.0,-3.2393548,-4.249708,8.106767,0.2919936,1.2522738,1.6163495
633.0,-3.442862,-4.213795,8.094796,0.30298916,1.2327261,1.6236799
641.0,-3.5913026,-4.1826706,7.9966335,0.31642818,1.205848,1.6285667
651.0,-3.6104562,-4.0653543,8.010999,0.32986724,1.1704178,1.6468927
662.0,-3.8139634,-4.0940847,7.785944,0.35430184,1.128879,1.6688838
671.0,-3.8642416,-3.7924154,7.795521,0.33964106,1.0922271,1.6933185
681.0,-3.9193082,-3.6631286,7.675811,0.33964106,1.0604621,1.6994271
693.0,-3.9504328,-3.550601,7.548918,0.38606682,1.0115929,1.7006488
701.0,-3.9001546,-3.596091,7.503428,0.41416663,0.9663888,1.717753
710.0,-3.833117,-3.5338416,7.357382,0.4447099,0.9309586,1.736079
721.0,-3.7732618,-3.3854012,7.264008,0.5009095,0.90041536,1.740966
733.0,-4.0318356,-3.1028855,7.0102224,0.56688297,0.8772025,1.7153096
741.0,-4.2305546,-2.72939,6.969521,0.59742624,0.8552113,1.672549
753.0,-4.3957543,-2.492364,6.919243,0.5534439,0.8454375,1.640784
760.0,-4.43885,-2.3630772,6.8426285,0.45448375,0.84299403,1.6261233
772.0,-4.426879,-2.2697031,6.8330517,0.35185838,0.82833326,1.6175711
781.0,-4.3167458,-2.291251,6.76362,0.27488935,0.8173377,1.5980235
791.0,-4.369418,-2.1332338,6.730101,0.2406809,0.7965683,1.568702
801.0,-4.5274353,-2.0518308,6.727707,0.22357668,0.784351,1.5393804
813.0,-4.6926355,-1.8363527,6.576872,0.20280726,0.77946407,1.5088371
821.0,-4.915296,-1.6950948,6.5936313,0.18692477,0.7635816,1.4770721
832.0,-5.0493712,-1.6304513,6.5625067,0.18203785,0.72204274,1.4086553
840.0,-5.118803,-1.520318,6.5816603,0.18203785,0.72204274,1.4086553
853.0,-5.183447,-1.2761095,6.579266,0.17592919,0.7012733,1.3756685
862.0,-5.2863975,-1.2401965,6.5744777,0.17715092,0.6792821,1.3439035
871.0,-5.2863975,-1.1252748,6.612785,0.17348573,0.66339964,1.3158038
881.0,-5.3438582,-0.9983821,6.5601125,0.16249016,0.6536258,1.2913691
892.0,-5.422867,-0.93613285,6.540959,0.14782938,0.6389651,1.2718215
902.0,-5.590461,-0.78050977,6.5816603,0.12461651,0.6218608,1.2583824
912.0,-5.7748146,-0.6488287,6.5265937,0.095294975,0.6047566,1.2425
921.0,-5.7843914,-0.4261679,6.5026517,0.030543262,0.5522222,1.2144
934.0,-5.872977,-0.3184288,6.5122285,0.0036651916,0.52534413,1.2034045
942.0,-5.911284,-0.30166942,6.5840545,-0.0012217305,0.49602258,1.1911873
951.0,-5.925649,-0.18914193,6.5625067,0.012217305,0.46670106,1.17897
961.0,-6.042965,-0.2705448,6.5696893,0.04520403,0.44959682,1.1679744
971.0,-6.143522,0.0047884034,6.603208,0.087964594,0.43249258,1.1533136
981.0,-6.2105594,0.093373865,6.622362,0.11728613,0.4166101,1.1398746
992.0,-6.203377,0.29209262,6.5457473,0.13683382,0.40194935,1.1337659
1001.0,-6.2584434,0.545878,6.457162,0.14782938,0.38240165,1.1276573
1011.0,-6.3087215,0.7015011,6.373365,0.13561209,0.36651915,1.1178834
1024.0,-6.315904,0.78290397,6.4284315,0.105068825,0.3555236,1.1044444
1034.0,-6.399701,0.8595184,6.4427967,0.095294975,0.33841935,1.0824533
1061.0,-6.3805475,0.8882488,6.3589997,0.112399206,0.32620203,1.0580186
1061.0,-6.339846,0.9792285,6.351817,0.1441642,0.30543262,1.033584
1074.0,-6.3685765,1.0965444,6.375759,0.18570304,0.28710666,1.0079277
1074.0,-6.373365,1.1851299,6.291962,0.21991149,0.27488935,0.98349303
1080.0,-6.445191,1.3982137,6.2823853,0.23335053,0.26145032,0.956615
1090.0,-6.471527,1.6496049,6.2009826,0.23335053,0.2602286,0.92485
1100.0,-6.5122285,1.7645266,6.021417,0.23335053,0.24678956,0.8918633
1112.0,-6.4308257,2.0135236,5.935226,0.22357668,0.22602014,0.86254174
1120.0,-6.3685765,2.147599,5.861006,0.19303341,0.20891592,0.8356637
1132.0,-6.4140663,2.2960393,5.753267,0.15393804,0.19303341,0.79901177
1140.0,-6.4020953,2.2457612,5.78918,0.11484267,0.17592919,0.75625116
1150.0,-6.4763155,2.2936451,5.815516,0.073303826,0.1600467,0.7171558
1160.0,-6.399701,2.0949266,5.9639564,0.028099801,0.14049901,0.6817256
1172.0,-6.4547677,2.0111294,5.9687448,-0.019547688,0.13072516,0.64873886
1182.0,-6.4858923,2.030283,5.9304376,-0.040317107,0.12217305,0.6047566
1191.0,-6.4882865,2.0518308,5.8801594,-0.029321533,0.10262536,0.55955255
1201.0,-6.4044895,2.0590134,5.861006,-0.02565634,0.087964594,0.52534413
1212.0,-6.3901243,2.0925324,5.803545,-0.04153884,0.07574729,0.49480084
1222.0,-6.4523735,2.099715,5.741296,-0.059864793,0.062308256,0.45448375
1234.0,-6.435614,2.1021092,5.770026,-0.07086037,0.056199603,0.40439278
1242.0,-6.4643445,1.9967642,5.841852,-0.07574729,0.05009095,0.35430184
1252.0,-6.3326635,1.2521675,7.2568254,-0.06719518,0.043982297,0.312763
1264.0,-6.4308257,-1.4197617,6.981492,0.119729586,-0.095294975,0.18448131
1271.0,-6.7372837,-1.2258313,7.1706343,0.61819565,-0.27488935,-0.19058995
1281.0,-6.543353,0.48602295,6.9383965,1.110553,-0.32253686,-0.30787608
1293.0,-6.114791,2.6503813,6.2105594,1.4611896,-0.41905355,-0.13072516
1302.0,-5.729325,3.9671922,5.841852,1.5467108,-0.4202753,0.0
1311.0,-5.90889,3.8283286,5.645528,1.2889256,-0.23823744,0.02443461
1321.0,-6.3542113,3.2345665,5.78918,0.8332202,-0.028099801,0.017104227
1332.0,-6.7708025,2.992752,5.801151,0.41905355,0.09285152,0.047647487
1342.0,-6.739678,3.107674,5.779603,0.15882497,0.103847094,0.13316862
1353.0,-6.715736,3.3135753,5.683835,-0.013439035,0.07941248,0.20525073
1361.0,-6.6534867,3.430891,5.674258,-0.19303341,0.080634214,0.22479841
1372.0,-6.603208,3.2848446,5.731719,-0.376293,0.1001819,0.20769419
1382.0,-6.6295447,3.2393548,5.8226986,-0.50823987,0.119729586,0.18936823
1391.0,-6.6630635,3.0933087,5.947197,-0.56077427,0.11484267,0.17348573
1401.0,-6.7684083,2.9879637,5.90889,-0.5510005,0.095294975,0.14660765
1415.0,-6.8210807,2.8299465,5.8562174,-0.49602258,0.06963864,0.103847094
1422.0,-6.9647326,2.89459,5.920861,-0.42149702,0.039095376,0.062308256
1432.0,-6.9240313,3.0310593,5.9304376,-0.35308012,0.0036651916,0.032986723
1442.0,-6.8545995,2.9113493,5.925649,-0.30298916,-0.039095376,0.004886922
1452.0,-6.823475,2.813187,6.0884547,-0.28221974,-0.061086524,-0.030543262
1461.0,-6.849811,2.6551697,6.2704144,-0.2761111,-0.073303826,-0.064751714
1473.0,-6.751649,2.456451,6.423643,-0.27488935,-0.07452556,-0.089186326
1481.0,-6.5816603,2.1883004,6.540959,-0.27000242,-0.06963864,-0.095294975
1493.0,-6.591237,2.0207062,6.5960255,-0.25900686,-0.059864793,-0.087964594
1502.0,-6.6103907,1.9177556,6.7564373,-0.22479841,-0.040317107,-0.08552113
1511.0,-6.325481,1.4389153,7.0126166,-0.13561209,-0.04886922,-0.14905111
1521.0,-6.289568,1.5634137,7.0245876,0.065973446,-0.09773844,-0.3811799
1534.0,-6.5026517,1.7046716,7.079654,0.24312437,-0.073303826,-0.5705481
1542.0,-6.5960255,1.7669208,7.1059904,0.31031954,-0.042760566,-0.5534439
1551.0,-6.5481415,1.5993267,6.9599442,0.34574974,-0.021991149,-0.4361578
1564.0,-6.4978633,1.6783354,6.931214,0.38240165,0.007330383,-0.3481932
1573.0,-6.4906807,1.8028339,6.9288197,0.408058,0.021991149,-0.33353242
1582.0,-6.421249,2.0925324,6.813898,0.43127087,0.028099801,-0.37507126
1593.0,-6.3063273,2.2697031,6.8522053,0.42760566,0.043982297,-0.41783184
1601.0,-6.339846,2.3127987,6.8689647,0.39828414,0.07086037,-0.43004912
1612.0,-6.361394,2.195483,6.799533,0.37873647,0.09162979,-0.43249258
1622.0,-6.3901243,2.1068976,6.646304,0.39461896,0.10262536,-0.453262
1633.0,-6.5241995,2.1859062,6.4308257,0.4361578,0.111177474,-0.49357912
1641.0,-6.6630635,2.1811178,6.265626,0.4813618,0.11728613,-0.5314528
1654.0,-6.703765,2.1691468,6.184223,0.516792,0.112399206,-0.55955255
1662.0,-6.5960255,2.1284454,6.1411276,0.535118,0.103847094,-0.5839872
1671.0,-6.528988,2.1308396,6.054936,0.5326745,0.09040806,-0.61575216
1681.0,-6.5481415,2.111686,6.093243,0.5204572,0.07819075,-0.6560693
1693.0,-6.5505357,2.2170308,5.935226,0.4972443,0.06841691,-0.6988298
1702.0,-6.615179,2.147599,5.8705826,0.45814893,0.056199603,-0.73548174
1712.0,-6.631939,2.0901382,5.7843914,0.41538838,0.04886922,-0.766025
1721.0,-6.775591,2.0757728,5.78918,0.37995818,0.040317107,-0.79779
1734.0,-6.7205243,1.9536686,5.7604494,0.36651915,0.0036651916,-0.86254174
1742.0,-6.7947445,1.8435353,5.695806,0.36651915,0.0036651916,-0.86254174
1751.0,-6.7324953,1.8363527,5.767632,0.37873647,-0.02321288,-0.8894198
1762.0,-6.8522053,1.7932571,5.7987566,0.39461896,-0.040317107,-0.91507614
1775.0,-6.8426285,1.7286136,5.781997,0.4092797,-0.057421334,-0.9468411
1782.0,-6.861782,1.6663644,5.66947,0.41172317,-0.07452556,-0.9798279
1792.0,-6.969521,1.5921441,5.628768,0.39828414,-0.08552113,-1.0103711
1802.0,-6.873753,1.4437037,5.6431336,0.37018433,-0.11362094,-1.0555751
1813.0,-6.9647326,1.2066777,5.7628436,0.37384954,-0.12583824,-1.0763446
1822.0,-6.9623384,1.1180922,5.8107276,0.37995818,-0.14049901,-1.097114
1835.0,-6.9719152,1.091756,5.861006,0.3848451,-0.1563815,-1.1129965
1841.0,-7.062895,0.9648633,5.90889,0.38606682,-0.16615535,-1.1252137
1853.0,-7.1634517,0.90979666,5.9064956,0.37995818,-0.17348573,-1.1362094
1862.0,-7.1395097,0.79248077,5.8681884,0.35430184,-0.17837265,-1.1447614
1871.0,-7.053318,0.6368576,5.8921304,0.32253686,-0.18325958,-1.1496484
1881.0,-7.0341644,0.49559975,5.8226986,0.3042109,-0.1881465,-1.1508701
1894.0,-6.993463,0.5482722,5.8322754,0.29932398,-0.19547687,-1.1484267
1902.0,-6.9024835,0.60812724,5.827487,0.29932398,-0.2125811,-1.1398746
1910.0,-6.8761473,0.50517654,5.9567738,0.29565877,-0.23335053,-1.1239921
1920.0,-6.7731967,0.50757074,6.0740895,0.2932153,-0.25167647,-1.1044444
1932.0,-6.691794,0.20350714,6.220136,0.3042109,-0.26633725,-1.0873401
1940.0,-6.8809357,0.21068975,6.277597,0.34208453,-0.2761111,-1.0800097
1953.0,-7.062895,0.18195933,6.265626,0.4092797,-0.2919936,-1.0848967
1961.0,-7.1395097,0.19153613,6.253655,0.48624873,-0.31520647,-1.0861185
1973.0,-6.9503675,0.18674773,6.291962,0.5375614,-0.33964106,-1.0714576
1983.0,-6.8402343,0.035913024,6.3566055,0.5693264,-0.36163223,-1.0506883
1993.0,-6.6989765,-0.023942016,6.4188547,0.6047566,-0.37995818,-1.0384709
2003.0,-6.6367273,-0.047884032,6.421249,0.6426302,-0.39095375,-1.0323622
2015.0,-6.667852,0.047884032,6.4020953,0.65240407,-0.408058,-1.0189233
2022.0,-6.5577183,0.045489833,6.4020953,0.6230826,-0.42271876,-0.9981538
2035.0,-6.531382,0.08140286,6.3829417,0.5705481,-0.43371433,-0.98471475
2042.0,-6.588843,0.20350714,6.3182983,0.4972443,-0.44715336,-0.98471475
2052.0,-6.6271505,0.11731588,6.3326635,0.38240165,-0.453262,-0.98837996
2089.0,-6.7468605,0.0023942017,6.3566055,0.2565634,-0.43982297,-0.99082345
2089.0,-6.777985,-0.21308395,6.4188547,0.16737708,-0.4361578,-1.0005972
2089.0,-6.7612257,-0.40701428,6.4499793,0.12950343,-0.44593164,-1.0140363
2092.0,-6.6750345,-0.49559975,6.4643445,0.13072516,-0.46670106,-1.0201449
2101.0,-6.5601125,-0.5626374,6.517017,0.15393804,-0.48258355,-1.0128145
2111.0,-6.421249,-0.6368576,6.5385647,0.19181168,-0.49113566,-1.0030408
2121.0,-6.3470287,-0.6392518,6.564901,0.24190263,-0.49602258,-0.9957104
2134.0,-6.4260373,-0.6799533,6.495469,0.29565877,-0.5045747,-0.9896017
2140.0,-6.457162,-0.7206547,6.5098343,0.33353242,-0.516792,-0.98349303
2151.0,-6.5265937,-0.7062895,6.5337763,0.3481932,-0.52778757,-0.9810496
2160.0,-6.5146227,-0.6488287,6.6630635,0.34574974,-0.5363397,-0.99082345
2171.0,-6.435614,-0.770933,6.8067155,0.3359759,-0.5522222,-1.0152581
2181.0,-6.349423,-0.8810662,6.8450227,0.32986724,-0.5717699,-1.0421361
2193.0,-6.10282,-0.9720459,6.9264255,0.33108896,-0.5900958,-1.0616838
2201.0,-5.9926867,-1.0726024,7.1371155,0.34330627,-0.59986967,-1.0751228
2213.0,-5.875371,-1.0845734,7.261614,0.36041048,-0.6010914,-1.0861185
2222.0,-5.8346696,-1.2449849,7.2831616,0.376293,-0.59986967,-1.0922271
2232.0,-5.849035,-1.3072342,7.297527,0.3921755,-0.5876524,-1.102001
2241.0,-5.8825536,-1.3479356,7.2951326,0.40683624,-0.5766568,-1.1166617
2254.0,-5.973533,-1.3958195,7.3406224,0.40561453,-0.5681047,-1.128879
2263.0,-5.949591,-1.3670892,7.4627266,0.38606682,-0.5656612,-1.1325442
2272.0,-5.865794,-1.42455,7.57286,0.36041048,-0.55955255,-1.1337659
2281.0,-5.7963624,-1.4437037,7.639898,0.3323107,-0.55833083,-1.1374311
2293.0,-5.805939,-1.5634137,7.6734166,0.30176744,-0.5497787,-1.1386528
2302.0,-5.66947,-1.6041151,7.7548194,0.28588495,-0.5375614,-1.1374311
2313.0,-5.695806,-1.6112977,7.7332716,0.27977628,-0.52778757,-1.1349876
2322.0,-5.6335564,-1.5801731,7.66384,0.27488935,-0.516792,-1.1349876
2334.0,-5.6239796,-1.5993267,7.627927,0.267559,-0.50701815,-1.1349876
2343.0,-5.616797,-1.6232687,7.6973586,0.25045475,-0.49480084,-1.1337659
2352.0,-5.638345,-1.8363527,7.6829934,0.21991149,-0.47647488,-1.1276573
2361.0,-5.544971,-1.8483237,7.740454,0.1966986,-0.4654793,-1.1239921
2374.0,-5.568913,-1.9153614,7.73806,0.19425514,-0.4605924,-1.1239921
2386.0,-5.425261,-1.9129672,7.819463,0.20891592,-0.45937067,-1.1227703
2392.0,-5.3462524,-1.8626889,7.7811556,0.21991149,-0.45814893,-1.1154399
2401.0,-5.243302,-1.8986019,7.869741,0.21746802,-0.4569272,-1.1081096
2415.0,-5.209783,-1.982399,7.9008656,0.1966986,-0.44104472,-1.105666
2423.0,-5.255273,-2.1068976,7.9152308,0.16249016,-0.4361578,-1.1068878
2434.0,-5.1810527,-2.2409728,7.965509,0.12461651,-0.41783184,-1.105666
2441.0,-5.221754,-2.3750482,7.9750857,0.105068825,-0.408058,-1.1007792
2452.0,-5.149928,-2.4396915,7.9487495,0.10873401,-0.40561453,-1.0910053
2463.0,-5.1020436,-2.4229321,7.929596,0.11728613,-0.40683624,-1.0751228
2472.0,-5.080496,-2.408567,7.93199,0.12217305,-0.40561453,-1.0555751
2482.0,-4.999093,-2.4971523,7.9272017,0.1282817,-0.40439278,-1.0372492
2493.0,-4.9176903,-2.6240451,7.9702973,0.13072516,-0.4092797,-1.0225884
2501.0,-4.8482585,-2.6192567,8.034941,0.13072516,-0.408058,-1.0115929
2512.0,-4.781221,-2.6144683,8.042124,0.14172074,-0.41416663,-1.001819
