69.0,-0.8714894,0.62249243,9.574412,0.15271631,0.112399206,-0.06963864
69.0,-0.7134721,0.49320555,9.481039,-0.07452556,-0.22357668,-0.2932153
69.0,-0.6440403,0.4237737,9.461885,-0.20280726,-0.36163223,-0.45081854
69.0,-0.6560113,0.35673606,9.32781,-0.15149458,0.46792278,-0.21868975
69.0,-0.7374141,0.24899697,9.3733,-0.21624629,0.5216789,-0.34330627
111.0,-0.7733272,0.36631286,9.291897,-0.2773328,0.37751472,-0.5338962
111.0,-0.79008657,0.38067806,9.296685,-0.30298916,0.21380283,-0.6585127
111.0,-0.82121116,0.24420857,9.303867,-0.32742378,0.21135938,-0.6939429
111.0,-0.80684596,0.1340753,9.332599,-0.3640757,0.21135938,-0.7098254
118.0,-0.94092125,-0.01436521,9.394848,-0.4007276,0.21746802,-0.7122689
130.0,-1.1228806,-0.14604631,9.323022,-0.4202753,0.21502456,-0.7098254
138.0,-1.1587936,-0.31124622,9.399636,-0.41538838,0.20647246,-0.70616025
148.0,-1.2761095,-0.50757074,9.332599,-0.39584067,0.19303341,-0.6963864
158.0,-1.2641385,-0.59376204,9.428367,-0.36896262,0.17837265,-0.6768387
169.0,-1.3144168,-0.62249243,9.394848,-0.33108896,0.1563815,-0.64996064
177.0,-1.4915876,-0.6631939,9.449914,-0.2883284,0.1282817,-0.61941737
189.0,-1.436521,-0.61530983,9.548077,-0.25534168,0.09896017,-0.58276546
198.0,-1.5490485,-0.7230489,9.583989,-0.22235495,0.07452556,-0.54244834
208.0,-1.5490485,-0.7158663,9.595961,-0.1881465,0.05131268,-0.50701815
221.0,-1.5945383,-0.7062895,9.64145,-0.15760323,0.02687807,-0.47891834
229.0,-1.6065093,-0.79487497,9.610326,-0.13683382,0.0061086523,-0.45081854
238.0,-1.6112977,-0.8595184,9.696517,-0.12339478,-0.013439035,-0.41905355
250.0,-1.6759412,-0.9552865,9.727641,-0.112399206,-0.028099801,-0.38362336
259.0,-1.6807296,-1.0319009,9.792285,-0.09896017,-0.037873644,-0.344528
272.0,-1.7764976,-1.0510546,9.85214,-0.080634214,-0.047647487,-0.30543262
279.0,-1.8219875,-1.0702082,9.871294,-0.06352998,-0.057421334,-0.26633725
288.0,-1.8315643,-0.9624691,9.856929,-0.05375614,-0.064751714,-0.22113322
298.0,-1.9201498,-1.1013328,9.861717,-0.05497787,-0.065973446,-0.17715092
310.0,-1.8770541,-1.0199299,9.878476,-0.062308256,-0.062308256,-0.13805555
319.0,-1.9512744,-0.93613285,9.801862,-0.06963864,-0.057421334,-0.10873401
329.0,-1.9536686,-0.9744401,9.902418,-0.07941248,-0.04886922,-0.0842994
338.0,-2.1906946,-1.043872,9.938332,-0.089186326,-0.030543262,-0.062308256
349.0,-2.2457612,-1.115698,10.029311,-0.08552113,-0.0061086523,-0.042760566
359.0,-2.348712,-1.1180922,10.086772,-0.062308256,0.009773844,-0.02687807
370.0,-2.2864625,-1.1587936,10.199299,-0.02076942,0.02443461,-0.012217305
378.0,-2.2744915,-1.0989386,10.244789,0.014660766,0.04153884,0.007330383
389.0,-2.2098482,-1.0606314,10.251971,0.028099801,0.064751714,0.029321533
399.0,-2.2218192,-1.0223241,10.25676,-0.0036651916,0.09896017,0.04642576
409.0,-2.303222,-1.0726024,10.479421,-0.07574729,0.1600467,0.05131268
418.0,-2.3798366,-1.103727,10.867282,-0.17104226,0.23823744,0.04886922
431.0,-2.3798366,-1.2138603,11.073183,-0.2761111,0.3286455,0.04886922
439.0,-2.5067291,-1.30484,11.183316,-0.36041048,0.41783184,0.059864793
449.0,-2.5617957,-1.3096284,11.104307,-0.42394048,0.49968776,0.07941248
458.0,-2.681506,-1.508347,11.212047,-0.48258355,0.59742624,0.09162979
469.0,-2.7724855,-1.8219875,11.286267,-0.52290064,0.6951646,0.105068825
479.0,-2.9137435,-1.9680338,11.559206,-0.54367006,0.79168135,0.13194689
490.0,-3.0430303,-1.8267759,11.60709,-0.5681047,0.88208944,0.17348573
499.0,-3.2082303,-1.8387469,11.480197,-0.6133087,0.9578367,0.22235495
509.0,-3.2800562,-1.934515,11.197681,-0.72204274,1.0396926,0.2761111
519.0,-3.430891,-2.2361844,11.204864,-0.86376345,1.1447614,0.32986724
532.0,-3.5314474,-2.633622,11.118672,-0.95294976,1.2522738,0.37995818
540.0,-3.6655228,-2.9735985,11.03727,-0.93951076,1.3329079,0.43004912
553.0,-3.679888,-3.0885203,10.6877165,-0.8417723,1.3622295,0.48624873
562.0,-3.5984852,-2.8443117,10.55843,-0.7012733,1.3671165,0.5534439
572.0,-3.5865142,-2.6144683,10.685322,-0.57787853,1.3903292,0.63529986
581.0,-3.7062242,-2.4109612,10.563218,-0.49235737,1.4477507,0.7281514
593.0,-4.0078936,-2.1978772,10.548853,-0.43860126,1.5027285,0.8210029
599.0,-4.010288,-2.3918076,10.208876,-0.43493605,1.5332718,0.9077458
611.0,-4.1635165,-2.4660277,9.837775,-0.48991394,1.5564847,0.9932669
620.0,-4.1132383,-2.5187001,9.648633,-0.5510005,1.5723672,1.0763446
632.0,-4.237737,-2.5809495,9.440337,-0.56199604,1.5796975,1.1496484
641.0,-4.134786,-2.5833437,9.193734,-0.5314528,1.5650368,1.2241739
650.0,-4.197036,-2.4229321,8.896853,-0.49480084,1.5515977,1.3133603
661.0,-4.4244847,-2.408567,8.7125,-0.43127087,1.5393804,1.4123205
674.0,-4.6255975,-2.3199813,8.554482,-0.3213151,1.5283848,1.505172
682.0,-4.876989,-2.2984335,8.47308,-0.18081611,1.5112807,1.5882497
692.0,-4.972757,-2.0949266,8.422802,-0.028099801,1.4819591,1.6530013
701.0,-4.972757,-2.1140802,8.209718,0.118507855,1.4355333,1.6982054
713.0,-4.915296,-1.9991584,7.9343843,0.20647246,1.3988814,1.7397442
721.0,-4.891354,-1.6567876,7.8625584,0.2284636,1.3768903,1.7702875
734.0,-4.8937483,-1.4341269,7.723695,0.18448131,1.3561208,1.7800614
740.0,-4.9224787,-1.3263878,7.541735,0.18448131,1.3561208,1.7800614
753.0,-5.0757074,-1.3335704,7.4244194,0.14905111,1.3610078,1.8044959
761.0,-5.2121773,-1.2282255,7.455544,0.13194689,1.3548992,1.8399261
773.0,-5.3438582,-1.103727,7.371747,0.15027285,1.3267993,1.8606955
782.0,-5.365406,-0.78769237,7.1826053,0.18448131,1.2864822,1.8643607
794.0,-5.434838,-0.6871359,7.0245876,0.19914207,1.2596041,1.8692477
801.0,-5.4420204,-0.5793968,6.931214,0.18692477,1.2315043,1.8753563
813.0,-5.3079453,-0.56982,6.873753,0.16249016,1.1972959,1.8753563
820.0,-5.106832,-0.58657944,6.5601125,0.10629055,1.1203269,1.8655825
833.0,-5.2121773,-0.36631286,6.423643,0.065973446,1.078788,1.8741345
840.0,-5.2169657,-0.08140286,6.325481,0.012217305,1.0311406,1.8875736
854.0,-5.2624555,0.17717093,6.105214,-0.042760566,0.9663888,1.8997909
861.0,-5.1810527,0.24660277,5.9878983,-0.1001819,0.90041536,1.9107865
871.0,-5.207389,0.40462008,6.007052,-0.172264,0.8368854,1.9242256
881.0,-5.269638,0.49559975,5.920861,-0.25411993,0.7819075,1.9291124
891.0,-5.3079453,0.62967503,5.8801594,-0.31520647,0.7134906,1.921782
900.0,-5.245696,0.58657944,5.9160724,-0.3555236,0.64873886,1.9058995
912.0,-5.1523223,0.581791,5.9687448,-0.36774087,0.5815437,1.8875736
920.0,-5.2265425,0.6344634,5.9424086,-0.32498032,0.5204572,1.8680259
933.0,-5.149928,0.91458505,6.054936,-0.22113322,0.45937067,1.8423696
940.0,-5.1259856,1.2066777,6.1938,-0.089186326,0.38240165,1.813048
951.0,-5.023035,1.6017209,6.1387334,0.028099801,0.30909783,1.7935003
962.0,-4.9296613,1.9201498,6.2512608,0.09773844,0.25778514,1.7788396
972.0,-4.999093,2.1284454,6.181829,0.12705997,0.22235495,1.7458528
981.0,-4.8722005,2.1643584,6.1985884,0.12339478,0.19792034,1.6847663
993.0,-4.9296613,2.1452048,6.2608376,0.09040806,0.18448131,1.613906
1001.0,-4.8937483,2.3056161,6.3206925,0.065973446,0.16493362,1.5430456
1013.0,-4.8219223,2.5689783,6.349423,0.07819075,0.13439035,1.4672983
1021.0,-4.685453,2.8275523,6.3949127,0.105068825,0.096516706,1.3866642
1034.0,-4.6950297,3.0885203,6.423643,0.112399206,0.065973446,1.3096951
1042.0,-4.642357,3.2082303,6.4882865,0.1001819,0.047647487,1.2363913
1053.0,-4.594473,3.2872388,6.5098343,0.0842994,0.037873644,1.1643091
1061.0,-4.7070007,3.394978,6.5122285,0.062308256,0.02321288,1.0934488
1078.0,-4.711789,3.4117374,6.5840545,0.014660766,0.013439035,1.0360274
1095.0,-4.7620673,3.3255463,6.634333,-0.043982297,0.014660766,0.9859365
1095.0,-4.8027687,3.2824504,6.622362,-0.06963864,0.0036651916,0.9285152
1165.0,-4.7046065,3.4093432,6.6391215,-0.062308256,-0.02076942,0.86009824
1165.0,-4.7285485,3.4356794,6.6534867,-0.036651913,-0.037873644,0.78801614
1166.0,-4.8147397,3.5482068,6.6415157,0.002443461,-0.058643065,0.71837753
1166.0,-4.9559975,3.6008794,6.6079965,0.029321533,-0.081855945,0.6560693
1166.0,-5.104438,3.5697548,6.540959,0.012217305,-0.09040806,0.6010914
1166.0,-5.1786585,3.4763808,6.445191,-0.058643065,-0.09407325,0.54611355
1166.0,-5.2600613,3.311181,6.2967505,-0.1600467,-0.096516706,0.48624873
1173.0,-5.439626,3.4284968,6.217742,-0.25289822,-0.10873401,0.42271876
1181.0,-5.401319,3.4811692,6.3350577,-0.31764993,-0.13683382,0.36041048
1190.0,-5.403713,3.620033,6.612785,-0.3494149,-0.15760323,0.30176744
1201.0,-5.5162406,3.5577838,6.8043213,-0.3200934,-0.13561209,0.25045475
1212.0,-5.765238,3.4141316,6.897695,-0.22602014,-0.1282817,0.2284636
1220.0,-5.9064956,3.2992098,6.8881183,-0.13072516,-0.12461651,0.23335053
1233.0,-6.021417,3.1914709,6.8210807,-0.06352998,-0.12461651,0.22968534
1242.0,-6.136339,3.3662477,6.694188,-0.032986723,-0.12461651,0.20158553
1251.0,-6.1076083,3.5194764,6.5984197,-0.036651913,-0.12095132,0.1563815
1261.0,-6.179435,3.7134068,6.5002575,-0.058643065,-0.11362094,0.10995574
1273.0,-6.1770406,3.8618474,6.5601125,-0.08552113,-0.10629055,0.06719518
1281.0,-6.1004257,3.7972038,6.5265937,-0.119729586,-0.095294975,0.03176499
1293.0,-6.136339,3.845088,6.600814,-0.14660765,-0.087964594,-0.004886922
1301.0,-6.145916,3.928885,6.667852,-0.15271631,-0.0842994,-0.042760566
1312.0,-6.117185,3.9384618,6.706159,-0.12950343,-0.08674286,-0.07696902
1323.0,-6.045359,4.0414124,6.7851677,-0.09285152,-0.089186326,-0.105068825
1334.0,-5.9448028,4.0198646,6.897695,-0.057421334,-0.089186326,-0.13072516
1341.0,-5.9160724,4.015076,7.038953,-0.029321533,-0.081855945,-0.15149458
1353.0,-5.865794,3.9695864,7.086837,-0.0036651916,-0.064751714,-0.17715092
1362.0,-5.8107276,3.8786068,7.1107793,0.030543262,-0.056199603,-0.21013765
1373.0,-5.5737014,3.809175,7.177817,0.061086524,-0.05497787,-0.2443461
1381.0,-5.595249,3.8618474,7.290344,0.07819075,-0.047647487,-0.2883284
1393.0,-5.6120086,3.86903,7.309498,0.096516706,-0.019547688,-0.33841935
1403.0,-5.5282116,3.9145198,7.410054,0.111177474,-0.007330383,-0.37140608
1413.0,-5.4659624,3.9145198,7.3190746,0.12095132,0.0061086523,-0.3933972
1422.0,-5.485116,3.7828386,7.347805,0.13072516,0.02565634,-0.42760566
1434.0,-5.499481,3.727772,7.309498,0.13194689,0.04520403,-0.47036624
1442.0,-5.4324436,3.7325604,7.2113357,0.13683382,0.05497787,-0.5143485
1455.0,-5.351041,3.6008794,7.101202,0.14538592,0.05497787,-0.5522222
1462.0,-5.365406,3.739743,7.0245876,0.13927728,0.05131268,-0.5852089
1473.0,-5.3342814,3.7134068,6.9000893,0.103847094,0.043982297,-0.6206391
1483.0,-5.329493,3.5577838,6.811504,0.043982297,0.037873644,-0.65484756
1492.0,-5.377377,3.3279405,6.76362,-0.02076942,0.039095376,-0.68294734
1502.0,-5.446809,3.1052797,6.7588315,-0.06719518,0.034208454,-0.7110472
1514.0,-5.566519,3.040636,6.670246,-0.0720821,0.019547688,-0.73914695
1523.0,-5.6000376,2.966416,6.667852,-0.043982297,-0.0061086523,-0.75869465
1534.0,-5.6239796,2.9400797,6.787562,0.0,-0.029321533,-0.7684685
1542.0,-5.6239796,2.7868507,6.7229185,0.062308256,-0.04520403,-0.7831292
1553.0,-5.6670756,2.6623523,6.622362,0.1441642,-0.061086524,-0.8063421
1563.0,-5.7724204,2.72939,6.6774287,0.23090707,-0.080634214,-0.8332202
1574.0,-5.7867856,2.8060043,6.5744777,0.3005457,-0.1001819,-0.8503244
1581.0,-5.827487,2.765303,6.5481415,0.33108896,-0.118507855,-0.85154617
1593.0,-5.841852,2.657564,6.4763155,0.31031954,-0.12339478,-0.8503244
1602.0,-6.0884547,2.5737667,6.4188547,0.28099802,-0.119729586,-0.87598073
1613.0,-6.265626,2.4636335,6.4427967,0.24556783,-0.1160644,-0.90408057
1622.0,-6.2728086,2.3080103,6.5026517,0.20280726,-0.118507855,-0.9138544
1635.0,-6.256049,2.1643584,6.5505357,0.16615535,-0.13927728,-0.9260717
1644.0,-6.2249246,2.0590134,6.471527,0.16615535,-0.13927728,-0.9260717
1653.0,-6.172252,2.0590134,6.5625067,0.19181168,-0.14905111,-0.9419542
1661.0,-6.2009826,2.087744,6.564901,0.23945917,-0.15760323,-0.95172805
1673.0,-6.172252,2.1021092,6.5840545,0.2919936,-0.17348573,-0.9492846
1682.0,-6.131551,2.0757728,6.43322,0.3213151,-0.1881465,-0.9456194
1693.0,-6.1938,1.9895816,6.373365,0.31398472,-0.19547687,-0.95172805
1701.0,-6.232107,1.9536686,6.459556,0.27000242,-0.21868975,-0.9944886
1713.0,-6.215348,1.8411411,6.567295,0.25411993,-0.23457226,-1.0140363
1723.0,-6.133945,1.721431,6.591237,0.22357668,-0.25045475,-1.028697
1734.0,-6.184223,1.6256629,6.619968,0.17959438,-0.25534168,-1.0372492
1743.0,-6.184223,1.5346833,6.7085533,0.1441642,-0.26267207,-1.0421361
1754.0,-6.1746464,1.412579,6.835446,0.12217305,-0.2687807,-1.0433578
1764.0,-6.2464724,1.2569559,6.873753,0.111177474,-0.27000242,-1.0360274
1772.0,-6.244078,1.2138603,6.9886746,0.12217305,-0.27122417,-1.0262536
1781.0,-6.2608376,1.1444284,6.9886746,0.15882497,-0.27855456,-1.0177015
1792.0,-6.1985884,1.1875241,7.03177,0.20647246,-0.29077184,-1.0152581
1803.0,-6.232107,1.2042835,7.0485296,0.24190263,-0.30543262,-1.0164797
1814.0,-6.0716953,1.1611878,7.015011,0.24190263,-0.3115413,-1.0152581
1822.0,-6.0285997,1.1420342,7.0341644,0.19792034,-0.30909783,-1.0103711
1835.0,-6.0142345,1.1492168,7.144298,0.12095132,-0.2968805,-1.0067059
1843.0,-6.021417,1.0079589,7.249643,0.015882496,-0.28221974,-1.0042624
1854.0,-5.9304376,0.8834604,7.4148426,-0.103847094,-0.26389378,-0.9944886
1861.0,-5.8226986,0.61530983,7.4866686,-0.20647246,-0.24556783,-0.9798279
1875.0,-5.875371,0.36870706,7.575254,-0.24556783,-0.22968534,-0.9651671
1882.0,-5.9519854,0.23942018,7.6470804,-0.20280726,-0.22113322,-0.95905846
1894.0,-6.0645127,0.24181437,7.702147,-0.09896017,-0.22602014,-0.956615
1905.0,-6.019023,0.25617957,7.716512,0.029321533,-0.23335053,-0.9456194
1912.0,-5.959168,0.37588966,7.524976,0.15271631,-0.25167647,-0.9297369
1922.0,-5.9759274,0.36391866,7.445967,0.23579398,-0.267559,-0.91874135
1935.0,-6.033388,0.5386954,7.347805,0.25167647,-0.2687807,-0.91629785
1943.0,-6.1004257,0.62728083,7.297527,0.21135938,-0.25778514,-0.91874135
1952.0,-6.114791,0.60573304,7.2544312,0.13439035,-0.23945917,-0.91629785
1963.0,-6.090849,0.545878,7.216124,0.058643065,-0.23823744,-0.9077458
1973.0,-6.1219735,0.4333505,7.204153,0.013439035,-0.22724187,-0.89919364
1983.0,-6.0860605,0.34955344,7.1849995,0.0061086523,-0.22602014,-0.8943067
1994.0,-6.0764837,0.29688102,7.156269,0.030543262,-0.23335053,-0.8906415
2003.0,-6.0357823,0.24899697,7.1466923,0.0720821,-0.24801129,-0.893085
2012.0,-6.042965,0.25378537,7.1586633,0.1160644,-0.25778514,-0.9016371
2023.0,-6.0381765,0.19393034,7.132327,0.14660765,-0.26511553,-0.9089675
2034.0,-6.0118403,0.1316811,7.165846,0.1563815,-0.27000242,-0.9126327
2043.0,-6.0860605,0.01436521,7.1754227,0.1441642,-0.267559,-0.9126327
2054.0,-6.205771,0.021547815,7.21373,0.12583824,-0.26633725,-0.91629785
2062.0,-6.1100025,-0.093373865,7.1706343,0.105068825,-0.2687807,-0.9236283
2079.0,-6.0645127,-0.16280572,7.290344,0.087964594,-0.26511553,-0.9309586
2095.0,-5.98311,-0.33039984,7.3166804,0.081855945,-0.26511553,-0.93462384
2095.0,-5.9448028,-0.50996494,7.309498,0.089186326,-0.26267207,-0.9334021
2102.0,-5.913678,-0.51954174,7.3406224,0.10995574,-0.25778514,-0.9370673
2183.0,-5.875371,-0.557849,7.381324,0.13805555,-0.25534168,-0.9492846
2183.0,-5.8705826,-0.58418524,7.357382,0.15149458,-0.25411993,-0.9578367
2183.0,-5.767632,-0.5506664,7.3645644,0.13194689,-0.24678956,-0.95172805
2183.0,-5.801151,-0.6392518,7.40766,0.09407325,-0.2321288,-0.93951076
2183.0,-5.872977,-0.7398083,7.4363904,0.06352998,-0.21502456,-0.93218035
2183.0,-5.920861,-0.830788,7.5561004,0.043982297,-0.20158553,-0.93584555
2183.0,-5.93762,-0.8643068,7.6351094,0.039095376,-0.1966986,-0.9370673
2183.0,-5.9041014,-0.93852705,7.606379,0.059864793,-0.19425514,-0.9297369
2191.0,-5.851429,-0.9624691,7.632715,0.103847094,-0.19792034,-0.9236283
2202.0,-5.693412,-1.0366893,7.66384,0.13927728,-0.2003638,-0.91874135
2212.0,-5.592855,-1.1611878,7.7428484,0.15760323,-0.19914207,-0.91507614
2221.0,-5.4922986,-1.2976574,7.723695,0.16126843,-0.1881465,-0.9114109
2234.0,-5.48751,-1.3790601,7.6590514,0.16126843,-0.18081611,-0.9053023
2241.0,-5.535394,-1.3790601,7.61835,0.16249016,-0.17470746,-0.90285885
2251.0,-5.5377884,-1.3239936,7.7069354,0.16126843,-0.16982053,-0.89675015
2261.0,-5.580884,-1.2737153,7.7213006,0.15393804,-0.16249016,-0.87964594
2272.0,-5.5737014,-1.2808979,7.678205,0.1441642,-0.1563815,-0.86254174
2282.0,-5.554548,-1.4053963,7.7213006,0.13805555,-0.14782938,-0.85154617
2294.0,-5.556942,-1.520318,7.785944,0.12950343,-0.13805555,-0.84421575
2302.0,-5.583278,-1.4987702,7.752425,0.12583824,-0.13316862,-0.8393288
2313.0,-5.5377884,-1.484405,7.716512,0.13561209,-0.13683382,-0.8381071
2323.0,-5.4659624,-1.5562311,7.7308774,0.15393804,-0.14538592,-0.8344419
2335.0,-5.398925,-1.508347,7.716512,0.16615535,-0.14782938,-0.8258898
2343.0,-5.2840033,-1.4197617,7.7691846,0.172264,-0.14782938,-0.8173377
2354.0,-5.351041,-1.4939818,7.750031,0.16371189,-0.14172074,-0.80878556
2364.0,-5.41329,-1.6280571,7.7572136,0.14905111,-0.13072516,-0.8038987
2374.0,-5.3342814,-1.6208745,7.752425,0.13561209,-0.12339478,-0.8026769
2382.0,-5.329493,-1.6543933,7.8505874,0.12583824,-0.12339478,-0.8026769
2393.0,-5.329493,-1.5729905,7.8625584,0.09773844,-0.12339478,-0.8038987
2403.0,-5.3103395,-1.6687586,7.869741,0.04886922,-0.11728613,-0.79779
2414.0,-5.2648497,-1.7884687,7.7907324,0.0,-0.10140363,-0.79168135
2423.0,-5.2648497,-1.8315643,7.7907324,-0.030543262,-0.09040806,-0.7892379
2434.0,-5.2504845,-1.9488802,7.800309,-0.040317107,-0.08674286,-0.7855727
2444.0,-5.2504845,-1.946486,7.821857,-0.02565634,-0.08674286,-0.77946407
2454.0,-5.161899,-1.9009962,7.845799,0.0061086523,-0.096516706,-0.766025
2462.0,-5.1666875,-1.946486,7.881712,0.035430185,-0.1001819,-0.75136423
2475.0,-5.1379566,-1.9560628,7.7931266,0.061086524,-0.10140363,-0.74036866
2483.0,-5.1642933,-2.0566192,7.797915,0.07941248,-0.1001819,-0.7330383
2493.0,-5.106832,-2.0231004,7.8290396,0.08307768,-0.10262536,-0.72692966
2503.0,-5.1690817,-2.0207062,7.7667904,0.07086037,-0.10629055,-0.7244862
