23.0,1.0773908,-1.0702082,9.981427,0.007330383,-0.02076942,-0.0012217305
37.0,1.0414777,-1.079785,10.0508585,0.14538592,0.13561209,-0.08307768
37.0,0.6655881,-1.3311762,10.189722,-0.009773844,-0.27366763,-0.25534168
54.0,0.46686932,-1.4820108,10.060435,-0.13683382,-0.3286455,-0.27855456
63.0,0.47405192,-1.484405,9.969456,-0.062308256,0.5290093,0.07696902
67.0,0.59615624,-1.4413095,9.880871,-0.095294975,0.6133087,0.061086524
77.0,0.62009823,-1.484405,9.7084875,-0.09896017,0.4972443,-0.014660766
87.0,0.5315128,-1.4317327,9.605537,-0.064751714,0.35063666,-0.08552113
97.0,0.38307226,-1.4915876,9.428367,-0.008552114,0.344528,-0.105068825
108.0,0.33279404,-1.5729905,9.303867,0.04520403,0.32742378,-0.13316862
118.0,0.2896984,-1.5682021,9.193734,0.08674286,0.30298916,-0.16493362
128.0,0.35434186,-1.4820108,9.19134,0.10995574,0.28344148,-0.20158553
138.0,0.51235914,-1.2282255,9.260772,0.10873401,0.29077184,-0.23701571
148.0,0.41180268,-1.2497733,9.325416,0.07819075,0.31031954,-0.26145032
160.0,0.11971009,-1.2282255,9.3661175,0.039095376,0.3200934,-0.27977628
168.0,0.016759412,-1.2880806,9.464279,0.012217305,0.31398472,-0.30176744
179.0,-0.01436521,-1.3718776,9.44752,-0.0012217305,0.29810223,-0.32375857
187.0,-0.01436521,-1.484405,9.457097,-0.004886922,0.2883284,-0.34330627
198.0,-0.088585466,-1.6232687,9.481039,0.0012217305,0.28588495,-0.36041048
208.0,-0.1412579,-1.6256629,9.308656,0.010995574,0.28710666,-0.376293
218.0,-0.28491,-1.6711528,9.404425,0.012217305,0.28588495,-0.3885103
228.0,-0.40701428,-1.6783354,9.354146,0.012217305,0.2846632,-0.3933972
239.0,-0.47644615,-1.6639702,9.507375,0.02321288,0.28099802,-0.39095375
248.0,-0.5626374,-1.6400281,9.583989,0.02443461,0.2773328,-0.37995818
260.0,-0.61770403,-1.5849615,9.713276,0.0036651916,0.29443705,-0.37140608
268.0,-0.6655881,-1.6352397,9.847352,0.008552114,0.31887165,-0.36896262
278.0,-0.842759,-1.6998832,9.92636,0.02076942,0.33841935,-0.3652974
287.0,-0.9983821,-1.7980455,9.94312,-0.015882496,0.3494149,-0.35430184
299.0,-1.2018893,-1.757344,10.041282,-0.13561209,0.35918877,-0.32742378
307.0,-1.2617443,-1.5466543,10.225636,-0.36896262,0.40683624,-0.27488935
318.0,-1.2856863,-1.5179238,10.3932295,-0.6768387,0.49846604,-0.20769419
328.0,-1.4101849,-1.661576,10.649409,-0.9786061,0.625526,-0.13805555
339.0,-1.5969325,-1.9393034,11.056423,-1.2461652,0.7464773,-0.06841691
348.0,-1.9728222,-2.4420857,11.45865,-1.59558,0.97005403,0.1160644
360.0,-2.1452048,-3.0573955,11.683704,-1.59558,0.97005403,0.1160644
368.0,-2.27928,-3.6176388,11.671733,-1.6420058,1.0519099,0.23701571
379.0,-2.3391352,-4.247314,11.425131,-1.6151277,1.1301007,0.35185838
388.0,-2.4827871,-4.644751,11.116279,-1.536937,1.2278391,0.44593164
399.0,-2.7509377,-4.9919105,11.015722,-1.4245378,1.3231341,0.5216789
408.0,-3.122039,-5.094861,10.9103775,-1.0164797,1.4660766,0.6780604
420.0,-3.5649664,-5.1642933,10.752359,-0.72204274,1.5076154,0.77824235
428.0,-3.6727054,-5.0278234,10.563218,-0.41538838,1.5234979,0.87598073
439.0,-3.608062,-4.6662993,10.362105,-0.14660765,1.53205,0.9615019
448.0,-3.5051112,-4.369418,10.105926,0.035430185,1.5515977,1.0506883
459.0,-3.514688,-4.0653543,9.787497,0.11728613,1.5858061,1.1386528
468.0,-3.643975,-3.787627,9.639056,0.15027285,1.6224581,1.2144
480.0,-3.7181952,-3.502717,9.370906,0.15760323,1.6420058,1.2840388
488.0,-3.70383,-3.4141316,9.105149,0.15760323,1.65911,1.3451253
499.0,-3.8283286,-3.4093432,9.006987,0.16126843,1.6762142,1.4025466
508.0,-3.8857894,-3.3854012,9.028535,0.18325958,1.6847663,1.4514158
519.0,-4.027047,-3.1866825,8.966286,0.21991149,1.6688838,1.4880677
528.0,-4.1491513,-3.0597897,8.803479,0.24556783,1.6395624,1.5173893
539.0,-4.197036,-2.8060043,8.690952,0.25289822,1.6053538,1.5454891
549.0,-4.249708,-2.7964275,8.403648,0.24678956,1.5711454,1.5784758
562.0,-4.3478703,-2.846706,8.176199,0.24312437,1.5467108,1.6175711
571.0,-4.4675803,-2.8538885,8.157045,0.2883284,1.5296066,1.645671
581.0,-4.687847,-2.9472623,8.202535,0.37751472,1.486846,1.6639969
592.0,-4.72376,-2.908955,8.137892,0.4605924,1.4245378,1.6872098
602.0,-4.6399627,-2.743755,8.1402855,0.5009095,1.3707817,1.7214183
612.0,-4.570531,-2.6288335,8.106767,0.49480084,1.3292428,1.7446312
620.0,-4.501099,-2.4349031,7.8888946,0.4654793,1.2901474,1.7434094
631.0,-4.630386,-2.2457612,7.699753,0.4202753,1.2498302,1.7263051
642.0,-4.88896,-2.111686,7.57286,0.36285394,1.205848,1.717753
652.0,-4.9823337,-1.9608512,7.5082164,0.30909783,1.1508701,1.7287487
664.0,-5.097255,-1.8794483,7.465121,0.29932398,1.0763446,1.7397442
673.0,-5.097255,-1.8124107,7.548918,0.35918877,1.0079277,1.7348573
682.0,-4.9583917,-1.8746599,7.560889,0.47158796,0.9443977,1.7201965
693.0,-4.8482585,-1.6903064,7.457938,0.5876524,0.8894198,1.6957619
701.0,-4.8362875,-1.4030021,7.3310456,0.65118235,0.8527679,1.65911
712.0,-5.1259856,-1.079785,7.192182,0.6365216,0.84421575,1.6212363
723.0,-5.2624555,-0.92895025,7.2065473,0.5681047,0.8368854,1.5906931
732.0,-5.386954,-0.8858546,7.252037,0.49480084,0.8246681,1.5613716
741.0,-5.351041,-0.94810385,7.4842744,0.44715336,0.80878556,1.5308284
752.0,-5.1690817,-0.90979666,7.335834,0.4251622,0.7892379,1.4941764
763.0,-5.0062757,-0.82599956,7.103596,0.40561453,0.7831292,1.4465289
772.0,-5.183447,-0.6655881,6.909666,0.36774087,0.7892379,1.3866642
782.0,-5.4420204,-0.5243302,6.7684083,0.2968805,0.8002335,1.3267993
792.0,-5.5497594,-0.48602295,6.6486983,0.19792034,0.80878556,1.2864822
802.0,-5.535394,-0.49559975,6.5625067,0.1160644,0.8026769,1.2608259
812.0,-5.3582234,-0.35673606,6.5936313,0.06841691,0.78801614,1.2363913
822.0,-5.2169657,-0.22266077,6.5218053,0.037873644,0.77457714,1.2144
832.0,-5.104438,-0.074220255,6.588843,0.0036651916,0.7770206,1.2046263
844.0,-5.1547165,0.10534488,6.5816603,-0.008552114,0.7819075,1.1960741
854.0,-5.3486466,0.18435353,6.4906807,0.013439035,0.77946407,1.1838568
863.0,-5.6646814,0.20111294,6.385336,0.04153884,0.77213365,1.1630874
871.0,-5.8442464,0.2705448,6.2728086,0.061086524,0.7415904,1.1459832
882.0,-5.805939,0.34476504,6.179435,0.07696902,0.6963864,1.1349876
892.0,-5.6000376,0.5243302,6.054936,0.095294975,0.6450737,1.1203269
902.0,-5.365406,0.8403648,5.837064,0.10629055,0.60231316,1.0922271
911.0,-5.2600613,1.0749966,5.8466406,0.10140363,0.5729916,1.0531317
922.0,-5.279215,1.400608,5.841852,0.089186326,0.5558874,1.0115929
932.0,-5.4420204,1.5227122,5.8107276,0.07574729,0.5363397,0.96883225
942.0,-5.731719,1.6232687,5.753267,0.052534413,0.51068336,0.9260717
952.0,-5.7245364,1.7262194,5.707777,0.015882496,0.47403142,0.88697636
965.0,-5.722142,1.7884687,5.6239796,-0.019547688,0.4251622,0.84788096
973.0,-5.6670756,1.9249382,5.626374,-0.04886922,0.38240165,0.8051204
982.0,-5.6407394,1.9536686,5.710171,-0.06352998,0.34330627,0.75869465
992.0,-5.6239796,1.9752164,5.7843914,-0.058643065,0.31520647,0.7110472
1002.0,-5.659893,2.066196,5.9639564,-0.028099801,0.28710666,0.657291
1012.0,-5.8322754,2.078167,5.8801594,0.02443461,0.25289822,0.6010914
1023.0,-5.932832,2.231396,5.8442464,0.06719518,0.23457226,0.54611355
1032.0,-6.093243,2.432509,5.7484784,0.07696902,0.21502456,0.49113566
1044.0,-6.2225304,2.480393,5.6790466,0.05497787,0.19425514,0.4373795
1051.0,-6.1866174,2.6384103,5.717354,0.018325957,0.1685988,0.38606682
1090.0,-6.1411276,2.5905263,5.8346696,-0.040317107,0.14538592,0.35185838
1090.0,-6.1100025,2.597709,5.8921304,-0.112399206,0.14294247,0.3286455
1090.0,-6.1746464,2.4947581,5.911284,-0.1563815,0.14660765,0.3005457
1090.0,-6.2105594,2.408567,6.0022635,-0.16249016,0.14294247,0.26511553
1101.0,-6.2943563,2.3463178,5.9926867,-0.14294247,0.1282817,0.2321288
1110.0,-6.2249246,2.3175871,6.019023,-0.12095132,0.111177474,0.204029
1121.0,-6.2249246,2.3582888,5.920861,-0.10629055,0.103847094,0.17104226
1131.0,-6.291962,2.3558946,5.90889,-0.09896017,0.09285152,0.12705997
1142.0,-6.4308257,2.4468741,5.899313,-0.10262536,0.080634214,0.080634214
1150.0,-6.5840545,2.468422,5.815516,-0.12705997,0.06963864,0.04642576
1162.0,-6.5936313,2.4612393,5.872977,-0.15027285,0.05497787,0.02321288
1171.0,-6.4044895,1.8219875,6.105214,-0.030543262,0.07452556,0.004886922
1180.0,-5.9064956,0.36870706,6.6534867,0.40194935,0.103847094,-0.04642576
1192.0,-5.896919,-0.34715924,6.9503675,1.0812315,0.09162979,-0.10262536
1205.0,-6.7205243,1.2761095,6.3805475,1.455081,-0.030543262,-0.04153884
1213.0,-6.955156,3.0454245,5.9783216,1.4453071,-0.14660765,0.04520403
1222.0,-6.6415157,3.5817258,5.590461,1.2644911,-0.15027285,-0.052534413
1231.0,-6.5936313,3.5458126,5.5377884,1.0079277,-0.059864793,-0.17592919
1243.0,-6.8402343,3.2609026,5.683835,0.7452556,-0.010995574,-0.1600467
1253.0,-7.1849995,2.96881,5.841852,0.27855456,-0.064751714,0.0012217305
1264.0,-7.326257,2.882619,5.872977,0.27855456,-0.064751714,0.0012217305
1272.0,-7.285556,3.0909145,5.81791,-0.15760323,-0.12461651,0.015882496
1283.0,-7.156269,3.3087866,5.6670756,-0.34330627,-0.11362094,0.019547688
1293.0,-6.9383965,3.181894,5.6431336,-0.48747048,-0.09773844,0.028099801
1302.0,-7.055712,3.0190883,5.717354,-0.6010914,-0.10262536,0.02076942
1312.0,-7.101202,2.9616275,5.815516,-0.6780604,-0.12217305,-0.0036651916
1324.0,-7.074866,2.8898015,5.8705826,-0.71959925,-0.14782938,-0.019547688
1332.0,-7.017405,2.8898015,5.9543796,-0.74281216,-0.1685988,-0.04520403
1342.0,-6.9862804,2.8682537,6.0022635,-0.75625116,-0.18081611,-0.07819075
1353.0,-6.8929067,2.6910827,6.1890116,-0.7452556,-0.17715092,-0.08307768
1364.0,-6.8210807,2.4013844,6.2967505,-0.69027776,-0.17959438,-0.07086037
1373.0,-6.739678,2.2529438,6.3661823,-0.59986967,-0.1881465,-0.07696902
1383.0,-6.337452,1.9536686,6.706159,-0.44837508,-0.22479841,-0.21135938
1393.0,-6.1387334,1.7357962,6.6630635,-0.17837265,-0.20525073,-0.57543504
1403.0,-6.4308257,2.0326772,6.7444663,0.012217305,-0.12217305,-0.6976081
1413.0,-6.859388,2.0278888,6.71813,0.042760566,-0.0842994,-0.4373795
1422.0,-6.9623384,1.8698715,6.7013707,0.06352998,-0.10995574,-0.15393804
1433.0,-6.6630635,1.8243817,6.603208,0.15271631,-0.14782938,-0.14172074
1444.0,-6.3566055,2.042254,6.423643,0.20647246,-0.16371189,-0.31520647
1453.0,-6.2249246,2.3415294,6.38773,0.17592919,-0.13194689,-0.43860126
1464.0,-6.2704144,2.4492683,6.3566055,0.12217305,-0.09773844,-0.43004912
1472.0,-6.397307,2.3535004,6.3685765,0.09407325,-0.08674286,-0.3885103
1483.0,-6.4188547,2.0973208,6.3206925,0.09162979,-0.09407325,-0.40439278
1493.0,-6.327875,2.0853498,6.2967505,0.09773844,-0.103847094,-0.4642576
1503.0,-6.3063273,2.1068976,6.2991447,0.10262536,-0.10629055,-0.5131268
1512.0,-6.4499793,2.1140802,6.232107,0.103847094,-0.10262536,-0.5326745
1523.0,-6.4308257,2.0398598,6.1746464,0.1160644,-0.10629055,-0.5534439
1532.0,-6.4906807,1.9488802,6.167464,0.13927728,-0.12217305,-0.5888741
1543.0,-6.493075,1.922544,6.1100025,0.16126843,-0.13561209,-0.63041294
1553.0,-6.3182983,1.9129672,6.1650696,0.17837265,-0.1441642,-0.6646214
1565.0,-6.361394,1.8195933,6.1746464,0.19425514,-0.14294247,-0.6939429
1573.0,-6.2943563,1.8531121,6.232107,0.20891592,-0.14294247,-0.7244862
1582.0,-6.2392898,1.7788919,6.1866174,0.22479841,-0.14905111,-0.7696902
1593.0,-6.351817,1.6591818,6.1770406,0.23579398,-0.13927728,-0.82344633
1603.0,-6.423643,1.673547,6.105214,0.22479841,-0.13194689,-0.8735373
1612.0,-6.5505357,1.6184803,6.169858,0.19914207,-0.12705997,-0.91507614
1626.0,-6.5265937,1.5634137,6.2488666,0.1685988,-0.12705997,-0.94806284
1633.0,-6.5218053,1.5298948,6.1985884,0.1282817,-0.13072516,-0.9663888
1643.0,-6.505046,1.328782,6.1746464,0.06963864,-0.12583824,-0.97127575
1653.0,-6.519411,1.1348516,6.351817,0.029321533,-0.12095132,-0.9773844
1664.0,-6.6247563,1.067814,6.399701,0.034208454,-0.1282817,-0.9798279
1672.0,-6.6774287,1.0845734,6.3661823,0.05009095,-0.14294247,-0.95905846
1685.0,-6.7612257,0.93373865,6.397307,0.062308256,-0.15149458,-0.93218035
1694.0,-6.83784,0.80684596,6.447585,0.09285152,-0.15515977,-0.9309586
1703.0,-7.038953,0.6991069,6.411672,0.13439035,-0.16982053,-0.9492846
1712.0,-7.074866,0.60812724,6.4380083,0.1600467,-0.1881465,-0.9651671
1723.0,-7.053318,0.5315128,6.43322,0.17470746,-0.21013765,-0.97005403
1733.0,-6.9647326,0.5793968,6.4044895,0.18081611,-0.22724187,-0.97127575
1744.0,-6.8091097,0.641646,6.421249,0.16615535,-0.22968534,-0.97005403
1753.0,-6.730101,0.59376204,6.421249,0.13805555,-0.22479841,-0.96761054
1765.0,-6.6079965,0.48602295,6.4260373,0.119729586,-0.22357668,-0.9602802
1773.0,-6.5936313,0.3854665,6.4787097,0.111177474,-0.22724187,-0.94806284
1783.0,-6.619968,0.25857377,6.435614,0.10262536,-0.22968534,-0.9370673
1792.0,-6.730101,0.09816227,6.519411,0.09162979,-0.23090707,-0.9309586
1805.0,-6.715736,0.009576807,6.6247563,0.08674286,-0.2443461,-0.9297369
1813.0,-6.76362,-0.16519992,6.543353,0.09162979,-0.2565634,-0.9260717
1823.0,-6.775591,-0.2825158,6.6750345,0.10751228,-0.26511553,-0.91874135
1833.0,-6.7253127,-0.31603462,6.600814,0.1282817,-0.2724459,-0.9101892
1843.0,-6.7564373,-0.30885202,6.6056023,0.14782938,-0.27855456,-0.90041536
1853.0,-6.754043,-0.33039984,6.612785,0.15393804,-0.28588495,-0.8918633
1864.0,-6.603208,-0.34476504,6.5457473,0.14782938,-0.29077184,-0.88331115
1872.0,-6.528988,-0.2777274,6.505046,0.13805555,-0.2932153,-0.8772025
1884.0,-6.4763155,-0.34476504,6.5146227,0.12339478,-0.30543262,-0.8735373
1893.0,-6.5720835,-0.4141969,6.4404025,0.09773844,-0.30787608,-0.8723156
1902.0,-6.6056023,-0.46208093,6.4020953,0.08552113,-0.3115413,-0.87964594
1913.0,-6.7109475,-0.5363012,6.543353,0.10140363,-0.3213151,-0.8906415
1925.0,-6.5840545,-0.47405192,6.5218053,0.13194689,-0.34208453,-0.893085
1933.0,-6.588843,-0.44532153,6.5840545,0.16493362,-0.3555236,-0.88697636
1943.0,-6.531382,-0.4261679,6.5816603,0.19058995,-0.3652974,-0.88697636
1953.0,-6.363788,-0.4381389,6.6247563,0.21380283,-0.37995818,-0.89552844
1965.0,-6.3542113,-0.4213795,6.5864487,0.23090707,-0.38973203,-0.9114109
1973.0,-6.2967505,-0.36391866,6.591237,0.23945917,-0.39950588,-0.9236283
1984.0,-6.244078,-0.45968673,6.5816603,0.24190263,-0.39828414,-0.93584555
1993.0,-6.2105594,-0.46447513,6.6247563,0.24556783,-0.40194935,-0.9492846
2004.0,-6.26802,-0.50757074,6.7013707,0.2443461,-0.40683624,-0.97005403
2013.0,-6.3111157,-0.6368576,6.7851677,0.23701571,-0.41416663,-0.99204516
2023.0,-6.2967505,-0.7015011,6.9168487,0.21868975,-0.42271876,-1.0079277
2033.0,-6.2632318,-0.8475474,6.9647326,0.19303341,-0.42638394,-1.0225884
2045.0,-6.169858,-1.0295067,7.0221934,0.16615535,-0.43004912,-1.0372492
2053.0,-6.1507044,-1.091756,7.0844426,0.105068825,-0.43371433,-1.0629056
2087.0,-6.054936,-1.2808979,7.1706343,0.105068825,-0.43371433,-1.0629056
2087.0,-6.0477533,-1.4413095,7.2304893,0.080634214,-0.43004912,-1.0677924
2087.0,-6.045359,-1.5777789,7.3430166,0.065973446,-0.42760566,-1.065349
2092.0,-6.0238113,-1.6304513,7.419631,0.06719518,-0.4251622,-1.0567969
2102.0,-6.0285997,-1.8052281,7.517793,0.080634214,-0.41538838,-1.0458013
2113.0,-5.93762,-1.8794483,7.6494746,0.119729586,-0.4007276,-1.0213667
2122.0,-5.853823,-1.8986019,7.750031,0.13439035,-0.38728857,-1.0067059
2132.0,-5.6120086,-2.078167,7.690176,0.13194689,-0.37140608,-0.9981538
2142.0,-5.592855,-2.0326772,7.714118,0.111177474,-0.35308012,-0.9969321
2152.0,-5.626374,-1.9201498,7.5584946,0.06963864,-0.33841935,-0.9969321
2165.0,-5.683835,-2.0590134,7.52737,0.014660766,-0.31642818,-0.9944886
2172.0,-5.7963624,-2.207454,7.5944076,-0.029321533,-0.2968805,-0.9932669
2183.0,-5.9304376,-2.3175871,7.6015906,-0.05375614,-0.2883284,-0.98837996
2193.0,-5.8562174,-2.4660277,7.6949644,-0.05009095,-0.28588495,-0.97494096
2203.0,-5.901707,-2.5019407,7.6375036,-0.02687807,-0.28710666,-0.9505063
2215.0,-5.777209,-2.480393,7.6015906,0.0012217305,-0.28710666,-0.9236283
2224.0,-5.8083334,-2.5330653,7.5561004,0.030543262,-0.28955013,-0.89919364
2234.0,-5.7005944,-2.4827871,7.524976,0.05009095,-0.2932153,-0.8772025
2243.0,-5.693412,-2.408567,7.5201874,0.06352998,-0.2919936,-0.8576548
2255.0,-5.592855,-2.396596,7.6135616,0.081855945,-0.2846632,-0.8405506
2265.0,-5.5880666,-2.372654,7.7308774,0.10140363,-0.2724459,-0.83077675
2273.0,-5.571307,-2.4492683,7.8793178,0.11728613,-0.2602286,-0.8246681
2286.0,-5.5976434,-2.542642,7.979874,0.1282817,-0.25045475,-0.8173377
2294.0,-5.6335564,-2.5881321,8.049306,0.14538592,-0.24190263,-0.80878556
2303.0,-5.4659624,-2.6240451,8.034941,0.16126843,-0.23090707,-0.8002335
2314.0,-5.389348,-2.5761611,8.042124,0.16493362,-0.21624629,-0.79779
2324.0,-5.2720323,-2.6288335,7.991845,0.16249016,-0.18936823,-0.7965683
2334.0,-5.221754,-2.585738,8.015787,0.16126843,-0.16126843,-0.79290307
2344.0,-5.0900726,-2.60968,8.020576,0.15882497,-0.1441642,-0.79045963
2354.0,-5.08289,-2.5498247,8.001422,0.14049901,-0.12583824,-0.79168135
2365.0,-5.0134583,-2.5785553,7.9248075,0.10873401,-0.10873401,-0.79779
2374.0,-5.070919,-2.5234885,7.9128366,0.06841691,-0.09773844,-0.8051204
2383.0,-5.0996494,-2.5809495,7.807492,0.019547688,-0.07696902,-0.81000733
2394.0,-5.1379566,-2.6982653,7.723695,-0.021991149,-0.0720821,-0.80756384
2405.0,-5.2648497,-2.6479871,7.6375036,-0.035430185,-0.080634214,-0.79901177
2414.0,-5.233725,-2.6264393,7.642292,-0.02443461,-0.09285152,-0.784351
2423.0,-5.1355624,-2.7222073,7.714118,-0.007330383,-0.095294975,-0.75869465
2434.0,-5.185841,-2.8060043,7.7811556,0.012217305,-0.1001819,-0.7305948
2445.0,-5.1140146,-2.870648,7.7787614,0.035430185,-0.10751228,-0.7122689
2454.0,-5.070919,-2.8562827,7.8266454,0.062308256,-0.11728613,-0.6988298
2466.0,-4.9536033,-2.8874073,7.7093296,0.09040806,-0.12461651,-0.6817256
2474.0,-4.939238,-2.9735985,7.73806,0.10629055,-0.12950343,-0.6646214
2484.0,-4.867412,-2.9592333,7.7189064,0.10751228,-0.13805555,-0.657291
2494.0,-4.8027687,-2.8802247,7.747637,0.10262536,-0.13683382,-0.6585127
2503.0,-4.8123455,-2.9352913,7.764396,0.1001819,-0.13927728,-0.6585127
