41.0,1.3072342,-2.1619642,9.540894,0.007330383,-0.02076942,-0.0012217305
41.0,1.340753,-2.5833437,9.749189,0.14172074,0.1160644,-0.0720821
58.0,1.4293385,-2.5953147,9.730036,-0.0012217305,-0.2883284,-0.27000242
58.0,1.4341269,-2.3247697,9.8042555,-0.10262536,-0.39461896,-0.33841935
65.0,1.3335704,-2.1978772,9.737218,0.013439035,0.4166101,-0.008552114
73.0,1.30484,-2.2218192,9.775525,0.0061086523,0.47769663,0.032986723
84.0,1.2258313,-2.303222,9.842564,0.0036651916,0.3494149,0.008552114
95.0,1.2473791,-2.360683,9.904813,0.014660766,0.204029,-0.09162979
106.0,1.328782,-2.3630772,9.923966,0.02321288,0.21991149,-0.17104226
115.0,1.3311762,-2.2936451,10.084377,0.013439035,0.25045475,-0.21991149
125.0,1.30484,-2.1643584,10.160992,-0.012217305,0.28955013,-0.22357668
135.0,1.2617443,-2.1811178,10.34774,-0.04153884,0.3359759,-0.21380283
144.0,1.2018893,-2.2361844,10.33098,-0.073303826,0.3885103,-0.21868975
154.0,1.2593501,-2.3678656,10.220847,-0.09773844,0.44104472,-0.24312437
165.0,1.0965444,-2.4372973,10.041282,-0.12095132,0.48991394,-0.2724459
174.0,1.0103531,-2.6599581,9.9550905,-0.13683382,0.5363397,-0.29932398
185.0,0.94092125,-2.8802247,10.156203,-0.119729586,0.5839872,-0.32620203
194.0,0.9552865,-2.885013,10.500969,-0.059864793,0.63163465,-0.35918877
205.0,0.8379706,-2.7940333,10.800244,0.018325957,0.68294734,-0.3885103
217.0,0.7565677,-2.4540567,10.994174,0.06352998,0.74036866,-0.40317106
224.0,0.5722142,-2.1763294,10.81461,0.059864793,0.8197812,-0.4092797
234.0,0.21787235,-2.0685902,10.488997,0.004886922,0.8881981,-0.41050145
245.0,-0.045489833,-2.621651,10.223241,-0.12461651,0.9224065,-0.40439278
253.0,-0.28491,-3.2585084,10.060435,-0.3200934,0.956615,-0.40683624
265.0,-0.50757074,-3.6774938,10.201694,-0.46303585,1.0140363,-0.4373795
273.0,-0.7685388,-3.4213142,10.409989,-0.44104472,1.0775663,-0.49113566
284.0,-1.0606314,-2.657564,10.953473,-0.2846632,1.1472049,-0.5412266
295.0,-1.3263878,-1.8411411,11.824963,-0.05375614,1.237613,-0.53878313
306.0,-1.2186487,-1.5993267,12.447454,0.16126843,1.3158038,-0.45570546
315.0,-1.1300632,-1.9847932,12.698846,0.31764993,1.4110987,-0.32498032
324.0,-1.0989386,-2.705448,12.62702,0.41416663,1.5332718,-0.18203785
334.0,-0.9840169,-3.4859576,12.160151,0.42271876,1.6261233,-0.06963864
344.0,-1.1827357,-3.7469256,11.465832,0.3726278,1.7055358,-0.019547688
354.0,-1.5514427,-3.6870706,10.869676,0.25289822,1.772731,0.004886922
365.0,-1.910573,-3.6511576,10.67814,0.07086037,1.831374,0.056199603
374.0,-1.9512744,-3.8786068,10.5680065,-0.1282817,1.8985692,0.16737708
384.0,-1.8842367,-4.24492,10.737994,-0.2565634,1.958434,0.3494149
395.0,-1.7310078,-4.6926355,10.656591,-0.28099802,2.0024164,0.5681047
405.0,-1.7788919,-5.097255,10.340557,-0.2125811,2.0280726,0.77213365
414.0,-2.0901382,-5.1379566,9.854534,-0.12950343,2.0292943,0.91629785
426.0,-2.348712,-4.960786,9.543288,-0.06841691,2.0305161,0.9993755
434.0,-2.6503813,-4.721366,9.23683,-0.019547688,2.0341814,1.0616838
445.0,-2.7581203,-4.6399627,9.085996,0.030543262,2.0244074,1.1594223
455.0,-2.789245,-4.4795513,9.0476885,0.062308256,2.0060816,1.2986995
465.0,-2.858677,-4.4196963,8.992621,0.07696902,1.9963076,1.4269812
474.0,-2.882619,-4.2521024,8.662222,0.09407325,1.9828686,1.5173893
486.0,-2.908955,-3.8953662,8.391677,0.12705997,1.9559906,1.5735888
494.0,-3.1627405,-3.5242648,8.118738,0.17715092,1.9156734,1.613906
506.0,-3.2585084,-3.2704794,7.9702973,0.23335053,1.8509218,1.690875
515.0,-3.3614593,-2.9951463,7.833828,0.23335053,1.8509218,1.690875
525.0,-3.4835634,-2.8491,7.728483,0.27000242,1.8118263,1.7189748
535.0,-3.5218706,-2.7509377,7.723695,0.31520647,1.7751744,1.7263051
546.0,-3.70383,-2.5234885,7.441179,0.3811799,1.6994271,1.6957619
554.0,-3.8163576,-1.958457,7.240066,0.38606682,1.6554449,1.6786577
565.0,-4.012682,-1.8866309,7.074866,0.37507126,1.6126842,1.6639969
575.0,-4.156334,-1.6208745,7.029376,0.3567453,1.5662584,1.6468927
586.0,-4.331111,-1.4748282,7.026982,0.33964106,1.5149459,1.6224581
594.0,-4.3766007,-1.3239936,6.9288197,0.3213151,1.455081,1.6016886
607.0,-4.331111,-1.1827357,6.9168487,0.2883284,1.3927728,1.59558
615.0,-4.4005427,-1.1228806,6.919243,0.25411993,1.3390167,1.5858061
625.0,-4.4005427,-0.9864111,6.670246,0.22724187,1.2852604,1.5613716
635.0,-4.4220905,-0.8355764,6.739678,0.19181168,1.2302825,1.5308284
645.0,-4.6016555,-0.6440403,6.6750345,0.16371189,1.17897,1.5063937
655.0,-4.687847,-0.61052144,6.667852,0.16982053,1.1203269,1.4953982
669.0,-4.8482585,-0.5434838,6.6989765,0.19914207,1.0531317,1.491733
678.0,-4.9057193,-0.32800564,6.7444663,0.2321288,0.98715824,1.4844025
687.0,-4.9679685,-0.021547815,6.8186865,0.26389378,0.9138544,1.4697418
696.0,-4.9799395,0.12210429,6.9886746,0.27488935,0.8491027,1.4648548
710.0,-4.9895163,0.050278235,7.086837,0.25778514,0.8002335,1.4660766
718.0,-5.149928,0.07182605,7.0126166,0.2284636,0.7501425,1.4672983
728.0,-5.2983685,0.1316811,7.00304,0.21380283,0.6976081,1.4587462
737.0,-5.604826,0.18435353,7.0102224,0.21991149,0.64873886,1.4489723
748.0,-5.899313,0.2873042,6.9120603,0.2443461,0.6096435,1.455081
757.0,-6.1076083,0.35434186,6.787562,0.27977628,0.5681047,1.4770721
767.0,-6.126762,0.32561144,6.766014,0.30909783,0.53023106,1.4978416
777.0,-6.1746464,0.45010993,6.7013707,0.3323107,0.5009095,1.5137241
789.0,-6.215348,0.62249243,6.682217,0.3567453,0.47525316,1.518611
797.0,-6.2871737,0.6560113,6.7588315,0.37140608,0.46181414,1.5125023
809.0,-6.167464,0.62009823,6.7013707,0.36896262,0.45814893,1.5015068
816.0,-6.1411276,0.81402856,6.5361705,0.33841935,0.4569272,1.4966198
827.0,-6.232107,1.0055647,6.409278,0.28344148,0.46303585,1.4953982
836.0,-6.203377,1.0151415,6.3111157,0.21868975,0.47647488,1.486846
847.0,-6.3781533,1.283292,6.14831,0.16737708,0.4886922,1.4697418
857.0,-6.277597,1.4748282,6.0956373,0.1282817,0.48502702,1.4575244
867.0,-6.203377,1.6567876,6.0022635,0.07086037,0.47647488,1.4477507
877.0,-6.0357823,1.6807296,6.0238113,0.017104227,0.4813618,1.4330899
885.0,-5.9759274,1.7477672,6.0357823,-0.019547688,0.48380527,1.4074335
895.0,-5.861006,1.8315643,6.0166287,-0.028099801,0.46914452,1.3720033
908.0,-5.6790466,1.9919758,5.913678,-0.02565634,0.4654793,1.3329079
915.0,-5.770026,2.267309,5.8083334,-0.002443461,0.45814893,1.2913691
925.0,-5.707777,2.4827871,5.8226986,0.03176499,0.43982297,1.2461652
935.0,-5.7628436,2.6623523,5.695806,0.037873644,0.43982297,1.1924089
945.0,-5.8801594,2.89459,5.6670756,0.009773844,0.4361578,1.1337659
954.0,-6.0022635,3.0550013,5.5976434,-0.04642576,0.4373795,1.070236
966.0,-5.896919,3.1148565,5.628768,-0.10873401,0.43127087,1.0067059
976.0,-5.911284,3.1794999,5.602432,-0.16615535,0.42271876,0.9443977
987.0,-5.841852,3.205836,5.5401826,-0.19914207,0.41172317,0.88208944
995.0,-5.849035,3.2728736,5.4922986,-0.20891592,0.4007276,0.816116
1007.0,-5.896919,3.4476504,5.497087,-0.20158553,0.38362336,0.7464773
1016.0,-5.997475,3.526659,5.48751,-0.17837265,0.35918877,0.675617
1028.0,-6.045359,3.6248214,5.422867,-0.1441642,0.344528,0.60231316
1037.0,-5.9807158,3.6056678,5.391742,-0.103847094,0.31642818,0.52290064
1049.0,-5.9184666,3.739743,5.2744265,-0.06352998,0.28221974,0.4373795
1056.0,-5.8226986,3.9719806,5.3199162,-0.04153884,0.2406809,0.35796702
1093.0,-5.7843914,4.0773253,5.2744265,-0.04886922,0.21013765,0.28099802
1093.0,-5.7365074,4.098873,5.233725,-0.0720821,0.17470746,0.20647246
1093.0,-5.7365074,4.1946416,5.379771,-0.10873401,0.14172074,0.13805555
1098.0,-5.6910176,3.9145198,5.535394,-0.14538592,0.10873401,0.07941248
1107.0,-5.7029886,3.2465374,5.7484784,-0.18692477,0.09285152,0.061086524
1116.0,-5.729325,2.2218192,6.081272,-0.24190263,0.095294975,0.10629055
1127.0,-5.849035,1.316811,6.105214,-0.26511553,0.08307768,0.14294247
1137.0,-6.1985884,1.4987702,5.9543796,-0.204029,0.032986723,0.1160644
1148.0,-6.4140663,2.8491,5.6910176,-0.04520403,-0.081855945,0.040317107
1157.0,-6.4188547,4.1371803,5.391742,0.13927728,-0.20525073,-0.013439035
1167.0,-6.2991447,4.5394063,5.2624555,0.20280726,-0.27488935,0.0061086523
1177.0,-6.373365,4.3718123,5.3007627,0.07696902,-0.26145032,0.05375614
1188.0,-6.8067155,4.0701427,5.509058,-0.12217305,-0.21991149,0.036651913
1197.0,-6.981492,3.7325604,5.731719,-0.24678956,-0.21746802,-0.05497787
1210.0,-7.017405,3.5242648,5.9064956,-0.2565634,-0.25167647,-0.14782938
1217.0,-6.825869,3.394978,6.126762,-0.20891592,-0.3042109,-0.1881465
1229.0,-6.6870055,3.3662477,6.3446345,-0.14660765,-0.33964106,-0.19058995
1239.0,-6.694188,3.3207579,6.421249,-0.07941248,-0.3481932,-0.19425514
1247.0,-6.801927,3.2465374,6.4380083,-0.017104227,-0.3323107,-0.21991149
1258.0,-6.823475,3.2034419,6.5457473,0.02687807,-0.30909783,-0.25167647
1270.0,-6.7133417,3.107674,6.612785,0.04520403,-0.28955013,-0.26511553
1278.0,-6.5457473,2.9783869,6.5864487,0.034208454,-0.26389378,-0.26145032
1287.0,-6.481104,2.9017725,6.528988,0.0061086523,-0.23090707,-0.26633725
1298.0,-6.4978633,3.0550013,6.6271505,-0.030543262,-0.19181168,-0.28955013
1310.0,-6.3925185,2.9376855,6.739678,-0.064751714,-0.16737708,-0.31764993
1317.0,-6.244078,2.7461493,6.897695,-0.089186326,-0.14172074,-0.3408628
1328.0,-6.2105594,2.6791117,6.909666,-0.09407325,-0.112399206,-0.36163223
1338.0,-6.1938,2.6360161,6.861782,-0.052534413,-0.08674286,-0.3811799
1348.0,-6.191406,2.705448,6.730101,0.009773844,-0.07452556,-0.40439278
1358.0,-6.220136,2.707842,6.6630635,0.05375614,-0.06719518,-0.43493605
1367.0,-6.0740895,2.8562827,6.3925185,0.04886922,-0.06841691,-0.47403142
1377.0,-6.0621185,2.966416,6.3566055,0.009773844,-0.059864793,-0.5143485
1392.0,-6.1004257,3.0502129,6.241684,-0.028099801,-0.056199603,-0.5497787
1398.0,-6.191406,2.992752,6.3063273,-0.056199603,-0.06841691,-0.5815437
1408.0,-6.3350577,2.8203697,6.351817,-0.087964594,-0.080634214,-0.64873886
1417.0,-6.3230867,2.5258827,6.421249,-0.087964594,-0.080634214,-0.64873886
1428.0,-6.373365,2.492364,6.4667387,0.05009095,-0.111177474,-0.71959925
1438.0,-6.2967505,2.552219,6.289568,0.1441642,-0.13561209,-0.7440339
1449.0,-6.397307,2.566584,6.2632318,0.19303341,-0.14905111,-0.75991637
1458.0,-6.4284315,2.6168625,6.217742,0.19058995,-0.15393804,-0.7770206
1469.0,-6.4619503,2.5354595,6.2488666,0.15760323,-0.15393804,-0.79412484
1478.0,-6.576872,2.2242134,6.277597,0.119729586,-0.14782938,-0.80756384
1490.0,-6.6175733,1.9680338,6.4380083,0.089186326,-0.13439035,-0.8136725
1498.0,-6.6750345,1.6376339,6.411672,0.08674286,-0.13072516,-0.8197812
1511.0,-6.6726403,1.661576,6.3781533,0.12339478,-0.14538592,-0.8356637
1517.0,-6.8282633,1.9297266,6.301539,0.17592919,-0.1600467,-0.86009824
1528.0,-6.7684083,2.2242134,6.217742,0.21502456,-0.172264,-0.8784242
1538.0,-6.7492547,2.231396,6.3087215,0.20769419,-0.18081611,-0.87964594
1550.0,-6.7109475,1.9608512,6.435614,0.13683382,-0.172264,-0.86254174
1559.0,-6.670246,1.553837,6.4763155,0.057421334,-0.1563815,-0.8503244
1569.0,-6.859388,1.3024458,6.543353,0.015882496,-0.14538592,-0.8503244
1577.0,-6.9024835,1.3623008,6.5026517,0.012217305,-0.14905111,-0.8527679
1589.0,-6.931214,1.2952632,6.5337763,0.02076942,-0.15515977,-0.8454375
1600.0,-6.775591,1.2114661,6.576872,0.017104227,-0.15393804,-0.829555
1609.0,-6.754043,0.92895025,6.6846113,0.009773844,-0.14538592,-0.8173377
1619.0,-6.7348895,0.8379706,6.6750345,0.019547688,-0.13561209,-0.8185594
1628.0,-6.76362,0.81642276,6.670246,0.061086524,-0.13072516,-0.82711154
1637.0,-6.895301,1.0510546,6.6965823,0.11728613,-0.12583824,-0.8356637
1647.0,-6.873753,1.2090719,6.751649,0.18570304,-0.12705997,-0.8368854
1657.0,-6.670246,1.103727,6.7229185,0.23701571,-0.12339478,-0.83199847
1669.0,-6.5265937,1.0319009,6.7085533,0.25900686,-0.11484267,-0.8246681
1679.0,-6.4260373,0.9624691,6.6271505,0.2687807,-0.103847094,-0.829555
1690.0,-6.232107,0.9576807,6.6965823,0.28344148,-0.09407325,-0.8527679
1697.0,-6.133945,0.94331545,6.5696893,0.3005457,-0.096516706,-0.88697636
1710.0,-6.0740895,0.8595184,6.459556,0.27366763,-0.09896017,-0.91507614
1718.0,-6.1004257,0.8738836,6.3949127,0.18203785,-0.08674286,-0.9456194
1727.0,-6.1243677,0.93613285,6.3661823,0.07819075,-0.065973446,-0.99082345
1739.0,-6.2488666,0.8834604,6.3350577,-0.007330383,-0.05375614,-1.0445796
1750.0,-6.3206925,0.6847417,6.411672,-0.07696902,-0.043982297,-1.0897835
1759.0,-6.3781533,0.5793968,6.4404025,-0.1160644,-0.036651913,-1.1227703
1768.0,-6.4284315,0.4357447,6.4140663,-0.112399206,-0.037873644,-1.1508701
1778.0,-6.646304,0.50038815,6.301539,-0.073303826,-0.047647487,-1.174083
1790.0,-6.564901,0.4357447,6.3781533,-0.029321533,-0.06352998,-1.1850786
1799.0,-6.5241995,0.24899697,6.399701,-0.0012217305,-0.07452556,-1.17897
1810.0,-6.421249,0.1388637,6.3949127,0.015882496,-0.08552113,-1.1679744
1818.0,-6.469133,-0.01436521,6.363788,0.04520403,-0.09285152,-1.1667526
1830.0,-6.50744,-0.16998832,6.445191,0.07819075,-0.10751228,-1.1777482
1839.0,-6.50744,-0.2753332,6.483498,0.09407325,-0.12950343,-1.1899655
1848.0,-6.517017,-0.260968,6.459556,0.08674286,-0.14782938,-1.1985176
1858.0,-6.5960255,-0.21308395,6.5625067,0.06841691,-0.16493362,-1.2082914
1870.0,-6.5696893,-0.15322891,6.5864487,0.05009095,-0.18325958,-1.2168436
1879.0,-6.5218053,-0.37110126,6.579266,0.032986723,-0.19792034,-1.2229522
1888.0,-6.4499793,-0.45250413,6.6510925,0.008552114,-0.21013765,-1.2217305
1899.0,-6.4260373,-0.5746084,6.6271505,-0.008552114,-0.21991149,-1.219287
1911.0,-6.5481415,-0.63206923,6.612785,-0.0061086523,-0.23457226,-1.2131784
1919.0,-6.531382,-0.8403648,6.6175733,0.004886922,-0.24556783,-1.2119566
1932.0,-6.5026517,-0.91458505,6.6846113,0.017104227,-0.26145032,-1.2119566
1937.0,-6.6367273,-0.878672,6.7564373,0.043982297,-0.2883284,-1.2070698
1950.0,-6.43322,-0.8595184,6.7468605,0.08552113,-0.30787608,-1.1948525
1959.0,-6.4427967,-0.93134445,6.8450227,0.12095132,-0.32620203,-1.1826351
1969.0,-6.4404025,-0.9672575,6.8905125,0.13805555,-0.33841935,-1.174083
1978.0,-6.4284315,-1.2545617,6.8545995,0.13683382,-0.35796702,-1.1643091
1990.0,-6.445191,-1.4293385,6.885724,0.12461651,-0.36651915,-1.1508701
1999.0,-6.4260373,-1.6950948,6.933608,0.10995574,-0.3726278,-1.142318
2010.0,-6.4284315,-1.8124107,6.9599442,0.103847094,-0.38606682,-1.1301007
2018.0,-6.3829417,-1.8555063,7.03177,0.1160644,-0.39950588,-1.1142182
2029.0,-6.339846,-1.8986019,7.067683,0.15149458,-0.41783184,-1.102001
2039.0,-6.253655,-1.8507179,7.1490865,0.19181168,-0.43371433,-1.0922271
2051.0,-6.1530986,-1.721431,7.204153,0.21868975,-0.43493605,-1.0800097
2057.0,-6.0764837,-1.6065093,7.2664022,0.23579398,-0.43249258,-1.0677924
2099.0,-6.045359,-1.4915876,7.441179,0.24678956,-0.44226643,-1.0629056
2099.0,-6.0022635,-1.6208745,7.455544,0.2443461,-0.43860126,-1.0616838
2099.0,-5.8442464,-1.8842367,7.536947,0.21624629,-0.41905355,-1.047023
2099.0,-5.793968,-2.1787236,7.630321,0.17104226,-0.39584067,-1.0213667
2109.0,-5.887342,-2.3175871,7.5944076,0.13927728,-0.38240165,-1.0067059
2116.0,-5.813122,-2.3870192,7.489063,0.12095132,-0.37873647,-1.0042624
2128.0,-5.710171,-2.4827871,7.441179,0.10629055,-0.37140608,-0.9981538
2140.0,-5.741296,-2.3319526,7.417237,0.09285152,-0.36041048,-0.9896017
2147.0,-5.7628436,-2.1763294,7.3765354,0.08307768,-0.3555236,-0.98837996
2158.0,-5.729325,-2.2337902,7.386112,0.0720821,-0.344528,-0.9896017
2169.0,-5.6431336,-2.3223755,7.455544,0.06352998,-0.3323107,-0.9810496
2177.0,-5.571307,-2.3439236,7.541735,0.065973446,-0.32253686,-0.96761054
2188.0,-5.499481,-2.5833437,7.536947,0.087964594,-0.3213151,-0.9578367
2198.0,-5.473145,-2.6719291,7.716512,0.12217305,-0.31887165,-0.94806284
2211.0,-5.389348,-2.6192567,7.7548194,0.19792034,-0.3213151,-0.92485
2218.0,-5.281609,-2.6048915,7.6734166,0.19792034,-0.3213151,-0.92485
2231.0,-5.2002063,-2.5785553,7.575254,0.1966986,-0.32253686,-0.91751957
2239.0,-5.2624555,-2.705448,7.5968018,0.13561209,-0.312763,-0.9114109
2249.0,-5.2528787,-2.6240451,7.5680714,0.032986723,-0.29077184,-0.9138544
2258.0,-5.281609,-2.7150247,7.539341,-0.07086037,-0.2724459,-0.9285152
2270.0,-5.255273,-2.9233203,7.477092,-0.16126843,-0.25534168,-0.9468411
2279.0,-5.2145715,-3.3183637,7.4723034,-0.26267207,-0.21868975,-0.9627236
2289.0,-5.1930237,-3.3255463,7.5321584,-0.26633725,-0.21624629,-0.9639453
2298.0,-5.118803,-3.2824504,7.57286,-0.25045475,-0.21746802,-0.9602802
2311.0,-4.9775453,-3.2513258,7.575254,-0.24190263,-0.21380283,-0.9468411
2317.0,-4.8865657,-3.454833,7.651869,-0.26511553,-0.20647246,-0.91874135
2328.0,-4.8602295,-3.6583402,7.6231384,-0.31520647,-0.1881465,-0.88331115
2338.0,-4.8099513,-4.0198646,7.548918,-0.376293,-0.17104226,-0.8588765
2352.0,-4.8841715,-4.0677485,7.539341,-0.41905355,-0.14782938,-0.85154617
2359.0,-4.8865657,-4.0342298,7.5321584,-0.41905355,-0.13805555,-0.8564331
2371.0,-4.8602295,-3.9791632,7.479486,-0.3811799,-0.13927728,-0.8588765
2378.0,-4.793192,-3.881001,7.4986396,-0.3408628,-0.13683382,-0.8564331
2387.0,-4.72376,-3.8762126,7.469909,-0.30787608,-0.119729586,-0.84665924
2397.0,-4.6232033,-3.9336734,7.524976,-0.2761111,-0.105068825,-0.8405506
2409.0,-4.663905,-3.916914,7.4603324,-0.23335053,-0.09040806,-0.8405506
2417.0,-4.654328,-3.9743748,7.3549876,-0.18325958,-0.08552113,-0.84299403
2427.0,-4.6495395,-3.9360676,7.40766,-0.15027285,-0.080634214,-0.8405506
2437.0,-4.663905,-3.9432502,7.419631,-0.1160644,-0.08307768,-0.83077675
2447.0,-4.584896,-3.9695864,7.4268136,-0.06963864,-0.095294975,-0.8246681
2458.0,-4.5202527,-4.1060557,7.4746976,-0.019547688,-0.10140363,-0.8222246
2469.0,-4.450821,-4.0653543,7.491457,0.013439035,-0.11362094,-0.8197812
2477.0,-4.4316673,-4.0342298,7.5441294,0.029321533,-0.11728613,-0.8173377
2488.0,-4.280833,-4.0342298,7.551312,0.036651913,-0.12095132,-0.8173377
2497.0,-4.297592,-4.096479,7.541735,0.034208454,-0.12095132,-0.81122905
2510.0,-4.3119574,-4.1395745,7.575254,0.03176499,-0.12217305,-0.79901177
