23.0,0.033518825,-1.5059528,10.067618,0.056199603,-0.17348573,-0.8857546
23.0,0.33039984,-1.5346833,10.070012,0.15149458,0.12705997,-0.07086037
48.0,0.3854665,-1.1492168,10.189722,0.042760566,-0.26145032,-0.26511553
48.0,0.22505496,-0.8403648,10.18254,-0.05497787,-0.3885103,-0.26511553
53.0,0.076614454,-0.7469909,10.259154,0.07086037,0.4288274,0.1282817
61.0,0.11731588,-0.8403648,10.333375,0.04642576,0.48502702,0.13439035
73.0,0.22266077,-0.8810662,10.342952,0.02076942,0.3555236,0.05497787
83.0,0.29448682,-0.91937345,10.426748,0.018325957,0.23090707,-0.018325957
92.0,0.21547815,-0.89782566,10.618284,0.030543262,0.27122417,-0.02687807
102.0,0.19632454,-0.80445176,10.812215,0.04642576,0.31887165,-0.04886922
113.0,0.045489833,-0.7685388,10.94629,0.06352998,0.36896262,-0.07696902
122.0,0.076614454,-0.78290397,11.025299,0.08307768,0.42638394,-0.10629055
132.0,-0.08379706,-0.79487497,11.056423,0.103847094,0.48624873,-0.13194689
142.0,-0.16280572,-0.8379706,11.010934,0.1160644,0.548557,-0.16126843
153.0,-0.21787235,-0.7685388,11.010934,0.1282817,0.6084218,-0.19303341
162.0,-0.24899697,-0.7398083,11.101913,0.14049901,0.6731735,-0.21991149
173.0,-0.30885202,-0.6967127,11.259931,0.15393804,0.7415904,-0.22968534
184.0,-0.36631286,-0.79008657,11.224017,0.16615535,0.8136725,-0.22113322
192.0,-0.45010993,-0.92416185,11.250354,0.19058995,0.8857546,-0.21624629
202.0,-0.5722142,-1.163582,11.384429,0.21991149,0.95417154,-0.22235495
213.0,-0.59615624,-1.1755531,11.461043,0.23945917,1.0262536,-0.22968534
222.0,-0.5434838,-1.3096284,11.674128,0.27366763,1.1166617,-0.22602014
233.0,-0.5793968,-1.5298948,11.657368,0.34208453,1.2095132,-0.21013765
241.0,-0.5410896,-1.8459295,11.767501,0.43371433,1.2925909,-0.18692477
254.0,-0.62009823,-2.0015526,11.700463,0.53023106,1.3878858,-0.172264
262.0,-0.866701,-1.8531121,11.736377,0.6133087,1.4953982,-0.16249016
272.0,-0.9576807,-1.769315,11.7268,0.64996064,1.6029104,-0.13439035
283.0,-1.1611878,-1.7118542,11.530476,0.6133087,1.7030923,-0.07574729
293.0,-1.3455414,-1.5801731,11.200075,0.49846604,1.8118263,-0.017104227
302.0,-1.6567876,-1.3096284,10.824186,0.35308012,1.9242256,0.019547688
312.0,-1.99437,-1.0366893,10.448297,0.17837265,2.0158553,0.05009095
322.0,-2.3535004,-1.0031705,10.204087,-0.0012217305,2.1050417,0.10751228
333.0,-2.6360161,-1.0319009,10.101137,-0.13927728,2.1612413,0.19425514
342.0,-2.9831753,-1.1492168,9.883265,-0.24556783,2.1978931,0.2919936
354.0,-3.2034419,-1.3599066,9.97185,-0.3200934,2.2492058,0.38362336
362.0,-3.5673606,-1.4820108,10.04607,-0.33353242,2.284636,0.4642576
373.0,-3.8426938,-1.7310078,9.947908,-0.3005457,2.2944098,0.53878313
382.0,-4.015076,-1.8387469,9.703699,-0.23335053,2.2968533,0.6047566
393.0,-4.2544966,-1.6687586,9.11712,-0.172264,2.2797492,0.6658431
402.0,-4.4723687,-1.4221559,8.573636,-0.16982053,2.2602015,0.7257079
413.0,-4.745308,-1.1827357,8.195353,-0.22602014,2.261423,0.79045963
422.0,-4.924873,-1.1755531,7.9822683,-0.31642818,2.2675319,0.8564331
432.0,-5.279215,-1.0486604,7.762002,-0.4007276,2.2504275,0.91507614
442.0,-5.461174,-0.90261406,7.6949644,-0.4447099,2.2137756,0.9602802
454.0,-5.6551046,-0.8523358,7.620744,-0.453262,2.1514673,1.0103711
462.0,-5.583278,-0.7015011,7.5584946,-0.44348818,2.0696115,1.0690142
474.0,-5.619191,-0.557849,7.5680714,-0.44593164,2.0048597,1.1386528
483.0,-5.7149596,-0.48362875,7.302315,-0.47158796,1.9559906,1.2180653
492.0,-5.8681884,-0.6799533,6.813898,-0.49846604,1.9071213,1.2815952
502.0,-6.1387334,-1.0247183,6.4404025,-0.4813618,1.8399261,1.2999213
513.0,-6.3566055,-1.2210429,6.2009826,-0.41538838,1.7458528,1.2901474
522.0,-6.4284315,-1.1492168,6.0142345,-0.31031954,1.6346754,1.2938126
534.0,-6.445191,-1.043872,5.8346696,-0.18203785,1.5259414,1.3316863
542.0,-6.4188547,-0.79726917,5.7365074,-0.0720821,1.4220943,1.3903292
554.0,-6.4619503,-0.7158663,5.6886234,0.007330383,1.3390167,1.4318681
562.0,-6.5457473,-0.60573304,5.542577,0.07086037,1.2547172,1.4477507
573.0,-6.519411,-0.4381389,5.554548,0.10995574,1.1679744,1.4526376
582.0,-6.6870055,-0.30166942,5.506664,0.112399206,1.0910053,1.4648548
594.0,-6.6774287,-0.28491,5.485116,0.087964594,1.0189233,1.4795157
605.0,-6.6726403,-0.23223756,5.463568,0.039095376,0.9431759,1.4880677
615.0,-6.6271505,-0.16759412,5.497087,-0.028099801,0.8723156,1.4819591
624.0,-6.50744,-0.16280572,5.523423,-0.080634214,0.80756384,1.4660766
636.0,-6.50744,-0.02873042,5.6120086,-0.10140363,0.7415904,1.4477507
646.0,-6.4739213,0.090979666,5.590461,-0.105068825,0.6768387,1.4404203
659.0,-6.447585,0.05746084,5.683835,-0.096516706,0.61453044,1.4440855
665.0,-6.3661823,-0.076614454,5.793968,-0.07941248,0.5558874,1.4514158
676.0,-6.133945,-0.08619126,5.853823,-0.05497787,0.5180137,1.4526376
685.0,-6.0884547,0.04309563,5.935226,-0.008552114,0.48991394,1.4379768
697.0,-6.0645127,0.16519992,5.8801594,0.05131268,0.4605924,1.4147639
705.0,-6.0597243,0.4357447,5.8466406,0.06841691,0.44226643,1.4037683
717.0,-6.1387334,0.78769237,5.851429,0.02443461,0.4373795,1.3976597
726.0,-6.1507044,0.94570965,5.755661,-0.04642576,0.42760566,1.3842206
736.0,-6.1076083,1.1587936,5.7365074,-0.11362094,0.408058,1.3561208
745.0,-6.033388,1.2449849,5.6910176,-0.172264,0.38240165,1.3304645
758.0,-5.9041014,1.3575124,5.74369,-0.21624629,0.35796702,1.3133603
766.0,-5.8442464,1.4149733,5.734113,-0.23457226,0.3359759,1.2938126
777.0,-5.9280434,1.5011644,5.841852,-0.2284636,0.32253686,1.2596041
788.0,-6.105214,1.745373,5.90889,-0.20158553,0.3042109,1.2168436
797.0,-6.196194,1.8962077,5.877765,-0.16493362,0.27855456,1.1753048
806.0,-6.1004257,2.0494366,5.8825536,-0.13194689,0.25411993,1.1349876
816.0,-6.009446,2.1284454,5.949591,-0.118507855,0.23457226,1.0946705
825.0,-5.9304376,2.2984335,5.877765,-0.13194689,0.22113322,1.047023
838.0,-5.9304376,2.3223755,5.872977,-0.1685988,0.21746802,0.9944886
846.0,-6.069301,2.5258827,5.9064956,-0.2443461,0.19792034,0.9089675
858.0,-6.0980315,2.6144683,6.0477533,-0.2443461,0.19792034,0.9089675
866.0,-6.0405707,2.5713725,6.0956373,-0.2602286,0.15760323,0.86620694
877.0,-5.9424086,2.516306,6.205771,-0.23335053,0.15027285,0.83077675
886.0,-5.9304376,2.6623523,6.351817,-0.2003638,0.1441642,0.79412484
898.0,-6.007052,2.6527755,6.291962,-0.17959438,0.13927728,0.7648033
906.0,-5.9543796,2.681506,6.3087215,-0.16615535,0.13316862,0.73792523
916.0,-5.925649,2.753332,6.277597,-0.15515977,0.13561209,0.7098254
925.0,-5.995081,2.767697,6.229713,-0.15393804,0.14172074,0.6780604
934.0,-6.0884547,2.8562827,6.2488666,-0.1685988,0.15149458,0.64751714
946.0,-6.169858,3.0334535,6.2105594,-0.19425514,0.16126843,0.6243043
957.0,-6.2368956,3.1364043,6.131551,-0.22724187,0.15882497,0.6072
964.0,-6.205771,3.1986535,6.155493,-0.2565634,0.15027285,0.5900958
972.0,-6.1219735,3.2034419,6.145916,-0.26145032,0.14782938,0.56688297
982.0,-6.0860605,3.157952,5.985504,-0.24312437,0.1282817,0.5412266
994.0,-6.1387334,3.1364043,5.947197,-0.21991149,0.112399206,0.5180137
1002.0,-6.244078,3.1723173,5.959168,-0.204029,0.09896017,0.5009095
1013.0,-6.2584434,3.1986535,6.054936,-0.17959438,0.08552113,0.48258355
1022.0,-6.3087215,3.2632968,5.9687448,-0.15027285,0.062308256,0.46181414
1037.0,-6.3087215,3.229778,6.0166287,-0.12217305,0.037873644,0.4373795
1043.0,-6.2249246,3.4165258,5.961562,-0.10140363,0.02565634,0.4129449
1054.0,-6.05733,3.5338416,5.973533,-0.09162979,0.002443461,0.39706242
1063.0,-5.9567738,3.514688,5.8586116,-0.09896017,-0.004886922,0.37995818
1075.0,-5.911284,3.4404678,5.9064956,-0.10262536,-0.0061086523,0.35185838
1083.0,-5.9400144,3.5075054,5.932832,-0.09896017,-0.015882496,0.31520647
1094.0,-5.9759274,3.4835634,5.959168,-0.09040806,-0.032986723,0.28221974
1104.0,-5.935226,3.514688,5.920861,-0.081855945,-0.052534413,0.25778514
1115.0,-5.793968,3.5984852,5.9519854,-0.081855945,-0.06719518,0.23090707
1124.0,-5.734113,3.6176388,5.961562,-0.0842994,-0.07941248,0.19303341
1137.0,-5.770026,3.7110126,5.93762,-0.08307768,-0.09285152,0.15149458
1146.0,-5.758055,3.6583402,5.9519854,-0.06719518,-0.1001819,0.10629055
1157.0,-5.9041014,3.2800562,6.7229185,0.20647246,-0.12461651,0.087964594
1165.0,-6.289568,0.15322891,7.1347213,0.9260717,-0.14905111,0.1881465
1176.0,-6.955156,-0.34237084,7.465121,1.6371188,-0.24801129,0.5180137
1187.0,-6.943185,1.5514427,7.1371155,2.157576,-0.51923543,0.8026769
1199.0,-6.2345014,4.7261543,6.054936,2.1197023,-0.6401868,0.6646214
1206.0,-5.391742,6.7827735,5.3678,1.486846,-0.4361578,0.33841935
1217.0,-5.092467,6.615179,5.2768207,0.63529986,-0.10262536,0.21380283
1227.0,-5.4420204,5.1882353,5.659893,0.02687807,0.13561209,0.27855456
1236.0,-6.167464,4.146757,5.707777,-0.25167647,0.19425514,0.35063666
1245.0,-6.615179,4.1276035,5.5856724,-0.3885103,0.16249016,0.32986724
1258.0,-6.6079965,4.390966,5.523423,-0.5338962,0.11728613,0.24801129
1266.0,-6.3422403,4.642357,5.5018754,-0.66706485,0.11362094,0.14538592
1275.0,-6.2823853,4.5657425,5.6407394,-0.7476991,0.13316862,0.059864793
1287.0,-6.265626,4.4460325,5.6886234,-0.75625116,0.13194689,0.004886922
1295.0,-6.2991447,4.2185836,5.6766524,-0.689056,0.09773844,-0.042760566
1306.0,-6.277597,4.134786,5.7125654,-0.5852089,0.042760566,-0.087964594
1317.0,-6.1746464,4.0294414,5.7484784,-0.47525316,-0.012217305,-0.12339478
1324.0,-6.191406,4.120421,5.731719,-0.37995818,-0.04520403,-0.14538592
1334.0,-6.179435,4.10845,5.851429,-0.30787608,-0.07574729,-0.15515977
1344.0,-6.217742,4.1132383,5.9184666,-0.27855456,-0.10629055,-0.15515977
1355.0,-6.1985884,4.0892963,6.054936,-0.30543262,-0.119729586,-0.15393804
1363.0,-5.98311,4.0174704,6.066907,-0.36774087,-0.13561209,-0.15760323
1374.0,-6.007052,4.1156325,6.1507044,-0.45814893,-0.1282817,-0.16126843
1384.0,-5.9184666,4.1539397,6.172252,-0.5681047,-0.119729586,-0.15760323
1395.0,-5.6527104,3.9504328,6.43322,-0.6414085,-0.15882497,-0.23823744
1405.0,-5.0014873,3.2561142,6.670246,-0.5131268,-0.25045475,-0.6597345
1415.0,-4.8722005,2.906561,6.667852,-0.32742378,-0.21502456,-1.1728612
1425.0,-5.3725886,3.040636,6.7923503,-0.20647246,-0.15515977,-1.4123205
1436.0,-6.0525417,3.1292217,6.8091097,-0.096516706,-0.12461651,-1.3292428
1444.0,-6.4787097,3.0550013,6.7253127,-0.019547688,-0.13683382,-0.9798279
1457.0,-6.4499793,2.932897,6.682217,0.021991149,-0.17715092,-0.50946164
1465.0,-5.8945246,2.837129,6.591237,0.08552113,-0.24556783,-0.24556783
1476.0,-5.4779334,3.0023289,6.4787097,0.15515977,-0.267559,-0.3567453
1485.0,-5.267244,3.3973722,6.4523735,0.13194689,-0.23335053,-0.60231316
1497.0,-5.4420204,3.572149,6.3566055,0.042760566,-0.18081611,-0.7110472
1506.0,-5.645528,3.359065,6.4284315,-0.0061086523,-0.16249016,-0.6658431
1517.0,-5.6790466,2.9735985,6.411672,0.02321288,-0.19181168,-0.61453044
1526.0,-5.693412,2.7150247,6.409278,0.08552113,-0.23579398,-0.6462954
1536.0,-5.580884,2.8395233,6.3901243,0.13805555,-0.25900686,-0.71837753
1548.0,-5.556942,2.9640217,6.3422403,0.15882497,-0.27366763,-0.7635816
1560.0,-5.535394,2.9951463,6.3781533,0.15271631,-0.2846632,-0.77213365
1566.0,-5.580884,3.004723,6.2991447,0.14049901,-0.2968805,-0.7867944
1577.0,-5.6766524,2.9017725,6.2728086,0.1282817,-0.30298916,-0.8258898
1587.0,-5.7843914,2.7629087,6.385336,0.10995574,-0.3115413,-0.87109387
1598.0,-5.815516,2.6264393,6.4260373,0.095294975,-0.32742378,-0.90408057
1607.0,-5.7365074,2.5187001,6.4523735,0.095294975,-0.34697145,-0.9285152
1619.0,-5.6670756,2.468422,6.3589997,0.1001819,-0.36041048,-0.95417154
1627.0,-5.571307,2.4779987,6.375759,0.09407325,-0.37140608,-0.98349303
1638.0,-5.6215854,2.432509,6.3901243,0.07452556,-0.37751472,-1.0140363
1647.0,-5.6646814,2.4349031,6.445191,0.028099801,-0.3848451,-1.0751228
1659.0,-5.6910176,2.2098482,6.4523735,0.028099801,-0.3848451,-1.0751228
1667.0,-5.8203044,2.0757728,6.399701,0.021991149,-0.40194935,-1.102001
1678.0,-5.837064,2.0207062,6.5218053,0.02321288,-0.41783184,-1.1301007
1687.0,-6.0142345,1.8938135,6.567295,0.028099801,-0.4373795,-1.1606439
1697.0,-5.9639564,1.7980455,6.6079965,0.037873644,-0.4569272,-1.1911873
1707.0,-6.0405707,1.6759412,6.6989765,0.06963864,-0.48747048,-1.2534955
1717.0,-5.98311,1.6711528,6.7348895,0.081855945,-0.49602258,-1.2767084
1727.0,-6.009446,1.5370775,6.7492547,0.087964594,-0.50335294,-1.2962561
1741.0,-6.0381765,1.412579,6.835446,0.08674286,-0.5009095,-1.3121386
1746.0,-6.2105594,1.2880806,6.9120603,0.08674286,-0.5021312,-1.3267993
1759.0,-6.2129536,1.1372458,7.026982,0.09773844,-0.50335294,-1.3414601
1767.0,-6.256049,1.0223241,7.0940194,0.112399206,-0.50579643,-1.3585643
1777.0,-6.241684,0.9744401,7.1275387,0.1160644,-0.49846604,-1.3720033
1787.0,-6.2632318,0.79008657,7.192182,0.11484267,-0.49235737,-1.3817772
1799.0,-6.2368956,0.7206547,7.1586633,0.112399206,-0.48747048,-1.3842206
1806.0,-6.0956373,0.5410896,7.165846,0.105068825,-0.47769663,-1.3793337
1817.0,-6.078878,0.40462008,7.1155677,0.09773844,-0.4728097,-1.3671165
1827.0,-5.9998693,0.23702596,7.0964136,0.1001819,-0.47647488,-1.3524556
1838.0,-5.961562,0.02633622,7.1490865,0.118507855,-0.4813618,-1.3414601
1847.0,-5.9304376,0.059855044,7.129933,0.14172074,-0.48380527,-1.3353515
1860.0,-6.1100025,-0.009576807,7.1610575,0.15149458,-0.48258355,-1.3365731
1866.0,-6.327875,-0.011971008,7.2568254,0.14538592,-0.48624873,-1.3426818
1878.0,-6.397307,-0.093373865,7.2687964,0.13194689,-0.50579643,-1.3475688
1888.0,-6.2488666,-0.21308395,7.240066,0.11362094,-0.52656585,-1.346347
1898.0,-6.196194,-0.24181437,7.240066,0.08307768,-0.5363397,-1.3341297
1907.0,-6.0405707,-0.31603462,7.240066,0.04886922,-0.535118,-1.314582
1919.0,-5.973533,-0.40462008,7.326257,0.02443461,-0.5375614,-1.287704
1927.0,-5.8586116,-0.5482722,7.326257,0.004886922,-0.54733527,-1.2534955
1938.0,-5.781997,-0.6871359,7.3789296,-0.0061086523,-0.55833083,-1.2278391
1948.0,-5.719748,-0.842759,7.477092,0.0012217305,-0.5558874,-1.2180653
1958.0,-5.7867856,-0.81642276,7.548918,0.02565634,-0.5522222,-1.2217305
1967.0,-5.853823,-0.830788,7.675811,0.05131268,-0.5510005,-1.2253957
1979.0,-5.9663506,-0.878672,7.675811,0.0720821,-0.5497787,-1.2253957
1988.0,-6.0118403,-0.8643068,7.7428484,0.07574729,-0.54611355,-1.2205088
1998.0,-5.973533,-1.0103531,7.869741,0.07086037,-0.54611355,-1.2095132
2007.0,-5.9280434,-1.115698,7.929596,0.07086037,-0.54244834,-1.1985176
2018.0,-5.813122,-1.163582,7.9846625,0.080634214,-0.535118,-1.1899655
2029.0,-5.681441,-1.0941502,8.075643,0.09285152,-0.51923543,-1.17897
2039.0,-5.556942,-1.1994951,8.1642275,0.10140363,-0.49480084,-1.1643091
2049.0,-5.5258174,-1.3503298,8.178593,0.10873401,-0.46792278,-1.1533136
2076.0,-5.4085016,-1.3383588,8.180987,0.11728613,-0.44348818,-1.1484267
2076.0,-5.317522,-1.340753,8.171411,0.12583824,-0.42394048,-1.1472049
2076.0,-5.245696,-1.2665327,8.171411,0.12095132,-0.40317106,-1.1484267
2086.0,-5.2121773,-1.2593501,8.214506,0.09162979,-0.376293,-1.1508701
2098.0,-5.267244,-1.3072342,8.231265,0.04642576,-0.34330627,-1.1594223
2107.0,-5.33907,-1.4293385,8.228871,0.010995574,-0.3213151,-1.1679744
2116.0,-5.3558292,-1.5705963,8.250419,-0.002443461,-0.312763,-1.1667526
2127.0,-5.303157,-1.6112977,8.26239,-0.0036651916,-0.31398472,-1.1508701
2137.0,-5.2121773,-1.7525556,8.228871,-0.002443461,-0.31031954,-1.1301007
2147.0,-5.159505,-1.7884687,8.324639,0.008552114,-0.3042109,-1.1166617
2159.0,-5.0900726,-1.8722657,8.286332,0.02321288,-0.3005457,-1.1044444
2166.0,-5.0374002,-2.0087352,8.279149,0.028099801,-0.2932153,-1.0873401
2177.0,-5.0062757,-1.8531121,8.310274,0.015882496,-0.28344148,-1.065349
2187.0,-4.876989,-1.8435353,8.238448,-0.010995574,-0.27488935,-1.0482447
2199.0,-4.939238,-1.934515,8.281544,-0.061086524,-0.26633725,-1.033584
2207.0,-5.046977,-1.9895816,8.23366,-0.12583824,-0.25778514,-1.0177015
2220.0,-5.133168,-2.2242134,8.212111,-0.1966986,-0.25778514,-0.99204516
2229.0,-5.233725,-2.3391352,8.154651,-0.26145032,-0.26633725,-0.956615
2239.0,-5.2648497,-2.4492683,8.238448,-0.30909783,-0.2761111,-0.9138544
2248.0,-5.221754,-2.5474305,8.178593,-0.3359759,-0.28588495,-0.8698721
2260.0,-5.1571107,-2.6192567,8.372523,-0.32742378,-0.2846632,-0.8344419
2268.0,-5.0517654,-2.8083985,8.583213,-0.2724459,-0.28588495,-0.79901177
2280.0,-4.927267,-2.8443117,8.564059,-0.18448131,-0.28588495,-0.75991637
2288.0,-4.96318,-2.8083985,8.511387,-0.07452556,-0.28099802,-0.7244862
2298.0,-4.867412,-2.7150247,8.513782,0.019547688,-0.27488935,-0.6939429
2310.0,-4.876989,-2.681506,8.513782,0.07574729,-0.2602286,-0.66828656
2319.0,-4.72376,-2.6360161,8.516175,0.095294975,-0.24556783,-0.643852
2328.0,-4.656722,-2.6048915,8.516175,0.089186326,-0.22602014,-0.6291912
2340.0,-4.4675803,-2.731784,8.48984,0.07452556,-0.20891592,-0.6291912
2347.0,-4.4675803,-2.6623523,8.3629465,0.05497787,-0.19303341,-0.6401868
2360.0,-4.4484267,-2.6264393,8.305486,0.02443461,-0.17959438,-0.6462954
2369.0,-4.2904096,-2.5833437,8.269572,-0.009773844,-0.16493362,-0.6426302
2378.0,-4.24492,-2.6192567,8.303091,-0.03176499,-0.14782938,-0.6389651
2387.0,-4.0557775,-2.695871,8.355764,-0.030543262,-0.13194689,-0.643852
2401.0,-4.036624,-2.7269957,8.271967,-0.014660766,-0.12705997,-0.6450737
2409.0,-3.9240966,-2.801216,8.312668,0.0036651916,-0.12705997,-0.6401868
2417.0,-4.015076,-2.779668,8.259995,0.015882496,-0.1282817,-0.63041294
2428.0,-3.9624038,-2.6791117,8.336611,0.018325957,-0.13561209,-0.6230826
2440.0,-3.8307228,-2.6719291,8.219295,0.010995574,-0.1441642,-0.61819565
2448.0,-3.8259344,-2.72939,8.252813,0.0,-0.14660765,-0.61941737
2461.0,-3.8139634,-2.753332,8.269572,-0.0036651916,-0.15515977,-0.6218608
2467.0,-3.8642416,-2.7988217,8.348581,0.0,-0.16737708,-0.6218608
2479.0,-3.7684734,-2.8060043,8.274361,-0.0012217305,-0.17837265,-0.61575216
2488.0,-3.6870706,-2.7724855,8.350976,-0.008552114,-0.18325958,-0.6072
2498.0,-3.6942532,-2.918532,8.327033,-0.014660766,-0.18448131,-0.59742624
