37.0,0.47405192,-0.7469909,9.92636,0.118507855,-0.23457226,-0.5375614
39.0,0.40462008,-0.7398083,9.878476,0.16371189,0.1160644,-0.080634214
60.0,0.40222588,-0.7086837,9.962274,0.004886922,-0.25167647,-0.29077184
60.0,0.38067806,-0.79248077,9.945514,-0.10751228,-0.36041048,-0.3811799
70.0,0.46447513,-0.8595184,10.000581,-0.012217305,0.47525316,-0.0842994
79.0,0.4213795,-0.90021986,10.029311,-0.06841691,0.548557,-0.1600467
91.0,0.40462008,-0.8283938,10.01734,-0.14538592,0.43249258,-0.30298916
99.0,0.30166942,-0.8762778,9.967062,-0.2003638,0.3042109,-0.39706242
109.0,0.12928689,-0.8283938,9.974244,-0.2443461,0.33475417,-0.41416663
119.0,0.031124622,-0.89543146,10.036493,-0.29810223,0.3652974,-0.43127087
129.0,-0.011971008,-0.8451532,10.0341,-0.35063666,0.3933972,-0.44837508
139.0,-0.110133275,-0.92176765,10.251971,-0.39950588,0.41905355,-0.45937067
150.0,-0.10295067,-1.2042835,10.400413,-0.42760566,0.44837508,-0.45937067
159.0,-0.18195933,-1.4748282,10.575189,-0.42271876,0.47891834,-0.45448375
170.0,-0.2873042,-1.6663644,10.658986,-0.38973203,0.51068336,-0.45448375
179.0,-0.45250413,-1.6424223,10.675745,-0.3323107,0.54611355,-0.4605924
190.0,-0.7134721,-1.5514427,10.673351,-0.27366763,0.5839872,-0.47158796
199.0,-0.8379706,-1.484405,10.668563,-0.23457226,0.63163465,-0.47891834
210.0,-1.0175357,-1.4293385,10.534488,-0.22968534,0.68539083,-0.4654793
219.0,-1.1468226,-1.5753847,10.733206,-0.25045475,0.7476991,-0.43493605
229.0,-1.2641385,-1.8195933,10.805033,-0.2724459,0.816116,-0.39950588
240.0,-1.4101849,-1.9536686,10.864887,-0.2761111,0.8723156,-0.36041048
251.0,-1.5586253,-1.8674773,10.977415,-0.28099802,0.91996306,-0.32375857
258.0,-1.7405846,-1.9369092,10.929531,-0.3005457,0.9798279,-0.29565877
271.0,-1.9416976,-1.9991584,10.773908,-0.35308012,1.0458013,-0.2602286
279.0,-2.0159178,-2.2577322,10.625467,-0.42271876,1.1117748,-0.21746802
290.0,-2.2936451,-2.5761611,10.431537,-0.4972443,1.1716396,-0.1685988
299.0,-2.5187001,-2.6192567,10.484209,-0.5717699,1.2400564,-0.119729586
310.0,-2.7365725,-2.791639,10.491392,-0.5888741,1.3255776,-0.0842994
319.0,-2.822764,-2.8993783,10.618284,-0.5448918,1.3878858,-0.05131268
331.0,-2.96881,-2.9759927,10.582372,-0.49113566,1.4428637,-0.002443461
339.0,-3.0382419,-2.9376855,10.5440645,-0.4373795,1.5015068,0.06352998
350.0,-3.1627405,-2.870648,10.505757,-0.43371433,1.5601498,0.13683382
360.0,-3.2441432,-2.9017725,10.611102,-0.49602258,1.6371188,0.20525073
369.0,-3.4380736,-3.083732,10.692505,-0.54611355,1.7446312,0.2687807
380.0,-3.5434184,-3.3973722,10.3214035,-0.52412236,1.8350391,0.344528
392.0,-3.7325604,-3.5482068,10.031705,-0.3652974,1.9242256,0.51923543
399.0,-3.8426938,-3.5913026,9.821015,-0.3652974,1.9242256,0.51923543
410.0,-3.964798,-3.7349546,9.65821,-0.2761111,1.9596558,0.59131753
420.0,-4.173094,-3.9264908,9.526528,-0.036651913,2.0525072,0.7806858
430.0,-4.223372,-3.7565024,9.275137,0.087964594,2.0769417,0.86376345
440.0,-4.4244847,-3.5194764,8.973468,0.19914207,2.0867157,0.91507614
451.0,-4.417302,-3.1292217,8.683769,0.2687807,2.0916026,0.95905846
460.0,-4.4939165,-2.9592333,8.3390045,0.28099802,2.098933,1.0213667
470.0,-4.584896,-2.6886885,8.0684595,0.23701571,2.1038198,1.1044444
480.0,-4.7046065,-2.5737667,7.9104424,0.1563815,2.1148155,1.2009611
491.0,-4.9775453,-2.8562827,8.085219,0.057421334,2.1184807,1.2974777
499.0,-5.073313,-2.930503,8.056489,-0.052534413,2.1087067,1.3866642
511.0,-5.161899,-2.9233203,7.855376,-0.1563815,2.0916026,1.4782939
520.0,-5.2863975,-2.7365725,7.6231384,-0.22479841,2.0476203,1.5552629
530.0,-5.2289367,-2.5139117,7.45315,-0.23335053,1.9755383,1.6041322
540.0,-5.29358,-2.4229321,7.2233067,-0.1966986,1.8936822,1.6395624
550.0,-5.2959743,-2.1547816,6.885724,-0.13683382,1.8154916,1.6859881
561.0,-5.4779334,-1.910573,6.6367273,-0.061086524,1.7275269,1.7373008
574.0,-5.6096144,-1.6184803,6.4044895,-0.0012217305,1.632232,1.7763962
583.0,-5.659893,-1.5107412,6.256049,0.0,1.5454891,1.813048
594.0,-5.568913,-1.4437037,6.1650696,-0.043982297,1.459968,1.8558086
603.0,-5.544971,-1.3623008,5.9998693,-0.09040806,1.3768903,1.8912388
613.0,-5.494693,-1.2018893,5.746084,-0.112399206,1.2840388,1.8997909
623.0,-5.6359506,-0.8834604,5.6407394,-0.12950343,1.1948525,1.894904
633.0,-5.9041014,-0.6823475,5.554548,-0.15271631,1.1215485,1.8875736
642.0,-6.0118403,-0.6536171,5.415684,-0.18081611,1.047023,1.8912388
653.0,-6.184223,-0.5793968,5.2983685,-0.23090707,0.97494096,1.8997909
663.0,-6.2943563,-0.58418524,5.2145715,-0.2846632,0.9016371,1.9010127
673.0,-6.2608376,-0.47884035,5.0541596,-0.32986724,0.8222246,1.8875736
682.0,-6.229713,-0.39743748,5.0397944,-0.36041048,0.73914695,1.8704693
695.0,-6.196194,-0.2873042,5.2121773,-0.38606682,0.6646214,1.8533652
703.0,-6.2368956,-0.21068975,5.3342814,-0.38973203,0.6010914,1.8301523
712.0,-6.351817,0.021547815,5.494693,-0.36041048,0.54367006,1.7996091
723.0,-6.3566055,0.11971009,5.66947,-0.31398472,0.48624873,1.7666223
733.0,-6.2512608,0.23463176,5.7724204,-0.2687807,0.4288274,1.7324139
742.0,-6.136339,0.20111294,5.829881,-0.22357668,0.37873647,1.7006488
754.0,-6.078878,0.2633622,5.791574,-0.18081611,0.3408628,1.6578883
763.0,-6.0381765,0.47884035,5.6215854,-0.13194689,0.30543262,1.5931365
775.0,-6.0884547,0.78769237,5.616797,-0.09773844,0.27122417,1.5296066
783.0,-6.203377,0.90500826,6.0285997,-0.089186326,0.24923302,1.4758505
793.0,-6.2488666,0.7661445,6.172252,-0.043982297,0.2761111,1.4245378
803.0,-6.277597,0.59376204,6.3326635,0.08552113,0.29077184,1.3891076
815.0,-6.2392898,0.9672575,6.208165,0.25534168,0.27366763,1.3610078
824.0,-6.2105594,1.6017209,6.033388,0.38362336,0.24678956,1.3329079
832.0,-6.14831,2.2361844,5.779603,0.35308012,0.23335053,1.3133603
844.0,-6.145916,2.4947581,5.595249,0.12950343,0.24801129,1.3011429
853.0,-6.0884547,2.4851813,5.559336,-0.20280726,0.27000242,1.2596041
864.0,-6.133945,2.207454,5.638345,-0.48502702,0.2919936,1.1691961
874.0,-6.339846,1.958457,5.6000376,-0.59498274,0.29443705,1.0629056
882.0,-6.469133,1.8818425,5.6646814,-0.53878313,0.26389378,1.0042624
895.0,-6.555324,2.0733786,5.8203044,-0.40194935,0.21135938,0.9896017
903.0,-6.435614,2.3798366,5.872977,-0.22724187,0.15393804,0.9651671
913.0,-6.3829417,2.4899697,5.853823,-0.08552113,0.10751228,0.9285152
923.0,-6.31351,2.6743233,5.923255,-0.029321533,0.09407325,0.8943067
935.0,-6.253655,2.7006595,5.920861,-0.02321288,0.089186326,0.86132
943.0,-6.3087215,2.755726,5.9448028,-0.021991149,0.0842994,0.8210029
953.0,-6.375759,2.822764,5.911284,-0.017104227,0.07452556,0.77946407
964.0,-6.2728086,2.777274,5.9280434,-0.015882496,0.061086524,0.7464773
973.0,-6.4068837,2.777274,5.851429,-0.02443461,0.052534413,0.71593404
984.0,-6.5816603,2.8299465,5.813122,-0.036651913,0.047647487,0.6817256
995.0,-6.646304,2.861071,5.8322754,-0.043982297,0.04520403,0.6414085
1001.0,-6.564901,2.8275523,5.9424086,-0.036651913,0.035430185,0.60231316
1014.0,-6.351817,2.9376855,6.021417,-0.021991149,0.008552114,0.5742133
1023.0,-6.244078,2.956839,5.9878983,-0.0061086523,-0.004886922,0.5522222
1033.0,-6.1411276,2.966416,6.090849,0.007330383,-0.004886922,0.52534413
1042.0,-5.710171,2.15957,6.3182983,0.06841691,-0.002443461,0.46914452
1055.0,-5.6982,1.7788919,6.4499793,0.27488935,-0.015882496,0.2968805
1075.0,-5.8634,1.7645266,6.3949127,0.59620446,-0.036651913,0.012217305
1075.0,-6.2752028,2.1691468,6.4404025,1.0360274,-0.010995574,-0.27855456
1080.0,-6.622362,2.4277205,6.3685765,1.4428637,0.04520403,-0.35185838
1093.0,-6.6630635,3.2752678,5.949591,1.7201965,0.036651913,-0.1881465
1103.0,-6.5505357,4.197036,5.556942,1.8167132,-0.043982297,0.002443461
1114.0,-6.191406,4.8745947,5.197812,1.7104226,-0.12217305,0.10873401
1121.0,-5.8634,4.9679685,5.0397944,1.4123205,-0.13316862,0.14294247
1132.0,-5.7628436,4.7500963,5.0014873,1.0360274,-0.08307768,0.16493362
1142.0,-6.0405707,4.5418005,4.915296,0.68294734,-0.02321288,0.2443461
1151.0,-6.3566055,4.5274353,4.939238,0.38240165,0.002443461,0.35796702
1161.0,-6.5696893,4.426879,5.0517654,0.1441642,-0.008552114,0.42271876
1173.0,-6.528988,4.4316673,5.140351,-0.040317107,-0.04153884,0.4129449
1184.0,-6.3829417,4.2042184,5.2145715,-0.19547687,-0.07574729,0.3726278
1194.0,-6.3350577,4.0462008,5.21936,-0.3200934,-0.096516706,0.33841935
1203.0,-6.4858923,4.003105,5.291186,-0.40194935,-0.103847094,0.30909783
1211.0,-6.5601125,4.1299977,5.3701944,-0.44959682,-0.1160644,0.27488935
1221.0,-6.679823,4.0342298,5.470751,-0.4886922,-0.13072516,0.2321288
1233.0,-6.670246,3.9145198,5.5641246,-0.5338962,-0.14294247,0.18448131
1241.0,-6.7109475,3.7469256,5.6239796,-0.5681047,-0.1441642,0.14660765
1251.0,-6.7971387,3.6822822,5.6431336,-0.58032197,-0.13927728,0.11362094
1260.0,-6.8091097,3.5649664,5.8681884,-0.5815437,-0.14049901,0.0720821
1270.0,-6.847417,3.5362358,5.973533,-0.58276546,-0.1441642,0.029321533
1280.0,-6.730101,3.502717,6.0597243,-0.5925393,-0.14782938,-0.009773844
1292.0,-6.6295447,3.5194764,6.05733,-0.61453044,-0.14049901,-0.07696902
1299.0,-6.615179,3.5194764,6.1530986,-0.61453044,-0.14049901,-0.07696902
1311.0,-6.5385647,3.5242648,6.1387334,-0.6291912,-0.13927728,-0.10140363
1321.0,-6.303933,3.3087866,6.203377,-0.6719518,-0.14294247,-0.18081611
1332.0,-5.485116,2.597709,6.4547677,-0.6560693,-0.1600467,-0.31398472
1342.0,-5.4085016,2.6982653,6.505046,-0.5522222,-0.2284636,-0.72692966
1353.0,-5.899313,3.004723,6.543353,-0.35918877,-0.17104226,-1.1997393
1362.0,-6.4188547,3.2082303,6.543353,-0.17715092,-0.09040806,-1.2791518
1376.0,-6.5337763,2.918532,6.4787097,-0.037873644,-0.09162979,-0.95539325
1383.0,-6.232107,2.6599581,6.349423,0.05497787,-0.12339478,-0.51068336
1394.0,-5.6886234,2.8060043,6.2752028,0.105068825,-0.19181168,-0.27488935
1402.0,-5.2887917,3.157952,6.1938,0.18448131,-0.25167647,-0.3885103
1415.0,-5.463568,3.4691982,6.0836663,0.21624629,-0.267559,-0.61941737
1424.0,-5.662287,3.4093432,6.033388,0.15760323,-0.23335053,-0.72326446
1433.0,-5.801151,3.1052797,6.0285997,0.08674286,-0.21746802,-0.6914995
1443.0,-5.7604494,2.7748797,5.985504,0.062308256,-0.24556783,-0.66706485
1453.0,-5.758055,2.834735,5.923255,0.07086037,-0.28955013,-0.71837753
1464.0,-5.827487,2.8299465,5.925649,0.07452556,-0.32253686,-0.8014552
1474.0,-5.884948,2.918532,5.887342,0.057421334,-0.34574974,-0.8564331
1483.0,-5.8346696,2.719813,6.090849,0.029321533,-0.36163223,-0.88331115
1496.0,-5.8801594,2.4372973,6.1004257,0.009773844,-0.37507126,-0.91629785
1503.0,-5.9807158,2.2409728,6.155493,0.02443461,-0.3921755,-0.97127575
1513.0,-6.167464,2.0518308,6.26802,0.07086037,-0.40439278,-1.0372492
1524.0,-6.1938,1.9991584,6.1938,0.12583824,-0.42394048,-1.0861185
1536.0,-6.3470287,1.9919758,6.26802,0.1600467,-0.44593164,-1.1154399
1544.0,-6.349423,1.9297266,6.2752028,0.16615535,-0.453262,-1.1386528
1553.0,-6.5146227,1.7621324,6.303933,0.15149458,-0.4605924,-1.1667526
1564.0,-6.519411,1.673547,6.361394,0.12095132,-0.46670106,-1.1899655
1574.0,-6.4404025,1.5610195,6.3685765,0.0842994,-0.46670106,-1.2021828
1584.0,-6.505046,1.3670892,6.4739213,0.058643065,-0.46792278,-1.2021828
1596.0,-6.4643445,1.2569559,6.588843,0.05131268,-0.47403142,-1.1997393
1603.0,-6.564901,1.1947067,6.612785,0.056199603,-0.48258355,-1.1997393
1615.0,-6.6774287,1.079785,6.631939,0.07086037,-0.48747048,-1.2034045
1624.0,-6.9000893,0.9792285,6.622362,0.0842994,-0.4813618,-1.210735
1634.0,-6.9982514,0.8690952,6.7205243,0.09285152,-0.47769663,-1.2131784
1642.0,-6.9767036,0.79726917,6.787562,0.10262536,-0.4801401,-1.2095132
1653.0,-6.943185,0.59376204,6.7708025,0.1160644,-0.4886922,-1.1972959
1663.0,-6.801927,0.60573304,6.885724,0.12461651,-0.48747048,-1.1801916
1673.0,-6.7468605,0.533907,6.907272,0.13072516,-0.47769663,-1.1667526
1683.0,-6.622362,0.47405192,6.907272,0.14049901,-0.46914452,-1.1520919
1695.0,-6.634333,0.5482722,6.931214,0.14905111,-0.4569272,-1.1374311
1704.0,-6.7133417,0.45968673,6.9886746,0.14905111,-0.44104472,-1.1215485
1714.0,-6.7827735,0.45250413,6.9599442,0.1441642,-0.43371433,-1.1032226
1724.0,-6.7803793,0.33997664,6.9264255,0.14172074,-0.42760566,-1.0873401
1734.0,-6.835446,0.32561144,7.03177,0.13927728,-0.42149702,-1.0751228
1743.0,-6.8210807,0.25378537,7.007828,0.12950343,-0.42394048,-1.0665708
1754.0,-6.8522053,0.30406362,7.141904,0.11728613,-0.4251622,-1.0592403
1763.0,-6.6870055,0.019153614,7.153875,0.10873401,-0.42271876,-1.0494665
1775.0,-6.691794,-0.090979666,7.2089415,0.10873401,-0.41905355,-1.0372492
1784.0,-6.6846113,-0.1388637,7.321469,0.12705997,-0.4166101,-1.0225884
1795.0,-6.7492547,-0.15801731,7.350199,0.16249016,-0.4166101,-1.0054842
1804.0,-6.76362,-0.18914193,7.326257,0.19914207,-0.41416663,-0.98471475
1815.0,-6.631939,-0.110133275,7.240066,0.22113322,-0.41905355,-0.9602802
1825.0,-6.5098343,-0.12210429,7.28795,0.22357668,-0.40683624,-0.9309586
1834.0,-6.43322,-0.23702596,7.314286,0.2125811,-0.39706242,-0.906524
1844.0,-6.4499793,-0.15322891,7.2544312,0.19058995,-0.38606682,-0.8894198
1854.0,-6.3781533,-0.29927522,7.2927384,0.15393804,-0.376293,-0.8784242
1864.0,-6.3901243,-0.35434186,7.189788,0.12705997,-0.37384954,-0.8686504
1873.0,-6.351817,-0.35913026,7.2089415,0.12095132,-0.376293,-0.8564331
1883.0,-6.3542113,-0.47644615,7.302315,0.12583824,-0.37751472,-0.84299403
1896.0,-6.3111157,-0.47165772,7.347805,0.12705997,-0.37995818,-0.829555
1902.0,-6.203377,-0.40940848,7.3645644,0.12950343,-0.38362336,-0.8173377
1914.0,-6.0501475,-0.4213795,7.395689,0.13561209,-0.38606682,-0.80756384
1924.0,-6.021417,-0.38307226,7.393295,0.14049901,-0.39095375,-0.8014552
1935.0,-5.8825536,-0.5243302,7.359776,0.13927728,-0.3885103,-0.8014552
1945.0,-5.8226986,-0.5530606,7.2664022,0.14172074,-0.38606682,-0.8063421
1954.0,-5.779603,-0.4429273,7.28795,0.14905111,-0.3933972,-0.8136725
1964.0,-5.7029886,-0.32561144,7.321469,0.15760323,-0.39706242,-0.8197812
1974.0,-5.6551046,-0.4213795,7.314286,0.15271631,-0.39828414,-0.8210029
1984.0,-5.6120086,-0.49799395,7.4124484,0.13316862,-0.39095375,-0.82344633
1994.0,-5.604826,-0.61291564,7.627927,0.11728613,-0.3848451,-0.8393288
2004.0,-5.451597,-0.6799533,7.668628,0.118507855,-0.38728857,-0.8588765
2016.0,-5.303157,-0.79487497,7.764396,0.12461651,-0.39461896,-0.8735373
2024.0,-5.130774,-0.878672,7.73806,0.118507855,-0.38728857,-0.8881981
2033.0,-5.0900726,-0.9624691,7.7332716,0.09773844,-0.37995818,-0.9101892
2043.0,-5.0421886,-1.0342951,7.735666,0.07086037,-0.37018433,-0.93951076
2054.0,-4.912902,-1.0079589,7.651869,0.04642576,-0.35796702,-0.97005403
2082.0,-4.76925,-0.91697925,7.6614456,0.019547688,-0.35185838,-0.9957104
2082.0,-4.8219223,-0.9768343,7.620744,-0.014660766,-0.33841935,-1.0164797
2083.0,-4.948815,-1.0893618,7.69257,-0.04886922,-0.3213151,-1.0396926
2092.0,-5.121197,-1.151611,7.821857,-0.080634214,-0.30543262,-1.0677924
2104.0,-5.1259856,-1.4652514,7.8266454,-0.1001819,-0.29932398,-1.0934488
2112.0,-5.142745,-1.5155296,7.9128366,-0.1001819,-0.30665436,-1.1068878
2123.0,-5.1690817,-1.5873557,7.824251,-0.07696902,-0.31398472,-1.1093313
2135.0,-5.133168,-1.6543933,7.9104424,-0.04153884,-0.32375857,-1.110553
2143.0,-5.0757074,-1.745373,7.9367785,-0.004886922,-0.3286455,-1.1117748
2153.0,-5.1140146,-1.7860745,7.953538,0.029321533,-0.3323107,-1.1129965
2162.0,-4.951209,-1.7549498,7.929596,0.052534413,-0.33841935,-1.1093313
2174.0,-4.903325,-1.7669208,7.9631147,0.059864793,-0.33841935,-1.1007792
2185.0,-4.84347,-1.8004397,8.02297,0.05009095,-0.3323107,-1.0934488
2196.0,-4.8219223,-1.9153614,7.97748,0.002443461,-0.31764993,-1.0897835
2203.0,-4.7070007,-2.1452048,8.008605,-0.021991149,-0.312763,-1.0873401
2213.0,-4.7405195,-2.1859062,7.979874,-0.04153884,-0.31642818,-1.0848967
2224.0,-4.757279,-2.2218192,7.941567,-0.052534413,-0.32498032,-1.0775663
2234.0,-4.7548847,-2.2290018,7.967903,-0.05009095,-0.33475417,-1.0629056
2244.0,-4.6830587,-2.255338,8.066066,-0.034208454,-0.3494149,-1.0384709
2255.0,-4.618415,-2.3199813,7.965509,-0.002443461,-0.36774087,-1.0128145
2264.0,-4.654328,-2.2936451,8.013393,0.032986723,-0.39461896,-0.9896017
2273.0,-4.584896,-2.4133554,8.049306,0.062308256,-0.41905355,-0.97005403
2284.0,-4.5801077,-2.396596,8.087613,0.07819075,-0.43371433,-0.95172805
2295.0,-4.5082817,-2.3774424,8.173804,0.08307768,-0.44959682,-0.93584555
2304.0,-4.3406878,-2.468422,8.111555,0.081855945,-0.47036624,-0.9224065
2315.0,-4.3023806,-2.468422,8.267179,0.080634214,-0.48502702,-0.91507614
2324.0,-4.201824,-2.504335,8.269572,0.087964594,-0.49968776,-0.9114109
2335.0,-4.096479,-2.5761611,8.291121,0.103847094,-0.5119051,-0.9101892
2345.0,-4.050989,-2.56419,8.288726,0.11728613,-0.52534413,-0.906524
2353.0,-4.048595,-2.566584,8.291121,0.12339478,-0.5326745,-0.9053023
2365.0,-3.9576154,-2.6072857,8.324639,0.12217305,-0.54000485,-0.9053023
2376.0,-3.9456444,-2.6431987,8.444349,0.11484267,-0.5375614,-0.906524
2384.0,-3.8139634,-2.717419,8.396465,0.112399206,-0.5338962,-0.906524
2395.0,-3.775656,-2.7820623,8.499416,0.10995574,-0.5326745,-0.90285885
2406.0,-3.6894648,-2.801216,8.573636,0.112399206,-0.52778757,-0.90041536
2414.0,-3.6463692,-2.8754363,8.599973,0.119729586,-0.51923543,-0.89919364
2425.0,-3.5338416,-2.8778305,8.595184,0.11484267,-0.52656585,-0.90041536
2435.0,-3.4476504,-2.8443117,8.626308,0.09773844,-0.5143485,-0.90408057
2444.0,-3.3135753,-3.040636,8.75799,0.080634214,-0.4972443,-0.9089675
2454.0,-3.2489316,-3.1292217,8.743625,0.064751714,-0.48258355,-0.91874135
2465.0,-3.1627405,-3.1747115,8.765172,0.056199603,-0.47158796,-0.93218035
2474.0,-3.0454245,-3.13401,8.762778,0.052534413,-0.4569272,-0.9492846
2484.0,-2.9951463,-3.1675289,8.722076,0.04153884,-0.43860126,-0.9639453
2497.0,-2.9783869,-3.2680852,8.693346,0.02443461,-0.4166101,-0.97005403
2504.0,-3.0190883,-3.3039982,8.7053175,0.0036651916,-0.39828414,-0.97127575
2514.0,-2.9640217,-3.335123,8.760384,-0.02443461,-0.37751472,-0.96883225
