27.0,1.3024458,-1.7262194,9.888053,0.13561209,0.103847094,-0.080634214
42.0,0.82121116,-1.5346833,9.725247,0.05009095,-0.3005457,-0.27855456
45.0,0.60812724,-1.2785037,9.825804,-0.12339478,-0.41905355,-0.3359759
55.0,0.7350199,-1.328782,9.813833,-0.06963864,0.37140608,0.017104227
66.0,0.8858546,-1.520318,9.770737,-0.15271631,0.38973203,0.065973446
75.0,0.90740246,-1.5921441,9.8042555,-0.204029,0.2284636,0.05131268
86.0,0.90261406,-1.4987702,9.849746,-0.18325958,0.06352998,-0.02321288
95.0,0.82599956,-1.3120226,9.775525,-0.13439035,0.06719518,-0.07086037
105.0,0.8690952,-1.2425907,9.7563715,-0.09773844,0.07696902,-0.10140363
115.0,0.8355764,-1.2545617,9.698911,-0.08674286,0.089186326,-0.10262536
126.0,0.7781156,-1.3024458,9.548077,-0.095294975,0.1001819,-0.10751228
135.0,0.6631939,-1.3670892,9.583989,-0.09040806,0.1160644,-0.13316862
145.0,0.6464345,-1.1420342,9.583989,-0.080634214,0.112399206,-0.17104226
155.0,0.56982,-1.0630256,9.516952,-0.096516706,0.10751228,-0.19181168
165.0,0.44532153,-1.1611878,9.543288,-0.13194689,0.12217305,-0.18203785
175.0,0.38307226,-1.2569559,9.557653,-0.16615535,0.13194689,-0.16615535
187.0,0.31124622,-1.4269443,9.5385,-0.1881465,0.13194689,-0.1685988
196.0,0.35673606,-1.4556746,9.607931,-0.19058995,0.12095132,-0.18081611
205.0,0.2896984,-1.6089035,9.507375,-0.172264,0.1001819,-0.18692477
215.0,0.2777274,-1.6280571,9.512163,-0.15149458,0.080634214,-0.17715092
225.0,0.25857377,-1.6089035,9.483433,-0.13316862,0.062308256,-0.16126843
235.0,0.18195933,-1.6879122,9.440337,-0.1160644,0.037873644,-0.14905111
246.0,0.21787235,-1.6160861,9.509769,-0.1001819,0.014660766,-0.14172074
255.0,0.2825158,-1.7190368,9.459491,-0.087964594,-0.0061086523,-0.12583824
265.0,0.30645782,-1.7908629,9.512163,-0.07941248,-0.02687807,-0.103847094
275.0,0.35434186,-1.9177556,9.617508,-0.06963864,-0.042760566,-0.081855945
287.0,0.47644615,-1.9560628,9.665392,-0.05375614,-0.052534413,-0.07086037
295.0,0.60094464,-1.9512744,9.639056,-0.040317107,-0.058643065,-0.06719518
307.0,0.5793968,-1.8986019,9.605537,-0.030543262,-0.06352998,-0.06719518
315.0,0.6655881,-1.9273324,9.67018,-0.02687807,-0.064751714,-0.06963864
325.0,0.6560113,-1.8483237,9.646238,-0.029321533,-0.061086524,-0.06352998
335.0,0.641646,-1.8962077,9.665392,-0.04153884,-0.04886922,-0.04520403
345.0,0.5602432,-1.9536686,9.634268,-0.059864793,-0.035430185,-0.029321533
355.0,0.60573304,-2.0254946,9.667787,-0.07086037,-0.02687807,-0.02443461
367.0,0.5554548,-1.9919758,9.696517,-0.073303826,-0.017104227,-0.021991149
375.0,0.50517654,-2.0326772,9.730036,-0.0720821,-0.008552114,-0.009773844
387.0,0.49320555,-2.0159178,9.792285,-0.06963864,0.007330383,0.012217305
396.0,0.4165911,-2.0853498,9.856929,-0.056199603,0.02076942,0.03176499
406.0,0.4165911,-2.030283,9.981427,-0.036651913,0.02565634,0.042760566
416.0,0.36870706,-1.8818425,10.113108,-0.015882496,0.034208454,0.05009095
427.0,0.32800564,-1.6184803,10.21127,0.0012217305,0.043982297,0.058643065
436.0,0.23223756,-1.3192052,10.278308,-0.004886922,0.06719518,0.065973446
447.0,0.11971009,-1.3000516,10.405201,-0.05131268,0.112399206,0.059864793
456.0,-0.007182605,-1.4221559,10.472239,-0.12583824,0.16126843,0.042760566
466.0,-0.25139117,-1.532289,10.742783,-0.22235495,0.21746802,0.018325957
476.0,-0.33997664,-1.6591818,11.089942,-0.3042109,0.2846632,-0.015882496
489.0,-0.49320555,-1.7812861,11.427525,-0.33353242,0.344528,-0.052534413
496.0,-0.5602432,-1.9321208,11.693281,-0.32742378,0.40439278,-0.06963864
507.0,-0.61291564,-2.2122424,11.959038,-0.32498032,0.48502702,-0.056199603
516.0,-0.6991069,-2.6360161,12.121843,-0.35430184,0.593761,-0.012217305
526.0,-0.8762778,-3.1004913,12.117055,-0.41172317,0.7305948,0.04153884
536.0,-1.1324574,-3.4715924,11.999739,-0.46914452,0.86376345,0.09040806
548.0,-1.2856863,-3.8307228,11.992557,-0.49602258,0.9810496,0.14294247
556.0,-1.5107412,-4.120421,11.8896055,-0.50335294,1.0836749,0.21502456
566.0,-1.5275006,-4.3478703,11.927913,-0.51068336,1.1777482,0.31764993
576.0,-1.5227122,-4.4436383,11.87524,-0.5314528,1.2620476,0.45081854
589.0,-1.5729905,-4.5274353,11.786655,-0.55955255,1.3634512,0.5852089
597.0,-1.6065093,-4.699818,11.310209,-0.56077427,1.4453071,0.71593404
607.0,-1.8076223,-4.7884035,11.054029,-0.57910025,1.5027285,0.8491027
616.0,-1.8076223,-4.7285485,10.8624935,-0.62796944,1.5589281,0.9810496
626.0,-1.946486,-4.771644,10.508151,-0.675617,1.609019,1.1032226
636.0,-1.970428,-4.735731,10.228029,-0.7012733,1.6346754,1.2278391
646.0,-2.0350714,-4.807557,10.189722,-0.70249504,1.6603317,1.359786
656.0,-2.1523874,-4.8099513,9.947908,-0.6805039,1.690875,1.4941764
667.0,-2.1691468,-4.759673,9.859323,-0.625526,1.7104226,1.613906
676.0,-2.3247697,-4.745308,9.718064,-0.55833083,1.7165314,1.704314
687.0,-2.4372973,-4.6112323,9.706094,-0.42638394,1.7385225,1.8277088
696.0,-2.5689783,-4.6806645,9.574412,-0.42638394,1.7385225,1.8277088
706.0,-2.566584,-4.6232033,9.387665,-0.39095375,1.7580702,1.9022343
716.0,-2.6431987,-4.0677485,8.913613,-0.31887165,1.749518,2.0463986
728.0,-2.7605145,-3.775656,8.688558,-0.27977628,1.7238617,2.085494
736.0,-2.9496565,-3.5242648,8.532935,-0.27366763,1.7140878,2.1160371
746.0,-3.1794999,-3.4356794,8.53054,-0.28710666,1.7189748,2.1551325
756.0,-3.3638535,-3.4045548,8.523358,-0.32253686,1.7250835,2.1978931
767.0,-3.4524388,-3.5793316,8.4826565,-0.35063666,1.7348573,2.2284365
777.0,-3.5098996,-3.5697548,8.396465,-0.32375857,1.7214183,2.243097
788.0,-3.5098996,-3.4620156,8.11395,-0.25289822,1.6762142,2.2418754
796.0,-3.4739866,-3.1268275,7.9726915,-0.19181168,1.6126842,2.2369885
807.0,-3.560178,-2.815581,7.8649526,-0.16982053,1.5625933,2.2479842
816.0,-3.7253778,-2.6001031,7.7069354,-0.17837265,1.5222762,2.2773056
827.0,-3.8498764,-2.4301147,7.651869,-0.21502456,1.4844025,2.307849
836.0,-3.928885,-2.4301147,7.563283,-0.24312437,1.4526376,2.3237314
848.0,-3.98874,-2.528277,7.405266,-0.2443461,1.4159856,2.3261747
856.0,-3.9456444,-2.3343468,7.299921,-0.21502456,1.3707817,2.3200662
867.0,-3.8522706,-2.0374656,7.144298,-0.16493362,1.3109168,2.3041837
876.0,-4.074931,-1.7286136,7.089231,-0.13072516,1.2559389,2.2736404
888.0,-4.3239284,-1.412579,7.1275387,-0.13194689,1.2144,2.2418754
897.0,-4.51307,-1.2593501,6.943185,-0.18203785,1.17897,2.2223277
908.0,-4.5633483,-1.2401965,6.907272,-0.2602286,1.1545353,2.2198844
917.0,-4.6830587,-1.2904748,6.847417,-0.32253686,1.1252137,2.2223277
928.0,-4.6782703,-1.2593501,6.8043213,-0.34330627,1.0690142,2.211332
937.0,-4.594473,-1.0965444,6.8067155,-0.33353242,1.0152581,2.180789
946.0,-4.735731,-0.9600749,6.7109475,-0.3042109,0.97005403,2.1502457
957.0,-4.9105077,-0.59376204,6.5720835,-0.2761111,0.9285152,2.125811
968.0,-5.1786585,-0.2896984,6.567295,-0.24312437,0.8894198,2.0977113
977.0,-5.3007627,-0.15801731,6.5146227,-0.21380283,0.8564331,2.0598376
988.0,-5.3558292,-0.05746084,6.3589997,-0.19547687,0.83199847,2.026851
997.0,-5.4420204,-0.0047884034,6.2728086,-0.19303341,0.8002335,2.0048597
1007.0,-5.3342814,0.12689269,6.157887,-0.21624629,0.7648033,1.9853121
1017.0,-5.2409077,0.37110126,6.1530986,-0.24801129,0.7244862,1.9523253
1028.0,-5.2983685,0.5554548,6.155493,-0.28221974,0.66706485,1.91323
1041.0,-5.410896,0.6440403,6.0980315,-0.31887165,0.6169739,1.8802432
1046.0,-5.779603,0.7493851,6.05733,-0.36041048,0.5839872,1.8558086
1057.0,-5.9878983,0.7086837,5.9998693,-0.38973203,0.54244834,1.831374
1066.0,-5.925649,0.8571242,5.899313,-0.3726278,0.4813618,1.7971655
1077.0,-5.619191,0.9864111,5.8634,-0.31520647,0.39950588,1.7629571
1089.0,-5.5018754,1.1683705,5.7269306,-0.25167647,0.312763,1.7373008
1097.0,-5.592855,1.3503298,5.801151,-0.20647246,0.24678956,1.709201
1107.0,-5.6670756,1.4796166,5.925649,-0.17592919,0.20280726,1.6688838
1117.0,-5.8705826,1.673547,6.1100025,-0.16249016,0.1685988,1.6285667
1127.0,-5.7963624,1.7860745,6.3949127,-0.17837265,0.14660765,1.5943583
1138.0,-5.650316,1.7597382,6.38773,-0.19425514,0.118507855,1.5589281
1148.0,-5.425261,1.7669208,6.3302693,-0.19547687,0.08552113,1.5161675
1157.0,-5.415684,2.018312,6.31351,-0.19181168,0.062308256,1.4672983
1168.0,-5.556942,2.2816741,6.3230867,-0.17715092,0.03176499,1.4172074
1177.0,-5.6527104,2.4875755,6.3302693,-0.16615535,0.015882496,1.3744467
1188.0,-5.781997,2.5330653,6.2368956,-0.17104226,0.0012217305,1.3414601
1197.0,-5.767632,2.6431987,6.3111157,-0.17715092,-0.0012217305,1.3096951
1209.0,-5.707777,2.6288335,6.351817,-0.16615535,-0.012217305,1.2669345
1218.0,-5.638345,2.834735,6.2967505,-0.12950343,-0.034208454,1.2095132
1229.0,-5.4779334,3.1603463,6.2728086,-0.06352998,-0.052534413,1.1374311
1237.0,-5.3558292,3.53863,6.1985884,0.02321288,-0.073303826,1.0604621
1247.0,-5.329493,3.8379054,6.157887,0.081855945,-0.09162979,0.98471475
1258.0,-5.245696,4.0342298,6.196194,0.096516706,-0.096516706,0.906524
1269.0,-5.341464,4.110844,6.1866174,0.07574729,-0.10995574,0.8185594
1278.0,-5.3438582,4.156334,6.181829,0.02443461,-0.10140363,0.7244862
1290.0,-5.4085016,3.9791632,6.208165,-0.030543262,-0.10873401,0.63041294
1298.0,-5.4085016,3.8115692,6.2345014,-0.07819075,-0.1160644,0.5375614
1308.0,-5.482722,3.7349546,6.303933,-0.11484267,-0.119729586,0.44348818
1318.0,-5.377377,3.6583402,6.385336,-0.13316862,-0.13561209,0.35063666
1329.0,-5.3558292,3.608062,6.445191,-0.119729586,-0.16126843,0.26145032
1338.0,-5.48751,3.5625722,6.4858923,-0.080634214,-0.17837265,0.18081611
1348.0,-5.793968,3.5529952,6.531382,-0.040317107,-0.19058995,0.10873401
1358.0,-5.995081,3.514688,6.505046,-0.013439035,-0.19303341,0.042760566
1369.0,-5.9687448,0.6655881,7.089231,0.02565634,-0.17837265,-0.009773844
1378.0,-5.3318872,-3.4093432,7.4124484,0.18081611,-0.07819075,0.14905111
1391.0,-6.0716953,2.4851813,7.302315,0.39950588,-0.21991149,0.47525316
1399.0,-6.727707,6.0262055,6.5241995,1.0458013,-0.38728857,0.3323107
1409.0,-6.327875,6.155493,6.066907,1.033584,-0.37995818,0.02687807
1418.0,-6.2464724,5.255273,6.093243,0.13194689,-0.17348573,-0.16249016
1429.0,-6.567295,4.146757,6.0118403,-0.5412266,0.019547688,-0.30176744
1438.0,-6.8402343,3.9193082,5.98311,-0.6560693,0.0061086523,-0.2724459
1450.0,-6.9168487,3.9360676,6.0956373,-0.5180137,-0.080634214,-0.18081611
1458.0,-6.799533,4.0198646,6.172252,-0.44959682,-0.1563815,-0.16249016
1469.0,-6.5218053,3.9073372,6.325481,-0.50335294,-0.18203785,-0.21746802
1479.0,-6.5337763,3.5051112,6.670246,-0.54367006,-0.17470746,-0.27977628
1490.0,-6.26802,2.657564,6.871359,0.009773844,-0.24312437,-0.111177474
1499.0,-5.925649,2.1499932,6.801927,0.009773844,-0.24312437,-0.111177474
1510.0,-5.7963624,2.9137435,6.6965823,0.35430184,-0.35063666,-0.18203785
1519.0,-5.7987566,4.2185836,6.789956,0.43493605,-0.344528,-0.36774087
1529.0,-5.595249,4.948815,6.8091097,0.48624873,-0.33841935,-0.47647488
1539.0,-5.2026005,4.426879,6.64391,0.38240165,-0.31642818,-0.5216789
1549.0,-5.142745,4.189853,6.739678,0.21502456,-0.28710666,-0.6414085
1559.0,-5.1642933,3.9097314,6.8186865,0.10995574,-0.27977628,-0.77579886
1571.0,-5.17387,3.715801,6.8761473,0.1001819,-0.30665436,-0.86376345
1579.0,-5.068525,3.4931402,6.8330517,0.12339478,-0.34574974,-0.9089675
1591.0,-4.8841715,3.3183637,6.8665705,0.15027285,-0.37384954,-0.9651671
1598.0,-4.6471453,3.1794999,6.8905125,0.20158553,-0.39828414,-1.0592403
1609.0,-4.498705,3.0885203,6.9288197,0.28344148,-0.42760566,-1.1691961
1619.0,-4.5394063,3.1124623,6.8929067,0.37140608,-0.45814893,-1.2596041
1630.0,-4.5034933,3.1292217,6.8162923,0.43493605,-0.48747048,-1.3206906
1638.0,-4.477157,3.0334535,6.8426285,0.453262,-0.50946164,-1.3671165
1648.0,-4.6830587,2.7964275,6.787562,0.42149702,-0.50823987,-1.4208726
1659.0,-4.891354,2.396596,6.7708025,0.36041048,-0.51068336,-1.4880677
1669.0,-5.08289,2.1739352,6.835446,0.29443705,-0.50823987,-1.563815
1678.0,-4.924873,1.982399,6.8929067,0.25411993,-0.52656585,-1.6334536
1690.0,-4.805163,1.8674773,6.8641763,0.24923302,-0.5571091,-1.6859881
1698.0,-4.6399627,1.6927006,6.847417,0.26511553,-0.5900958,-1.7214183
1709.0,-4.745308,1.5514427,6.849811,0.267559,-0.61575216,-1.7470746
1719.0,-4.9105077,1.3359646,6.789956,0.23457226,-0.6243043,-1.7654005
1729.0,-5.0876784,1.1348516,6.861782,0.19181168,-0.63163465,-1.781283
1737.0,-5.171476,0.9816227,6.835446,0.16126843,-0.64873886,-1.7996091
1750.0,-5.1523223,0.78050977,6.9000893,0.13805555,-0.6719518,-1.8106046
1759.0,-4.8722005,0.47165772,6.9048777,0.13072516,-0.70371675,-1.813048
1768.0,-4.8506527,0.33997664,6.8569937,0.14294247,-0.73792523,-1.8106046
1779.0,-4.8506527,0.36870706,6.7971387,0.15271631,-0.7672467,-1.8203784
1789.0,-4.9895163,0.32800564,6.991069,0.15760323,-0.79045963,-1.8387043
1799.0,-4.8841715,0.06943185,6.945579,0.17104226,-0.8210029,-1.8570304
1810.0,-4.900931,0.06464344,6.981492,0.18081611,-0.85154617,-1.8716911
1819.0,-5.0302176,0.01436521,7.065289,0.18325958,-0.87964594,-1.890017
1829.0,-4.9536033,0.10055647,7.2472486,0.17959438,-0.9126327,-1.9168952
1839.0,-4.6471453,0.009576807,7.2687964,0.1600467,-0.9492846,-1.9376645
1849.0,-4.5154643,-0.1436521,7.249643,0.10751228,-0.9639453,-1.9437732
1859.0,-4.4843397,-0.35673606,7.369353,0.02687807,-0.9578367,-1.9474384
1870.0,-4.5920787,-0.5243302,7.575254,-0.05497787,-0.9407325,-1.9694295
1878.0,-4.5202527,-0.8714894,7.764396,-0.10140363,-0.9370673,-2.0048597
1891.0,-4.3478703,-1.1731589,7.764396,-0.09285152,-0.9456194,-2.0402899
1899.0,-4.292804,-1.2665327,7.7787614,-0.03176499,-0.9492846,-2.0732768
1909.0,-4.280833,-1.2569559,7.8745294,0.064751714,-0.97005403,-2.1111503
1918.0,-4.098873,-1.0941502,8.025364,0.1563815,-0.9993755,-2.1429152
1929.0,-3.916914,-1.1420342,8.0924015,0.2003638,-1.0225884,-2.1551325
1938.0,-3.7708676,-1.2880806,8.11395,0.17592919,-1.0323622,-2.140472
1948.0,-3.739743,-1.4772224,8.104373,0.08674286,-1.0189233,-2.117259
1959.0,-3.7253778,-1.5179238,8.149862,-0.03176499,-1.0274754,-2.1087067
1969.0,-3.655946,-1.7142484,8.276755,-0.1563815,-1.0213667,-2.1087067
1978.0,-3.526659,-1.9847932,8.456321,-0.267559,-1.0067059,-2.1013765
1991.0,-3.3159695,-2.3319526,8.542512,-0.35796702,-1.0164797,-2.0781636
1998.0,-3.052607,-2.7006595,8.791509,-0.42394048,-1.0005972,-2.0561724
2009.0,-2.9735985,-3.1364043,9.006987,-0.43004912,-0.9737192,-2.048842
2019.0,-3.0023289,-3.3638535,9.109938,-0.36896262,-0.95905846,-2.0561724
2030.0,-3.2154129,-3.2106245,9.165004,-0.2932153,-0.97494096,-2.0647244
2042.0,-3.3375173,-2.9975405,9.200917,-0.24312437,-0.98471475,-2.0549507
2049.0,-3.3135753,-2.9831753,9.018958,-0.24678956,-0.9822713,-2.0134118
2059.0,-3.2273839,-3.0430303,8.963891,-0.32742378,-0.97005403,-1.9523253
2069.0,-3.0502129,-3.1507695,8.860941,-0.47525316,-0.93951076,-1.8961257
2078.0,-2.956839,-3.3207579,8.882488,-0.6597345,-0.90408057,-1.8619173
2089.0,-2.8299465,-3.3662477,8.889671,-0.8491027,-0.86498517,-1.8484782
2099.0,-2.7461493,-3.3854012,8.956709,-0.9981538,-0.8222246,-1.8399261
2109.0,-2.6719291,-3.6152446,9.057265,-1.0641272,-0.784351,-1.8362609
2119.0,-2.5953147,-3.5529952,9.035717,-1.0348058,-0.7648033,-1.8350391
2129.0,-2.4349031,-3.5122938,9.14585,-0.9468411,-0.7623598,-1.8350391
2138.0,-2.360683,-3.526659,9.19134,-0.8405506,-0.75869465,-1.8252654
2149.0,-2.231396,-3.7325604,9.217676,-0.7305948,-0.7489208,-1.8069394
2159.0,-1.9967642,-3.892972,9.227253,-0.63041294,-0.7538077,-1.7947221
2170.0,-1.9129672,-4.012682,9.23683,-0.5363397,-0.73792523,-1.7971655
2178.0,-1.8004397,-4.213795,9.167398,-0.4447099,-0.72692966,-1.8081611
2190.0,-1.70946,-4.2161894,8.987833,-0.3726278,-0.72204274,-1.8191566
2199.0,-1.6496049,-4.261679,8.949526,-0.3371976,-0.7134906,-1.831374
2208.0,-1.5562311,-4.2784386,9.059659,-0.3213151,-0.7098254,-1.844813
2218.0,-1.292869,-4.3885717,9.069236,-0.31887165,-0.6951646,-1.844813
2230.0,-1.2545617,-4.4580035,9.0429,-0.32986724,-0.7012733,-1.8252654
2238.0,-1.151611,-4.4460325,9.105149,-0.33964106,-0.6951646,-1.8057177
2249.0,-0.9552865,-4.4723687,9.272743,-0.29443705,-0.66950834,-1.8032742
2258.0,-0.79008657,-4.582502,9.399636,-0.19181168,-0.6597345,-1.8106046
2269.0,-0.545878,-4.6351743,9.519346,-0.07452556,-0.657291,-1.8057177
2279.0,-0.30166942,-4.8841715,9.356541,0.030543262,-0.6450737,-1.781283
2291.0,-0.18435353,-5.130774,9.358934,0.12950343,-0.5888741,-1.7348573
2299.0,-0.12928689,-5.1475334,9.244013,0.12950343,-0.5888741,-1.7348573
2309.0,-0.16998832,-5.116409,9.272743,0.14782938,-0.5558874,-1.7397442
2319.0,-0.17477672,-4.8099513,9.315839,0.15760323,-0.54367006,-1.7446312
2329.0,-0.01436521,-4.663905,9.31105,0.14905111,-0.54733527,-1.7324139
2339.0,0.22984336,-4.7884035,9.390059,0.118507855,-0.5412266,-1.7104226
2350.0,0.48602295,-4.924873,9.507375,0.06352998,-0.52534413,-1.6884315
2359.0,0.60094464,-4.721366,9.363723,-0.04642576,-0.49480084,-1.6811012
2369.0,0.62967503,-4.6519337,9.208099,-0.07941248,-0.47403142,-1.6798794
2379.0,0.6607997,-4.819528,9.090784,-0.10995574,-0.44593164,-1.6566665
2390.0,0.6512229,-4.927267,9.016563,-0.12950343,-0.42149702,-1.6175711
2399.0,0.5650316,-5.0374002,8.911219,-0.13316862,-0.41538838,-1.5809193
2410.0,0.6943185,-4.9057193,8.875306,-0.11728613,-0.42760566,-1.5577064
2419.0,0.78529817,-4.7189717,8.832211,-0.087964594,-0.44348818,-1.5418239
2429.0,0.9983821,-4.697424,8.971074,-0.06719518,-0.44715336,-1.5210545
2440.0,1.1875241,-4.805163,8.961497,-0.057421334,-0.44226643,-1.4953982
2449.0,1.3910311,-4.867412,8.9519205,-0.05131268,-0.4447099,-1.4697418
2459.0,1.352724,-4.7381253,8.736442,-0.05375614,-0.44104472,-1.4501941
2470.0,1.3192052,-4.4963107,8.678981,-0.052534413,-0.45081854,-1.4379768
2479.0,1.3239936,-4.498705,8.6334915,-0.056199603,-0.4569272,-1.4245378
2490.0,1.3910311,-4.4963107,8.583213,-0.06963864,-0.45814893,-1.396438
2499.0,1.4748282,-4.5418005,8.528147,-0.08307768,-0.4605924,-1.3561208
2509.0,1.5059528,-4.498705,8.499416,-0.07696902,-0.4642576,-1.328021
