25.0,0.6967127,-1.8650831,9.43076,0.007330383,-0.02687807,-0.0012217305
51.0,0.6967127,-1.8650831,9.43076,0.14660765,0.12217305,-0.10140363
51.0,0.61291564,-1.9129672,9.392453,0.035430185,-0.2846632,-0.26145032
51.0,0.5746084,-2.1811178,9.299079,-0.20525073,-0.36651915,-0.47525316
72.0,0.5554548,-2.4253263,9.25359,-0.1563815,0.46670106,-0.27488935
72.0,0.50757074,-2.4636335,9.081207,-0.1966986,0.5119051,-0.44959682
78.0,0.5530606,-2.315193,9.030929,-0.22479841,0.35308012,-0.6805039
87.0,0.6560113,-2.1164744,8.968679,-0.25411993,0.18570304,-0.81245077
97.0,0.6919243,-2.0207062,8.9519205,-0.31398472,0.2003638,-0.8539896
108.0,0.59136784,-2.030283,8.899248,-0.3933972,0.22235495,-0.893085
117.0,0.61291564,-2.2529438,8.908825,-0.46181414,0.23457226,-0.9334021
127.0,0.45729253,-2.5809495,8.875306,-0.5021312,0.23823744,-0.97005403
141.0,0.40462008,-2.801216,8.884883,-0.5131268,0.2284636,-1.001819
147.0,0.2681506,-3.016694,8.858546,-0.49602258,0.204029,-1.0262536
158.0,0.18914193,-3.0597897,8.868123,-0.46181414,0.18081611,-1.0372492
167.0,0.06464344,-3.2441432,8.973468,-0.41783184,0.16493362,-1.028697
177.0,-0.04309563,-3.4045548,9.062054,-0.35796702,0.14172074,-1.0030408
188.0,-0.17238252,-3.442862,9.244013,-0.28710666,0.10873401,-0.96761054
199.0,-0.31124622,-3.4835634,9.246407,-0.22113322,0.07941248,-0.9260717
208.0,-0.3184288,-3.5314474,9.363723,-0.172264,0.059864793,-0.88086766
217.0,-0.40462008,-3.4859576,9.473856,-0.13805555,0.04520403,-0.83077675
227.0,-0.39504328,-3.4596214,9.622296,-0.13194689,0.035430185,-0.7147123
239.0,-0.45250413,-3.6272156,9.651027,-0.13194689,0.035430185,-0.7147123
248.0,-0.49320555,-3.7469256,9.856929,-0.15393804,0.05375614,-0.6597345
259.0,-0.581791,-3.7972038,10.067618,-0.17348573,0.0842994,-0.56321776
267.0,-0.6799533,-4.1491513,10.240001,-0.172264,0.10995574,-0.5131268
278.0,-1.0869676,-4.2281604,10.441113,-0.17348573,0.14782938,-0.4447099
288.0,-1.2282255,-4.3239284,10.529699,-0.17715092,0.2003638,-0.3640757
297.0,-1.4149733,-4.3646297,10.730812,-0.172264,0.2602286,-0.28099802
308.0,-1.5155296,-4.3646297,10.819398,-0.16371189,0.3200934,-0.1881465
318.0,-1.6543933,-4.5178585,10.898406,-0.17837265,0.37507126,-0.06719518
327.0,-1.6687586,-4.661511,10.876859,-0.25167647,0.43493605,0.07086037
339.0,-1.7669208,-4.745308,10.874464,-0.38362336,0.5180137,0.2125811
348.0,-1.9512744,-4.829105,11.085154,-0.5375614,0.6243043,0.3567453
358.0,-1.9847932,-5.073313,11.33894,-0.67073005,0.7452556,0.5021312
368.0,-2.135628,-5.437232,11.465832,-0.74281216,0.86132,0.6401868
379.0,-2.4157495,-5.7843914,11.449073,-0.75136423,0.95172805,0.77091193
388.0,-2.5306711,-6.0956373,11.310209,-0.7012733,1.0396926,0.9101892
398.0,-2.6240451,-6.2225304,11.221623,-0.61086524,1.1239921,1.0580186
408.0,-2.7389667,-6.291962,11.109096,-0.52534413,1.1911873,1.2009611
418.0,-2.7389667,-6.265626,11.063606,-0.49235737,1.2571607,1.3316863
428.0,-2.6288335,-6.181829,10.867282,-0.52290064,1.3390167,1.4526376
440.0,-2.554613,-6.2105594,10.666168,-0.593761,1.423316,1.5870279
448.0,-2.6144683,-6.3805475,10.488997,-0.6585127,1.518611,1.7470746
458.0,-2.7341783,-6.555324,10.366894,-0.6951646,1.5882497,1.9156734
468.0,-2.7820623,-6.658275,10.141838,-0.7086037,1.6420058,2.0696115
478.0,-2.942474,-6.555324,9.751583,-0.6988298,1.6505579,2.1978931
488.0,-3.0550013,-6.421249,9.315839,-0.66950834,1.6395624,2.3212879
499.0,-3.1004913,-6.205771,9.150639,-0.6401868,1.6395624,2.453235
508.0,-3.0693667,-6.1004257,9.006987,-0.6059783,1.6334536,2.5961773
518.0,-2.944868,-6.160281,8.827422,-0.56077427,1.6261233,2.7452285
528.0,-2.9113493,-6.0956373,8.925584,-0.4728097,1.6041322,2.869845
538.0,-3.0454245,-5.923255,8.7771435,-0.3408628,1.5491543,2.9590313
548.0,-2.9640217,-5.5042696,8.580819,-0.20769419,1.4697418,3.0335567
560.0,-2.9352913,-5.1571107,8.051701,-0.09773844,1.3707817,3.1080823
568.0,-2.7964275,-4.8123455,7.491457,-0.037873644,1.287704,3.186273
578.0,-2.7341783,-4.6519337,7.129933,-0.03176499,1.2266175,3.2473598
588.0,-2.8395233,-4.3478703,6.95755,-0.036651913,1.1459832,3.2791247
598.0,-2.825158,-3.9983168,6.9048777,0.0,1.0616838,3.281568
612.0,-3.0310593,-3.6846764,7.074866,0.08674286,0.9761627,3.2693508
622.0,-3.095703,-3.6463692,6.9288197,0.17959438,0.86498517,3.2632422
632.0,-2.882619,-3.5482068,6.799533,0.26145032,0.75502944,3.25469
641.0,-2.8802247,-3.0933087,6.6534867,0.3481932,0.65484756,3.2217033
651.0,-2.7748797,-2.779668,6.7588315,0.44837508,0.5705481,3.1716123
661.0,-2.8514943,-2.3127987,6.8689647,0.5522222,0.48747048,3.1178563
671.0,-2.9257145,-1.7477672,6.9288197,0.6462954,0.41538838,3.0677652
682.0,-2.930503,-1.4173675,6.8641763,0.70371675,0.36041048,3.0091221
691.0,-2.9400797,-1.0247183,6.7444663,0.70249504,0.32253686,2.933375
701.0,-3.0071173,-0.91219085,6.71813,0.64996064,0.29565877,2.8441887
711.0,-3.1962593,-0.82121116,6.706159,0.57787853,0.2724459,2.7464502
722.0,-3.1986535,-0.7661445,6.825869,0.5314528,0.23701571,2.6511552
732.0,-3.181894,-0.7302315,6.921637,0.51068336,0.1881465,2.565634
743.0,-3.1483753,-0.40940848,6.9288197,0.49113566,0.14294247,2.4972172
751.0,-3.2130187,-0.21547815,6.9024835,0.4654793,0.10751228,2.4361305
762.0,-3.3877954,0.06943185,6.823475,0.4251622,0.0720821,2.3603833
771.0,-3.6367924,0.49320555,6.825869,0.3640757,0.03176499,2.2626448
781.0,-3.8762126,0.7350199,6.8043213,0.28344148,0.0036651916,2.157576
792.0,-3.9719806,0.92176765,6.8881183,0.18203785,-0.009773844,2.0525072
803.0,-3.787627,0.8403648,7.029376,0.0720821,-0.013439035,1.9523253
811.0,-3.5290532,0.60333884,7.165846,-0.04520403,-0.012217305,1.8558086
821.0,-3.383007,0.5291186,7.1873937,-0.15515977,-0.014660766,1.767844
832.0,-3.5242648,0.49799395,7.1610575,-0.23579398,-0.02076942,1.6835446
843.0,-3.7780502,0.60094464,6.9288197,-0.27366763,-0.04153884,1.6041322
851.0,-3.9456444,0.7733272,6.8929067,-0.2761111,-0.058643065,1.53205
862.0,-4.0198646,0.9816227,7.103596,-0.24923302,-0.08552113,1.473407
872.0,-4.003105,1.2641385,7.285556,-0.1966986,-0.10629055,1.4208726
881.0,-3.9384618,1.6304513,7.644686,-0.11728613,-0.1001819,1.3622295
892.0,-3.9432502,1.9033904,7.845799,-0.009773844,-0.07452556,1.2986995
901.0,-4.1012673,1.9081788,7.9463553,0.096516706,-0.04520403,1.2339478
912.0,-4.4077253,1.8148049,7.723695,0.16249016,-0.04153884,1.1594223
922.0,-4.6926355,1.9512744,7.273585,0.1563815,-0.064751714,1.0726794
932.0,-4.915296,2.4779987,7.0245876,0.080634214,-0.09285152,0.9786061
942.0,-4.8817773,2.9496565,6.775591,-0.047647487,-0.10995574,0.893085
950.0,-4.7860093,3.323152,6.481104,-0.2125811,-0.12705997,0.8197812
962.0,-4.8482585,3.6248214,6.4643445,-0.3640757,-0.12461651,0.75747293
971.0,-5.00867,3.6272156,6.576872,-0.45448375,-0.12217305,0.6927212
982.0,-5.2002063,3.4165258,6.7588315,-0.47158796,-0.13927728,0.61575216
992.0,-5.377377,3.2345665,6.7947445,-0.43004912,-0.18448131,0.5314528
1002.0,-5.437232,3.0813377,6.8306575,-0.35308012,-0.23335053,0.44837508
1011.0,-5.494693,3.074155,6.9719152,-0.26267207,-0.28221974,0.36896262
1021.0,-5.535394,3.1411927,7.053318,-0.19303341,-0.3371976,0.28099802
1032.0,-5.475539,3.3542767,6.9862804,-0.16126843,-0.36896262,0.19303341
1044.0,-5.463568,3.5553896,7.065289,-0.1685988,-0.3652974,0.111177474
1050.0,-5.6551046,3.7014358,7.180211,-0.20525073,-0.35796702,0.032986723
1060.0,-5.6670756,3.7900212,7.345411,-0.2406809,-0.3481932,-0.05131268
1072.0,-5.604826,3.775656,7.6231384,-0.25167647,-0.3359759,-0.13683382
1109.0,-5.4539914,3.763685,7.8386164,-0.20891592,-0.3115413,-0.22479841
1110.0,-5.341464,3.6511576,8.118738,-0.1001819,-0.2846632,-0.31764993
1110.0,-5.3199162,3.655946,8.3629465,0.05375614,-0.2724459,-0.41172317
1120.0,-5.3486466,3.5577838,8.597578,0.19303341,-0.2565634,-0.49480084
1124.0,-5.3486466,3.5075054,8.580819,0.25534168,-0.22235495,-0.5705481
1130.0,-5.463568,3.5817258,8.566454,0.15760323,-0.09040806,-0.74281216
1141.0,-5.422867,3.5865142,8.707711,0.15760323,-0.09040806,-0.74281216
1150.0,-5.415684,3.5290532,8.815451,0.06352998,-0.013439035,-0.8368854
1160.0,-5.3079453,3.2704794,8.899248,-0.08307768,0.19547687,-1.0348058
1170.0,-5.080496,2.8634653,8.803479,-0.08552113,0.2932153,-1.1606439
1180.0,-5.0062757,2.6312277,8.568848,-0.09285152,0.3921755,-1.2938126
1190.0,-4.972757,2.3989902,8.508993,-0.1563815,0.4972443,-1.4086553
1201.0,-4.8817773,2.0757728,8.310274,-0.267559,0.59864795,-1.5039502
1210.0,-4.721366,1.7621324,8.202535,-0.3885103,0.6927212,-1.5931365
1221.0,-4.783615,1.5825673,8.145074,-0.4813618,0.7696902,-1.6749926
1230.0,-5.0302176,1.4700398,8.075643,-0.5314528,0.8258898,-1.7263051
1242.0,-5.0661306,1.3982137,8.106767,-0.53023106,0.87109387,-1.7299703
1251.0,-5.21936,1.0821792,8.3150625,-0.45204028,0.9101892,-1.7030923
1260.0,-5.2600613,0.7206547,8.183381,-0.2724459,0.9236283,-1.6823229
1271.0,-5.2768207,0.41180268,7.9391727,-0.021991149,0.893085,-1.6847663
1283.0,-5.3199162,0.35194764,7.577648,0.2284636,0.8185594,-1.6969837
1291.0,-5.3127337,0.641646,7.2424603,0.4288274,0.7305948,-1.7018706
1300.0,-5.044583,0.7230489,7.017405,0.5363397,0.6450737,-1.709201
1312.0,-4.855441,0.6488287,6.751649,0.5216789,0.57787853,-1.7201965
1321.0,-4.759673,0.4333505,6.6870055,0.4129449,0.52412236,-1.7128662
1331.0,-4.8458643,0.031124622,6.64391,0.26389378,0.46181414,-1.6859881
1343.0,-4.8817773,-0.33039984,6.591237,0.1160644,0.38362336,-1.6530013
1351.0,-5.0661306,-0.5243302,6.71813,-0.02076942,0.30543262,-1.6175711
1361.0,-5.2002063,-0.5530606,6.8162923,-0.12950343,0.24312437,-1.5723672
1371.0,-5.3127337,-0.7565677,6.88333,-0.16371189,0.18570304,-1.5198327
1380.0,-5.2887917,-0.94331545,6.9838862,-0.095294975,0.12461651,-1.4807373
1391.0,-5.374983,-1.2354081,7.153875,0.062308256,0.06352998,-1.4538593
1403.0,-5.3438582,-1.328782,7.1155677,0.25411993,-0.018325957,-1.4306464
1411.0,-5.403713,-1.3718776,7.117962,0.4007276,-0.09773844,-1.3976597
1420.0,-5.3079453,-1.2473791,7.120356,0.46181414,-0.17104226,-1.3658947
1431.0,-5.1690817,-1.0606314,7.0341644,0.41172317,-0.22724187,-1.3329079
1443.0,-4.9464207,-1.0893618,7.180211,0.24678956,-0.23823744,-1.2962561
1451.0,-4.8362875,-1.0175357,7.2424603,0.04153884,-0.22724187,-1.2705997
1462.0,-4.8698063,-1.1971009,7.240066,-0.14294247,-0.20647246,-1.2657127
1472.0,-5.0302176,-1.3862427,7.285556,-0.2932153,-0.18448131,-1.282817
1481.0,-5.2289367,-1.5490485,7.302315,-0.39828414,-0.18325958,-1.3133603
1493.0,-5.2504845,-1.436521,7.321469,-0.44837508,-0.18203785,-1.3500122
1502.0,-5.2863975,-1.3215994,7.2304893,-0.46303585,-0.172264,-1.3939945
1512.0,-5.2121773,-1.2378023,7.1131735,-0.46792278,-0.15882497,-1.4391985
1524.0,-5.092467,-1.2952632,7.101202,-0.49480084,-0.12705997,-1.4758505
1533.0,-4.936844,-1.5131354,7.067683,-0.5338962,-0.07696902,-1.500285
1541.0,-4.8482585,-1.8411411,7.165846,-0.55833083,-0.015882496,-1.5234979
1551.0,-4.8219223,-2.2768857,7.2065473,-0.5534439,0.029321533,-1.5479325
1561.0,-4.7764325,-2.8299465,7.3430166,-0.53023106,0.064751714,-1.5650368
1571.0,-4.8219223,-3.040636,7.3669586,-0.47403142,0.08552113,-1.5723672
1581.0,-4.948815,-3.2225955,7.3909006,-0.38606682,0.087964594,-1.5735888
1591.0,-5.0613422,-3.2154129,7.261614,-0.2968805,0.081855945,-1.5748106
1602.0,-5.17387,-3.2800562,7.2687964,-0.21868975,0.07819075,-1.5760323
1611.0,-5.185841,-3.4691982,7.153875,-0.13194689,0.08307768,-1.5796975
1621.0,-5.1642933,-3.608062,7.00304,-0.02321288,0.07696902,-1.5894713
1632.0,-5.269638,-3.5553896,6.8761473,0.09896017,0.04153884,-1.5931365
1644.0,-5.2504845,-3.514688,6.8043213,0.20158553,-0.008552114,-1.5796975
1652.0,-5.255273,-3.4500446,6.9048777,0.2724459,-0.052534413,-1.5515977
1661.0,-5.0134583,-3.5769374,6.9623384,0.29565877,-0.09162979,-1.5283848
1673.0,-4.865018,-3.8594532,7.015011,0.24678956,-0.1282817,-1.5088371
1682.0,-4.8003745,-3.9911342,7.0581064,0.13561209,-0.15027285,-1.4770721
1692.0,-4.759673,-4.1180267,7.091625,0.02076942,-0.15760323,-1.4453071
1702.0,-4.747702,-4.201824,7.038953,-0.039095376,-0.15271631,-1.4318681
1711.0,-4.687847,-4.486734,7.067683,-0.017104227,-0.15271631,-1.4306464
1722.0,-4.697424,-4.620809,7.1227503,0.0842994,-0.17715092,-1.4220943
1732.0,-4.8482585,-4.656722,7.103596,0.21991149,-0.22235495,-1.3939945
1742.0,-4.7524905,-4.7070007,6.9982514,0.34574974,-0.26267207,-1.3524556
1752.0,-4.6926355,-4.7309427,6.9503675,0.45448375,-0.30298916,-1.3206906
1763.0,-4.6351743,-4.5657425,6.933608,0.5290093,-0.344528,-1.3011429
1772.0,-4.4603977,-4.6112323,6.981492,0.52656585,-0.38240165,-1.2864822
1781.0,-4.3861775,-4.5298295,6.931214,0.4288274,-0.40561453,-1.2681563
1792.0,-4.268862,-4.5274353,6.8881183,0.27000242,-0.41538838,-1.2449434
1802.0,-4.1635165,-4.5920787,6.8641763,0.1160644,-0.4092797,-1.2315043
1812.0,-4.110844,-4.5418005,6.9838862,0.010995574,-0.40317106,-1.2290609
1823.0,-4.0198646,-4.747702,7.1059904,-0.02443461,-0.39584067,-1.2327261
1832.0,-3.9959226,-4.8722005,7.1610575,0.035430185,-0.40194935,-1.2339478
1844.0,-3.964798,-5.0302176,7.2783732,0.17715092,-0.42760566,-1.2302825
1852.0,-3.9480386,-5.183447,7.36217,0.3213151,-0.46670106,-1.2205088
1861.0,-3.7924154,-5.0996494,7.48188,0.38973203,-0.50823987,-1.2021828
1872.0,-3.5482068,-4.987122,7.422025,0.3371976,-0.5290093,-1.1716396
1883.0,-3.4021606,-4.9200845,7.357382,0.16493362,-0.5314528,-1.1410962
1891.0,-3.2848446,-4.903325,7.2592196,-0.09407325,-0.5314528,-1.1227703
1902.0,-3.3039982,-4.596867,7.1945763,-0.3885103,-0.5338962,-1.1142182
1912.0,-3.241749,-4.582502,7.2328835,-0.6719518,-0.5180137,-1.1068878
1920.0,-3.1052797,-4.975151,7.290344,-0.8943067,-0.4654793,-1.1032226
1932.0,-3.074155,-5.5042696,7.395689,-0.9663888,-0.4007276,-1.1166617
1944.0,-3.0597897,-6.007052,7.489063,-0.81489426,-0.3567453,-1.1508701
1952.0,-3.0382419,-6.3230867,7.7572136,-0.47525316,-0.36041048,-1.1887437
1962.0,-3.1268275,-6.1530986,7.845799,-0.07086037,-0.39706242,-1.2095132
1972.0,-3.028665,-5.5737014,8.001422,0.2761111,-0.4373795,-1.2168436
1981.0,-2.822764,-4.8722005,8.042124,0.4813618,-0.4642576,-1.2266175
1992.0,-2.5809495,-4.462792,7.943961,0.49846604,-0.44837508,-1.2351695
2002.0,-2.2098482,-4.501099,7.7332716,0.36774087,-0.39584067,-1.2412782
2010.0,-2.1404164,-4.819528,7.61835,0.19425514,-0.3371976,-1.2608259
2021.0,-2.054225,-5.0254292,7.5584946,0.002443461,-0.3042109,-1.3096951
2031.0,-2.0733786,-5.1116204,7.4986396,-0.021991149,-0.31520647,-1.314582
2043.0,-2.006341,-5.0397944,7.479486,-0.018325957,-0.32375857,-1.3206906
2052.0,-1.8602947,-5.0757074,7.6255326,0.0036651916,-0.32742378,-1.3353515
2062.0,-1.7741034,-5.1475334,7.678205,0.03176499,-0.3408628,-1.3487904
2072.0,-1.6639702,-5.094861,7.606379,0.059864793,-0.35918877,-1.3524556
2099.0,-1.553837,-5.020641,7.563283,0.080634214,-0.37507126,-1.346347
2099.0,-1.4389153,-5.109226,7.489063,0.081855945,-0.38606682,-1.3341297
2099.0,-1.388637,-5.1786585,7.477092,0.07819075,-0.39584067,-1.3231341
2110.0,-1.2808979,-5.33907,7.431602,0.09896017,-0.4092797,-1.3243558
2123.0,-1.1994951,-5.327099,7.5680714,0.15149458,-0.4251622,-1.3353515
2130.0,-1.1204864,-5.327099,7.644686,0.21868975,-0.45204028,-1.346347
2142.0,-0.9816227,-5.3366756,7.603985,0.28221974,-0.47647488,-1.3524556
2151.0,-0.8619126,-5.2169657,7.565677,0.33964106,-0.49602258,-1.3634512
2161.0,-0.8643068,-5.353435,7.489063,0.36896262,-0.5204572,-1.3768903
2171.0,-0.6751649,-5.3965306,7.4603324,0.32253686,-0.53878313,-1.3768903
2183.0,-0.58657944,-5.391742,7.3310456,0.22602014,-0.54244834,-1.3744467
2191.0,-0.50757074,-5.3582234,7.553706,0.13561209,-0.5363397,-1.3854424
2204.0,-0.39264908,-5.243302,7.7189064,0.07941248,-0.54000485,-1.4062119
2213.0,-0.30645782,-5.353435,7.860164,0.057421334,-0.5448918,-1.4172074
2222.0,-0.1316811,-5.437232,7.896077,0.0720821,-0.5510005,-1.4245378
2232.0,-0.05746084,-5.3486466,7.869741,0.119729586,-0.55833083,-1.4318681
2245.0,0.033518825,-5.4061074,7.8266454,0.16615535,-0.55833083,-1.4318681
2255.0,0.21547815,-5.547365,7.860164,0.18325958,-0.5510005,-1.423316
2262.0,0.25139117,-5.619191,7.8529816,0.18448131,-0.5412266,-1.4184291
2272.0,0.36870706,-5.662287,7.795521,0.18203785,-0.54733527,-1.4196508
2283.0,0.35194764,-5.5401826,7.785944,0.15882497,-0.548557,-1.4159856
2292.0,0.4285621,-5.4659624,7.917625,0.118507855,-0.548557,-1.4049901
2303.0,0.6847417,-5.446809,7.908048,0.0842994,-0.5571091,-1.3903292
2312.0,0.93613285,-5.5377884,8.032547,0.06719518,-0.55833083,-1.3817772
2324.0,1.1468226,-5.657499,8.157045,0.043982297,-0.56077427,-1.3658947
2333.0,1.4580688,-5.7963624,8.080431,0.007330383,-0.56199604,-1.3402383
2344.0,1.6160861,-5.731719,7.9750857,-0.010995574,-0.56077427,-1.314582
2352.0,1.745373,-5.825093,8.075643,-0.012217305,-0.55833083,-1.2938126
2365.0,1.7118542,-5.8825536,8.106767,-0.017104227,-0.56199604,-1.269378
2373.0,1.8076223,-5.8466406,8.14268,-0.02321288,-0.5729916,-1.2412782
2382.0,1.934515,-5.770026,8.303091,-0.014660766,-0.58032197,-1.2119566
2392.0,2.0925324,-5.9902925,8.429984,-0.004886922,-0.58276546,-1.1704178
2402.0,2.2816741,-6.0980315,8.432379,-0.0036651916,-0.5839872,-1.1215485
2411.0,2.3415294,-6.045359,8.355764,0.0,-0.5839872,-1.0848967
2423.0,2.336741,-5.803545,8.209718,0.0036651916,-0.57910025,-1.0629056
2431.0,2.2625206,-5.645528,8.118738,-0.002443461,-0.5742133,-1.033584
2442.0,2.2864625,-5.571307,8.0924015,-0.019547688,-0.5571091,-0.99082345
2451.0,2.372654,-5.5856724,8.202535,-0.028099801,-0.5546656,-0.956615
2461.0,2.4516625,-5.482722,8.061277,-0.018325957,-0.55955255,-0.9443977
2471.0,2.4612393,-5.4779334,8.058883,0.0036651916,-0.55955255,-0.9419542
2483.0,2.4827871,-5.4204726,8.128315,0.017104227,-0.55955255,-0.9334021
2492.0,2.585738,-5.317522,8.171411,0.019547688,-0.5693264,-0.92485
2502.0,2.6072857,-5.118803,8.042124,0.004886922,-0.5742133,-0.92485
