19.0,-0.5434838,-2.4301147,10.096349,0.007330383,-0.02687807,-0.0012217305
59.0,-0.19153613,-2.4061728,9.921572,0.16249016,0.118507855,-0.07819075
59.0,0.40222588,-1.6687586,9.718064,-0.010995574,-0.2968805,-0.31642818
59.0,0.6967127,-1.0342951,9.588778,-0.13805555,-0.43860126,-0.46303585
59.0,0.47644615,-0.9792285,9.449914,0.004886922,0.33841935,-0.0061086523
101.0,0.2705448,-1.292869,9.52174,0.02565634,0.36896262,0.22357668
101.0,0.2753332,-1.460463,9.490616,-0.004886922,0.19303341,0.17470746
101.0,0.29448682,-1.3814543,9.380483,-0.05375614,0.007330383,-0.09040806
101.0,0.30885202,-1.4101849,9.382876,-0.08307768,-0.02076942,-0.204029
107.0,0.30406362,-1.3814543,9.361329,-0.09040806,-0.035430185,-0.12705997
117.0,0.2873042,-1.436521,9.3421755,-0.080634214,-0.04642576,0.015882496
126.0,0.35194764,-1.5586253,9.334992,-0.061086524,-0.06963864,0.080634214
139.0,0.36152446,-1.6543933,9.313444,-0.043982297,-0.095294975,0.061086524
148.0,0.39983168,-1.5921441,9.284714,-0.032986723,-0.11362094,0.040317107
158.0,0.2896984,-1.5801731,9.203311,-0.02321288,-0.13072516,0.064751714
166.0,0.22984336,-1.5897499,9.248801,-0.009773844,-0.15271631,0.10629055
177.0,0.16280572,-1.541866,9.244013,-0.0036651916,-0.17592919,0.12950343
186.0,0.15083471,-1.5586253,9.294291,-0.009773844,-0.19547687,0.13072516
197.0,0.1316811,-1.6448165,9.270349,-0.021991149,-0.20647246,0.13561209
208.0,0.062249243,-1.673547,9.387665,-0.02565634,-0.21013765,0.1563815
217.0,0.02873042,-1.697489,9.507375,-0.0061086523,-0.21380283,0.17959438
228.0,0.095768064,-1.7836803,9.624691,0.034208454,-0.22357668,0.19303341
238.0,0.1316811,-1.6687586,9.78989,0.07574729,-0.2321288,0.19914207
248.0,0.22266077,-1.5753847,9.873688,0.09896017,-0.23090707,0.20891592
258.0,0.33518824,-1.5658079,9.885659,0.105068825,-0.21624629,0.21991149
267.0,0.4285621,-1.4676456,9.888053,0.09162979,-0.18936823,0.22235495
277.0,0.33997664,-1.4317327,10.005369,0.05497787,-0.15271631,0.21380283
289.0,0.24899697,-1.5466543,10.223241,0.0,-0.10995574,0.19792034
298.0,0.23942018,-1.5658079,10.500969,-0.06352998,-0.06352998,0.18570304
309.0,0.21787235,-1.7429788,10.668563,-0.11484267,-0.014660766,0.18692477
319.0,0.22266077,-2.018312,10.907983,-0.14172074,0.042760566,0.2003638
327.0,0.12449849,-2.2002714,11.283873,-0.14905111,0.09773844,0.22479841
339.0,0.17477672,-2.3295584,11.7268,-0.1685988,0.15515977,0.24923302
348.0,0.24660277,-2.4660277,12.061988,-0.2125811,0.24678956,0.27977628
358.0,0.29209262,-2.3989902,12.588713,-0.25900686,0.37384954,0.32620203
367.0,0.1436521,-2.432509,13.067553,-0.30665436,0.52778757,0.3811799
379.0,0.019153614,-2.4540567,13.397953,-0.33475417,0.6731735,0.42394048
387.0,-0.047884032,-2.5450363,13.405135,-0.38606682,0.80878556,0.46303585
398.0,-0.15562311,-2.5019407,13.184869,-0.50823987,0.97494096,0.5290093
408.0,-0.25378537,-2.3127987,13.115437,-0.67073005,1.1557571,0.58276546
417.0,-0.4381389,-2.1164744,12.976573,-0.82344633,1.3304645,0.57787853
428.0,-0.6607997,-1.99437,13.204022,-0.9627236,1.5088371,0.52656585
440.0,-0.9816227,-1.910573,13.460202,-1.1899655,1.9706513,0.5290093
447.0,-1.2737153,-1.8866309,13.730747,-1.1899655,1.9706513,0.5290093
458.0,-1.4939818,-2.0470424,13.536817,-1.1728612,2.1697934,0.59986967
468.0,-1.4939818,-2.3175871,12.931084,-1.0934488,2.3225098,0.64873886
478.0,-1.5442601,-2.2242134,12.708423,-0.91996306,2.6597073,0.6267477
488.0,-2.2170308,-1.7717092,11.757924,-0.9114109,2.8344147,0.59742624
499.0,-2.540248,-1.4652514,11.391612,-1.0348058,2.9700267,0.58276546
508.0,-2.6767175,-1.6136919,11.022904,-1.2486086,3.1178563,0.5876524
518.0,-2.8993783,-2.2337902,10.726024,-1.4672983,3.2901201,0.6267477
528.0,-2.9999347,-2.9137435,10.388441,-1.6420058,3.4367278,0.7122689
539.0,-3.1890767,-3.4572272,9.775525,-1.7434094,3.5344663,0.8136725
548.0,-3.5170822,-3.6655228,8.9998045,-1.754405,3.5882225,0.8857546
559.0,-3.7014358,-3.8043866,8.240842,-1.6627752,3.6077702,0.91751957
567.0,-3.7565024,-3.9001546,7.3071036,-1.4831808,3.5833356,0.93218035
578.0,-3.8139634,-3.916914,6.459556,-1.2644911,3.5283577,0.95417154
588.0,-3.8905778,-3.7469256,5.547365,-1.047023,3.4599407,0.99204516
598.0,-4.0677485,-3.5122938,5.011064,-0.86376345,3.3622024,1.0262536
610.0,-4.2760444,-3.086126,4.522647,-0.7489208,3.2510247,1.0360274
622.0,-4.378995,-2.707842,4.259285,-0.7281514,3.1264083,1.0433578
631.0,-4.3598413,-2.4899697,4.027047,-0.77946407,2.9675834,1.0861185
641.0,-4.2425256,-2.707842,3.5290532,-0.82833326,2.7818804,1.1606439
650.0,-4.175488,-2.9903579,2.9903579,-0.80878556,2.5827382,1.2229522
660.0,-4.259285,-3.0478187,2.6264393,-0.6988298,2.3554964,1.219287
669.0,-4.2544966,-3.0262709,2.0925324,-0.50335294,2.094046,1.1643091
680.0,-4.3742065,-2.9616275,1.508347,-0.25778514,1.8081611,1.1191051
690.0,-4.5418005,-2.9879637,0.9911995,-0.04520403,1.5112807,1.0848967
701.0,-4.6662993,-2.9113493,0.4309563,0.08307768,1.2021828,1.028697
710.0,-4.6950297,-2.858677,0.1316811,0.12095132,0.874759,0.95905846
722.0,-4.7165775,-2.8299465,-0.021547815,0.080634214,0.54244834,0.9077458
731.0,-4.6662993,-2.837129,-0.05267244,0.0061086523,0.21013765,0.86742866
743.0,-4.6375685,-2.6408045,0.031124622,-0.036651913,-0.12705997,0.8063421
751.0,-4.5920787,-2.2840683,0.17238252,-0.03176499,-0.4654793,0.7171558
762.0,-4.3837833,-2.0135236,0.45250413,-0.039095376,-0.79534656,0.6401868
771.0,-4.235343,-2.0231004,0.60094464,-0.105068825,-1.1032226,0.5888741
781.0,-4.0653543,-2.2816741,0.82360536,-0.2321288,-1.3842206,0.54244834
791.0,-4.1060557,-2.480393,1.1444284,-0.38240165,-1.6420058,0.47647488
803.0,-4.0198646,-2.7605145,1.6232687,-0.49235737,-1.8985692,0.3921755
811.0,-4.0054994,-3.181894,2.0901382,-0.5314528,-2.1551325,0.3213151
820.0,-3.7612908,-3.5003228,2.6623523,-0.51923543,-2.3970351,0.2773328
831.0,-3.4883518,-3.8618474,3.1675289,-0.48502702,-2.605951,0.2602286
843.0,-3.3614593,-3.9504328,3.775656,-0.44837508,-2.769663,0.25411993
851.0,-3.2968156,-3.7972038,4.3957543,-0.42149702,-2.8942795,0.25167647
863.0,-3.3901896,-3.7469256,5.1116204,-0.39828414,-2.9969049,0.26145032
872.0,-3.4979286,-3.6894648,5.884948,-0.35430184,-3.0848694,0.29932398
882.0,-3.5482068,-3.4739866,6.50744,-0.29932398,-3.154508,0.35063666
890.0,-3.4452562,-3.2800562,7.043741,-0.2321288,-3.218038,0.38728857
901.0,-3.5410242,-2.9137435,7.639898,-0.1685988,-3.259577,0.41783184
911.0,-3.4644098,-2.801216,8.303091,-0.1160644,-3.2669072,0.4569272
923.0,-3.3901896,-2.861071,8.935161,-0.05009095,-3.2400293,0.5021312
930.0,-3.169923,-2.9376855,9.746795,0.04886922,-3.1874948,0.54733527
943.0,-3.145981,-2.743755,10.493786,0.21135938,-3.0995302,0.5839872
950.0,-3.2369606,-2.1212628,10.94629,0.46303585,-3.0079005,0.6133087
960.0,-3.3925838,-1.3359646,11.018116,0.7672467,-2.9480357,0.6426302
970.0,-3.3877954,-0.31364042,11.046846,1.0494665,-2.9028316,0.6719518
982.0,-3.1914709,0.22505496,11.209652,1.269378,-2.8270843,0.6976081
992.0,-2.8562827,0.12210429,11.549629,1.4049901,-2.7061331,0.72082096
1001.0,-2.5067291,-0.4165911,11.604695,1.4428637,-2.552195,0.7501425
1011.0,-2.3582888,-0.90261406,11.602302,1.4220943,-2.4092526,0.766025
1021.0,-2.219425,-0.78050977,11.683704,1.3756685,-2.2919664,0.74036866
1032.0,-2.030283,-0.521936,11.724405,1.3072516,-2.194228,0.66828656
1044.0,-1.7022774,0.0047884034,11.719617,1.1496484,-2.1160371,0.59498274
1050.0,-1.2976574,0.45250413,11.978191,0.8552113,-2.01219,0.5546656
1067.0,-1.0414777,0.5363012,12.021287,0.46914452,-1.8729129,0.54611355
1083.0,-0.93852705,0.18914193,12.112267,0.0720821,-1.7275269,0.54733527
1084.0,-1.0199299,-0.34955344,12.294226,-0.26511553,-1.5711454,0.5143485
1125.0,-1.0247183,-1.0342951,12.447454,-0.41172317,-1.423316,0.4569272
1125.0,-0.9672575,-1.7956513,12.361263,-0.31520647,-1.3243558,0.42394048
1125.0,-0.8690952,-2.1763294,12.097901,-0.056199603,-1.2620476,0.43860126
1125.0,-0.8571242,-2.123657,11.77229,0.25045475,-1.2082914,0.46181414
1128.0,-0.8451532,-1.6711528,11.473015,0.52778757,-1.1569787,0.45814893
1140.0,-0.8619126,-1.0007763,10.876859,0.7049385,-1.1117748,0.44104472
1149.0,-0.8331822,-0.35194764,10.424355,0.7281514,-1.0592403,0.43371433
1161.0,-0.7565677,-0.047884032,10.309433,0.63163465,-0.9896017,0.43982297
1170.0,-0.62728083,0.038307227,10.333375,0.47769663,-0.9016371,0.45204028
1180.0,-0.5267244,-0.0023942017,10.448297,0.31031954,-0.816116,0.45081854
1191.0,-0.59136784,-0.038307227,10.433931,0.18325958,-0.74036866,0.43249258
1201.0,-0.62967503,0.06703765,10.443508,0.10995574,-0.6927212,0.39584067
1210.0,-0.6967127,0.1388637,10.682928,0.07452556,-0.6536258,0.34697145
1222.0,-0.61770403,0.21068975,10.943896,0.05497787,-0.59498274,0.29810223
1230.0,-0.48841715,0.16519992,11.159374,0.043982297,-0.52656585,0.26633725
1244.0,-0.5243302,0.15801731,10.668563,0.043982297,-0.38606682,0.16982053
1250.0,-0.07182605,0.30166942,11.116279,0.043982297,-0.38606682,0.16982053
1261.0,-0.10534488,0.91458505,11.592725,0.015882496,-0.31398472,0.080634214
1272.0,-0.2777274,1.5394717,12.193669,-0.19425514,-0.19914207,0.008552114
1283.0,-0.18914193,0.91458505,12.332533,-0.5558874,0.04886922,-0.05009095
1289.0,-0.1412579,-0.7637503,12.117055,-0.752586,0.267559,-0.07819075
1300.0,-0.6727707,-1.5394717,11.803414,-0.6988298,0.38973203,-0.08307768
1309.0,-1.1228806,-1.1348516,11.389217,-0.52778757,0.42638394,-0.10995574
1320.0,-1.0893618,-0.34476504,10.795456,-0.27000242,0.3811799,-0.19425514
1329.0,-0.37349546,-0.35194764,10.955867,-0.312763,0.44959682,-0.19547687
1341.0,-0.33997664,-0.39983168,11.508927,-0.4361578,0.5864306,-0.1881465
1349.0,-0.47644615,-0.6847417,12.014104,-0.54611355,0.7330383,-0.1881465
1359.0,-0.6967127,-1.1947067,12.1840925,-0.6084218,0.87964594,-0.19547687
1369.0,-0.7230489,-1.5275006,12.2798605,-0.63407815,1.0079277,-0.21135938
1379.0,-0.8571242,-1.6376339,12.105083,-0.61819565,1.1472049,-0.23457226
1390.0,-1.0295067,-1.6256629,11.887212,-0.5705481,1.2644911,-0.25534168
1400.0,-1.1061212,-1.5179238,11.719617,-0.5180137,1.3610078,-0.2724459
1410.0,-1.1779473,-1.5059528,11.405977,-0.4801401,1.4672983,-0.2773328
1420.0,-1.0941502,-1.4389153,11.475409,-0.47158796,1.5711454,-0.26511553
1429.0,-1.2378023,-1.5873557,11.508927,-0.48258355,1.6872098,-0.25778514
1440.0,-1.340753,-1.8100165,11.259931,-0.5021312,1.8154916,-0.26633725
1449.0,-1.4532804,-1.9416976,10.99178,-0.52778757,1.9168952,-0.2773328
1460.0,-1.6376339,-1.8962077,10.977415,-0.52778757,2.021964,-0.28344148
1468.0,-1.8219875,-2.2577322,10.69011,-0.48624873,2.125811,-0.28221974
1478.0,-2.0015526,-2.315193,10.448297,-0.42271876,2.207667,-0.26633725
1488.0,-2.1260512,-2.2122424,10.251971,-0.35796702,2.2797492,-0.25045475
1498.0,-2.1739352,-2.2505496,10.000581,-0.27122417,2.3542747,-0.24312437
1512.0,-2.372654,-2.2744915,9.691729,-0.18325958,2.4129176,-0.23579398
1536.0,-2.4181437,-2.2290018,9.397242,-0.14049901,2.4642303,-0.23335053
1536.0,-2.56419,-2.1499932,9.004593,-0.12705997,2.525317,-0.24556783
1541.0,-2.695871,-2.0925324,8.62152,-0.11362094,2.5717428,-0.26267207
1738.0,-2.80361,-2.0973208,8.616732,-0.10262536,2.5998425,-0.27855456
1738.0,-2.6743233,-2.2242134,8.588001,-0.10629055,2.6316075,-0.28344148
1738.0,-2.6719291,-2.4492683,8.420407,-0.119729586,2.669481,-0.2602286
1738.0,-2.705448,-2.695871,8.118738,-0.16371189,2.701246,-0.22602014
1738.0,-2.944868,-2.8921957,7.7787614,-0.21991149,2.7317894,-0.21746802
1738.0,-3.1962593,-2.9712043,7.491457,-0.25900686,2.7550023,-0.23579398
1738.0,-3.454833,-2.8874073,6.9982514,-0.28099802,2.751337,-0.25534168
1738.0,-3.6631286,-2.8443117,6.6175733,-0.30176744,2.7366762,-0.25167647
1738.0,-3.9145198,-2.822764,6.1411276,-0.31764993,2.7049112,-0.23945917
1738.0,-4.1611223,-2.6719291,5.8586116,-0.31764993,2.6584857,-0.23945917
1738.0,-4.5298295,-2.6384103,5.60722,-0.3213151,2.6047294,-0.24312437
1738.0,-4.8147397,-2.767697,5.511452,-0.33108896,2.5411994,-0.22968534
1738.0,-4.999093,-3.0095115,5.2504845,-0.3286455,2.461787,-0.1881465
1738.0,-5.145139,-3.052607,5.032612,-0.29932398,2.361605,-0.13561209
1745.0,-5.427655,-2.956839,4.9464207,-0.23457226,2.2467623,-0.095294975
1745.0,-5.544971,-2.6072857,4.5633483,-0.12461651,2.125811,-0.06841691
1745.0,-5.8083334,-2.504335,4.283227,-0.021991149,1.9950858,-0.037873644
1745.0,-6.054936,-2.3056161,4.000711,0.021991149,1.8668042,-0.0012217305
1745.0,-6.3709707,-2.171541,3.6463692,0.013439035,1.7385225,0.032986723
1745.0,-6.6870055,-2.0709844,3.4500446,-0.012217305,1.5931365,0.057421334
1750.0,-6.813898,-2.1164744,3.311181,-0.017104227,1.4257594,0.065973446
1761.0,-6.9168487,-2.195483,3.277662,-0.008552114,1.2388347,0.07696902
1776.0,-6.825869,-2.303222,3.25372,0.002443461,1.0506883,0.09285152
1779.0,-6.8067155,-2.3678656,3.1507695,0.021991149,0.86009824,0.09896017
1797.0,-7.074866,-2.195483,3.0190883,0.04642576,0.6719518,0.087964594
1800.0,-7.1706343,-2.0709844,2.8419175,0.0842994,0.49846604,0.065973446
1815.0,-7.297527,-1.9369092,2.566584,0.14049901,0.31398472,0.05009095
1821.0,-7.3645644,-1.9560628,2.3582888,0.18936823,0.12461651,0.04642576
1829.0,-7.3406224,-1.8411411,2.243367,0.20525073,-0.064751714,0.04153884
1841.0,-7.321469,-1.6663644,2.0757728,0.1966986,-0.26389378,0.021991149
1849.0,-7.2065473,-1.400608,2.111686,0.1600467,-0.4654793,-0.010995574
1859.0,-7.067683,-1.448492,2.0901382,0.080634214,-0.6597345,-0.036651913
1869.0,-6.993463,-1.5562311,2.2744915,-0.019547688,-0.8417723,-0.05131268
1880.0,-6.847417,-1.9057846,2.5594015,-0.119729586,-1.0054842,-0.07696902
1891.0,-6.6391215,-2.3080103,2.858677,-0.20769419,-1.1618657,-0.111177474
1899.0,-6.5577183,-2.707842,3.0430303,-0.27855456,-1.3096951,-0.12950343
1910.0,-6.471527,-2.96881,3.1986535,-0.33475417,-1.4440855,-0.13194689
1919.0,-6.447585,-3.2273839,3.4165258,-0.3726278,-1.5784758,-0.13194689
1929.0,-6.2345014,-3.3806129,3.6655228,-0.39461896,-1.7067575,-0.119729586
1941.0,-6.0980315,-3.4117374,4.0174704,-0.4092797,-1.8264871,-0.089186326
1949.0,-5.9998693,-3.181894,4.4244847,-0.4202753,-1.9303342,-0.057421334
1959.0,-5.8322754,-2.9999347,4.8219223,-0.4251622,-2.0182989,-0.02565634
1970.0,-5.616797,-2.980781,5.2863975,-0.4166101,-2.0891593,0.009773844
1980.0,-5.523423,-3.145981,5.6359506,-0.39584067,-2.144137,0.04520403
1991.0,-5.3701944,-3.3423057,6.0405707,-0.3652974,-2.1820107,0.07452556
2002.0,-5.3247046,-3.3375173,6.3350577,-0.30909783,-2.2137756,0.096516706
2011.0,-5.2049947,-3.3662477,6.445191,-0.23823744,-2.2553146,0.12461651
2021.0,-5.104438,-3.1555579,6.615179,-0.19547687,-2.2907448,0.16249016
2031.0,-4.9943047,-2.801216,6.8186865,-0.19303341,-2.3200662,0.19181168
2042.0,-4.76925,-2.5450363,6.9958572,-0.2125811,-2.3457224,0.21380283
2052.0,-4.5298295,-2.4109612,7.0964136,-0.24190263,-2.3506095,0.23579398
2066.0,-4.343082,-2.432509,7.40766,-0.27000242,-2.3445008,0.25534168
2094.0,-4.1299977,-2.5474305,7.860164,-0.2773328,-2.334727,0.2565634
2094.0,-3.8738184,-2.9113493,8.137892,-0.24923302,-2.3115141,0.24923302
2094.0,-3.7062242,-3.0669725,8.350976,-0.18936823,-2.2919664,0.24678956
2101.0,-3.4596214,-2.8921957,8.576031,-0.09162979,-2.2870796,0.23823744
2115.0,-3.2920272,-2.731784,8.9279785,0.081855945,-2.271197,0.20525073
2127.0,-2.9352913,-2.6120741,9.138668,0.2883284,-2.243097,0.17348573
2129.0,-2.7724855,-2.6527755,9.363723,0.43249258,-2.207667,0.16737708
2243.0,-2.5474305,-2.5905263,9.636662,0.5143485,-2.0793853,0.19181168
2243.0,-2.3750482,-2.693477,9.64145,0.5045747,-2.0134118,0.1881465
2243.0,-2.1691468,-2.7150247,9.947908,0.4654793,-1.9462167,0.17104226
2243.0,-2.0207062,-2.6431987,10.192117,0.40317106,-1.8668042,0.14905111
2243.0,-1.7669208,-2.5785553,10.431537,0.35063666,-1.7739527,0.13316862
2243.0,-1.6543933,-2.456451,10.723629,0.32742378,-1.6811012,0.12217305
2243.0,-1.6232687,-2.516306,10.836157,0.34208453,-1.5882497,0.11362094
2243.0,-1.5442601,-2.492364,10.81461,0.3726278,-1.5015068,0.10751228
2243.0,-1.5753847,-2.3415294,10.809821,0.36651915,-1.423316,0.10140363
2243.0,-1.4915876,-2.231396,10.8864355,0.32375857,-1.3292428,0.08552113
2243.0,-1.4796166,-2.1547816,10.900801,0.27855456,-1.2266175,0.064751714
2250.0,-1.4317327,-2.1068976,10.824186,0.22602014,-1.1447614,0.043982297
2267.0,-1.30484,-2.0685902,10.893618,0.15515977,-1.073901,0.02321288
2327.0,-1.3311762,-2.0254946,11.104307,0.10140363,-0.97494096,0.0
2327.0,-1.163582,-2.1404164,11.003751,0.0842994,-0.8906415,-0.012217305
2327.0,-1.1923125,-2.1499932,10.888829,0.07452556,-0.8258898,-0.014660766
2327.0,-1.2114661,-2.0805612,10.737994,0.07574729,-0.75869465,-0.02076942
2327.0,-1.163582,-2.0733786,10.69011,0.089186326,-0.7012733,-0.036651913
2327.0,-1.2401965,-2.1404164,10.747571,0.096516706,-0.63529986,-0.05497787
2332.0,-1.1875241,-2.2122424,10.649409,0.111177474,-0.56321776,-0.058643065
2341.0,-1.1611878,-2.2697031,10.390836,0.14660765,-0.516792,-0.04886922
2350.0,-1.1923125,-2.1164744,10.196905,0.204029,-0.48747048,-0.04520403
2361.0,-1.2976574,-1.9033904,10.070012,0.26633725,-0.46181414,-0.052534413
2370.0,-1.3790601,-1.769315,10.053253,0.3213151,-0.4361578,-0.052534413
2380.0,-1.3575124,-1.7477672,9.935937,0.36651915,-0.41783184,-0.02565634
2390.0,-1.2473791,-1.8291701,9.775525,0.40439278,-0.40317106,0.012217305
2401.0,-1.1683705,-1.9440918,9.751583,0.4569272,-0.39706242,0.02687807
2412.0,-0.9648633,-1.982399,9.749189,0.53023106,-0.40317106,0.028099801
2425.0,-0.93373865,-2.078167,9.76116,0.6059783,-0.40561453,0.035430185
2432.0,-0.7685388,-1.8986019,9.41879,0.6597345,-0.408058,0.04886922
2442.0,-0.63206923,-1.9608512,9.524135,0.7086037,-0.4129449,0.058643065
2453.0,-0.7398083,-1.2521675,10.414778,0.66828656,-0.4251622,0.056199603
2465.0,-0.8379706,-0.20590134,10.491392,0.44837508,-0.35430184,0.02443461
2483.0,-0.61770403,-0.521936,10.500969,0.1685988,-0.25534168,-0.008552114
2483.0,-0.6392518,-1.2952632,10.670957,-0.064751714,-0.15760323,0.014660766
2495.0,-0.91458505,-1.5753847,10.5440645,-0.20158553,-0.057421334,0.036651913
2500.0,-1.151611,-1.5514427,10.364499,-0.24190263,-0.034208454,0.0036651916
