67.0,-1.0151415,-0.6751649,10.342952,0.14905111,0.118507855,-0.0842994
67.0,-1.1803415,-0.6368576,10.445902,0.017104227,-0.28955013,-0.30909783
67.0,-1.2808979,-0.46926352,10.3453455,-0.042760566,-0.39706242,-0.32986724
67.0,-1.1779473,-0.4381389,10.271125,0.12705997,0.39706242,0.019547688
99.0,-0.9816227,-0.35673606,10.081984,0.17592919,0.42271876,0.04520403
99.0,-0.92655605,-0.4405331,10.1226845,0.22113322,0.267559,0.009773844
99.0,-0.92655605,-0.4405331,10.13705,0.23090707,0.13439035,-0.042760566
106.0,-1.1013328,-0.39743748,10.247183,0.204029,0.17837265,-0.04642576
115.0,-1.151611,-0.35434186,10.34774,0.15027285,0.21991149,-0.047647487
125.0,-1.1947067,-0.33039984,10.3932295,0.09162979,0.25411993,-0.040317107
136.0,-1.3120226,-0.31364042,10.283096,0.04153884,0.27488935,-0.029321533
146.0,-1.3910311,-0.50278234,10.120291,-0.0061086523,0.28221974,-0.014660766
156.0,-1.412579,-0.6943185,9.938332,-0.06719518,0.29565877,0.015882496
165.0,-1.4269443,-0.8690952,9.935937,-0.12095132,0.31031954,0.062308256
176.0,-1.3670892,-1.0702082,9.969456,-0.13561209,0.31887165,0.10751228
187.0,-1.3694834,-1.2330139,10.038888,-0.10873401,0.32498032,0.14172074
197.0,-1.412579,-1.1779473,10.117896,-0.058643065,0.33964106,0.16249016
206.0,-1.4652514,-1.1659763,10.096349,0.014660766,0.3652974,0.17104226
217.0,-1.5993267,-0.94570965,10.180145,0.07452556,0.3726278,0.17592919
226.0,-1.6519991,-0.7278373,10.0987425,0.08307768,0.38362336,0.18448131
236.0,-1.7860745,-0.6560113,10.038888,0.040317107,0.41172317,0.1966986
245.0,-1.7932571,-0.5434838,10.077195,-0.030543262,0.453262,0.21135938
255.0,-1.8842367,-0.6967127,10.2735195,-0.09773844,0.5045747,0.22235495
266.0,-2.0231004,-0.78290397,10.374076,-0.13316862,0.54611355,0.2321288
277.0,-2.0805612,-0.6631939,10.620679,-0.12950343,0.5925393,0.24678956
285.0,-2.1763294,-0.60573304,10.7356,-0.09040806,0.64873886,0.2724459
297.0,-2.1643584,-0.47644615,10.788273,-0.04520403,0.7012733,0.2968805
305.0,-2.2170308,-0.4141969,10.771513,-0.03176499,0.7672467,0.31642818
317.0,-2.4109612,-0.557849,10.761936,-0.07452556,0.8503244,0.31764993
326.0,-2.4013844,-0.63206923,10.726024,-0.15760323,0.95172805,0.28221974
337.0,-2.5450363,-0.7757214,10.852917,-0.23090707,1.0751228,0.23090707
346.0,-2.7365725,-0.8834604,10.795456,-0.2687807,1.1948525,0.20647246
356.0,-2.9017725,-0.9528923,10.931925,-0.27488935,1.2986995,0.21624629
366.0,-3.181894,-1.0773908,10.807426,-0.2773328,1.4110987,0.22357668
376.0,-3.3063924,-1.1994951,10.733206,-0.24923302,1.5210545,0.20158553
386.0,-3.3806129,-1.2282255,10.627861,-0.22235495,1.6151277,0.15027285
399.0,-3.466804,-1.2689269,10.378864,-0.204029,1.6969837,0.096516706
406.0,-3.6535518,-1.340753,10.070012,-0.15760323,1.7666223,0.064751714
416.0,-3.6391866,-1.3790601,9.77792,-0.10629055,1.8338175,0.04153884
426.0,-3.7972038,-1.2401965,9.459491,-0.056199603,1.921782,0.015882496
436.0,-3.9624038,-1.115698,9.02614,-0.015882496,2.0097466,-0.004886922
446.0,-4.1826706,-1.1061212,8.865729,0.012217305,2.0781636,-0.029321533
457.0,-4.333505,-1.1372458,8.803479,0.047647487,2.147802,-0.05375614
467.0,-4.4125137,-1.2162545,8.580819,0.12095132,2.212554,-0.06719518
477.0,-4.560954,-1.1994951,8.576031,0.25045475,2.2455406,-0.064751714
486.0,-4.596867,-1.2210429,8.420407,0.36774087,2.252871,-0.057421334
498.0,-4.675876,-1.0103531,8.394072,0.37507126,2.302962,-0.057421334
506.0,-4.6950297,-1.0390835,8.161834,0.37507126,2.302962,-0.057421334
518.0,-4.876989,-0.8619126,7.4842744,0.28099802,2.361605,-0.056199603
527.0,-5.070919,-0.7350199,7.0245876,0.2602286,2.3677137,-0.062308256
537.0,-5.118803,-0.61052144,6.5577183,0.2602286,2.356718,-0.04153884
547.0,-5.1810527,-0.7110779,6.093243,0.29443705,2.3225098,0.0012217305
559.0,-5.2121773,-0.91458505,5.7987566,0.34208453,2.2638667,0.052534413
570.0,-5.3558292,-1.1300632,5.3725886,0.38606682,2.1930063,0.087964594
581.0,-5.521029,-1.103727,5.116409,0.43004912,2.1087067,0.112399206
590.0,-5.7365074,-1.1061212,4.9344497,0.46914452,2.008525,0.14538592
601.0,-5.884948,-1.0821792,4.9919105,0.50823987,1.8887954,0.18081611
610.0,-5.791574,-1.0319009,4.876989,0.5119051,1.7434094,0.21746802
620.0,-5.8634,-0.91458505,4.8027687,0.50579643,1.6077974,0.24923302
630.0,-5.947197,-0.7038953,4.8027687,0.548557,1.4648548,0.24801129
640.0,-5.813122,-0.58418524,4.55856,0.59131753,1.3048081,0.21991149
649.0,-5.9639564,-0.5267244,4.084508,0.5900958,1.1386528,0.19792034
660.0,-6.0740895,-0.56982,3.5817258,0.56077427,0.9761627,0.19547687
669.0,-6.179435,-0.641646,3.3255463,0.5143485,0.81245077,0.18692477
679.0,-6.277597,-0.7134721,3.0095115,0.45937067,0.625526,0.172264
690.0,-6.215348,-0.39983168,2.8874073,0.41783184,0.43249258,0.16615535
703.0,-6.191406,-0.023942016,2.8060043,0.38973203,0.22968534,0.16371189
710.0,-6.1530986,0.3878607,2.956839,0.35063666,0.028099801,0.16371189
719.0,-5.9160724,0.56982,3.1196449,0.26633725,-0.17104226,0.17104226
730.0,-5.9304376,0.60094464,3.0909145,0.13194689,-0.36285394,0.16737708
741.0,-5.9304376,0.47165772,2.9616275,-0.0036651916,-0.56321776,0.14172074
750.0,-5.9519854,0.22744916,2.8682537,-0.1160644,-0.7733554,0.10873401
761.0,-5.911284,-0.12449849,3.1651347,-0.20525073,-0.9810496,0.08552113
770.0,-5.7389016,-0.1604115,3.5577838,-0.23701571,-1.1960741,0.064751714
781.0,-5.683835,-0.28491,4.086902,-0.20158553,-1.396438,0.04520403
790.0,-5.509058,-0.045489833,4.6806645,-0.15149458,-1.5674802,0.035430185
800.0,-5.5976434,0.33997664,5.0517654,-0.13194689,-1.7067575,0.029321533
810.0,-5.631162,0.6967127,5.257667,-0.14294247,-1.8191566,0.034208454
823.0,-5.7508726,0.7230489,5.523423,-0.19914207,-1.9071213,0.05497787
830.0,-5.7029886,0.58657944,5.7389016,-0.28344148,-1.9816469,0.07819075
839.0,-5.729325,0.36152446,5.853823,-0.376293,-2.0378466,0.09040806
850.0,-5.6766524,0.1340753,5.9639564,-0.46303585,-2.0732768,0.089186326
860.0,-5.6120086,-0.15322891,6.4164605,-0.50823987,-2.1111503,0.07941248
870.0,-5.521029,-0.44771573,7.1347213,-0.4886922,-2.1465805,0.06719518
881.0,-5.3199162,-0.60573304,7.4244194,-0.40683624,-2.175902,0.06841691
890.0,-5.0302176,-0.6584055,7.7572136,-0.2773328,-2.2064452,0.081855945
901.0,-4.903325,-0.39504328,8.264784,-0.11728613,-2.2247713,0.08307768
910.0,-4.7189717,0.095768064,8.714894,0.039095376,-2.2223277,0.0842994
920.0,-4.4915223,0.58418524,8.916007,0.1282817,-2.2052236,0.10873401
930.0,-4.256891,0.7517793,8.935161,0.111177474,-2.1661282,0.1563815
942.0,-4.1395745,0.5793968,9.050082,0.012217305,-2.0977113,0.1966986
950.0,-4.110844,0.2705448,9.176975,-0.11728613,-2.0158553,0.204029
960.0,-3.9073372,-0.2657564,9.193734,-0.22357668,-1.9474384,0.19425514
970.0,-3.7900212,-0.58897364,9.356541,-0.3042109,-1.9022343,0.1881465
980.0,-3.596091,-0.61291564,9.923966,-0.33964106,-1.8655825,0.19547687
991.0,-3.3758245,-0.40462008,10.228029,-0.29443705,-1.8264871,0.19914207
1003.0,-3.1196449,-0.31124622,10.850522,-0.16737708,-1.7825048,0.2003638
1010.0,-2.8802247,-0.29927522,11.145009,0.02076942,-1.7201965,0.20647246
1021.0,-2.6767175,-0.2801216,11.300632,0.23701571,-1.6530013,0.22479841
1031.0,-2.4756045,0.10055647,11.226412,0.42760566,-1.5845845,0.24312437
1040.0,-2.3894134,0.1604115,10.941502,0.58032197,-1.5088371,0.24923302
1050.0,-2.3630772,0.37349546,10.548853,0.65484756,-1.4330899,0.25411993
1061.0,-2.3558946,0.4213795,10.481815,0.63163465,-1.346347,0.25900686
1070.0,-2.2864625,0.4285621,10.635044,0.5314528,-1.2461652,0.25900686
1092.0,-2.1499932,0.41180268,10.759542,0.40439278,-1.1435398,0.2602286
1092.0,-2.087744,0.37588966,10.99178,0.29810223,-1.0543534,0.267559
1160.0,-2.195483,0.5650316,11.161768,0.23457226,-0.9786061,0.27488935
1160.0,-2.195483,0.6488287,11.36767,0.1881465,-0.9101892,0.27488935
1160.0,-2.1547816,0.7182605,11.494562,0.13805555,-0.8393288,0.27366763
1160.0,-2.135628,0.581791,11.307815,0.103847094,-0.7635816,0.27977628
1160.0,-2.066196,0.60094464,11.08276,0.10751228,-0.7012733,0.28588495
1161.0,-2.147599,0.62249243,10.821792,0.13561209,-0.6536258,0.28099802
1161.0,-2.1452048,0.6727707,10.582372,0.16126843,-0.6047566,0.267559
1168.0,-2.1691468,0.7326257,10.606314,0.16126843,-0.5644395,0.25289822
1180.0,-2.042254,0.8475474,10.637438,0.14660765,-0.49602258,0.24556783
1189.0,-1.7788919,0.6943185,11.075577,0.172264,-0.4166101,0.2443461
1200.0,-1.958457,1.0630256,11.942278,0.19425514,-0.30665436,0.24312437
1208.0,-2.2337902,1.7286136,12.401965,0.16737708,-0.19181168,0.24556783
1220.0,-2.0805612,1.5945383,11.841722,0.08552113,-0.05375614,0.20647246
1230.0,-2.1140802,1.3311762,11.566388,0.05375614,0.04642576,0.13805555
1241.0,-2.3870192,1.4197617,11.209652,0.05131268,0.13683382,0.08552113
1248.0,-2.4253263,1.7381904,10.867282,-0.018325957,0.19914207,0.059864793
1258.0,-2.111686,1.6112977,10.623073,-0.15149458,0.2565634,0.052534413
1268.0,-1.8004397,0.8403648,10.625467,-0.2321288,0.35308012,0.05375614
1278.0,-1.9369092,0.1316811,10.764331,-0.20158553,0.45570546,0.059864793
1295.0,-2.207454,0.30885202,11.08276,-0.13316862,0.52534413,0.062308256
1300.0,-2.3798366,0.5434838,11.35091,-0.030543262,0.6768387,0.040317107
1307.0,-2.3750482,0.557849,11.5951185,-0.030543262,0.6768387,0.040317107
1318.0,-2.327164,0.2657564,11.552023,0.018325957,0.7770206,0.029321533
1328.0,-2.4396915,0.24899697,11.377247,0.06352998,0.86498517,0.014660766
1338.0,-2.5330653,0.6799533,11.15698,0.087964594,0.9407325,-0.018325957
1347.0,-2.645593,0.8882488,10.82658,0.089186326,1.0201449,-0.05375614
1358.0,-2.7222073,0.7110779,10.5919485,0.07819075,1.1178834,-0.06963864
1367.0,-2.72939,0.08619126,10.3453455,0.118507855,1.2913691,-0.073303826
1376.0,-2.9735985,0.019153614,10.158598,0.15760323,1.3487904,-0.07819075
1387.0,-3.0119057,0.074220255,9.964667,0.17959438,1.423316,-0.08552113
1397.0,-3.0669725,0.24181437,9.842564,0.204029,1.4856243,-0.09773844
1406.0,-3.145981,0.46208093,9.68694,0.21868975,1.5442673,-0.10995574
1418.0,-3.2513258,0.4357447,9.516952,0.2125811,1.6065756,-0.11728613
1426.0,-3.3877954,0.22984336,9.433155,0.19914207,1.6627752,-0.12583824
1438.0,-3.5170822,0.02633622,9.320627,0.18081611,1.717753,-0.13683382
1446.0,-3.6511576,-0.045489833,9.074024,0.14172074,1.7654005,-0.14538592
1457.0,-3.6631286,0.18195933,8.791509,0.105068825,1.7959439,-0.15027285
1466.0,-3.845088,0.272939,8.750807,0.09773844,1.8252654,-0.15027285
1478.0,-3.9360676,0.35673606,8.556877,0.11362094,1.8545868,-0.13439035
1499.0,-4.039018,0.3878607,8.499416,0.12461651,1.8826867,-0.105068825
1499.0,-4.1611223,0.37588966,8.554482,0.119729586,1.9120082,-0.07941248
1506.0,-4.3406878,0.32561144,8.228871,0.11728613,1.9401081,-0.06963864
1661.0,-4.3406878,0.4189853,7.7787614,0.09773844,1.9511036,-0.07086037
1661.0,-4.6016555,0.40462008,7.513005,0.04886922,1.9559906,-0.08307768
1661.0,-4.795586,0.45010993,7.3885064,-0.014660766,1.9669861,-0.09773844
1661.0,-4.9344497,0.36391866,7.1969705,-0.05497787,1.9755383,-0.1001819
1661.0,-5.058948,0.21787235,6.979098,-0.029321533,1.9694295,-0.09162979
1661.0,-5.1930237,0.24420857,6.811504,0.04642576,1.9388863,-0.08552113
1661.0,-5.257667,0.35913026,6.6510925,0.13439035,1.8997909,-0.081855945
1661.0,-5.377377,0.38067806,6.3470287,0.21380283,1.8619173,-0.07086037
1661.0,-5.4444146,0.5626374,6.0405707,0.2687807,1.8069394,-0.061086524
1666.0,-5.535394,0.59855044,5.626374,0.30176744,1.7470746,-0.061086524
1666.0,-5.7029886,0.7134721,5.4659624,0.29932398,1.6823229,-0.06841691
1668.0,-5.803545,0.6392518,5.3821654,0.26267207,1.6151277,-0.07819075
1668.0,-5.865794,0.40701428,5.080496,0.21013765,1.5454891,-0.0842994
1668.0,-5.9448028,0.4357447,4.867412,0.15515977,1.4611896,-0.09040806
1668.0,-6.0764837,0.49559975,4.608838,0.11728613,1.3610078,-0.10629055
1668.0,-6.2392898,0.60094464,4.534618,0.1001819,1.251052,-0.12339478
1794.0,-6.3206925,0.6536171,4.321534,0.08674286,1.1301007,-0.12461651
1794.0,-6.3566055,0.7158663,4.1635165,0.064751714,0.9969321,-0.11484267
1794.0,-6.2967505,0.7685388,3.9504328,0.04520403,0.86254174,-0.10751228
1794.0,-6.4499793,0.78290397,3.739743,0.04153884,0.71837753,-0.10629055
1794.0,-6.576872,0.78769237,3.4476504,0.035430185,0.56077427,-0.11362094
1794.0,-6.71813,0.93373865,3.2561142,0.018325957,0.39584067,-0.12217305
1794.0,-6.631939,1.0007763,3.1148565,-0.014660766,0.21624629,-0.12950343
1794.0,-6.603208,1.0175357,2.9999347,-0.06841691,0.02687807,-0.13316862
1794.0,-6.517017,0.91458505,2.9735985,-0.14660765,-0.16249016,-0.13683382
1794.0,-6.4523735,0.8331822,3.0382419,-0.22968534,-0.34697145,-0.14294247
1794.0,-6.327875,0.7493851,3.3207579,-0.3042109,-0.5314528,-0.15393804
1794.0,-6.2488666,0.50278234,3.6535518,-0.37384954,-0.7171558,-0.16493362
1816.0,-6.105214,0.260968,3.8642416,-0.42394048,-0.8918633,-0.16615535
1816.0,-6.05733,0.088585466,4.0773253,-0.43004912,-1.0555751,-0.1685988
1817.0,-6.0764837,0.05746084,4.27365,-0.39950588,-1.2009611,-0.18325958
1832.0,-6.093243,0.038307227,4.5753193,-0.36285394,-1.3316863,-0.1966986
1840.0,-6.0645127,0.16519992,4.831499,-0.3323107,-1.4526376,-0.19058995
1847.0,-5.9064956,0.12928689,5.044583,-0.3200934,-1.5613716,-0.16493362
1857.0,-5.815516,0.20111294,5.3821654,-0.3555236,-1.6517797,-0.14782938
1867.0,-5.81791,0.22984336,5.5856724,-0.41905355,-1.7275269,-0.15027285
1877.0,-5.590461,0.062249243,6.019023,-0.47769663,-1.7873917,-0.15515977
1888.0,-5.3223104,-0.18435353,6.4882865,-0.516792,-1.8472565,-0.14538592
1900.0,-5.133168,-0.3878607,6.9623384,-0.5204572,-1.8936822,-0.13439035
1908.0,-5.0302176,-0.33039984,7.4004774,-0.46670106,-1.9327776,-0.13805555
1919.0,-4.9200845,-0.28491,7.66384,-0.37751472,-1.9620992,-0.14538592
1929.0,-4.76925,-0.33758244,7.9702973,-0.32620203,-1.9816469,-0.14172074
1939.0,-4.5992613,-0.6344634,8.161834,-0.34697145,-1.9804251,-0.12705997
1949.0,-4.43885,-0.9600749,8.171411,-0.43249258,-1.9669861,-0.103847094
1961.0,-4.381389,-1.0821792,8.348581,-0.54000485,-1.9437732,-0.09407325
1971.0,-4.414908,-0.7445967,8.470686,-0.6267477,-1.9230038,-0.10262536
1991.0,-4.247314,-0.5530606,8.779537,-0.68294734,-1.9022343,-0.089186326
1992.0,-4.0462008,-0.6536171,9.188946,-0.6939429,-1.8729129,-0.04153884
2023.0,-3.7708676,-0.9959879,9.519346,-0.62796944,-1.831374,0.02076942
2023.0,-3.6296098,-1.2042835,9.89763,-0.47769663,-1.7971655,0.058643065
2023.0,-3.4811692,-1.1755531,10.0029745,-0.26389378,-1.772731,0.06963864
2029.0,-3.4045548,-0.82121116,9.9550905,-0.064751714,-1.7556267,0.073303826
2037.0,-3.359065,-0.59615624,10.196905,0.061086524,-1.7140878,0.07941248
2048.0,-3.2154129,-0.6775591,10.254366,0.10751228,-1.6554449,0.087964594
2059.0,-3.086126,-0.62967503,10.146626,0.081855945,-1.5894713,0.10262536
2070.0,-3.1364043,-0.47405192,10.086772,0.007330383,-1.5259414,0.11362094
2135.0,-3.1244333,-0.36391866,10.139444,-0.07819075,-1.4660766,0.112399206
2135.0,-3.083732,-0.44771573,10.290278,-0.14905111,-1.4062119,0.119729586
2135.0,-2.944868,-0.5482722,10.548853,-0.18936823,-1.3487904,0.15149458
2135.0,-2.6743233,-0.770933,10.812215,-0.18203785,-1.2986995,0.19303341
2135.0,-2.5187001,-0.830788,10.884041,-0.11362094,-1.2547172,0.22602014
2135.0,-2.4851813,-0.60812724,10.740389,-0.0036651916,-1.2119566,0.24556783
2141.0,-2.492364,-0.4189853,10.565612,0.103847094,-1.174083,0.25045475
2147.0,-2.5258827,-0.2681506,10.350134,0.17592919,-1.1178834,0.24923302
2157.0,-2.528277,-0.095768064,10.041282,0.2125811,-1.0629056,0.25289822
2167.0,-2.4875755,-0.047884032,10.060435,0.21624629,-1.0164797,0.25900686
2178.0,-2.3989902,-0.12928689,10.031705,0.18936823,-0.9627236,0.25900686
2188.0,-2.2649148,-0.12210429,9.871294,0.1563815,-0.91996306,0.25900686
2200.0,-2.1571758,-0.1436521,10.19451,0.065973446,-0.8332202,0.25534168
2208.0,-2.0901382,-0.1436521,10.527305,0.065973446,-0.8332202,0.25534168
2218.0,-1.9201498,-0.33758244,10.611102,0.07574729,-0.77824235,0.25534168
2227.0,-1.8243817,-0.21547815,10.603919,0.12950343,-0.7440339,0.25534168
2238.0,-1.697489,-0.1364695,10.488997,0.19792034,-0.7134906,0.24923302
2249.0,-1.7262194,-0.06943185,10.316615,0.26145032,-0.6719518,0.23945917
2258.0,-1.7884687,0.37828386,10.0269165,0.33108896,-0.5876524,0.22235495
2268.0,-1.7022774,0.51714754,10.036493,0.3323107,-0.5510005,0.20647246
2278.0,-1.4748282,0.36631286,10.163386,0.3005457,-0.50701815,0.20158553
2289.0,-1.5490485,0.33518824,11.116279,0.25289822,-0.4129449,0.20891592
2298.0,-1.8387469,0.6727707,11.638214,0.23090707,-0.30787608,0.20647246
2307.0,-1.7717092,0.7374141,11.504139,0.20891592,-0.25167647,0.15515977
2319.0,-1.685518,0.7517793,11.48738,0.1600467,-0.19181168,0.08552113
2327.0,-1.6184803,0.7038953,11.0061455,0.1282817,-0.09773844,0.04520403
2340.0,-1.7405846,0.7589619,10.594342,0.08674286,-0.042760566,0.013439035
2348.0,-1.757344,0.7565677,10.230424,0.002443461,0.0,-0.03176499
2358.0,-1.7908629,0.4309563,9.962274,-0.065973446,0.056199603,-0.065973446
2370.0,-1.6879122,0.23702596,9.615114,-0.087964594,0.080634214,-0.0720821
2381.0,-1.745373,0.320823,9.437943,-0.07941248,0.0842994,-0.07086037
2389.0,-1.5993267,0.21308395,9.442732,-0.057421334,0.081855945,-0.073303826
2400.0,-1.5562311,-0.04070143,9.361329,-0.018325957,0.07819075,-0.07086037
2409.0,-1.5610195,-0.15083471,9.239224,0.02687807,0.065973446,-0.05009095
2420.0,-1.4987702,-0.11971009,9.179369,0.059864793,0.04520403,-0.028099801
2431.0,-1.4915876,0.02873042,9.294291,0.07819075,0.028099801,-0.014660766
2450.0,-1.496376,-0.08379706,9.409213,0.07452556,0.019547688,-0.002443461
2450.0,-1.3838485,-0.08379706,9.380483,0.05009095,0.004886922,0.013439035
2476.0,-1.3958195,-0.055066638,9.349358,0.008552114,-0.007330383,0.02321288
2476.0,-1.4317327,0.0,9.476251,-0.040317107,-0.008552114,0.02076942
2477.0,-1.5179238,-0.02873042,9.512163,-0.07819075,-0.002443461,0.015882496
2492.0,-1.5394717,0.01436521,9.600749,-0.09285152,0.0012217305,0.02321288
2502.0,-1.4891934,-0.04309563,9.78989,-0.09285152,-0.004886922,0.032986723
2509.0,-1.5394717,-0.023942016,9.809045,-0.07941248,-0.004886922,0.036651913
