30.0,0.9528923,-1.8842367,9.715671,-0.535118,-1.613906,0.111177474
66.0,1.2090719,-1.9416976,9.622296,0.16249016,0.10873401,-0.06841691
66.0,1.1492168,-1.7166426,9.579201,0.008552114,-0.30298916,-0.27366763
66.0,0.8762778,-1.4413095,9.660604,-0.06719518,-0.4166101,-0.32375857
66.0,0.7757214,-1.4413095,9.636662,0.09285152,0.3652974,0.09407325
100.0,0.91458505,-1.4221559,9.583989,0.12583824,0.36041048,0.16982053
105.0,1.0989386,-1.5059528,9.598354,0.13561209,0.16493362,0.09773844
105.0,1.1971009,-1.496376,9.564836,0.112399206,0.004886922,-0.02443461
106.0,1.0606314,-1.3910311,9.562442,0.07452556,0.02076942,-0.056199603
116.0,0.91219085,-1.4101849,9.536105,0.043982297,0.034208454,-0.056199603
126.0,0.90740246,-1.3934253,9.507375,0.029321533,0.03176499,-0.052534413
136.0,0.9672575,-1.4197617,9.476251,0.02076942,0.021991149,-0.058643065
148.0,1.0486604,-1.4269443,9.516952,0.010995574,0.017104227,-0.06841691
156.0,1.0414777,-1.5729905,9.600749,0.0061086523,0.019547688,-0.073303826
167.0,0.90261406,-1.6041151,9.603143,0.013439035,0.02321288,-0.07574729
176.0,0.9576807,-1.6807296,9.629479,0.032986723,0.021991149,-0.07819075
186.0,0.8403648,-1.6232687,9.629479,0.062308256,0.015882496,-0.081855945
196.0,0.91458505,-1.6567876,9.552865,0.105068825,0.012217305,-0.08307768
208.0,0.9648633,-1.673547,9.576807,0.13805555,0.008552114,-0.07941248
217.0,0.91697925,-1.5059528,9.651027,0.14782938,0.010995574,-0.07696902
226.0,0.9720459,-1.472434,9.715671,0.14049901,0.014660766,-0.07941248
237.0,0.9576807,-1.4460979,9.76116,0.12095132,0.021991149,-0.080634214
247.0,1.0175357,-1.5586253,9.818622,0.09407325,0.034208454,-0.07086037
257.0,0.93613285,-1.5873557,9.861717,0.07574729,0.04642576,-0.058643065
269.0,0.9744401,-1.6519991,9.883265,0.07452556,0.057421334,-0.05375614
276.0,0.9576807,-1.6304513,9.856929,0.09040806,0.06963864,-0.052534413
287.0,0.91458505,-1.5394717,9.816227,0.10140363,0.0842994,-0.05131268
297.0,0.79966336,-1.496376,9.768343,0.09285152,0.09773844,-0.05009095
307.0,0.78050977,-1.2593501,9.830592,0.05497787,0.11728613,-0.04886922
317.0,0.6991069,-1.2569559,9.883265,-0.008552114,0.13316862,-0.04520403
328.0,0.7230489,-1.4053963,10.012551,-0.081855945,0.15271631,-0.029321533
336.0,0.80445176,-1.496376,10.247183,-0.14782938,0.17470746,0.0036651916
348.0,0.7541735,-1.8267759,10.433931,-0.18692477,0.20280726,0.04642576
357.0,0.7302315,-2.1428106,10.620679,-0.2003638,0.23823744,0.09162979
367.0,0.6536171,-2.3175871,10.809821,-0.18936823,0.27977628,0.14049901
377.0,0.62009823,-2.4612393,10.82658,-0.15882497,0.32375857,0.18325958
388.0,0.46926352,-2.3391352,10.754754,-0.11362094,0.3652974,0.21135938
397.0,0.40940848,-2.111686,10.704475,-0.065973446,0.4092797,0.2321288
407.0,0.30406362,-2.0470424,10.517728,-0.04153884,0.45937067,0.26267207
417.0,0.18914193,-1.9440918,10.42196,-0.056199603,0.50946164,0.30909783
427.0,0.12928689,-1.8363527,10.575189,-0.10751228,0.56321776,0.35063666
437.0,0.047884032,-1.7980455,10.5704,-0.17348573,0.61575216,0.37140608
449.0,0.045489833,-1.7597382,10.649409,-0.24678956,0.67073005,0.37751472
457.0,-0.12210429,-1.7405846,10.481815,-0.31520647,0.73426,0.38606682
468.0,-0.272939,-1.8866309,10.481815,-0.33475417,0.79045963,0.39706242
477.0,-0.29688102,-1.9129672,10.508151,-0.3213151,0.8393288,0.39950588
487.0,-0.33758244,-2.0159178,10.429143,-0.2883284,0.89919364,0.38362336
497.0,-0.35434186,-1.9991584,10.307038,-0.23335053,0.95172805,0.36163223
508.0,-0.47644615,-1.7310078,10.16578,-0.17348573,1.0103711,0.3323107
517.0,-0.5243302,-1.3215994,10.16578,-0.12461651,1.0690142,0.2968805
527.0,-0.7302315,-1.2282255,10.230424,-0.118507855,1.1252137,0.25045475
537.0,-0.79008657,-1.3311762,10.326192,-0.16982053,1.1899655,0.19058995
548.0,-0.9696517,-1.1923125,10.426748,-0.2773328,1.2840388,0.12705997
557.0,-1.2354081,-1.0821792,10.433931,-0.41050145,1.4037683,0.07696902
568.0,-1.4293385,-1.2641385,10.3932295,-0.48502702,1.4660766,0.043982297
579.0,-1.6041151,-1.4556746,10.352529,-0.52412236,1.500285,0.018325957
590.0,-1.5945383,-1.6160861,10.30225,-0.5497787,1.5430456,0.0
601.0,-1.5658079,-1.7908629,10.096349,-0.54000485,1.5699236,-0.007330383
611.0,-1.6208745,-1.8363527,9.854534,-0.49235737,1.5906931,-0.008552114
621.0,-1.6448165,-1.9201498,9.655815,-0.44715336,1.627345,-0.009773844
631.0,-1.7477672,-2.1140802,9.751583,-0.43860126,1.6835446,-0.007330383
639.0,-1.9393034,-2.3080103,9.974244,-0.47403142,1.7458528,0.0012217305
652.0,-2.0685902,-2.2840683,9.938332,-0.5045747,1.8240436,0.008552114
660.0,-2.1787236,-2.3678656,9.679757,-0.5045747,1.8240436,0.008552114
670.0,-2.207454,-2.4109612,9.454702,-0.44715336,1.8423696,0.007330383
681.0,-2.3630772,-2.456451,9.143456,-0.3640757,1.8411479,0.010995574
692.0,-2.4827871,-2.5019407,8.817844,-0.29810223,1.8460348,0.02687807
700.0,-2.6910827,-2.315193,8.825027,-0.25045475,1.858252,0.05375614
711.0,-2.9233203,-2.4732103,8.872911,-0.20647246,1.8606955,0.081855945
721.0,-2.9616275,-2.5139117,8.865729,-0.16737708,1.8594738,0.111177474
730.0,-3.1842883,-2.4061728,8.226477,-0.06841691,1.8399261,0.15393804
740.0,-3.335123,-2.3223755,7.728483,0.043982297,1.8191566,0.16737708
753.0,-3.5984852,-2.1667526,7.477092,0.172264,1.7873917,0.17470746
758.0,-3.7134068,-2.1284454,7.5321584,0.28344148,1.7385225,0.18692477
771.0,-3.8977604,-2.348712,7.2592196,0.37751472,1.6896533,0.21868975
780.0,-3.8738184,-2.4396915,7.067683,0.46914452,1.6285667,0.24923302
790.0,-4.027047,-2.4061728,7.0221934,0.57787853,1.5589281,0.24312437
801.0,-4.0940847,-2.303222,6.873753,0.72692966,1.4941764,0.22357668
812.0,-4.2664676,-2.2146366,6.6870055,0.91751957,1.4294246,0.21746802
820.0,-4.465186,-2.183512,6.71813,1.1508701,1.3573426,0.20280726
831.0,-4.5441947,-1.9967642,6.691794,1.3952162,1.2608259,0.1685988
840.0,-4.5992613,-1.6160861,6.6534867,1.6016886,1.1606439,0.14660765
853.0,-4.596867,-1.3359646,6.4260373,1.7397442,1.0567969,0.13194689
860.0,-4.6495395,-1.115698,6.217742,1.7849482,0.9492846,0.111177474
873.0,-4.6710877,-0.89303726,5.9280434,1.7324139,0.84299403,0.080634214
879.0,-4.807557,-0.7326257,5.616797,1.5882497,0.7305948,0.062308256
891.0,-4.987122,-0.61291564,5.475539,1.3878858,0.61819565,0.062308256
900.0,-4.975151,-0.61770403,5.3462524,1.1508701,0.5021312,0.07819075
911.0,-5.0541596,-0.49081135,5.2863975,0.90408057,0.3811799,0.09407325
921.0,-5.032612,-0.47884035,5.2983685,0.68294734,0.25534168,0.10262536
932.0,-4.9895163,-0.39025488,5.2983685,0.5021312,0.119729586,0.105068825
940.0,-4.9559975,-0.47165772,5.48751,0.37507126,-0.02443461,0.10873401
952.0,-4.867412,-0.5434838,5.746084,0.29932398,-0.17470746,0.1160644
961.0,-4.7907977,-0.62249243,6.0884547,0.267559,-0.32986724,0.12339478
971.0,-4.7046065,-0.6536171,6.337452,0.25045475,-0.48502702,0.12950343
980.0,-4.6495395,-0.5626374,6.4308257,0.22724187,-0.63285637,0.13683382
991.0,-4.644751,-0.81163436,6.399701,0.18936823,-0.7623598,0.14294247
1000.0,-4.6351743,-0.8379706,6.301539,0.12217305,-0.8784242,0.15027285
1011.0,-4.663905,-1.0151415,6.1938,0.036651913,-0.98471475,0.172264
1021.0,-4.63278,-1.1061212,6.196194,-0.034208454,-1.0861185,0.20769419
1030.0,-4.6016555,-1.1731589,6.2847795,-0.087964594,-1.1801916,0.25167647
1041.0,-4.414908,-0.9624691,6.5601125,-0.15760323,-1.2632693,0.3005457
1052.0,-4.271256,-0.7422025,6.9120603,-0.2284636,-1.346347,0.34697145
1062.0,-4.1060557,-0.8643068,7.2472486,-0.28955013,-1.4343116,0.3885103
1074.0,-3.9456444,-0.9576807,7.505822,-0.33964106,-1.5039502,0.43493605
1078.0,-3.775656,-1.091756,7.869741,-0.35918877,-1.5650368,0.47036624
1122.0,-3.7684734,-1.1228806,8.145074,-0.32986724,-1.6310102,0.48747048
1122.0,-3.5984852,-1.151611,8.243237,-0.24678956,-1.6884315,0.50335294
1122.0,-3.6032736,-1.13964,8.348581,-0.10995574,-1.7470746,0.52290064
1122.0,-3.550601,-0.9911995,8.552089,0.040317107,-1.7959439,0.5448918
1128.0,-3.3063924,-0.8451532,8.611943,0.16615535,-1.8191566,0.58032197
1138.0,-3.1771057,-0.6536171,8.724471,0.26145032,-1.8374827,0.6291912
1150.0,-3.074155,-0.44771573,8.796297,0.31031954,-1.8289305,0.6768387
1159.0,-2.9759927,-0.35434186,8.925584,0.32498032,-1.8118263,0.7110472
1170.0,-2.861071,-0.19632454,9.172187,0.31031954,-1.7947221,0.7281514
1179.0,-2.7102363,-0.22505496,9.299079,0.28710666,-1.7788396,0.7293731
1189.0,-2.5139117,-0.2896984,9.433155,0.27855456,-1.7715092,0.7257079
1200.0,-2.327164,-0.23702596,9.500193,0.27855456,-1.7715092,0.72082096
1209.0,-2.2218192,-0.035913024,9.619903,0.25778514,-1.7592919,0.71959925
1220.0,-2.1260512,0.14604631,9.710882,0.21013765,-1.7324139,0.7098254
1230.0,-1.9440918,0.2896984,9.880871,0.16615535,-1.6933185,0.6963864
1240.0,-1.7788919,0.36391866,9.947908,0.14294247,-1.645671,0.68783426
1253.0,-1.6519991,0.35434186,9.993398,0.13805555,-1.600467,0.68416905
1262.0,-1.472434,0.5315128,10.381259,0.13072516,-1.5589281,0.66950834
1271.0,-1.316811,0.5746084,10.46745,0.103847094,-1.4990633,0.64751714
1282.0,-1.2354081,0.545878,10.6158905,0.06719518,-1.4428637,0.6291912
1293.0,-1.0319009,0.4189853,10.754754,0.02076942,-1.3805555,0.59986967
1300.0,-0.9600749,0.18914193,10.833763,0.02321288,-1.3060299,0.55833083
1311.0,-0.8858546,0.11252748,10.716447,0.081855945,-1.2486086,0.516792
1322.0,-0.8523358,0.23702596,10.553641,0.14782938,-1.2034045,0.4813618
1332.0,-0.81642276,0.45010993,10.3453455,0.19914207,-1.1545353,0.45814893
1350.0,-0.7206547,0.6368576,10.400413,0.21746802,-1.1032226,0.43371433
1351.0,-0.56982,0.5650316,10.644621,0.20280726,-1.0482447,0.4092797
1359.0,-0.33758244,0.49559975,9.919178,0.15882497,-0.98715824,0.38728857
1372.0,0.19153613,0.38307226,10.79785,0.112399206,-0.91996306,0.35918877
1381.0,0.02633622,0.94092125,11.6669445,-0.087964594,-0.8344419,0.31764993
1392.0,-0.30885202,1.6567876,12.406754,-0.4447099,-0.61575216,0.25900686
1400.0,-0.1340753,1.1803415,12.8448925,-0.6939429,-0.42271876,0.13316862
1412.0,-0.1388637,0.272939,13.120225,-0.77824235,-0.2761111,0.02565634
1420.0,-0.33039984,0.074220255,12.744335,-0.7330383,-0.105068825,-0.04642576
1431.0,-0.59136784,0.1364695,12.040441,-0.5338962,0.0061086523,-0.10873401
1441.0,-0.6895301,0.11252748,11.317391,-0.28099802,0.07696902,-0.15271631
1453.0,-0.6799533,-0.04309563,10.805033,-0.059864793,0.14049901,-0.18325958
1460.0,-0.60333884,0.12210429,10.465055,0.062308256,0.18203785,-0.1966986
1472.0,-0.4309563,0.30406362,10.06283,0.08307768,0.2321288,-0.18692477
1482.0,-0.4285621,0.36391866,9.921572,0.056199603,0.2773328,-0.17592919
1492.0,-0.4333505,0.19871874,9.813833,-0.007330383,0.31764993,-0.17715092
1501.0,-0.4309563,0.15801731,9.77792,-0.09896017,0.35185838,-0.18325958
1512.0,-0.50517654,0.01436521,9.7324295,-0.18936823,0.36774087,-0.17470746
1522.0,-0.46208093,-0.11971009,9.818622,-0.26145032,0.37140608,-0.15271631
1532.0,-0.44532153,-0.2633622,10.012551,-0.2932153,0.37140608,-0.14172074
1540.0,-0.3878607,-0.18435353,10.292673,-0.27000242,0.36774087,-0.15882497
1552.0,-0.45010993,0.062249243,10.517728,-0.20769419,0.41538838,-0.17592919
1562.0,-0.6655881,0.02873042,11.140221,-0.21991149,0.48380527,-0.14294247
1572.0,-0.62728083,-0.14604631,11.417948,-0.24556783,0.54611355,-0.1160644
1581.0,-0.62249243,-0.22266077,11.580753,-0.26633725,0.6059783,-0.12461651
1592.0,-0.7062895,-0.16280572,11.501745,-0.28588495,0.6792821,-0.15027285
1602.0,-0.82599956,-0.038307227,11.549629,-0.3200934,0.77091193,-0.16493362
1612.0,-0.9648633,-0.1604115,11.494562,-0.36285394,0.8772025,-0.16982053
1622.0,-1.1444284,-0.32561144,11.434708,-0.39950588,0.9773844,-0.16982053
1631.0,-1.3335704,-0.5243302,11.374852,-0.42271876,1.0690142,-0.17715092
1641.0,-1.4532804,-0.48602295,11.370064,-0.41783184,1.1533136,-0.19425514
1654.0,-1.5682021,-0.5363012,11.183316,-0.3726278,1.2278391,-0.20647246
1660.0,-1.5442601,-0.5243302,11.145009,-0.30298916,1.3072516,-0.20769419
1671.0,-1.541866,-0.6991069,10.828975,-0.22602014,1.382999,-0.19914207
1682.0,-1.8148049,-0.7302315,10.611102,-0.17470746,1.4709635,-0.19425514
1692.0,-1.7980455,-0.7110779,10.453085,-0.15393804,1.5467108,-0.20891592
1701.0,-1.9895816,-0.79966336,10.232818,-0.15393804,1.6114625,-0.23701571
1712.0,-2.1619642,-0.79008657,9.888053,-0.18936823,1.6688838,-0.25778514
1722.0,-2.3774424,-0.7517793,9.65821,-0.23701571,1.7214183,-0.2687807
1732.0,-2.4732103,-0.6919243,9.411607,-0.2565634,1.7629571,-0.2761111
1741.0,-2.5833437,-0.92895025,9.344569,-0.2406809,1.7983873,-0.2761111
1752.0,-2.6479871,-1.1061212,9.356541,-0.204029,1.8191566,-0.25778514
1762.0,-2.719813,-1.340753,9.25359,-0.15882497,1.8399261,-0.23090707
1773.0,-2.8203697,-1.4197617,9.121908,-0.0842994,1.8558086,-0.21502456
1780.0,-2.9712043,-1.2545617,8.832211,0.012217305,1.8545868,-0.22235495
1791.0,-3.1292217,-1.067814,8.468291,0.105068825,1.8497,-0.24190263
1803.0,-3.2992098,-0.9504981,8.295909,0.17104226,1.8497,-0.25045475
1812.0,-3.526659,-0.9959879,8.130709,0.19792034,1.844813,-0.23579398
1820.0,-3.6032736,-1.1420342,7.908048,0.19181168,1.8289305,-0.21624629
1832.0,-3.7253778,-1.2066777,7.8266454,0.16615535,1.8032742,-0.19914207
1842.0,-3.8498764,-1.3120226,7.668628,0.14294247,1.7641789,-0.18203785
1852.0,-3.964798,-1.3192052,7.728483,0.14782938,1.7128662,-0.15760323
1860.0,-4.0797195,-1.364695,7.6351094,0.19425514,1.6566665,-0.13316862
1871.0,-4.209007,-1.4077905,7.5824366,0.28710666,1.600467,-0.10995574
1881.0,-4.2999864,-1.3958195,7.5824366,0.4092797,1.5430456,-0.087964594
1895.0,-4.4005427,-1.4748282,7.548918,0.54244834,1.4892895,-0.06963864
1901.0,-4.43885,-1.163582,7.240066,0.6768387,1.4318681,-0.057421334
1911.0,-4.6232033,-0.80684596,6.9120603,0.766025,1.3768903,-0.05131268
1922.0,-4.8267107,-0.5602432,6.6486983,0.7770206,1.3255776,-0.042760566
1932.0,-4.9344497,-0.60333884,6.445191,0.70249504,1.2644911,-0.018325957
1941.0,-4.9895163,-0.59376204,6.459556,0.5681047,1.1972959,0.017104227
1953.0,-5.106832,-0.58657944,6.181829,0.4202753,1.1178834,0.05131268
1961.0,-5.195418,-0.48362875,5.961562,0.2919936,1.0323622,0.06719518
1972.0,-5.3366756,-0.33997664,5.884948,0.18936823,0.9431759,0.07086037
1982.0,-5.351041,-0.34955344,5.781997,0.119729586,0.8503244,0.07941248
1992.0,-5.4444146,-0.50996494,5.770026,0.089186326,0.7415904,0.10262536
2001.0,-5.475539,-0.51235914,5.6766524,0.08674286,0.625526,0.118507855
2014.0,-5.5042696,-0.34955344,5.5856724,0.10262536,0.5009095,0.12339478
2021.0,-5.583278,-0.079008654,5.3127337,0.12095132,0.376293,0.12583824
2031.0,-5.595249,0.12210429,5.0302176,0.119729586,0.25167647,0.13194689
2044.0,-5.7005944,0.37588966,4.687847,0.087964594,0.12339478,0.13683382
2055.0,-5.729325,0.4165911,4.4675803,0.02321288,-0.013439035,0.14294247
2062.0,-5.734113,0.29927522,4.5154643,-0.064751714,-0.16249016,0.14660765
2077.0,-5.6359506,0.08140286,4.6519337,-0.14172074,-0.32253686,0.14782938
2081.0,-5.535394,-0.2896984,4.855441,-0.18325958,-0.48991394,0.14294247
2120.0,-5.315128,-0.39025488,5.1642933,-0.19181168,-0.6621779,0.1282817
2120.0,-5.1523223,-0.60094464,5.4563856,-0.16737708,-0.8258898,0.111177474
2120.0,-5.011064,-0.7086837,5.6766524,-0.13072516,-0.9932669,0.10873401
2120.0,-4.9081135,-0.7374141,5.7748146,-0.10629055,-1.1349876,0.11728613
2130.0,-4.9057193,-0.40222588,5.865794,-0.08552113,-1.2583824,0.1282817
2140.0,-4.9799395,-0.18674773,5.9639564,-0.06352998,-1.3683381,0.14905111
2151.0,-4.9105077,-0.22026655,6.0764837,-0.081855945,-1.46852,0.19425514
2160.0,-4.697424,-0.4357447,6.38773,-0.15515977,-1.5552629,0.23945917
2170.0,-4.572925,-0.6536171,6.55293,-0.23579398,-1.640784,0.26145032
2181.0,-4.426879,-0.61530983,6.909666,-0.2883284,-1.7263051,0.267559
2192.0,-4.1611223,-0.7613561,7.1873937,-0.2919936,-1.8118263,0.28221974
2201.0,-3.8953662,-0.61052144,7.405266,-0.24678956,-1.8936822,0.30787608
2211.0,-3.679888,-0.6488287,7.764396,-0.17715092,-1.9620992,0.3323107
2222.0,-3.4859576,-0.6775591,8.027759,-0.09285152,-2.0195205,0.3481932
2231.0,-3.3183637,-0.5722142,8.0684595,-0.012217305,-2.0647244,0.3652974
2243.0,-3.277662,-0.4405331,8.221688,0.034208454,-2.098933,0.38240165
2253.0,-3.1866825,-0.34476504,8.336611,0.021991149,-2.112372,0.38728857
2262.0,-2.956839,-0.29448682,8.688558,-0.039095376,-2.1148155,0.38240165
2271.0,-2.6767175,-0.5243302,9.188946,-0.14294247,-2.1062634,0.38973203
2283.0,-2.3463178,-0.7326257,9.964667,-0.25167647,-2.0708332,0.41783184
2293.0,-2.1380222,-0.93852705,10.682928,-0.30665436,-2.0182989,0.44104472
2303.0,-2.0901382,-1.055843,10.994174,-0.24923302,-1.9498819,0.44959682
2313.0,-1.9249382,-0.9744401,11.228806,-0.105068825,-1.8753563,0.44348818
2323.0,-2.0111294,-0.82599956,11.085154,0.09773844,-1.7922786,0.4373795
2332.0,-2.0087352,-0.7517793,10.967838,0.31642818,-1.7153096,0.44104472
2343.0,-2.042254,-0.37588966,10.6877165,0.45937067,-1.645671,0.43860126
2353.0,-1.9967642,-0.088585466,10.46745,0.48624873,-1.5149459,0.41172317
2363.0,-1.9129672,0.34955344,10.472239,0.48624873,-1.5149459,0.41172317
2374.0,-1.3144168,0.63206923,10.726024,0.22479841,-1.3585643,0.37507126
2383.0,-1.1659763,0.48841715,11.089942,0.0720821,-1.2571607,0.37384954
2392.0,-1.0390835,0.10534488,11.473015,-0.04886922,-1.1582005,0.36651915
2404.0,-1.0845734,0.016759412,11.532869,-0.105068825,-1.0567969,0.3481932
2414.0,-1.055843,0.0047884034,11.401189,-0.095294975,-0.96883225,0.32742378
2422.0,-1.0342951,0.016759412,10.984597,-0.061086524,-0.89675015,0.31764993
2434.0,-1.151611,0.20590134,10.579977,-0.047647487,-0.829555,0.30909783
2443.0,-1.2641385,0.39264908,10.031705,-0.0720821,-0.7684685,0.28955013
2454.0,-1.316811,0.59615624,9.394848,-0.13194689,-0.7244862,0.25778514
2463.0,-1.2976574,0.7541735,9.16261,-0.21380283,-0.6988298,0.21624629
2472.0,-1.2162545,0.7134721,8.506598,-0.29443705,-0.6792821,0.17470746
2483.0,-0.7757214,0.545878,9.291897,-0.3555236,-0.6646214,0.13927728
2493.0,-0.89782566,0.7182605,10.333375,-0.48502702,-0.6414085,0.103847094
2504.0,-0.89303726,0.59615624,11.252748,-0.61819565,-0.5510005,0.09407325
2513.0,-0.61052144,0.011971008,11.722012,-0.6658431,-0.45937067,0.034208454
2524.0,-0.33758244,-0.58418524,11.7387705,-0.5448918,-0.39706242,-0.05131268
