21.0,-0.557849,-0.18674773,9.840169,0.14172074,-0.79534656,0.3640757
38.0,-0.557849,-0.18674773,9.840169,0.14172074,-0.79534656,0.3640757
38.0,-0.7517793,-0.770933,9.832987,0.16493362,0.12705997,-0.06719518
59.0,-0.4237737,-1.1133038,9.770737,-0.02321288,-0.26267207,-0.267559
59.0,-0.20590134,-1.1803415,9.828198,-0.095294975,-0.40439278,-0.30543262
68.0,-0.37110126,-1.340753,9.895236,0.0,0.43982297,0.059864793
78.0,-0.48362875,-1.4269443,9.890448,0.04642576,0.28344148,0.062308256
87.0,-0.30645782,-1.4197617,9.854534,0.12583824,0.11362094,0.021991149
97.0,-0.34955344,-1.3072342,9.725247,0.20647246,0.105068825,0.004886922
107.0,-0.39504328,-1.151611,9.68694,0.2602286,0.11484267,-0.0036651916
120.0,-0.5506664,-0.9911995,9.6845455,0.2761111,0.13439035,0.0061086523
127.0,-0.533907,-0.9720459,9.610326,0.26511553,0.15271631,0.02321288
138.0,-0.6823475,-0.92895025,9.7563715,0.2406809,0.1563815,0.034208454
147.0,-0.6703765,-0.80445176,9.720459,0.20769419,0.15882497,0.04153884
158.0,-0.6440403,-0.81402856,9.689334,0.16737708,0.1563815,0.05497787
170.0,-0.8451532,-0.7206547,9.703699,0.12217305,0.15393804,0.07574729
180.0,-0.89543146,-0.7565677,9.718064,0.07819075,0.14905111,0.09407325
188.0,-0.89782566,-0.6967127,9.682152,0.036651913,0.13927728,0.10629055
198.0,-0.91937345,-0.61291564,9.653421,0.009773844,0.12339478,0.119729586
208.0,-0.82599956,-0.59615624,9.674969,-0.004886922,0.111177474,0.13072516
220.0,-0.8403648,-0.6344634,9.813833,-0.018325957,0.10751228,0.14294247
228.0,-0.7589619,-0.7445967,9.80665,-0.036651913,0.10995574,0.1563815
239.0,-0.8571242,-0.7134721,9.799467,-0.05131268,0.11728613,0.1685988
247.0,-0.91458505,-0.5482722,9.753978,-0.05497787,0.12095132,0.17104226
258.0,-0.8403648,-0.47884035,9.588778,-0.06352998,0.12217305,0.17104226
269.0,-0.82121116,-0.4333505,9.696517,-0.09040806,0.12461651,0.18081611
279.0,-0.6560113,-0.46447513,9.607931,-0.14049901,0.13683382,0.19792034
288.0,-0.6512229,-0.58418524,9.667787,-0.19303341,0.16615535,0.22235495
300.0,-0.6895301,-0.6727707,9.921572,-0.2321288,0.20891592,0.24190263
308.0,-0.78050977,-0.770933,10.3453455,-0.2284636,0.25778514,0.25411993
319.0,-0.8523358,-0.7230489,10.58716,-0.22602014,0.2932153,0.25900686
328.0,-0.91219085,-0.34237084,10.869676,-0.28344148,0.3359759,0.24923302
338.0,-0.94570965,-0.1436521,11.054029,-0.42271876,0.39461896,0.22479841
348.0,-1.0103531,-0.095768064,11.135432,-0.625526,0.44959682,0.20891592
359.0,-1.0342951,-0.4357447,11.063606,-0.87109387,0.50823987,0.21624629
368.0,-1.0582372,-0.8643068,11.044453,-1.1178834,0.5839872,0.26511553
379.0,-1.115698,-1.3790601,10.888829,-1.314582,0.65240407,0.3371976
388.0,-1.151611,-1.8579005,10.625467,-1.4184291,0.7147123,0.37995818
398.0,-1.3670892,-2.087744,10.575189,-1.4318681,0.7831292,0.38240165
408.0,-1.4772224,-2.1164744,10.529699,-1.4013249,0.8552113,0.3652974
419.0,-1.6280571,-1.9728222,10.431537,-1.346347,0.91629785,0.3567453
428.0,-1.6472107,-2.2026656,10.486604,-1.3011429,0.9786061,0.37140608
438.0,-1.7477672,-2.3319526,10.692505,-1.2889256,1.0665708,0.40439278
448.0,-1.9201498,-2.8634653,10.642226,-1.2718215,1.1508701,0.44226643
459.0,-2.1164744,-3.145981,10.685322,-1.2767084,1.2327261,0.44593164
468.0,-2.3702598,-3.2848446,10.716447,-1.2534955,1.3292428,0.42271876
480.0,-2.60968,-3.347094,10.702082,-1.1753048,1.4001031,0.37507126
488.0,-2.72939,-3.4332852,10.709264,-1.0238101,1.4440855,0.3213151
498.0,-2.6288335,-3.763685,10.529699,-0.8258898,1.473407,0.3042109
508.0,-2.6120741,-3.7732618,10.266336,-0.6169739,1.5210545,0.33964106
519.0,-2.822764,-3.7852328,10.014946,-0.3848451,1.6029104,0.40194935
528.0,-3.1842883,-3.5817258,9.931149,-0.12461651,1.6811012,0.4373795
539.0,-3.5362358,-3.1028855,9.725247,0.09162979,1.7214183,0.4092797
548.0,-3.667917,-2.825158,9.619903,0.21746802,1.7458528,0.35063666
559.0,-3.6894648,-2.4349031,9.452309,0.27122417,1.7776178,0.31398472
568.0,-3.7660792,-2.2481554,9.289502,0.2846632,1.8289305,0.30543262
579.0,-3.7325604,-2.0039468,8.971074,0.28221974,1.8790215,0.31398472
588.0,-3.7565024,-1.8770541,8.63828,0.26633725,1.9205604,0.33841935
600.0,-3.9001546,-1.9656396,8.3390045,0.23945917,1.9596558,0.37140608
608.0,-4.0414124,-2.0159178,8.118738,0.204029,1.998751,0.39584067
619.0,-4.268862,-2.1883004,7.8649526,0.18570304,2.0317378,0.40194935
628.0,-4.43885,-2.2409728,7.711724,0.18936823,2.0476203,0.40561453
639.0,-4.630386,-2.147599,7.680599,0.21991149,2.043955,0.39584067
649.0,-4.7764325,-2.1643584,7.5824366,0.3005457,2.0415115,0.38362336
661.0,-4.853047,-2.243367,7.381324,0.4092797,2.0231857,0.39095375
670.0,-4.9464207,-2.2242134,7.165846,0.535118,1.9926424,0.408058
681.0,-4.9583917,-2.15957,6.8761473,0.6621779,1.9547688,0.40561453
690.0,-5.116409,-2.0254946,6.543353,0.7770206,1.9168952,0.3811799
701.0,-5.2049947,-1.6927006,6.303933,0.8588765,1.8741345,0.35185838
711.0,-5.401319,-1.4460979,6.1387334,0.90041536,1.8338175,0.32375857
722.0,-5.5258174,-1.3096284,6.009446,0.9089675,1.7922786,0.30787608
732.0,-5.6766524,-1.3335704,5.7748146,0.8686504,1.7385225,0.3115413
740.0,-5.7484784,-1.2497733,5.595249,0.79534656,1.6737708,0.31642818
752.0,-5.8322754,-1.0654198,5.497087,0.72692966,1.6102408,0.29932398
760.0,-5.920861,-0.9576807,5.279215,0.6743952,1.5296066,0.26511553
772.0,-6.0621185,-0.9528923,5.1523223,0.6267477,1.4428637,0.23823744
784.0,-6.2392898,-1.0462662,5.032612,0.5852089,1.346347,0.23335053
791.0,-6.217742,-1.0534488,4.9703627,0.5656612,1.2425,0.2284636
802.0,-6.181829,-1.0103531,4.853047,0.5815437,1.142318,0.21746802
811.0,-6.1770406,-1.0702082,4.8123455,0.6243043,1.0372492,0.20158553
823.0,-6.279991,-1.1300632,4.6399627,0.675617,0.93218035,0.18936823
831.0,-6.3206925,-0.9672575,4.5322237,0.70616025,0.8258898,0.17348573
842.0,-6.4380083,-0.7637503,4.453215,0.7147123,0.7257079,0.1441642
852.0,-6.5864487,-0.6775591,4.357447,0.7122689,0.6169739,0.11484267
861.0,-6.6391215,-0.5554548,4.2999864,0.689056,0.5021312,0.1001819
872.0,-6.6510925,-0.35194764,4.1659107,0.6243043,0.3885103,0.080634214
882.0,-6.694188,-0.2633622,4.0677485,0.42271876,0.14905111,0.034208454
892.0,-6.7229185,-0.24181437,3.9336734,0.42271876,0.14905111,0.034208454
903.0,-6.6534867,-0.29448682,3.9959226,0.29810223,0.013439035,0.007330383
912.0,-6.588843,-0.29927522,3.9121256,0.18081611,-0.118507855,-0.017104227
922.0,-6.5577183,-0.24420857,3.9480386,0.02321288,-0.3848451,-0.07086037
933.0,-6.4284315,-0.29927522,4.1276035,-0.021991149,-0.50946164,-0.09773844
942.0,-6.3230867,-0.4429273,4.295198,-0.052534413,-0.6291912,-0.112399206
953.0,-6.291962,-0.6823475,4.5082817,-0.06841691,-0.7489208,-0.119729586
962.0,-6.205771,-0.8571242,4.5753193,-0.062308256,-0.86620694,-0.13561209
971.0,-6.203377,-0.842759,4.6160207,-0.04642576,-0.9810496,-0.15760323
983.0,-6.191406,-0.8355764,4.6136265,-0.037873644,-1.0934488,-0.17104226
992.0,-6.145916,-0.79726917,4.6471453,-0.04153884,-1.2082914,-0.17348573
1001.0,-6.093243,-0.6775591,4.8267107,-0.057421334,-1.3133603,-0.16493362
1012.0,-5.9687448,-0.7422025,5.0661306,-0.07696902,-1.4049901,-0.15515977
1023.0,-5.8562174,-0.81163436,5.3941364,-0.1001819,-1.4966198,-0.15027285
1032.0,-5.6790466,-0.91219085,5.616797,-0.14660765,-1.5845845,-0.14172074
1042.0,-5.530606,-0.8283938,5.901707,-0.20891592,-1.65911,-0.13316862
1050.0,-5.473145,-0.9528923,6.2752028,-0.267559,-1.7214183,-0.13194689
1074.0,-5.446809,-1.1180922,6.64391,-0.3213151,-1.7751744,-0.13194689
1074.0,-5.377377,-1.292869,6.8426285,-0.37751472,-1.8277088,-0.12461651
1082.0,-5.2026005,-1.1228806,6.931214,-0.43127087,-1.8887954,-0.12217305
1089.0,-5.0397944,-1.0510546,6.9168487,-0.47403142,-1.9425515,-0.12705997
1101.0,-4.939238,-1.0103531,6.921637,-0.49602258,-1.9865338,-0.119729586
1110.0,-4.735731,-1.271321,6.9479733,-0.49480084,-2.0329595,-0.095294975
1120.0,-4.537012,-1.6208745,7.1873937,-0.45448375,-2.0793853,-0.056199603
1130.0,-4.417302,-1.9009962,7.536947,-0.3652974,-2.1111503,-0.02321288
1142.0,-4.1395745,-1.8124107,8.058883,-0.21991149,-2.1319196,-0.004886922
1150.0,-3.8546648,-1.7477672,8.35337,-0.05375614,-2.1453588,0.004886922
1160.0,-3.6894648,-1.5562311,8.669404,0.08674286,-2.1526892,0.02443461
1171.0,-3.4955344,-1.6136919,8.90643,0.15760323,-2.1502457,0.056199603
1183.0,-3.3327289,-1.7310078,9.0716305,0.17592919,-2.125811,0.09285152
1194.0,-3.2369606,-1.7621324,9.141062,0.17592919,-2.1001546,0.13072516
1201.0,-3.1028855,-1.5346833,9.136273,0.16493362,-2.085494,0.1563815
1212.0,-2.918532,-1.3742718,9.356541,0.15393804,-2.0683897,0.172264
1223.0,-2.7389667,-1.5442601,9.576807,0.1563815,-2.0512855,0.2003638
1232.0,-2.480393,-1.8363527,9.974244,0.17104226,-2.0109684,0.24556783
1241.0,-2.3247697,-1.946486,10.390836,0.21624629,-1.9572122,0.267559
1253.0,-2.1739352,-1.9632454,10.766725,0.3359759,-1.9022343,0.24678956
1263.0,-1.9153614,-1.9919758,10.845734,0.5131268,-1.8533652,0.21868975
1272.0,-1.7669208,-1.6065093,10.819398,0.66339964,-1.8032742,0.22113322
1283.0,-1.5993267,-1.0582372,10.3692875,0.7293731,-1.7470746,0.2321288
1290.0,-1.541866,-0.59615624,10.000581,0.6927212,-1.6872098,0.23945917
1306.0,-1.5610195,-0.45250413,9.842564,0.5534439,-1.6151277,0.25534168
1312.0,-1.6376339,-0.2681506,9.818622,0.3555236,-1.5430456,0.2883284
1322.0,-1.4628572,-0.31603462,10.031705,0.14782938,-1.4636332,0.32498032
1332.0,-1.340753,-0.5291186,10.551247,-0.018325957,-1.4062119,0.35430184
1342.0,-1.115698,-0.8643068,10.941502,-0.103847094,-1.3341297,0.36651915
1352.0,-1.0031705,-1.0055647,11.085154,-0.080634214,-1.2669345,0.35796702
1360.0,-0.85473,-0.93373865,11.168951,0.015882496,-1.2266175,0.32375857
1372.0,-0.7541735,-0.80924016,11.099519,0.14660765,-1.1594223,0.2761111
1384.0,-0.80445176,-0.6631939,10.857705,0.27855456,-1.0983357,0.23823744
1389.0,-0.8619126,-0.3878607,10.79785,0.36896262,-1.0299188,0.20525073
1401.0,-0.8403648,-0.090979666,10.654198,0.4092797,-0.9627236,0.172264
1410.0,-0.842759,0.17717093,10.6637745,0.40439278,-0.89919364,0.15393804
1420.0,-0.6991069,0.11252748,10.699687,0.35185838,-0.8381071,0.1600467
1430.0,-0.50517654,0.14604631,10.783484,0.2602286,-0.7733554,0.17715092
1441.0,-0.18435353,-0.0047884034,10.572795,0.1600467,-0.7098254,0.18570304
1449.0,-0.19871874,-0.4189853,10.577583,0.10995574,-0.6047566,0.19425514
1459.0,-0.61770403,0.4429273,12.2559185,0.08307768,-0.4886922,0.21135938
1469.0,-0.5291186,1.1324574,12.571953,-0.013439035,-0.3567453,0.08307768
1480.0,-0.22505496,0.47644615,12.732365,-0.1160644,-0.22113322,-0.056199603
1489.0,-0.2896984,-0.24899697,12.899959,-0.13805555,-0.073303826,-0.036651913
1500.0,-0.61770403,-0.047884032,12.509704,-0.089186326,0.056199603,-0.0012217305
1510.0,-0.6464345,0.5267244,11.777079,-0.105068825,0.111177474,-0.087964594
1520.0,-0.6560113,0.62009823,11.219229,-0.19303341,0.1600467,-0.20158553
1529.0,-0.6392518,0.06703765,10.891224,-0.30787608,0.24190263,-0.21013765
1539.0,-0.7158663,-0.3854665,10.726024,-0.4092797,0.31398472,-0.15149458
1548.0,-0.6823475,-0.5793968,10.656591,-0.4569272,0.3652974,-0.12217305
1559.0,-0.6727707,-0.59615624,10.55843,-0.453262,0.39828414,-0.1282817
1569.0,-0.61770403,-0.7086837,10.608707,-0.43982297,0.43982297,-0.118507855
1579.0,-0.5770026,-0.8403648,10.8624935,-0.41050145,0.49357912,-0.08552113
1588.0,-0.7086837,-1.0366893,11.403583,-0.3286455,0.5681047,-0.057421334
1598.0,-0.90021986,-1.1659763,11.805809,-0.20769419,0.65484756,-0.039095376
1608.0,-0.9792285,-1.2785037,11.947066,-0.06841691,0.74036866,-0.02321288
1620.0,-1.0486604,-1.0414777,11.939884,0.07819075,0.8185594,-0.010995574
1631.0,-1.1587936,-0.62488663,11.736377,0.19058995,0.8906415,-0.019547688
1638.0,-1.2162545,-0.2896984,11.71004,0.2125811,0.9822713,-0.04642576
1674.0,-1.3000516,-0.47884035,11.566388,0.14782938,1.0934488,-0.062308256
1674.0,-1.2976574,-0.7589619,11.482592,0.059864793,1.2119566,-0.047647487
1674.0,-1.3838485,-0.9768343,11.362882,0.02321288,1.3231341,-0.028099801
1863.0,-1.5801731,-0.9744401,11.066,0.05497787,1.4062119,-0.029321533
1863.0,-1.7836803,-0.79008657,10.749966,0.105068825,1.4660766,-0.043982297
1863.0,-1.8579005,-0.7589619,10.488997,0.13316862,1.5247196,-0.052534413
1863.0,-1.9656396,-0.9792285,10.388441,0.14172074,1.582141,-0.04642576
1863.0,-2.1021092,-1.1875241,10.31901,0.17592919,1.6346754,-0.02687807
1863.0,-2.0901382,-1.1324574,10.407595,0.24556783,1.6701056,0.0
1863.0,-2.1691468,-0.9648633,10.34774,0.35430184,1.690875,0.015882496
1863.0,-2.2625206,-0.7422025,10.086772,0.46914452,1.7140878,0.02321288
1863.0,-2.3535004,-0.51475334,9.646238,0.54733527,1.7421877,0.021991149
1863.0,-2.6647465,-0.40462008,9.294291,0.6084218,1.7739527,0.013439035
1864.0,-3.0071173,-0.4333505,9.004593,0.6988298,1.8057177,-0.002443461
1864.0,-2.954445,-0.40940848,8.865729,0.72082096,1.8142698,0.0012217305
1864.0,-3.0334535,-0.25857377,8.944737,0.7330383,1.8216002,0.002443461
1864.0,-3.2561142,-0.15801731,8.825027,0.7330383,1.8301523,0.0036651916
1864.0,-3.4596214,-0.11252748,8.619126,0.6951646,1.8350391,0.0036651916
1864.0,-3.632004,-0.031124622,8.616732,0.62796944,1.8399261,-0.009773844
1864.0,-3.8426938,0.02633622,8.520964,0.5656612,1.844813,-0.02443461
1864.0,-3.9001546,-0.1340753,8.319851,0.5143485,1.8387043,-0.015882496
1864.0,-4.0414124,-0.09816227,7.979874,0.4801401,1.8277088,0.007330383
1878.0,-4.1036615,0.07182605,7.7213006,0.46303585,1.8106046,0.010995574
1880.0,-4.24492,0.107739076,7.48188,0.44837508,1.7922786,-0.002443461
1945.0,-4.3837833,0.08379706,7.2831616,0.4447099,1.7776178,-0.009773844
1945.0,-4.4819455,0.035913024,6.9623384,0.45937067,1.7482964,-0.002443461
1945.0,-4.6686935,0.01436521,6.88333,0.47769663,1.7116444,-0.0012217305
1945.0,-4.7764325,0.07182605,6.7229185,0.49968776,1.672549,-0.017104227
1945.0,-4.951209,0.17477672,6.658275,0.5204572,1.6261233,-0.035430185
1945.0,-5.1020436,0.35434186,6.5122285,0.5290093,1.5784758,-0.052534413
1949.0,-5.197812,0.45010993,6.217742,0.52656585,1.5247196,-0.07452556
1959.0,-5.2983685,0.50038815,6.021417,0.5045747,1.4624114,-0.09162979
1969.0,-5.4061074,0.5746084,5.9663506,0.46303585,1.3952162,-0.09896017
1981.0,-5.499481,0.50757074,5.93762,0.42394048,1.3267993,-0.10751228
1989.0,-5.4539914,0.39025488,5.7604494,0.39706242,1.2522738,-0.10995574
1999.0,-5.535394,0.34715924,5.6239796,0.36896262,1.17897,-0.119729586
2009.0,-5.650316,0.36870706,5.544971,0.35308012,1.102001,-0.14294247
2019.0,-5.8226986,0.4333505,5.29358,0.344528,1.0177015,-0.15760323
2030.0,-5.971139,0.34955344,5.068525,0.312763,0.9309586,-0.16493362
2040.0,-6.05733,0.40222588,4.939238,0.2761111,0.8405506,-0.17470746
2049.0,-6.1770406,0.48841715,4.747702,0.24678956,0.7367035,-0.18448131
2059.0,-6.277597,0.61052144,4.5992613,0.21624629,0.6230826,-0.19058995
2069.0,-6.3206925,0.7015011,4.441244,0.17837265,0.50823987,-0.18692477
2080.0,-6.303933,0.6727707,4.2640734,0.1282817,0.38606682,-0.17715092
2089.0,-6.2967505,0.5386954,4.1611223,0.07086037,0.25900686,-0.16737708
2102.0,-6.2368956,0.50278234,4.134786,0.010995574,0.12461651,-0.15882497
2110.0,-6.289568,0.32321724,4.1611223,-0.05009095,-0.02321288,-0.14905111
2120.0,-6.191406,0.38067806,4.1276035,-0.09896017,-0.1685988,-0.14294247
2130.0,-6.167464,0.4405331,4.2999864,-0.14049901,-0.3115413,-0.14172074
2140.0,-6.114791,0.33039984,4.441244,-0.18692477,-0.45081854,-0.14049901
2150.0,-5.997475,0.18435353,4.6255975,-0.24190263,-0.57787853,-0.13439035
2160.0,-5.959168,-0.033518825,4.7429137,-0.2773328,-0.70371675,-0.13072516
2170.0,-5.995081,0.023942016,4.76925,-0.2932153,-0.8222246,-0.13194689
2181.0,-5.9807158,0.22984336,4.805163,-0.3115413,-0.93218035,-0.13927728
2272.0,-5.925649,0.32800564,4.999093,-0.34208453,-1.0299188,-0.13805555
2273.0,-5.865794,0.16280572,5.2385135,-0.37751472,-1.1215485,-0.118507855
2273.0,-5.7843914,0.06943185,5.5497594,-0.41416663,-1.2009611,-0.09773844
2273.0,-5.781997,-0.062249243,5.851429,-0.43004912,-1.2705997,-0.089186326
2273.0,-5.7389016,-0.1340753,6.1004257,-0.42149702,-1.3365731,-0.087964594
2273.0,-5.7029886,0.021547815,6.471527,-0.41050145,-1.4013249,-0.09285152
2273.0,-5.473145,0.031124622,6.8809357,-0.41050145,-1.4575244,-0.10262536
2273.0,-5.327099,0.0023942017,7.1730285,-0.4129449,-1.505172,-0.10629055
2273.0,-5.1355624,-0.01436521,7.3789296,-0.41783184,-1.5393804,-0.10140363
2281.0,-5.17387,0.038307227,7.589619,-0.4251622,-1.5564847,-0.103847094
2290.0,-5.0900726,-0.019153614,7.7093296,-0.43004912,-1.5711454,-0.1160644
2303.0,-4.939238,-0.18674773,7.7931266,-0.44226643,-1.5833627,-0.112399206
2310.0,-4.7500963,-0.44532153,7.867347,-0.4654793,-1.5931365,-0.0842994
2320.0,-4.55856,-0.6775591,8.26239,-0.47036624,-1.5980235,-0.058643065
2330.0,-4.3957543,-0.82599956,8.441956,-0.44593164,-1.5906931,-0.043982297
2340.0,-4.1611223,-0.89543146,8.690952,-0.4007276,-1.5784758,-0.02443461
2350.0,-4.098873,-0.8738836,8.803479,-0.34574974,-1.568702,-0.009773844
2359.0,-4.012682,-0.7062895,8.872911,-0.29932398,-1.5613716,-0.002443461
2370.0,-4.0054994,-0.6584055,8.803479,-0.28099802,-1.5467108,0.007330383
2380.0,-3.9025488,-0.7254431,8.889671,-0.29810223,-1.53205,0.028099801
2394.0,-3.739743,-0.8523358,8.870518,-0.33353242,-1.518611,0.058643065
2406.0,-3.5434184,-0.92176765,8.870518,-0.36774087,-1.5112807,0.0842994
2409.0,-3.3303347,-0.92895025,9.227253,-0.39584067,-1.4990633,0.1001819
2420.0,-3.1483753,-0.9600749,9.603143,-0.4007276,-1.4758505,0.112399206
2430.0,-2.9472623,-1.163582,9.876082,-0.36041048,-1.4416419,0.13927728
2440.0,-2.8060043,-1.292869,9.998186,-0.29810223,-1.4086553,0.16615535
2450.0,-2.7629087,-1.2114661,10.180145,-0.23090707,-1.3695599,0.17104226
2462.0,-2.6503813,-1.0773908,10.16578,-0.16615535,-1.3267993,0.17348573
2471.0,-2.6048915,-1.0390835,9.991004,-0.11484267,-1.2864822,0.19425514
2483.0,-2.597709,-0.89543146,9.67018,-0.09162979,-1.2620476,0.22113322
2491.0,-2.56419,-0.7517793,9.524135,-0.111177474,-1.2412782,0.23945917
2505.0,-2.4612393,-0.59376204,9.531317,-0.16615535,-1.2229522,0.25167647
2527.0,-2.3702598,-0.4261679,9.631873,-0.22968534,-1.2021828,0.26633725
2527.0,-2.1978772,-0.40940848,9.859323,-0.27977628,-1.1899655,0.28588495
