53.0,0.39504328,-0.39983168,9.983821,-0.11362094,-0.17470746,-0.14782938
53.0,0.6344634,-0.557849,10.208876,0.16493362,0.13194689,-0.04886922
53.0,0.9576807,-0.5363012,10.15381,0.002443461,-0.2602286,-0.24923302
84.0,1.0103531,-0.58418524,10.084377,-0.10140363,-0.40561453,-0.2724459
84.0,0.82360536,-0.5674258,9.9550905,-0.0036651916,0.3921755,0.05497787
84.0,0.5602432,-0.61530983,9.787497,-0.02687807,0.43493605,0.010995574
91.0,0.4333505,-0.59615624,9.720459,0.017104227,0.081855945,-0.05497787
98.0,0.50278234,-0.4189853,9.5385,0.058643065,0.047647487,-0.021991149
109.0,0.63206923,-0.29209262,9.478644,0.062308256,0.029321533,-0.028099801
118.0,0.58418524,-0.20350714,9.414001,0.029321533,0.02565634,-0.04520403
129.0,0.5793968,-0.30645782,9.502586,-0.018325957,0.034208454,-0.05131268
138.0,0.32321724,-0.30645782,9.560047,-0.064751714,0.02687807,-0.04153884
150.0,0.47405192,-0.2873042,9.512163,-0.12705997,0.008552114,-0.02443461
160.0,0.47884035,-0.37349546,9.622296,-0.204029,0.004886922,-0.008552114
169.0,0.4405331,-0.48123455,9.6845455,-0.2761111,0.012217305,-0.0012217305
178.0,0.39743748,-0.63206923,9.861717,-0.3323107,0.028099801,0.008552114
190.0,0.34715924,-0.8595184,10.014946,-0.35796702,0.047647487,0.02687807
199.0,0.2633622,-0.9624691,10.067618,-0.35063666,0.061086524,0.05375614
212.0,0.22505496,-1.0726024,10.079589,-0.31764993,0.06719518,0.07941248
219.0,0.22744916,-0.92655605,10.13705,-0.2846632,0.07452556,0.095294975
229.0,0.2896984,-0.89782566,10.163386,-0.28221974,0.09040806,0.11362094
239.0,0.24660277,-0.91937345,10.261548,-0.3371976,0.118507855,0.14172074
249.0,0.2825158,-0.91697925,10.453085,-0.43249258,0.15393804,0.17348573
260.0,0.35194764,-1.0342951,10.752359,-0.54367006,0.20158553,0.20525073
270.0,0.39504328,-1.4077905,11.046846,-0.63529986,0.26145032,0.24678956
280.0,0.31603462,-1.8315643,11.027693,-0.7134906,0.31887165,0.30787608
290.0,0.20111294,-2.0949266,10.769119,-0.7806858,0.3885103,0.37140608
299.0,0.06943185,-2.2481554,10.563218,-0.8222246,0.45570546,0.40439278
310.0,-0.09816227,-2.4301147,10.192117,-0.81245077,0.49357912,0.39828414
320.0,-0.16759412,-2.4995465,10.242394,-0.77457714,0.50823987,0.37995818
330.0,-0.10055647,-2.5809495,10.477027,-0.75136423,0.5510005,0.36774087
339.0,0.059855044,-2.5115175,10.742783,-0.7330383,0.61575216,0.3652974
349.0,0.06703765,-2.4588451,11.149797,-0.70249504,0.689056,0.36163223
359.0,-0.06703765,-2.3343468,11.33894,-0.6585127,0.77579886,0.35918877
369.0,-0.21308395,-2.372654,11.073183,-0.59864795,0.86620694,0.3726278
379.0,-0.40222588,-2.420538,10.824186,-0.516792,0.93828905,0.3921755
392.0,-0.48602295,-2.645593,10.809821,-0.43004912,0.9932669,0.3921755
399.0,-0.59615624,-2.5809495,10.709264,-0.376293,1.0531317,0.3811799
410.0,-0.79487497,-2.5953147,10.333375,-0.3567453,1.1239921,0.38728857
420.0,-0.90740246,-2.4109612,10.151415,-0.3200934,1.1899655,0.40317106
430.0,-1.0582372,-2.3343468,9.940725,-0.26145032,1.2229522,0.40439278
440.0,-1.3239936,-2.2098482,10.342952,-0.19425514,1.2730432,0.38973203
451.0,-1.5729905,-1.8243817,10.527305,-0.112399206,1.3377949,0.3652974
460.0,-1.6232687,-1.7357962,11.405977,-0.052534413,1.3793337,0.37140608
470.0,-1.553837,-1.5275006,11.09473,-0.061086524,1.4343116,0.39828414
480.0,-1.6472107,-1.2904748,10.97502,-0.12461651,1.4880677,0.3933972
491.0,-1.8579005,-1.1492168,10.824186,-0.15149458,1.5796975,0.3555236
500.0,-2.135628,-1.0462662,10.381259,-0.08674286,1.6639969,0.29810223
511.0,-2.2385786,-1.0702082,10.141838,0.012217305,1.7165314,0.2602286
520.0,-2.396596,-1.0893618,10.115502,0.06963864,1.7690657,0.26511553
530.0,-2.4277205,-1.1659763,10.036493,0.089186326,1.8252654,0.28221974
540.0,-2.56419,-1.3575124,9.775525,0.12461651,1.8619173,0.27366763
550.0,-2.5450363,-1.3958195,9.61272,0.18325958,1.8924606,0.22602014
560.0,-2.6647465,-1.3958195,9.260772,0.2565634,1.9022343,0.1685988
571.0,-2.669535,-1.3910311,9.109938,0.3213151,1.9120082,0.13561209
580.0,-2.8203697,-1.3096284,8.853758,0.36163223,1.9242256,0.1282817
591.0,-3.0190883,-1.352724,8.614338,0.38362336,1.9352211,0.12095132
600.0,-3.1531637,-1.553837,8.432379,0.38728857,1.9352211,0.10751228
611.0,-3.3877954,-1.6400281,8.23366,0.37873647,1.9230038,0.09162979
623.0,-3.5434184,-1.6089035,7.965509,0.36285394,1.9046779,0.08552113
635.0,-3.727772,-1.5059528,7.740454,0.36774087,1.8741345,0.0842994
644.0,-3.821146,-1.4915876,7.479486,0.39461896,1.8289305,0.09162979
652.0,-3.904943,-1.5227122,7.4004774,0.41783184,1.7690657,0.111177474
663.0,-3.9264908,-1.6256629,7.1107793,0.408058,1.704314,0.13927728
673.0,-3.9312792,-1.6543933,6.95755,0.38973203,1.6383406,0.16982053
684.0,-4.0533834,-1.661576,6.6750345,0.3811799,1.5674802,0.18936823
695.0,-4.132392,-1.6208745,6.5122285,0.38973203,1.486846,0.2003638
703.0,-4.2664676,-1.4867992,6.3111157,0.39950588,1.3927728,0.20891592
713.0,-4.31914,-1.5346833,6.241684,0.40317106,1.2950343,0.22113322
723.0,-4.3287168,-1.4700398,6.0860605,0.39461896,1.1936307,0.23945917
732.0,-4.4220905,-1.5777789,5.959168,0.38973203,1.0922271,0.25045475
743.0,-4.644751,-1.4460979,5.813122,0.39706242,0.98837996,0.25289822
754.0,-4.6495395,-1.3359646,5.7748146,0.3933972,0.8735373,0.25778514
763.0,-4.687847,-1.3958195,5.6215854,0.37018433,0.7476991,0.2773328
772.0,-4.7022123,-1.2808979,5.482722,0.3286455,0.61941737,0.2883284
783.0,-4.8506527,-1.1228806,5.1930237,0.28221974,0.48991394,0.2687807
794.0,-4.9344497,-0.8331822,4.841076,0.24678956,0.344528,0.24190263
804.0,-4.987122,-0.61770403,4.5513773,0.2125811,0.19058995,0.21624629
814.0,-5.011064,-0.33997664,4.3598413,0.16249016,0.028099801,0.18570304
823.0,-5.0134583,-0.08379706,4.3526587,0.073303826,-0.1441642,0.1600467
833.0,-4.9081135,-0.16280572,4.367024,-0.04153884,-0.3200934,0.15027285
844.0,-4.7764325,-0.36152446,4.6040497,-0.13194689,-0.49480084,0.14294247
852.0,-4.6950297,-0.6368576,4.9775453,-0.18570304,-0.6646214,0.12461651
863.0,-4.620809,-0.94331545,5.4061074,-0.18936823,-0.829555,0.095294975
875.0,-4.4556093,-1.2617443,5.6551046,-0.15271631,-0.99204516,0.07086037
884.0,-4.3502645,-1.2952632,5.8226986,-0.13072516,-1.1337659,0.05009095
894.0,-4.4077253,-1.0606314,5.839458,-0.17348573,-1.3610078,0.012217305
904.0,-4.486734,-0.545878,6.1123967,-0.27122417,-1.459968,0.02321288
914.0,-4.256891,-0.6584055,6.2464724,-0.41050145,-1.5589281,0.059864793
923.0,-4.096479,-0.94092125,6.4739213,-0.5204572,-1.6432275,0.09407325
933.0,-4.0581717,-1.0893618,6.9982514,-0.57787853,-1.7189748,0.09896017
943.0,-3.8762126,-1.328782,7.6614456,-0.57787853,-1.7971655,0.087964594
952.0,-3.6391866,-1.5658079,8.075643,-0.5216789,-1.8741345,0.08552113
962.0,-3.41892,-1.8746599,8.396465,-0.44715336,-1.9352211,0.089186326
973.0,-3.3399115,-1.8962077,8.511387,-0.3640757,-1.9743165,0.08552113
984.0,-3.3207579,-1.6400281,8.851364,-0.26267207,-2.0060816,0.06719518
996.0,-3.086126,-1.3503298,8.916007,-0.15271631,-2.0305161,0.064751714
1004.0,-2.9616275,-1.1683705,9.093178,-0.07696902,-2.0366247,0.10751228
1013.0,-2.7629087,-1.30484,9.239224,-0.064751714,-2.0060816,0.18203785
1024.0,-2.755726,-1.5753847,9.435549,-0.07696902,-1.9669861,0.24801129
1034.0,-2.5809495,-1.8363527,9.646238,-0.089186326,-1.9437732,0.28588495
1044.0,-2.4971523,-1.8267759,9.801862,-0.09407325,-1.9278907,0.30909783
1054.0,-2.2888567,-1.7142484,10.000581,-0.08307768,-1.9120082,0.344528
1068.0,-2.1380222,-1.448492,10.43872,-0.052534413,-1.8936822,0.38240165
1072.0,-1.8962077,-1.3934253,10.718841,-0.002443461,-1.8668042,0.4092797
1137.0,-1.6496049,-1.3144168,10.907983,0.036651913,-1.8167132,0.4361578
1137.0,-1.5658079,-1.4197617,10.994174,0.073303826,-1.7519615,0.46914452
1137.0,-1.4173675,-1.3982137,11.073183,0.12950343,-1.6847663,0.49235737
1137.0,-1.3383588,-1.4341269,10.905589,0.18570304,-1.6102408,0.50579643
1137.0,-1.3311762,-1.4221559,10.67814,0.21746802,-1.5271631,0.52656585
1137.0,-1.3072342,-1.316811,10.603919,0.21135938,-1.4526376,0.548557
1143.0,-1.2880806,-1.0630256,10.577583,0.17715092,-1.3939945,0.55955255
1152.0,-1.2282255,-0.89064306,10.481815,0.12095132,-1.3316863,0.5656612
1162.0,-1.1252748,-0.89303726,10.8385515,0.061086524,-1.2779301,0.5717699
1174.0,-1.0055647,-0.8595184,10.876859,0.02687807,-1.2266175,0.5644395
1182.0,-0.81642276,-0.80205756,11.180922,0.052534413,-1.1704178,0.5363397
1194.0,-0.6536171,-0.93852705,11.235989,0.16249016,-1.1154399,0.49602258
1203.0,-0.39025488,-1.2090719,10.860099,0.35918877,-1.0458013,0.46792278
1213.0,-0.2657564,-1.1947067,10.666168,0.5644395,-0.9737192,0.4569272
1223.0,-0.39504328,-0.94092125,10.42196,0.7330383,-0.90408057,0.43249258
1234.0,-0.4309563,-0.5674258,10.184934,0.8356637,-0.8393288,0.40317106
1243.0,-0.4237737,-0.15083471,9.861717,0.8210029,-0.7831292,0.38240165
1253.0,-0.29209262,0.18674773,9.718064,0.66339964,-0.7293731,0.36285394
1264.0,-0.19871874,0.21787235,9.825804,0.4202753,-0.66950834,0.33353242
1274.0,-0.11492168,0.18914193,9.952697,0.14294247,-0.6267477,0.2932153
1284.0,-0.088585466,-0.0047884034,9.981427,-0.119729586,-0.58276546,0.2406809
1296.0,0.01436521,-0.29209262,10.295067,-0.29443705,-0.5363397,0.19914207
1305.0,-0.02873042,-0.5315128,10.58716,-0.3323107,-0.5045747,0.16737708
1314.0,0.2705448,-0.7469909,10.491392,-0.2321288,-0.4886922,0.15027285
1324.0,0.39025488,-0.6464345,11.233594,-0.08552113,-0.44959682,0.14172074
1333.0,0.24660277,0.095768064,11.556811,-0.06719518,-0.3811799,0.13439035
1344.0,0.24420857,0.33279404,11.528081,-0.13316862,-0.24312437,0.11728613
1356.0,0.2825158,-0.10295067,11.602302,-0.12339478,-0.14660765,0.06963864
1364.0,0.15801731,-0.18435353,11.599907,-0.080634214,-0.065973446,0.009773844
1374.0,0.17238252,0.0047884034,11.336545,-0.04886922,0.014660766,-0.047647487
1384.0,0.1436521,-0.04309563,10.939108,-0.008552114,0.065973446,-0.0720821
1396.0,0.15083471,-0.21308395,10.694899,0.029321533,0.10873401,-0.08674286
1405.0,0.15801731,-0.37349546,10.508151,0.04886922,0.14660765,-0.118507855
1415.0,0.15801731,-0.39983168,10.376471,0.07696902,0.17715092,-0.13805555
1425.0,0.19393034,-0.5267244,10.381259,0.12705997,0.204029,-0.112399206
1435.0,0.20350714,-0.5243302,10.240001,0.15882497,0.22968534,-0.073303826
1445.0,0.272939,-0.5434838,10.235212,0.15271631,0.2602286,-0.06352998
1453.0,0.23223756,-0.4285621,10.34774,0.1282817,0.29077184,-0.0720821
1464.0,0.12449849,-0.2896984,10.651803,0.080634214,0.3359759,-0.073303826
1476.0,0.047884032,-0.22744916,11.056423,0.009773844,0.39584067,-0.064751714
1484.0,0.0,-0.5554548,11.293449,-0.040317107,0.45814893,-0.061086524
1495.0,-0.019153614,-0.6536171,11.408371,-0.05131268,0.516792,-0.0720821
1505.0,-0.093373865,-0.5554548,11.492168,-0.036651913,0.5815437,-0.09896017
1515.0,-0.11252748,-0.45489833,11.417948,-0.008552114,0.6585127,-0.12095132
1525.0,-0.17477672,-0.50278234,11.32218,0.015882496,0.7464773,-0.12339478
1535.0,-0.2825158,-0.7182605,11.36767,0.04520403,0.8356637,-0.12095132
1545.0,-0.44771573,-0.7350199,11.171345,0.089186326,0.91629785,-0.13072516
1555.0,-0.5506664,-0.62967503,10.9343195,0.12339478,0.9932669,-0.15271631
1564.0,-0.7302315,-0.32321724,10.84334,0.12461651,1.0726794,-0.18081611
1574.0,-0.90979666,-0.21547815,10.783484,0.089186326,1.1472049,-0.1966986
1584.0,-0.94810385,-0.30645782,10.809821,0.021991149,1.2131784,-0.20525073
1597.0,-0.9648633,-0.46926352,10.860099,-0.047647487,1.2852604,-0.21502456
1604.0,-0.9648633,-0.5530606,10.685322,-0.089186326,1.3500122,-0.2406809
1615.0,-1.0414777,-0.6607997,10.441113,-0.09162979,1.4220943,-0.27000242
1625.0,-1.2904748,-0.7613561,10.170568,-0.06719518,1.486846,-0.28710666
1636.0,-1.4101849,-0.8762778,10.012551,-0.030543262,1.5564847,-0.29810223
1645.0,-1.5945383,-0.90261406,9.816227,0.012217305,1.6053538,-0.30298916
1656.0,-1.7597382,-0.93852705,9.64145,0.042760566,1.645671,-0.3042109
1666.0,-1.8148049,-0.7637503,9.270349,0.04886922,1.677436,-0.30543262
1676.0,-1.9440918,-0.5793968,9.246407,0.013439035,1.6969837,-0.30909783
1686.0,-2.087744,-0.6392518,9.198523,-0.05375614,1.7140878,-0.3042109
1696.0,-2.1452048,-0.7086837,9.241618,-0.20647246,1.7446312,-0.26267207
1705.0,-2.2744915,-0.90740246,8.9998045,-0.20647246,1.7446312,-0.26267207
1716.0,-2.6839,-1.2641385,8.808268,-0.19058995,1.7592919,-0.2602286
1726.0,-2.8203697,-1.2976574,8.635885,-0.10629055,1.7458528,-0.2602286
1735.0,-2.9903579,-1.2569559,8.444349,-0.002443461,1.7238617,-0.2406809
1746.0,-3.0693667,-1.1204864,8.327033,0.08674286,1.6945401,-0.21624629
1756.0,-3.064578,-1.055843,8.204929,0.15271631,1.6627752,-0.20647246
1766.0,-3.1028855,-0.9935937,8.013393,0.19425514,1.6310102,-0.20647246
1776.0,-3.1962593,-0.91219085,7.896077,0.19792034,1.6041322,-0.20158553
1786.0,-3.3854012,-0.90979666,7.800309,0.17470746,1.5748106,-0.19303341
1797.0,-3.4500446,-1.0965444,7.7069354,0.15027285,1.5393804,-0.18081611
1806.0,-3.6128504,-1.0175357,7.599196,0.12950343,1.4953982,-0.17715092
1815.0,-3.6966474,-0.9600749,7.45315,0.12339478,1.4477507,-0.18081611
1826.0,-3.8857894,-0.93373865,7.285556,0.13927728,1.3988814,-0.18570304
1835.0,-4.0462008,-0.92176765,7.1275387,0.14905111,1.3439035,-0.1881465
1844.0,-4.19943,-0.94092125,6.993463,0.15393804,1.2840388,-0.17959438
1854.0,-4.3622355,-0.866701,6.8426285,0.14294247,1.2156218,-0.16982053
1867.0,-4.5058875,-0.8475474,6.7923503,0.118507855,1.1398746,-0.16615535
1876.0,-4.5418005,-0.80445176,6.7133417,0.096516706,1.0580186,-0.15882497
1886.0,-4.6399627,-0.7589619,6.5265937,0.065973446,0.97005403,-0.14049901
1898.0,-4.7500963,-0.7015011,6.3685765,0.034208454,0.88086766,-0.12583824
1904.0,-4.853047,-0.58897364,6.1243677,0.018325957,0.79045963,-0.12095132
1917.0,-5.0062757,-0.44771573,5.9304376,0.0061086523,0.6817256,-0.119729586
1927.0,-5.097255,-0.48362875,5.6982,-0.018325957,0.5729916,-0.111177474
1935.0,-5.092467,-0.49320555,5.559336,-0.05009095,0.4642576,-0.095294975
1946.0,-5.1642933,-0.5410896,5.353435,-0.0720821,0.35063666,-0.07941248
1957.0,-5.1906295,-0.45968673,5.4180784,-0.080634214,0.23335053,-0.0720821
1967.0,-5.2145715,-0.58657944,5.461174,-0.089186326,0.10262536,-0.073303826
1976.0,-5.1355624,-0.60094464,5.547365,-0.10751228,-0.040317107,-0.07941248
1986.0,-5.0134583,-0.61770403,5.765238,-0.14538592,-0.18936823,-0.089186326
1997.0,-4.900931,-0.8355764,6.0764837,-0.18203785,-0.34697145,-0.09773844
2007.0,-4.687847,-1.0007763,6.5337763,-0.22357668,-0.4886922,-0.09407325
2017.0,-4.6495395,-1.1252748,6.8689647,-0.24556783,-0.61453044,-0.09162979
2027.0,-4.685453,-1.1851299,6.679823,-0.23335053,-0.7318166,-0.10262536
2037.0,-4.8243165,-0.94570965,6.2464724,-0.19792034,-0.8368854,-0.1160644
2047.0,-4.9536033,-0.6823475,5.9926867,-0.15760323,-0.9297369,-0.10873401
2055.0,-4.8817773,-0.7637503,5.872977,-0.12705997,-1.0201449,-0.06719518
2073.0,-4.7788267,-0.866701,5.9663506,-0.1160644,-1.1178834,-0.013439035
2145.0,-4.6112323,-0.9888053,6.2967505,-0.14172074,-1.2131784,0.032986723
2145.0,-4.309563,-1.1755531,6.71813,-0.1881465,-1.3072516,0.065973446
2145.0,-4.060566,-1.2138603,7.249643,-0.24556783,-1.396438,0.07696902
2145.0,-3.9432502,-1.2114661,7.5441294,-0.29932398,-1.4746287,0.06719518
2145.0,-3.7732618,-1.1492168,7.615956,-0.3286455,-1.5479325,0.057421334
2145.0,-3.7660792,-0.89303726,7.750031,-0.33841935,-1.6077974,0.05497787
2145.0,-3.5913026,-0.7589619,7.819463,-0.32742378,-1.6664404,0.065973446
2145.0,-3.4261026,-0.8523358,7.9942393,-0.30298916,-1.7287487,0.096516706
2154.0,-3.1842883,-1.1755531,8.226477,-0.25900686,-1.7800614,0.13683382
2164.0,-3.0119057,-1.532289,8.264784,-0.19547687,-1.8228219,0.17348573
2175.0,-2.8491,-1.6519991,8.597578,-0.12217305,-1.8521434,0.20280726
2186.0,-2.6886885,-1.6567876,8.844181,-0.057421334,-1.8741345,0.22113322
2199.0,-2.420538,-1.4891934,9.181764,-0.012217305,-1.8961257,0.24190263
2204.0,-2.2026656,-1.3838485,9.425972,-0.010995574,-1.91323,0.2687807
2214.0,-1.958457,-1.2880806,9.476251,-0.047647487,-1.9095647,0.2932153
2225.0,-1.8722657,-1.2785037,9.56723,-0.09773844,-1.8887954,0.31031954
2235.0,-1.8794483,-1.1109096,9.765948,-0.1282817,-1.8643607,0.32375857
2245.0,-1.6472107,-1.2330139,9.907207,-0.1282817,-1.8350391,0.3481932
2255.0,-1.42455,-1.5634137,9.895236,-0.10751228,-1.8044959,0.3885103
2266.0,-1.3551182,-1.8411411,10.048465,-0.08307768,-1.7641789,0.42149702
2277.0,-1.2689269,-1.9416976,10.309433,-0.04153884,-1.7140878,0.42394048
2286.0,-1.1563994,-1.8722657,10.462662,0.032986723,-1.6762142,0.41050145
2297.0,-0.91937345,-1.6280571,10.46745,0.111177474,-1.6383406,0.408058
2305.0,-0.79966336,-1.3192052,10.493786,0.1441642,-1.5943583,0.42149702
2318.0,-0.7158663,-1.1228806,10.383653,0.12583824,-1.53205,0.42638394
2326.0,-0.59855044,-1.1468226,10.414778,0.06719518,-1.4611896,0.42271876
2335.0,-0.581791,-1.3215994,10.455479,0.0012217305,-1.396438,0.42760566
2346.0,-0.5434838,-1.3311762,10.43872,-0.039095376,-1.3377949,0.4361578
2356.0,-0.5243302,-1.2258313,10.335769,-0.02321288,-1.2901474,0.43127087
2366.0,-0.41180268,-1.1468226,10.484209,0.032986723,-1.2473868,0.4092797
2377.0,-0.37349546,-1.2761095,10.479421,0.087964594,-1.205848,0.3921755
2387.0,-0.24420857,-1.1540052,10.496181,0.13316862,-1.1667526,0.38362336
2398.0,-0.19871874,-1.0175357,10.54167,0.1881465,-1.1276573,0.3652974
2407.0,-0.05746084,-0.7038953,10.58716,0.24556783,-1.0958922,0.33108896
2416.0,0.110133275,-0.5530606,10.596737,0.27366763,-1.0567969,0.30909783
2426.0,0.24899697,-0.557849,10.704475,0.2846632,-1.0005972,0.30787608
2438.0,0.24899697,-0.7589619,10.642226,0.2883284,-0.9309586,0.30298916
2446.0,0.25378537,-0.79726917,10.548853,0.2932153,-0.86498517,0.28710666
2455.0,0.2753332,-0.80924016,10.311827,0.3005457,-0.81000733,0.27488935
2466.0,0.272939,-0.82121116,10.316615,0.29810223,-0.7611381,0.2602286
2477.0,0.39983168,-0.8810662,9.155427,0.27855456,-0.72204274,0.23823744
2487.0,0.80924016,-1.0055647,10.635044,0.29077184,-0.6927212,0.20525073
2498.0,0.60812724,-0.1340753,11.291056,-0.29565877,-0.4605924,0.15393804
2506.0,0.47405192,0.49320555,11.894394,-0.29565877,-0.4605924,0.15393804
