23.0,1.0319009,-1.2138603,10.000581,-0.2321288,0.019547688,-0.07452556
23.0,1.1827357,-1.2976574,10.086772,0.1600467,0.12583824,-0.05375614
36.0,1.1827357,-1.2976574,10.086772,0.1600467,0.12583824,-0.05375614
43.0,1.2282255,-1.1779473,10.048465,0.042760566,-0.24923302,-0.2883284
55.0,1.1994951,-1.1204864,10.13705,-0.119729586,-0.36285394,-0.39461896
64.0,1.2258313,-1.0055647,10.022128,-0.05131268,0.47769663,-0.09896017
74.0,1.2210429,-1.0654198,10.175357,-0.23579398,0.49235737,-0.25778514
83.0,1.328782,-1.2497733,10.412383,-0.2968805,0.40194935,-0.31398472
93.0,1.4700398,-1.9440918,10.807426,-0.31398472,0.47891834,-0.29810223
103.0,1.4556746,-2.1404164,11.104307,-0.2932153,0.56688297,-0.3005457
113.0,1.3718776,-2.2170308,11.44189,-0.26389378,0.64751714,-0.31642818
123.0,1.2641385,-2.1811178,11.774684,-0.24801129,0.7305948,-0.32742378
136.0,1.2497733,-2.2649148,12.23437,-0.23335053,0.83199847,-0.312763
143.0,1.364695,-2.5905263,12.543222,-0.20280726,0.93218035,-0.267559
154.0,1.4413095,-2.9951463,12.682086,-0.14538592,1.033584,-0.22479841
163.0,1.5227122,-3.1986535,12.629414,-0.06352998,1.1557571,-0.22357668
173.0,1.352724,-3.0382419,12.440272,0.017104227,1.282817,-0.26267207
183.0,1.103727,-2.8060043,12.117055,0.080634214,1.4001031,-0.29565877
195.0,0.80684596,-2.432509,11.662156,0.09285152,1.4990633,-0.29443705
203.0,0.58657944,-2.0925324,11.274296,0.04642576,1.5943583,-0.26511553
214.0,0.30406362,-1.9201498,10.893618,-0.04642576,1.6872098,-0.22724187
223.0,0.15562311,-1.8387469,11.044453,-0.16249016,1.7751744,-0.19792034
234.0,-0.39504328,-2.0254946,9.765948,-0.17470746,1.7654005,-0.2003638
244.0,0.031124622,-1.9177556,9.351752,-0.26145032,1.8655825,-0.19181168
254.0,-0.6512229,-1.4915876,9.433155,-0.3408628,1.9755383,-0.19792034
263.0,-1.3934253,-1.9991584,8.552089,-0.31031954,1.9743165,-0.20280726
273.0,-1.5227122,-2.3750482,8.652645,-0.09896017,1.9095647,-0.15393804
283.0,-1.769315,-2.0901382,8.6574335,0.009773844,1.8252654,-0.09407325
294.0,-1.7286136,-0.830788,8.578424,-0.09896017,1.8216002,-0.08307768
303.0,-2.087744,-0.36391866,8.973468,-0.37507126,1.9645426,-0.030543262
315.0,-2.882619,-0.8738836,9.251195,-0.6072,2.0366247,0.05497787
323.0,-3.3782187,-1.8171991,9.363723,-0.6963864,1.998751,0.11362094
334.0,-3.4524388,-2.3199813,9.40203,-0.6450737,1.9523253,0.13439035
343.0,-3.3375173,-2.042254,9.131485,-0.5766568,1.91323,0.13805555
354.0,-3.2968156,-1.5346833,8.832211,-0.5900958,1.8924606,0.16126843
364.0,-3.3542767,-1.2808979,8.248025,-0.67073005,1.9120082,0.22113322
375.0,-3.5793316,-1.5562311,8.025364,-0.77946407,1.9498819,0.30176744
383.0,-3.8426938,-2.0853498,8.298303,-0.8576548,1.9816469,0.36651915
394.0,-4.0940847,-2.6623523,8.700529,-0.84788096,1.9938642,0.408058
404.0,-4.1299977,-3.0621839,9.050082,-0.77213365,1.9926424,0.45814893
414.0,-4.268862,-3.0909145,9.088389,-0.6768387,1.9547688,0.49968776
423.0,-4.321534,-2.4468741,8.956709,-0.5864306,1.9242256,0.5021312
436.0,-4.3239284,-2.0901382,8.896853,-0.5290093,1.926669,0.5009095
444.0,-4.185065,-2.1883004,9.038112,-0.51923543,1.9682078,0.5656612
454.0,-4.223372,-2.8898015,8.841787,-0.5131268,2.0146337,0.6805039
464.0,-4.3119574,-3.1890767,8.540117,-0.46670106,2.0195205,0.74036866
474.0,-4.465186,-3.1435869,7.991845,-0.3811799,1.9694295,0.6927212
484.0,-4.6710877,-2.4492683,7.405266,-0.35185838,1.9352211,0.6267477
495.0,-4.8985367,-1.9488802,6.83784,-0.43004912,1.9364429,0.6389651
504.0,-5.094861,-1.8626889,6.4140663,-0.59498274,1.9462167,0.7098254
514.0,-5.183447,-2.15957,6.2225304,-0.74036866,1.9437732,0.7733554
524.0,-5.3725886,-2.6144683,6.0764837,-0.79412484,1.9083431,0.79045963
535.0,-5.463568,-2.633622,6.090849,-0.74281216,1.8399261,0.77824235
544.0,-5.592855,-2.5019407,6.0022635,-0.62796944,1.7519615,0.77457714
555.0,-5.6239796,-2.3127987,5.741296,-0.50946164,1.65911,0.7806858
564.0,-5.7508726,-2.0135236,5.363012,-0.43249258,1.577254,0.77457714
577.0,-5.8562174,-1.9680338,5.2720323,-0.37384954,1.5039502,0.7476991
586.0,-6.0645127,-2.0326772,4.9464207,-0.32498032,1.4184291,0.7147123
597.0,-6.205771,-1.922544,4.819528,-0.26267207,1.3182472,0.6805039
606.0,-6.2632318,-2.0015526,4.7189717,-0.16737708,1.2205088,0.65484756
616.0,-6.2464724,-1.8579005,4.534618,-0.057421334,1.1166617,0.62796944
627.0,-6.2752028,-1.8243817,4.417302,0.047647487,1.0140363,0.5876524
638.0,-6.421249,-1.6567876,4.2999864,0.11484267,0.9016371,0.54244834
646.0,-6.495469,-1.4221559,4.0821137,0.118507855,0.7867944,0.49235737
657.0,-6.519411,-1.2042835,3.857059,0.081855945,0.675617,0.43860126
665.0,-6.555324,-1.0175357,3.7493198,0.02321288,0.55955255,0.37995818
678.0,-6.612785,-1.0151415,3.5529952,-0.037873644,0.42638394,0.32253686
686.0,-6.670246,-1.0726024,3.4572272,-0.08674286,0.28221974,0.27000242
696.0,-6.6247563,-1.103727,3.3327289,-0.10140363,0.13194689,0.22113322
707.0,-6.6486983,-1.1851299,3.2393548,-0.064751714,-0.02687807,0.16982053
717.0,-6.6870055,-1.2785037,3.169923,0.004886922,-0.20280726,0.10995574
727.0,-6.670246,-1.1444284,2.9472623,0.07452556,-0.39095375,0.032986723
738.0,-6.6726403,-1.091756,2.7700913,0.13316862,-0.59742624,-0.05009095
747.0,-6.5720835,-1.2665327,2.8921957,0.17959438,-0.8063421,-0.11484267
758.0,-6.3709707,-1.5394717,3.016694,0.22113322,-1.0042624,-0.15393804
767.0,-6.172252,-1.8770541,3.0502129,0.2724459,-1.1997393,-0.19303341
776.0,-6.1195793,-1.7956513,3.1914709,0.3286455,-1.3817772,-0.23701571
787.0,-6.0597243,-1.697489,3.2920272,0.3652974,-1.5552629,-0.26267207
798.0,-5.896919,-1.4556746,3.3518825,0.3652974,-1.717753,-0.26145032
807.0,-5.781997,-1.3311762,3.6104562,0.33475417,-1.8790215,-0.24801129
816.0,-5.4563856,-1.3958195,3.976769,0.28588495,-2.01219,-0.23090707
827.0,-5.2241483,-1.6687586,4.405331,0.24312437,-2.130698,-0.21502456
838.0,-4.9775453,-1.8698715,4.9464207,0.20891592,-2.2516494,-0.21013765
847.0,-4.72376,-2.0350714,5.386954,0.18570304,-2.3518312,-0.21135938
857.0,-4.5298295,-2.1164744,5.705383,0.16493362,-2.4336872,-0.204029
867.0,-4.4460325,-2.0590134,5.9807158,0.15027285,-2.5118778,-0.19547687
876.0,-4.417302,-1.9201498,6.289568,0.13805555,-2.5864034,-0.17470746
888.0,-4.1826706,-1.7860745,6.3661823,0.11362094,-2.6584857,-0.13072516
895.0,-3.857059,-1.8459295,6.679823,0.08307768,-2.7097983,-0.07696902
907.0,-3.5434184,-2.0757728,6.9599442,0.064751714,-2.7415633,-0.021991149
919.0,-3.2034419,-2.087744,7.3430166,0.062308256,-2.7598891,0.02565634
926.0,-2.9735985,-1.9297266,7.6111674,0.007330383,-2.7623327,0.11484267
938.0,-2.8107927,-1.8243817,7.807492,0.007330383,-2.7623327,0.11484267
947.0,-2.6647465,-1.8579005,7.627927,-0.07574729,-2.7708848,0.16615535
957.0,-2.5689783,-2.0278888,7.5345526,-0.22235495,-2.791654,0.19914207
968.0,-2.3654714,-2.3080103,8.037335,-0.40439278,-2.787989,0.19914207
977.0,-1.9033904,-2.6527755,8.949526,-0.53878313,-2.7586675,0.17104226
987.0,-1.4580688,-2.8562827,9.832987,-0.40439278,-2.6340508,0.080634214
998.0,-0.7086837,-3.4452562,11.98298,-0.1563815,-2.5411994,0.064751714
1006.0,-0.5793968,-3.6391866,12.20564,0.09896017,-2.4544566,0.061086524
1017.0,-0.6799533,-3.3423057,12.162544,0.33353242,-2.3359487,0.04642576
1026.0,-0.7206547,-3.145981,12.299014,0.5766568,-2.1991148,0.059864793
1039.0,-0.85473,-3.1028855,12.030864,0.77579886,-2.080607,0.1282817
1047.0,-0.91937345,-3.0095115,11.968615,0.88453287,-1.9633209,0.2003638
1056.0,-0.8643068,-2.7341783,12.014104,0.90408057,-1.8509218,0.23945917
1087.0,-0.8619126,-2.3678656,11.932701,0.8063421,-1.7446312,0.2602286
1087.0,-0.79008657,-1.9009962,11.896789,0.6169739,-1.6236799,0.25411993
1087.0,-0.8331822,-1.4580688,12.042834,0.41050145,-1.4941764,0.23701571
1096.0,-0.6631939,-1.400608,12.243947,0.25534168,-1.351234,0.23823744
1106.0,-0.61530983,-1.4437037,12.346898,0.19914207,-1.2241739,0.24923302
1116.0,-0.6560113,-1.5849615,12.073959,0.23945917,-1.1264355,0.24312437
1126.0,-0.7493851,-1.5011644,11.621455,0.3200934,-1.0506883,0.21380283
1137.0,-0.6488287,-1.4437037,11.36767,0.4092797,-0.9627236,0.19058995
1145.0,-0.4261679,-1.2665327,10.263943,0.5119051,-0.8491027,0.18325958
1157.0,0.031124622,-1.4796166,10.517728,0.43127087,-0.71959925,0.17470746
1165.0,-0.6488287,0.045489833,12.263102,0.112399206,-0.49846604,0.09407325
1177.0,-0.5674258,1.3192052,12.923901,-0.267559,-0.2321288,-0.030543262
1188.0,-0.18914193,0.38307226,13.024457,-0.44959682,-0.030543262,-0.036651913
1198.0,-0.2753332,-1.3790601,13.220781,-0.44959682,0.15760323,-0.015882496
1209.0,-0.80924016,-1.6496049,12.737153,-0.3726278,0.23335053,-0.080634214
1218.0,-1.0223241,-1.0079589,11.858481,-0.2773328,0.24190263,-0.18448131
1226.0,-0.8475474,-0.7086837,10.953473,-0.20525073,0.28710666,-0.22479841
1236.0,-0.60812724,-1.0151415,10.426748,-0.14660765,0.36041048,-0.17959438
1245.0,-0.46208093,-1.532289,10.144233,-0.064751714,0.4373795,-0.12461651
1255.0,-0.28491,-1.721431,10.09156,0.015882496,0.48502702,-0.12095132
1265.0,-0.32321724,-1.5610195,10.259154,-0.002443461,0.5522222,-0.15027285
1275.0,-0.49320555,-1.163582,10.87207,-0.15149458,0.6646214,-0.15882497
1284.0,-0.50278234,-1.0989386,11.420342,-0.3371976,0.79290307,-0.13439035
1295.0,-0.50038815,-1.5107412,11.827356,-0.4373795,0.91629785,-0.118507855
1306.0,-0.6344634,-1.9129672,12.052411,-0.45204028,1.0152581,-0.13561209
1315.0,-0.7589619,-1.8674773,12.0093155,-0.4642576,1.0885619,-0.16493362
1324.0,-0.92655605,-1.661576,11.779472,-0.5045747,1.1728612,-0.17959438
1337.0,-1.1085154,-1.6065093,11.523293,-0.5448918,1.2681563,-0.16982053
1345.0,-1.1013328,-1.970428,11.360487,-0.54733527,1.3866642,-0.15027285
1355.0,-1.2234371,-2.315193,11.32218,-0.50335294,1.4758505,-0.12217305
1365.0,-1.3311762,-2.5474305,11.147403,-0.4288274,1.5613716,-0.103847094
1374.0,-1.364695,-2.5091233,10.960655,-0.33841935,1.640784,-0.09407325
1383.0,-1.4532804,-2.5091233,10.850522,-0.28344148,1.717753,-0.080634214
1394.0,-1.5442601,-2.4181437,10.704475,-0.26267207,1.7947221,-0.057421334
1403.0,-1.7429788,-2.456451,10.649409,-0.23823744,1.8521434,-0.029321533
1413.0,-1.7741034,-2.4588451,10.3214035,-0.2443461,1.8961257,-0.0012217305
1431.0,-1.9129672,-2.2720973,10.060435,-0.2846632,1.9547688,0.017104227
1435.0,-2.0566192,-2.2529438,9.727641,-0.33108896,2.0146337,0.034208454
1443.0,-2.2577322,-2.3654714,9.500193,-0.35796702,2.0635028,0.062308256
1491.0,-2.3774424,-2.5785553,9.375694,-0.34208453,2.094046,0.09896017
1492.0,-2.6048915,-2.719813,9.188946,-0.27366763,2.1025982,0.13561209
1492.0,-2.7222073,-2.8419175,8.889671,-0.16982053,2.1050417,0.16493362
1492.0,-2.8634653,-2.6408045,8.564059,-0.057421334,2.1038198,0.18325958
1500.0,-3.0071173,-2.4708161,8.331821,0.042760566,2.0928242,0.20647246
1622.0,-3.1890767,-2.3989902,8.0684595,0.09773844,2.0818288,0.2406809
1622.0,-3.2585084,-2.5139117,8.061277,0.12095132,2.0696115,0.27000242
1622.0,-3.3782187,-2.6767175,7.8050976,0.14049901,2.0390682,0.27977628
1622.0,-3.5889084,-2.6048915,7.651869,0.16249016,2.0011945,0.27000242
1622.0,-3.7493198,-2.408567,7.515399,0.17592919,1.9596558,0.26511553
1622.0,-3.9097314,-2.303222,7.2951326,0.16982053,1.9058995,0.2687807
1622.0,-4.0078936,-2.195483,7.3286514,0.17592919,1.8570304,0.28099802
1622.0,-4.010288,-2.2577322,7.2113357,0.17715092,1.8020525,0.30665436
1622.0,-3.9743748,-2.1212628,7.007828,0.1563815,1.7568485,0.3286455
1622.0,-4.06296,-2.1691468,6.88333,0.12339478,1.7165314,0.344528
1622.0,-4.3119574,-2.2505496,6.615179,0.06352998,1.6749926,0.3640757
1622.0,-4.630386,-2.2529438,6.3326635,-0.009773844,1.6310102,0.3640757
1638.0,-4.76925,-2.0685902,6.081272,-0.087964594,1.5748106,0.33841935
1638.0,-5.0038815,-1.721431,5.911284,-0.16615535,1.5088371,0.31887165
1667.0,-5.044583,-1.5921441,5.6215854,-0.2321288,1.4343116,0.31642818
1667.0,-5.058948,-1.6831238,5.6335564,-0.26389378,1.351234,0.30665436
1667.0,-5.185841,-1.6759412,5.4803276,-0.23823744,1.2547172,0.27977628
1688.0,-5.2528787,-1.5825673,5.281609,-0.17348573,1.1545353,0.24190263
1688.0,-5.353435,-1.3790601,5.085284,-0.09407325,1.0482447,0.2003638
1705.0,-5.4444146,-1.1683705,4.927267,-0.02321288,0.9297369,0.1685988
1705.0,-5.5976434,-1.0031705,4.771644,0.034208454,0.8026769,0.14294247
1714.0,-5.683835,-1.0606314,4.5992613,0.07452556,0.6743952,0.10140363
1724.0,-5.693412,-1.0462662,4.309563,0.10140363,0.5290093,0.042760566
1735.0,-5.837064,-0.8379706,3.9935284,0.11728613,0.3811799,-0.019547688
1760.0,-5.9304376,-0.6464345,3.7565024,0.11484267,0.21502456,-0.07941248
1760.0,-6.0166287,-0.5363012,3.7924154,0.07941248,0.03176499,-0.12705997
1769.0,-5.8322754,-0.6847417,3.904943,0.028099801,-0.15515977,-0.16371189
1774.0,-5.671864,-0.9504981,4.027047,-0.0012217305,-0.33964106,-0.21135938
1784.0,-5.5018754,-1.1204864,4.2066126,0.007330383,-0.5204572,-0.2761111
1795.0,-5.4922986,-1.340753,4.402937,0.037873644,-0.70738196,-0.32986724
1804.0,-5.425261,-1.5849615,4.453215,0.0720821,-0.8881981,-0.3640757
1819.0,-5.401319,-1.7477672,4.572925,0.112399206,-1.0531317,-0.39461896
1828.0,-5.305551,-1.8076223,4.697424,0.19914207,-1.3365731,-0.40439278
1835.0,-5.2002063,-1.9249382,4.9176903,0.19914207,-1.3365731,-0.40439278
1844.0,-5.1235914,-2.147599,5.233725,0.21991149,-1.4538593,-0.37384954
1854.0,-4.9919105,-2.2936451,5.4779334,0.2284636,-1.5601498,-0.34330627
1864.0,-4.987122,-2.3319526,5.6646814,0.16982053,-1.7519615,-0.312763
1878.0,-4.8937483,-2.2122424,5.7149596,0.096516706,-1.844813,-0.28588495
1885.0,-4.7405195,-2.2361844,6.1123967,0.015882496,-1.9278907,-0.24678956
1894.0,-4.5801077,-2.4612393,6.3087215,-0.039095376,-2.0073032,-0.2125811
1904.0,-4.27365,-2.4971523,6.5720835,-0.057421334,-2.07572,-0.1881465
1914.0,-3.9839516,-2.5115175,7.1371155,-0.040317107,-2.1184807,-0.16249016
1924.0,-3.7804444,-2.6360161,7.7332716,-0.002443461,-2.1368067,-0.12705997
1937.0,-3.632004,-2.7150247,8.0445175,0.042760566,-2.1563544,-0.1001819
1946.0,-3.53863,-2.4899697,8.099585,0.062308256,-2.171015,-0.089186326
1956.0,-3.53863,-2.2625206,8.350976,0.05009095,-2.1661282,-0.081855945
1966.0,-3.3135753,-2.3439236,8.724471,0.04520403,-2.149024,-0.05131268
1976.0,-3.1483753,-2.5929205,8.659827,0.05131268,-2.1465805,-0.007330383
1986.0,-3.0454245,-2.765303,8.664616,0.06841691,-2.140472,0.014660766
1998.0,-2.8323407,-2.767697,8.868123,0.10751228,-2.122146,0.018325957
2007.0,-2.6312277,-2.5785553,9.40203,0.15515977,-2.0867157,0.05009095
2016.0,-2.3295584,-2.80361,10.15381,0.22357668,-2.021964,0.112399206
2026.0,-2.0949266,-3.1028855,10.745177,0.32253686,-1.9559906,0.1563815
2038.0,-1.9153614,-3.0813377,10.742783,0.4202753,-1.9046779,0.15149458
2054.0,-1.9919758,-2.4995465,10.649409,0.4728097,-1.858252,0.12705997
2067.0,-2.018312,-2.0326772,10.3692875,0.43371433,-1.8081611,0.13561209
2067.0,-1.9800048,-1.8028339,9.986216,0.28955013,-1.7482964,0.18203785
2198.0,-1.8602947,-1.7070658,9.646238,0.07574729,-1.6957619,0.21868975
2198.0,-1.8004397,-1.4748282,9.488221,-0.13927728,-1.6493362,0.21624629
2198.0,-1.6424223,-1.3838485,9.856929,-0.29932398,-1.5992452,0.2003638
2198.0,-1.2952632,-1.7597382,10.225636,-0.37384954,-1.5296066,0.1966986
2198.0,-1.1300632,-2.1667526,10.388441,-0.3567453,-1.4660766,0.19792034
2198.0,-1.0103531,-2.3558946,10.6398325,-0.24678956,-1.409877,0.18692477
2198.0,-1.0103531,-2.4540567,11.054029,-0.09285152,-1.3414601,0.17470746
2198.0,-0.8738836,-2.6001031,11.259931,0.05131268,-1.2681563,0.18448131
2198.0,-0.79966336,-2.7246015,11.480197,0.16371189,-1.1972959,0.20158553
2198.0,-0.7565677,-2.633622,11.513716,0.24312437,-1.1227703,0.20158553
2198.0,-0.79248077,-2.2361844,11.303026,0.26633725,-1.0629056,0.18448131
2198.0,-0.8403648,-1.7764976,11.075577,0.21868975,-0.9859365,0.17470746
2198.0,-0.6847417,-1.6831238,11.235989,0.14905111,-0.8943067,0.1881465
2207.0,-0.5291186,-1.9201498,11.161768,0.12705997,-0.79412484,0.22113322
2257.0,0.110133275,-2.8754363,10.970232,0.15027285,-0.6560693,0.25045475
2257.0,-0.31124622,-2.645593,11.039664,0.087964594,-0.5412266,0.22602014
2257.0,-0.8810662,-1.0941502,12.548011,-0.065973446,-0.36774087,0.073303826
2257.0,-0.6799533,-0.6464345,12.615048,-0.21380283,-0.22968534,-0.02321288
2257.0,-0.4165911,-1.4269443,12.780249,-0.29077184,-0.08307768,0.004886922
2264.0,-0.7062895,-1.6807296,12.567164,-0.32742378,0.035430185,0.018325957
2274.0,-1.0319009,-1.3742718,11.925519,-0.33108896,0.08674286,-0.05009095
2284.0,-1.1085154,-1.0055647,11.034876,-0.2968805,0.11728613,-0.13072516
2296.0,-1.1324574,-1.1420342,10.292673,-0.26267207,0.15149458,-0.14294247
2304.0,-1.103727,-1.5849615,9.959879,-0.21135938,0.19303341,-0.095294975
2316.0,-1.13964,-1.9153614,9.883265,-0.11362094,0.20647246,-0.05131268
2324.0,-1.0534488,-1.946486,9.801862,-0.0012217305,0.1881465,-0.042760566
2335.0,-0.93373865,-1.8626889,9.631873,0.07574729,0.172264,-0.04642576
2344.0,-0.93134445,-1.6496049,9.591172,0.103847094,0.17348573,-0.032986723
2356.0,-0.91458505,-1.7381904,9.488221,0.10629055,0.18203785,0.002443461
2365.0,-0.81402856,-1.8746599,9.41879,0.10751228,0.18325958,0.037873644
2376.0,-0.80924016,-1.9871874,9.411607,0.12461651,0.17959438,0.05497787
2387.0,-0.7278373,-2.0805612,9.43076,0.15393804,0.17592919,0.058643065
2396.0,-0.7422025,-1.970428,9.423578,0.17348573,0.16982053,0.059864793
2406.0,-0.6560113,-1.970428,9.349358,0.17592919,0.16249016,0.07086037
2422.0,-0.7062895,-1.9249382,9.32781,0.16249016,0.16249016,0.07941248
2433.0,-0.6536171,-1.8818425,9.385271,0.15027285,0.16737708,0.08307768
2437.0,-0.59376204,-2.0494366,9.378088,0.15149458,0.15149458,0.09040806
2453.0,-0.6344634,-2.0015526,9.294291,0.16126843,0.13683382,0.09896017
2455.0,-0.5506664,-1.8770541,9.19134,0.17470746,0.11484267,0.09896017
2465.0,-0.5626374,-1.8148049,9.081207,0.17715092,0.09896017,0.089186326
2479.0,-0.6775591,-1.7405846,9.028535,0.16493362,0.087964594,0.07941248
2486.0,-0.7038953,-1.6472107,8.985439,0.14538592,0.07819075,0.062308256
2496.0,-0.78050977,-1.496376,8.930372,0.12583824,0.059864793,0.039095376
2506.0,-0.81163436,-1.5394717,8.995016,0.10751228,0.05009095,0.009773844
