24.0,0.8810662,-1.2282255,10.103531,-0.040317107,-0.6792821,0.017104227
24.0,0.8810662,-1.2282255,10.103531,-0.040317107,-0.6792821,0.017104227
85.0,1.0342951,0.02873042,9.809045,0.15393804,0.12950343,-0.07574729
85.0,0.7589619,0.38067806,9.847352,-0.02687807,-0.28588495,-0.26633725
85.0,0.46926352,0.25378537,9.892841,-0.06841691,-0.37018433,-0.30909783
85.0,0.5602432,-0.107739076,9.97185,0.0061086523,0.46181414,0.19303341
85.0,0.90740246,-0.47884035,9.916783,-0.09285152,0.5045747,0.21991149
85.0,1.2521675,-0.56982,9.947908,-0.18325958,0.35185838,-0.02443461
141.0,1.0845734,-0.6488287,10.01734,-0.20891592,0.24312437,-0.2443461
141.0,0.866701,-0.6727707,10.103531,-0.19181168,0.3042109,-0.22357668
141.0,0.61770403,-0.58418524,10.113108,-0.112399206,0.3286455,-0.10751228
141.0,0.60573304,-0.39743748,10.086772,-0.112399206,0.3286455,-0.10751228
141.0,0.7565677,-0.20111294,9.945514,-0.089186326,0.3042109,-0.18081611
147.0,0.92895025,-0.22984336,9.935937,-0.1001819,0.30176744,-0.26267207
154.0,0.9864111,-0.4333505,9.91439,-0.1282817,0.32253686,-0.28221974
163.0,0.89782566,-0.6967127,9.969456,-0.12339478,0.3481932,-0.2443461
173.0,0.82599956,-0.62488663,9.89763,-0.081855945,0.36041048,-0.21013765
183.0,0.85473,-0.5267244,9.871294,-0.03176499,0.36041048,-0.21624629
194.0,0.90261406,-0.37349546,9.871294,-0.0061086523,0.35308012,-0.24801129
203.0,0.8379706,-0.40222588,10.04607,-0.04520403,0.3726278,-0.27122417
214.0,0.82360536,-0.533907,10.242394,-0.06719518,0.38973203,-0.2602286
223.0,0.89543146,-0.6703765,10.431537,-0.06963864,0.40194935,-0.25411993
233.0,0.8810662,-0.8738836,10.551247,-0.058643065,0.4129449,-0.25167647
243.0,0.8834604,-0.91458505,10.596737,-0.039095376,0.43004912,-0.25167647
256.0,0.79726917,-0.8475474,10.551247,-0.017104227,0.4605924,-0.2565634
263.0,0.6823475,-0.79966336,10.757148,0.0012217305,0.49968776,-0.2724459
274.0,0.5674258,-0.79487497,11.008539,0.010995574,0.5448918,-0.2846632
283.0,0.62728083,-0.89782566,11.334151,0.008552114,0.59498274,-0.27122417
294.0,0.79008657,-0.9744401,11.621455,-0.013439035,0.6560693,-0.2284636
304.0,0.8738836,-1.0414777,11.884817,-0.03176499,0.74036866,-0.17470746
317.0,0.8379706,-1.2401965,11.899182,-0.057421334,0.85154617,-0.11362094
324.0,0.49799395,-1.1947067,11.853693,-0.118507855,0.98837996,-0.061086524
334.0,0.16280572,-1.055843,11.81778,-0.20769419,1.1191051,-0.039095376
344.0,0.016759412,-0.78290397,11.87524,-0.3494149,1.2290609,-0.058643065
354.0,-0.16280572,-0.78290397,11.896789,-0.5412266,1.3426818,-0.09040806
364.0,-0.21547815,-0.8331822,12.133814,-0.752586,1.473407,-0.09407325
375.0,-0.51714754,-1.0654198,12.157756,-0.95539325,1.6285667,-0.04642576
384.0,-0.7757214,-1.2593501,12.073959,-1.1191051,1.7971655,0.03176499
394.0,-1.163582,-1.532289,11.880029,-1.2168436,1.9388863,0.095294975
404.0,-1.4532804,-1.9632454,11.484985,-1.2315043,2.0647244,0.12339478
415.0,-1.7717092,-2.3199813,11.073183,-1.1911873,2.1661282,0.12095132
424.0,-2.066196,-2.3942018,10.931925,-1.097114,2.2650883,0.10262536
436.0,-2.408567,-2.4133554,10.802638,-0.9089675,2.3554964,0.09162979
444.0,-2.4875755,-2.4540567,10.524911,-0.6560693,2.3958135,0.09040806
454.0,-2.552219,-2.5498247,10.225636,-0.36896262,2.4288,0.1001819
463.0,-2.920926,-2.5378537,9.866506,-0.061086524,2.4813347,0.12461651
475.0,-3.2704794,-2.2768857,9.574412,0.19058995,2.5326474,0.13439035
484.0,-3.4691982,-1.7166426,9.107543,0.37995818,2.5399778,0.10140363
495.0,-3.6966474,-1.3192052,9.002198,0.49113566,2.5192082,0.032986723
504.0,-3.8307228,-1.0941502,8.717288,0.5510005,2.5216517,-0.02565634
515.0,-3.7469256,-1.0079589,8.504205,0.56199604,2.5326474,-0.056199603
524.0,-3.7612908,-1.0869676,8.034941,0.5510005,2.5509732,-0.058643065
536.0,-3.9863458,-1.1827357,7.8386164,0.5656612,2.5949554,-0.042760566
547.0,-4.292804,-1.1444284,7.654263,0.63041294,2.624277,-0.040317107
556.0,-4.570531,-0.9528923,7.7811556,0.7244862,2.6096163,-0.065973446
568.0,-4.630386,-0.90500826,7.8386164,0.8393288,2.5717428,-0.095294975
576.0,-4.6232033,-0.6703765,7.8050976,0.9505063,2.5411994,-0.08307768
585.0,-4.5418005,-0.7350199,7.8146744,1.028697,2.5082128,-0.036651913
596.0,-4.5561657,-0.6560113,7.285556,1.0910053,2.475226,0.008552114
606.0,-4.7165775,-0.6536171,6.8929067,1.1313224,2.4288,0.013439035
618.0,-4.891354,-0.7445967,6.4164605,1.1533136,2.3689353,-0.010995574
626.0,-5.023035,-0.6655881,6.054936,1.1313224,2.2968533,-0.028099801
638.0,-5.145139,-0.8762778,5.7005944,1.0714576,2.2149973,-0.030543262
648.0,-5.303157,-0.93613285,5.3701944,1.0030408,2.1270328,-0.012217305
657.0,-5.33907,-1.091756,5.0637364,0.93951076,2.0231857,0.0061086523
666.0,-5.279215,-1.13964,4.903325,0.90041536,1.8961257,-0.002443461
679.0,-5.4803276,-1.0031705,4.661511,0.8784242,1.7617353,-0.014660766
687.0,-5.5737014,-0.9888053,4.630386,0.8576548,1.6334536,-0.007330383
697.0,-5.710171,-0.878672,4.5753193,0.8405506,1.505172,0.014660766
706.0,-5.851429,-0.6703765,4.5441947,0.82711154,1.3658947,0.037873644
719.0,-5.923255,-0.50757074,4.3885717,0.79534656,1.2168436,0.058643065
727.0,-6.0118403,-0.4237737,4.19943,0.7293731,1.0690142,0.07941248
738.0,-6.0357823,-0.4429273,4.036624,0.63163465,0.9211848,0.10140363
746.0,-6.181829,-0.37110126,3.8498764,0.5180137,0.7684685,0.1160644
759.0,-6.184223,-0.23463176,3.70383,0.3885103,0.6096435,0.12339478
768.0,-6.279991,-0.06703765,3.6990416,0.25900686,0.44959682,0.1282817
777.0,-6.2871737,-0.15083471,3.6487634,0.13561209,0.28955013,0.13561209
786.0,-6.2871737,-0.25857377,3.58412,0.04153884,0.118507855,0.15149458
799.0,-6.1866174,-0.15322891,3.6655228,-0.013439035,-0.062308256,0.1685988
808.0,-6.1626754,-0.1604115,3.6463692,-0.042760566,-0.23457226,0.17837265
819.0,-6.2345014,-0.16759412,3.53863,-0.052534413,-0.40561453,0.18081611
826.0,-6.1985884,-0.25378537,3.5362358,-0.059864793,-0.57543504,0.18325958
838.0,-6.220136,-0.51954174,3.8115692,-0.08552113,-0.73548174,0.18448131
847.0,-5.9687448,-0.7302315,4.146757,-0.12705997,-0.8979719,0.19303341
859.0,-5.8083334,-0.9552865,4.5082817,-0.16493362,-1.0445796,0.20647246
866.0,-5.6646814,-0.92176765,4.879383,-0.18936823,-1.1753048,0.21502456
878.0,-5.6407394,-0.6943185,5.068525,-0.22479841,-1.287704,0.2284636
888.0,-5.6359506,-0.6512229,5.3127337,-0.2687807,-1.378112,0.25900686
897.0,-5.74369,-0.7278373,5.470751,-0.33108896,-1.4477507,0.3005457
907.0,-5.777209,-0.6344634,5.5258174,-0.41172317,-1.5149459,0.33475417
921.0,-5.9184666,-0.63206923,5.554548,-0.48991394,-1.5943583,0.35796702
928.0,-5.841852,-0.78529817,5.6910176,-0.57910025,-1.6688838,0.3811799
937.0,-5.7604494,-0.6751649,6.1866174,-0.6780604,-1.736079,0.40683624
946.0,-5.533,-0.7445967,6.6893997,-0.75747293,-1.7983873,0.43004912
958.0,-5.3247046,-0.7661445,7.074866,-0.77946407,-1.8497,0.44348818
968.0,-5.1930237,-0.58897364,7.3669586,-0.7452556,-1.8973475,0.44959682
979.0,-5.073313,-0.40462008,7.3310456,-0.68661255,-1.9376645,0.45204028
987.0,-4.9679685,-0.21308395,7.2089415,-0.6401868,-1.971873,0.45448375
998.0,-4.867412,-0.272939,7.1586633,-0.66339964,-1.9963076,0.4654793
1008.0,-4.8865657,-0.45250413,6.907272,-0.75136423,-2.0024164,0.4813618
1018.0,-4.697424,-0.7589619,6.8881183,-0.9810496,-2.0696115,0.47036624
1026.0,-4.402937,-0.9504981,7.3286514,-0.9810496,-2.0696115,0.47036624
1038.0,-3.8762126,-1.0151415,7.9487495,-1.0690142,-2.1087067,0.46181414
1047.0,-3.1914709,-0.9983821,9.0237465,-1.0433578,-2.1355848,0.49357912
1057.0,-3.1914709,-0.9528923,9.416395,-0.9615019,-2.1270328,0.49480084
1067.0,-3.241749,-0.94331545,9.466674,-0.87109387,-2.107485,0.47647488
1076.0,-3.2585084,-1.0941502,9.440337,-0.79412484,-2.0879374,0.45448375
1087.0,-3.1771057,-1.1420342,9.337387,-0.7464773,-2.0683897,0.44837508
1100.0,-3.0071173,-0.92895025,9.284714,-0.7257079,-2.043955,0.45814893
1115.0,-2.767697,-0.9672575,9.509769,-0.7171558,-2.017077,0.46792278
1169.0,-2.5594015,-1.1875241,9.799467,-0.70005155,-1.971873,0.4886922
1169.0,-2.4181437,-1.3790601,10.139444,-0.66828656,-1.9156734,0.52290064
1169.0,-2.2529438,-1.5179238,10.2974615,-0.61575216,-1.8668042,0.548557
1169.0,-2.195483,-1.5227122,10.546458,-0.54611355,-1.813048,0.5497787
1169.0,-2.087744,-1.3120226,10.642226,-0.47403142,-1.749518,0.5326745
1169.0,-1.9608512,-1.067814,10.551247,-0.40439278,-1.6945401,0.50579643
1174.0,-1.8435353,-0.7613561,10.534488,-0.35185838,-1.6371188,0.47525316
1185.0,-1.6639702,-0.62967503,10.510546,-0.32498032,-1.5650368,0.44959682
1195.0,-1.6160861,-0.770933,10.836157,-0.31764993,-1.4782939,0.43249258
1206.0,-1.5897499,-1.0821792,10.955867,-0.31031954,-1.391551,0.4202753
1218.0,-1.3670892,-1.1611878,10.912771,-0.28221974,-1.3219124,0.41538838
1227.0,-1.2258313,-0.9816227,10.879252,-0.21380283,-1.2705997,0.40561453
1238.0,-1.091756,-0.79487497,10.864887,-0.12705997,-1.2131784,0.37751472
1247.0,-1.1300632,-0.7493851,10.795456,-0.07452556,-1.1337659,0.3481932
1257.0,-1.0534488,-0.6847417,10.721235,-0.07452556,-1.0555751,0.32986724
1267.0,-1.067814,-0.46926352,10.599131,-0.10629055,-0.9932669,0.2968805
1280.0,-1.0055647,-0.29448682,10.515334,-0.15149458,-0.9431759,0.24312437
1287.0,-0.93373865,-0.3854665,10.527305,-0.21746802,-0.8881981,0.19914207
1296.0,-0.89543146,-0.6967127,10.658986,-0.28955013,-0.8210029,0.17837265
1306.0,-0.7757214,-0.94331545,10.529699,-0.32986724,-0.7684685,0.16737708
1317.0,-0.46926352,-1.1683705,9.821015,-0.32742378,-0.7489208,0.14660765
1326.0,-0.31124622,-1.2880806,10.795456,-0.2443461,-0.6719518,0.12461651
1337.0,-0.8714894,-0.89782566,12.46182,-0.0842994,-0.50579643,0.14172074
1345.0,-0.78529817,-0.59615624,12.140997,0.02321288,-0.376293,0.13561209
1355.0,-0.4141969,-0.6895301,12.411542,0.05009095,-0.32986724,0.040317107
1365.0,-0.62728083,-0.6775591,12.476185,0.11484267,-0.17959438,-0.034208454
1376.0,-0.6392518,-0.33518824,11.930307,0.112399206,-0.07574729,-0.0720821
1385.0,-0.62488663,-0.02633622,11.382035,-0.010995574,-0.015882496,-0.105068825
1397.0,-0.6751649,-0.22984336,10.9582615,-0.14049901,0.065973446,-0.13316862
1406.0,-0.8619126,-0.8331822,10.637438,-0.2003638,0.13194689,-0.13316862
1417.0,-0.8451532,-1.0845734,10.500969,-0.22479841,0.16737708,-0.1160644
1425.0,-0.8690952,-1.043872,10.481815,-0.24801129,0.19547687,-0.105068825
1435.0,-0.770933,-0.8571242,10.551247,-0.26511553,0.21624629,-0.105068825
1444.0,-0.7110779,-0.8379706,10.845734,-0.2883284,0.25778514,-0.105068825
1456.0,-0.7493851,-0.8643068,11.281479,-0.31031954,0.32986724,-0.09285152
1464.0,-0.7733272,-0.8475474,11.719617,-0.3371976,0.41538838,-0.08307768
1474.0,-0.89543146,-1.0366893,12.083536,-0.3652974,0.51923543,-0.087964594
1484.0,-1.0510546,-1.5275006,12.313379,-0.3726278,0.6646214,-0.09040806
1494.0,-1.2306197,-1.8818425,12.263102,-0.3494149,0.80878556,-0.09285152
1504.0,-1.4101849,-1.8339585,12.224793,-0.32253686,0.93951076,-0.118507855
1516.0,-1.5131354,-1.7286136,12.078748,-0.31031954,1.0665708,-0.16493362
1524.0,-1.5155296,-1.8339585,11.911154,-0.30543262,1.2021828,-0.19792034
1534.0,-1.5394717,-1.9847932,11.671733,-0.28710666,1.3255776,-0.18448131
1544.0,-1.6184803,-2.183512,11.398794,-0.24312437,1.4391985,-0.14172074
1554.0,-1.6639702,-2.2409728,11.257536,-0.16249016,1.5430456,-0.10262536
1567.0,-1.8148049,-2.3918076,11.070788,-0.052534413,1.6395624,-0.0842994
1575.0,-1.9967642,-2.3702598,10.7356,0.07574729,1.7201965,-0.07452556
1584.0,-2.0278888,-2.3630772,10.364499,0.21135938,1.78617,-0.058643065
1594.0,-2.1643584,-2.0135236,10.175357,0.33353242,1.8387043,-0.043982297
1605.0,-2.2888567,-1.7190368,9.787497,0.42149702,1.8802432,-0.042760566
1615.0,-2.2768857,-1.6424223,9.591172,0.4569272,1.9242256,-0.034208454
1624.0,-2.4109612,-1.70946,9.346964,0.44348818,1.9682078,-0.009773844
1653.0,-2.4827871,-1.8435353,9.275137,0.42394048,2.0060816,0.02076942
1653.0,-2.6791117,-2.0326772,9.016563,0.42638394,2.0292943,0.043982297
1659.0,-2.861071,-1.934515,8.772355,0.44104472,2.0366247,0.05009095
1664.0,-2.9735985,-1.7956513,8.573636,0.47036624,2.0317378,0.042760566
1756.0,-3.1986535,-1.5011644,8.365341,0.49602258,2.0207422,0.040317107
1756.0,-3.3446999,-1.340753,8.26239,0.51923543,2.0011945,0.052534413
1756.0,-3.5314474,-1.3120226,8.094796,0.54244834,1.9816469,0.07696902
1756.0,-3.6367924,-1.448492,7.93199,0.5534439,1.9608774,0.1001819
1756.0,-3.7612908,-1.4077905,7.8050976,0.56077427,1.9291124,0.10629055
1756.0,-3.8642416,-1.2138603,7.560889,0.57543504,1.8875736,0.09773844
1757.0,-3.9336734,-1.13964,7.489063,0.59131753,1.8423696,0.09162979
1757.0,-4.110844,-1.3359646,7.33344,0.59742624,1.813048,0.09040806
1757.0,-4.2401314,-1.3383588,7.323863,0.59986967,1.7873917,0.09407325
1793.0,-4.3406878,-1.2976574,7.1395097,0.61208695,1.749518,0.09285152
1793.0,-4.5274353,-1.1228806,7.03177,0.6414085,1.7079792,0.0842994
1793.0,-4.6710877,-0.9504981,6.871359,0.6462954,1.6639969,0.0720821
1863.0,-4.8147397,-0.7326257,6.9168487,0.63529986,1.6249015,0.061086524
1863.0,-4.8961425,-0.6703765,6.849811,0.62796944,1.5845845,0.05375614
1863.0,-4.96318,-0.7158663,6.8426285,0.61941737,1.5418239,0.047647487
1863.0,-5.1020436,-0.7230489,6.7851677,0.6169739,1.5039502,0.030543262
1863.0,-5.159505,-0.5363012,6.6367273,0.6206391,1.46852,0.0036651916
1863.0,-5.315128,-0.61530983,6.4787097,0.6230826,1.4379768,-0.03176499
1863.0,-5.4563856,-0.48602295,6.3182983,0.63285637,1.409877,-0.062308256
1865.0,-5.6670756,-0.5530606,6.205771,0.63529986,1.378112,-0.07941248
1896.0,-5.825093,-0.44771573,6.0166287,0.6218608,1.3390167,-0.09285152
1896.0,-6.0118403,-0.48841715,5.8203044,0.6035349,1.2913691,-0.10995574
1898.0,-6.1530986,-0.60094464,5.6000376,0.5815437,1.2327261,-0.119729586
1907.0,-6.181829,-0.45489833,5.2840033,0.5180137,1.0836749,-0.12950343
1916.0,-6.3350577,-0.56982,5.0493712,0.49968776,0.9957104,-0.13316862
1925.0,-6.351817,-0.37588966,4.8482585,0.47647488,0.90408057,-0.12705997
1936.0,-6.411672,-0.32561144,4.63278,0.45081854,0.80756384,-0.12095132
1945.0,-6.5002575,-0.32561144,4.453215,0.41538838,0.6939429,-0.1160644
1956.0,-6.564901,-0.36631286,4.197036,0.3652974,0.5717699,-0.105068825
1966.0,-6.6486983,-0.37349546,3.9671922,0.31520647,0.4361578,-0.09040806
1976.0,-6.6989765,-0.2657564,3.8474822,0.27366763,0.28710666,-0.080634214
1987.0,-6.6606693,-0.02633622,3.70383,0.22602014,0.12705997,-0.07452556
1998.0,-6.6630635,0.04309563,3.70383,0.1600467,-0.034208454,-0.06352998
2006.0,-6.603208,0.04070143,3.679888,0.09407325,-0.2003638,-0.05131268
2019.0,-6.435614,-0.07182605,3.8235402,0.02443461,-0.37140608,-0.04153884
2026.0,-6.3566055,-0.22505496,3.9624038,-0.05009095,-0.53878313,-0.029321533
2083.0,-6.2871737,-0.22984336,4.1826706,-0.11362094,-0.70738196,-0.021991149
2083.0,-6.0956373,-0.30406362,4.477157,-0.15027285,-0.87109387,-0.02687807
2083.0,-5.872977,-0.34715924,4.7668557,-0.17959438,-1.0140363,-0.028099801
2083.0,-5.8083334,-0.4309563,5.035006,-0.22357668,-1.128879,-0.015882496
2083.0,-5.8083334,-0.5267244,5.233725,-0.26389378,-1.2180653,0.0
2086.0,-5.8634,-0.6823475,5.434838,-0.29077184,-1.2901474,0.007330383
2773.0,-5.8921304,-0.79487497,5.803545,-0.31398472,-1.3487904,0.015882496
2775.0,-5.8226986,-0.8858546,6.241684,-0.32986724,-1.4074335,0.03176499
2775.0,-5.693412,-0.8882488,6.4978633,-0.33841935,-1.4611896,0.04520403
2775.0,-5.547365,-0.7637503,6.7085533,-0.35796702,-1.5076154,0.05009095
2775.0,-5.4563856,-0.5626374,6.8881183,-0.3921755,-1.5442673,0.047647487
2775.0,-5.2983685,-0.45729253,7.055712,-0.43004912,-1.5760323,0.05131268
2775.0,-5.233725,-0.6607997,7.3549876,-0.47036624,-1.5919148,0.064751714
2775.0,-5.097255,-0.93373865,7.57286,-0.50579643,-1.5980235,0.08552113
2775.0,-5.1116204,-1.0462662,7.690176,-0.5143485,-1.6041322,0.103847094
2775.0,-4.999093,-1.0630256,7.833828,-0.4886922,-1.6126842,0.10751228
2775.0,-4.951209,-1.0414777,7.9224133,-0.4447099,-1.6187929,0.10140363
2775.0,-4.8267107,-0.9768343,8.070854,-0.41416663,-1.6212363,0.10140363
2775.0,-4.7285485,-0.8714894,8.161834,-0.40561453,-1.6212363,0.112399206
2777.0,0.82360536,-0.533907,10.242394,-0.06719518,0.38973203,-0.2602286
2777.0,-0.8834604,-1.1971009,9.667787,0.002443461,-0.3286455,-0.009773844
2777.0,-0.9768343,-1.0295067,10.158598,0.039095376,-0.28588495,-0.012217305
2777.0,-1.2234371,-0.80924016,10.54167,0.04520403,-0.21991149,-0.009773844
2777.0,-1.1061212,-0.79008657,10.512939,0.035430185,-0.1966986,-0.008552114
2777.0,-1.0654198,-0.89303726,10.5440645,0.029321533,-0.15515977,-0.028099801
2777.0,-1.0869676,-0.7398083,10.352529,0.03176499,-0.11484267,-0.052534413
2846.0,-1.0127473,-0.7015011,10.096349,-0.008552114,-0.1001819,-0.06719518
2846.0,-1.0989386,-0.830788,9.890448,-0.09407325,-0.07941248,-0.06719518
2846.0,-1.0965444,-1.1324574,9.737218,-0.14660765,-0.04520403,-0.064751714
2846.0,-1.0223241,-1.3072342,9.674969,-0.13439035,-0.037873644,-0.065973446
2846.0,-1.0654198,-1.2138603,9.65821,-0.081855945,-0.047647487,-0.065973446
2846.0,-0.9528923,-1.2665327,9.607931,-0.02321288,-0.058643065,-0.056199603
2846.0,-0.92176765,-1.2449849,9.665392,0.007330383,-0.065973446,-0.042760566
2854.0,-0.7182605,-1.2617443,9.653421,0.015882496,-0.064751714,-0.032986723
2866.0,-0.80684596,-1.3431472,9.737218,0.02076942,-0.062308256,-0.02321288
2875.0,-0.7637503,-1.2330139,9.737218,0.02321288,-0.059864793,-0.012217305
2884.0,-0.82360536,-1.2497733,9.660604,0.013439035,-0.05497787,0.004886922
2894.0,-0.82360536,-1.1923125,9.651027,-0.015882496,-0.052534413,0.019547688
2907.0,-0.8762778,-1.1827357,9.713276,-0.05375614,-0.04520403,0.028099801
2915.0,-0.8523358,-1.2258313,9.749189,-0.08307768,-0.039095376,0.030543262
2925.0,-0.8762778,-1.2234371,9.821015,-0.096516706,-0.037873644,0.035430185
2934.0,-0.81642276,-1.283292,9.842564,-0.08674286,-0.040317107,0.042760566
2946.0,-0.80445176,-1.2210429,9.873688,-0.056199603,-0.04153884,0.043982297
2954.0,-0.79966336,-1.1755531,9.821015,-0.019547688,-0.040317107,0.04153884
2965.0,-0.80445176,-1.0462662,9.744401,0.0012217305,-0.035430185,0.04153884
2975.0,-0.79487497,-0.9983821,9.753978,0.0061086523,-0.021991149,0.042760566
