21.0,0.19632454,-2.3535004,9.67018,0.007330383,-0.02076942,-0.0012217305
34.0,0.19632454,-2.3535004,9.67018,0.15271631,0.12461651,-0.0842994
34.0,0.29448682,-2.6503813,9.744401,0.008552114,-0.2565634,-0.30665436
51.0,0.37588966,-2.4061728,9.7084875,-0.05131268,-0.4251622,-0.30909783
57.0,0.40462008,-2.3343468,9.639056,0.09773844,0.3555236,0.058643065
64.0,0.4429273,-2.1739352,9.679757,0.096516706,0.376293,0.08552113
75.0,0.34955344,-2.1499932,9.629479,0.073303826,0.20769419,0.035430185
84.0,0.34237084,-2.1739352,9.576807,0.042760566,0.04642576,-0.03176499
94.0,0.35434186,-2.1547816,9.524135,0.015882496,0.043982297,-0.04153884
104.0,0.33039984,-2.111686,9.581595,-0.007330383,0.04520403,-0.043982297
114.0,0.33279404,-2.1667526,9.586384,-0.021991149,0.05375614,-0.040317107
125.0,0.33758244,-2.315193,9.655815,-0.019547688,0.05497787,-0.030543262
136.0,0.272939,-2.4588451,9.6845455,0.0012217305,0.061086524,-0.02321288
144.0,0.31603462,-2.5905263,9.902418,0.043982297,0.06841691,-0.018325957
156.0,0.33039984,-2.72939,10.103531,0.10751228,0.07819075,-0.004886922
164.0,0.4429273,-2.7868507,10.201694,0.17715092,0.1001819,0.019547688
174.0,0.45729253,-2.918532,10.357317,0.23335053,0.13683382,0.04886922
185.0,0.45010993,-2.7820623,10.431537,0.2602286,0.17959438,0.06841691
195.0,0.34476504,-2.6719291,10.465055,0.2406809,0.21624629,0.080634214
205.0,0.30645782,-2.5713725,10.481815,0.17104226,0.25900686,0.09040806
215.0,0.18195933,-2.2960393,10.366894,0.080634214,0.312763,0.105068825
225.0,0.016759412,-2.2122424,10.388441,-0.007330383,0.35796702,0.12950343
234.0,0.007182605,-2.1404164,10.472239,-0.087964594,0.39828414,0.1685988
245.0,0.023942016,-2.3319526,10.477027,-0.14049901,0.44226643,0.21991149
257.0,-0.047884032,-2.44448,10.579977,-0.15882497,0.48258355,0.26267207
264.0,-0.05746084,-2.552219,10.58716,-0.1563815,0.53023106,0.27977628
275.0,-0.076614454,-2.6719291,10.611102,-0.13927728,0.5815437,0.28710666
286.0,-0.076614454,-2.5881321,10.522516,-0.11362094,0.62796944,0.2919936
294.0,-0.1604115,-2.3942018,10.407595,-0.081855945,0.68416905,0.2932153
305.0,-0.23942018,-2.3247697,10.400413,-0.06719518,0.7440339,0.31031954
315.0,-0.28491,-2.2768857,10.072407,-0.09896017,0.8063421,0.34330627
325.0,-0.33039984,-2.1068976,9.923966,-0.14172074,0.8784242,0.37018433
335.0,-0.3854665,-2.0111294,9.617508,-0.18325958,0.9407325,0.38973203
344.0,-0.36870706,-2.0805612,9.351752,-0.2284636,0.9859365,0.4092797
356.0,-0.48362875,-2.1045034,9.16261,-0.2724459,1.0494665,0.44593164
365.0,-0.6991069,-2.2888567,9.337387,-0.3408628,1.1301007,0.49968776
376.0,-1.0223241,-2.3415294,9.471462,-0.4361578,1.2131784,0.5131268
385.0,-1.316811,-2.6503813,9.895236,-0.53023106,1.2864822,0.45448375
395.0,-1.5107412,-2.9041667,10.220847,-0.6206391,1.351234,0.3811799
405.0,-1.6663644,-3.1268275,10.314221,-0.73548174,1.4049901,0.3640757
415.0,-1.8794483,-3.0119057,10.158598,-0.86376345,1.4404203,0.37995818
425.0,-2.0470424,-2.9879637,10.077195,-0.956615,1.4782939,0.37751472
436.0,-2.2146366,-3.0765493,10.01734,-0.9969321,1.5442673,0.36896262
445.0,-2.360683,-3.2968156,10.146626,-0.97249746,1.6126842,0.3933972
455.0,-2.6288335,-3.4500446,10.21127,-0.8857546,1.6615535,0.44959682
465.0,-2.6767175,-3.7708676,10.412383,-0.75625116,1.6933185,0.50823987
475.0,-2.7724855,-3.9863458,10.376471,-0.59986967,1.7238617,0.5546656
485.0,-2.815581,-4.197036,10.113108,-0.45814893,1.749518,0.5729916
496.0,-3.0023289,-3.9121256,9.919178,-0.36163223,1.7763962,0.53878313
505.0,-3.323152,-3.3518825,9.749189,-0.3200934,1.8264871,0.49235737
515.0,-3.5170822,-2.9951463,9.627085,-0.30787608,1.8802432,0.50335294
525.0,-3.5338416,-2.9233203,9.32781,-0.26511553,1.9022343,0.5644395
535.0,-3.6152446,-3.016694,9.097966,-0.15882497,1.9156734,0.6218608
545.0,-3.6990416,-3.1507695,8.825027,-0.0061086523,1.9547688,0.6389651
557.0,-3.8283286,-2.9400797,8.717288,-0.0061086523,1.9547688,0.6389651
565.0,-3.98874,-2.5905263,8.487445,-0.043982297,1.9889772,0.64996064
575.0,-4.177882,-2.6599581,8.003817,-0.04520403,1.9877555,0.6646214
585.0,-4.3861775,-2.741361,7.639898,-0.021991149,1.9706513,0.657291
597.0,-4.5034933,-2.6312277,7.395689,0.013439035,1.9572122,0.6414085
606.0,-4.5418005,-2.456451,7.165846,0.04153884,1.9230038,0.6426302
619.0,-4.594473,-2.3870192,6.859388,0.07574729,1.881465,0.6536258
628.0,-4.606444,-2.408567,6.6870055,0.12217305,1.8387043,0.65118235
638.0,-4.687847,-2.3870192,6.531382,0.15760323,1.7947221,0.6414085
646.0,-4.8338933,-2.348712,6.0980315,0.17348573,1.7470746,0.6206391
659.0,-4.9943047,-2.1523874,5.695806,0.18936823,1.6823229,0.5852089
666.0,-5.1523223,-2.0207062,5.5282116,0.20891592,1.5931365,0.5522222
680.0,-5.2648497,-1.8938135,5.315128,0.22113322,1.4978416,0.5375614
686.0,-5.267244,-1.9057846,5.1930237,0.24556783,1.4110987,0.52778757
699.0,-5.327099,-2.0566192,5.2265425,0.3213151,1.3158038,0.49480084
707.0,-5.327099,-2.195483,5.1690817,0.4373795,1.2095132,0.45570546
717.0,-5.425261,-2.207454,4.984728,0.5571091,1.0983357,0.4092797
726.0,-5.583278,-1.8698715,4.771644,0.66950834,0.98471475,0.35430184
739.0,-5.767632,-1.6256629,4.4819455,0.74036866,0.86132,0.31642818
747.0,-5.853823,-1.508347,4.321534,0.7635816,0.73548174,0.29443705
759.0,-6.019023,-1.4939818,4.1826706,0.752586,0.59742624,0.27000242
766.0,-6.078878,-1.4796166,3.9600096,0.70249504,0.45204028,0.23701571
777.0,-6.1626754,-1.1731589,3.6774938,0.6047566,0.29565877,0.20647246
786.0,-6.2464724,-0.94092125,3.4213142,0.47403142,0.13194689,0.18570304
798.0,-6.291962,-0.7781156,3.3877954,0.33353242,-0.035430185,0.15271631
806.0,-6.256049,-0.7398083,3.4261026,0.18570304,-0.22235495,0.12705997
818.0,-6.155493,-0.7230489,3.4739866,0.042760566,-0.40194935,0.10262536
826.0,-6.019023,-0.7733272,3.8235402,-0.052534413,-0.59131753,0.05497787
838.0,-5.9448028,-0.8595184,4.3023806,-0.09896017,-0.7770206,0.015882496
847.0,-5.681441,-1.0989386,4.7309427,-0.12461651,-0.95417154,-0.007330383
859.0,-5.5976434,-1.352724,5.00867,-0.13927728,-1.1117748,-0.04153884
866.0,-5.547365,-1.4891934,5.2959743,-0.14660765,-1.2449434,-0.089186326
877.0,-5.4803276,-1.6639702,5.327099,-0.16126843,-1.3610078,-0.11728613
888.0,-5.4444146,-1.7597382,5.3007627,-0.204029,-1.4526376,-0.118507855
897.0,-5.547365,-1.6831238,5.410896,-0.25900686,-1.53205,-0.119729586
908.0,-5.494693,-1.7070658,5.3941364,-0.3213151,-1.6102408,-0.119729586
919.0,-5.425261,-1.6232687,5.4444146,-0.38728857,-1.6945401,-0.10629055
926.0,-5.3845596,-1.6519991,5.494693,-0.47769663,-1.7751744,-0.081855945
939.0,-5.1810527,-1.7046716,6.05733,-0.5644395,-1.831374,-0.06963864
946.0,-4.865018,-2.0039468,6.8306575,-0.5900958,-1.8887954,-0.062308256
959.0,-4.4843397,-2.44448,7.5082164,-0.5729916,-1.9156734,-0.04153884
966.0,-4.220978,-2.7485435,7.9966335,-0.516792,-1.9095647,-0.029321533
979.0,-4.173094,-2.8179753,8.173804,-0.43127087,-1.894904,-0.035430185
987.0,-4.2401314,-2.5234885,7.8410106,-0.33841935,-1.8851302,-0.036651913
998.0,-4.441244,-2.384625,7.335834,-0.26389378,-1.8887954,-0.017104227
1007.0,-4.378995,-2.2146366,7.1059904,-0.21746802,-1.8985692,0.029321533
1018.0,-4.280833,-2.4181437,7.2807674,-0.19425514,-1.9058995,0.089186326
1027.0,-3.9552212,-2.6024973,7.3549876,-0.17837265,-1.9193386,0.119729586
1040.0,-3.8283286,-2.5809495,7.501034,-0.1685988,-1.953547,0.089186326
1046.0,-3.5769374,-2.315193,7.716512,-0.17715092,-1.9914207,0.02687807
1077.0,-3.3518825,-2.135628,8.192958,-0.19914207,-2.008525,-0.021991149
1077.0,-3.0214825,-2.2649148,8.736442,-0.20891592,-2.0292943,-0.04886922
1077.0,-2.669535,-2.6839,9.174581,-0.19303341,-2.0402899,-0.07941248
1086.0,-2.3750482,-2.7485435,9.533711,-0.12217305,-2.0146337,-0.13072516
1097.0,-2.336741,-2.7030537,9.624691,0.004886922,-1.9755383,-0.1685988
1106.0,-2.2697031,-2.542642,9.785102,0.1600467,-1.9254472,-0.16371189
1117.0,-2.2266076,-2.6288335,9.8042555,0.3213151,-1.8570304,-0.12217305
1126.0,-2.1212628,-2.8179753,9.797073,0.46181414,-1.813048,-0.081855945
1136.0,-2.0638018,-2.8179753,10.012551,0.5546656,-1.7763962,-0.065973446
1146.0,-1.9177556,-2.846706,10.206482,0.5852089,-1.7458528,-0.05497787
1159.0,-1.7190368,-2.918532,10.575189,0.53878313,-1.7030923,-0.040317107
1166.0,-1.4891934,-3.0142999,11.054029,0.4605924,-1.6310102,-0.04520403
1177.0,-1.2138603,-2.9113493,11.358093,0.39095375,-1.5540411,-0.057421334
1187.0,-1.1803415,-2.5713725,11.379641,0.33475417,-1.4795157,-0.061086524
1198.0,-1.2330139,-2.0733786,11.353305,0.2932153,-1.3927728,-0.05009095
1207.0,-1.2066777,-1.7597382,11.159374,0.2773328,-1.2913691,-0.007330383
1221.0,-1.1324574,-1.7645266,10.912771,0.27855456,-1.1911873,0.064751714
1229.0,-1.0414777,-1.9369092,10.697293,0.2883284,-1.102001,0.13316862
1237.0,-1.115698,-2.4349031,10.520123,0.27855456,-1.0433578,0.17837265
1246.0,-1.0390835,-2.597709,9.991004,0.21502456,-0.9957104,0.18692477
1259.0,-0.94092125,-2.4612393,9.560047,0.12583824,-0.97494096,0.16249016
1268.0,-0.81881696,-2.5234885,9.555259,0.058643065,-0.91996306,0.13927728
1280.0,-0.60812724,-2.743755,9.923966,0.07819075,-0.8539896,0.13927728
1288.0,-0.24181437,-2.9879637,10.081984,0.21380283,-0.7440339,0.1441642
1296.0,-0.22266077,-2.540248,10.898406,0.27000242,-0.6072,0.15882497
1309.0,-0.6967127,-1.8052281,12.696451,0.22479841,-0.41416663,0.13072516
1318.0,-0.5363012,-1.5777789,13.022063,0.13683382,-0.27488935,0.07941248
1327.0,-0.46686932,-2.15957,12.832921,0.13316862,-0.13194689,0.037873644
1340.0,-0.7086837,-1.7669208,12.504915,0.13194689,-0.04642576,-0.04153884
1348.0,-1.0366893,-1.0127473,11.805809,0.028099801,0.02687807,-0.11728613
1360.0,-1.2282255,-0.8738836,11.137826,-0.13194689,0.13927728,-0.11728613
1367.0,-1.0702082,-1.2785037,10.594342,-0.23457226,0.22968534,-0.06719518
1378.0,-0.90740246,-1.8938135,10.263943,-0.23457226,0.27977628,-0.03176499
1389.0,-0.8523358,-2.2290018,10.156203,-0.17104226,0.31398472,-0.03176499
1400.0,-0.78050977,-2.3080103,10.070012,-0.10629055,0.33353242,-0.02565634
1406.0,-0.79726917,-2.1691468,9.832987,-0.08674286,0.35063666,0.0
1417.0,-0.7086837,-2.1188686,9.801862,-0.09285152,0.3885103,0.029321533
1426.0,-0.6895301,-2.0350714,9.80665,-0.111177474,0.4373795,0.05375614
1439.0,-0.8619126,-1.9847932,9.969456,-0.15882497,0.4972443,0.081855945
1448.0,-1.0319009,-1.9560628,10.481815,-0.32986724,0.6426302,0.1282817
1459.0,-1.1252748,-1.9871874,10.972627,-0.32986724,0.6426302,0.1282817
1467.0,-1.1348516,-2.111686,11.288661,-0.3885103,0.7293731,0.12950343
1479.0,-1.1324574,-2.1619642,11.245565,-0.43249258,0.8784242,0.087964594
1487.0,-1.3359646,-1.9440918,10.764331,-0.4642576,0.956615,0.087964594
1498.0,-1.5562311,-1.9608512,10.632649,-0.47891834,1.0506883,0.1160644
1508.0,-1.6519991,-2.2601264,10.647015,-0.453262,1.1349876,0.15760323
1519.0,-1.7142484,-2.5905263,10.809821,-0.3885103,1.2021828,0.17837265
1528.0,-1.7142484,-2.6623523,10.6637745,-0.3115413,1.2644911,0.16982053
1539.0,-1.697489,-2.5187001,10.589554,-0.2406809,1.3292428,0.15149458
1547.0,-1.8148049,-2.3319526,10.505757,-0.20525073,1.4049901,0.14660765
1561.0,-2.0159178,-2.243367,10.3932295,-0.2003638,1.4844025,0.14782938
1569.0,-2.0614076,-2.3104045,10.223241,-0.2003638,1.5589281,0.14294247
1578.0,-2.195483,-2.3678656,10.06283,-0.1881465,1.6212363,0.13927728
1589.0,-2.2888567,-2.456451,9.794679,-0.17104226,1.6688838,0.14172074
1598.0,-2.3774424,-2.5091233,9.746795,-0.15271631,1.717753,0.13927728
1608.0,-2.4301147,-2.6551697,9.579201,-0.14049901,1.754405,0.14049901
1618.0,-2.456451,-2.5570073,9.294291,-0.12217305,1.7873917,0.1441642
1629.0,-2.5474305,-2.5091233,9.057265,-0.09285152,1.8093829,0.14049901
1640.0,-2.7150247,-2.3247697,8.810662,-0.087964594,1.8325957,0.14538592
1648.0,-2.9376855,-2.4636335,8.686164,-0.112399206,1.8472565,0.16493362
1659.0,-3.0909145,-2.4349031,8.561666,-0.13439035,1.858252,0.18203785
1666.0,-3.098097,-2.566584,8.470686,-0.13194689,1.8619173,0.19303341
1677.0,-3.2800562,-2.6671407,8.403648,-0.12339478,1.8558086,0.20158553
1687.0,-3.3901896,-2.327164,8.298303,-0.10995574,1.8472565,0.2125811
1699.0,-3.4883518,-2.432509,8.35337,-0.103847094,1.8374827,0.23579398
1707.0,-3.5098996,-2.4660277,8.274361,-0.111177474,1.8228219,0.2761111
1717.0,-3.5649664,-2.695871,8.070854,-0.111177474,1.8106046,0.31887165
1726.0,-3.7086184,-2.8179753,7.917625,-0.08552113,1.7800614,0.33964106
1737.0,-3.9240966,-3.0119057,7.6231384,-0.02443461,1.754405,0.3481932
1746.0,-4.122815,-3.0310593,7.3549876,0.05375614,1.7116444,0.35918877
1758.0,-4.2401314,-2.942474,7.117962,0.111177474,1.6713274,0.3811799
1766.0,-4.4244847,-2.7820623,6.969521,0.13561209,1.6310102,0.40561453
1776.0,-4.6471453,-2.669535,6.730101,0.15393804,1.5833627,0.42271876
1788.0,-4.829105,-2.4277205,6.55293,0.15882497,1.5210545,0.43493605
1797.0,-4.939238,-2.2768857,6.435614,0.13927728,1.4587462,0.44837508
1807.0,-5.080496,-2.1308396,6.217742,0.1001819,1.3976597,0.45204028
1820.0,-5.1259856,-2.0278888,6.007052,0.065973446,1.3304645,0.43860126
1829.0,-5.315128,-1.982399,5.875371,0.057421334,1.2534955,0.4202753
1838.0,-5.4204726,-1.8842367,5.7005944,0.07086037,1.1765264,0.408058
1849.0,-5.5737014,-1.7310078,5.475539,0.09285152,1.0873401,0.39706242
1860.0,-5.6527104,-1.745373,5.3582234,0.12217305,0.99082345,0.37751472
1868.0,-5.674258,-1.6256629,5.1547165,0.1563815,0.8943067,0.3481932
1880.0,-5.853823,-1.5227122,5.020641,0.19181168,0.8038987,0.3115413
1888.0,-5.9184666,-1.5634137,4.9296613,0.22235495,0.70738196,0.27366763
1897.0,-6.009446,-1.400608,4.8841715,0.24312437,0.6047566,0.23457226
1908.0,-6.1004257,-1.3311762,4.733337,0.25900686,0.5045747,0.18325958
1918.0,-6.2105594,-1.1779473,4.6830587,0.25900686,0.40194935,0.13316862
1928.0,-6.2512608,-1.1300632,4.486734,0.23701571,0.30176744,0.095294975
1940.0,-6.256049,-1.1204864,4.2880154,0.20280726,0.19914207,0.047647487
1948.0,-6.3925185,-0.9552865,4.0916905,0.16615535,0.08307768,-0.014660766
1960.0,-6.4404025,-0.7493851,3.976769,0.12217305,-0.047647487,-0.06841691
1969.0,-6.38773,-0.6392518,4.0342298,0.06719518,-0.18448131,-0.111177474
1979.0,-6.1866174,-0.7015011,4.048595,-0.007330383,-0.31764993,-0.15393804
1988.0,-6.136339,-0.8283938,4.3502645,-0.07696902,-0.43860126,-0.204029
2000.0,-6.0381765,-1.1372458,4.6926355,-0.09896017,-0.55833083,-0.25411993
2007.0,-5.932832,-1.4939818,5.035006,-0.06841691,-0.6731735,-0.29932398
2018.0,-5.920861,-1.7741034,5.221754,0.009773844,-0.7819075,-0.33841935
2028.0,-5.935226,-2.0757728,5.3486466,0.11728613,-0.8784242,-0.36285394
2040.0,-5.899313,-2.0829554,5.3845596,0.22357668,-0.9627236,-0.3640757
2047.0,-5.93762,-2.0446482,5.5641246,0.31398472,-1.0421361,-0.344528
2077.0,-5.899313,-1.982399,5.6670756,0.376293,-1.1154399,-0.31398472
2077.0,-5.8681884,-1.9201498,5.7628436,0.3811799,-1.1850786,-0.28221974
2077.0,-5.758055,-1.8890251,5.851429,0.33841935,-1.2498302,-0.25778514
2086.0,-5.6910176,-1.7501614,6.0238113,0.26389378,-1.3109168,-0.24312437
2097.0,-5.5401826,-1.6519991,6.1866174,0.17104226,-1.3732251,-0.22602014
2106.0,-5.379771,-1.5849615,6.471527,0.0720821,-1.4294246,-0.21380283
2118.0,-5.243302,-1.7956513,6.9503675,-0.009773844,-1.4844025,-0.21380283
2127.0,-4.9440265,-1.9728222,7.273585,-0.065973446,-1.53205,-0.22357668
2138.0,-4.8147397,-1.946486,7.323863,-0.09285152,-1.577254,-0.24556783
2148.0,-4.8937483,-1.8602947,7.3645644,-0.09285152,-1.6187929,-0.26511553
2160.0,-4.8003745,-1.6112977,7.321469,-0.065973446,-1.6468927,-0.25534168
2168.0,-4.6112323,-1.6591818,7.335834,-0.017104227,-1.6676621,-0.21868975
2180.0,-4.429273,-1.7381904,7.4483614,0.037873644,-1.6847663,-0.172264
2190.0,-4.3406878,-1.7788919,7.517793,0.09407325,-1.704314,-0.13439035
2199.0,-4.2281604,-1.7764976,7.788338,0.13927728,-1.7201965,-0.11484267
2208.0,-3.9384618,-1.9177556,8.238448,0.17592919,-1.736079,-0.10873401
2219.0,-3.7541082,-2.2649148,8.4587145,0.21013765,-1.7507398,-0.11362094
2229.0,-3.5577838,-2.3319526,8.698134,0.23823744,-1.7690657,-0.1441642
2240.0,-3.4572272,-2.1164744,8.889671,0.25167647,-1.7776178,-0.18570304
2250.0,-3.311181,-1.7549498,8.908825,0.22724187,-1.7739527,-0.20647246
2261.0,-3.122039,-1.5586253,8.762778,0.15760323,-1.7421877,-0.19303341
2266.0,-2.9712043,-1.5777789,8.51857,0.06352998,-1.7055358,-0.17104226
2279.0,-2.930503,-1.5921441,8.346188,-0.019547688,-1.6811012,-0.16126843
2288.0,-2.908955,-1.5490485,8.394072,-0.07574729,-1.6701056,-0.14660765
2298.0,-2.789245,-1.7812861,8.734048,-0.11728613,-1.6578883,-0.118507855
2308.0,-2.4899697,-2.0925324,9.169792,-0.13072516,-1.645671,-0.1001819
2319.0,-2.2218192,-2.3798366,9.572019,-0.09040806,-1.6395624,-0.11484267
2329.0,-1.9057846,-2.468422,10.383653,0.040317107,-1.6126842,-0.14782938
2340.0,-1.5562311,-2.7629087,10.927136,0.23457226,-1.5601498,-0.15027285
2347.0,-1.3599066,-2.89459,11.152191,0.61208695,-1.4269812,-0.12339478
2361.0,-1.3551182,-2.707842,10.965444,0.61208695,-1.4269812,-0.12339478
2369.0,-1.3982137,-2.2409728,10.721235,0.7281514,-1.3622295,-0.13683382
2378.0,-1.484405,-1.9129672,10.429143,0.75136423,-1.2913691,-0.10873401
2387.0,-1.3694834,-1.8052281,10.228029,0.5131268,-1.1557571,0.019547688
2399.0,-1.2689269,-1.8866309,10.055647,0.344528,-1.1007792,0.021991149
2408.0,-1.1204864,-1.661576,10.390836,0.18081611,-1.047023,0.0036651916
2419.0,-0.9504981,-1.697489,10.754754,0.04886922,-0.9896017,0.0061086523
2429.0,-0.7757214,-1.8195933,10.972627,-0.030543262,-0.9260717,0.02565634
2439.0,-0.7182605,-2.135628,11.11149,-0.02443461,-0.86376345,0.03176499
2447.0,-0.7326257,-2.255338,11.104307,0.064751714,-0.81489426,0.02321288
2459.0,-0.6919243,-2.2266076,11.262324,0.20158553,-0.77457714,0.017104227
2468.0,-0.6727707,-2.147599,11.159374,0.36896262,-0.7367035,0.03176499
2481.0,-0.62488663,-2.078167,10.864887,0.52290064,-0.7012733,0.06352998
2489.0,-0.5793968,-1.8770541,10.520123,0.64996064,-0.6609562,0.09407325
2498.0,-0.44771573,-1.9895816,9.634268,0.7134906,-0.59986967,0.11484267
