54.0,0.8738836,-0.59855044,10.072407,-0.10262536,-0.7464773,0.10873401
54.0,0.7110779,-0.7134721,9.993398,0.15149458,0.13072516,-0.08552113
55.0,0.7613561,-0.46208093,9.921572,0.07086037,-0.23457226,-0.2761111
87.0,0.89064306,-0.22505496,9.7563715,-0.06352998,-0.4129449,-0.3555236
88.0,0.8355764,-0.093373865,9.868899,0.037873644,0.37140608,-0.052534413
88.0,0.7062895,-0.23942018,9.921572,-0.015882496,0.40317106,-0.04520403
88.0,0.7517793,-0.1340753,9.797073,-0.0720821,0.22968534,-0.09040806
96.0,0.8523358,-0.1340753,9.775525,-0.12950343,0.059864793,-0.18203785
106.0,1.0103531,-0.25857377,9.794679,-0.17715092,0.05375614,-0.21135938
116.0,1.0390835,-0.50757074,9.799467,-0.20891592,0.061086524,-0.2125811
126.0,0.9744401,-0.545878,9.765948,-0.1881465,0.06719518,-0.21013765
137.0,0.9528923,-0.60812724,9.61272,-0.1282817,0.06719518,-0.22357668
149.0,0.8714894,-0.5434838,9.481039,-0.073303826,0.059864793,-0.24556783
156.0,0.7733272,-0.5410896,9.313444,-0.057421334,0.04886922,-0.26389378
169.0,0.6488287,-0.5506664,9.3421755,-0.11484267,0.021991149,-0.30665436
177.0,0.6368576,-0.61052144,9.263166,-0.11484267,0.021991149,-0.30665436
187.0,0.5530606,-0.8475474,9.267955,-0.1600467,0.009773844,-0.31764993
198.0,0.46686932,-0.9528923,9.212888,-0.19303341,-0.0036651916,-0.3213151
208.0,0.45250413,-1.0749966,9.129091,-0.20647246,-0.013439035,-0.32375857
218.0,0.2753332,-0.9768343,9.074024,-0.20647246,-0.02687807,-0.32742378
227.0,0.25617957,-1.0606314,9.059659,-0.21380283,-0.040317107,-0.3213151
237.0,0.18195933,-1.1683705,9.016563,-0.27488935,-0.06719518,-0.2932153
248.0,0.09816227,-1.2617443,9.02614,-0.30298916,-0.07819075,-0.28710666
257.0,-0.023942016,-1.4460979,8.985439,-0.32375857,-0.09407325,-0.27488935
270.0,-0.12928689,-1.4867992,9.069236,-0.34208453,-0.10873401,-0.25411993
277.0,-0.093373865,-1.5251064,9.193734,-0.34697145,-0.12461651,-0.23335053
287.0,-0.18435353,-1.6280571,9.28232,-0.33353242,-0.13927728,-0.21135938
299.0,-0.1340753,-1.661576,9.370906,-0.31398472,-0.15271631,-0.18448131
308.0,-0.17956513,-1.7405846,9.55047,-0.2883284,-0.16126843,-0.15760323
318.0,-0.19871874,-1.8626889,9.6845455,-0.26511553,-0.1685988,-0.13072516
328.0,-0.29688102,-1.7980455,9.775525,-0.24678956,-0.16737708,-0.10262536
337.0,-0.25139117,-1.8339585,10.010158,-0.22968534,-0.16126843,-0.07819075
348.0,-0.2753332,-1.8100165,10.141838,-0.20647246,-0.15393804,-0.05497787
358.0,-0.20350714,-1.7956513,10.398018,-0.18692477,-0.14294247,-0.02565634
369.0,-0.11731588,-1.8267759,10.625467,-0.17592919,-0.11728613,0.009773844
378.0,-0.07182605,-1.8339585,10.884041,-0.17348573,-0.08307768,0.040317107
389.0,-0.016759412,-1.8459295,11.042058,-0.17470746,-0.040317107,0.062308256
398.0,0.076614454,-1.7908629,11.33894,-0.1685988,0.018325957,0.073303826
408.0,0.12689269,-1.7525556,11.427525,-0.15271631,0.087964594,0.081855945
418.0,0.14844051,-1.769315,11.465832,-0.13439035,0.16982053,0.096516706
428.0,0.19393034,-1.8579005,11.358093,-0.13439035,0.26511553,0.12339478
438.0,-0.05267244,-1.7549498,11.310209,-0.15515977,0.376293,0.13194689
449.0,-0.22026655,-1.5107412,11.410766,-0.19425514,0.47158796,0.119729586
458.0,-0.2825158,-1.30484,11.473015,-0.2761111,0.56199604,0.1160644
469.0,-0.35673606,-1.3742718,11.540052,-0.3848451,0.6621779,0.14538592
478.0,-0.37349546,-1.5801731,11.686098,-0.5131268,0.7415904,0.19058995
488.0,-0.4405331,-1.9129672,11.678916,-0.62796944,0.84299403,0.21013765
498.0,-0.6679823,-2.135628,12.069171,-0.6939429,0.9602802,0.204029
509.0,-0.81402856,-2.0709844,12.385205,-0.71837753,1.078788,0.18325958
518.0,-0.90500826,-2.0494366,12.313379,-0.72082096,1.1972959,0.16982053
528.0,-1.2018893,-2.006341,12.061988,-0.73426,1.3121386,0.17470746
538.0,-1.5897499,-2.1428106,11.798626,-0.7819075,1.423316,0.172264
548.0,-1.6352397,-2.2170308,11.748347,-0.7672467,1.5149459,0.15760323
558.0,-1.5251064,-2.5953147,11.453861,-0.7012733,1.5662584,0.17470746
574.0,-1.4389153,-2.7581203,11.135432,-0.6585127,1.6261233,0.23090707
581.0,-1.5729905,-2.932897,10.907983,-0.5876524,1.7067575,0.28955013
591.0,-1.7836803,-3.0382419,10.919954,-0.48624873,1.7898352,0.33108896
601.0,-1.9967642,-2.9281087,10.807426,-0.39584067,1.8606955,0.3567453
612.0,-2.0638018,-2.6623523,10.874464,-0.33475417,1.9156734,0.37751472
622.0,-2.0757728,-2.7030537,10.508151,-0.3005457,1.9511036,0.39461896
633.0,-2.183512,-2.681506,10.184934,-0.3005457,1.9914207,0.41172317
641.0,-2.4588451,-2.5450363,9.890448,-0.33475417,2.0415115,0.43860126
652.0,-2.765303,-2.5091233,9.837775,-0.36041048,2.0830505,0.46303585
662.0,-2.8491,-2.5594015,9.6845455,-0.38728857,2.0977113,0.48747048
672.0,-2.791639,-2.6431987,9.576807,-0.39828414,2.1038198,0.535118
680.0,-2.681506,-2.834735,9.481039,-0.33964106,2.1111503,0.6096435
693.0,-2.9233203,-2.858677,9.105149,-0.20280726,2.144137,0.66828656
702.0,-3.1914709,-2.6240451,8.748413,-0.04642576,2.1734586,0.6914995
712.0,-3.4691982,-2.5067291,8.3390045,0.0842994,2.1881194,0.6927212
721.0,-3.5170822,-2.3918076,7.9990277,0.14660765,2.1746802,0.6988298
731.0,-3.7134068,-2.1619642,7.656657,0.1282817,2.149024,0.70616025
742.0,-3.8235402,-2.0470424,7.541735,0.06352998,2.1209242,0.7012733
753.0,-4.027047,-2.1021092,7.606379,0.0012217305,2.0879374,0.70249504
761.0,-4.1299977,-2.1763294,7.541735,-0.047647487,2.0549507,0.72326446
773.0,-4.283227,-2.2385786,7.4483614,-0.07574729,2.0195205,0.7538077
782.0,-4.3742065,-2.2457612,7.1251445,-0.07941248,1.9743165,0.77457714
791.0,-4.51307,-2.303222,6.8162923,-0.06963864,1.926669,0.784351
801.0,-4.6519337,-2.2505496,6.543353,-0.064751714,1.8668042,0.79534656
813.0,-4.7524905,-2.2960393,6.385336,-0.059864793,1.8069394,0.80878556
822.0,-4.807557,-2.1859062,6.327875,-0.04642576,1.736079,0.8173377
832.0,-4.972757,-2.0590134,6.172252,-0.02687807,1.6652187,0.8197812
841.0,-5.140351,-2.0709844,6.1123967,-0.015882496,1.6016886,0.82833326
852.0,-5.2744265,-1.99437,6.0501475,-0.017104227,1.5198327,0.8381071
862.0,-5.3558292,-1.9967642,5.9280434,-0.03176499,1.4343116,0.8393288
873.0,-5.279215,-1.8842367,5.6982,-0.05375614,1.3292428,0.8246681
880.0,-5.279215,-1.8195933,5.3606176,-0.081855945,1.2278391,0.8185594
891.0,-5.351041,-1.7669208,5.1116204,-0.11484267,1.1301007,0.81489426
902.0,-5.377377,-1.685518,4.759673,-0.15149458,1.0140363,0.81000733
911.0,-5.497087,-1.508347,4.4220905,-0.18936823,0.8894198,0.8038987
920.0,-5.5497594,-1.3670892,4.1515455,-0.2284636,0.752586,0.79779
932.0,-5.7628436,-1.1300632,4.0414124,-0.26633725,0.61086524,0.79779
942.0,-5.74369,-0.92176765,3.964798,-0.29932398,0.44226643,0.80756384
953.0,-5.729325,-0.82599956,3.9791632,-0.3408628,0.25411993,0.8258898
961.0,-5.616797,-0.81163436,4.0821137,-0.39461896,0.06841691,0.8405506
973.0,-5.379771,-0.89303726,4.2880154,-0.45570546,-0.312763,0.8210029
983.0,-5.2409077,-1.1109096,4.5801077,-0.45570546,-0.312763,0.8210029
993.0,-5.1762643,-1.2378023,4.912902,-0.4361578,-0.49357912,0.8026769
1002.0,-5.023035,-1.3383588,5.1810527,-0.37507126,-0.6719518,0.7733554
1012.0,-4.829105,-1.436521,5.2241483,-0.28221974,-0.84299403,0.73548174
1023.0,-4.7405195,-1.541866,5.1642933,-0.17837265,-0.9932669,0.7098254
1033.0,-4.656722,-1.4700398,4.9919105,-0.09040806,-1.1349876,0.70249504
1041.0,-4.6040497,-1.400608,5.121197,-0.032986723,-1.2681563,0.70616025
1053.0,-4.5681367,-0.8619126,5.1906295,0.030543262,-1.5088371,0.7293731
1063.0,-4.453215,-0.7350199,5.571307,0.02321288,-1.6249015,0.7501425
1073.0,-4.2760444,-0.8403648,6.131551,-0.015882496,-1.7373008,0.7672467
1080.0,-4.027047,-0.9816227,6.615179,-0.059864793,-1.8460348,0.77579886
1136.0,-3.8283286,-1.1875241,6.979098,-0.10140363,-1.9401081,0.7770206
1136.0,-3.7373488,-1.2473791,7.261614,-0.11484267,-2.0182989,0.7648033
1136.0,-3.679888,-1.3000516,7.5824366,-0.10629055,-2.085494,0.7489208
1136.0,-3.5458126,-1.3503298,7.7093296,-0.061086524,-2.1465805,0.7367035
1136.0,-3.4524388,-1.1731589,7.747637,0.0012217305,-2.1930063,0.7367035
1142.0,-3.406949,-0.8643068,7.711724,0.065973446,-2.234545,0.7501425
1150.0,-3.3327289,-0.51714754,7.716512,0.10751228,-2.2699752,0.766025
1159.0,-3.2585084,-0.38067806,7.8625584,0.09285152,-2.3066273,0.77213365
1171.0,-2.9999347,-0.4165911,8.37013,0.02321288,-2.3359487,0.7684685
1179.0,-2.695871,-0.770933,8.825027,-0.06841691,-2.348166,0.7611381
1189.0,-2.3199813,-1.0414777,9.320627,-0.14172074,-2.3408356,0.75502944
1199.0,-2.0590134,-1.1899183,9.9550905,-0.16493362,-2.3151793,0.7476991
1209.0,-1.8171991,-1.151611,10.160992,-0.12339478,-2.2785273,0.7318166
1218.0,-1.7238252,-1.0390835,10.120291,-0.05375614,-2.239432,0.71837753
1230.0,-1.6879122,-1.0534488,9.773131,-0.009773844,-2.180789,0.71959925
1240.0,-1.697489,-0.7565677,9.449914,-0.0012217305,-2.1050417,0.7171558
1251.0,-1.7932571,-0.37828386,9.066842,-0.017104227,-2.0476203,0.69027776
1260.0,-1.9440918,0.035913024,8.980651,-0.059864793,-2.0011945,0.64996064
1272.0,-2.0207062,0.30885202,9.119514,-0.14660765,-1.9596558,0.61941737
1281.0,-1.8722657,0.22266077,9.533711,-0.25289822,-1.9278907,0.6047566
1293.0,-1.7549498,-0.107739076,10.053253,-0.3359759,-1.8887954,0.5925393
1301.0,-1.5801731,-0.37588966,10.546458,-0.3640757,-1.844813,0.5742133
1311.0,-1.5227122,-0.5650316,10.929531,-0.3323107,-1.8057177,0.5448918
1322.0,-1.4939818,-0.521936,11.166556,-0.25778514,-1.7507398,0.49602258
1332.0,-1.352724,-0.45010993,11.09473,-0.16249016,-1.7030923,0.43982297
1342.0,-1.2904748,-0.2896984,11.025299,-0.09773844,-1.6432275,0.38240165
1353.0,-1.2018893,-0.1604115,10.845734,-0.04153884,-1.5809193,0.33353242
1361.0,-1.1971009,-0.21547815,10.737994,0.034208454,-1.5015068,0.29810223
1375.0,-1.1324574,-0.21308395,10.8864355,0.12461651,-1.4110987,0.28221974
1382.0,-0.9600749,-0.28491,11.08276,0.20280726,-1.3414601,0.28221974
1393.0,-0.79726917,-0.22984336,11.279084,0.26389378,-1.2461652,0.2883284
1402.0,-0.62728083,-0.1316811,11.305421,0.30543262,-1.1630874,0.2846632
1414.0,-0.21068975,-0.34715924,11.51611,0.32986724,-1.0690142,0.27488935
1423.0,-0.5291186,0.16759412,13.543999,0.39584067,-0.874759,0.28588495
1433.0,-0.7781156,1.5586253,13.958196,0.36163223,-0.6389651,0.27000242
1442.0,-0.33997664,1.8339585,13.792996,0.23457226,-0.4886922,0.118507855
1453.0,-0.31364042,1.6711528,13.869611,0.1685988,-0.31398472,-0.061086524
1463.0,-0.5482722,1.7956513,13.443442,0.040317107,-0.10629055,-0.14538592
1475.0,-0.6368576,1.8243817,12.660539,-0.19303341,0.05131268,-0.18081611
1483.0,-0.6536171,1.5275006,11.999739,-0.3885103,0.18936823,-0.23823744
1492.0,-0.5482722,0.82121116,11.362882,-0.5131268,0.29443705,-0.29443705
1504.0,-0.46208093,0.34715924,10.948685,-0.58276546,0.3885103,-0.30176744
1513.0,-0.40940848,-0.01436521,10.5704,-0.58032197,0.47647488,-0.28588495
1522.0,-0.3878607,-0.46686932,10.565612,-0.5326745,0.5412266,-0.2883284
1535.0,-0.30645782,-0.90261406,10.79785,-0.45448375,0.5925393,-0.2968805
1543.0,-0.24181437,-0.9504981,11.461043,-0.32620203,0.66339964,-0.2761111
1553.0,-0.17238252,-0.4285621,12.093113,-0.17592919,0.7489208,-0.25534168
1563.0,-0.2681506,-0.25617957,12.50731,-0.032986723,0.8576548,-0.27855456
1575.0,-0.4237737,-0.47644615,12.591106,0.0842994,0.98349303,-0.31887165
1582.0,-0.47165772,-0.6440403,12.516887,0.14538592,1.1044444,-0.3323107
1595.0,-0.62967503,-0.60812724,12.150574,0.13683382,1.2253957,-0.33841935
1603.0,-0.7062895,-0.29688102,11.829751,0.095294975,1.3316863,-0.37384954
1613.0,-0.78529817,-0.39983168,11.736377,0.06352998,1.4453071,-0.42149702
1624.0,-0.82121116,-0.6919243,11.568783,0.061086524,1.5674802,-0.42149702
1634.0,-0.9816227,-0.91458505,11.542446,0.080634214,1.6798794,-0.37995818
1643.0,-1.1252748,-1.0845734,11.530476,0.13072516,1.781283,-0.3652974
1655.0,-1.3024458,-1.2162545,11.480197,0.21013765,1.8765781,-0.38362336
1663.0,-1.5107412,-1.1803415,11.224017,0.29810223,1.9706513,-0.40561453
1675.0,-1.733402,-0.92176765,10.594342,0.3885103,2.058616,-0.42149702
1682.0,-1.8770541,-0.6751649,10.070012,0.46792278,2.1184807,-0.4447099
1694.0,-2.1212628,-0.49081135,9.746795,0.49846604,2.189341,-0.47403142
1704.0,-2.2050598,-0.37349546,9.49301,0.44837508,2.2382102,-0.49113566
1715.0,-2.1739352,-0.3878607,9.346964,0.33108896,2.2834144,-0.49113566
1722.0,-2.1978772,-0.4309563,9.004593,0.20769419,2.3310618,-0.4801401
1733.0,-2.4468741,-0.45489833,8.686164,0.10995574,2.3628268,-0.4813618
1744.0,-2.6144683,-0.49559975,8.248025,0.043982297,2.389705,-0.49846604
1754.0,-2.8921957,-0.46447513,8.109161,0.002443461,2.4092526,-0.51068336
1762.0,-3.1435869,-0.7350199,8.013393,-0.030543262,2.42147,-0.5009095
1776.0,-3.2800562,-1.0582372,7.8769236,-0.035430185,2.420248,-0.48380527
1783.0,-3.4596214,-0.90021986,7.675811,-0.002443461,2.406809,-0.4728097
1794.0,-3.608062,-0.5674258,7.4124484,0.058643065,2.3726006,-0.47647488
1803.0,-3.8762126,-0.31124622,7.228095,0.10751228,2.3273966,-0.48624873
1813.0,-4.19943,-0.33997664,6.931214,0.118507855,2.284636,-0.48380527
1824.0,-4.4196963,-0.47884035,6.6654577,0.10629055,2.234545,-0.46303585
1834.0,-4.5896845,-0.39025488,6.5361705,0.09407325,2.1685717,-0.43860126
1843.0,-4.757279,-0.48362875,6.3206925,0.089186326,2.0879374,-0.42760566
1853.0,-4.8817773,-0.641646,6.1123967,0.07696902,1.9999728,-0.4166101
1864.0,-5.149928,-0.78529817,6.0166287,0.056199603,1.8044959,-0.39095375
1876.0,-5.4683566,-0.6967127,5.566519,0.07696902,1.6969837,-0.3848451
1883.0,-5.650316,-0.61052144,5.470751,0.09896017,1.577254,-0.36774087
1895.0,-5.8107276,-0.7134721,5.33907,0.12583824,1.4514158,-0.33108896
1904.0,-5.901707,-0.7350199,5.305551,0.16493362,1.3255776,-0.2846632
1913.0,-6.0285997,-0.7613561,5.1690817,0.22724187,1.1985176,-0.24312437
1923.0,-6.232107,-0.7541735,5.058948,0.29443705,1.0726794,-0.2125811
1933.0,-6.3182983,-0.80924016,4.8458643,0.3323107,0.9456194,-0.19058995
1942.0,-6.315904,-0.7230489,4.6471453,0.33108896,0.81245077,-0.17470746
1957.0,-6.519411,-0.5291186,4.477157,0.3005457,0.6792821,-0.16615535
1962.0,-6.5026517,-0.46447513,4.237737,0.23945917,0.5375614,-0.1600467
1972.0,-6.6391215,-0.48602295,4.235343,0.14294247,0.39706242,-0.15393804
1981.0,-6.619968,-0.50038815,4.211401,0.02076942,0.2565634,-0.13805555
1991.0,-6.5337763,-0.6823475,4.3861775,-0.08552113,0.12339478,-0.119729586
2000.0,-6.528988,-0.93134445,4.489128,-0.14049901,-0.02443461,-0.09896017
2011.0,-6.4547677,-1.1348516,4.6255975,-0.14660765,-0.15027285,-0.08674286
2022.0,-6.4140663,-1.0845734,4.8817773,-0.1160644,-0.27488935,-0.089186326
2032.0,-6.327875,-1.115698,5.104438,-0.059864793,-0.3933972,-0.09407325
2042.0,-6.2368956,-1.1899183,5.3199162,-0.004886922,-0.4886922,-0.09040806
2053.0,-6.167464,-1.3383588,5.4204726,0.035430185,-0.59498274,-0.07696902
2067.0,-6.229713,-1.2689269,5.5521536,0.047647487,-0.68539083,-0.064751714
2103.0,-6.136339,-0.9864111,5.427655,0.042760566,-0.7696902,-0.061086524
2103.0,-6.184223,-0.8858546,5.379771,0.014660766,-0.8332202,-0.043982297
2103.0,-6.277597,-0.82599956,5.377377,-0.036651913,-0.8979719,-0.008552114
2103.0,-6.349423,-0.90500826,5.422867,-0.10873401,-0.95905846,0.028099801
2112.0,-6.1770406,-1.0390835,5.6551046,-0.18325958,-1.0250319,0.057421334
2122.0,-6.090849,-1.127669,5.93762,-0.2406809,-1.0983357,0.0842994
2132.0,-5.8203044,-1.079785,6.1890116,-0.26511553,-1.1679744,0.103847094
2142.0,-5.8083334,-1.0007763,6.4739213,-0.25900686,-1.2388347,0.112399206
2150.0,-5.6239796,-1.0223241,6.775591,-0.24190263,-1.2950343,0.12339478
2160.0,-5.485116,-0.9648633,7.026982,-0.22724187,-1.3475688,0.14660765
2174.0,-5.3223104,-1.0510546,7.156269,-0.21991149,-1.3952162,0.17715092
2182.0,-5.1930237,-0.91219085,7.252037,-0.20647246,-1.4404203,0.20525073
2191.0,-5.1116204,-1.0175357,7.2424603,-0.18081611,-1.4770721,0.22602014
2201.0,-5.0374002,-0.94092125,7.2807674,-0.16493362,-1.5149459,0.24190263
2212.0,-4.891354,-0.8714894,7.457938,-0.16249016,-1.5454891,0.2565634
2222.0,-4.642357,-0.9768343,7.728483,-0.14538592,-1.5748106,0.28099802
2232.0,-4.4460325,-1.067814,8.087613,-0.10751228,-1.6029104,0.312763
2242.0,-4.201824,-1.0869676,8.276755,-0.059864793,-1.6175711,0.344528
2254.0,-4.096479,-1.0893618,8.396465,-0.009773844,-1.6224581,0.36163223
2263.0,-4.0581717,-1.1899183,8.554482,0.036651913,-1.6285667,0.36896262
2275.0,-4.0078936,-1.1180922,8.7771435,0.062308256,-1.6236799,0.37751472
2283.0,-3.845088,-1.0055647,8.789114,0.061086524,-1.613906,0.38728857
2293.0,-3.6607344,-0.9840169,8.856153,0.040317107,-1.6053538,0.3933972
2303.0,-3.4237084,-1.0989386,9.035717,0.0036651916,-1.6041322,0.4007276
2315.0,-3.3207579,-1.1324574,9.121908,-0.036651913,-1.5796975,0.4129449
2323.0,-3.2010477,-1.0702082,9.181764,-0.052534413,-1.5577064,0.42760566
2333.0,-3.0789435,-0.92416185,9.291897,-0.037873644,-1.5357152,0.42760566
2344.0,-3.0095115,-0.81881696,9.40203,-0.018325957,-1.5063937,0.42760566
2354.0,-2.9376855,-0.7757214,9.653421,-0.021991149,-1.4880677,0.44837508
2363.0,-2.822764,-0.8762778,9.660604,-0.042760566,-1.4379768,0.46792278
2375.0,-2.719813,-0.9528923,9.730036,-0.05131268,-1.3988814,0.4728097
2382.0,-2.645593,-0.92655605,9.813833,-0.05497787,-1.3658947,0.4654793
2393.0,-2.504335,-0.9600749,9.809045,-0.059864793,-1.3475688,0.45204028
2404.0,-2.4253263,-0.8834604,9.816227,-0.06963864,-1.314582,0.44104472
2414.0,-2.327164,-0.7541735,9.892841,-0.07574729,-1.2767084,0.43249258
2424.0,-2.1787236,-0.78529817,9.840169,-0.06719518,-1.2437216,0.4288274
2437.0,-2.1523874,-0.7086837,9.859323,-0.04886922,-1.2082914,0.43493605
2445.0,-2.1643584,-0.6631939,9.821015,-0.028099801,-1.1753048,0.44226643
2456.0,-2.0566192,-0.61770403,9.8042555,-0.012217305,-1.1410962,0.44104472
2465.0,-2.0254946,-0.6631939,9.844957,0.012217305,-1.1215485,0.4361578
2475.0,-1.8100165,-0.6631939,10.081984,0.040317107,-1.0873401,0.4373795
2485.0,-1.6017209,-0.7278373,10.146626,0.07574729,-1.0531317,0.43860126
2495.0,-1.4748282,-0.6847417,10.132261,0.12705997,-1.0262536,0.43004912
2506.0,-1.448492,-0.4333505,10.127473,0.18081611,-0.9944886,0.4007276
