39.0,0.49081135,-0.059855044,9.809045,0.007330383,-0.02076942,-0.0012217305
39.0,0.5554548,0.0047884034,9.775525,0.1563815,0.12705997,-0.06841691
41.0,0.641646,-0.088585466,9.811439,0.0061086523,-0.30176744,-0.29932398
60.0,0.6512229,-0.10534488,9.871294,-0.080634214,-0.46181414,-0.26389378
61.0,0.7302315,-0.1412579,9.986216,0.042760566,0.27488935,0.14538592
70.0,0.7733272,-0.14844051,10.0029745,0.04642576,0.2443461,0.20525073
82.0,0.878672,-0.08379706,10.081984,0.059864793,0.034208454,0.18692477
90.0,0.89543146,-0.02873042,10.15381,0.07696902,-0.12705997,0.14172074
100.0,0.85473,-0.050278235,10.01734,0.095294975,-0.11484267,0.14782938
110.0,0.90500826,0.10055647,10.0029745,0.1001819,-0.09896017,0.14538592
120.0,0.91697925,0.23463176,9.969456,0.09407325,-0.080634214,0.13927728
130.0,0.8499416,0.36152446,10.014946,0.07819075,-0.059864793,0.12461651
142.0,0.9528923,0.40701428,9.983821,0.061086524,-0.03176499,0.10262536
150.0,0.94570965,0.36152446,9.9550905,0.05009095,-0.009773844,0.07941248
161.0,0.89782566,0.41180268,10.024523,0.036651913,0.012217305,0.05497787
172.0,0.8762778,0.48602295,9.928755,0.02321288,0.039095376,0.02565634
182.0,0.80445176,0.45250413,9.981427,0.008552114,0.05497787,-0.0036651916
191.0,0.79487497,0.4213795,9.969456,-0.009773844,0.07452556,-0.03176499
202.0,0.79487497,0.50038815,10.06283,-0.018325957,0.09407325,-0.056199603
211.0,0.7422025,0.37349546,10.036493,-0.007330383,0.10751228,-0.07819075
222.0,0.80684596,0.29209262,10.029311,0.019547688,0.1160644,-0.089186326
231.0,0.8379706,0.2681506,10.110714,0.043982297,0.12339478,-0.087964594
242.0,0.8762778,0.25378537,10.144233,0.056199603,0.15027285,-0.08674286
250.0,0.7781156,0.15801731,10.225636,0.06841691,0.18325958,-0.09040806
262.0,0.89543146,0.1364695,10.192117,0.07696902,0.204029,-0.1001819
271.0,0.91697925,-0.02873042,10.089166,0.07574729,0.22602014,-0.111177474
283.0,0.9888053,-0.095768064,10.010158,0.07574729,0.25045475,-0.111177474
292.0,0.93373865,-0.14604631,10.09156,0.06841691,0.28221974,-0.09773844
301.0,0.830788,-0.023942016,10.340557,0.028099801,0.34574974,-0.081855945
311.0,0.61770403,0.110133275,10.46745,-0.036651913,0.41783184,-0.06352998
322.0,0.3854665,0.18435353,10.658986,-0.10262536,0.46914452,-0.04886922
331.0,0.36870706,0.25139117,10.766725,-0.15515977,0.49968776,-0.036651913
341.0,0.4357447,0.11731588,10.790668,-0.19914207,0.5216789,-0.018325957
351.0,0.4261679,-0.10055647,10.682928,-0.24312437,0.548557,0.013439035
362.0,0.4237737,-0.25139117,10.670957,-0.2846632,0.57787853,0.05131268
371.0,0.4309563,-0.34476504,10.6637745,-0.3213151,0.59986967,0.0720821
384.0,0.3854665,-0.40462008,10.771513,-0.3481932,0.63041294,0.07696902
392.0,0.35194764,-0.33279404,10.96305,-0.37751472,0.6731735,0.0842994
402.0,0.06703765,-0.19871874,11.097125,-0.39461896,0.7305948,0.095294975
411.0,-0.16759412,0.088585466,11.164163,-0.39461896,0.7855727,0.10873401
421.0,-0.24420857,0.2801216,11.109096,-0.39461896,0.8246681,0.12583824
432.0,-0.29688102,0.19393034,10.953473,-0.40561453,0.86132,0.14049901
443.0,-0.37828386,-0.18195933,10.809821,-0.42638394,0.9114109,0.15393804
452.0,-0.4285621,-0.39264908,10.9822035,-0.42149702,0.9651671,0.1563815
461.0,-0.5793968,-0.32561144,11.238382,-0.3885103,1.0238101,0.13316862
471.0,-0.79008657,-0.093373865,11.496957,-0.34574974,1.097114,0.08674286
483.0,-0.9911995,0.22984336,11.444284,-0.28344148,1.1679744,0.02321288
492.0,-1.0893618,0.4381389,11.259931,-0.2284636,1.2363913,-0.040317107
502.0,-1.2521675,0.32800564,11.056423,-0.17715092,1.3109168,-0.07696902
514.0,-1.4293385,0.05267244,10.714052,-0.13316862,1.3891076,-0.087964594
524.0,-1.4508862,-0.08140286,10.405201,-0.09162979,1.4611896,-0.10751228
535.0,-1.6352397,-0.12449849,10.175357,-0.056199603,1.5210545,-0.14905111
543.0,-1.8124107,-0.21787235,9.986216,-0.032986723,1.5699236,-0.19792034
554.0,-1.9895816,-0.06943185,10.30225,-0.037873644,1.6163495,-0.24923302
565.0,-1.8914193,-0.2657564,10.2495775,-0.043982297,1.6859881,-0.2968805
574.0,-1.9895816,-0.50278234,10.216059,-0.009773844,1.7617353,-0.33353242
585.0,-2.183512,-0.5554548,10.132261,0.12217305,1.8020525,-0.34208453
594.0,-2.2936451,-0.5243302,9.907207,0.23701571,1.8264871,-0.34697145
604.0,-2.2577322,-0.6727707,9.809045,0.27122417,1.8753563,-0.36896262
615.0,-2.3630772,-0.81642276,9.782708,0.29565877,1.9437732,-0.37507126
626.0,-2.3750482,-1.0007763,9.722853,0.32253686,2.003638,-0.35308012
634.0,-2.5187001,-1.0414777,9.526528,0.33964106,2.0622811,-0.33841935
644.0,-2.5953147,-0.9600749,9.229648,0.35063666,2.1160371,-0.3481932
654.0,-2.882619,-0.89782566,9.0429,0.33108896,2.1514673,-0.3652974
663.0,-2.9855695,-0.90979666,8.848969,0.2602286,2.194228,-0.36774087
675.0,-3.110068,-1.1324574,8.832211,0.1685988,2.2418754,-0.34697145
687.0,-3.2920272,-1.1971009,8.791509,0.061086524,2.2956316,-0.2846632
696.0,-3.347094,-1.2473791,8.590396,0.061086524,2.2956316,-0.2846632
704.0,-3.4356794,-1.3072342,8.408437,0.0842994,2.3054054,-0.26511553
715.0,-3.5003228,-1.4197617,8.154651,0.14660765,2.302962,-0.24312437
724.0,-3.6774938,-1.3144168,7.40766,0.2602286,2.302962,-0.204029
736.0,-4.1539397,-1.1899183,7.2807674,0.3213151,2.2870796,-0.19425514
746.0,-4.4196963,-1.1611878,7.038953,0.38728857,2.261423,-0.17470746
754.0,-4.5322237,-1.067814,6.897695,0.44104472,2.2235496,-0.13072516
764.0,-4.697424,-0.9983821,6.742072,0.48747048,2.1832323,-0.089186326
776.0,-4.8841715,-0.7062895,6.5625067,0.548557,2.1343632,-0.07086037
786.0,-4.9895163,-0.5410896,6.4260373,0.5888741,2.0708332,-0.056199603
794.0,-5.133168,-0.4429273,6.256049,0.58032197,2.021964,-0.034208454
805.0,-5.33907,-0.29688102,6.042965,0.54367006,1.9682078,-0.02076942
816.0,-5.5042696,-0.090979666,5.947197,0.4886922,1.9022343,-0.02321288
824.0,-5.6670756,0.074220255,5.746084,0.41172317,1.8277088,-0.030543262
835.0,-5.7604494,0.25617957,5.6215854,0.31398472,1.7482964,-0.030543262
844.0,-5.947197,0.30166942,5.4659624,0.20769419,1.6652187,-0.02076942
856.0,-6.093243,0.40940848,5.2121773,0.119729586,1.5796975,-0.008552114
866.0,-6.3063273,0.47405192,5.032612,0.073303826,1.4795157,-0.0036651916
875.0,-6.4499793,0.5267244,4.88896,0.040317107,1.3707817,-0.0036651916
886.0,-6.543353,0.41180268,4.630386,0.007330383,1.2547172,-0.0061086523
895.0,-6.6846113,0.24181437,4.4580035,-0.009773844,1.1252137,-0.008552114
905.0,-6.7324953,0.16759412,4.1252093,-0.015882496,0.98349303,-0.02565634
914.0,-6.766014,0.17477672,3.8594532,-0.02321288,0.8417723,-0.056199603
925.0,-6.9383965,0.1436521,3.5936968,-0.018325957,0.68783426,-0.07819075
935.0,-7.101202,0.2633622,3.3207579,-0.008552114,0.52656585,-0.089186326
944.0,-7.1227503,0.22266077,2.96881,-0.008552114,0.35185838,-0.1001819
955.0,-7.2209125,0.2825158,2.7700913,-0.019547688,0.15760323,-0.10873401
965.0,-7.1730285,0.21068975,2.633622,-0.047647487,-0.042760566,-0.10995574
977.0,-7.1251445,0.12449849,2.6192567,-0.1001819,-0.25167647,-0.10262536
988.0,-6.981492,0.10295067,2.6910827,-0.16371189,-0.47403142,-0.10140363
994.0,-6.823475,-0.021547815,2.9520507,-0.23090707,-0.68539083,-0.10873401
1003.0,-6.691794,-0.11252748,3.1842883,-0.29077184,-0.8906415,-0.112399206
1014.0,-6.483498,-0.21068975,3.5673606,-0.34697145,-1.0885619,-0.11362094
1025.0,-6.2345014,-0.38307226,3.8355112,-0.39461896,-1.2803736,-0.11484267
1035.0,-6.0166287,-0.5386954,3.8833952,-0.43249258,-1.455081,-0.11484267
1045.0,-5.9926867,-0.62728083,4.0414124,-0.46792278,-1.6187929,-0.118507855
1057.0,-5.8681884,-0.6488287,4.2305546,-0.49235737,-1.7763962,-0.11728613
1075.0,-5.7867856,-0.58657944,4.414908,-0.50335294,-1.9291124,-0.103847094
1075.0,-5.6096144,-0.46447513,4.7046065,-0.49846604,-2.0647244,-0.0720821
1084.0,-5.401319,-0.48123455,5.17387,-0.47769663,-2.1917844,-0.035430185
1094.0,-5.1259856,-0.44532153,5.6910176,-0.45204028,-2.2956316,-0.0036651916
1105.0,-4.8937483,-0.48362875,6.030994,-0.43127087,-2.3823745,0.028099801
1113.0,-4.7644615,-0.4213795,6.2249246,-0.4202753,-2.4556782,0.05131268
1123.0,-4.7429137,-0.37110126,6.179435,-0.4166101,-2.52043,0.059864793
1133.0,-4.6471453,-0.33518824,5.9064956,-0.42638394,-2.588847,0.0720821
1143.0,-4.417302,-0.31603462,5.9304376,-0.45081854,-2.656042,0.09040806
1154.0,-4.2185836,-0.24420857,6.2871737,-0.48502702,-2.719572,0.103847094
1165.0,-3.6990416,-0.40462008,6.921637,-0.52534413,-2.7721064,0.11362094
1173.0,-3.2800562,-0.78769237,7.666234,-0.5510005,-2.796541,0.13683382
1185.0,-2.846706,-1.2808979,8.544906,-0.53878313,-2.7989845,0.1685988
1194.0,-2.542642,-1.8435353,9.423578,-0.45937067,-2.77455,0.17104226
1205.0,-2.3535004,-2.2337902,9.911995,-0.30176744,-2.734233,0.13194689
1215.0,-2.2242134,-2.1571758,10.038888,-0.1282817,-2.692694,0.09040806
1227.0,-2.1164744,-1.7788919,10.007763,0.009773844,-2.6450465,0.062308256
1234.0,-1.9776106,-1.3144168,9.993398,0.112399206,-2.5912905,0.029321533
1244.0,-1.7860745,-1.2234371,10.103531,0.18692477,-2.525317,0.017104227
1256.0,-1.5729905,-1.1228806,10.441113,0.20525073,-2.4483478,0.05131268
1265.0,-1.3623008,-1.400608,10.941502,0.172264,-2.3432791,0.12095132
1273.0,-1.1947067,-1.6759412,11.439496,0.11484267,-2.2235496,0.1966986
1286.0,-1.0127473,-1.8938135,11.894394,0.09285152,-2.0891593,0.2443461
1294.0,-1.1109096,-1.7357962,12.095507,0.16126843,-1.9572122,0.2406809
1303.0,-1.3455414,-1.2330139,11.963826,0.29932398,-1.8484782,0.20769419
1314.0,-1.3982137,-0.878672,11.942278,0.42760566,-1.7397442,0.1685988
1324.0,-1.292869,-0.6799533,11.906365,0.4972443,-1.6175711,0.14660765
1335.0,-1.13964,-0.6655881,11.870452,0.52290064,-1.491733,0.14905111
1345.0,-1.1109096,-0.4261679,11.892,0.5131268,-1.3793337,0.15515977
1355.0,-1.0702082,-0.22744916,11.872847,0.4801401,-1.2718215,0.13561209
1364.0,-1.1013328,-0.1604115,11.310209,0.4288274,-1.1814134,0.118507855
1376.0,-1.0414777,-0.095768064,11.224017,0.3371976,-1.110553,0.119729586
1386.0,-0.8523358,-0.58418524,11.559206,0.24923302,-0.98715824,0.13316862
1395.0,-0.85473,-1.1300632,12.014104,0.33475417,-0.80878556,0.16249016
1406.0,-0.82599956,-0.79726917,12.217611,0.63285637,-0.7086037,0.17715092
1416.0,-0.80924016,0.11492168,12.004527,0.9993755,-0.67073005,0.13316862
1424.0,-0.7278373,0.46686932,11.872847,1.2278391,-0.6218608,0.09162979
1436.0,-0.62009823,0.48362875,11.832145,1.2131784,-0.52778757,0.096516706
1444.0,-0.49559975,0.6584055,11.741165,1.0531317,-0.4373795,0.08552113
1456.0,-0.36870706,1.0175357,11.135432,0.87964594,-0.3652974,0.02076942
1466.0,-0.2873042,1.1899183,10.970232,0.70371675,-0.27366763,-0.029321533
1473.0,-0.7661445,1.6328455,11.405977,0.5338962,-0.13561209,-0.02076942
1485.0,-0.9528923,1.6950948,11.410766,0.4007276,-0.017104227,-0.021991149
1494.0,-0.80684596,1.316811,11.283873,0.23701571,0.080634214,-0.056199603
1504.0,-0.7134721,1.091756,11.161768,0.11484267,0.1685988,-0.073303826
1513.0,-0.7733272,1.1947067,10.929531,0.095294975,0.22357668,-0.059864793
1523.0,-0.78529817,1.3742718,10.718841,0.103847094,0.2443461,-0.05497787
1533.0,-0.7062895,1.3479356,10.386047,0.07941248,0.26633725,-0.052534413
1543.0,-0.61530983,1.1420342,10.146626,0.021991149,0.2773328,-0.035430185
1554.0,-0.5793968,1.1587936,10.036493,-0.036651913,0.27000242,-0.021991149
1563.0,-0.58418524,1.3359646,10.201694,-0.096516706,0.267559,-0.02443461
1572.0,-0.36391866,1.271321,10.534488,-0.1600467,0.27488935,-0.015882496
1584.0,-0.40940848,0.92655605,10.927136,-0.35308012,0.37507126,0.05009095
1592.0,-0.51475334,0.6392518,11.142614,-0.35308012,0.37507126,0.05009095
1602.0,-0.7757214,-0.22744916,11.662156,-0.42149702,0.52778757,0.029321533
1612.0,-0.8810662,-0.4333505,11.9614315,-0.3848451,0.6414085,0.0036651916
1622.0,-1.0773908,-0.11971009,12.299014,-0.2968805,0.7501425,-0.02565634
1631.0,-1.067814,0.39983168,12.440272,-0.15393804,0.84788096,-0.081855945
1643.0,-1.0941502,0.5410896,12.258312,-0.028099801,0.956615,-0.12583824
1651.0,-1.2569559,0.44771573,12.052411,0.019547688,1.0824533,-0.12217305
1661.0,-1.400608,0.25617957,11.839328,0.017104227,1.2229522,-0.11362094
1671.0,-1.496376,0.18674773,11.489774,0.02687807,1.3439035,-0.13072516
1683.0,-1.5873557,0.29209262,11.300632,0.061086524,1.4538593,-0.16493362
1695.0,-1.733402,0.35913026,11.142614,0.12583824,1.5650368,-0.20891592
1703.0,-1.745373,0.33518824,10.91756,0.20769419,1.677436,-0.25045475
1719.0,-1.9009962,0.33279404,10.769119,0.29565877,1.7837266,-0.267559
1722.0,-1.9321208,0.49081135,10.575189,0.3811799,1.8765781,-0.2724459
1732.0,-2.042254,0.5793968,10.240001,0.4447099,1.9620992,-0.28221974
1749.0,-2.2170308,0.7493851,10.022128,0.45448375,2.0463986,-0.2919936
1751.0,-2.4636335,0.9888053,9.7563715,0.42394048,2.1197023,-0.3115413
1780.0,-2.6312277,1.0773908,9.481039,0.37140608,2.1832323,-0.33841935
1780.0,-2.705448,0.91937345,9.224859,0.2846632,2.2382102,-0.35796702
1783.0,-2.8395233,0.7110779,9.148245,0.15149458,2.2809708,-0.36896262
1792.0,-2.8323407,0.34715924,8.844181,0.02565634,2.3200662,-0.37995818
1802.0,-3.0885203,0.23702596,8.602366,-0.021991149,2.356718,-0.39828414
1812.0,-3.2609026,0.011971008,8.322245,0.004886922,2.371379,-0.4129449
1823.0,-3.3734303,-0.14844051,8.099585,0.08552113,2.3726006,-0.4166101
1832.0,-3.5434184,-0.45729253,8.001422,0.20280726,2.361605,-0.40561453
1842.0,-3.7612908,-0.59136784,7.716512,0.3323107,2.3493876,-0.3885103
1852.0,-3.9001546,-0.5434838,7.2951326,0.43982297,2.3188446,-0.38362336
1862.0,-4.19943,-0.24660277,7.067683,0.50579643,2.2797492,-0.3933972
1872.0,-4.297592,-0.19153613,6.931214,0.5045747,2.243097,-0.39584067
1884.0,-4.333505,-0.22026655,6.9000893,0.43493605,2.2052236,-0.37507126
1892.0,-4.462792,-0.36631286,6.591237,0.33841935,2.1526892,-0.35063666
1902.0,-4.5872903,-0.30645782,6.50744,0.25778514,2.0977113,-0.3408628
1912.0,-4.709395,-0.22984336,6.3829417,0.22602014,2.0415115,-0.33475417
1922.0,-4.8578353,-0.20829555,6.1650696,0.24556783,1.9706513,-0.3115413
1932.0,-4.9799395,-0.1364695,6.0645127,0.27488935,1.8936822,-0.2687807
1944.0,-5.058948,-0.107739076,5.8203044,0.3115413,1.813048,-0.2284636
1952.0,-5.1762643,-0.07182605,5.5617304,0.36041048,1.7348573,-0.19914207
1962.0,-5.303157,0.019153614,5.3845596,0.38606682,1.6542231,-0.17592919
1972.0,-5.533,0.107739076,5.279215,0.38728857,1.5650368,-0.15515977
1983.0,-5.746084,0.25378537,5.185841,0.38240165,1.4648548,-0.14294247
1993.0,-5.9783216,0.34237084,5.1355624,0.37384954,1.3548992,-0.13439035
2003.0,-6.1243677,0.3878607,5.068525,0.33108896,1.2400564,-0.12705997
2012.0,-6.1770406,0.38067806,5.00867,0.25534168,1.1276573,-0.111177474
2022.0,-6.208165,0.31364042,4.8362875,0.172264,1.0067059,-0.095294975
2032.0,-6.3470287,0.39743748,4.76925,0.096516706,0.88331115,-0.08552113
2043.0,-6.493075,0.29927522,4.546589,0.02443461,0.7623598,-0.07819075
2052.0,-6.64391,0.20111294,4.3119574,-0.04642576,0.63407815,-0.06352998
2066.0,-6.8402343,0.079008654,4.1539397,-0.111177474,0.49480084,-0.040317107
2073.0,-6.967127,0.08379706,3.9097314,-0.16493362,0.344528,-0.018325957
2083.0,-7.026982,0.17956513,3.8067808,-0.2321288,0.18936823,0.0012217305
2092.0,-7.0605006,0.33518824,3.8019924,-0.33108896,0.032986723,0.02321288
2102.0,-7.098808,0.39983168,3.7972038,-0.4361578,-0.12950343,0.04520403
2112.0,-7.0245876,0.36631286,3.8738184,-0.535118,-0.29443705,0.07696902
2124.0,-6.9503675,0.38067806,3.9600096,-0.6243043,-0.453262,0.112399206
2132.0,-6.8402343,0.2825158,4.0462008,-0.6780604,-0.6072,0.13072516
2143.0,-6.6870055,0.17238252,4.3143516,-0.68783426,-0.7611381,0.13561209
2152.0,-6.5241995,0.06464344,4.355053,-0.6731735,-0.9138544,0.14660765
2162.0,-6.4044895,-0.01436521,4.55856,-0.63529986,-1.0555751,0.16615535
2172.0,-6.1890116,-0.050278235,4.7524905,-0.5888741,-1.1887437,0.17959438
2184.0,-5.995081,0.021547815,4.9200845,-0.55833083,-1.314582,0.18325958
2193.0,-5.8466406,0.055066638,5.171476,-0.56688297,-1.428203,0.18570304
2202.0,-5.7125654,0.20111294,5.425261,-0.6035349,-1.5283848,0.1881465
2212.0,-5.544971,0.2705448,5.741296,-0.6536258,-1.6163495,0.19058995
2222.0,-5.470751,0.30885202,6.007052,-0.6963864,-1.6872098,0.18448131
2233.0,-5.449203,0.4261679,6.1626754,-0.7134906,-1.754405,0.16615535
2245.0,-5.329493,0.23702596,6.3326635,-0.7122689,-1.8203784,0.15393804
2253.0,-5.1882353,-0.062249243,6.615179,-0.6976081,-1.8729129,0.15760323
2263.0,-5.0134583,-0.260968,7.053318,-0.6646214,-1.91323,0.16371189
2274.0,-4.807557,-0.33758244,7.433996,-0.61819565,-1.9498819,0.15760323
2285.0,-4.6016555,-0.29927522,7.9248075,-0.56321776,-1.9743165,0.13683382
2294.0,-4.4436383,-0.107739076,8.14268,-0.516792,-1.9804251,0.11484267
2306.0,-4.3239284,0.016759412,8.437167,-0.4801401,-1.9657644,0.10140363
2315.0,-4.3143516,0.021547815,8.535329,-0.43004912,-1.9425515,0.08552113
2325.0,-4.2042184,-0.05746084,8.626308,-0.3811799,-1.9144517,0.065973446
2334.0,-4.134786,-0.4141969,8.580819,-0.37140608,-1.8753563,0.065973446
2346.0,-4.1012673,-0.58897364,8.693346,-0.38728857,-1.8435913,0.07574729
2355.0,-3.98874,-0.62488663,8.839393,-0.3848451,-1.8093829,0.064751714
2368.0,-3.8833952,-0.5530606,9.203311,-0.36285394,-1.7886134,0.036651913
2375.0,-3.7660792,-0.557849,9.56723,-0.35185838,-1.7507398,0.021991149
2387.0,-3.5410242,-0.7757214,10.024523,-0.2761111,-1.632232,0.057421334
2396.0,-3.311181,-1.1755531,10.299856,-0.2761111,-1.632232,0.057421334
2406.0,-3.3614593,-1.1372458,10.457873,-0.14294247,-1.577254,0.081855945
2416.0,-3.2824504,-0.94331545,10.34774,0.028099801,-1.5491543,0.08307768
2428.0,-3.1747115,-0.770933,10.158598,0.16615535,-1.5234979,0.0720821
2437.0,-3.0214825,-0.6584055,10.117896,0.20769419,-1.4880677,0.081855945
2447.0,-2.932897,-0.7398083,9.923966,0.16615535,-1.4391985,0.111177474
2456.0,-2.7150247,-1.0869676,9.634268,0.028099801,-1.3548992,0.17592919
2466.0,-2.5330653,-0.9983821,9.7803135,-0.008552114,-1.3219124,0.2125811
2477.0,-2.4229321,-0.79248077,9.907207,-0.019547688,-1.3035865,0.24556783
2489.0,-2.3127987,-0.5793968,10.0748005,0.008552114,-1.2754866,0.26633725
2495.0,-2.1667526,-0.37110126,10.208876,0.0720821,-1.2437216,0.2846632
2506.0,-2.111686,-0.23942018,10.204087,0.15882497,-1.2046263,0.29443705
