38.0,0.49799395,-2.2385786,9.478644,0.16126843,-0.33475417,-0.8943067
38.0,0.50757074,-1.9009962,9.078813,0.16737708,0.14049901,-0.058643065
49.0,0.8523358,-1.6998832,9.294291,-0.014660766,-0.27000242,-0.28221974
56.0,1.0582372,-1.8363527,9.114726,-0.20647246,-0.47158796,-0.3371976
69.0,0.90261406,-2.099715,9.198523,-0.20525073,0.26389378,0.05375614
77.0,0.7398083,-2.360683,9.212888,-0.3200934,0.25289822,0.11362094
88.0,0.7469909,-2.3175871,9.346964,-0.39095375,0.030543262,0.02565634
97.0,0.8283938,-2.1667526,9.320627,-0.37018433,-0.17348573,-0.12095132
107.0,0.9504981,-2.111686,9.299079,-0.3359759,-0.2003638,-0.1563815
117.0,1.0175357,-2.1188686,9.356541,-0.33353242,-0.19914207,-0.13683382
128.0,1.0175357,-2.2481554,9.526528,-0.3408628,-0.18081611,-0.11362094
140.0,0.94092125,-2.27928,9.555259,-0.33841935,-0.17592919,-0.1160644
148.0,1.043872,-2.2505496,9.653421,-0.3481932,-0.17348573,-0.14049901
157.0,1.1348516,-2.2266076,9.80665,-0.3652974,-0.15393804,-0.16493362
170.0,1.1372458,-2.0949266,9.674969,-0.4007276,-0.14782938,-0.17104226
178.0,1.0893618,-1.9416976,9.773131,-0.49235737,-0.12217305,-0.1685988
190.0,1.0941502,-1.8842367,9.904813,-0.5864306,-0.062308256,-0.1685988
197.0,1.3120226,-1.7884687,9.928755,-0.65484756,-0.032986723,-0.1685988
209.0,1.328782,-1.7549498,10.117896,-0.71959925,0.0061086523,-0.17104226
217.0,1.1803415,-1.7381904,10.220847,-0.7892379,0.0842994,-0.15027285
227.0,1.2018893,-1.8746599,10.472239,-0.84788096,0.14172074,-0.12705997
239.0,1.3838485,-1.9847932,10.656591,-0.9126327,0.18448131,-0.12950343
248.0,1.5849615,-2.2936451,10.749966,-1.0201449,0.21868975,-0.12095132
258.0,1.6112977,-2.597709,10.82658,-1.1887437,0.27366763,-0.08674286
271.0,1.6927006,-2.7605145,10.852917,-1.3756685,0.35918877,-0.089186326
277.0,1.4748282,-2.861071,10.939108,-1.536937,0.45937067,-0.13927728
288.0,1.2617443,-2.9017725,10.81461,-1.6969837,0.5656612,-0.13683382
298.0,0.8690952,-3.110068,10.845734,-1.9022343,0.68539083,-0.06963864
308.0,0.6703765,-3.323152,10.82658,-2.0683897,0.79168135,-0.05375614
318.0,0.5626374,-3.478775,10.951078,-2.2504275,0.84665924,-0.061086524
329.0,0.4237737,-3.952827,10.989386,-2.4288,0.91751957,-0.030543262
338.0,0.40222588,-4.55856,10.977415,-2.5815165,1.0005972,0.04642576
348.0,0.23463176,-5.2026005,10.898406,-2.6584857,1.1007792,0.12217305
358.0,0.055066638,-5.686229,10.874464,-2.6450465,1.2034045,0.16249016
369.0,-0.19871874,-6.215348,10.824186,-2.5228734,1.3133603,0.16371189
378.0,-0.5410896,-6.327875,10.764331,-2.3212879,1.4110987,0.15760323
389.0,-0.6991069,-6.373365,10.742783,-2.1013765,1.486846,0.16982053
398.0,-0.81402856,-6.5002575,10.563218,-1.9071213,1.5430456,0.2003638
409.0,-0.81402856,-6.6630635,10.362105,-1.7715092,1.6053538,0.267559
419.0,-0.9888053,-6.7731967,10.103531,-1.6835446,1.6737708,0.3494149
428.0,-1.1133038,-7.067683,9.892841,-1.6114625,1.7397442,0.4202753
438.0,-1.4652514,-7.2711906,9.619903,-1.5528195,1.8069394,0.49357912
449.0,-1.7788919,-7.3765354,9.524135,-1.4770721,1.8753563,0.54733527
458.0,-2.0350714,-7.529764,9.55047,-1.3414601,1.9376645,0.5888741
470.0,-2.4013844,-7.620744,9.5385,-1.1594223,1.9877555,0.6719518
479.0,-2.4995465,-7.565677,9.433155,-0.9651671,2.0231857,0.79412484
488.0,-2.5761611,-7.539341,9.143456,-0.784351,2.0292943,0.8979719
499.0,-2.5234885,-7.4962454,8.884883,-0.675617,2.0341814,0.9810496
510.0,-2.6072857,-7.57286,8.779537,-0.61575216,2.07572,1.0567969
519.0,-2.815581,-7.5824366,8.420407,-0.5412266,2.1331415,1.128879
529.0,-3.0765493,-7.4723034,8.197746,-0.43982297,2.1820107,1.1667526
539.0,-3.3686419,-7.371747,8.063671,-0.32986724,2.2333233,1.1887437
550.0,-3.5098996,-7.2951326,7.8505874,-0.21135938,2.2638667,1.2241739
562.0,-3.6703112,-7.2113357,7.61835,-0.07452556,2.26631,1.2779301
573.0,-3.6846764,-6.88333,7.225701,0.057421334,2.2638667,1.3206906
582.0,-3.7684734,-6.5241995,6.715736,0.12095132,2.2455406,1.328021
592.0,-3.6272156,-6.6654577,6.4044895,0.064751714,2.221106,1.3390167
602.0,-3.550601,-7.1251445,6.256049,-0.111177474,2.20278,1.3988814
613.0,-3.526659,-7.929596,6.169858,-0.27977628,2.207667,1.4672983
622.0,-3.6511576,-8.561666,5.9807158,-0.27122417,2.2223277,1.491733
633.0,-3.86903,-8.607155,5.777209,-0.07819075,2.2504275,1.5222762
642.0,-3.9791632,-8.343793,5.518635,0.23335053,2.2699752,1.5503759
651.0,-4.1371803,-7.908048,5.267244,0.52290064,2.252871,1.5784758
663.0,-4.220978,-7.560889,4.805163,0.6731735,2.2223277,1.6212363
674.0,-4.261679,-7.2113357,4.5058875,0.60231316,2.147802,1.6920967
682.0,-4.3502645,-7.079654,4.2999864,0.60231316,2.147802,1.6920967
694.0,-4.4364557,-7.050924,4.19943,0.41905355,2.0891593,1.7336355
700.0,-4.4556093,-7.1227503,4.285621,0.23335053,2.0415115,1.749518
713.0,-4.5274353,-7.299921,4.24492,0.14782938,2.0048597,1.7605137
722.0,-4.939238,-7.017405,4.027047,0.312763,1.9413297,1.8411479
732.0,-5.0996494,-6.667852,3.7804444,0.45814893,1.9022343,1.8374827
742.0,-5.161899,-6.145916,3.5865142,0.54244834,1.8643607,1.8533652
754.0,-5.3438582,-5.861006,3.394978,0.5571091,1.817935,1.8961257
762.0,-5.533,-5.482722,3.2393548,0.52656585,1.7556267,1.921782
773.0,-5.7987566,-5.2385135,3.2082303,0.4813618,1.7018706,1.9193386
782.0,-5.9519854,-5.130774,3.0765493,0.44715336,1.6334536,1.926669
793.0,-6.0525417,-4.8267107,3.064578,0.4166101,1.5625933,1.9559906
800.0,-6.1243677,-4.6710877,2.8491,0.40194935,1.4966198,1.971873
813.0,-6.217742,-4.5537715,3.0238767,0.4092797,1.4330899,1.9816469
824.0,-6.3566055,-4.3023806,3.0358477,0.43127087,1.3891076,1.9963076
833.0,-6.543353,-4.072537,2.837129,0.48258355,1.3658947,1.9950858
843.0,-6.8306575,-3.809175,2.6192567,0.56199604,1.351234,1.9816469
853.0,-6.9264255,-3.454833,2.4061728,0.6133087,1.3206906,1.9779817
861.0,-7.050924,-3.0334535,2.3319526,0.58276546,1.2815952,1.9779817
873.0,-7.0365586,-2.765303,2.2577322,0.47158796,1.2229522,1.9767599
879.0,-7.098808,-2.585738,2.1523874,0.32742378,1.1569787,1.9633209
891.0,-7.2065473,-2.5570073,2.1260512,0.22357668,1.1093313,1.9523253
901.0,-7.314286,-2.3918076,2.1571758,0.1881465,1.0690142,1.9559906
911.0,-7.417237,-2.303222,2.1068976,0.22479841,1.0262536,1.9633209
923.0,-7.603985,-1.9776106,2.0350714,0.31520647,0.99204516,1.953547
933.0,-7.7093296,-1.6376339,1.8698715,0.4007276,0.9663888,1.9278907
944.0,-7.833828,-1.1204864,1.8267759,0.4361578,0.9431759,1.9010127
953.0,-7.869741,-0.91219085,1.8004397,0.4007276,0.9126327,1.8839084
961.0,-7.8865004,-0.79008657,1.8555063,0.3005457,0.8784242,1.8716911
974.0,-8.003817,-0.61530983,1.7764976,0.19425514,0.8576548,1.8533652
983.0,-8.082825,-0.61770403,1.7381904,0.13439035,0.8491027,1.8435913
994.0,-8.236053,-0.5554548,1.7501614,0.11362094,0.82833326,1.8594738
1001.0,-8.276755,-0.31603462,1.5945383,0.12095132,0.7965683,1.8655825
1012.0,-8.240842,0.0047884034,1.4413095,0.14049901,0.7635816,1.8411479
1022.0,-8.264784,0.33039984,1.4413095,0.1685988,0.7367035,1.8093829
1033.0,-8.269572,0.48123455,1.4293385,0.18448131,0.7098254,1.7983873
1045.0,-8.147469,0.5722142,1.352724,0.19547687,0.68416905,1.7922786
1055.0,-8.00621,0.7038953,1.3239936,0.21380283,0.6585127,1.7788396
1078.0,-8.130709,0.9792285,1.2330139,0.21746802,0.6450737,1.7629571
1078.0,-8.214506,1.2473791,1.2018893,0.19181168,0.6609562,1.7507398
1078.0,-8.377312,1.4532804,1.1420342,0.14172074,0.6768387,1.7373008
1089.0,-8.322245,1.6328455,1.067814,0.06719518,0.6462954,1.7128662
1098.0,-8.238448,1.6639702,0.9911995,-0.004886922,0.59620446,1.6835446
1114.0,-8.166622,1.7884687,0.9576807,-0.040317107,0.5681047,1.6542231
1119.0,-8.042124,1.8219875,0.91697925,-0.010995574,0.548557,1.6212363
1129.0,-8.099585,2.0159178,0.770933,0.07086037,0.5314528,1.5943583
1140.0,-8.128315,2.1212628,0.62009823,0.172264,0.5119051,1.5748106
1149.0,-8.161834,2.3774424,0.58418524,0.27488935,0.47891834,1.563815
1159.0,-8.135497,2.5594015,0.62249243,0.33841935,0.4569272,1.5650368
1171.0,-8.073248,2.7389667,0.51235914,0.36285394,0.43860126,1.5625933
1178.0,-8.12592,2.89459,0.45010993,0.37140608,0.4129449,1.5430456
1189.0,-8.109161,3.0262709,0.47165772,0.3640757,0.39706242,1.5161675
1198.0,-8.051701,3.1603463,0.47165772,0.33108896,0.36896262,1.4905112
1208.0,-8.111555,3.2704794,0.35194764,0.267559,0.3481932,1.4660766
1218.0,-8.063671,3.25372,0.39504328,0.20891592,0.34574974,1.4367551
1229.0,-8.056489,3.3063924,0.37828386,0.18692477,0.3371976,1.4001031
1239.0,-8.00621,3.4117374,0.50757074,0.20769419,0.31642818,1.3634512
1248.0,-7.967903,3.3446999,0.4261679,0.25778514,0.29810223,1.346347
1258.0,-8.025364,3.6511576,0.32321724,0.30543262,0.28710666,1.3500122
1270.0,-8.128315,3.7924154,0.23702596,0.33841935,0.27977628,1.3658947
1278.0,-7.9990277,4.0892963,0.14844051,0.33964106,0.2406809,1.3793337
1291.0,-7.8865004,4.2401314,0.038307227,0.27977628,0.18325958,1.3854424
1298.0,-7.809886,4.4364557,0.079008654,0.1685988,0.14905111,1.378112
1314.0,-7.690176,4.6902413,0.22026655,0.037873644,0.12339478,1.3426818
1318.0,-7.6590514,4.8482585,0.15322891,-0.06841691,0.095294975,1.2742649
1328.0,-7.675811,5.1642933,-0.019153614,-0.13683382,0.087964594,1.1985176
1339.0,-7.704541,5.4420204,0.110133275,-0.15149458,0.09773844,1.1374311
1349.0,-7.81228,5.554548,0.17717093,-0.12217305,0.1160644,1.1117748
1358.0,-7.8050976,5.6766524,0.37349546,-0.073303826,0.11484267,1.1129965
1380.0,-7.642292,5.6766524,0.22984336,-0.02443461,0.095294975,1.1227703
1422.0,-7.577648,5.8322754,0.007182605,0.008552114,0.061086524,1.1191051
1422.0,-7.4962454,6.0357823,-0.093373865,0.002443461,0.021991149,1.0910053
1422.0,-7.4004774,6.277597,-0.28491,-0.04520403,-0.004886922,1.028697
1422.0,-7.398083,6.5002575,-0.51714754,-0.10873401,-0.018325957,0.93218035
1422.0,-7.338228,6.4978633,-0.5530606,-0.15760323,-0.009773844,0.8246681
1485.0,-7.3765354,6.4068837,-0.3184288,-0.1966986,-0.0036651916,0.7318166
1485.0,-7.3789296,6.327875,-0.23463176,-0.22602014,-0.010995574,0.657291
1485.0,-7.3430166,6.2249246,-0.1364695,-0.18081611,-0.043982297,0.5864306
1485.0,-7.2568254,6.217742,0.01436521,-0.043982297,-0.07452556,0.516792
1499.0,-7.16824,6.3901243,-0.06703765,0.13805555,-0.11484267,0.44837508
1499.0,-7.144298,6.622362,-0.20350714,0.3005457,-0.15027285,0.3921755
1499.0,-7.1083846,6.8545995,-0.22505496,0.36651915,-0.16493362,0.35308012
1499.0,-7.1945763,6.9120603,-0.31364042,0.29932398,-0.17348573,0.31764993
1509.0,-7.2065473,6.9647326,-0.2873042,0.15515977,-0.17104226,0.26389378
1526.0,-7.237672,6.706159,0.011971008,0.0036651916,-0.15027285,0.18692477
1551.0,-7.228095,6.4020953,0.35673606,-0.10995574,-0.12705997,0.09773844
1551.0,-7.1227503,6.1507044,0.50517654,-0.14294247,-0.11484267,0.013439035
1551.0,-7.1155677,6.0262055,0.5770026,-0.07574729,-0.089186326,-0.047647487
1561.0,-7.177817,5.9064956,0.48841715,0.06719518,-0.065973446,-0.07819075
1570.0,-7.2951326,5.913678,0.35434186,0.22724187,-0.05009095,-0.05009095
1578.0,-7.501034,6.0405707,0.031124622,0.15027285,-0.043982297,-0.032986723
1591.0,-7.5321584,5.9687448,0.090979666,0.021991149,-0.035430185,-0.039095376
1599.0,-7.503428,5.853823,0.15083471,-0.10140363,-0.030543262,-0.07086037
1608.0,-7.536947,5.7389016,0.36391866,-0.18692477,-0.019547688,-0.10140363
1619.0,-7.630321,5.755661,0.6368576,-0.21380283,-0.010995574,-0.11362094
1629.0,-7.728483,5.920861,0.770933,-0.18203785,0.0,-0.105068825
1639.0,-7.8266454,5.9902925,0.80684596,-0.08674286,0.021991149,-0.0842994
1650.0,-7.9487495,6.253655,0.85473,0.029321533,0.037873644,-0.056199603
1659.0,-7.9966335,6.4427967,0.6895301,0.095294975,0.037873644,-0.018325957
1669.0,-8.00621,6.7013707,0.6799533,0.07819075,0.029321533,0.013439035
1679.0,-8.025364,6.895301,0.5674258,0.017104227,0.035430185,0.018325957
1690.0,-8.106767,7.0006456,0.5770026,-0.035430185,0.06352998,-0.008552114
1701.0,-8.11395,7.2113357,0.60573304,-0.058643065,0.1001819,-0.058643065
1712.0,-8.1881695,7.2328835,0.47644615,-0.052534413,0.11484267,-0.12339478
1721.0,-8.195353,7.359776,0.32321724,-0.02565634,0.112399206,-0.19303341
1731.0,-8.154651,7.422025,0.22984336,0.0061086523,0.10629055,-0.25778514
1741.0,-8.226477,7.4028716,0.0023942017,0.030543262,0.09040806,-0.31764993
1752.0,-8.123527,7.273585,-0.10534488,0.035430185,0.0720821,-0.36896262
1762.0,-8.073248,7.098808,-0.23942018,0.039095376,0.05375614,-0.41538838
1773.0,-8.128315,6.799533,-0.24660277,0.032986723,0.029321533,-0.45937067
1782.0,-8.185776,6.6295447,-0.31124622,0.018325957,0.0061086523,-0.50946164
1795.0,-8.183381,6.4547677,-0.15801731,0.021991149,-0.02687807,-0.5693264
1801.0,-8.147469,6.349423,-0.06703765,0.05375614,-0.073303826,-0.63163465
1813.0,-8.027759,6.351817,-0.007182605,0.1001819,-0.12461651,-0.6805039
1822.0,-7.9726915,6.3805475,-0.035913024,0.16615535,-0.16737708,-0.72082096
1832.0,-7.929596,6.50744,-0.2633622,0.24801129,-0.204029,-0.75625116
1840.0,-8.00621,6.5625067,-0.23463176,0.29443705,-0.2321288,-0.7831292
1851.0,-7.965509,6.279991,-0.06703765,0.25167647,-0.267559,-0.8063421
1860.0,-7.8290396,5.9783216,-0.19871874,0.14782938,-0.3042109,-0.8527679
1872.0,-7.824251,5.616797,-0.019153614,0.06352998,-0.30787608,-0.9272934
1880.0,-7.78355,5.353435,0.1436521,0.02443461,-0.30909783,-0.9969321
1891.0,-7.7189064,5.092467,0.1364695,-0.0036651916,-0.32986724,-1.0348058
1899.0,-7.6494746,5.0134583,0.28491,-0.037873644,-0.37018433,-1.0506883
1963.0,-7.6949644,4.9440265,0.14844051,-0.08307768,-0.3933972,-1.0616838
1963.0,-7.764396,4.745308,0.088585466,-0.12217305,-0.40317106,-1.0848967
1963.0,-7.831434,4.3981485,0.16998832,-0.13194689,-0.40561453,-1.1227703
1963.0,-7.831434,4.084508,0.10055647,-0.10995574,-0.40439278,-1.1630874
1963.0,-7.824251,3.7445314,0.15801731,-0.057421334,-0.41050145,-1.1936307
1963.0,-7.8649526,3.5553896,0.24420857,0.019547688,-0.4251622,-1.1997393
1974.0,-7.93199,3.4715924,0.39983168,0.07696902,-0.44226643,-1.1814134
1979.0,-8.037335,3.4093432,0.5363012,0.10140363,-0.44837508,-1.1545353
1989.0,-8.087613,3.4165258,0.7757214,0.12095132,-0.45448375,-1.1398746
1999.0,-8.061277,3.3423057,0.8690952,0.13072516,-0.4642576,-1.1276573
2010.0,-8.121132,3.2752678,0.8451532,0.105068825,-0.4728097,-1.0983357
2019.0,-8.231265,3.1483753,0.9624691,0.057421334,-0.4654793,-1.065349
2029.0,-8.389283,3.2393548,1.2138603,0.0,-0.45448375,-1.0421361
2039.0,-8.394072,3.1196449,1.3239936,-0.064751714,-0.45448375,-1.0238101
2049.0,-8.425196,3.0358477,1.4317327,-0.11362094,-0.45937067,-1.0140363
2060.0,-8.420407,3.0478187,1.532289,-0.119729586,-0.44348818,-1.0225884
2071.0,-8.508993,3.040636,1.5682021,-0.06841691,-0.4202753,-1.0384709
2079.0,-8.549694,2.9400797,1.6376339,0.036651913,-0.38728857,-1.0567969
2089.0,-8.578424,2.906561,1.532289,0.13561209,-0.37873647,-1.0677924
2102.0,-8.537724,2.9831753,1.3934253,0.15882497,-0.3848451,-1.0592403
2110.0,-8.640674,2.980781,1.3694834,0.10262536,-0.38606682,-1.0409144
2123.0,-8.576031,2.7964275,1.436521,-0.009773844,-0.37995818,-1.0274754
2131.0,-8.6574335,2.6599581,1.6041151,-0.1441642,-0.3652974,-1.0323622
2139.0,-8.748413,2.408567,1.7022774,-0.25778514,-0.34574974,-1.0580186
2149.0,-8.7053175,2.1571758,1.8219875,-0.30298916,-0.33108896,-1.0873401
2160.0,-8.825027,1.8148049,1.7860745,-0.26633725,-0.32620203,-1.0934488
2170.0,-8.9279785,1.7477672,1.7812861,-0.16126843,-0.3286455,-1.0983357
2181.0,-9.0429,1.7549498,1.6519991,-0.04520403,-0.3408628,-1.0995574
2192.0,-9.040505,1.8148049,1.5825673,0.019547688,-0.3652974,-1.0726794
2201.0,-9.009381,1.7621324,1.7357962,0.012217305,-0.39095375,-1.0250319
2212.0,-8.932767,1.6208745,1.8148049,-0.035430185,-0.4129449,-0.98715824
2221.0,-8.813056,1.4508862,1.9153614,-0.07696902,-0.4202753,-0.98349303
2232.0,-8.839393,1.1420342,2.0111294,-0.10262536,-0.4129449,-0.9981538
2239.0,-8.7771435,1.0893618,2.1404164,-0.11362094,-0.39706242,-1.0140363
2255.0,-8.841787,0.9552865,2.1260512,-0.09285152,-0.38362336,-1.0299188
2260.0,-8.868123,0.78290397,2.0446482,-0.036651913,-0.37873647,-1.0299188
2276.0,-8.880095,0.62488663,1.9440918,0.009773844,-0.39584067,-0.9957104
2288.0,-8.767567,0.4309563,1.8722657,0.0,-0.41538838,-0.9309586
2289.0,-8.731653,0.1436521,1.8986019,-0.061086524,-0.4202753,-0.86376345
2301.0,-8.781932,-0.023942016,2.1404164,-0.12461651,-0.40561453,-0.8222246
2313.0,-8.839393,-0.10295067,2.303222,-0.14905111,-0.38973203,-0.816116
2320.0,-8.980651,-0.021547815,2.4540567,-0.119729586,-0.37507126,-0.81245077
2332.0,-9.126697,0.074220255,2.5306711,-0.04886922,-0.36163223,-0.79412484
2342.0,-9.105149,0.24899697,2.56419,0.017104227,-0.3811799,-0.75502944
2351.0,-9.081207,0.5626374,2.6072857,0.037873644,-0.4092797,-0.69027776
2361.0,-8.978256,0.6679823,2.6048915,0.036651913,-0.41050145,-0.6206391
2374.0,-9.040505,0.7469909,2.6264393,0.09040806,-0.36041048,-0.61208695
2383.0,-9.200917,0.7374141,2.5450363,0.09040806,-0.36041048,-0.61208695
2394.0,-9.222465,0.81881696,2.3750482,0.13072516,-0.3200934,-0.68539083
2403.0,-9.215282,0.85473,2.4540567,0.14782938,-0.28955013,-0.7611381
2413.0,-9.095572,0.79008657,2.3918076,0.112399206,-0.2883284,-0.8026769
2422.0,-9.009381,0.51714754,2.408567,-0.004886922,-0.30787608,-0.8063421
2435.0,-8.8777,0.011971008,2.6767175,-0.23090707,-0.2919936,-0.8356637
2444.0,-8.89446,-0.08140286,2.8514943,-0.2125811,-0.267559,-0.8894198
2455.0,-8.987833,-0.260968,2.870648,-0.11362094,-0.25778514,-0.9272934
2463.0,-9.006987,-0.16280572,2.873042,0.02076942,-0.2602286,-0.92485
2476.0,-9.0476885,-0.11731588,2.717419,0.13072516,-0.28710666,-0.88697636
2484.0,-8.971074,-0.10295067,2.5929205,0.17715092,-0.31398472,-0.8405506
2494.0,-8.9040365,-0.090979666,2.597709,0.17470746,-0.3371976,-0.816116
2504.0,-8.805874,-0.31364042,2.6647465,0.13194689,-0.35185838,-0.82833326
2515.0,-8.655039,-0.48841715,2.7246015,0.052534413,-0.3408628,-0.8588765
