51.0,-1.2976574,-1.0247183,9.976639,0.14538592,-0.35796702,-1.0543534
51.0,-0.7134721,0.7134721,9.77792,0.16982053,0.12217305,-0.07819075
51.0,-1.0893618,0.91697925,9.765948,0.04153884,-0.26145032,-0.2883284
83.0,-1.4652514,0.5674258,9.768343,0.029321533,-0.39828414,-0.30176744
83.0,-1.5969325,0.035913024,9.92636,0.13927728,0.43004912,0.3323107
83.0,-1.1947067,-0.38067806,9.859323,-0.012217305,0.47769663,0.47403142
89.0,-0.8619126,-0.50038815,9.895236,-0.3115413,0.18325958,-0.23457226
98.0,-1.1252748,-0.48841715,9.957485,-0.32253686,0.20280726,-0.3933972
109.0,-1.3958195,-0.4213795,10.000581,-0.29443705,0.21746802,-0.31398472
118.0,-1.4460979,-0.50996494,9.916783,-0.23701571,0.22113322,-0.1441642
127.0,-1.2521675,-0.5506664,9.854534,-0.1600467,0.21502456,-0.04642576
139.0,-1.1468226,-0.61052144,9.749189,-0.07941248,0.21868975,-0.0842994
149.0,-1.1731589,-0.48602295,9.856929,-0.002443461,0.2443461,-0.21991149
158.0,-1.2066777,-0.39983168,9.835381,0.080634214,0.27000242,-0.3640757
168.0,-1.2521675,-0.3878607,9.85214,0.15149458,0.28344148,-0.4447099
178.0,-1.4413095,-0.20590134,9.988609,0.16982053,0.31520647,-0.4569272
191.0,-1.6208745,0.21787235,10.254366,0.14049901,0.35185838,-0.45448375
198.0,-1.70946,0.62728083,10.383653,0.087964594,0.38240165,-0.47891834
211.0,-1.8794483,0.8834604,10.527305,0.002443461,0.41050145,-0.5290093
218.0,-1.8435353,0.9911995,10.486604,-0.14905111,0.45814893,-0.5876524
229.0,-1.8746599,0.8834604,10.520123,-0.3555236,0.5375614,-0.643852
241.0,-1.922544,0.59855044,10.582372,-0.57787853,0.63529986,-0.6914995
248.0,-1.9991584,0.074220255,10.500969,-0.75502944,0.7318166,-0.73548174
258.0,-2.0231004,-0.35194764,10.500969,-0.8564331,0.79534656,-0.7733554
270.0,-2.2720973,-0.45010993,10.637438,-0.8881981,0.8539896,-0.81489426
278.0,-2.4301147,-0.36870706,10.694899,-0.85154617,0.89675015,-0.8527679
289.0,-2.585738,-0.28491,10.623073,-0.7819075,0.91751957,-0.86376345
298.0,-2.669535,-0.272939,10.7116585,-0.75747293,0.9492846,-0.84665924
309.0,-2.6839,-0.32321724,10.840945,-0.8564331,1.0030408,-0.8136725
318.0,-2.779668,-0.25139117,10.800244,-1.0763446,1.0616838,-0.79168135
329.0,-2.8419175,-0.35673606,10.771513,-1.3304645,1.1252137,-0.7855727
338.0,-2.9041667,-0.6775591,10.91756,-1.568702,1.1948525,-0.7831292
349.0,-2.942474,-1.1540052,10.845734,-1.78617,1.2767084,-0.75747293
358.0,-3.0262709,-1.8315643,10.881647,-1.9755383,1.3707817,-0.6963864
368.0,-3.1316159,-2.5234885,10.876859,-2.117259,1.46852,-0.6133087
378.0,-3.383007,-3.2082303,10.70687,-2.1783454,1.5479325,-0.54000485
391.0,-3.6224272,-3.5865142,10.244789,-2.1673498,1.6016886,-0.48624873
399.0,-3.7972038,-4.010288,9.888053,-2.1453588,1.640784,-0.44959682
410.0,-3.8714242,-4.2640734,9.77792,-2.1551325,1.6798794,-0.40683624
419.0,-3.904943,-4.6686935,9.710882,-2.1978931,1.7201965,-0.33108896
429.0,-3.8905778,-5.1666875,9.464279,-2.261423,1.7434094,-0.204029
439.0,-3.7445314,-5.626374,9.378088,-2.2870796,1.7641789,-0.036651913
450.0,-3.6487634,-6.3661823,9.157822,-2.1905627,1.8167132,0.13194689
459.0,-3.7229836,-6.9240313,8.724471,-1.958434,1.8680259,0.27122417
470.0,-3.9336734,-7.2113357,8.408437,-1.640784,1.9022343,0.35430184
479.0,-4.211401,-7.1849995,7.740454,-1.3121386,1.9376645,0.38728857
490.0,-4.510676,-6.8402343,7.3190746,-1.0372492,1.9401081,0.39706242
499.0,-4.644751,-6.4787097,7.0940194,-0.8881981,1.9242256,0.41416663
512.0,-4.6926355,-5.997475,7.026982,-0.9224065,1.9193386,0.4801401
519.0,-4.675876,-5.695806,6.9719152,-1.0836749,1.9230038,0.59498274
529.0,-4.630386,-5.8322754,7.0221934,-1.2266175,1.9498819,0.7367035
542.0,-4.620809,-6.3470287,6.847417,-1.2767084,1.9840903,0.9053023
553.0,-4.6016555,-6.555324,6.5218053,-1.2596041,1.9975294,1.0751228
563.0,-4.7189717,-6.7731967,6.301539,-1.1887437,2.0048597,1.1887437
574.0,-4.972757,-6.6606693,6.167464,-1.0946705,2.0158553,1.2437216
582.0,-5.2026005,-6.3805475,6.042965,-0.9822713,2.0305161,1.2657127
593.0,-5.415684,-5.932832,5.758055,-0.83077675,2.0402899,1.287704
603.0,-5.7724204,-5.511452,5.547365,-0.65240407,2.0427334,1.3377949
614.0,-5.93762,-5.17387,5.1810527,-0.5314528,2.0378466,1.4196508
623.0,-6.0716953,-4.9081135,4.939238,-0.51923543,2.021964,1.5027285
634.0,-6.1507044,-4.5992613,4.9081135,-0.6243043,2.0073032,1.563815
643.0,-6.217742,-4.465186,4.6040497,-0.81245077,2.0024164,1.6029104
653.0,-6.4547677,-4.5657425,4.5418005,-1.0115929,2.0011945,1.627345
662.0,-6.6415157,-4.9296613,4.345476,-1.1753048,1.9963076,1.6578883
674.0,-6.8569937,-5.197812,4.1132383,-1.2559389,1.9828686,1.7116444
683.0,-6.9767036,-5.1642933,4.000711,-1.2351695,1.9559906,1.78617
693.0,-7.017405,-5.3486466,3.8379054,-1.0946705,1.9034561,1.8704693
703.0,-6.9838862,-5.451597,3.7181952,-0.8686504,1.8277088,1.9669861
715.0,-6.9623384,-5.1666875,3.763685,-0.6218608,1.7458528,2.0463986
723.0,-6.8785415,-4.757279,3.5529952,-0.43982297,1.6811012,2.0635028
733.0,-6.895301,-4.3047748,3.229778,-0.27488935,1.6420058,2.0476203
743.0,-7.079654,-3.7181952,2.9640217,-0.18325958,1.6261233,2.0744984
755.0,-7.2544312,-3.2225955,2.767697,-0.172264,1.6224581,2.172237
763.0,-7.469909,-3.0693667,2.4229321,-0.25289822,1.5894713,2.2870796
772.0,-7.513005,-3.0095115,2.111686,-0.42394048,1.5222762,2.35794
783.0,-7.577648,-3.0669725,2.2888567,-0.64996064,1.4624114,2.3603833
793.0,-7.654263,-3.3686419,2.492364,-0.8038987,1.4416419,2.3139575
804.0,-7.78355,-3.5649664,2.3774424,-0.7611381,1.4245378,2.2504275
815.0,-7.85777,-3.5769374,2.3942018,-0.081855945,1.3402383,2.2589796
822.0,-7.8410106,-3.0621839,2.1859062,-0.081855945,1.3402383,2.2589796
834.0,-7.855376,-2.5594015,1.8650831,0.3371976,1.2974777,2.3603833
844.0,-7.8027034,-1.8602947,1.6160861,0.65484756,1.2498302,2.4630086
853.0,-7.7907324,-1.2856863,1.2449849,0.83199847,1.1911873,2.5216517
863.0,-7.9367785,-0.79726917,0.79487497,0.73548174,1.128879,2.5167649
875.0,-8.099585,-0.12928689,0.40222588,0.55833083,1.110553,2.4740043
884.0,-7.9966335,-0.04070143,0.51714754,0.36163223,1.0641272,2.4239132
893.0,-7.953538,0.019153614,0.7062895,0.18325958,1.0128145,2.3811526
903.0,-7.8170686,0.047884032,0.93134445,0.09285152,0.9859365,2.3493876
915.0,-7.797915,-0.12689269,0.93852705,0.12461651,0.97005403,2.3261747
924.0,-7.845799,-0.02873042,0.6967127,0.24556783,0.96761054,2.3017402
934.0,-8.027759,0.3184288,0.5602432,0.41172317,0.9737192,2.284636
945.0,-8.090008,0.8283938,0.33039984,0.56321776,0.9492846,2.3005185
954.0,-8.204929,1.3096284,0.20829555,0.6377433,0.9053023,2.356718
966.0,-8.0684595,1.5394717,-0.074220255,0.6267477,0.8527679,2.4263568
973.0,-7.8266454,1.673547,-0.30166942,0.5644395,0.8038987,2.4642303
983.0,-7.762002,1.8100165,-0.4405331,0.50946164,0.7806858,2.4422393
995.0,-7.7787614,1.8962077,-0.50517654,0.46792278,0.7806858,2.3554964
1004.0,-7.6973586,2.1428106,-0.49559975,0.44959682,0.7806858,2.235767
1016.0,-7.728483,2.3654714,-0.62249243,0.4605924,0.7635816,2.1368067
1022.0,-7.7811556,2.6240451,-0.7015011,0.5021312,0.75625116,2.0928242
1035.0,-7.8266454,2.918532,-0.79487497,0.5558874,0.7476991,2.112372
1044.0,-7.764396,3.107674,-0.94331545,0.593761,0.7122689,2.1636846
1057.0,-7.680599,3.371036,-1.2689269,0.593761,0.6743952,2.2149973
1067.0,-7.6015906,3.6870706,-1.352724,0.56321776,0.6365216,2.2382102
1072.0,-7.457938,3.9911342,-1.3575124,0.5021312,0.57543504,2.2223277
1114.0,-7.3047094,4.4843397,-1.4556746,0.41783184,0.52534413,2.172237
1115.0,-7.252037,4.642357,-1.4341269,0.344528,0.51068336,2.1025982
1115.0,-7.129933,4.807557,-1.4053963,0.2932153,0.49113566,2.0280726
1115.0,-7.2113357,5.032612,-1.6519991,0.26511553,0.4605924,1.9706513
1120.0,-7.2951326,5.398925,-1.7764976,0.2919936,0.44593164,1.9376645
1131.0,-7.338228,5.6431336,-1.7381904,0.38973203,0.39706242,1.9254472
1142.0,-7.1131735,6.021417,-1.7549498,0.50823987,0.31887165,1.9058995
1151.0,-6.9383965,6.339846,-1.9440918,0.61819565,0.26389378,1.858252
1161.0,-6.8881183,6.8785415,-2.0446482,0.69027776,0.22235495,1.7715092
1172.0,-6.871359,7.431602,-2.3295584,0.7171558,0.18936823,1.6505579
1181.0,-6.919243,7.8027034,-2.554613,0.67073005,0.14782938,1.5149459
1190.0,-6.787562,8.00621,-2.7748797,0.5338962,0.10629055,1.3805555
1200.0,-6.7013707,7.955932,-2.801216,0.3408628,0.062308256,1.2473868
1211.0,-6.715736,7.7931266,-2.4827871,0.13439035,0.02443461,1.1129965
1220.0,-6.7372837,7.515399,-2.3343468,-0.012217305,-0.018325957,0.97494096
1233.0,-6.667852,7.2448545,-2.2337902,-0.042760566,-0.06719518,0.8356637
1242.0,-6.6893997,7.3166804,-2.1883004,0.04153884,-0.1282817,0.7049385
1252.0,-6.7133417,7.7572136,-1.99437,0.19181168,-0.19425514,0.5925393
1262.0,-6.766014,8.293514,-1.9800048,0.32253686,-0.27366763,0.49968776
1274.0,-6.7708025,8.947132,-1.757344,0.3811799,-0.34697145,0.40317106
1282.0,-6.619968,9.416395,-1.5801731,0.38606682,-0.4007276,0.28588495
1294.0,-6.4188547,9.435549,-1.721431,0.3652974,-0.41538838,0.13561209
1302.0,-6.3446345,9.308656,-1.7669208,0.3286455,-0.3848451,-0.04886922
1315.0,-6.4523735,9.002198,-1.910573,0.26145032,-0.3371976,-0.25167647
1323.0,-6.7803793,8.528147,-1.8674773,0.14294247,-0.27000242,-0.44348818
1333.0,-7.1945763,8.346188,-1.8890251,-0.032986723,-0.2125811,-0.60231316
1342.0,-7.4028716,8.166622,-1.8914193,-0.24556783,-0.19181168,-0.7134906
1354.0,-7.513005,7.9750857,-1.6927006,-0.42149702,-0.19914207,-0.77213365
1362.0,-7.3549876,7.6015906,-1.6807296,-0.535118,-0.2406809,-0.8051204
1372.0,-7.1490865,7.2424603,-1.6472107,-0.5717699,-0.2761111,-0.8417723
1382.0,-7.0940194,6.801927,-1.6208745,-0.5363397,-0.28710666,-0.89919364
1392.0,-7.2544312,6.4739213,-1.6950948,-0.47769663,-0.2724459,-0.97494096
1407.0,-7.524976,6.2129536,-1.6927006,-0.41783184,-0.24678956,-1.0494665
1413.0,-7.7931266,6.090849,-1.6352397,-0.37140608,-0.24556783,-1.105666
1421.0,-7.8410106,6.0166287,-1.4556746,-0.3408628,-0.27488935,-1.1264355
1431.0,-7.920019,6.021417,-1.4532804,-0.31520647,-0.3408628,-1.1068878
1440.0,-7.845799,6.1195793,-1.4580688,-0.2846632,-0.40194935,-1.0629056
1452.0,-7.893683,6.0740895,-1.4700398,-0.25900686,-0.45204028,-1.0348058
1461.0,-7.905654,6.0597243,-1.3575124,-0.24923302,-0.47891834,-1.0555751
1473.0,-7.917625,5.961562,-1.3814543,-0.2687807,-0.47891834,-1.128879
1480.0,-7.9128366,5.719748,-1.2138603,-0.28955013,-0.47647488,-1.2168436
1491.0,-7.9966335,5.3965306,-1.0103531,-0.29810223,-0.47769663,-1.2815952
1500.0,-7.9391727,5.2026005,-0.8882488,-0.29932398,-0.48258355,-1.3072516
1512.0,-8.106767,5.00867,-0.5506664,-0.2932153,-0.49480084,-1.3011429
1521.0,-8.224083,4.8458643,-0.39983168,-0.2761111,-0.50701815,-1.2791518
1532.0,-8.221688,4.711789,-0.37110126,-0.24801129,-0.516792,-1.2657127
1541.0,-8.240842,4.721366,-0.46926352,-0.25045475,-0.5534439,-1.2669345
1559.0,-8.173804,4.5034933,-0.56982,-0.3200934,-0.5815437,-1.2669345
1564.0,-8.147469,4.209007,-0.51235914,-0.453262,-0.59620446,-1.2608259
1588.0,-8.133103,3.9217024,-0.20590134,-0.63285637,-0.593761,-1.2681563
1588.0,-8.204929,3.502717,0.22266077,-0.7501425,-0.5546656,-1.3035865
1593.0,-8.310274,3.181894,0.49559975,-0.72204274,-0.5045747,-1.351234
1628.0,-8.420407,2.8083985,0.6344634,-0.55833083,-0.46792278,-1.3854424
1628.0,-8.561666,2.7581203,0.78290397,-0.1282817,-0.47403142,-1.3377949
1628.0,-8.631097,2.822764,0.7302315,-0.1282817,-0.47403142,-1.3377949
1769.0,-8.537724,3.1292217,0.20590134,0.13805555,-0.54000485,-1.174083
1771.0,-8.5473,3.1771057,0.0,0.10873401,-0.55833083,-1.102001
1771.0,-8.487445,3.1244333,0.06703765,-0.1001819,-0.5693264,-1.0629056
1771.0,-8.37013,2.9400797,0.3184288,-0.4251622,-0.5546656,-1.0641272
1771.0,-8.243237,2.5330653,0.59136784,-0.7415904,-0.52656585,-1.1068878
1771.0,-8.236053,2.0685902,1.0630256,-0.9077458,-0.4605924,-1.1814134
1771.0,-8.358158,1.5753847,1.364695,-0.86498517,-0.3885103,-1.2632693
1771.0,-8.614338,1.2665327,1.4700398,-0.63041294,-0.31031954,-1.3255776
1771.0,-8.808268,1.0749966,1.4221559,-0.2602286,-0.26145032,-1.3475688
1771.0,-9.045294,1.2952632,1.2545617,0.13316862,-0.2773328,-1.3231341
1771.0,-9.035717,1.4987702,1.1731589,0.4447099,-0.3200934,-1.2339478
1771.0,-8.808268,1.8459295,0.94331545,0.6096435,-0.39950588,-1.0897835
1771.0,-8.513782,1.9129672,0.8475474,0.6010914,-0.4654793,-0.9419542
1771.0,-8.37013,1.9512744,0.7398083,0.4202753,-0.4813618,-0.8527679
1773.0,-8.389283,1.7788919,0.7062895,0.09040806,-0.44715336,-0.8564331
1825.0,-8.655039,1.5682021,0.92895025,-0.31398472,-0.36163223,-0.93218035
1825.0,-8.956709,1.1659763,1.0893618,-0.66339964,-0.2773328,-1.0372492
1825.0,-8.987833,0.6775591,1.2330139,-0.8723156,-0.23701571,-1.1166617
1825.0,-9.076419,0.2657564,1.5753847,-0.9334021,-0.22968534,-1.1472049
1825.0,-9.198523,0.0047884034,1.745373,-0.8393288,-0.22113322,-1.1349876
1851.0,-9.186552,-0.019153614,1.6711528,-0.61086524,-0.21135938,-1.0934488
1851.0,-9.406818,0.20590134,1.5610195,-0.2919936,-0.19547687,-1.0262536
1858.0,-9.454702,0.61291564,1.376666,0.008552114,-0.20280726,-0.93828905
1862.0,-9.306262,0.9552865,1.127669,0.18203785,-0.23945917,-0.8405506
1873.0,-9.107543,1.1994951,1.0151415,0.19914207,-0.26633725,-0.75625116
1887.0,-9.011775,1.2521675,0.82360536,0.064751714,-0.2773328,-0.72326446
1893.0,-9.011775,1.2497733,0.89303726,-0.17104226,-0.26267207,-0.75991637
1902.0,-8.968679,0.92176765,1.0989386,-0.42149702,-0.24312437,-0.8491027
1913.0,-9.035717,0.44532153,1.4197617,-0.6084218,-0.22479841,-0.95294976
1922.0,-9.040505,-0.019153614,1.6998832,-0.65484756,-0.2003638,-1.0396926
1932.0,-9.121908,-0.47405192,1.7836803,-0.5326745,-0.18448131,-1.0934488
1942.0,-9.165004,-0.7278373,1.6998832,-0.31642818,-0.18936823,-1.0946705
1953.0,-9.109938,-0.6991069,1.5251064,-0.12339478,-0.22968534,-1.0238101
1962.0,-9.153033,-0.47644615,1.3718776,-0.05131268,-0.28588495,-0.89675015
1972.0,-9.11712,-0.30166942,1.4317327,-0.12950343,-0.34574974,-0.77213365
1984.0,-9.198523,-0.1436521,1.4772224,-0.30665436,-0.37751472,-0.71959925
1993.0,-9.291897,-0.20350714,1.7357962,-0.48991394,-0.36896262,-0.7501425
2002.0,-9.270349,-0.521936,1.8291701,-0.6267477,-0.3481932,-0.83077675
2014.0,-9.289502,-0.94331545,2.0925324,-0.6658431,-0.33353242,-0.906524
2022.0,-9.294291,-1.0893618,2.147599,-0.5864306,-0.3115413,-0.9297369
2033.0,-9.344569,-1.2665327,2.0087352,-0.38240165,-0.28588495,-0.8881981
2044.0,-9.428367,-1.1947067,1.9752164,-0.13439035,-0.2883284,-0.8026769
2056.0,-9.382876,-0.9576807,1.8243817,0.0036651916,-0.32498032,-0.70371675
2064.0,-9.337387,-0.48362875,1.6112977,-0.021991149,-0.35918877,-0.64751714
2075.0,-9.354146,-0.33997664,1.6807296,-0.12583824,-0.36651915,-0.6560693
2084.0,-9.155427,-0.5386954,1.8100165,-0.26389378,-0.3555236,-0.7012733
2095.0,-9.030929,-1.043872,1.8411411,-0.41538838,-0.33964106,-0.7623598
2105.0,-9.045294,-1.2114661,2.0566192,-0.49357912,-0.31887165,-0.82344633
2116.0,-9.050082,-1.3479356,2.2361844,-0.45081854,-0.28955013,-0.86498517
2125.0,-9.19134,-1.436521,2.2601264,-0.2968805,-0.267559,-0.88086766
2136.0,-9.40203,-1.2880806,2.2768857,-0.064751714,-0.24190263,-0.88208944
2144.0,-9.509769,-1.2258313,2.0446482,0.17348573,-0.23945917,-0.87598073
2155.0,-9.356541,-1.1085154,1.8986019,0.33964106,-0.25900686,-0.86376345
2167.0,-9.069236,-1.0007763,1.9153614,0.37507126,-0.2968805,-0.84421575
2178.0,-8.695741,-1.1300632,1.910573,0.2443461,-0.35918877,-0.83077675
2187.0,-8.53054,-1.2689269,1.970428,0.019547688,-0.376293,-0.8527679
2196.0,-8.48984,-1.6950948,2.1547816,-0.172264,-0.3408628,-0.9016371
2214.0,-8.702923,-2.1452048,2.4253263,-0.29077184,-0.2932153,-0.9468411
2214.0,-8.822633,-2.44448,2.552219,-0.29565877,-0.27488935,-0.9737192
2259.0,-8.784326,-2.6408045,2.621651,-0.16371189,-0.26389378,-0.9822713
2259.0,-8.7771435,-2.6264393,2.6288335,0.05497787,-0.2565634,-0.9639453
2259.0,-8.7532015,-2.3702598,2.4827871,0.25289822,-0.267559,-0.9272934
2259.0,-8.676587,-2.123657,2.2720973,0.34574974,-0.2773328,-0.89675015
2266.0,-8.494628,-2.0039468,2.384625,0.33841935,-0.28221974,-0.88331115
2272.0,-8.365341,-2.1260512,2.3870192,0.24678956,-0.2846632,-0.8881981
2282.0,-8.257602,-2.5354595,2.3582888,0.13316862,-0.27855456,-0.8979719
2293.0,-8.26239,-2.7605145,2.5330653,0.02565634,-0.26267207,-0.90285885
2304.0,-8.1642275,-2.9975405,2.4875755,-0.111177474,-0.27488935,-0.9016371
2314.0,-8.185776,-3.3063924,2.6839,-0.204029,-0.27855456,-0.90285885
2324.0,-8.221688,-3.5194764,2.801216,-0.204029,-0.2687807,-0.8979719
2333.0,-8.173804,-3.7445314,2.873042,-0.12095132,-0.2602286,-0.87598073
2346.0,-8.171411,-3.821146,2.837129,0.035430185,-0.25534168,-0.8503244
2354.0,-8.121132,-3.5553896,2.7102363,0.20158553,-0.25534168,-0.82711154
2362.0,-8.056489,-3.2082303,2.4540567,0.27977628,-0.2687807,-0.7892379
2374.0,-8.159439,-2.8275523,2.3678656,0.22724187,-0.28099802,-0.7538077
2383.0,-8.221688,-2.918532,2.3558946,0.058643065,-0.29565877,-0.75869465
2393.0,-8.243237,-3.193865,2.5570073,-0.15027285,-0.30176744,-0.7965683
2404.0,-8.307879,-3.4859576,2.6886885,-0.32253686,-0.31031954,-0.82711154
2416.0,-8.109161,-3.7588966,2.822764,-0.35308012,-0.32620203,-0.8173377
2425.0,-7.8027034,-4.110844,2.9951463,-0.2321288,-0.312763,-0.80756384
2436.0,-7.716512,-4.249708,3.1124623,-0.061086524,-0.28955013,-0.7770206
2445.0,-7.8050976,-4.1802764,3.0765493,0.095294975,-0.25534168,-0.7257079
2456.0,-7.9463553,-4.015076,3.028665,0.18325958,-0.2321288,-0.69027776
2465.0,-8.049306,-3.7780502,2.944868,0.19792034,-0.2321288,-0.6976081
2475.0,-8.020576,-3.5625722,3.0909145,0.15882497,-0.24923302,-0.7257079
2489.0,-8.0924015,-3.6128504,3.0885203,0.087964594,-0.24801129,-0.7489208
2497.0,-8.037335,-3.7541082,3.1364043,0.036651913,-0.23823744,-0.7770206
2509.0,-7.953538,-3.7852328,3.040636,0.007330383,-0.2321288,-0.8051204
2514.0,-7.833828,-3.9839516,3.0813377,0.004886922,-0.21991149,-0.8210029
