33.0,1.1348516,-1.5442601,9.787497,0.007330383,-0.02076942,-0.0012217305
44.0,2.147599,0.31124622,9.217676,0.16371189,0.10140363,-0.07941248
46.0,1.9608512,0.2873042,9.224859,0.019547688,-0.2773328,-0.27855456
56.0,1.3599066,-0.7278373,9.555259,-0.052534413,-0.42394048,-0.1441642
67.0,1.0989386,-1.4317327,9.643845,0.015882496,0.38973203,0.44104472
76.0,1.0606314,-1.5466543,9.749189,-0.10629055,0.376293,0.30543262
88.0,1.3311762,-1.4221559,9.495404,-0.27122417,0.13683382,-0.105068825
97.0,1.388637,-1.2114661,9.461885,-0.36285394,-0.047647487,-0.2443461
106.0,1.2952632,-1.3311762,9.306262,-0.37751472,-0.032986723,-0.04520403
116.0,1.2042835,-1.5346833,9.3182335,-0.33353242,-0.02076942,0.12461651
126.0,1.283292,-1.5777789,9.184157,-0.2724459,-0.028099801,0.118507855
137.0,1.283292,-1.6567876,9.129091,-0.23823744,-0.042760566,0.019547688
148.0,1.4197617,-1.6352397,9.121908,-0.20891592,-0.043982297,-0.039095376
156.0,1.3862427,-1.5227122,9.148245,-0.17837265,-0.04886922,-0.02321288
168.0,1.3551182,-1.2378023,9.200917,-0.16371189,-0.062308256,0.015882496
176.0,1.4101849,-0.9911995,9.279925,-0.19303341,-0.09162979,0.02443461
187.0,1.4676456,-0.7158663,9.3661175,-0.28588495,-0.119729586,-0.002443461
199.0,1.5969325,-0.7086837,9.334992,-0.4447099,-0.13072516,-0.02687807
207.0,1.6639702,-0.94570965,9.363723,-0.6365216,-0.112399206,-0.019547688
216.0,1.6065093,-1.3742718,9.409213,-0.8222246,-0.07819075,-0.007330383
227.0,1.5442601,-1.6208745,9.399636,-0.96761054,-0.05497787,-0.02076942
237.0,1.5490485,-1.8890251,9.514558,-1.0396926,-0.036651913,-0.057421334
247.0,1.4030021,-1.9393034,9.516952,-1.0225884,-0.032986723,-0.095294975
257.0,1.376666,-1.958457,9.416395,-0.95294976,-0.061086524,-0.11728613
269.0,1.4293385,-2.0446482,9.423578,-0.88697636,-0.07696902,-0.119729586
277.0,1.5298948,-2.0446482,9.421184,-0.8454375,-0.073303826,-0.10629055
287.0,1.5227122,-2.1428106,9.519346,-0.8210029,-0.06841691,-0.09162979
297.0,1.4437037,-2.2457612,9.332599,-0.81489426,-0.062308256,-0.08552113
307.0,1.4413095,-2.56419,9.165004,-0.83199847,-0.06841691,-0.07574729
317.0,1.4101849,-2.7485435,9.107543,-0.8698721,-0.07819075,-0.06352998
328.0,1.3263878,-2.72939,9.267955,-0.87109387,-0.065973446,-0.064751714
337.0,1.4413095,-2.8395233,9.26556,-0.79901177,-0.07086037,-0.064751714
347.0,1.376666,-2.89459,9.248801,-0.7110472,-0.105068825,-0.039095376
357.0,1.4413095,-3.0023289,9.210494,-0.66339964,-0.12217305,0.007330383
368.0,1.4221559,-3.098097,9.232041,-0.6072,-0.13439035,0.056199603
377.0,1.5849615,-3.3518825,9.196129,-0.6072,-0.13439035,0.056199603
388.0,1.4532804,-3.3877954,9.495404,-0.54611355,-0.13072516,0.04886922
397.0,1.4293385,-3.3279405,9.634268,-0.50946164,-0.12583824,0.034208454
407.0,1.4987702,-3.1794999,9.720459,-0.4813618,-0.13194689,0.007330383
417.0,1.4532804,-3.1004913,9.689334,-0.4801401,-0.111177474,-0.012217305
428.0,1.5179238,-3.0382419,9.744401,-0.5045747,-0.08674286,-0.010995574
437.0,1.472434,-2.9879637,9.907207,-0.5693264,-0.043982297,0.0
448.0,1.4149733,-2.908955,10.067618,-0.643852,0.002443461,-0.004886922
457.0,1.3599066,-2.837129,10.2495775,-0.7293731,0.04642576,-0.018325957
468.0,1.4341269,-2.8203697,10.46745,-0.87598073,0.1001819,-0.0012217305
477.0,1.4652514,-3.0909145,10.6877165,-1.1007792,0.17837265,0.062308256
487.0,1.496376,-3.3255463,10.869676,-1.3768903,0.28955013,0.14049901
497.0,1.3096284,-3.6583402,11.154586,-1.6566665,0.40317106,0.17715092
508.0,1.1971009,-4.036624,11.484985,-1.8912388,0.5290093,0.17348573
517.0,1.0366893,-4.7070007,11.705252,-2.0451767,0.66339964,0.18936823
528.0,0.8738836,-5.434838,11.652579,-2.1294763,0.79045963,0.26511553
539.0,0.7469909,-5.877765,11.525687,-2.1233675,0.8918633,0.3567453
550.0,0.641646,-6.2368956,11.415554,-2.0341814,0.9798279,0.39095375
560.0,0.557849,-6.2823853,11.269507,-1.9120082,1.0714576,0.3848451
572.0,0.49081135,-6.3087215,11.11149,-1.831374,1.1691961,0.3933972
579.0,0.36631286,-6.421249,10.864887,-1.8044959,1.2840388,0.44959682
590.0,0.25378537,-6.6630635,10.649409,-1.7971655,1.3878858,0.54611355
600.0,0.12689269,-6.897695,10.429143,-1.7800614,1.4905112,0.657291
609.0,-0.016759412,-7.0485296,10.129868,-1.7238617,1.5809193,0.7452556
620.0,-0.055066638,-7.1514807,9.818622,-1.632232,1.6420058,0.8014552
632.0,-0.17477672,-7.026982,9.3661175,-1.536937,1.6945401,0.8368854
640.0,-0.25617957,-6.801927,9.165004,-1.4465289,1.7470746,0.8686504
649.0,-0.35913026,-6.7947445,8.889671,-1.3878858,1.7935003,0.9224065
660.0,-0.4285621,-6.847417,8.731653,-1.3952162,1.8399261,1.0030408
671.0,-0.5530606,-7.0581064,8.475474,-1.4367551,1.9058995,1.0922271
680.0,-0.8595184,-7.2783732,8.149862,-1.4648548,1.9620992,1.1850786
691.0,-1.2593501,-7.2687964,7.9367785,-1.491733,1.998751,1.2620476
699.0,-1.5346833,-7.1730285,7.740454,-1.5308284,2.0097466,1.2999213
711.0,-1.7262194,-7.2592196,7.675811,-1.5968018,1.9975294,1.3439035
720.0,-1.8339585,-7.5082164,7.551312,-1.6481144,1.9779817,1.4245378
730.0,-1.8890251,-7.9032598,7.5800424,-1.5992452,1.9633209,1.5198327
740.0,-2.0135236,-8.415619,7.4483614,-1.3988814,1.9608774,1.6175711
751.0,-2.2337902,-8.602366,7.177817,-1.065349,1.9596558,1.6933185
761.0,-2.492364,-8.456321,7.041347,-0.6939429,1.958434,1.72264
772.0,-2.693477,-8.02297,6.7492547,-0.37873647,1.9633209,1.7140878
780.0,-2.882619,-7.431602,6.435614,-0.17837265,1.9523253,1.7079792
792.0,-3.098097,-7.0964136,6.181829,-0.10873401,1.9291124,1.7214183
800.0,-3.2441432,-7.086837,5.9687448,-0.15027285,1.8863518,1.7617353
811.0,-3.3758245,-7.240066,5.765238,-0.26389378,1.8472565,1.8154916
820.0,-3.526659,-7.5680714,5.8203044,-0.3652974,1.8069394,1.8680259
831.0,-3.6583402,-7.8625584,5.729325,-0.3921755,1.7763962,1.9254472
841.0,-3.8307228,-7.8410106,5.619191,-0.3286455,1.754405,1.9804251
850.0,-3.9360676,-7.747637,5.4420204,-0.17837265,1.7214183,2.0060816
859.0,-4.120421,-7.4268136,5.073313,-0.012217305,1.6872098,2.01219
872.0,-4.3742065,-7.0126166,4.747702,0.09773844,1.6530013,2.0109684
880.0,-4.6782703,-6.6510925,4.5537715,0.1563815,1.6200147,1.9926424
890.0,-5.0278234,-6.4188547,4.4005427,0.16371189,1.5796975,1.9938642
900.0,-5.3007627,-6.4380083,4.4316673,0.14172074,1.5467108,2.0244074
911.0,-5.365406,-6.435614,4.3406878,0.13439035,1.4990633,2.0720549
920.0,-5.3845596,-6.291962,4.187459,0.15393804,1.4440855,2.1062634
931.0,-5.2983685,-6.093243,3.833117,0.21013765,1.3891076,2.1099286
939.0,-5.439626,-5.8083334,3.5913026,0.27488935,1.3585643,2.1062634
951.0,-5.674258,-5.511452,3.3446999,0.31764993,1.3451253,2.0977113
960.0,-5.8945246,-5.17387,3.1004913,0.3286455,1.3182472,2.0659463
972.0,-6.191406,-4.735731,2.8491,0.30787608,1.2779301,2.0329595
980.0,-6.5026517,-4.474763,2.72939,0.2565634,1.2339478,2.0134118
992.0,-6.742072,-4.098873,2.44448,0.1881465,1.1924089,1.998751
1000.0,-6.801927,-3.8857894,2.3822308,0.09040806,1.1203269,1.9853121
1010.0,-6.6989765,-3.7900212,2.4756045,-0.02443461,1.0396926,1.9755383
1019.0,-6.655881,-3.9480386,2.5450363,-0.1160644,0.9810496,1.9645426
1031.0,-6.7684083,-4.0318356,2.6599581,-0.1282817,0.95294976,1.9388863
1040.0,-6.969521,-4.1276035,2.6743233,-0.06352998,0.93218035,1.9034561
1070.0,-7.0700774,-4.0677485,2.5833437,0.04642576,0.9089675,1.8765781
1070.0,-7.1227503,-3.799598,2.3750482,0.15515977,0.87109387,1.8692477
1070.0,-6.9886746,-3.6152446,2.2146366,0.23335053,0.82711154,1.8826867
1078.0,-6.967127,-3.3327289,2.135628,0.23945917,0.784351,1.9083431
1087.0,-7.019799,-3.0334535,2.207454,0.17715092,0.7648033,1.9046779
1098.0,-7.1490865,-2.908955,2.3391352,0.07819075,0.7440339,1.863139
1110.0,-7.2951326,-2.8874073,2.4109612,-0.030543262,0.7281514,1.8154916
1118.0,-7.441179,-2.9975405,2.4516625,-0.096516706,0.70738196,1.7825048
1130.0,-7.529764,-3.0454245,2.5617957,-0.062308256,0.6658431,1.7617353
1139.0,-7.5201874,-2.9041667,2.5210943,0.05375614,0.61575216,1.7568485
1151.0,-7.5704656,-2.5785553,2.492364,0.19547687,0.5888741,1.7568485
1159.0,-7.560889,-2.2601264,2.528277,0.312763,0.5705481,1.7434094
1172.0,-7.716512,-1.757344,2.4947581,0.37140608,0.55955255,1.7238617
1179.0,-7.73806,-1.541866,2.2984335,0.376293,0.54733527,1.709201
1189.0,-7.8170686,-1.30484,2.1906946,0.34697145,0.5338962,1.7006488
1200.0,-7.9463553,-1.1180922,2.219425,0.2846632,0.51923543,1.6933185
1209.0,-7.991845,-0.9935937,2.0829554,0.2125811,0.4886922,1.6713274
1220.0,-8.094796,-0.91937345,2.1380222,0.16249016,0.4605924,1.6432275
1232.0,-8.073248,-0.8379706,2.2337902,0.15760323,0.42394048,1.6212363
1238.0,-8.001422,-0.8571242,2.1643584,0.21624629,0.38606682,1.6016886
1249.0,-7.9966335,-0.62009823,2.135628,0.32742378,0.35308012,1.5809193
1258.0,-7.9583263,-0.260968,2.0901382,0.4569272,0.3494149,1.5552629
1269.0,-8.0445175,0.50278234,1.8986019,0.58032197,0.32253686,1.4856243
1277.0,-7.989451,0.7086837,1.9297266,0.5375614,0.30176744,1.4501941
1289.0,-7.9846625,0.8834604,2.066196,0.44959682,0.28588495,1.4110987
1297.0,-7.9607205,0.9792285,2.0111294,0.3640757,0.27366763,1.3671165
1308.0,-8.042124,0.9624691,2.0901382,0.32375857,0.28344148,1.3219124
1318.0,-8.101978,1.0007763,2.0590134,0.33353242,0.28588495,1.2815952
1328.0,-8.032547,1.0989386,1.9776106,0.36896262,0.26389378,1.2412782
1338.0,-8.159439,1.400608,1.8004397,0.41538838,0.2565634,1.2009611
1349.0,-8.207323,1.6950948,1.8028339,0.44715336,0.2602286,1.1630874
1358.0,-8.204929,1.8124107,1.8698715,0.42638394,0.25045475,1.1276573
1369.0,-8.192958,1.9393034,1.7717092,0.33964106,0.25167647,1.0897835
1377.0,-8.231265,1.9369092,1.7286136,0.25045475,0.22724187,1.0433578
1387.0,-8.267179,1.8052281,1.8100165,0.18936823,0.21135938,0.98837996
1397.0,-8.401254,1.8219875,1.769315,0.16615535,0.20891592,0.9370673
1408.0,-8.614338,1.8698715,1.8459295,0.19058995,0.19547687,0.89919364
1416.0,-8.525752,1.9393034,1.8555063,0.24556783,0.1685988,0.8772025
1427.0,-8.487445,1.8962077,1.8507179,0.31398472,0.14049901,0.86498517
1436.0,-8.461109,1.9560628,1.934515,0.3921755,0.12461651,0.8539896
1447.0,-8.463503,2.0350714,1.9057846,0.4569272,0.13072516,0.8332202
1466.0,-8.549694,2.2481554,1.697489,0.50335294,0.13439035,0.8002335
1469.0,-8.652645,2.3343468,1.7118542,0.5021312,0.12705997,0.77457714
1509.0,-8.798691,2.5570073,1.8028339,0.41538838,0.10629055,0.7635816
1509.0,-8.798691,2.6719291,1.7645266,0.27855456,0.08552113,0.7501425
1509.0,-8.726865,2.5474305,1.6472107,0.17348573,0.039095376,0.71593404
1509.0,-8.674192,2.44448,1.6472107,0.13072516,-0.007330383,0.6743952
1659.0,-8.669404,2.3822308,1.721431,0.13561209,-0.035430185,0.64873886
1659.0,-8.662222,2.360683,1.5873557,0.19425514,-0.05375614,0.6377433
1659.0,-8.662222,2.4947581,1.472434,0.2883284,-0.062308256,0.6389651
1659.0,-8.74123,2.5737667,1.4030021,0.38973203,-0.039095376,0.6560693
1659.0,-8.851364,2.8658595,1.3694834,0.45814893,-0.0061086523,0.6805039
1659.0,-8.968679,3.1028855,1.1324574,0.45570546,0.019547688,0.70249504
1659.0,-8.987833,3.359065,1.1563994,0.3652974,0.037873644,0.72204274
1659.0,-8.899248,3.3806129,1.079785,0.20525073,0.032986723,0.7452556
1659.0,-8.671799,3.3207579,1.2354081,0.007330383,-0.013439035,0.7672467
1659.0,-8.595184,3.0693667,1.3551182,-0.15393804,-0.039095376,0.7831292
1659.0,-8.513782,2.9041667,1.4030021,-0.19792034,-0.052534413,0.77579886
1659.0,-8.645462,2.9783869,1.5586253,-0.11362094,-0.057421334,0.7489208
1659.0,-8.595184,3.2489316,1.5921441,0.06963864,-0.05375614,0.72204274
1659.0,-8.544906,3.6774938,1.3910311,0.26633725,-0.07452556,0.70616025
1660.0,-8.456321,4.0174704,1.2593501,0.40561453,-0.10140363,0.70005155
1669.0,-8.355764,4.3023806,1.1563994,0.44837508,-0.11362094,0.68539083
1719.0,-8.384495,4.5920787,1.1085154,0.38606682,-0.105068825,0.65240407
1719.0,-8.47308,4.853047,1.1755531,0.25289822,-0.09040806,0.59498274
1719.0,-8.401254,4.8745947,1.283292,0.10873401,-0.08307768,0.52412236
1719.0,-8.422802,4.8602295,1.4149733,-0.0012217305,-0.08307768,0.45081854
1719.0,-8.3629465,4.876989,1.7717092,-0.062308256,-0.06352998,0.3848451
1737.0,-8.403648,4.721366,1.7741034,-0.05497787,-0.02687807,0.32498032
1737.0,-8.487445,4.644751,1.6927006,0.039095376,-0.010995574,0.26633725
1747.0,-8.568848,4.699818,1.661576,0.17959438,0.0012217305,0.20647246
1758.0,-8.671799,4.9440265,1.5634137,0.2968805,0.0,0.15149458
1769.0,-8.66701,5.142745,1.4269443,0.32498032,-0.034208454,0.111177474
1781.0,-8.578424,5.281609,1.328782,0.25289822,-0.06841691,0.08307768
1787.0,-8.585608,5.2600613,1.3072342,0.12583824,-0.081855945,0.05131268
1797.0,-8.487445,4.865018,1.5610195,0.0,-0.07574729,0.0
1807.0,-8.542512,4.5633483,1.6256629,-0.08674286,-0.062308256,-0.073303826
1817.0,-8.583213,4.3143516,1.769315,-0.10262536,-0.059864793,-0.15027285
1828.0,-8.485051,4.122815,1.8076223,-0.034208454,-0.080634214,-0.20769419
1837.0,-8.602366,4.039018,1.8818425,0.08307768,-0.11728613,-0.23090707
1847.0,-8.537724,4.074931,1.8866309,0.20525073,-0.15760323,-0.21991149
1858.0,-8.602366,4.1515455,1.8722657,0.31031954,-0.18325958,-0.19547687
1868.0,-8.635885,4.1515455,2.006341,0.38240165,-0.17715092,-0.17837265
1877.0,-8.714894,4.197036,1.922544,0.3885103,-0.15882497,-0.17959438
1888.0,-8.659827,4.2281604,1.9416976,0.31520647,-0.14782938,-0.19792034
1897.0,-8.652645,4.1659107,2.0231004,0.18570304,-0.12461651,-0.2125811
1909.0,-8.607155,4.0701427,2.1428106,0.056199603,-0.10140363,-0.21624629
1918.0,-8.63828,4.158728,2.2481554,-0.030543262,-0.06963864,-0.21746802
1929.0,-8.889671,4.010288,2.3295584,-0.04520403,-0.02687807,-0.22235495
1939.0,-9.093178,3.9959226,2.3439236,0.004886922,0.002443461,-0.22602014
1950.0,-9.23683,4.1635165,2.3942018,0.06963864,0.015882496,-0.22235495
1959.0,-9.344569,4.378995,2.4756045,0.12583824,0.02076942,-0.21135938
1970.0,-9.227253,4.6399627,2.4253263,0.17470746,0.018325957,-0.19792034
1980.0,-9.124303,4.805163,2.2840683,0.22235495,0.021991149,-0.1966986
1990.0,-9.179369,4.9224787,2.018312,0.27855456,0.042760566,-0.21991149
2000.0,-9.263166,4.9823337,1.8962077,0.33475417,0.07819075,-0.27000242
2010.0,-9.454702,5.1140146,1.8818425,0.36896262,0.112399206,-0.33108896
2026.0,-9.414001,5.12838,1.8315643,0.3811799,0.119729586,-0.3848451
2074.0,-9.244013,5.044583,1.7525556,0.37873647,0.10262536,-0.4202753
2074.0,-9.114726,4.855441,1.697489,0.36285394,0.073303826,-0.43860126
2074.0,-9.02614,4.6686935,1.6136919,0.3371976,0.05497787,-0.45814893
2074.0,-9.028535,4.5657425,1.4437037,0.31764993,0.042760566,-0.4972443
2074.0,-8.992621,4.3406878,1.5227122,0.3115413,0.036651913,-0.54733527
2121.0,-8.942344,4.1659107,1.3479356,0.30298916,0.03176499,-0.59986967
2121.0,-8.963891,3.9671922,1.1755531,0.30176744,0.02443461,-0.64996064
2121.0,-9.033323,3.7110126,1.1324574,0.3213151,0.0061086523,-0.6927212
2121.0,-9.006987,3.620033,1.2162545,0.35063666,-0.02076942,-0.71959925
2121.0,-8.9040365,3.4332852,1.2378023,0.37507126,-0.065973446,-0.7293731
2129.0,-8.827422,3.2944214,1.1013328,0.3848451,-0.119729586,-0.7293731
2137.0,-8.767567,3.217807,1.0654198,0.38606682,-0.16371189,-0.7293731
2147.0,-8.791509,2.8323407,1.127669,0.36285394,-0.20280726,-0.75625116
2157.0,-8.89446,2.719813,1.1133038,0.35308012,-0.21380283,-0.7855727
2168.0,-8.870518,2.56419,1.1252748,0.3652974,-0.2284636,-0.81245077
2184.0,-8.932767,2.552219,1.2401965,0.40561453,-0.24190263,-0.8246681
2189.0,-9.038112,2.5689783,1.4628572,0.45448375,-0.24801129,-0.8173377
2197.0,-9.006987,2.5785553,1.5562311,0.5045747,-0.26511553,-0.79168135
2208.0,-8.9279785,2.693477,1.5227122,0.54000485,-0.2932153,-0.75869465
2217.0,-8.959103,2.8107927,1.5346833,0.54244834,-0.3005457,-0.7415904
2228.0,-8.956709,2.8107927,1.5035586,0.5045747,-0.29565877,-0.75136423
2237.0,-8.920795,2.6862943,1.5059528,0.4202753,-0.28955013,-0.7806858
2248.0,-8.887277,2.6384103,1.5131354,0.31764993,-0.28099802,-0.8173377
2257.0,-8.8777,2.384625,1.6831238,0.2406809,-0.26389378,-0.84665924
2270.0,-8.872911,2.1763294,1.8219875,0.204029,-0.24312437,-0.8588765
2277.0,-8.817844,1.9752164,1.7836803,0.19058995,-0.23457226,-0.86132
2287.0,-8.836999,1.8579005,1.8195933,0.18936823,-0.21868975,-0.86376345
2300.0,-8.954314,1.9895816,1.8866309,0.19914207,-0.204029,-0.86498517
2309.0,-8.9519205,2.0350714,1.8986019,0.18448131,-0.21502456,-0.8552113
2318.0,-8.836999,1.9800048,1.8339585,0.1441642,-0.23090707,-0.8393288
2329.0,-8.801085,1.8267759,1.7238252,0.096516706,-0.23335053,-0.8417723
2340.0,-8.813056,1.661576,1.7070658,0.081855945,-0.22357668,-0.8723156
2349.0,-8.925584,1.5394717,1.8291701,0.10751228,-0.20769419,-0.9101892
2359.0,-8.872911,1.484405,1.8986019,0.14294247,-0.20525073,-0.9260717
2372.0,-8.825027,1.4221559,1.8531121,0.16615535,-0.22357668,-0.91874135
2379.0,-8.813056,1.4891934,1.910573,0.16249016,-0.22479841,-0.90285885
2390.0,-8.746018,1.4676456,2.1188686,0.13439035,-0.21135938,-0.89919364
2398.0,-8.686164,1.3694834,2.1045034,0.09773844,-0.21502456,-0.91996306
2409.0,-8.688558,1.2473791,1.9416976,0.065973446,-0.21746802,-0.95417154
2441.0,-8.662222,1.079785,2.006341,0.05009095,-0.22113322,-0.98349303
2442.0,-8.619126,0.85473,1.9919758,0.059864793,-0.21746802,-1.0030408
2442.0,-8.556877,0.7565677,2.0398598,0.09040806,-0.22602014,-1.0128145
2448.0,-8.487445,0.62967503,1.8387469,0.12583824,-0.2406809,-1.0140363
2569.0,-8.537724,0.5554548,1.8148049,0.15882497,-0.23335053,-1.0115929
2569.0,-8.525752,0.5386954,1.9177556,0.172264,-0.22724187,-1.0115929
2569.0,-8.525752,0.4165911,1.9560628,0.15149458,-0.23335053,-1.0103711
2569.0,-8.540117,0.50038815,1.9919758,0.087964594,-0.24556783,-1.0177015
2569.0,-8.556877,0.2896984,2.0087352,0.028099801,-0.25289822,-1.0360274
2569.0,-8.597578,0.06464344,2.3415294,0.002443461,-0.24312437,-1.0580186
2569.0,-8.525752,-0.22744916,2.3894134,0.019547688,-0.21991149,-1.0812315
2569.0,-8.463503,-0.31603462,2.3774424,0.081855945,-0.21013765,-1.1044444
2569.0,-8.552089,-0.33758244,2.3774424,0.16737708,-0.17715092,-1.105666
2569.0,-8.640674,-0.35673606,2.3798366,0.21746802,-0.14782938,-1.0836749
2569.0,-8.760384,-0.23223756,2.432509,0.20158553,-0.12705997,-1.0604621
