63.0,0.23942018,0.50996494,9.919178,0.14538592,0.13561209,-0.06719518
63.0,0.2657564,0.59615624,9.837775,-0.034208454,-0.2406809,-0.267559
63.0,0.2705448,0.7685388,9.837775,-0.25534168,-0.32986724,-0.45937067
63.0,0.24899697,0.78529817,9.7084875,-0.29443705,0.5412266,-0.25900686
95.0,0.28491,0.91458505,9.564836,-0.47647488,0.6426302,-0.4251622
95.0,0.32561144,0.89303726,9.548077,-0.68294734,0.54244834,-0.6291912
95.0,0.23942018,0.60094464,9.598354,-0.86132,0.4447099,-0.7305948
101.0,0.12210429,0.39504328,9.531317,-1.070236,0.5009095,-0.74281216
108.0,-0.06703765,0.24660277,9.270349,-1.2913691,0.53878313,-0.7635816
117.0,-0.35194764,0.49320555,9.138668,-1.4831808,0.54611355,-0.8222246
127.0,-0.31603462,0.7637503,9.227253,-1.6786577,0.5045747,-0.90408057
138.0,-0.14604631,0.78290397,9.411607,-1.9010127,0.48258355,-0.9407325
149.0,0.05746084,0.20350714,9.730036,-2.2223277,0.52290064,-0.8527679
158.0,0.17477672,-0.49799395,10.067618,-2.6829202,0.56688297,-0.643852
168.0,0.009576807,-1.5131354,10.522516,-3.1202996,0.68661255,-0.41172317
178.0,-0.22505496,-1.8602947,10.517728,-3.4965928,0.73548174,-0.27977628
190.0,-0.34237084,-2.396596,9.94312,-3.811799,0.675617,-0.27977628
198.0,-0.36391866,-2.9520507,9.473856,-4.1001277,0.72082096,-0.35185838
210.0,-0.46447513,-3.8163576,9.390059,-4.327369,0.8588765,-0.37751472
220.0,-0.6775591,-5.1379566,9.653421,-4.359134,1.0225884,-0.29077184
229.0,-1.127669,-6.1195793,9.92636,-4.1050143,1.142318,-0.14660765
238.0,-1.520318,-6.517017,9.751583,-3.649309,1.2034045,-0.065973446
248.0,-1.757344,-6.167464,9.502586,-3.1740558,1.2021828,-0.10995574
258.0,-1.7166426,-5.631162,9.512163,-2.7904325,1.2070698,-0.2125811
270.0,-1.7046716,-5.410896,9.351752,-2.5167649,1.2205088,-0.2406809
278.0,-1.7525556,-5.6096144,9.050082,-2.3542747,1.2400564,-0.16493362
289.0,-1.8842367,-6.090849,8.793902,-2.2785273,1.2779301,-0.07086037
298.0,-2.0207062,-6.6726403,8.599973,-2.244319,1.3243558,-0.015882496
310.0,-2.3918076,-7.0365586,8.762778,-2.212554,1.3744467,0.012217305
318.0,-2.7102363,-7.2304893,8.808268,-2.1649065,1.4355333,0.052534413
330.0,-2.9735985,-7.3047094,8.822633,-2.1025982,1.4404203,0.10995574
339.0,-3.0789435,-7.7548194,8.815451,-2.0011945,1.4196508,0.19914207
348.0,-3.0358477,-8.365341,8.966286,-1.8362609,1.4159856,0.3640757
358.0,-3.1627405,-8.683769,8.889671,-1.5980235,1.4318681,0.5412266
369.0,-3.301604,-8.987833,8.76996,-1.2730432,1.459968,0.6401868
379.0,-3.4931402,-8.92319,8.619126,-0.9309586,1.4929546,0.68294734
390.0,-3.679888,-8.674192,8.504205,-0.6169739,1.5247196,0.7049385
398.0,-3.9384618,-8.47308,8.327033,-0.33964106,1.5393804,0.7501425
410.0,-4.0701427,-8.401254,8.111555,-0.15515977,1.5442673,0.86620694
419.0,-4.012682,-8.343793,8.137892,-0.081855945,1.5515977,1.0115929
429.0,-4.0222588,-8.23366,8.010999,-0.07086037,1.563815,1.1203269
439.0,-4.050989,-8.154651,7.771579,-0.081855945,1.5858061,1.2021828
450.0,-4.0940847,-8.015787,7.529764,-0.09896017,1.6200147,1.287704
459.0,-4.256891,-7.9152308,7.395689,-0.10751228,1.6627752,1.3756685
469.0,-4.4196963,-7.747637,7.326257,-0.1160644,1.6920967,1.4624114
479.0,-4.51307,-7.7691846,7.216124,-0.12583824,1.7116444,1.5454891
489.0,-4.4603977,-7.9032598,7.192182,-0.10262536,1.7189748,1.6285667
499.0,-4.4101195,-8.066066,6.9838862,-0.010995574,1.7336355,1.7250835
511.0,-4.477157,-8.101978,6.7708025,0.1685988,1.754405,1.8203784
519.0,-4.510676,-7.7189064,6.5218053,0.3652974,1.78617,1.8875736
529.0,-4.606444,-7.1466923,6.205771,0.4886922,1.8240436,1.9303342
539.0,-4.7620673,-6.631939,5.9759274,0.516792,1.863139,1.9596558
552.0,-4.88896,-6.1219735,5.7604494,0.46670106,1.890017,1.9914207
563.0,-4.9943047,-5.899313,5.461174,0.36163223,1.890017,2.0341814
573.0,-5.106832,-5.805939,5.437232,0.25289822,1.8961257,2.0830505
582.0,-5.221754,-5.875371,5.379771,0.204029,1.8997909,2.1148155
592.0,-5.2863975,-5.8203044,5.1523223,0.21991149,1.8863518,2.1502457
603.0,-5.3606176,-5.710171,4.9057193,0.2761111,1.8753563,2.1954496
613.0,-5.5258174,-5.449203,4.560954,0.35796702,1.8716911,2.2174408
623.0,-5.693412,-5.183447,4.2664676,0.453262,1.863139,2.2101104
634.0,-5.8825536,-4.831499,4.060566,0.52534413,1.8460348,2.207667
642.0,-6.126762,-4.4795513,3.8786068,0.5522222,1.8191566,2.2247713
652.0,-6.220136,-4.2664676,3.6655228,0.5571091,1.7788396,2.2492058
663.0,-6.26802,-4.235343,3.679888,0.5558874,1.7238617,2.2650883
673.0,-6.3542113,-3.9815574,3.3973722,0.5656612,1.6652187,2.26631
683.0,-6.4164605,-3.8762126,3.3542767,0.59131753,1.6212363,2.2565362
693.0,-6.505046,-3.643975,3.241749,0.63529986,1.5992452,2.2553146
703.0,-6.64391,-3.3877954,2.9640217,0.6951646,1.5662584,2.2492058
713.0,-6.8043213,-3.0909145,2.8203697,0.7965683,1.4782939,2.234545
720.0,-6.895301,-2.7222073,2.6551697,0.7965683,1.4782939,2.234545
731.0,-7.015011,-2.3415294,2.4133554,0.7696902,1.4196508,2.2418754
742.0,-7.0820484,-2.1499932,2.3056161,0.7171558,1.3475688,2.235767
754.0,-7.1754227,-1.9800048,2.2577322,0.6536258,1.2815952,2.2174408
763.0,-7.323863,-1.6089035,2.1787236,0.59131753,1.1472049,2.1331415
772.0,-7.4866686,-1.3503298,2.1547816,0.64751714,1.0763446,2.0867157
782.0,-7.5848308,-1.1372458,2.0254946,0.7305948,1.0445796,2.0683897
793.0,-7.575254,-0.94092125,1.8914193,0.77946407,0.98837996,2.0769417
803.0,-7.589619,-0.44532153,1.9393034,0.7464773,0.9297369,2.080607
815.0,-7.69257,-0.18914193,2.0015526,0.68294734,0.8943067,2.0842721
822.0,-7.78355,-0.17717093,1.8148049,0.6805039,0.8491027,2.0867157
833.0,-7.9343843,0.019153614,1.9081788,0.6719518,0.829555,2.0635028
843.0,-8.018182,0.17477672,1.7717092,0.65240407,0.8185594,2.01219
852.0,-8.073248,0.4381389,1.6543933,0.63407815,0.8038987,1.9474384
862.0,-8.23366,0.81881696,1.6472107,0.61819565,0.7806858,1.9034561
875.0,-8.154651,1.0462662,1.5466543,0.6010914,0.75136423,1.9010127
883.0,-8.121132,1.1923125,1.4580688,0.5852089,0.7122689,1.921782
892.0,-8.104373,1.3024458,1.508347,0.5742133,0.6927212,1.9352211
903.0,-8.109161,1.3934253,1.472434,0.57543504,0.6768387,1.9193386
914.0,-8.111555,1.520318,1.2593501,0.5888741,0.65118235,1.8790215
923.0,-8.145074,1.8028339,1.1563994,0.60231316,0.6291912,1.8362609
932.0,-8.197746,2.0039468,1.0390835,0.60231316,0.59986967,1.7996091
942.0,-8.236053,2.303222,1.0007763,0.58276546,0.5742133,1.7666223
952.0,-8.274361,2.4516625,1.1252748,0.56688297,0.5705481,1.740966
961.0,-8.288726,2.5833437,1.1875241,0.5729916,0.54244834,1.7165314
971.0,-8.202535,2.669535,1.1851299,0.59620446,0.52534413,1.6969837
989.0,-8.075643,2.7150247,1.2186487,0.63407815,0.516792,1.6762142
991.0,-7.989451,2.906561,1.2234371,0.675617,0.5009095,1.6493362
1000.0,-7.7811556,3.0358477,1.2330139,0.70738196,0.49235737,1.6200147
1011.0,-7.809886,3.277662,1.2497733,0.7318166,0.47525316,1.5882497
1021.0,-7.8386164,3.4715924,1.2114661,0.7489208,0.49235737,1.5577064
1031.0,-7.9702973,3.727772,0.7278373,0.77946407,0.49602258,1.5234979
1041.0,-8.032547,3.7493198,0.49799395,0.8210029,0.49480084,1.491733
1051.0,-8.111555,3.8594532,0.5626374,0.8332202,0.49357912,1.4831808
1061.0,-7.953538,3.8881836,0.47644615,0.7684685,0.46303585,1.4929546
1070.0,-7.7572136,4.1371803,0.41180268,0.6597345,0.4447099,1.5015068
1086.0,-7.644686,4.261679,0.36631286,0.5705481,0.4288274,1.4990633
1089.0,-7.6614456,4.3718123,0.2896984,0.5155703,0.43982297,1.4819591
1101.0,-7.639898,4.4364557,0.21308395,0.49235737,0.43982297,1.4538593
1112.0,-7.5968018,4.474763,0.1436521,0.47525316,0.43493605,1.4220943
1119.0,-7.620744,4.5441947,-0.18914193,0.45814893,0.4166101,1.3952162
1129.0,-7.6375036,4.795586,-0.2896984,0.44226643,0.3885103,1.378112
1139.0,-7.52737,4.9703627,-0.48362875,0.43127087,0.35308012,1.3707817
1149.0,-7.4962454,5.097255,-0.5770026,0.408058,0.3042109,1.3732251
1159.0,-7.3310456,5.281609,-0.6344634,0.3652974,0.25778514,1.3732251
1171.0,-7.1945763,5.377377,-0.7398083,0.32620203,0.21624629,1.3585643
1179.0,-7.120356,5.4659624,-0.7589619,0.3042109,0.17592919,1.3219124
1189.0,-7.0940194,5.650316,-0.6679823,0.32253686,0.15882497,1.269378
1200.0,-7.204153,5.8705826,-0.7038953,0.35796702,0.1441642,1.2168436
1210.0,-7.1155677,6.131551,-0.81402856,0.376293,0.09407325,1.174083
1229.0,-6.9958572,6.277597,-0.7374141,0.36163223,0.042760566,1.1410962
1398.0,-6.7612257,6.619968,-0.7637503,0.3213151,0.0012217305,1.1032226
1398.0,-6.5816603,6.8689647,-0.7445967,0.2883284,-0.029321533,1.0433578
1398.0,-6.5385647,7.0964136,-0.7422025,0.27488935,-0.05009095,0.9627236
1398.0,-6.603208,7.393295,-0.7374141,0.26267207,-0.04642576,0.8686504
1398.0,-6.691794,7.548918,-0.7398083,0.24556783,-0.039095376,0.77091193
1398.0,-6.634333,7.675811,-0.7589619,0.23579398,-0.05009095,0.6743952
1398.0,-6.5481415,7.7667904,-0.6799533,0.23701571,-0.06841691,0.5815437
1398.0,-6.4858923,7.8410106,-0.80445176,0.24556783,-0.08674286,0.4886922
1398.0,-6.6606693,8.133103,-0.8643068,0.25900686,-0.10751228,0.38728857
1398.0,-6.7492547,8.221688,-0.8690952,0.26511553,-0.10751228,0.2846632
1400.0,-6.943185,8.101978,-0.90021986,0.24678956,-0.10751228,0.18448131
1400.0,-7.043741,8.003817,-0.8810662,0.20525073,-0.119729586,0.09162979
1400.0,-7.0581064,7.884106,-0.842759,0.15393804,-0.13072516,0.009773844
1400.0,-7.101202,7.8505874,-0.7206547,0.12583824,-0.13683382,-0.064751714
1400.0,-7.0724716,7.953538,-0.5482722,0.13927728,-0.14782938,-0.13561209
1400.0,-7.1514807,7.967903,-0.5243302,0.18692477,-0.16737708,-0.20769419
1400.0,-7.091625,8.066066,-0.5650316,0.23823744,-0.18203785,-0.27000242
1400.0,-7.2304893,7.8027034,-0.62249243,0.2724459,-0.17837265,-0.31764993
1472.0,-7.338228,7.6015906,-0.50996494,0.26511553,-0.16249016,-0.3555236
1472.0,-7.4363904,7.599196,-0.58657944,0.21135938,-0.1563815,-0.3933972
1472.0,-7.517793,7.4244194,-0.60333884,0.13561209,-0.1563815,-0.4361578
1472.0,-7.441179,7.2711906,-0.58657944,0.06841691,-0.16493362,-0.4813618
1472.0,-7.3669586,7.0724716,-0.5674258,0.010995574,-0.16493362,-0.5180137
1472.0,-7.4268136,6.9000893,-0.46686932,-0.058643065,-0.16371189,-0.5412266
1472.0,-7.45315,6.6654577,-0.49799395,-0.14049901,-0.16249016,-0.5510005
1492.0,-7.410054,6.5002575,-0.46686932,-0.20158553,-0.16249016,-0.55955255
1492.0,-7.536947,6.3446345,-0.39983168,-0.23457226,-0.16982053,-0.5693264
1512.0,-7.5584946,6.291962,-0.30406362,-0.25289822,-0.17837265,-0.57787853
1512.0,-7.589619,6.1195793,-0.24181437,-0.24801129,-0.1881465,-0.5925393
1521.0,-7.5968018,5.9902925,-0.110133275,-0.20158553,-0.19058995,-0.6133087
1532.0,-7.5561004,5.805939,-0.1412579,-0.11484267,-0.19303341,-0.63407815
1541.0,-7.6255326,5.647922,-0.011971008,-0.004886922,-0.204029,-0.6426302
1551.0,-7.6351094,5.6096144,-0.093373865,0.08552113,-0.21991149,-0.63285637
1561.0,-7.6470804,5.604826,-0.033518825,0.118507855,-0.23823744,-0.61453044
1570.0,-7.6853876,5.7365074,-0.06943185,0.10262536,-0.25778514,-0.6047566
1580.0,-7.6470804,5.6527104,0.055066638,0.007330383,-0.28099802,-0.6243043
1591.0,-7.6590514,5.5521536,0.110133275,-0.028099801,-0.28099802,-0.6401868
1601.0,-7.7931266,5.4180784,0.12689269,-0.043982297,-0.28099802,-0.6462954
1613.0,-7.7691846,5.279215,0.22266077,-0.02565634,-0.27366763,-0.6426302
1621.0,-7.762002,5.0781016,0.35673606,0.008552114,-0.27855456,-0.63285637
1632.0,-7.699753,4.9775453,0.4189853,0.05009095,-0.2846632,-0.6267477
1642.0,-7.723695,4.8745947,0.46208093,0.10629055,-0.2932153,-0.6377433
1654.0,-7.797915,4.9655743,0.4381389,0.16615535,-0.2932153,-0.65484756
1663.0,-7.7931266,5.104438,0.37828386,0.20647246,-0.29077184,-0.66950834
1673.0,-7.93199,5.183447,0.22984336,0.21868975,-0.2932153,-0.6731735
1682.0,-7.953538,5.2385135,0.28491,0.21746802,-0.3005457,-0.67073005
1692.0,-7.908048,5.073313,0.25617957,0.21380283,-0.31642818,-0.6621779
1704.0,-7.8769236,5.0302176,0.1436521,0.19425514,-0.3359759,-0.6560693
1712.0,-7.9487495,5.0038815,0.21308395,0.15760323,-0.3359759,-0.6609562
1725.0,-7.9391727,4.996699,0.21547815,0.1160644,-0.33475417,-0.6719518
1738.0,-8.032547,4.9105077,0.37349546,0.064751714,-0.34330627,-0.6805039
1748.0,-8.001422,4.7788267,0.37828386,-0.0012217305,-0.34574974,-0.68661255
1791.0,-8.015787,4.5872903,0.6440403,-0.05009095,-0.34208453,-0.6988298
1791.0,-8.090008,4.4340615,0.641646,-0.05497787,-0.3371976,-0.72082096
1791.0,-8.0924015,4.3526587,0.6584055,-0.02687807,-0.3359759,-0.74281216
1791.0,-8.185776,4.5274353,0.641646,0.019547688,-0.3359759,-0.75625116
1791.0,-8.250419,4.4843397,0.59855044,0.058643065,-0.33964106,-0.75625116
1801.0,-8.267179,4.5082817,0.50517654,0.06352998,-0.34697145,-0.74281216
1811.0,-8.293514,4.489128,0.545878,0.034208454,-0.35063666,-0.73426
1821.0,-8.348581,4.402937,0.6488287,-0.010995574,-0.3323107,-0.73914695
1832.0,-8.264784,4.1276035,0.6560113,-0.05009095,-0.32253686,-0.752586
1842.0,-8.324639,3.9719806,0.7613561,-0.089186326,-0.32253686,-0.7623598
1850.0,-8.3390045,3.9001546,0.7206547,-0.119729586,-0.31887165,-0.7696902
1860.0,-8.497022,3.8642416,0.78290397,-0.12950343,-0.31887165,-0.77213365
1871.0,-8.485051,3.8833952,0.8595184,-0.12339478,-0.32498032,-0.7696902
1880.0,-8.619126,3.7828386,0.770933,-0.12095132,-0.33108896,-0.7611381
1895.0,-8.65025,3.8019924,0.78290397,-0.112399206,-0.32742378,-0.75747293
1900.0,-8.671799,3.8163576,0.79966336,-0.103847094,-0.32986724,-0.7611381
1911.0,-8.640674,3.7325604,0.8499416,-0.111177474,-0.3359759,-0.766025
1922.0,-8.6095495,3.5458126,0.9840169,-0.12583824,-0.3371976,-0.77824235
1931.0,-8.573636,3.4261026,0.9959879,-0.13439035,-0.3359759,-0.79045963
1940.0,-8.568848,3.2465374,1.0821792,-0.14172074,-0.3286455,-0.8014552
1952.0,-8.631097,3.2441432,1.0582372,-0.14294247,-0.31642818,-0.80878556
1960.0,-8.74123,3.0789435,1.0749966,-0.14049901,-0.31887165,-0.8038987
1971.0,-8.76996,2.9616275,1.0175357,-0.14660765,-0.33353242,-0.79168135
1981.0,-8.805874,3.0454245,1.0749966,-0.16493362,-0.35430184,-0.77824235
1991.0,-8.784326,2.966416,1.0414777,-0.18692477,-0.37018433,-0.7696902
2002.0,-8.791509,2.9400797,0.9864111,-0.20525073,-0.37995818,-0.7696902
2013.0,-8.717288,2.858677,1.2042835,-0.21135938,-0.36774087,-0.77946407
2022.0,-8.671799,2.554613,1.3096284,-0.21135938,-0.3640757,-0.79045963
2033.0,-8.765172,2.4516625,1.4532804,-0.20891592,-0.35918877,-0.7892379
2042.0,-8.791509,2.2409728,1.5251064,-0.18081611,-0.35308012,-0.77824235
2053.0,-8.743625,2.1523874,1.4772224,-0.13194689,-0.36896262,-0.75991637
2063.0,-8.731653,2.0518308,1.5610195,-0.09162979,-0.38240165,-0.7318166
2074.0,-8.791509,2.099715,1.5107412,-0.07086037,-0.3885103,-0.7098254
2082.0,-8.75799,2.078167,1.6519991,-0.065973446,-0.38973203,-0.7012733
2095.0,-8.892065,2.135628,1.6783354,-0.07574729,-0.38973203,-0.70249504
2101.0,-8.918402,2.0925324,1.7477672,-0.095294975,-0.38240165,-0.70249504
2113.0,-8.961497,2.135628,1.7932571,-0.112399206,-0.36285394,-0.6988298
2123.0,-9.002198,2.1045034,1.8914193,-0.11362094,-0.35430184,-0.6951646
2132.0,-8.971074,2.1499932,1.9057846,-0.10140363,-0.35185838,-0.6939429
2142.0,-8.935161,2.078167,1.99437,-0.087964594,-0.35430184,-0.6927212
2154.0,-8.9519205,2.0135236,1.922544,-0.08307768,-0.3555236,-0.6939429
2163.0,-9.02614,1.9512744,1.99437,-0.08552113,-0.35063666,-0.70005155
2173.0,-9.018958,1.7980455,1.9871874,-0.096516706,-0.3286455,-0.7122689
2182.0,-9.038112,1.5825673,2.1188686,-0.10262536,-0.34574974,-0.72692966
2195.0,-9.045294,1.5753847,2.1523874,-0.10995574,-0.34574974,-0.73914695
2204.0,-9.076419,1.5729905,2.15957,-0.10629055,-0.33353242,-0.7415904
2215.0,-9.174581,1.6136919,2.1883004,-0.08307768,-0.3359759,-0.73914695
2224.0,-9.193734,1.7046716,2.1308396,-0.047647487,-0.344528,-0.73548174
2235.0,-9.066842,1.8052281,2.1068976,-0.021991149,-0.3567453,-0.73792523
2244.0,-9.095572,1.7046716,2.0853498,-0.02565634,-0.36041048,-0.75136423
2255.0,-9.198523,1.6352397,2.0398598,-0.05497787,-0.36774087,-0.77213365
2264.0,-9.198523,1.5753847,2.1547816,-0.081855945,-0.3811799,-0.8002335
2276.0,-9.165004,1.532289,2.1380222,-0.07941248,-0.40561453,-0.82344633
2287.0,-9.176975,1.3623008,2.2385786,-0.035430185,-0.44104472,-0.8210029
2295.0,-9.131485,1.2617443,2.2697031,0.04520403,-0.46670106,-0.79168135
2303.0,-9.033323,1.0941502,2.2170308,0.1441642,-0.4813618,-0.7867944
2318.0,-9.006987,1.0414777,2.3439236,0.23701571,-0.49357912,-0.82344633
2326.0,-8.899248,0.90979666,2.3989902,0.28588495,-0.4972443,-0.86254174
2336.0,-8.78672,0.770933,2.4037786,0.28099802,-0.5045747,-0.88086766
2345.0,-8.805874,0.7517793,2.5330653,0.2406809,-0.51068336,-0.8723156
2355.0,-8.746018,0.6655881,2.695871,0.16371189,-0.52290064,-0.8491027
2365.0,-8.750807,0.4261679,2.7605145,0.058643065,-0.5375614,-0.8368854
2378.0,-8.748413,0.37110126,2.791639,-0.029321533,-0.54244834,-0.8564331
2386.0,-8.7053175,0.260968,2.8993783,-0.057421334,-0.53023106,-0.8979719
2396.0,-8.707711,0.16519992,2.870648,-0.02443461,-0.52778757,-0.9285152
2415.0,-8.856153,-0.019153614,2.777274,0.105068825,-0.52534413,-0.91751957
2416.0,-8.74123,0.038307227,2.8874073,0.15271631,-0.5326745,-0.90285885
2428.0,-8.7532015,0.038307227,2.9017725,0.16493362,-0.51923543,-0.8918633
2437.0,-8.726865,0.0023942017,3.1435869,0.13561209,-0.50823987,-0.88331115
2444.0,-8.693346,-0.21547815,3.083732,0.06963864,-0.50823987,-0.87964594
2454.0,-8.726865,-0.2873042,3.1866825,0.0012217305,-0.5143485,-0.88697636
2464.0,-8.655039,-0.39264908,3.301604,-0.05009095,-0.48502702,-0.90408057
2474.0,-8.597578,-0.51954174,3.3638535,-0.07452556,-0.48502702,-0.91874135
2489.0,-8.453926,-0.6512229,3.490746,-0.07452556,-0.47647488,-0.9272934
3185.0,-8.516175,-0.7733272,3.5290532,-0.052534413,-0.4642576,-0.9309586
3185.0,-8.47308,-0.89064306,3.4715924,-0.02565634,-0.453262,-0.9309586
3185.0,-8.568848,-0.9696517,3.3997664,0.0036651916,-0.44226643,-0.93218035
3185.0,-8.520964,-0.9959879,3.490746,0.039095376,-0.4361578,-0.93462384
3185.0,-8.355764,-1.0366893,3.596091,0.05375614,-0.43493605,-0.9297369
3185.0,-8.329428,-1.2114661,3.5434184,0.02565634,-0.44348818,-0.9114109
3185.0,-8.291121,-1.283292,3.5865142,-0.039095376,-0.43249258,-0.89919364
3185.0,-8.360553,-1.316811,3.7828386,-0.09896017,-0.4092797,-0.9053023
3185.0,-8.432379,-1.4700398,3.8115692,-0.13927728,-0.39584067,-0.9285152
3185.0,-8.355764,-1.4987702,3.8402996,-0.15271631,-0.40317106,-0.9443977
3185.0,-8.305486,-1.7022774,3.8379054,-0.14294247,-0.408058,-0.93828905
3186.0,-8.372523,-1.8052281,3.8307228,-0.11728613,-0.41050145,-0.91996306
3186.0,-8.396465,-1.8770541,3.9983168,-0.07574729,-0.408058,-0.9077458
3186.0,-8.279149,-1.9249382,4.003105,-0.037873644,-0.40683624,-0.89919364
3186.0,-6.126762,-4.4795513,3.8786068,0.5522222,1.8191566,2.2247713
3186.0,-6.6510925,-5.171476,4.867412,0.10995574,-0.13194689,-0.1001819
3186.0,-6.603208,-5.2289367,4.96318,0.034208454,-0.119729586,-0.09040806
3186.0,-6.519411,-5.2863975,4.9559975,-0.056199603,-0.11362094,-0.07452556
3186.0,-6.50744,-5.3725886,5.0661306,-0.119729586,-0.09896017,-0.062308256
