19.0,1.3072342,2.255338,10.077195,-0.04642576,-0.21502456,-0.80878556
19.0,1.5227122,2.4229321,10.053253,0.15149458,0.11362094,-0.07696902
45.0,1.6280571,2.56419,9.935937,-0.0036651916,-0.26511553,-0.3042109
45.0,1.5897499,2.621651,9.964667,-0.2968805,-0.27977628,-0.48991394
74.0,1.520318,2.6384103,9.883265,-0.43127087,0.6536258,-0.31398472
74.0,1.3934253,2.6408045,9.856929,-0.7464773,0.82711154,-0.5290093
74.0,1.4987702,2.5570073,9.818622,-1.065349,0.8014552,-0.81245077
80.0,1.4987702,2.3630772,9.753978,-1.2425,0.71593404,-0.99204516
89.0,1.5131354,2.087744,9.730036,-1.3524556,0.79045963,-1.078788
99.0,1.4939818,1.7980455,9.655815,-1.4404203,0.8735373,-1.1728612
109.0,1.388637,1.6496049,9.543288,-1.5161675,0.95539325,-1.2791518
118.0,1.2114661,1.6136919,9.435549,-1.5613716,1.0213667,-1.4049901
128.0,1.1324574,1.6472107,9.674969,-1.6639969,1.028697,-1.5418239
138.0,1.163582,1.4748282,9.588778,-1.8081611,0.98837996,-1.6554449
149.0,1.2785037,1.3910311,9.232041,-2.01219,1.0067059,-1.7067575
157.0,1.4317327,1.2042835,8.968679,-2.2602015,1.0861185,-1.6920967
169.0,1.5873557,0.59855044,8.863335,-2.4740043,1.2144,-1.6542231
177.0,1.3982137,-0.21787235,8.949526,-2.615725,1.3316863,-1.6395624
189.0,1.0702082,-0.7015011,9.054871,-2.6670377,1.3561208,-1.6566665
199.0,0.7469909,-1.0462662,9.246407,-2.629164,1.3671165,-1.6969837
208.0,0.59376204,-0.94092125,9.828198,-2.6047294,1.391551,-1.736079
218.0,0.49559975,-1.0869676,9.80665,-2.7281241,1.4074335,-1.7324139
229.0,0.62967503,-1.4772224,9.734824,-3.0115657,1.4367551,-1.6652187
238.0,0.5506664,-1.9800048,9.500193,-3.2717943,1.5137241,-1.5442673
248.0,0.36391866,-2.7724855,9.174581,-3.35365,1.5833627,-1.3927728
258.0,-0.007182605,-3.8115692,8.844181,-3.2192597,1.5906931,-1.2473868
268.0,-0.49559975,-4.4795513,8.63828,-2.9565878,1.5479325,-1.1545353
278.0,-0.7086837,-4.865018,8.865729,-2.724459,1.4966198,-1.1178834
290.0,-0.9888053,-4.84347,8.839393,-2.6267207,1.428203,-1.0885619
299.0,-0.9768343,-4.8003745,8.700529,-2.6768115,1.3720033,-1.028697
308.0,-1.043872,-4.793192,8.537724,-2.7989845,1.3707817,-0.9260717
318.0,-1.0319009,-5.257667,8.334216,-2.919936,1.3976597,-0.7831292
329.0,-1.283292,-6.019023,8.207323,-2.9578094,1.4294246,-0.63285637
338.0,-1.6472107,-6.6774287,8.288726,-2.846632,1.4306464,-0.52534413
351.0,-1.9488802,-7.132327,8.212111,-2.6120598,1.3695599,-0.47036624
358.0,-2.2218192,-7.2807674,7.9128366,-2.3261747,1.2705997,-0.43982297
369.0,-2.3774424,-7.1706343,7.5968018,-2.057394,1.1814134,-0.3921755
379.0,-2.4349031,-7.067683,7.441179,-1.8472565,1.1142182,-0.3005457
390.0,-2.5258827,-7.1945763,7.237672,-1.7189748,1.0519099,-0.17959438
399.0,-2.7700913,-7.1586633,7.165846,-1.6346754,1.0042624,-0.09773844
410.0,-2.9975405,-7.417237,7.204153,-1.505172,0.9627236,-0.058643065
419.0,-3.2465374,-7.8170686,7.359776,-1.2986995,0.89552844,-0.004886922
429.0,-3.4452562,-8.221688,7.491457,-1.0042624,0.8381071,0.080634214
439.0,-3.6750996,-8.3868885,7.654263,-0.6365216,0.7855727,0.17592919
449.0,-3.86903,-8.453926,7.704541,-0.24678956,0.7257079,0.24923302
459.0,-3.9480386,-8.264784,7.8050976,0.105068825,0.66706485,0.2932153
470.0,-3.9624038,-8.0684595,7.785944,0.33964106,0.6059783,0.35308012
479.0,-3.7301662,-7.869741,7.5561004,0.45937067,0.5705481,0.5326745
490.0,-3.6128504,-7.7093296,7.4627266,0.42149702,0.6035349,0.6169739
499.0,-3.5242648,-7.9702973,7.6494746,0.36896262,0.64873886,0.66950834
509.0,-3.5051112,-7.831434,7.7428484,0.32375857,0.68783426,0.689056
519.0,-3.526659,-7.630321,7.728483,0.27855456,0.7330383,0.7134906
530.0,-3.4739866,-7.4842744,7.6614456,0.2125811,0.7806858,0.77213365
539.0,-3.6535518,-7.302315,7.5704656,0.13927728,0.8356637,0.85154617
549.0,-3.7972038,-7.2448545,7.711724,0.081855945,0.88086766,0.93584555
559.0,-3.8115692,-7.33344,7.654263,0.043982297,0.91751957,1.0262536
569.0,-3.809175,-7.4866686,7.6231384,0.035430185,0.95905846,1.0983357
579.0,-3.8786068,-7.536947,7.5800424,0.06841691,0.9957104,1.1508701
592.0,-3.8786068,-7.443573,7.5944076,0.12217305,1.033584,1.1985176
599.0,-4.0892963,-7.3765354,7.577648,0.17470746,1.0714576,1.2400564
609.0,-4.2066126,-7.1634517,7.6375036,0.21746802,1.1178834,1.2754866
619.0,-4.201824,-6.907272,7.6351094,0.2602286,1.1643091,1.3158038
633.0,-4.2161894,-6.7372837,7.4387846,0.29443705,1.2021828,1.3756685
641.0,-4.2281604,-6.754043,7.2352777,0.30176744,1.2412782,1.4440855
653.0,-4.295198,-6.5864487,7.038953,0.27122417,1.2767084,1.5039502
660.0,-4.3837833,-6.4763155,6.8306575,0.19303341,1.2974777,1.5503759
675.0,-4.546589,-6.256049,6.715736,0.07574729,1.3121386,1.5894713
680.0,-4.656722,-6.1507044,6.600814,-0.035430185,1.3158038,1.632232
691.0,-4.7860093,-6.2608376,6.3925185,-0.09896017,1.3048081,1.690875
699.0,-4.9464207,-6.3542113,6.3446345,-0.06719518,1.2791518,1.754405
712.0,-5.0302176,-6.50744,6.291962,0.06841691,1.2437216,1.813048
720.0,-5.035006,-6.4739213,6.232107,0.25411993,1.205848,1.8606955
732.0,-5.0134583,-6.253655,6.0022635,0.43371433,1.1826351,1.8839084
740.0,-5.0397944,-5.9424086,5.731719,0.5766568,1.1728612,1.8936822
751.0,-5.207389,-5.533,5.571307,0.6560693,1.1777482,1.9071213
760.0,-5.2504845,-5.1355624,5.74369,0.6658431,1.1972959,1.9401081
773.0,-5.446809,-4.7788267,5.7389016,0.6010914,1.2144,1.990199
781.0,-5.4779334,-4.5537715,5.6215854,0.49357912,1.2339478,2.0341814
792.0,-5.6120086,-4.3742065,5.377377,0.38240165,1.2657127,2.0549507
801.0,-5.815516,-4.39336,5.267244,0.2761111,1.3121386,2.0525072
812.0,-6.0836663,-4.3742065,5.17387,0.20525073,1.3170254,2.043955
821.0,-6.2728086,-4.249708,5.161899,0.14172074,1.3035865,2.080607
834.0,-6.4547677,-4.146757,5.0517654,0.105068825,1.2889256,2.1502457
841.0,-6.5505357,-3.9145198,5.0302176,0.10995574,1.2632693,2.204002
852.0,-6.6774287,-3.7373488,4.8865657,0.14049901,1.2327261,2.2369885
861.0,-6.655881,-3.5889084,4.685453,0.1881465,1.1936307,2.2797492
873.0,-6.8330517,-3.560178,4.4723687,0.27122417,1.1911873,2.3200662
881.0,-6.969521,-3.3758245,4.4843397,0.40439278,1.2082914,2.3188446
893.0,-7.067683,-3.277662,4.3957543,0.56199604,1.1887437,2.3102922
901.0,-7.141904,-2.9592333,4.1299977,0.70616025,1.1520919,2.3286183
914.0,-7.225701,-2.5474305,3.9432502,0.79045963,1.1215485,2.3738225
921.0,-7.2831616,-2.0757728,3.904943,0.79412484,1.1032226,2.420248
933.0,-7.398083,-1.6831238,3.833117,0.7440339,1.0726794,2.4410176
941.0,-7.4148426,-1.3670892,3.775656,0.66950834,1.0555751,2.4324653
952.0,-7.501034,-1.0630256,3.739743,0.6084218,1.0531317,2.4019222
961.0,-7.606379,-0.80684596,3.3997664,0.5888741,1.0494665,2.3603833
971.0,-7.690176,-0.60333884,3.3614593,0.6133087,1.0409144,2.3273966
981.0,-7.656657,-0.45010993,3.2632968,0.6560693,1.0213667,2.3115141
991.0,-7.627927,-0.24420857,3.205836,0.7049385,0.98715824,2.302962
1000.0,-7.524976,0.02873042,3.086126,0.7648033,0.9627236,2.293188
1011.0,-7.445967,0.40462008,3.0142999,0.83077675,0.93218035,2.2858577
1020.0,-7.398083,0.59376204,2.930503,0.86376345,0.90285885,2.2736404
1029.0,-7.2951326,0.878672,2.6144683,0.8588765,0.88331115,2.2492058
1040.0,-7.33344,1.1587936,2.5091233,0.80756384,0.8698721,2.207667
1052.0,-7.40766,1.5011644,2.3127987,0.7147123,0.8539896,2.1587977
1060.0,-7.4962454,1.8052281,2.1859062,0.6133087,0.8197812,2.1062634
1093.0,-7.4363904,1.9440918,2.1260512,0.5338962,0.77457714,2.0610592
1093.0,-7.321469,1.9728222,2.183512,0.49846604,0.73792523,2.0292943
1093.0,-7.249643,1.99437,2.1523874,0.516792,0.6927212,2.0109684
1101.0,-7.1275387,2.0231004,2.1763294,0.5644395,0.6609562,1.998751
1109.0,-7.1347213,2.195483,2.030283,0.63041294,0.6377433,1.9828686
1120.0,-7.1586633,2.336741,1.9776106,0.70738196,0.6084218,1.958434
1130.0,-7.129933,2.6408045,1.8315643,0.7452556,0.56199604,1.9315559
1139.0,-7.153875,2.9951463,1.4820108,0.70738196,0.51068336,1.9083431
1150.0,-7.273585,3.3423057,1.4389153,0.5900958,0.46181414,1.8936822
1159.0,-7.1873937,3.7181952,1.5131354,0.43860126,0.41783184,1.881465
1169.0,-7.065289,3.8067808,1.553837,0.32375857,0.37384954,1.8570304
1179.0,-7.050924,3.9121256,1.7310078,0.28955013,0.3652974,1.817935
1191.0,-7.07726,3.9839516,1.7621324,0.34208453,0.35308012,1.7776178
1199.0,-7.1131735,4.0533834,1.7142484,0.43249258,0.32742378,1.7458528
1209.0,-7.1395097,4.2664676,1.6256629,0.5143485,0.2883284,1.7336355
1219.0,-6.9288197,4.5872903,1.4580688,0.548557,0.23579398,1.7336355
1229.0,-6.8522053,4.9105077,1.283292,0.5180137,0.19547687,1.7311921
1243.0,-6.682217,5.3247046,1.3838485,0.43982297,0.18448131,1.709201
1250.0,-6.7372837,5.614403,1.4676456,0.3555236,0.17104226,1.6530013
1259.0,-6.6534867,5.717354,1.6543933,0.3005457,0.1600467,1.5748106
1269.0,-6.670246,5.9304376,1.6519991,0.2761111,0.14660765,1.4978416
1280.0,-6.739678,6.143522,1.6089035,0.25289822,0.11484267,1.4135422
1312.0,-6.751649,6.3589997,1.4077905,0.25289822,0.11484267,1.4135422
1312.0,-6.6989765,6.5601125,1.3431472,0.2443461,0.10629055,1.3903292
1312.0,-6.6247563,6.7827735,1.2018893,0.22357668,0.08674286,1.3487904
1325.0,-6.579266,6.907272,0.9696517,0.18203785,0.07819075,1.2815952
1329.0,-6.6415157,7.1395097,0.9648633,0.042760566,0.056199603,1.0958922
1347.0,-6.555324,7.1826053,1.0726024,-0.037873644,0.03176499,0.9957104
1351.0,-6.4188547,7.050924,1.1731589,-0.06719518,0.019547688,0.9053023
1365.0,-6.3661823,6.969521,1.1492168,-0.034208454,0.0061086523,0.82711154
1393.0,-6.447585,6.8091097,1.1109096,0.040317107,-0.019547688,0.7623598
1393.0,-6.483498,6.8785415,1.1180922,0.1001819,-0.05497787,0.7086037
1393.0,-6.519411,7.0102224,1.079785,0.1282817,-0.089186326,0.6585127
1442.0,-6.5002575,7.3190746,1.0941502,0.14172074,-0.12461651,0.6010914
1442.0,-6.26802,7.5345526,1.151611,0.1441642,-0.15149458,0.53878313
1442.0,-6.179435,7.656657,1.1587936,0.13072516,-0.16249016,0.46792278
1442.0,-6.045359,7.7093296,1.2401965,0.105068825,-0.16371189,0.38728857
1442.0,-6.019023,7.809886,1.1563994,0.0842994,-0.15760323,0.29443705
1513.0,-6.1195793,7.8529816,1.1683705,0.07574729,-0.15515977,0.19425514
1513.0,-6.1411276,7.8170686,1.2497733,0.06352998,-0.15515977,0.09407325
1514.0,-6.2488666,7.7667904,1.3192052,0.06841691,-0.15149458,-0.0012217305
1514.0,-6.2632318,7.800309,1.3383588,0.1160644,-0.15271631,-0.08674286
1514.0,-6.2225304,7.651869,1.400608,0.17837265,-0.15271631,-0.1563815
1544.0,-6.1507044,7.551312,1.42455,0.2284636,-0.14660765,-0.2125811
1544.0,-6.126762,7.455544,1.400608,0.2565634,-0.14660765,-0.26389378
1544.0,-6.2105594,7.529764,1.364695,0.23701571,-0.14049901,-0.3115413
1544.0,-6.409278,7.5561004,1.3215994,0.16371189,-0.13316862,-0.35430184
1544.0,-6.6103907,7.4746976,1.4077905,0.056199603,-0.12950343,-0.38606682
1575.0,-6.655881,7.347805,1.508347,-0.040317107,-0.1282817,-0.4092797
1575.0,-6.7205243,7.153875,1.6424223,-0.065973446,-0.12095132,-0.43004912
1575.0,-6.7947445,7.1083846,1.8602947,0.0036651916,-0.10629055,-0.45448375
1580.0,-6.8067155,7.1610575,1.958457,0.12095132,-0.09896017,-0.47891834
1591.0,-7.0126166,7.393295,1.9129672,0.22357668,-0.09040806,-0.5009095
1600.0,-7.153875,7.5824366,1.757344,0.267559,-0.080634214,-0.52290064
1611.0,-7.132327,7.855376,1.7764976,0.22357668,-0.059864793,-0.5546656
1620.0,-7.16824,7.8888946,1.7477672,0.13439035,-0.04886922,-0.59864795
1631.0,-7.089231,7.7213006,1.6424223,0.032986723,-0.04153884,-0.64996064
1640.0,-7.062895,7.469909,1.5753847,-0.05497787,-0.02565634,-0.6976081
1650.0,-7.204153,7.302315,1.6376339,-0.10751228,-0.018325957,-0.74036866
1660.0,-7.338228,7.074866,1.6041151,-0.111177474,-0.02321288,-0.7806858
1671.0,-7.5082164,6.9623384,1.553837,-0.064751714,-0.039095376,-0.81489426
1680.0,-7.553706,6.895301,1.5825673,0.012217305,-0.062308256,-0.8381071
1692.0,-7.615956,6.823475,1.5753847,0.08674286,-0.089186326,-0.8503244
1704.0,-7.551312,6.897695,1.5466543,0.12461651,-0.118507855,-0.8588765
1734.0,-7.524976,6.9958572,1.520318,0.10140363,-0.13683382,-0.87598073
1734.0,-7.608773,6.9599442,1.5251064,0.02076942,-0.14905111,-0.9053023
1734.0,-7.529764,6.8929067,1.4700398,-0.08552113,-0.16126843,-0.9443977
1741.0,-7.4723034,6.5457473,1.4532804,-0.17837265,-0.172264,-0.98837996
1750.0,-7.465121,6.203377,1.5753847,-0.22968534,-0.17959438,-1.0274754
1784.0,-7.467515,5.7867856,1.673547,-0.21013765,-0.18692477,-1.0641272
1784.0,-7.4268136,5.5138464,1.8387469,-0.10873401,-0.19425514,-1.0958922
1784.0,-7.5201874,5.2768207,1.7788919,0.043982297,-0.20769419,-1.1142182
1792.0,-7.627927,5.279215,1.7405846,0.17715092,-0.23457226,-1.105666
1803.0,-7.764396,5.363012,1.5897499,0.19792034,-0.27977628,-1.065349
1811.0,-7.7093296,5.48751,1.6448165,0.07086037,-0.32375857,-1.0262536
1820.0,-7.6135616,5.482722,1.5969325,-0.12705997,-0.35063666,-1.0274754
1831.0,-7.489063,5.451597,1.685518,-0.31642818,-0.3408628,-1.0714576
1840.0,-7.4004774,5.0421886,1.7956513,-0.43493605,-0.31031954,-1.1313224
1851.0,-7.5082164,4.525041,1.9416976,-0.44104472,-0.26633725,-1.1814134
1861.0,-7.735666,4.144363,2.1763294,-0.32620203,-0.24312437,-1.2070698
1872.0,-7.867347,3.857059,2.2816741,-0.13927728,-0.25778514,-1.1960741
1880.0,-7.9702973,3.7541082,2.2529438,0.028099801,-0.29932398,-1.1447614
1894.0,-8.001422,3.7660792,2.0949266,0.10629055,-0.344528,-1.0690142
1901.0,-7.9631147,4.0773253,2.0829554,0.06719518,-0.37384954,-1.0091494
1911.0,-7.848193,4.223372,2.0973208,-0.06841691,-0.3848451,-0.9981538
1922.0,-7.8290396,4.237737,2.054225,-0.22968534,-0.3567453,-1.0274754
1931.0,-7.9008656,3.881001,2.1332338,-0.3555236,-0.30787608,-1.070236
1941.0,-8.032547,3.6032736,2.315193,-0.40683624,-0.27122417,-1.1032226
1950.0,-8.090008,3.2680852,2.4947581,-0.37873647,-0.25167647,-1.1178834
1960.0,-8.157045,3.1435869,2.6527755,-0.27977628,-0.2406809,-1.1215485
1973.0,-8.228871,3.0693667,2.719813,-0.13683382,-0.22235495,-1.1203269
1980.0,-8.322245,3.083732,2.7724855,0.009773844,-0.20891592,-1.102001
1991.0,-8.3821,3.0238767,2.6168625,0.12339478,-0.20769419,-1.0641272
2001.0,-8.506598,3.1004913,2.3774424,0.17104226,-0.21380283,-1.0189233
2011.0,-8.573636,3.1244333,2.360683,0.12583824,-0.22724187,-0.9859365
2021.0,-8.422802,3.193865,2.5210943,0.019547688,-0.2406809,-0.98471475
2033.0,-8.389283,3.2944214,2.597709,-0.0842994,-0.23823744,-1.0042624
2042.0,-8.456321,3.3183637,2.6384103,-0.17348573,-0.21868975,-1.0225884
2053.0,-8.413225,3.2489316,2.705448,-0.24190263,-0.20525073,-1.0372492
2062.0,-8.528147,3.1387985,2.6479871,-0.30298916,-0.19058995,-1.0616838
2073.0,-8.516175,2.9951463,2.705448,-0.33108896,-0.17715092,-1.1007792
2082.0,-8.611943,2.743755,2.8658595,-0.3042109,-0.17592919,-1.1435398
2112.0,-8.451532,2.4827871,2.920926,-0.21380283,-0.18448131,-1.1667526
2117.0,-8.432379,2.2697031,2.8874073,-0.08674286,-0.18203785,-1.1643091
2118.0,-8.542512,2.195483,2.885013,0.042760566,-0.1881465,-1.1508701
2120.0,-8.652645,2.2505496,2.825158,0.13439035,-0.22113322,-1.1337659
2131.0,-8.616732,2.2529438,2.7150247,0.13561209,-0.25167647,-1.1203269
2143.0,-8.616732,2.243367,2.7126305,0.05497787,-0.27122417,-1.1239921
2154.0,-8.585608,2.2218192,2.6384103,-0.052534413,-0.28221974,-1.1484267
2162.0,-8.554482,2.0326772,2.6623523,-0.21135938,-0.28588495,-1.2156218
2172.0,-8.439561,1.448492,3.0023289,-0.21624629,-0.28344148,-1.2327261
2183.0,-8.513782,1.2808979,2.9975405,-0.17959438,-0.28099802,-1.2388347
2194.0,-8.485051,1.0151415,3.0071173,-0.09896017,-0.29443705,-1.2363913
2203.0,-8.48984,0.90261406,3.083732,0.002443461,-0.32253686,-1.2278391
2214.0,-8.48984,0.8283938,3.1268275,0.09773844,-0.35308012,-1.2070698
2224.0,-8.3150625,0.7493851,2.896984,0.17592919,-0.37140608,-1.1765264
2233.0,-8.3629465,0.7038953,2.873042,0.1881465,-0.38240165,-1.1459832
2243.0,-8.2169,0.6871359,3.0071173,0.12339478,-0.38973203,-1.1362094
2256.0,-8.209718,0.47644615,3.0909145,0.05009095,-0.38728857,-1.1594223
2265.0,-8.173804,0.2681506,3.2106245,0.018325957,-0.3652974,-1.1936307
2274.0,-8.324639,0.02873042,3.323152,0.014660766,-0.3494149,-1.2046263
2284.0,-8.3821,-0.30645782,3.4284968,0.019547688,-0.3494149,-1.1838568
2297.0,-8.549694,-0.3184288,3.4045548,0.028099801,-0.344528,-1.1398746
2305.0,-8.566454,-0.45489833,3.4356794,0.032986723,-0.34697145,-1.0763446
2315.0,-8.525752,-0.45010993,3.4380736,0.02565634,-0.35185838,-1.0274754
2325.0,-8.487445,-0.521936,3.3901896,0.018325957,-0.3359759,-1.0091494
2335.0,-8.372523,-0.60094464,3.5218706,0.028099801,-0.312763,-1.0128145
2343.0,-8.341399,-0.78050977,3.5865142,0.04642576,-0.27122417,-1.0103711
2354.0,-8.47308,-0.8619126,3.655946,0.059864793,-0.24801129,-0.9944886
2366.0,-8.544906,-1.0103531,3.6272156,0.065973446,-0.24678956,-0.9761627
2374.0,-8.652645,-0.93373865,3.6176388,0.06352998,-0.24312437,-0.95539325
2384.0,-8.700529,-0.9744401,3.6846764,0.056199603,-0.25045475,-0.9260717
2394.0,-8.6574335,-1.0103531,3.6176388,0.05131268,-0.23823744,-0.9053023
2404.0,-8.597578,-1.0151415,3.6990416,0.040317107,-0.21624629,-0.8979719
2414.0,-8.580819,-1.103727,3.7469256,0.015882496,-0.19547687,-0.893085
3177.0,-8.564059,-1.1228806,3.6152446,-0.030543262,-0.17592919,-0.88453287
3177.0,-8.554482,-1.1540052,3.7684734,-0.09285152,-0.1685988,-0.8784242
3177.0,-8.520964,-1.2138603,3.8738184,-0.12461651,-0.16249016,-0.88331115
3177.0,-8.497022,-1.340753,4.036624,-0.1001819,-0.16126843,-0.88697636
3177.0,-8.415619,-1.5753847,4.0222588,-0.06352998,-0.15515977,-0.8784242
3177.0,-8.317456,-1.6232687,3.9815574,-0.032986723,-0.15271631,-0.8564331
3177.0,-8.394072,-1.7238252,3.9743748,-0.012217305,-0.15760323,-0.8344419
3177.0,-8.317456,-1.7381904,3.8666358,0.014660766,-0.15149458,-0.8246681
3177.0,-8.418014,-1.6232687,3.8402996,0.037873644,-0.15149458,-0.8185594
3177.0,-8.556877,-1.6448165,3.8977604,0.02565634,-0.16126843,-0.80878556
3177.0,-8.4826565,-1.7118542,3.9480386,-0.010995574,-0.172264,-0.8026769
3177.0,-8.461109,-1.8004397,3.9384618,-0.04642576,-0.18692477,-0.7965683
3177.0,-8.300697,-1.9871874,3.9911342,-0.065973446,-0.19303341,-0.7867944
3177.0,-8.149862,-2.0901382,4.0342298,0.29443705,1.2021828,1.3756685
3177.0,-4.2281604,-6.754043,7.2352777,-0.20280726,-0.17470746,-0.47036624
3177.0,-6.7205243,-5.2863975,4.745308,-0.16249016,-0.1600467,-0.44593164
3177.0,-6.7133417,-5.4300494,4.7500963,-0.09896017,-0.15027285,-0.41783184
