57.0,0.6895301,-1.7310078,10.0269165,0.0061086523,-0.014660766,-0.0012217305
57.0,0.7613561,-1.376666,9.785102,0.15393804,0.13561209,-0.07941248
57.0,1.127669,-2.1667526,9.80665,-0.04642576,-0.2687807,-0.26267207
57.0,0.9888053,-0.81402856,9.440337,-0.042760566,-0.43860126,-0.43371433
61.0,0.8571242,-0.035913024,9.11712,0.19058995,0.27488935,-0.103847094
76.0,0.81163436,0.4189853,9.390059,0.05131268,0.25289822,0.064751714
78.0,0.6943185,0.2873042,9.694122,-0.36163223,0.111177474,0.23335053
88.0,0.78529817,-0.2681506,9.892841,-0.71593404,-0.040317107,0.27000242
98.0,0.8643068,-0.8738836,9.998186,-0.9224065,-0.034208454,0.24801129
108.0,0.91937345,-1.1803415,10.189722,-1.0567969,0.015882496,0.21135938
121.0,0.8738836,-1.2761095,10.081984,-1.1398746,0.07819075,0.19425514
128.0,0.8619126,-1.2018893,10.065224,-1.2217305,0.118507855,0.18081611
139.0,0.93373865,-1.2665327,10.295067,-1.3573426,0.17715092,0.15515977
150.0,0.9744401,-1.4269443,10.517728,-1.568702,0.25411993,0.12095132
158.0,1.0510546,-1.661576,10.721235,-1.8277088,0.31642818,0.09162979
168.0,1.1587936,-1.9752164,10.848128,-2.085494,0.3567453,0.08552113
179.0,1.2258313,-2.267309,10.714052,-2.2919664,0.40439278,0.1001819
188.0,1.1252748,-2.5234885,10.232818,-2.406809,0.43493605,0.13683382
198.0,1.0055647,-2.885013,9.775525,-2.4593434,0.46792278,0.19914207
208.0,0.9983821,-3.3279405,9.722853,-2.4666739,0.5326745,0.267559
219.0,0.94570965,-3.7804444,9.7084875,-2.4397957,0.59742624,0.32375857
228.0,0.8762778,-3.809175,9.588778,-2.3921483,0.63163465,0.34208453
240.0,0.7110779,-3.5122938,9.540894,-2.3738225,0.675617,0.3213151
249.0,0.49320555,-3.2130187,9.320627,-2.3958135,0.71837753,0.28955013
259.0,0.35673606,-3.2082303,9.100361,-2.4581218,0.72326446,0.27366763
269.0,0.02873042,-3.7541082,8.865729,-2.506991,0.71959925,0.28955013
279.0,-0.14604631,-4.620809,8.822633,-2.4471262,0.70249504,0.33353242
289.0,-0.22744916,-5.5018754,9.102755,-2.211332,0.6805039,0.38973203
300.0,-0.34237084,-6.0740895,9.26556,-1.8350391,0.6585127,0.43493605
309.0,-0.36870706,-5.9807158,9.23683,-1.4477507,0.61453044,0.4373795
321.0,-0.51235914,-5.509058,9.232041,-1.1557571,0.5925393,0.38973203
328.0,-0.6919243,-5.2145715,9.220071,-0.98837996,0.5888741,0.31764993
339.0,-0.91937345,-5.0757074,9.263166,-0.9492846,0.5888741,0.28588495
350.0,-1.0007763,-5.291186,9.392453,-1.0005972,0.5925393,0.3286455
360.0,-1.1324574,-5.805939,9.775525,-1.0922271,0.6047566,0.4251622
369.0,-1.1923125,-6.277597,9.991004,-1.2156218,0.6267477,0.5448918
379.0,-1.1468226,-6.8067155,10.474632,-1.3255776,0.6731735,0.63163465
389.0,-1.4101849,-7.2711906,10.96305,-1.3267993,0.75869465,0.675617
399.0,-1.6567876,-7.347805,11.384429,-1.2241739,0.874759,0.70738196
409.0,-1.934515,-7.515399,11.676521,-1.0482447,1.001819,0.7452556
421.0,-2.1811178,-7.45315,11.86327,-0.8258898,1.2229522,0.8735373
429.0,-2.3319526,-7.2711906,11.640609,-0.8258898,1.2229522,0.8735373
439.0,-2.4708161,-7.3645644,11.59033,-0.8698721,1.3365731,0.93828905
449.0,-2.5019407,-7.773973,11.382035,-0.95172805,1.4648548,1.028697
460.0,-2.6599581,-8.0924015,11.015722,-0.9602802,1.7238617,1.2938126
470.0,-2.7964275,-7.81228,10.584765,-0.8918633,1.8484782,1.359786
480.0,-3.107674,-7.7213006,10.172963,-0.8356637,1.9767599,1.4037683
490.0,-3.2944214,-7.8625584,9.763555,-0.82344633,2.067168,1.5039502
500.0,-3.4141316,-8.214506,9.32781,-0.8552113,2.1135938,1.6468927
510.0,-3.5242648,-8.724471,8.836999,-0.8258898,2.147802,1.7776178
521.0,-3.5577838,-8.973468,8.238448,-0.6780604,2.172237,1.9034561
530.0,-3.5913026,-9.018958,7.5968018,-0.41783184,2.1978931,2.0402899
541.0,-3.58412,-8.743625,6.8809357,-0.10995574,2.2101104,2.1661282
550.0,-3.53863,-8.214506,6.1243677,0.16126843,2.2101104,2.2589796
560.0,-3.5865142,-7.73806,5.3845596,0.33964106,2.2272146,2.3286183
570.0,-3.7181952,-7.141904,5.00867,0.37018433,2.2418754,2.3994787
580.0,-3.8522706,-6.9264255,4.8147397,0.25534168,2.2406538,2.4544566
590.0,-4.110844,-7.103596,4.51307,0.08552113,2.2247713,2.4959953
601.0,-4.4005427,-7.395689,4.462792,-0.04886922,2.1856759,2.547308
610.0,-4.292804,-7.7907324,4.2904096,-0.057421334,2.1087067,2.620612
621.0,-4.0462008,-8.0445175,4.185065,0.08307768,1.998751,2.7061331
630.0,-3.9935284,-7.855376,3.8953662,0.3567453,1.9511036,2.7598891
639.0,-4.012682,-7.129933,3.6104562,0.6768387,1.9511036,2.764776
651.0,-4.223372,-6.1004257,3.265691,0.8857546,1.9804251,2.7598891
662.0,-4.5298295,-5.461174,3.0119057,0.91874135,2.0146337,2.7440066
669.0,-4.8961425,-4.721366,2.906561,0.8038987,2.025629,2.701246
681.0,-4.9583917,-4.367024,2.861071,0.6059783,1.9975294,2.6535985
691.0,-5.0374002,-4.1491513,2.9903579,0.3921755,1.9156734,2.6230555
700.0,-4.9895163,-4.292804,3.2680852,0.23335053,1.8191566,2.597399
710.0,-5.0134583,-4.5394063,3.5458126,0.19792034,1.7397442,2.5705209
725.0,-5.2409077,-4.6016555,3.763685,0.3213151,1.6969837,2.5460863
731.0,-5.3965306,-4.3263226,3.5889084,0.5497787,1.6762142,2.5240953
741.0,-5.6215854,-3.5482068,3.2130187,0.77091193,1.6688838,2.4923303
751.0,-5.695806,-2.657564,3.0597897,0.8539896,1.6615535,2.4483478
760.0,-5.9519854,-2.0614076,2.9161377,0.75136423,1.6481144,2.4007003
772.0,-6.2249246,-1.8315643,2.8323407,0.5290093,1.6114625,2.3530529
782.0,-6.5026517,-1.7908629,2.741361,0.29443705,1.5479325,2.316401
792.0,-6.703765,-1.922544,2.6144683,0.15149458,1.4795157,2.2956316
801.0,-7.1275387,-1.8602947,2.4277205,0.16126843,1.4159856,2.3041837
812.0,-7.326257,-1.5490485,2.183512,0.26267207,1.3231341,2.3261747
825.0,-7.350199,-1.1875241,2.0566192,0.35063666,1.2180653,2.3335052
833.0,-7.359776,-0.9840169,2.0566192,0.4007276,1.1203269,2.3212879
844.0,-7.4962454,-0.7182605,1.922544,0.4007276,1.0348058,2.3005185
852.0,-7.5824366,-0.59136784,1.8195933,0.38606682,0.98349303,2.2773056
863.0,-7.848193,-0.49799395,1.745373,0.39095375,0.9456194,2.257758
874.0,-8.128315,-0.17717093,1.5969325,0.40194935,0.9077458,2.2308798
882.0,-8.214506,0.10295067,1.4820108,0.43127087,0.8576548,2.1978931
893.0,-8.154651,0.47884035,1.364695,0.45448375,0.77213365,2.179567
905.0,-8.078036,0.6584055,1.4269443,0.44837508,0.6939429,2.162463
913.0,-7.9750857,0.8619126,1.6184803,0.42271876,0.63163465,2.1245892
925.0,-7.908048,1.0869676,1.7022774,0.40683624,0.59131753,2.0647244
933.0,-7.8529816,1.2162545,1.8842367,0.44593164,0.5571091,1.9975294
943.0,-7.7787614,1.5155296,1.6927006,0.53878313,0.5216789,1.9364429
952.0,-7.819463,1.8411411,1.7310078,0.6731735,0.50335294,1.8839084
965.0,-7.795521,2.123657,1.6543933,0.80878556,0.4801401,1.8423696
973.0,-7.7308774,2.5378537,1.541866,0.87598073,0.47403142,1.8044959
984.0,-7.78355,3.0550013,1.2904748,0.874759,0.46792278,1.7556267
993.0,-7.809886,3.4691982,1.103727,0.8038987,0.453262,1.6920967
1002.0,-7.735666,3.9145198,1.0702082,0.6939429,0.43004912,1.6126842
1014.0,-7.702147,4.2521024,1.0366893,0.5717699,0.4092797,1.5112807
1025.0,-7.6351094,4.2999864,0.90979666,0.46303585,0.37995818,1.4013249
1033.0,-7.639898,4.378995,0.6871359,0.408058,0.34697145,1.3011429
1060.0,-7.7667904,4.297592,0.51475334,0.39584067,0.31887165,1.2229522
1060.0,-7.81228,4.417302,0.45968673,0.38973203,0.28955013,1.1630874
1068.0,-7.85777,4.560954,0.32561144,0.37995818,0.25778514,1.0848967
1071.0,-8.061277,4.656722,0.36870706,0.3652974,0.21502456,0.9798279
1081.0,-8.078036,4.6950297,0.4285621,0.33108896,0.15515977,0.86132
1090.0,-8.1402855,4.642357,0.5746084,0.29443705,0.111177474,0.73914695
1100.0,-8.0684595,4.537012,0.581791,0.31031954,0.052534413,0.6047566
1109.0,-8.073248,4.5082817,0.48841715,0.376293,0.012217305,0.47525316
1120.0,-8.145074,4.685453,0.36631286,0.43493605,-0.02565634,0.3726278
1130.0,-8.23366,4.6830587,0.32800564,0.42271876,-0.05131268,0.30787608
1140.0,-8.372523,4.5777135,0.7230489,0.34574974,-0.0720821,0.25778514
1150.0,-8.274361,4.173094,1.2234371,0.25900686,-0.09285152,0.19914207
1160.0,-8.238448,3.904943,1.5610195,0.23335053,-0.095294975,0.12339478
1169.0,-8.274361,3.7493198,1.5897499,0.29077184,-0.09040806,0.05375614
1179.0,-8.439561,3.7445314,1.6472107,0.40683624,-0.07941248,0.02443461
1189.0,-8.743625,3.8594532,1.6472107,0.54000485,-0.052534413,0.03176499
1200.0,-8.9279785,3.7588966,1.70946,0.6658431,-0.032986723,0.040317107
1210.0,-9.083601,3.9360676,1.553837,0.766025,-0.014660766,0.043982297
1221.0,-9.203311,4.1156325,1.5298948,0.86009824,-0.0036651916,0.043982297
1230.0,-9.299079,4.7668557,1.4460979,0.9334021,-0.007330383,0.04520403
1248.0,-9.358934,5.422867,1.2856863,0.9651671,0.002443461,0.057421334
1250.0,-9.411607,6.0597243,1.0079589,0.93218035,0.010995574,0.07086037
1260.0,-9.504981,6.5218053,0.92416185,0.79779,0.05375614,0.07941248
1543.0,-9.593566,6.849811,0.8714894,0.56688297,0.096516706,0.064751714
1543.0,-9.512163,6.801927,0.79966336,0.27488935,0.13561209,0.019547688
1543.0,-9.466674,6.5601125,0.8738836,-0.004886922,0.16615535,-0.04642576
1543.0,-9.478644,6.1530986,0.7685388,-0.21013765,0.18692477,-0.10629055
1543.0,-9.490616,5.729325,0.93852705,-0.30665436,0.20158553,-0.14782938
1543.0,-9.579201,5.485116,0.90979666,-0.087964594,0.18081611,-0.22479841
1543.0,-9.536105,5.3725886,0.44532153,0.13072516,0.13194689,-0.23090707
1543.0,-9.49301,5.4420204,0.11252748,0.27977628,0.08307768,-0.2406809
1543.0,-9.409213,5.544971,0.06703765,0.3286455,0.05375614,-0.28344148
1543.0,-9.232041,5.377377,0.06703765,0.28099802,0.02443461,-0.34697145
1543.0,-8.918402,5.109226,0.11252748,0.17715092,-0.02687807,-0.40683624
1543.0,-8.676587,4.7309427,0.22744916,0.07086037,-0.057421334,-0.46181414
1543.0,-8.674192,4.4963107,0.33039984,0.008552114,-0.06352998,-0.5119051
1543.0,-8.702923,4.402937,0.37828386,-0.015882496,-0.07086037,-0.5534439
1543.0,-8.724471,4.2904096,0.33518824,-0.039095376,-0.08552113,-0.5815437
1543.0,-8.595184,4.1419687,0.30885202,-0.07696902,-0.12705997,-0.6096435
1543.0,-8.463503,3.821146,0.4189853,-0.09896017,-0.15882497,-0.64873886
1543.0,-8.408437,3.3854012,0.7182605,-0.064751714,-0.18203785,-0.68783426
1543.0,-8.300697,2.9472623,0.85473,0.02321288,-0.20525073,-0.71837753
1543.0,-8.231265,2.7700913,0.92655605,0.16493362,-0.22724187,-0.7476991
1544.0,-8.3150625,2.789245,0.91219085,0.35918877,-0.23457226,-0.7733554
1544.0,-8.432379,3.0669725,0.8283938,0.5363397,-0.2406809,-0.7696902
1544.0,-8.379706,3.3686419,0.7134721,0.6035349,-0.26633725,-0.74281216
1544.0,-8.350976,3.3997664,0.61530983,0.5363397,-0.30665436,-0.72326446
1544.0,-8.406042,3.3973722,0.59376204,0.3652974,-0.3371976,-0.7305948
1544.0,-8.346188,3.064578,0.82599956,0.14049901,-0.3555236,-0.75869465
1544.0,-8.1642275,2.6551697,0.9792285,-0.040317107,-0.38362336,-0.79779
1544.0,-8.157045,2.2457612,1.0941502,-0.09773844,-0.3921755,-0.8405506
1571.0,-8.219295,2.0590134,1.0582372,-0.017104227,-0.37995818,-0.87109387
1571.0,-8.341399,1.99437,1.0630256,0.13316862,-0.3640757,-0.86132
1571.0,-8.401254,2.2337902,1.103727,0.25900686,-0.37507126,-0.816116
1635.0,-8.4347725,2.2816741,1.0941502,0.2919936,-0.38973203,-0.7635816
1635.0,-8.475474,2.315193,1.1133038,0.22602014,-0.41172317,-0.7367035
1635.0,-8.59279,2.2720973,1.0965444,0.07941248,-0.43004912,-0.73914695
1635.0,-8.573636,2.0685902,1.1947067,-0.08674286,-0.4373795,-0.7623598
1635.0,-8.607155,1.958457,1.3120226,-0.204029,-0.44715336,-0.79168135
1635.0,-8.602366,1.6280571,1.4101849,-0.2443461,-0.45204028,-0.8063421
1642.0,-8.540117,1.4389153,1.4915876,-0.23457226,-0.45814893,-0.79901177
1682.0,-8.628703,1.3862427,1.6376339,-0.19181168,-0.4605924,-0.78801614
1682.0,-8.683769,1.4269443,1.697489,-0.12461651,-0.45204028,-0.77579886
1682.0,-8.736442,1.4341269,1.8124107,-0.065973446,-0.46181414,-0.75869465
1682.0,-8.860941,1.436521,1.6424223,-0.05131268,-0.47769663,-0.73548174
1691.0,-8.887277,1.5514427,1.6879122,-0.07574729,-0.4886922,-0.7171558
1700.0,-8.937555,1.5658079,1.7477672,-0.1160644,-0.49480084,-0.70371675
1710.0,-8.875306,1.5251064,1.7262194,-0.17348573,-0.5143485,-0.6988298
1726.0,-8.789114,1.520318,1.8986019,-0.2406809,-0.5180137,-0.70616025
1730.0,-8.614338,1.4053963,2.1212628,-0.27977628,-0.5155703,-0.7244862
1741.0,-8.676587,1.0749966,2.4013844,-0.28344148,-0.50823987,-0.73914695
1749.0,-8.693346,0.93134445,2.5498247,-0.2565634,-0.4801401,-0.7415904
1762.0,-8.853758,0.7637503,2.5234885,-0.18081611,-0.45204028,-0.74281216
1769.0,-8.942344,0.8571242,2.5498247,-0.059864793,-0.4361578,-0.752586
1780.0,-9.057265,0.81881696,2.3582888,0.081855945,-0.44348818,-0.7684685
1790.0,-9.0476885,0.92895025,2.2098482,0.22479841,-0.45814893,-0.77457714
1802.0,-9.033323,0.91458505,2.2697031,0.34574974,-0.46792278,-0.7672467
1810.0,-8.896853,0.92416185,2.2840683,0.43493605,-0.47647488,-0.7440339
1822.0,-8.853758,0.8762778,2.2816741,0.47647488,-0.48380527,-0.71593404
1831.0,-8.89446,0.9840169,2.4181437,0.4373795,-0.48747048,-0.68416905
1843.0,-8.935161,0.9768343,2.5234885,0.32742378,-0.48258355,-0.66828656
1850.0,-9.006987,0.82360536,2.6862943,0.18692477,-0.4642576,-0.6792821
1863.0,-9.004593,0.6799533,2.753332,0.059864793,-0.45081854,-0.7134906
1874.0,-9.038112,0.50996494,2.7006595,0.0,-0.44715336,-0.75869465
1882.0,-8.992621,0.40222588,2.7365725,0.028099801,-0.45204028,-0.79045963
1891.0,-8.848969,0.17477672,2.8107927,0.095294975,-0.44593164,-0.7855727
1901.0,-8.8777,0.23702596,2.7365725,0.1441642,-0.44837508,-0.7452556
1927.0,-8.834604,0.39983168,2.7461493,0.13439035,-0.45081854,-0.689056
1927.0,-8.930372,0.4309563,2.8275523,0.06352998,-0.4569272,-0.6462954
1953.0,-8.90643,0.45010993,2.9376855,-0.04886922,-0.4642576,-0.6377433
1953.0,-8.863335,0.18914193,2.9161377,-0.15882497,-0.46914452,-0.66339964
1953.0,-8.937555,0.1412579,2.9855695,-0.22235495,-0.45814893,-0.6988298
1971.0,-8.856153,-0.04309563,3.0142999,-0.21868975,-0.45448375,-0.72082096
1971.0,-8.798691,-0.36631286,3.1172507,-0.17715092,-0.46181414,-0.7171558
2021.0,-8.74123,-0.41180268,3.2321723,-0.13316862,-0.46792278,-0.6988298
2022.0,-8.678981,-0.5243302,3.3614593,-0.07941248,-0.45448375,-0.68416905
2022.0,-8.856153,-0.45010993,3.406949,-0.02076942,-0.43860126,-0.6780604
2022.0,-8.983045,-0.32800564,3.3087866,0.008552114,-0.4373795,-0.67073005
2022.0,-8.789114,-0.17717093,3.2680852,-0.0061086523,-0.45204028,-0.6646214
2030.0,-8.738836,-0.095768064,3.193865,-0.07086037,-0.46914452,-0.6658431
2041.0,-8.726865,-0.093373865,3.1364043,-0.172264,-0.46914452,-0.68416905
2050.0,-8.7125,-0.29209262,3.1842883,-0.28099802,-0.45570546,-0.71593404
2061.0,-8.635885,-0.59615624,3.5314474,-0.3567453,-0.44715336,-0.7538077
2070.0,-8.6095495,-0.81881696,3.6870706,-0.3640757,-0.4373795,-0.7867944
2081.0,-8.62152,-1.0941502,3.655946,-0.2687807,-0.43004912,-0.8063421
2090.0,-8.611943,-1.1109096,3.763685,-0.112399206,-0.42760566,-0.8002335
2101.0,-8.51857,-1.0390835,3.7086184,0.02076942,-0.43982297,-0.7623598
2112.0,-8.367735,-1.0007763,3.632004,0.062308256,-0.46303585,-0.7110472
2126.0,-8.305486,-0.9552865,3.6272156,0.008552114,-0.47158796,-0.68539083
2132.0,-8.331821,-1.0055647,3.4404678,-0.09896017,-0.45081854,-0.70738196
2140.0,-8.4108305,-1.1994951,3.5913026,-0.22113322,-0.4288274,-0.75869465
2150.0,-8.4347725,-1.292869,3.7134068,-0.31887165,-0.41538838,-0.81000733
2163.0,-8.3821,-1.4867992,3.7469256,-0.3408628,-0.4166101,-0.84788096
2172.0,-8.224083,-1.7166426,3.928885,-0.28221974,-0.42271876,-0.8539896
2182.0,-8.078036,-2.0231004,4.144363,-0.18570304,-0.43249258,-0.82344633
2193.0,-7.929596,-2.1428106,4.1946416,-0.010995574,-0.43860126,-0.73914695
2202.0,-8.085219,-1.9776106,4.158728,0.039095376,-0.41538838,-0.7171558
2212.0,-8.137892,-1.8938135,4.134786,0.032986723,-0.41050145,-0.70249504
2224.0,-8.082825,-1.8483237,4.06296,-0.012217305,-0.41538838,-0.70005155
2277.0,-8.212111,-1.8363527,4.098873,-0.05375614,-0.40439278,-0.7134906
2277.0,-8.11395,-1.8842367,4.110844,-0.08674286,-0.39584067,-0.7281514
2279.0,-8.054094,-1.9871874,4.1299977,-0.12461651,-0.38728857,-0.73426
2279.0,-7.943961,-2.2577322,4.2281604,-0.15760323,-0.39828414,-0.7330383
2279.0,-7.8912888,-2.303222,4.367024,-0.18692477,-0.39706242,-0.7281514
2282.0,-7.785944,-2.372654,4.4101195,-0.19303341,-0.3921755,-0.72326446
2291.0,-7.848193,-2.6120741,4.5274353,-0.1881465,-0.39095375,-0.7134906
2302.0,-7.7811556,-2.8203697,4.6782703,-0.17837265,-0.39095375,-0.7086037
2312.0,-7.776367,-2.8802247,4.537012,-0.13194689,-0.38973203,-0.7147123
2324.0,-7.848193,-2.8491,4.4364557,-0.035430185,-0.39461896,-0.72204274
2331.0,-7.872135,-2.6527755,4.3622355,0.05497787,-0.39706242,-0.7049385
2343.0,-7.872135,-2.4947581,4.4316673,0.09285152,-0.41172317,-0.66950834
2354.0,-7.7548194,-2.4181437,4.4220905,0.06963864,-0.43493605,-0.6414085
2364.0,-7.690176,-2.552219,4.43885,-0.010995574,-0.45204028,-0.63407815
2375.0,-7.493851,-2.6623523,4.5801077,-0.12583824,-0.4569272,-0.6462954
2384.0,-7.431602,-2.791639,4.757279,-0.22968534,-0.44226643,-0.66706485
2394.0,-7.4746976,-3.074155,4.8147397,-0.27488935,-0.4166101,-0.6951646
2406.0,-7.587225,-3.1172507,4.8985367,-0.23945917,-0.39584067,-0.7122689
2415.0,-7.5824366,-3.277662,5.0421886,-0.1441642,-0.39950588,-0.7086037
2427.0,-7.513005,-3.3494883,4.9224787,-0.032986723,-0.4166101,-0.6951646
2436.0,-7.4986396,-3.157952,4.853047,0.061086524,-0.43371433,-0.6817256
2444.0,-7.311892,-2.9161377,4.8482585,0.10751228,-0.44715336,-0.66828656
2455.0,-7.1826053,-2.96881,4.8865657,0.0842994,-0.45814893,-0.6560693
2469.0,-7.1251445,-2.9831753,4.924873,0.0036651916,-0.44959682,-0.6621779
2475.0,-7.2209125,-3.0813377,4.88896,-0.095294975,-0.41538838,-0.69027776
2487.0,-7.201759,-3.1962593,5.1355624,-0.17592919,-0.38973203,-0.72204274
2496.0,-7.2328835,-3.3614593,5.2169657,-0.20647246,-0.38362336,-0.7489208
2505.0,-7.1155677,-3.4811692,5.185841,-0.20647246,-0.3848451,-0.75991637
