44.0,1.4030021,2.0638018,9.3182335,0.0061086523,-0.014660766,-0.0012217305
78.0,1.400608,2.2936451,9.380483,0.17348573,0.11728613,-0.064751714
78.0,1.4317327,2.315193,9.169792,-0.10751228,-0.2284636,-0.33841935
79.0,1.5562311,2.3415294,9.124303,-0.3652974,-0.39584067,-0.41050145
84.0,1.6376339,2.360683,9.112331,-0.5766568,0.4007276,-0.15515977
114.0,1.721431,2.3774424,8.990228,-1.0103711,0.44104472,-0.27366763
114.0,1.7238252,2.243367,9.018958,-1.4721853,0.3005457,-0.47158796
114.0,1.6591818,1.9680338,9.200917,-1.7666223,0.172264,-0.6218608
121.0,1.7046716,1.6519991,9.380483,-2.0292943,0.1881465,-0.70249504
132.0,1.6496049,1.1947067,9.655815,-2.2650883,0.22235495,-0.7806858
142.0,1.6160861,0.7086837,9.689334,-2.4226916,0.2773328,-0.82711154
151.0,1.4676456,0.093373865,9.44752,-2.5130997,0.2968805,-0.84421575
161.0,1.5849615,-0.37828386,9.847352,-2.5192082,0.30298916,-0.874759
171.0,1.4820108,-0.90261406,9.919178,-2.4483478,0.33475417,-0.9285152
183.0,1.4772224,-1.1204864,10.079589,-2.4019222,0.4251622,-0.99082345
191.0,1.436521,-1.30484,9.674969,-2.2785273,0.4361578,-1.0262536
203.0,1.532289,-1.5346833,9.543288,-2.1697934,0.42638394,-1.0079277
211.0,1.5059528,-1.8794483,9.528923,-2.0720549,0.47525316,-0.9627236
222.0,1.4197617,-2.1523874,9.603143,-1.9914207,0.548557,-0.9468411
232.0,1.1947067,-2.3080103,9.469068,-1.9181169,0.6010914,-0.9663888
242.0,1.043872,-2.5785553,9.41879,-1.9327776,0.6365216,-1.0042624
251.0,0.7733272,-2.8323407,9.334992,-1.9853121,0.66828656,-1.033584
264.0,0.46926352,-3.205836,9.272743,-1.9865338,0.6792821,-1.0067059
271.0,0.33039984,-3.7612908,9.215282,-1.9559906,0.6792821,-0.89552844
282.0,0.22505496,-4.1802764,9.121908,-1.9095647,0.6646214,-0.7538077
292.0,0.16998832,-4.426879,9.033323,-1.8252654,0.65118235,-0.6560693
303.0,0.1316811,-4.5298295,9.064447,-1.7018706,0.6291912,-0.6096435
311.0,-0.023942016,-4.534618,9.033323,-1.577254,0.6218608,-0.5729916
323.0,-0.21787235,-4.5298295,8.968679,-1.4636332,0.6096435,-0.5131268
332.0,-0.34237084,-4.594473,8.805874,-1.3646729,0.5815437,-0.45204028
342.0,-0.47165772,-4.534618,8.626308,-1.2889256,0.5510005,-0.4007276
351.0,-0.5243302,-4.6136265,8.506598,-1.2461652,0.50701815,-0.36163223
362.0,-0.5410896,-4.783615,8.4826565,-1.2095132,0.46914452,-0.31887165
372.0,-0.6655881,-4.996699,8.470686,-1.1337659,0.42271876,-0.27977628
383.0,-0.6847417,-5.08289,8.377312,-0.9932669,0.38240165,-0.24678956
392.0,-0.7350199,-5.0613422,8.331821,-0.8332202,0.32986724,-0.21991149
403.0,-0.6631939,-5.032612,8.418014,-0.6731735,0.29077184,-0.21135938
412.0,-0.59855044,-5.0062757,8.403648,-0.5155703,0.25289822,-0.19425514
422.0,-0.641646,-4.9320555,8.468291,-0.3848451,0.20769419,-0.16371189
432.0,-0.6607997,-4.9943047,8.506598,-0.2932153,0.17837265,-0.12950343
443.0,-0.6751649,-5.080496,8.7532015,-0.2125811,0.14905111,-0.087964594
452.0,-0.63206923,-5.142745,8.856153,-0.15027285,0.11728613,-0.03176499
462.0,-0.5291186,-5.092467,8.930372,-0.11484267,0.089186326,0.002443461
471.0,-0.5410896,-5.08289,9.102755,-0.07941248,0.07086037,0.015882496
483.0,-0.4405331,-5.0302176,9.296685,-0.062308256,0.07941248,0.047647487
492.0,-0.38067806,-4.9105077,9.478644,-0.059864793,0.103847094,0.08307768
506.0,-0.46447513,-4.948815,9.722853,-0.0720821,0.12583824,0.105068825
514.0,-0.4213795,-4.7907977,10.005369,-0.111177474,0.14294247,0.12217305
525.0,-0.47644615,-4.7764325,10.172963,-0.1441642,0.17104226,0.15515977
536.0,-0.49081135,-4.72376,10.33098,-0.14782938,0.22235495,0.20769419
545.0,-0.49081135,-4.5753193,10.534488,-0.13561209,0.28588495,0.25289822
554.0,-0.5315128,-4.6399627,10.785878,-0.14538592,0.35430184,0.28344148
567.0,-0.5267244,-4.630386,11.09473,-0.15882497,0.43371433,0.30665436
575.0,-0.47644615,-4.5561657,11.269507,-0.14049901,0.52290064,0.3286455
585.0,-0.5267244,-4.5274353,11.355699,-0.10751228,0.62796944,0.344528
594.0,-0.62009823,-4.4436383,11.417948,-0.10995574,0.7452556,0.344528
607.0,-0.6871359,-4.345476,11.492168,-0.26145032,0.9737192,0.3567453
615.0,-0.9648633,-4.5202527,11.563994,-0.26145032,0.9737192,0.3567453
626.0,-1.1300632,-4.805163,11.6908865,-0.33353242,1.0812315,0.39095375
634.0,-1.2904748,-5.1786585,11.695675,-0.34330627,1.1850786,0.43860126
647.0,-1.2545617,-5.3247046,11.63582,-0.2761111,1.2803736,0.48991394
656.0,-1.328782,-5.3678,11.401189,-0.15271631,1.3842206,0.5314528
665.0,-1.3623008,-5.2409077,11.27669,-0.034208454,1.4978416,0.56199604
674.0,-1.5729905,-5.0397944,11.238382,0.07452556,1.709201,0.5888741
686.0,-1.8339585,-4.8482585,10.520123,0.043982297,1.7922786,0.61575216
696.0,-1.9847932,-4.8362875,10.371682,-0.014660766,1.8643607,0.65240407
706.0,-2.243367,-5.1235914,10.314221,-0.1001819,1.9303342,0.72326446
714.0,-2.3199813,-5.568913,10.359711,-0.13927728,1.9828686,0.81489426
726.0,-2.3104045,-5.9041014,10.259154,-0.06841691,2.0231857,0.893085
736.0,-2.4660277,-6.0046577,9.883265,0.096516706,2.0720549,0.94806284
746.0,-2.6048915,-5.631162,9.64145,0.30665436,2.1551325,0.97005403
754.0,-2.7820623,-5.3366756,9.368511,0.49113566,2.2321017,0.97494096
766.0,-3.0502129,-4.8482585,9.121908,0.5644395,2.289523,0.9773844
776.0,-3.3063924,-4.685453,8.848969,0.53878313,2.3200662,0.98349303
786.0,-3.550601,-4.8099513,8.678981,0.45814893,2.3139575,1.0396926
794.0,-3.739743,-5.0757074,8.537724,0.36041048,2.3090706,1.1459832
808.0,-3.727772,-5.2265425,8.439561,0.2968805,2.2992969,1.2425
815.0,-3.8067808,-5.4683566,8.24563,0.32742378,2.2992969,1.2938126
825.0,-3.8618474,-5.451597,8.001422,0.4361578,2.3054054,1.3353515
834.0,-3.9073372,-5.209783,7.747637,0.5644395,2.3261747,1.3756685
846.0,-4.0940847,-4.9775453,7.4723034,0.6988298,2.3518312,1.382999
856.0,-4.256891,-4.7524905,7.165846,0.79901177,2.3689353,1.3646729
866.0,-4.5058875,-4.4436383,6.945579,0.8210029,2.3701572,1.3548992
875.0,-4.8147397,-4.1802764,6.631939,0.78801614,2.3689353,1.3585643
885.0,-4.9679685,-4.0773253,6.2704144,0.7281514,2.334727,1.3842206
897.0,-5.257667,-3.9791632,6.042965,0.64751714,2.2870796,1.4306464
906.0,-5.427655,-3.8857894,6.143522,0.5338962,2.26631,1.5173893
915.0,-5.4539914,-3.8067808,6.081272,0.43004912,2.234545,1.6261233
929.0,-5.485116,-3.8762126,5.8634,0.40683624,2.1600194,1.6945401
934.0,-5.5042696,-3.9552212,5.5258174,0.47158796,2.1148155,1.7580702
945.0,-5.695806,-3.7780502,5.2480903,0.5338962,2.085494,1.8191566
954.0,-5.896919,-3.3854012,5.023035,0.59742624,2.0647244,1.817935
963.0,-6.0405707,-3.1316159,4.9081135,0.6719518,2.0231857,1.7898352
974.0,-6.1195793,-2.9712043,4.7644615,0.7171558,1.9669861,1.8216002
984.0,-6.279991,-2.7964275,4.6255975,0.7318166,1.921782,1.8863518
993.0,-6.339846,-2.743755,4.369418,0.752586,1.8545868,1.9193386
1004.0,-6.4906807,-2.4612393,4.0940847,0.7672467,1.7996091,1.9181169
1013.0,-6.5481415,-2.0829554,4.086902,0.77579886,1.7739527,1.8997909
1022.0,-6.6726403,-1.7118542,3.9552212,0.79534656,1.7482964,1.8887954
1032.0,-6.8761473,-1.532289,3.7708676,0.8210029,1.717753,1.9058995
1045.0,-6.9958572,-1.2354081,3.667917,0.82711154,1.6688838,1.9413297
1054.0,-7.0581064,-0.9744401,3.430891,0.8026769,1.6358972,1.9657644
1065.0,-7.103596,-0.6679823,3.3423057,0.7684685,1.5992452,1.9804251
1074.0,-7.1275387,-0.4333505,3.2704794,0.7134906,1.5515977,1.9865338
1084.0,-7.1610575,-0.2705448,3.2728736,0.6536258,1.5015068,1.9853121
1095.0,-7.2233067,-0.055066638,3.1962593,0.6218608,1.46852,1.9828686
1144.0,-7.1826053,0.062249243,3.086126,0.6560693,1.4477507,1.9840903
1144.0,-7.189788,0.40462008,2.8874073,0.7171558,1.4159856,1.9767599
1144.0,-7.1155677,0.6392518,2.7126305,0.7733554,1.3952162,1.9425515
1144.0,-7.2328835,1.0965444,2.5187001,0.8051204,1.382999,1.8912388
1144.0,-7.326257,1.4030021,2.3463178,0.80756384,1.3732251,1.8411479
1153.0,-7.45315,1.6543933,2.1906946,0.77824235,1.3561208,1.8044959
1165.0,-7.4746976,1.970428,2.054225,0.72692966,1.3304645,1.7849482
1173.0,-7.491457,2.0207062,1.982399,0.65484756,1.2938126,1.7788396
1184.0,-7.3525934,2.1428106,1.910573,0.5644395,1.237613,1.7702875
1194.0,-7.2831616,2.2888567,1.9009962,0.49846604,1.2070698,1.7421877
1206.0,-7.2544312,2.4253263,1.7764976,0.4886922,1.1814134,1.6982054
1214.0,-7.395689,2.456451,1.6376339,0.52778757,1.1582005,1.6530013
1226.0,-7.469909,2.7581203,1.4987702,0.5705481,1.1398746,1.6102408
1234.0,-7.5225816,2.918532,1.3192052,0.59986967,1.1166617,1.5723672
1248.0,-7.5225816,3.2202013,1.043872,0.6010914,1.0726794,1.5454891
1255.0,-7.4986396,3.4093432,1.0366893,0.5522222,1.0213667,1.5198327
1265.0,-7.5465236,3.6774938,0.93613285,0.47158796,0.9761627,1.4807373
1274.0,-7.469909,3.845088,0.81642276,0.39950588,0.9334021,1.4367551
1287.0,-7.541735,3.9624038,0.7302315,0.35430184,0.8979719,1.4001031
1296.0,-7.548918,3.9576154,0.641646,0.3371976,0.8539896,1.3768903
1306.0,-7.606379,4.027047,0.51475334,0.3359759,0.82711154,1.3487904
1314.0,-7.608773,4.1659107,0.37110126,0.33841935,0.79045963,1.314582
1325.0,-7.52737,4.3646297,0.35194764,0.344528,0.7330383,1.269378
1335.0,-7.4866686,4.560954,0.2777274,0.35430184,0.675617,1.2290609
1346.0,-7.5106106,4.642357,0.10055647,0.3481932,0.63163465,1.2021828
1354.0,-7.6351094,4.7764325,0.110133275,0.3200934,0.5815437,1.1850786
1365.0,-7.7069354,4.8099513,0.107739076,0.27855456,0.5448918,1.1618657
1375.0,-7.6231384,4.8841715,0.031124622,0.24190263,0.48991394,1.1276573
1386.0,-7.6111674,5.0038815,-0.019153614,0.21502456,0.4251622,1.0922271
1395.0,-7.575254,5.1882353,-0.038307227,0.18081611,0.37507126,1.0592403
1409.0,-7.57286,5.3438582,-0.019153614,0.15271631,0.33475417,1.0348058
1416.0,-7.536947,5.518635,-0.035913024,0.13316862,0.29443705,1.0152581
1426.0,-7.4723034,5.7245364,-0.090979666,0.10873401,0.25289822,0.9957104
1434.0,-7.517793,5.8442464,-0.04070143,0.065973446,0.22113322,0.9761627
1447.0,-7.560889,5.9160724,-0.1388637,0.017104227,0.19058995,0.9456194
1455.0,-7.5321584,6.0142345,-0.11971009,-0.040317107,0.15393804,0.9101892
1468.0,-7.465121,6.0405707,-0.095768064,-0.105068825,0.12583824,0.87598073
1475.0,-7.548918,6.0956373,-0.11252748,-0.14782938,0.09285152,0.8405506
1487.0,-7.4986396,6.1411276,-0.23223756,-0.14905111,0.05131268,0.8038987
1496.0,-7.422025,6.2632318,-0.07182605,-0.13805555,0.010995574,0.7611381
1507.0,-7.4387846,6.576872,0.08379706,-0.05497787,-0.028099801,0.6426302
1515.0,-7.479486,6.823475,0.2753332,-0.05497787,-0.028099801,0.6426302
1528.0,-7.419631,7.165846,0.4141969,0.015882496,-0.04642576,0.56688297
1537.0,-7.299921,7.345411,0.30406362,0.10262536,-0.065973446,0.49235737
1546.0,-7.369353,7.5824366,0.30885202,0.1881465,-0.0842994,0.4288274
1555.0,-7.2089415,7.785944,0.30885202,0.2321288,-0.087964594,0.3115413
1567.0,-7.2711906,7.8146744,0.4405331,0.21991149,-0.095294975,0.22724187
1576.0,-7.3909006,7.795521,0.6823475,0.20769419,-0.089186326,0.12705997
1587.0,-7.386112,7.843405,0.6895301,0.2125811,-0.087964594,0.03176499
1596.0,-7.240066,7.855376,0.59136784,0.24678956,-0.1001819,-0.042760566
1608.0,-7.2328835,7.9966335,0.5410896,0.28221974,-0.096516706,-0.09285152
1615.0,-7.335834,8.209718,0.47644615,0.2761111,-0.06963864,-0.15027285
1628.0,-7.4148426,8.35337,0.4237737,0.23090707,-0.05009095,-0.2406809
1635.0,-7.359776,8.252813,0.33758244,0.1563815,-0.047647487,-0.35796702
1645.0,-7.345411,8.027759,0.2681506,0.0720821,-0.04520403,-0.46670106
1654.0,-7.40766,7.6710224,0.33518824,-0.004886922,-0.036651913,-0.54367006
1665.0,-7.4746976,7.275979,0.29209262,-0.04886922,-0.065973446,-0.59498274
1673.0,-7.539341,6.8641763,0.2896984,-0.05497787,-0.07819075,-0.6450737
1683.0,-7.5441294,6.5840545,0.20590134,-0.03176499,-0.08552113,-0.70616025
1693.0,-7.587225,6.447585,0.12449849,-0.0036651916,-0.09285152,-0.75747293
1704.0,-7.704541,6.301539,0.21068975,0.002443461,-0.10629055,-0.77946407
1712.0,-7.78355,6.0980315,0.21547815,-0.02076942,-0.12705997,-0.7867944
1722.0,-7.824251,5.961562,0.19632454,-0.057421334,-0.1563815,-0.8002335
1733.0,-7.843405,5.872977,0.24420857,-0.096516706,-0.18203785,-0.8258898
1743.0,-7.8912888,5.815516,0.29927522,-0.13805555,-0.18570304,-0.8552113
1754.0,-7.9750857,5.9280434,0.25139117,-0.17715092,-0.1966986,-0.87964594
1764.0,-7.85777,5.81791,0.2873042,-0.20769419,-0.22235495,-0.89552844
1773.0,-7.872135,5.5162406,0.3184288,-0.2321288,-0.24801129,-0.9101892
1782.0,-7.884106,5.2600613,0.44532153,-0.25167647,-0.25411993,-0.9309586
1792.0,-7.8793178,4.8985367,0.6655881,-0.24190263,-0.25534168,-0.9615019
1804.0,-7.8912888,4.7022123,0.7110779,-0.1685988,-0.27122417,-0.99204516
1812.0,-7.9248075,4.489128,0.6823475,-0.04153884,-0.29810223,-1.0115929
1823.0,-8.0684595,4.6830587,0.6344634,0.10873401,-0.31887165,-1.0201449
1832.0,-8.015787,4.9296613,0.5746084,0.22357668,-0.344528,-1.0238101
1842.0,-8.0924015,5.0757074,0.51714754,0.2321288,-0.3640757,-1.0274754
1852.0,-8.0684595,5.0613422,0.58897364,0.13561209,-0.37507126,-1.0372492
1863.0,-7.9822683,4.6710877,0.6679823,0.013439035,-0.39706242,-1.0543534
1872.0,-7.943961,4.225766,0.93852705,-0.09162979,-0.41416663,-1.0616838
1883.0,-8.0445175,3.9456444,1.2808979,-0.1600467,-0.41416663,-1.0604621
1892.0,-8.169016,3.7062242,1.3599066,-0.16126843,-0.41783184,-1.0714576
1904.0,-8.159439,3.596091,1.340753,-0.10262536,-0.4373795,-1.0812315
1912.0,-8.178593,3.679888,1.3024458,-0.04153884,-0.44837508,-1.0812315
1922.0,-8.209718,3.632004,1.1851299,-0.004886922,-0.4654793,-1.0873401
1933.0,-8.303091,3.6846764,1.0893618,0.012217305,-0.47158796,-1.1007792
1944.0,-8.257602,3.5170822,1.3670892,0.014660766,-0.4605924,-1.1068878
1952.0,-8.324639,3.2680852,1.4796166,0.017104227,-0.4569272,-1.0897835
1963.0,-8.329428,2.9879637,1.6472107,0.007330383,-0.44959682,-1.0592403
1972.0,-8.391677,2.9831753,1.7669208,0.002443461,-0.43982297,-1.0384709
1984.0,-8.401254,2.9592333,1.721431,-0.002443461,-0.4361578,-1.0311406
1992.0,-8.485051,3.1555579,1.5514427,-0.02321288,-0.45814893,-1.0372492
2004.0,-8.480263,3.1723173,1.5394717,-0.06841691,-0.4728097,-1.0519099
2013.0,-8.444349,2.966416,1.661576,-0.13439035,-0.47891834,-1.0665708
2023.0,-8.413225,2.621651,1.7717092,-0.18448131,-0.47403142,-1.0665708
2052.0,-8.485051,2.2840683,1.9416976,-0.21135938,-0.4642576,-1.0519099
2052.0,-8.604761,2.1092918,1.9680338,-0.20158553,-0.44715336,-1.0421361
2056.0,-8.7532015,1.922544,2.0135236,-0.14905111,-0.43860126,-1.0360274
2067.0,-8.863335,1.9800048,2.1188686,-0.09162979,-0.43493605,-1.0189233
2173.0,-8.913613,2.078167,2.2625206,-0.043982297,-0.43127087,-1.0054842
2173.0,-8.789114,2.2816741,2.1068976,-0.004886922,-0.44959682,-1.0067059
2173.0,-8.734048,2.315193,2.0518308,-0.009773844,-0.4728097,-1.001819
2173.0,-8.698134,2.243367,2.1164744,-0.057421334,-0.46792278,-0.9896017
2173.0,-8.695741,2.15957,2.1212628,-0.12583824,-0.45570546,-0.98349303
2173.0,-8.765172,1.8507179,2.267309,-0.18325958,-0.44715336,-0.9944886
2173.0,-8.7292595,1.5514427,2.4157495,-0.22235495,-0.44226643,-0.9932669
2173.0,-8.726865,1.3479356,2.504335,-0.23457226,-0.43493605,-0.9773844
2173.0,-8.796297,1.1683705,2.456451,-0.21624629,-0.42394048,-0.9627236
2174.0,-8.798691,1.0606314,2.6192567,-0.17715092,-0.41172317,-0.95172805
2174.0,-8.896853,0.91458505,2.6072857,-0.13194689,-0.39950588,-0.9456194
2184.0,-8.966286,1.0007763,2.6647465,-0.09285152,-0.3848451,-0.9431759
2195.0,-8.990228,1.0462662,2.5881321,-0.081855945,-0.37751472,-0.93218035
2204.0,-9.021352,1.1683705,2.633622,-0.112399206,-0.38362336,-0.9126327
2216.0,-8.913613,1.2330139,2.5378537,-0.16982053,-0.39095375,-0.90285885
2223.0,-8.810662,1.2641385,2.6001031,-0.24190263,-0.40194935,-0.906524
2233.0,-8.647857,1.0869676,2.7006595,-0.31887165,-0.39706242,-0.9138544
2248.0,-8.631097,0.8595184,2.731784,-0.376293,-0.38606682,-0.9126327
2253.0,-8.655039,0.5410896,2.8634653,-0.376293,-0.36041048,-0.9077458
2263.0,-8.731653,0.15083471,3.0597897,-0.31520647,-0.32742378,-0.89675015
2273.0,-8.796297,0.038307227,3.1675289,-0.2284636,-0.30909783,-0.88453287
2284.0,-8.856153,-0.08619126,3.2585084,-0.13316862,-0.3115413,-0.88453287
2294.0,-8.813056,-0.088585466,3.2249897,-0.042760566,-0.31887165,-0.8894198
2305.0,-8.796297,0.009576807,2.9640217,0.014660766,-0.3200934,-0.8784242
2313.0,-8.714894,0.18674773,2.8898015,0.02443461,-0.32986724,-0.86742866
2324.0,-8.690952,0.272939,2.930503,-0.009773844,-0.33108896,-0.86742866
2333.0,-8.74123,0.14844051,2.8898015,-0.10140363,-0.31887165,-0.86376345
2344.0,-8.760384,-0.038307227,2.9759927,-0.2125811,-0.31520647,-0.8588765
2353.0,-8.640674,-0.39264908,3.0789435,-0.29443705,-0.32498032,-0.8454375
2368.0,-8.540117,-0.78050977,3.2082303,-0.33353242,-0.33108896,-0.81489426
2386.0,-8.537724,-1.0223241,3.25372,-0.312763,-0.33108896,-0.784351
2386.0,-8.62152,-0.9768343,3.5098996,-0.25900686,-0.3115413,-0.7611381
2394.0,-8.669404,-0.78290397,3.5194764,-0.14294247,-0.2932153,-0.7611381
2406.0,-8.662222,-0.866701,3.4572272,-0.1160644,-0.30909783,-0.75625116
2413.0,-8.566454,-1.0079589,3.4811692,-0.07574729,-0.32620203,-0.752586
2431.0,-8.544906,-1.1707647,3.5170822,-0.028099801,-0.32986724,-0.7293731
2439.0,-8.585608,-1.0295067,3.3782187,-0.0036651916,-0.3213151,-0.70738196
2444.0,-8.734048,-0.9576807,3.502717,0.0012217305,-0.31031954,-0.7086037
2453.0,-8.659827,-0.9552865,3.3901896,-0.036651913,-0.31887165,-0.7049385
2470.0,-8.564059,-0.9888053,3.4261026,-0.112399206,-0.32375857,-0.6963864
2595.0,-8.508993,-1.0726024,3.550601,-0.17348573,-0.32253686,-0.68539083
2595.0,-8.394072,-1.2234371,3.7828386,-0.2125811,-0.3200934,-0.66828656
2595.0,-8.564059,-1.3862427,3.8019924,-0.22235495,-0.3115413,-0.6560693
2595.0,-8.698134,-1.4556746,3.7373488,-0.18448131,-0.3005457,-0.6658431
2595.0,-8.619126,-1.5155296,3.8905778,-0.10873401,-0.30298916,-0.6743952
2595.0,-8.528147,-1.6352397,3.976769,-0.03176499,-0.3115413,-0.6560693
2595.0,-8.537724,-1.5945383,3.8235402,0.037873644,-0.3213151,-0.6401868
2595.0,-8.396465,-1.472434,3.7612908,0.09407325,-0.312763,-0.65118235
2595.0,-8.444349,-1.3359646,3.751714,0.11484267,-0.31398472,-0.66706485
2595.0,-8.456321,-1.3144168,3.6296098,0.07819075,-0.30298916,-0.675617
2595.0,-8.494628,-1.1683705,3.6487634,0.013439035,-0.3042109,-0.70005155
2595.0,-8.47308,-1.3862427,3.7708676,-0.05375614,-0.31520647,-0.73548174
2595.0,-8.4826565,-1.4820108,3.7229836,-0.095294975,-0.3213151,-0.75136423
