24.0,1.3718776,-1.6065093,9.598354,0.004886922,-0.2773328,-0.84788096
24.0,1.2976574,-1.8052281,9.746795,0.1563815,0.11362094,-0.09162979
36.0,1.2976574,-1.8052281,9.746795,0.021991149,-0.25045475,-0.27855456
47.0,0.5674258,-1.8770541,9.679757,-0.15271631,-0.38973203,-0.35918877
53.0,0.45010993,-1.7142484,9.545682,-0.09040806,0.39828414,-0.02076942
60.0,0.61052144,-1.3862427,9.507375,-0.19914207,0.4288274,-0.02321288
70.0,0.90021986,-1.2186487,9.497798,-0.33353242,0.28221974,-0.09896017
80.0,1.0893618,-1.2737153,9.488221,-0.40194935,0.14294247,-0.18203785
90.0,1.079785,-1.5682021,9.454702,-0.40317106,0.15149458,-0.20525073
100.0,0.90740246,-1.8674773,9.466674,-0.36041048,0.13683382,-0.21746802
111.0,0.8379706,-1.9776106,9.524135,-0.30176744,0.11362094,-0.22235495
120.0,0.7781156,-2.0709844,9.514558,-0.267559,0.095294975,-0.22235495
132.0,0.81402856,-1.9656396,9.524135,-0.27855456,0.089186326,-0.21380283
140.0,0.89782566,-1.8219875,9.52174,-0.32620203,0.09896017,-0.19303341
151.0,0.94810385,-1.8650831,9.519346,-0.36896262,0.11484267,-0.1685988
161.0,1.0055647,-1.8938135,9.61272,-0.3811799,0.118507855,-0.15760323
172.0,0.9840169,-2.1787236,9.749189,-0.37995818,0.10873401,-0.17104226
180.0,0.8571242,-2.123657,9.706094,-0.43004912,0.09040806,-0.1966986
190.0,0.82360536,-1.958457,9.782708,-0.57543504,0.09896017,-0.20769419
202.0,0.830788,-1.7549498,9.921572,-0.79901177,0.12583824,-0.19425514
210.0,0.8331822,-1.553837,10.0748005,-1.2852604,0.2284636,-0.17104226
221.0,0.91458505,-1.6328455,10.232818,-1.2852604,0.2284636,-0.17104226
233.0,0.91458505,-1.8148049,10.412383,-1.563815,0.41783184,-0.17348573
240.0,0.9552865,-2.2984335,10.764331,-1.5968018,0.50335294,-0.172264
251.0,0.79487497,-2.554613,11.920731,-1.6420058,0.56199604,-0.17470746
261.0,0.6440403,-2.7030537,12.186486,-1.7751744,0.6462954,-0.17104226
271.0,0.60094464,-2.566584,12.042834,-2.0402899,0.73914695,-0.15515977
280.0,0.4261679,-2.4277205,11.880029,-2.4410176,0.8417723,-0.13194689
292.0,0.24181437,-2.2266076,11.779472,-2.896723,1.001819,-0.10262536
301.0,-0.0047884034,-2.3008277,11.609484,-3.3121114,1.1911873,-0.04642576
310.0,-0.1436521,-2.8562827,11.786655,-3.5979962,1.3707817,0.087964594
320.0,-0.2705448,-3.9624038,11.973403,-3.6969564,1.5503759,0.30298916
331.0,-0.5530606,-5.0661306,12.045229,-3.6077702,1.6713274,0.5131268
341.0,-0.9504981,-6.054936,12.229582,-3.368311,1.7214183,0.61941737
352.0,-1.3790601,-6.8043213,12.105083,-3.0469959,1.7739527,0.63041294
361.0,-1.5514427,-7.1873937,11.896789,-2.701246,1.8545868,0.675617
371.0,-1.5658079,-7.40766,11.453861,-2.3701572,1.9596558,0.8136725
381.0,-1.5370775,-7.589619,11.233594,-2.0476203,2.0696115,0.96883225
391.0,-1.685518,-7.6853876,10.79785,-1.736079,2.1526892,1.0824533
401.0,-1.922544,-7.824251,10.6158905,-1.4721853,2.207667,1.17897
412.0,-2.0614076,-7.9966335,10.34774,-1.2425,2.2565362,1.3121386
421.0,-2.171541,-8.090008,9.849746,-1.033584,2.3102922,1.473407
432.0,-2.1452048,-8.3150625,9.449914,-0.8356637,2.3628268,1.5992452
441.0,-2.219425,-8.497022,9.138668,-0.6743952,2.3726006,1.6310102
451.0,-2.3630772,-8.446744,8.552089,-0.58032197,2.3652701,1.6175711
461.0,-2.4468741,-8.23366,8.1163435,-0.56199604,2.3677137,1.6468927
472.0,-2.5115175,-8.054094,7.457938,-0.548557,2.3823745,1.7311921
481.0,-2.741361,-7.9966335,7.0341644,-0.44348818,2.3860397,1.8570304
491.0,-2.89459,-8.336611,6.945579,-0.20158553,2.3591616,1.9669861
502.0,-3.071761,-8.865729,6.8569937,0.16493362,2.302962,1.9889772
511.0,-3.2010477,-9.0237465,6.5385647,0.535118,2.2504275,1.9779817
521.0,-3.1172507,-8.664616,6.215348,0.752586,2.225993,1.9999728
534.0,-3.1675289,-8.224083,5.753267,0.75502944,2.2101104,2.0195205
544.0,-3.2489316,-7.5082164,5.233725,0.58276546,2.1868975,2.0146337
552.0,-3.406949,-6.9838862,4.841076,0.29443705,2.1746802,2.0390682
564.0,-3.6487634,-6.7731967,4.6519337,0.029321533,2.157576,2.0830505
574.0,-3.9743748,-6.825869,4.7070007,-0.04153884,2.117259,2.1135938
583.0,-4.2784386,-7.0461354,4.829105,0.10873401,2.0390682,2.1343632
594.0,-4.5274353,-7.3909006,4.8219223,0.38362336,1.9559906,2.1636846
604.0,-4.6806645,-7.455544,4.5657425,0.6426302,1.8912388,2.1930063
614.0,-4.5537715,-6.9958572,4.1539397,0.75869465,1.8533652,2.2186625
621.0,-4.5777135,-6.5218053,3.928885,0.7049385,1.8277088,2.2418754
634.0,-4.6375685,-6.0405707,3.632004,0.57543504,1.8008307,2.2406538
643.0,-4.7405195,-5.7149596,3.4452562,0.44226643,1.7654005,2.2296581
656.0,-4.975151,-5.45878,3.4284968,0.35063666,1.7189748,2.2308798
663.0,-5.3701944,-5.4444146,3.301604,0.32620203,1.6517797,2.239432
673.0,-5.583278,-5.427655,3.359065,0.38606682,1.582141,2.2492058
684.0,-5.6215854,-5.2744265,3.1794999,0.5155703,1.5344934,2.2650883
694.0,-5.695806,-5.046977,3.1292217,0.63407815,1.491733,2.2809708
704.0,-5.8634,-4.7381253,3.0334535,0.7122689,1.4489723,2.2773056
715.0,-5.9519854,-4.3718123,2.8802247,0.7330383,1.4135422,2.257758
724.0,-6.167464,-3.9839516,2.837129,0.70249504,1.3695599,2.2308798
736.0,-6.3206925,-3.4380736,2.6479871,0.63407815,1.3121386,2.2052236
743.0,-6.483498,-2.885013,2.4396915,0.5009095,1.2571607,2.1636846
753.0,-6.64391,-2.7461493,2.2720973,0.3921755,1.2009611,2.1429152
764.0,-6.811504,-2.4612393,2.3989902,0.39584067,1.1594223,2.144137
776.0,-6.8761473,-2.5474305,2.2960393,0.5119051,1.1154399,2.1416936
784.0,-6.9360023,-2.5306711,2.1571758,0.6585127,1.0592403,2.130698
794.0,-6.9886746,-2.5953147,2.1140802,0.7819075,0.9993755,2.0928242
804.0,-7.180211,-2.2505496,1.9728222,0.874759,0.93218035,2.0476203
815.0,-7.2448545,-1.6903064,2.0398598,0.9077458,0.85154617,2.0390682
823.0,-7.369353,-1.0079589,1.8986019,0.86742866,0.75625116,2.053729
837.0,-7.3525934,-0.62249243,1.7310078,0.77824235,0.68294734,2.0500638
845.0,-7.393295,-0.32321724,1.6232687,0.6939429,0.643852,2.0060816
854.0,-7.335834,-0.21308395,1.661576,0.65118235,0.6365216,1.921782
864.0,-7.3286514,-0.18435353,1.6232687,0.65118235,0.6450737,1.8277088
874.0,-7.4627266,-0.12210429,1.6400281,0.6792821,0.6291912,1.7702875
884.0,-7.529764,0.0,1.6663644,0.6963864,0.5852089,1.7580702
896.0,-7.704541,0.31603462,1.6112977,0.675617,0.5375614,1.772731
903.0,-7.7572136,0.6512229,1.7022774,0.63285637,0.5119051,1.78617
913.0,-7.8027034,0.92416185,1.8363527,0.58032197,0.4813618,1.772731
924.0,-7.941567,1.1731589,1.8531121,0.51923543,0.44715336,1.7373008
934.0,-7.833828,1.2856863,1.7142484,0.44226643,0.44226643,1.6945401
944.0,-7.855376,1.352724,1.6280571,0.35185838,0.45814893,1.640784
955.0,-7.680599,1.4341269,1.6639702,0.27488935,0.46792278,1.5845845
964.0,-7.668628,1.3814543,1.4820108,0.21013765,0.5009095,1.5503759
975.0,-7.6494746,1.3383588,1.5059528,0.16982053,0.51923543,1.5479325
984.0,-7.85777,1.3383588,1.4437037,0.172264,0.49968776,1.5662584
993.0,-8.0445175,1.2521675,1.6136919,0.21991149,0.4605924,1.5870279
1004.0,-8.14268,1.1994951,1.6543933,0.32375857,0.41050145,1.59558
1016.0,-8.099585,1.2497733,1.745373,0.59986967,0.3408628,1.6224581
1022.0,-7.9822683,1.5682021,1.6783354,0.59986967,0.3408628,1.6224581
1034.0,-7.9104424,2.0326772,1.5562311,0.675617,0.33108896,1.6493362
1043.0,-7.845799,2.432509,1.3024458,0.63407815,0.3359759,1.6615535
1071.0,-7.8769236,2.8491,1.2090719,0.49968776,0.3359759,1.645671
1087.0,-7.9272017,3.0693667,1.1085154,0.35185838,0.344528,1.6029104
1087.0,-8.001422,3.3854012,0.8738836,0.24312437,0.35430184,1.5552629
1087.0,-8.015787,3.5553896,1.0271125,0.15027285,0.30543262,1.5149459
1092.0,-7.9942393,3.6703112,1.0893618,0.18692477,0.28955013,1.5112807
1105.0,-7.9463553,3.7541082,0.9864111,0.267559,0.25289822,1.4905112
1111.0,-7.740454,3.881001,0.90740246,0.35918877,0.22479841,1.4526376
1121.0,-7.747637,3.9911342,0.8571242,0.44959682,0.20158553,1.4025466
1135.0,-7.5704656,4.247314,0.7015011,0.5216789,0.18570304,1.3573426
1141.0,-7.5800424,4.486734,0.59376204,0.5412266,0.1685988,1.3243558
1152.0,-7.5680714,4.7884035,0.5554548,0.49968776,0.1441642,1.3023647
1161.0,-7.6590514,5.0302176,0.38307226,0.41905355,0.10262536,1.2705997
1171.0,-7.632715,5.3486466,0.35913026,0.3200934,0.057421334,1.2144
1181.0,-7.603985,5.647922,0.33039984,0.22602014,0.030543262,1.1386528
1192.0,-7.501034,5.9519854,0.32321724,0.15271631,-0.0036651916,1.0421361
1201.0,-7.323863,6.1219735,0.45010993,0.111177474,-0.02321288,0.9370673
1211.0,-7.2831616,6.363788,0.45968673,0.1160644,-0.014660766,0.8344419
1221.0,-7.1586633,6.4523735,0.6440403,0.17470746,-0.0061086523,0.73914695
1232.0,-7.252037,6.435614,0.6440403,0.26267207,-0.012217305,0.6609562
1244.0,-7.297527,6.325481,0.7110779,0.3359759,-0.04886922,0.59742624
1272.0,-7.517793,6.4068837,0.7637503,0.35063666,-0.09162979,0.54000485
1272.0,-7.501034,6.694188,0.78769237,0.3115413,-0.12950343,0.47525316
1272.0,-7.517793,7.101202,0.6919243,0.22724187,-0.15271631,0.39095375
1282.0,-7.422025,7.393295,0.81881696,0.095294975,-0.13439035,0.28588495
1307.0,-7.28795,7.429208,0.80205756,-0.05375614,-0.080634214,0.17959438
1307.0,-7.2592196,7.311892,0.7757214,-0.17837265,-0.032986723,0.087964594
1440.0,-7.398083,7.005434,0.866701,-0.24556783,-0.018325957,0.017104227
1440.0,-7.5441294,6.5744777,0.8810662,-0.23579398,-0.009773844,-0.02321288
1440.0,-7.73806,6.205771,0.79008657,-0.1881465,-0.02321288,-0.035430185
1440.0,-7.81228,5.889736,0.89782566,-0.13561209,-0.052534413,-0.040317107
1444.0,-7.881712,5.741296,1.0127473,-0.06352998,-0.07452556,-0.05375614
1444.0,-7.759608,5.580884,1.0462662,0.013439035,-0.07452556,-0.07574729
1444.0,-7.752425,5.6359506,1.1228806,0.047647487,-0.06963864,-0.087964594
1444.0,-7.800309,5.6766524,1.1851299,0.02687807,-0.056199603,-0.07819075
1444.0,-7.943961,5.66947,1.163582,-0.014660766,-0.047647487,-0.058643065
1444.0,-8.003817,5.805939,1.364695,-0.04153884,-0.05009095,-0.05009095
1444.0,-8.039729,5.813122,1.5610195,-0.02565634,-0.039095376,-0.061086524
1444.0,-7.9870567,5.8203044,1.70946,0.028099801,0.002443461,-0.07819075
1445.0,-8.032547,6.1387334,1.4987702,0.06841691,0.036651913,-0.09040806
1445.0,-8.1881695,6.471527,1.412579,0.04886922,0.05375614,-0.10262536
1470.0,-8.408437,6.8043213,1.3239936,-0.018325957,0.059864793,-0.13316862
1472.0,-8.355764,7.015011,1.2617443,-0.0842994,0.0720821,-0.19547687
1474.0,-8.248025,6.8689647,1.0390835,-0.11484267,0.09407325,-0.2687807
1481.0,-8.228871,6.730101,1.0582372,-0.096516706,0.111177474,-0.3286455
1492.0,-8.202535,6.55293,1.1659763,-0.009773844,0.10629055,-0.3640757
1502.0,-8.26239,6.397307,1.2210429,0.13316862,0.089186326,-0.37995818
1512.0,-8.384495,6.351817,1.127669,0.27366763,0.06352998,-0.38240165
1522.0,-8.3629465,6.373365,1.0893618,0.35185838,0.030543262,-0.38728857
1533.0,-8.384495,6.4906807,1.0247183,0.35063666,-0.0012217305,-0.4129449
1541.0,-8.274361,6.4906807,1.043872,0.312763,-0.008552114,-0.46914452
1553.0,-8.173804,6.3206925,1.0390835,0.2968805,0.02076942,-0.54367006
1562.0,-8.073248,6.0860605,0.9888053,0.31520647,0.05009095,-0.6035349
1571.0,-7.991845,5.911284,0.89782566,0.33841935,0.05009095,-0.61819565
1582.0,-8.080431,5.7963624,0.7685388,0.3481932,0.0061086523,-0.59498274
1592.0,-8.152257,5.6551046,0.7182605,0.32375857,-0.059864793,-0.5876524
1601.0,-8.137892,5.427655,0.7589619,0.29443705,-0.09285152,-0.6389651
1613.0,-8.12592,5.3558292,0.7517793,0.3213151,-0.10751228,-0.7367035
1622.0,-8.032547,5.3223104,0.7637503,0.41172317,-0.11362094,-0.82833326
1633.0,-8.046912,5.185841,0.7326257,0.5180137,-0.1282817,-0.874759
1642.0,-7.9702973,4.9176903,0.581791,0.6133087,-0.15760323,-0.8686504
1652.0,-8.003817,4.9081135,0.50996494,0.65118235,-0.20647246,-0.8222246
1663.0,-7.9224133,4.9081135,0.34237084,0.57543504,-0.24678956,-0.7648033
1675.0,-8.034941,4.9320555,0.41180268,0.40561453,-0.27977628,-0.74036866
1684.0,-8.037335,5.080496,0.4141969,0.21380283,-0.28099802,-0.766025
1693.0,-8.00621,5.1762643,0.37828386,0.034208454,-0.28221974,-0.8222246
1704.0,-8.018182,4.984728,0.4285621,-0.10140363,-0.28710666,-0.88208944
1714.0,-7.93199,4.5753193,0.7038953,-0.14294247,-0.28588495,-0.93828905
1724.0,-7.7907324,4.1683054,0.81881696,-0.06841691,-0.28710666,-0.98471475
1737.0,-7.8146744,3.881001,1.1492168,0.09407325,-0.28344148,-1.0030408
1744.0,-7.867347,3.7349546,1.2114661,0.27000242,-0.29443705,-0.9786061
1754.0,-8.037335,3.7253778,1.1923125,0.3726278,-0.32498032,-0.91874135
1767.0,-8.200141,3.8786068,1.0606314,0.376293,-0.35918877,-0.86254174
1775.0,-8.276755,3.9959226,0.92895025,0.29443705,-0.38606682,-0.8405506
1787.0,-8.221688,3.9983168,0.91697925,0.16493362,-0.38728857,-0.8576548
1796.0,-8.161834,3.976769,1.0079589,0.04520403,-0.37995818,-0.90041536
1806.0,-8.1881695,3.881001,1.0319009,-0.017104227,-0.36041048,-0.9505063
1818.0,-8.214506,3.7588966,1.1659763,-0.0036651916,-0.34574974,-0.98471475
1826.0,-8.384495,3.6104562,1.3359646,0.059864793,-0.35308012,-0.9957104
1837.0,-8.394072,3.359065,1.3072342,0.12950343,-0.3640757,-0.98715824
1844.0,-8.358158,3.145981,1.3024458,0.17837265,-0.37018433,-0.97127575
1855.0,-8.408437,3.0693667,1.4437037,0.19303341,-0.36896262,-0.9505063
1866.0,-8.470686,2.9903579,1.3120226,0.15149458,-0.37384954,-0.9309586
1897.0,-8.566454,3.016694,1.376666,0.065973446,-0.3848451,-0.9211848
1897.0,-8.746018,3.0669725,1.4317327,-0.008552114,-0.38973203,-0.93951076
1897.0,-8.647857,2.9137435,1.5705963,-0.02687807,-0.39461896,-0.9810496
1908.0,-8.561666,2.8634653,1.7190368,0.010995574,-0.3921755,-1.0128145
1914.0,-8.408437,2.6264393,1.8890251,0.10629055,-0.37507126,-0.98837996
1923.0,-8.453926,2.408567,1.9369092,0.10629055,-0.37507126,-0.98837996
1993.0,-8.722076,2.504335,1.8962077,0.10629055,-0.39095375,-0.9578367
1993.0,-8.908825,2.7006595,1.6927006,0.037873644,-0.4166101,-0.93218035
1993.0,-8.980651,2.8562827,1.70946,-0.27488935,-0.4007276,-0.9285152
1993.0,-8.822633,2.9759927,1.7669208,-0.39461896,-0.344528,-0.9737192
1993.0,-8.4347725,2.2936451,1.9393034,-0.4373795,-0.29443705,-1.0299188
1993.0,-8.485051,1.8674773,2.2242134,-0.3848451,-0.2687807,-1.073901
1993.0,-8.59279,1.553837,2.3702598,-0.24923302,-0.26511553,-1.0885619
2002.0,-8.690952,1.1659763,2.528277,-0.05131268,-0.27122417,-1.0763446
2012.0,-8.801085,0.9600749,2.4827871,0.17959438,-0.28099802,-1.0396926
2022.0,-8.889671,0.89064306,2.4995465,0.40194935,-0.2932153,-0.98715824
2034.0,-9.059659,0.94810385,2.348712,0.5571091,-0.3213151,-0.91629785
2042.0,-9.157822,1.1372458,2.1643584,0.59986967,-0.3494149,-0.8381071
2052.0,-9.095572,1.2976574,1.9632454,0.535118,-0.36163223,-0.79290307
2062.0,-9.057265,1.532289,1.8507179,0.3885103,-0.3567453,-0.8014552
2072.0,-8.959103,1.5107412,1.8100165,0.19547687,-0.32742378,-0.8527679
2082.0,-8.92319,1.4221559,1.9488802,0.02565634,-0.30176744,-0.9089675
2093.0,-8.774749,1.3096284,2.0231004,-0.096516706,-0.27122417,-0.9407325
2103.0,-8.801085,1.0390835,2.111686,-0.15515977,-0.24923302,-0.9456194
2113.0,-8.884883,0.79248077,2.1404164,-0.15760323,-0.24923302,-0.9370673
2122.0,-9.004593,0.60573304,2.2002714,-0.12095132,-0.2602286,-0.9297369
2137.0,-9.057265,0.40940848,2.2649148,-0.036651913,-0.267559,-0.93218035
2143.0,-9.028535,0.14844051,2.3463178,0.1001819,-0.2761111,-0.9272934
2153.0,-9.0237465,0.079008654,2.3798366,0.2406809,-0.29565877,-0.8894198
2162.0,-8.980651,0.11731588,2.3894134,0.3371976,-0.30665436,-0.8344419
2174.0,-8.947132,0.05746084,2.2697031,0.3640757,-0.31642818,-0.7867944
2182.0,-8.9519205,0.25617957,2.267309,0.29932398,-0.3213151,-0.752586
2192.0,-8.89446,0.28491,2.1930888,0.16615535,-0.3200934,-0.7452556
2206.0,-8.89446,0.38307226,2.1332338,0.02443461,-0.30787608,-0.77213365
2213.0,-8.856153,0.07182605,2.1021092,-0.08552113,-0.28221974,-0.8173377
2223.0,-8.817844,-0.20590134,2.1906946,-0.1282817,-0.25900686,-0.8503244
2234.0,-8.851364,-0.48362875,2.3918076,-0.08674286,-0.24556783,-0.8564331
2244.0,-8.887277,-0.7637503,2.554613,0.02687807,-0.23945917,-0.8381071
2253.0,-9.052477,-0.9935937,2.6623523,0.1881465,-0.23945917,-0.8063421
2263.0,-9.136273,-1.0534488,2.6503813,0.34697145,-0.25534168,-0.7623598
2276.0,-9.203311,-0.91697925,2.753332,0.44348818,-0.2724459,-0.70249504
2284.0,-9.121908,-0.62967503,2.8682537,0.45570546,-0.2846632,-0.64996064
2299.0,-9.153033,-0.39504328,2.8083985,0.37507126,-0.30787608,-0.59742624
2303.0,-9.009381,-0.15562311,2.6240451,0.172264,-0.31398472,-0.54733527
2339.0,-8.985439,-0.17238252,2.6072857,-0.061086524,-0.3200934,-0.5497787
2339.0,-8.908825,-0.30645782,2.801216,-0.20891592,-0.344528,-0.55833083
2339.0,-8.736442,-0.545878,2.906561,-0.22479841,-0.2968805,-0.54733527
2391.0,-8.832211,-0.9648633,2.9472623,-0.09407325,-0.26145032,-0.6035349
2391.0,-8.896853,-1.3120226,3.110068,0.08552113,-0.24678956,-0.66706485
2391.0,-9.097966,-1.4030021,3.1962593,0.22602014,-0.25167647,-0.6731735
2391.0,-9.153033,-1.1971009,3.107674,0.3005457,-0.27366763,-0.6218608
2391.0,-9.129091,-0.94331545,3.205836,0.312763,-0.2919936,-0.56321776
2393.0,-8.935161,-0.7661445,3.0765493,0.27366763,-0.28955013,-0.5338962
2402.0,-8.856153,-0.6464345,3.074155,0.18081611,-0.28099802,-0.5375614
2413.0,-8.75799,-0.6655881,2.954445,0.06963864,-0.2687807,-0.5717699
2423.0,-8.872911,-0.7661445,2.966416,-0.012217305,-0.24923302,-0.61941737
2434.0,-8.896853,-0.80684596,3.016694,-0.04642576,-0.2443461,-0.64996064
2443.0,-8.920795,-0.89782566,3.1268275,-0.05497787,-0.25900686,-0.6560693
2455.0,-8.882488,-1.1061212,3.2393548,-0.036651913,-0.25045475,-0.6560693
2464.0,-8.789114,-1.3192052,3.1771057,0.02443461,-0.23579398,-0.66828656
2475.0,-8.7771435,-1.4317327,3.2609026,0.12217305,-0.21991149,-0.6780604
2484.0,-8.717288,-1.4652514,3.3255463,0.20891592,-0.22235495,-0.65484756
2495.0,-8.832211,-1.3503298,3.3159695,0.23823744,-0.24190263,-0.6084218
2507.0,-8.722076,-1.2808979,3.1675289,0.18448131,-0.25411993,-0.5839872
2517.0,-8.662222,-1.2234371,3.1004913,0.080634214,-0.25045475,-0.61208695
