28.0,1.1252748,-1.3623008,9.703699,0.0012217305,0.06963864,0.002443461
49.0,1.1252748,-1.3623008,9.703699,0.0012217305,0.06963864,0.002443461
49.0,1.0414777,-1.2330139,9.744401,0.16615535,0.1282817,-0.07941248
62.0,0.9672575,-1.3335704,9.768343,-0.02321288,-0.24923302,-0.30787608
67.0,0.9935937,-1.436521,9.579201,-0.04886922,-0.39095375,-0.2968805
76.0,1.1180922,-1.30484,9.579201,0.18081611,0.40561453,0.1160644
89.0,1.1827357,-1.1755531,9.40203,0.21380283,0.21624629,0.057421334
96.0,1.2593501,-0.9983821,9.346964,0.19425514,0.047647487,-0.007330383
107.0,1.2114661,-1.0582372,9.370906,0.15271631,0.043982297,-0.013439035
118.0,1.1731589,-1.0271125,9.284714,0.10629055,0.03176499,-0.017104227
127.0,1.2186487,-1.1300632,9.289502,0.07086037,0.02565634,-0.019547688
137.0,1.1899183,-1.2066777,9.208099,0.043982297,0.014660766,-0.013439035
149.0,1.1731589,-1.1372458,9.186552,0.02565634,0.0,-0.010995574
156.0,1.1587936,-1.0989386,9.203311,0.02321288,-0.010995574,-0.02443461
168.0,1.2545617,-1.0893618,9.224859,0.040317107,-0.02565634,-0.043982297
177.0,1.1444284,-1.1492168,9.325416,0.052534413,-0.047647487,-0.04642576
187.0,1.2138603,-1.1204864,9.306262,0.040317107,-0.059864793,-0.029321533
196.0,1.0103531,-1.1659763,9.368511,0.017104227,-0.073303826,-0.019547688
209.0,1.1563994,-1.115698,9.334992,0.0012217305,-0.087964594,-0.03176499
217.0,1.13964,-1.0702082,9.3421755,-0.0036651916,-0.103847094,-0.05131268
228.0,1.1348516,-0.9864111,9.248801,-0.0036651916,-0.119729586,-0.05497787
237.0,1.2138603,-1.0271125,9.325416,-0.002443461,-0.1282817,-0.04520403
248.0,1.1875241,-1.115698,9.452309,-0.0061086523,-0.1282817,-0.036651913
257.0,1.2545617,-1.2473791,9.457097,-0.02443461,-0.12583824,-0.035430185
268.0,1.127669,-1.3192052,9.481039,-0.058643065,-0.12095132,-0.042760566
277.0,1.103727,-1.3790601,9.476251,-0.09285152,-0.11484267,-0.052534413
287.0,1.1300632,-1.1109096,9.435549,-0.12217305,-0.1160644,-0.07086037
298.0,1.1228806,-0.842759,9.184157,-0.18325958,-0.12461651,-0.09040806
308.0,1.2641385,-0.5793968,8.985439,-0.35918877,-0.13805555,-0.089186326
317.0,1.3670892,-0.59615624,8.74123,-0.6560693,-0.13072516,-0.07452556
329.0,1.376666,-0.9696517,8.75799,-0.9944886,-0.112399206,-0.061086524
337.0,1.3742718,-1.6184803,8.860941,-1.3072516,-0.07574729,-0.05375614
347.0,1.3862427,-2.2457612,9.160215,-1.5149459,-0.035430185,-0.052534413
357.0,1.4221559,-2.705448,9.284714,-1.5735888,-0.012217305,-0.057421334
368.0,1.271321,-3.0358477,9.44752,-1.5063937,-0.0036651916,-0.059864793
378.0,1.0869676,-3.0550013,9.481039,-1.3524556,0.0,-0.07696902
389.0,1.0965444,-3.0885203,9.473856,-1.1398746,-0.007330383,-0.10751228
397.0,1.1180922,-3.040636,9.485827,-0.9126327,-0.02321288,-0.12095132
409.0,1.067814,-3.0430303,9.512163,-0.68783426,-0.040317107,-0.10751228
418.0,1.055843,-2.9520507,9.562442,-0.47036624,-0.057421334,-0.096516706
428.0,1.0630256,-2.8299465,9.344569,-0.27366763,-0.07574729,-0.111177474
437.0,1.0821792,-2.5498247,9.224859,-0.12339478,-0.1001819,-0.13805555
449.0,1.1133038,-2.0398598,9.155427,-0.065973446,-0.1160644,-0.1563815
458.0,1.1563994,-1.5897499,8.9998045,-0.13439035,-0.12705997,-0.15515977
468.0,1.2976574,-1.5011644,8.846576,-0.33964106,-0.14294247,-0.13805555
477.0,1.2401965,-1.553837,8.683769,-0.6414085,-0.14172074,-0.11484267
488.0,1.2689269,-1.8555063,8.66701,-0.96761054,-0.12705997,-0.10140363
498.0,1.2210429,-2.2649148,8.7053175,-1.2486086,-0.10751228,-0.105068825
510.0,1.2162545,-2.4516625,8.647857,-1.4636332,-0.09407325,-0.11362094
517.0,1.2282255,-2.44448,8.516175,-1.6627752,-0.08552113,-0.11484267
530.0,1.2210429,-2.5019407,8.408437,-1.9095647,-0.08674286,-0.10873401
539.0,1.2569559,-2.5617957,8.343793,-2.2052236,-0.080634214,-0.112399206
550.0,1.2473791,-2.9352913,8.377312,-2.5265386,-0.06719518,-0.12095132
559.0,1.1540052,-3.4620156,8.497022,-2.8527408,-0.057421334,-0.1160644
570.0,1.0606314,-4.259285,8.631097,-3.1117475,-0.042760566,-0.10873401
580.0,1.1947067,-4.819528,8.880095,-3.2265902,-0.04520403,-0.119729586
591.0,1.2641385,-5.2121773,8.918402,-3.1716123,-0.04520403,-0.1600467
601.0,1.3383588,-5.0757074,8.856153,-3.037222,-0.039095376,-0.20891592
611.0,1.352724,-4.8506527,8.844181,-2.9895744,-0.010995574,-0.24678956
619.0,1.436521,-4.9296613,8.856153,-3.055548,0.012217305,-0.27977628
636.0,1.3311762,-5.2887917,8.9040365,-3.19116,0.043982297,-0.30298916
640.0,1.2378023,-5.803545,9.143456,-3.3707545,0.105068825,-0.29077184
650.0,1.043872,-6.588843,9.504981,-3.5564575,0.18081611,-0.24678956
660.0,0.93613285,-7.369353,9.775525,-3.7421606,0.28344148,-0.19181168
670.0,0.7158663,-8.010999,10.024523,-3.9596286,0.38362336,-0.14782938
680.0,0.6392518,-8.51857,10.560823,-4.148997,0.47647488,-0.14294247
692.0,0.4405331,-9.263166,11.147403,-4.2626176,0.59620446,-0.12583824
700.0,0.320823,-10.328587,11.27669,-4.287052,0.71837753,-0.039095376
710.0,0.107739076,-11.568783,11.080365,-4.17954,0.82344633,0.1001819
721.0,-0.17717093,-12.500127,10.836157,-3.9547415,0.956615,0.26267207
731.0,-0.62967503,-13.000515,10.556035,-3.689626,1.1203269,0.42271876
741.0,-1.0055647,-13.48175,10.21127,-3.4330628,1.2669345,0.5925393
752.0,-1.1444284,-14.092271,9.65821,-3.200934,1.3805555,0.79412484
760.0,-1.2282255,-15.093047,8.889671,-2.9944615,1.4624114,1.0152581
770.0,-1.091756,-16.05791,8.274361,-2.7317894,1.5100589,1.2486086
779.0,-0.93613285,-17.204733,7.809886,-2.3273966,1.5161675,1.4892895
790.0,-0.80205756,-17.714699,7.8266454,-1.7373008,1.5161675,1.767844
799.0,-0.91697925,-17.381905,7.8266454,-1.0714576,1.5308284,2.0622811
811.0,-1.2114661,-16.757017,7.314286,-0.4447099,1.5100589,2.3017402
819.0,-1.400608,-16.122555,6.5481415,0.036651913,1.4196508,2.485
830.0,-1.4987702,-15.603012,5.770026,0.3408628,1.3451253,2.6902506
839.0,-1.5442601,-15.263036,5.020641,0.59131753,1.2498302,2.9113839
851.0,-1.5705963,-15.126566,4.4963107,0.8918633,1.1215485,3.0909781
860.0,-1.4030021,-14.743494,3.9097314,1.2266175,1.0177015,3.2571335
872.0,-1.3239936,-14.429853,3.2872388,1.5149459,0.91629785,3.3927455
879.0,-1.3431472,-13.53921,2.743755,1.6346754,0.83077675,3.4868188
890.0,-1.4077905,-12.672509,2.5067291,1.6053538,0.7440339,3.522249
899.0,-1.7022774,-12.088325,2.336741,1.505172,0.6230826,3.4831536
912.0,-1.958457,-11.647791,2.4995465,1.3793337,0.4007276,3.5027013
920.0,-1.99437,-11.9135475,2.111686,1.5015068,0.26389378,3.5760052
931.0,-1.5059528,-11.777079,1.7908629,1.7837266,0.13439035,3.649309
940.0,-1.4413095,-11.346122,1.4796166,2.1612413,0.05131268,3.6957347
951.0,-1.5490485,-10.8624935,1.292869,2.5497515,-0.012217305,3.689626
960.0,-1.6687586,-9.813833,1.2425907,2.8625145,-0.081855945,3.6529741
971.0,-1.8650831,-8.971074,1.1851299,2.9798007,-0.105068825,3.6798522
982.0,-1.9416976,-8.300697,1.0414777,2.9345965,-0.14294247,3.694513
993.0,-1.7932571,-7.6135616,0.82599956,2.7977629,-0.21624629,3.6603045
1000.0,-1.5873557,-7.153875,0.79248077,2.6731462,-0.28344148,3.617544
1013.0,-1.6017209,-6.655881,0.8331822,2.6120598,-0.3481932,3.5564575
1019.0,-1.7262194,-6.265626,1.0630256,2.6499333,-0.40317106,3.4684927
1034.0,-1.8507179,-5.6790466,1.2952632,2.806315,-0.4569272,3.3731978
1040.0,-1.8722657,-5.0876784,1.4413095,3.0628784,-0.53023106,3.2937853
1079.0,-1.8914193,-4.441244,1.5227122,3.385415,-0.5852089,3.2485814
1079.0,-1.6112977,-3.5410242,1.8148049,3.717726,-0.63407815,3.2217033
1079.0,-1.5275006,-2.8323407,2.2122424,4.012163,-0.6658431,3.1972687
1079.0,-1.4796166,-2.3008277,2.6408045,4.2479568,-0.64873886,3.1667254
1091.0,-1.5993267,-1.8914193,2.7629087,4.4678683,-0.66706485,3.0909781
1099.0,-1.8794483,-1.3934253,2.6527755,4.682893,-0.67073005,2.9700267
1111.0,-2.15957,-0.8571242,2.5905263,4.946787,-0.6927212,2.833193
1119.0,-2.1523874,-0.24181437,2.3080103,5.2216763,-0.7244862,2.7049112
1130.0,-2.1260512,0.18195933,2.207454,5.434257,-0.7318166,2.6303856
1140.0,-2.0398598,0.7781156,2.3654714,5.5100045,-0.73792523,2.6230555
1150.0,-2.0446482,1.42455,2.4660277,5.375614,-0.73426,2.6352727
1160.0,-2.2720973,2.4253263,2.7581203,5.1007247,-0.73426,2.5949554
1171.0,-2.3511062,4.0701427,2.6719291,4.718323,-0.74281216,2.453235
1180.0,-2.8323407,5.5282116,2.420538,4.191757,-0.7330383,2.257758
1190.0,-3.13401,6.981492,2.3630772,3.535688,-0.77946407,2.0732768
1199.0,-3.2704794,7.752425,2.6360161,2.7855456,-0.85154617,1.9315559
1220.0,-3.169923,6.7013707,3.5577838,2.0952678,-0.88453287,1.8619173
1220.0,-2.992752,5.0637364,4.1802764,1.6029104,-0.92485,1.8289305
1230.0,-2.9352913,3.845088,5.0038815,1.4306464,-0.95539325,1.7556267
1238.0,-2.9999347,3.3997664,5.044583,1.6395624,-0.9786061,1.6212363
1250.0,-3.1603463,3.8618474,4.8817773,2.2101104,-1.001819,1.4440855
1261.0,-3.1986535,5.7867856,4.489128,3.0274482,-1.0421361,1.2327261
1269.0,-2.9041667,9.368511,4.0222588,3.8044686,-1.0775663,0.9492846
1281.0,-2.6862943,13.156138,3.8881836,4.261396,-1.128879,0.4288274
1291.0,-2.7389667,15.239094,3.6224272,4.2504005,-1.0396926,-0.16249016
1300.0,-2.777274,14.987702,3.8642416,3.4562755,-0.90041536,-0.24923302
1313.0,-2.6910827,11.939884,3.9983168,2.1001546,-0.88086766,0.267559
1321.0,-2.801216,8.0684595,4.0581717,0.7440339,-0.88331115,0.82833326
1331.0,-3.1052797,5.070919,4.6902413,-0.034208454,-0.8332202,0.9859365
1340.0,-3.5410242,3.6655228,5.329493,-0.09896017,-0.7770206,0.81245077
1352.0,-3.8139634,2.9616275,5.8466406,0.41416663,-0.7501425,0.5448918
1361.0,-3.809175,2.9017725,5.90889,1.2498302,-0.8197812,0.34330627
1371.0,-3.7134068,3.5553896,5.674258,2.1233675,-0.91751957,0.2932153
1381.0,-3.5194764,4.8003745,5.209783,2.8478537,-0.9896017,0.39706242
1392.0,-3.3039982,7.03177,4.378995,3.304781,-1.0555751,0.52656585
1401.0,-3.1124623,9.018958,3.7253778,3.363424,-1.0861185,0.52290064
1414.0,-3.028665,9.61272,3.1004913,3.023783,-0.99204516,0.45937067
1420.0,-2.9975405,9.3421755,2.980781,2.3542747,-0.8552113,0.5314528
1431.0,-2.9855695,8.686164,3.383007,1.640784,-0.71959925,0.73548174
1442.0,-2.9017725,8.061277,3.8426938,1.1435398,-0.61208695,0.89919364
1450.0,-2.8203697,7.920019,4.0916905,0.84665924,-0.5448918,0.9053023
1460.0,-2.6743233,8.295909,4.1635165,0.6609562,-0.4801401,0.7611381
1472.0,-2.585738,8.513782,4.4603977,0.5925393,-0.408058,0.57787853
1482.0,-2.4732103,8.552089,4.5777135,0.6731735,-0.32253686,0.4642576
1491.0,-2.3056161,8.6574335,4.4316673,0.87109387,-0.25045475,0.44593164
1501.0,-2.3080103,8.825027,4.072537,1.1129965,-0.19303341,0.44226643
1512.0,-2.1452048,9.279925,3.6367924,1.3292428,-0.15393804,0.3885103
1520.0,-2.1260512,9.40203,3.1052797,1.4563028,-0.10751228,0.3200934
1532.0,-2.2218192,9.409213,2.767697,1.4611896,-0.059864793,0.2846632
1540.0,-2.3942018,9.0476885,2.6192567,1.4062119,-0.015882496,0.28344148
1550.0,-2.5187001,8.631097,2.7748797,1.4172074,0.034208454,0.2919936
1560.0,-2.6623523,8.520964,2.9161377,1.5552629,0.052534413,0.28344148
1571.0,-2.6288335,8.836999,2.717419,1.8399261,0.035430185,0.23823744
1581.0,-2.6240451,9.536105,2.3702598,2.2198844,-0.002443461,0.17592919
1592.0,-2.4851813,9.976639,2.1547816,2.588847,-0.02687807,0.16126843
1601.0,-2.4492683,9.8042555,1.661576,2.8393016,-0.030543262,0.21624629
1613.0,-2.4492683,9.399636,1.3455414,2.9590313,-0.032986723,0.27977628
1621.0,-2.4516625,9.160215,1.2473791,3.0469959,-0.019547688,0.2761111
1631.0,-2.60968,9.315839,0.866701,3.1422908,-0.0012217305,0.22724187
1642.0,-2.7246015,9.65821,0.4381389,3.1948252,-0.007330383,0.20769419
1653.0,-2.731784,9.976639,0.1340753,3.209486,-0.02565634,0.21135938
1661.0,-2.5737667,10.01734,-0.016759412,3.1569517,-0.02076942,0.23090707
1671.0,-2.3654714,9.883265,-0.1340753,3.018896,-0.018325957,0.25778514
1682.0,-2.3511062,9.591172,-0.09816227,2.8393016,0.02076942,0.25167647
1691.0,-2.4899697,9.512163,0.088585466,2.679255,0.0720821,0.21991149
1701.0,-2.4827871,9.667787,0.1436521,2.5302038,0.09162979,0.20647246
1713.0,-2.291251,9.811439,-0.06703765,2.1099286,0.057421334,0.25289822
1720.0,-2.0901382,9.847352,-0.2896984,2.1099286,0.057421334,0.25289822
1731.0,-2.042254,9.758766,-0.58418524,1.8435913,0.056199603,0.25778514
1742.0,-2.0949266,9.483433,-0.90261406,1.5748106,0.095294975,0.25289822
1752.0,-2.1499932,8.954314,-0.9648633,1.3671165,0.11728613,0.25778514
1761.0,-2.2026656,8.746018,-1.0319009,1.2596041,0.13927728,0.26145032
1774.0,-2.27928,8.568848,-1.079785,1.2754866,0.13927728,0.25045475
1781.0,-2.2146366,8.631097,-1.1372458,1.3793337,0.13316862,0.26511553
1792.0,-1.9201498,9.160215,-1.484405,1.5992452,0.13072516,0.3213151
1801.0,-1.7932571,9.516952,-1.697489,1.600467,0.13316862,0.3213151
1812.0,-1.6663644,9.674969,-1.922544,1.5125023,0.13805555,0.31642818
1821.0,-1.7549498,9.588778,-2.1883004,1.3548992,0.15515977,0.30298916
1833.0,-1.8602947,9.555259,-2.2720973,1.1655309,0.17104226,0.27488935
1841.0,-1.9081788,9.622296,-2.3918076,0.9297369,0.15149458,0.2565634
1852.0,-1.7956513,9.634268,-2.5354595,0.6951646,0.1282817,0.23823744
1863.0,-1.7405846,9.516952,-2.707842,0.47525316,0.10995574,0.23457226
1873.0,-1.7429788,9.121908,-2.741361,0.35063666,0.09285152,0.24556783
1882.0,-1.8363527,8.674192,-2.755726,0.41538838,0.095294975,0.25045475
1893.0,-1.7717092,8.312668,-2.8538885,0.6389651,0.095294975,0.2687807
1901.0,-1.7357962,8.5473,-3.0382419,0.9016371,0.096516706,0.30909783
1915.0,-1.6807296,8.892065,-3.1627405,1.1178834,0.10140363,0.32498032
1921.0,-1.484405,9.279925,-3.217807,1.2351695,0.07452556,0.33353242
1932.0,-1.4987702,9.41879,-3.2489316,1.2217305,0.064751714,0.35063666
1942.0,-1.4867992,9.603143,-3.301604,1.0946705,0.0720821,0.3494149
1952.0,-1.4053963,9.622296,-3.3877954,0.89552844,0.05009095,0.3286455
1962.0,-1.2162545,9.294291,-3.3614593,0.72082096,0.04153884,0.30543262
1971.0,-1.127669,8.995016,-3.4452562,0.5888741,0.04153884,0.30909783
1981.0,-1.1707647,8.626308,-3.7612908,0.4813618,0.05009095,0.3213151
1993.0,-1.2593501,8.485051,-3.7732618,0.41538838,0.05375614,0.29565877
2002.0,-1.1994951,8.465898,-3.8139634,0.38606682,0.047647487,0.2687807
2015.0,-1.2138603,8.614338,-3.8977604,0.344528,0.040317107,0.28955013
2021.0,-1.2018893,8.470686,-3.9863458,0.30665436,0.029321533,0.30665436
2033.0,-1.1659763,8.561666,-4.0533834,0.27977628,0.02076942,0.312763
2042.0,-0.9840169,8.7125,-3.845088,0.25411993,0.02565634,0.3115413
2077.0,-0.81163436,8.841787,-3.8762126,0.2687807,0.007330383,0.29443705
2077.0,-0.6344634,8.825027,-3.8762126,0.29932398,0.007330383,0.27855456
2077.0,-0.6823475,8.834604,-4.0054994,0.2932153,0.010995574,0.27366763
2082.0,-0.7086837,8.892065,-3.9983168,0.2321288,0.013439035,0.25045475
2090.0,-0.78529817,9.01417,-4.1826706,0.12950343,0.010995574,0.21746802
2101.0,-0.6919243,8.916007,-4.1539397,0.010995574,0.004886922,0.20158553
2112.0,-0.7565677,8.779537,-3.964798,-0.08307768,0.008552114,0.19425514
2121.0,-0.7278373,8.872911,-3.9671922,-0.13072516,0.002443461,0.19181168
2133.0,-0.63206923,8.796297,-3.9360676,-0.10873401,0.0,0.18692477
2142.0,-0.62009823,8.908825,-4.10845,-0.018325957,0.008552114,0.17959438
2151.0,-0.6368576,8.813056,-4.2401314,0.111177474,0.02076942,0.172264
2160.0,-0.7374141,8.839393,-4.27365,0.22357668,0.03176499,0.17104226
2171.0,-0.7685388,8.870518,-4.3239284,0.26389378,0.042760566,0.16493362
2182.0,-0.7589619,8.9998045,-4.3598413,0.23823744,0.036651913,0.13927728
2193.0,-0.7326257,9.028535,-4.3742065,0.172264,0.02443461,0.11484267
2200.0,-0.7015011,9.0716305,-4.331111,0.10629055,0.019547688,0.10751228
2213.0,-0.6943185,9.105149,-4.295198,0.07696902,0.010995574,0.09162979
2220.0,-0.6368576,9.01417,-4.280833,0.07941248,0.004886922,0.08552113
2233.0,-0.7015011,9.011775,-4.3622355,0.081855945,0.013439035,0.08552113
2242.0,-0.80684596,8.942344,-4.3742065,0.057421334,0.013439035,0.07819075
2254.0,-0.82599956,8.856153,-4.4436383,-0.0012217305,0.034208454,0.07574729
2262.0,-0.7182605,8.7053175,-4.3167458,-0.07452556,0.043982297,0.07696902
2272.0,-0.6919243,8.640674,-4.072537,-0.12461651,0.056199603,0.056199603
2281.0,-0.61530983,8.623915,-4.060566,-0.13927728,0.059864793,0.043982297
2292.0,-0.6703765,8.765172,-3.9552212,-0.11484267,0.059864793,0.05375614
2301.0,-0.6679823,8.856153,-4.012682,-0.07452556,0.062308256,0.064751714
2314.0,-0.7398083,8.896853,-3.9671922,-0.04642576,0.06352998,0.064751714
2321.0,-0.7086837,8.949526,-4.0414124,-0.013439035,0.058643065,0.05131268
2333.0,-0.7278373,9.009381,-4.1252093,0.010995574,0.056199603,0.039095376
2342.0,-0.7326257,9.155427,-4.211401,0.007330383,0.06719518,0.028099801
2353.0,-0.7134721,9.119514,-4.2904096,-0.012217305,0.065973446,0.017104227
2362.0,-0.7757214,9.0476885,-4.1276035,-0.062308256,0.073303826,0.017104227
2375.0,-0.7278373,8.872911,-4.1036615,-0.11362094,0.073303826,0.010995574
2383.0,-0.7326257,8.880095,-3.9695864,-0.13805555,0.073303826,-0.002443461
2393.0,-0.7685388,8.9279785,-3.857059,-0.13439035,0.07696902,-0.007330383
2402.0,-0.78529817,8.947132,-3.7684734,-0.111177474,0.07086037,-0.002443461
2415.0,-0.641646,9.038112,-3.7684734,-0.07819075,0.057421334,0.0036651916
2422.0,-0.59136784,9.052477,-3.7972038,-0.04153884,0.047647487,0.007330383
2432.0,-0.7398083,9.054871,-3.8259344,-0.018325957,0.056199603,0.009773844
2440.0,-0.770933,9.172187,-3.8283286,-0.018325957,0.058643065,0.007330383
2451.0,-0.82360536,9.203311,-3.8666358,-0.034208454,0.04520403,-0.004886922
2461.0,-0.842759,9.248801,-3.7565024,-0.06841691,0.04520403,-0.009773844
2472.0,-0.80445176,9.248801,-3.6583402,-0.09285152,0.029321533,-0.014660766
2482.0,-0.7493851,9.193734,-3.596091,-0.09407325,0.019547688,-0.018325957
2493.0,-0.7110779,9.0716305,-3.5314474,-0.06719518,0.013439035,-0.019547688
2501.0,-0.6823475,9.109938,-3.6343982,-0.021991149,-0.004886922,-0.018325957
2512.0,-0.6655881,8.971074,-3.655946,0.008552114,0.0036651916,-0.015882496
2522.0,-0.7230489,8.90643,-3.7325604,0.030543262,0.002443461,-0.02321288
2532.0,-0.8283938,8.853758,-3.7062242,0.04153884,0.013439035,-0.02687807
2541.0,-0.8475474,8.846576,-3.7325604,0.073303826,0.014660766,-0.030543262
2552.0,-0.7637503,9.062054,-3.6942532,0.13561209,0.009773844,-0.02321288
2561.0,-0.7469909,9.131485,-3.7493198,0.22357668,-0.02321288,-0.002443461
2572.0,-0.6967127,9.23683,-3.8163576,0.28955013,-0.037873644,0.009773844
2581.0,-0.7493851,9.229648,-3.8833952,0.3115413,-0.05375614,0.015882496
2591.0,-0.80684596,9.277532,-4.048595,0.2846632,-0.06719518,0.009773844
2601.0,-0.9864111,9.174581,-4.010288,0.20891592,-0.07696902,0.002443461
2614.0,-0.9576807,9.169792,-4.0462008,-0.058643065,-0.09162979,-0.010995574
2622.0,-0.8762778,8.762778,-3.9121256,-0.058643065,-0.09162979,-0.010995574
2632.0,-0.9648633,8.805874,-3.6774938,-0.2443461,-0.09040806,-0.012217305
2642.0,-0.94092125,8.791509,-3.632004,-0.24801129,-0.087964594,-0.004886922
2653.0,-1.0079589,8.748413,-3.667917,-0.19547687,-0.080634214,0.008552114
2662.0,-1.0319009,8.908825,-3.7086184,-0.10262536,-0.07452556,0.02565634
2674.0,-0.9624691,9.109938,-3.8067808,-0.013439035,-0.07086037,0.05131268
2683.0,-0.9888053,9.157822,-3.9193082,0.04153884,-0.059864793,0.07452556
2694.0,-0.9816227,9.334992,-3.9217024,0.058643065,-0.064751714,0.07941248
2703.0,-0.90740246,9.325416,-4.0054994,0.035430185,-0.073303826,0.0720821
2715.0,-1.0007763,9.387665,-3.9504328,-0.017104227,-0.07941248,0.04886922
2724.0,-1.0271125,9.368511,-3.9552212,-0.07819075,-0.07819075,0.02321288
2735.0,-1.0199299,9.397242,-3.9480386,-0.13072516,-0.0842994,0.017104227
2744.0,-1.0390835,9.176975,-3.8019924,-0.17592919,-0.08674286,0.02443461
2754.0,-0.93134445,9.035717,-3.7349546,-0.20647246,-0.073303826,0.034208454
2762.0,-0.9648633,8.9519205,-3.6463692,-0.20280726,-0.05497787,0.034208454
2773.0,-0.9552865,8.908825,-3.6750996,-0.16371189,-0.040317107,0.03176499
2783.0,-1.0079589,9.018958,-3.6631286,-0.12705997,-0.028099801,0.04153884
2794.0,-0.9888053,9.126697,-3.6487634,-0.11728613,-0.017104227,0.04153884
2804.0,-0.9792285,9.088389,-3.6511576,-0.13072516,-0.028099801,0.036651913
2815.0,-0.91458505,9.131485,-3.6176388,-0.15515977,-0.036651913,0.034208454
2823.0,-0.8834604,9.0237465,-3.5410242,-0.17592919,-0.04642576,0.035430185
2834.0,-0.92176765,9.105149,-3.6008794,-0.18325958,-0.05375614,0.030543262
2844.0,-0.82121116,9.114726,-3.5170822,-0.17470746,-0.05375614,0.02443461
2854.0,-0.79248077,9.01417,-3.5075054,-0.15515977,-0.043982297,0.03176499
2862.0,-0.80684596,9.102755,-3.5170822,-0.13927728,-0.035430185,0.04153884
2872.0,-0.878672,9.083601,-3.3901896,-0.12217305,-0.02443461,0.039095376
2883.0,-0.8283938,9.143456,-3.442862,-0.10262536,-0.014660766,0.035430185
2894.0,-0.8283938,9.251195,-3.5170822,-0.09285152,-0.012217305,0.034208454
2904.0,-0.82360536,9.351752,-3.5410242,-0.09285152,-0.007330383,0.02321288
2916.0,-0.8619126,9.232041,-3.5673606,-0.1001819,-0.007330383,0.014660766
2924.0,-0.79726917,9.239224,-3.5889084,-0.112399206,-0.002443461,0.004886922
2934.0,-0.7589619,9.263166,-3.5936968,-0.11728613,0.0061086523,-0.015882496
2943.0,-0.7613561,9.141062,-3.5218706,-0.089186326,-0.0036651916,-0.030543262
2953.0,-0.7302315,9.186552,-3.5697548,-0.05497787,-0.0036651916,-0.03176499
2962.0,-0.7613561,9.25359,-3.6032736,-0.018325957,-0.010995574,-0.036651913
2974.0,-0.7613561,9.210494,-3.620033,0.007330383,-0.018325957,-0.036651913
2983.0,-0.7493851,9.193734,-3.6774938,0.010995574,-0.012217305,-0.032986723
2994.0,-0.7062895,9.131485,-3.655946,0.004886922,-0.019547688,-0.039095376
3003.0,-0.7254431,9.062054,-3.751714,-0.013439035,-0.015882496,-0.04520403
3014.0,-0.7230489,9.0237465,-3.7804444,-0.037873644,-0.02565634,-0.04886922
3023.0,-0.81642276,9.069236,-3.763685,-0.064751714,-0.02076942,-0.05497787
