21.0,2.657564,-2.2002714,9.267955,0.004886922,-0.015882496,0.0012217305
21.0,2.9352913,-2.1428106,9.186552,0.14660765,0.13316862,-0.0842994
39.0,2.6264393,-1.9009962,9.229648,-0.0012217305,-0.28710666,-0.27122417
39.0,2.4133554,-1.8195933,9.332599,-0.1001819,-0.40439278,-0.28710666
54.0,2.348712,-1.8626889,9.176975,-0.02076942,0.37140608,0.11728613
58.0,2.5187001,-2.066196,9.174581,-0.07819075,0.38240165,0.172264
70.0,2.7581203,-2.336741,9.196129,-0.12461651,0.20769419,0.111177474
79.0,2.7724855,-2.3391352,9.124303,-0.12705997,0.05497787,0.002443461
92.0,2.6862943,-2.27928,9.085996,-0.10629055,0.06841691,-0.032986723
98.0,2.6767175,-2.2218192,9.169792,-0.089186326,0.07452556,-0.034208454
109.0,2.7341783,-2.3008277,9.165004,-0.08307768,0.0720821,-0.018325957
118.0,2.789245,-2.4157495,9.02614,-0.09407325,0.07574729,-0.018325957
129.0,2.7461493,-2.4253263,9.006987,-0.11362094,0.087964594,-0.036651913
139.0,2.7389667,-2.3918076,8.834604,-0.13316862,0.09040806,-0.058643065
150.0,2.6623523,-2.372654,8.762778,-0.1600467,0.0842994,-0.07086037
159.0,2.60968,-2.3439236,8.848969,-0.19547687,0.07696902,-0.07086037
169.0,2.6192567,-2.4157495,8.856153,-0.2406809,0.065973446,-0.059864793
178.0,2.6288335,-2.4133554,8.889671,-0.28588495,0.05375614,-0.042760566
191.0,2.56419,-2.4061728,8.963891,-0.31520647,0.036651913,-0.02321288
199.0,2.468422,-2.4277205,8.9998045,-0.31887165,0.012217305,0.004886922
209.0,2.4540567,-2.456451,9.107543,-0.3005457,-0.014660766,0.04520403
219.0,2.4708161,-2.504335,9.186552,-0.267559,-0.04153884,0.096516706
229.0,2.480393,-2.6671407,9.232041,-0.21624629,-0.062308256,0.13439035
240.0,2.6001031,-2.7222073,9.31105,-0.15882497,-0.080634214,0.15515977
252.0,2.6168625,-2.669535,9.416395,-0.10873401,-0.096516706,0.16615535
259.0,2.6168625,-2.5234885,9.428367,-0.06719518,-0.10873401,0.17470746
269.0,2.597709,-2.4612393,9.437943,-0.029321533,-0.11362094,0.1881465
279.0,2.669535,-2.4349031,9.380483,0.009773844,-0.111177474,0.20891592
291.0,2.5881321,-2.3319526,9.382876,0.05375614,-0.10995574,0.22357668
300.0,2.6910827,-2.2744915,9.289502,0.096516706,-0.10629055,0.2284636
311.0,2.6479871,-2.1499932,9.270349,0.119729586,-0.09773844,0.22968534
319.0,2.6886885,-2.1811178,9.19134,0.11362094,-0.081855945,0.23457226
330.0,2.777274,-2.0949266,9.188946,0.089186326,-0.062308256,0.23457226
339.0,2.7461493,-2.183512,9.239224,0.05375614,-0.039095376,0.21991149
350.0,2.7389667,-2.171541,9.241618,0.008552114,-0.017104227,0.19303341
359.0,2.7126305,-2.0757728,9.169792,-0.043982297,0.0,0.16982053
371.0,2.6527755,-2.030283,9.105149,-0.10629055,0.007330383,0.15760323
380.0,2.6312277,-2.0374656,9.054871,-0.17104226,0.014660766,0.15149458
389.0,2.7150247,-2.1140802,8.980651,-0.2321288,0.02321288,0.15149458
399.0,2.705448,-2.3319526,8.966286,-0.2883284,0.036651913,0.15027285
410.0,2.6024973,-2.6001031,9.064447,-0.31764993,0.047647487,0.13805555
419.0,2.5953147,-2.7389667,9.102755,-0.312763,0.052534413,0.119729586
431.0,2.5378537,-2.885013,9.081207,-0.2687807,0.05375614,0.105068825
439.0,2.60968,-2.906561,9.155427,-0.19181168,0.05497787,0.103847094
451.0,2.5905263,-3.064578,9.107543,-0.1160644,0.057421334,0.10995574
460.0,2.554613,-3.1004913,9.052477,-0.056199603,0.056199603,0.103847094
470.0,2.480393,-2.9783869,8.942344,-0.021991149,0.04520403,0.08552113
480.0,2.5139117,-2.7724855,8.913613,-0.02443461,0.034208454,0.081855945
491.0,2.4827871,-2.6982653,8.870518,-0.07819075,0.02687807,0.1001819
500.0,2.5498247,-2.6599581,8.853758,-0.16982053,0.02443461,0.11484267
510.0,2.4971523,-2.6791117,8.918402,-0.27855456,0.029321533,0.11362094
520.0,2.4995465,-2.7581203,8.985439,-0.40439278,0.032986723,0.111177474
530.0,2.540248,-2.791639,9.045294,-0.5375614,0.043982297,0.12217305
540.0,2.56419,-2.9137435,9.129091,-0.657291,0.057421334,0.13439035
552.0,2.5953147,-3.095703,9.220071,-0.7440339,0.07819075,0.13683382
560.0,2.5498247,-3.311181,9.284714,-0.8014552,0.1001819,0.12461651
570.0,2.4157495,-3.217807,9.560047,-0.9016371,0.111177474,0.10629055
580.0,2.2218192,-2.825158,9.895236,-1.1508701,0.13072516,0.103847094
590.0,2.1452048,-2.542642,10.28549,-1.5515977,0.172264,0.12095132
600.0,1.8962077,-2.3822308,10.386047,-2.0512855,0.2321288,0.1685988
611.0,1.922544,-2.8299465,10.3214035,-2.597399,0.31642818,0.24801129
620.0,1.8483237,-3.7445314,10.196905,-3.0457742,0.43249258,0.3200934
630.0,1.7788919,-4.805163,10.359711,-3.2888985,0.55833083,0.36285394
639.0,1.6304513,-5.767632,10.81461,-3.3157766,0.8393288,0.4092797
651.0,1.2617443,-6.3829417,11.461043,-3.3157766,0.8393288,0.4092797
660.0,0.90021986,-6.8091097,11.808203,-3.3084462,0.9663888,0.45204028
671.0,0.62967503,-7.1059904,11.956643,-3.3377676,1.097114,0.5045747
680.0,0.36391866,-7.465121,11.9853735,-3.4049628,1.3426818,0.68294734
690.0,0.17238252,-8.62152,11.865664,-3.4367278,1.4721853,0.8185594
700.0,-0.16280572,-9.14585,11.331757,-3.3841934,1.5980235,0.95417154
710.0,-0.21308395,-10.029311,11.173739,-3.227812,1.6994271,1.1533136
720.0,-0.33039984,-11.001357,11.147403,-3.0115657,1.813048,1.4526376
731.0,-0.46926352,-12.2319765,11.152191,-2.7317894,1.9230038,1.7641789
740.0,-0.7158663,-12.959814,11.027693,-2.3958135,2.0073032,1.9889772
751.0,-0.79008657,-12.969391,10.6877165,-1.9975294,2.0793853,2.122146
760.0,-0.8714894,-12.789825,10.357317,-1.5760323,2.1282544,2.2687535
770.0,-0.9935937,-12.689269,9.871294,-1.1948525,2.1612413,2.5094345
780.0,-1.0247183,-12.619837,9.277532,-0.8881981,2.175902,2.7855456
791.0,-0.80924016,-12.337321,8.872911,-0.6462954,2.20278,3.0384438
800.0,-0.7134721,-12.2319765,8.3868885,-0.48624873,2.2272146,3.296229
810.0,-0.7398083,-12.112267,7.831434,-0.37873647,2.2626448,3.4929276
820.0,-0.866701,-11.820174,7.347805,-0.2443461,2.276084,3.595553
831.0,-1.0127473,-11.647791,6.8067155,-0.06719518,2.276084,3.6871827
840.0,-1.283292,-11.200075,6.3949127,0.13683382,2.2687535,3.7727036
853.0,-1.3599066,-10.773908,5.8562174,0.3481932,2.2247713,3.8386772
860.0,-1.4413095,-10.54167,5.4324436,0.5338962,2.162463,3.9217548
871.0,-1.4149733,-10.28549,4.9344497,0.73548174,2.1111503,3.9926152
880.0,-1.4317327,-9.840169,4.4939165,1.0067059,2.035403,4.007276
890.0,-1.4532804,-9.471462,4.158728,1.3023647,1.998751,4.019493
901.0,-1.6448165,-9.0476885,4.1635165,1.5699236,1.9877555,4.0549235
912.0,-1.8938135,-8.39886,4.201824,1.7947221,1.9511036,4.043928
921.0,-2.1068976,-7.78355,4.096479,1.9645426,1.8851302,3.9730675
930.0,-2.1212628,-7.0245876,3.8857894,2.0561724,1.8142698,3.8728857
940.0,-2.147599,-6.208165,3.6655228,2.1001546,1.736079,3.7751472
952.0,-2.0350714,-5.5976434,3.1986535,2.1368067,1.65911,3.721391
960.0,-2.3199813,-5.0158525,2.8514943,2.1978931,1.5943583,3.681074
972.0,-2.777274,-4.6232033,2.6791117,2.276084,1.568702,3.6248744
980.0,-3.4117374,-4.2066126,2.707842,2.334727,1.5112807,3.57234
990.0,-3.7660792,-3.821146,2.6910827,2.3872614,1.4025466,3.5161405
1000.0,-3.7732618,-3.3494883,2.7485435,2.430022,1.2730432,3.4758232
1010.0,-3.5769374,-2.6479871,2.6982653,2.4349089,1.1496484,3.4416149
1020.0,-3.277662,-1.8363527,2.6120741,2.430022,1.0690142,3.3927455
1032.0,-3.5625722,-1.1947067,2.4588451,2.4092526,1.0445796,3.321885
1055.0,-4.177882,-1.1204864,2.4372973,2.3322835,1.0360274,3.2119296
1055.0,-4.7309427,-1.3503298,2.2625206,2.1978931,0.9822713,3.0848694
1060.0,-4.996699,-1.3838485,2.2457612,2.098933,0.86620694,2.9614747
1071.0,-4.817134,-0.830788,2.1763294,2.1649065,0.75747293,2.8539624
1080.0,-4.498705,-0.25857377,2.0973208,2.361605,0.66950834,2.7782152
1092.0,-4.3502645,0.36391866,2.267309,2.5497515,0.62796944,2.7146852
1101.0,-4.3957543,0.93852705,2.2864625,2.6865854,0.6230826,2.6218336
1112.0,-4.7381253,1.7310078,2.408567,2.7989845,0.64873886,2.4947736
1122.0,-5.133168,2.2481554,2.4157495,2.8710666,0.65240407,2.3762658
1131.0,-5.398925,2.4851813,2.3247697,2.846632,0.62796944,2.3139575
1141.0,-5.5018754,2.6264393,2.2888567,2.7207937,0.5839872,2.271197
1155.0,-5.475539,2.7006595,2.2337902,2.574186,0.5216789,2.1734586
1161.0,-5.386954,3.145981,2.1547816,2.4678955,0.44837508,1.9950858
1171.0,-5.377377,3.572149,2.0829554,2.3945918,0.39584067,1.772731
1182.0,-5.535394,4.220978,1.8171991,2.3127358,0.37140608,1.5674802
1194.0,-5.8226986,4.9224787,1.5801731,2.1868975,0.3481932,1.4172074
1205.0,-6.1123967,5.3845596,1.6256629,2.0146337,0.34697145,1.3084733
1214.0,-6.4188547,5.5641246,1.8387469,1.8191566,0.32986724,1.2241739
1222.0,-6.679823,5.425261,1.9033904,1.6297885,0.31764993,1.1459832
1234.0,-7.074866,5.257667,2.1140802,1.4746287,0.28588495,1.0629056
1245.0,-7.2807674,5.0374002,2.15957,1.3646729,0.25289822,0.9810496
1254.0,-7.4004774,5.0134583,2.2936451,1.2559389,0.2406809,0.9334021
1261.0,-7.4627266,4.6950297,2.1906946,1.1349876,0.21746802,0.893085
1274.0,-7.479486,4.6136265,2.1547816,1.028697,0.2125811,0.80878556
1283.0,-7.4124484,4.6160207,2.0685902,0.9786061,0.1881465,0.70005155
1294.0,-7.4483614,4.8003745,2.1140802,0.9957104,0.1600467,0.61453044
1301.0,-7.6734166,5.1882353,2.0733786,1.0629056,0.16737708,0.5766568
1312.0,-7.704541,5.614403,2.303222,1.1520919,0.15393804,0.59986967
1322.0,-7.5465236,5.5521536,2.5354595,1.2021828,0.13561209,0.6621779
1334.0,-7.2711906,5.3247046,2.56419,1.2241739,0.14172074,0.6585127
1343.0,-7.1107793,5.3462524,2.5450363,1.2547172,0.12217305,0.57543504
1355.0,-7.1586633,5.523423,2.3247697,1.2669345,0.10140363,0.49113566
1363.0,-7.290344,5.947197,2.018312,1.2425,0.0842994,0.43127087
1372.0,-7.491457,6.217742,1.697489,1.1569787,0.073303826,0.39584067
1384.0,-7.752425,6.3446345,1.520318,1.0299188,0.065973446,0.3652974
1393.0,-7.905654,6.631939,1.6256629,0.91996306,0.05009095,0.3494149
1402.0,-8.051701,6.682217,1.7525556,0.8503244,0.034208454,0.37751472
1413.0,-7.896077,6.588843,1.9776106,0.816116,0.030543262,0.4361578
1424.0,-7.7213006,6.2608376,2.1092918,0.79534656,0.040317107,0.47891834
1434.0,-7.630321,6.0262055,2.1787236,0.78801614,0.061086524,0.48747048
1443.0,-7.6255326,5.815516,2.219425,0.8051204,0.0720821,0.47525316
1455.0,-7.6710224,5.602432,2.2218192,0.82711154,0.06841691,0.46181414
1463.0,-7.6973586,5.5760956,2.1308396,0.86009824,0.07452556,0.44226643
1474.0,-7.9702973,5.767632,1.9680338,0.90408057,0.07819075,0.43004912
1484.0,-8.037335,6.131551,1.8507179,0.9419542,0.07819075,0.43371433
1492.0,-8.018182,6.4739213,1.7980455,0.956615,0.061086524,0.47525316
1502.0,-7.8027034,6.739678,1.5993267,0.9602802,0.062308256,0.52656585
1515.0,-7.541735,6.8929067,1.4580688,0.9505063,0.09285152,0.56688297
1523.0,-7.493851,6.8641763,1.316811,0.9211848,0.12705997,0.59742624
1533.0,-7.5441294,6.6295447,1.2066777,0.88331115,0.14905111,0.6084218
1543.0,-7.4124484,6.289568,1.1372458,0.82833326,0.12095132,0.5693264
1555.0,-7.36217,6.181829,1.1563994,0.84421575,0.10140363,0.54733527
1564.0,-7.074866,6.55293,1.079785,0.8918633,0.09896017,0.5155703
1574.0,-7.1275387,6.6870055,1.0702082,0.9419542,0.112399206,0.49602258
1584.0,-7.0724716,6.7708025,0.9720459,0.9651671,0.13072516,0.5021312
1594.0,-7.029376,6.8929067,0.8571242,0.97005403,0.13561209,0.5155703
1603.0,-7.0341644,6.591237,0.7565677,0.91507614,0.14782938,0.52290064
1613.0,-7.0724716,6.459556,0.5722142,0.8454375,0.1563815,0.49357912
1623.0,-6.993463,6.50744,0.6392518,0.7867944,0.15760323,0.4801401
1635.0,-6.8689647,6.4499793,0.5363012,0.71959925,0.16493362,0.49235737
1643.0,-6.7324953,6.4164605,0.4141969,0.6658431,0.18325958,0.48258355
1654.0,-6.7324953,6.445191,0.32800564,0.6169739,0.20647246,0.47525316
1663.0,-6.9048777,6.5385647,0.25617957,0.61086524,0.23579398,0.4642576
1673.0,-7.1227503,6.6510925,0.2633622,0.66950834,0.25778514,0.44837508
1684.0,-7.091625,6.6079965,0.2705448,0.7489208,0.267559,0.44715336
1694.0,-7.03177,6.7923503,0.15801731,0.829555,0.28099802,0.43004912
1702.0,-6.8545995,6.873753,0.093373865,0.89919364,0.29932398,0.4092797
1714.0,-6.6870055,6.8785415,-0.031124622,0.93462384,0.31031954,0.408058
1723.0,-6.775591,6.9503675,-0.15322891,0.91874135,0.33841935,0.42149702
1733.0,-6.8306575,7.067683,-0.29927522,0.8552113,0.37018433,0.43982297
1744.0,-6.8545995,6.909666,-0.37110126,0.75747293,0.3933972,0.44837508
1755.0,-6.8450227,6.6870055,-0.36152446,0.70738196,0.40194935,0.408058
1764.0,-6.7612257,6.6870055,-0.37828386,0.73914695,0.41416663,0.3652974
1772.0,-6.603208,6.8929067,-0.36870706,0.79412484,0.43004912,0.35185838
1784.0,-6.495469,7.16824,-0.51714754,0.81122905,0.43982297,0.3408628
1794.0,-6.3589997,7.261614,-0.581791,0.75747293,0.4569272,0.32986724
1804.0,-6.38773,7.204153,-0.6631939,0.69027776,0.45937067,0.31398472
1813.0,-6.4020953,7.1826053,-0.6751649,0.63529986,0.4654793,0.3115413
1822.0,-6.3326635,7.2113357,-0.770933,0.5900958,0.45937067,0.32986724
1834.0,-6.1746464,7.117962,-0.82360536,0.52412236,0.453262,0.3408628
1843.0,-6.126762,7.204153,-0.91458505,0.45081854,0.44837508,0.33353242
1854.0,-6.2512608,7.1395097,-0.9840169,0.3885103,0.44348818,0.3286455
1862.0,-6.160281,7.074866,-1.091756,0.3726278,0.43004912,0.3286455
1874.0,-6.143522,7.026982,-1.0749966,0.37507126,0.43004912,0.3408628
1884.0,-6.169858,7.1634517,-1.0702082,0.40561453,0.42760566,0.35308012
1893.0,-6.167464,7.1873937,-1.0319009,0.44348818,0.42638394,0.38362336
1903.0,-6.093243,7.1873937,-1.127669,0.46181414,0.408058,0.41050145
1914.0,-5.985504,7.299921,-1.1875241,0.47403142,0.3933972,0.42271876
1924.0,-5.889736,7.410054,-1.376666,0.46181414,0.38240165,0.45081854
1934.0,-5.777209,7.359776,-1.484405,0.4092797,0.37018433,0.4654793
1942.0,-5.8107276,7.347805,-1.5227122,0.32986724,0.36651915,0.4642576
1954.0,-5.861006,7.311892,-1.6160861,0.23457226,0.3652974,0.46670106
1964.0,-5.839458,7.321469,-1.6280571,0.15882497,0.35796702,0.46181414
1972.0,-5.827487,7.180211,-1.6328455,0.12705997,0.3371976,0.4569272
1983.0,-5.683835,7.0102224,-1.6663644,0.15882497,0.32375857,0.43982297
1995.0,-5.619191,7.055712,-1.6208745,0.22724187,0.31520647,0.43982297
2004.0,-5.5737014,7.065289,-1.6232687,0.2687807,0.31642818,0.45814893
2014.0,-5.626374,7.285556,-1.6831238,0.2687807,0.31764993,0.47647488
2023.0,-5.4803276,7.2424603,-1.7741034,0.24678956,0.29932398,0.49235737
2034.0,-5.4803276,7.1490865,-1.8076223,0.23457226,0.29565877,0.48380527
2069.0,-5.434838,7.345411,-1.8531121,0.26267207,0.27977628,0.46792278
2069.0,-5.4085016,7.577648,-1.9680338,0.3005457,0.26267207,0.46792278
2069.0,-5.3318872,7.7189064,-2.0470424,0.31764993,0.25534168,0.46303585
2073.0,-5.33907,7.8170686,-2.1092918,0.29565877,0.24923302,0.45204028
2081.0,-5.279215,7.809886,-2.231396,0.2565634,0.23823744,0.43371433
2092.0,-5.3079453,7.7093296,-2.1906946,0.20891592,0.23701571,0.41172317
2101.0,-5.341464,7.8649526,-2.231396,0.17104226,0.22724187,0.39584067
2113.0,-5.207389,7.773973,-2.2744915,0.13072516,0.20525073,0.3933972
2122.0,-5.0900726,7.6614456,-2.2385786,0.08674286,0.19181168,0.37995818
2133.0,-4.984728,7.5201874,-2.3056161,0.04642576,0.17959438,0.36651915
2142.0,-4.9320555,7.548918,-2.267309,0.021991149,0.17348573,0.3494149
2155.0,-5.0757074,7.4148426,-2.231396,0.02076942,0.16249016,0.32742378
2163.0,-5.145139,7.469909,-2.1308396,0.065973446,0.14049901,0.30298916
2174.0,-5.0541596,7.433996,-2.1978772,0.15393804,0.12339478,0.2932153
2183.0,-5.070919,7.5920134,-2.1859062,0.2443461,0.1160644,0.2968805
2194.0,-4.8937483,7.785944,-2.2816741,0.2846632,0.095294975,0.30665436
2204.0,-4.6782703,7.920019,-2.3894134,0.26267207,0.07941248,0.29932398
2214.0,-4.4675803,7.9846625,-2.552219,0.20280726,0.058643065,0.267559
2223.0,-4.4460325,7.9128366,-2.5234885,0.14172074,0.043982297,0.21868975
2233.0,-4.5681367,7.9367785,-2.4013844,0.09040806,0.02076942,0.17348573
2242.0,-4.735731,7.9726915,-2.3558946,0.036651913,0.021991149,0.15027285
2255.0,-4.620809,7.7452426,-2.336741,0.009773844,0.007330383,0.13927728
2263.0,-4.685453,7.7213006,-2.195483,0.013439035,0.018325957,0.13194689
2273.0,-4.5082817,7.6111674,-2.2026656,0.035430185,0.014660766,0.12950343
2283.0,-4.3622355,7.632715,-2.2385786,0.073303826,0.010995574,0.1001819
2294.0,-4.4316673,7.7308774,-2.336741,0.119729586,0.007330383,0.062308256
2302.0,-4.5298295,7.908048,-2.2984335,0.14049901,0.02443461,0.047647487
2312.0,-4.55856,7.896077,-2.4420857,0.13561209,0.015882496,0.04642576
2322.0,-4.699818,7.867347,-2.468422,0.10140363,-0.0012217305,0.04153884
2333.0,-4.771644,8.027759,-2.6048915,0.065973446,-0.0061086523,0.034208454
2342.0,-4.6806645,8.0924015,-2.5761611,0.018325957,-0.009773844,0.002443461
2356.0,-4.608838,8.166622,-2.6623523,0.018325957,-0.009773844,0.002443461
2363.0,-4.548983,8.221688,-2.5785553,0.02565634,-0.0061086523,-0.018325957
2373.0,-4.642357,8.152257,-2.516306,0.04642576,-0.007330383,-0.02443461
2383.0,-4.747702,8.082825,-2.5210943,0.05497787,0.0,-0.030543262
2394.0,-4.8626237,7.9607205,-2.4277205,0.043982297,0.004886922,-0.04153884
2403.0,-5.0038815,7.9726915,-2.4396915,0.029321533,0.0061086523,-0.05009095
2414.0,-4.9559975,7.9224133,-2.4349031,0.0061086523,0.0061086523,-0.059864793
2422.0,-4.8817773,7.8505874,-2.4995465,-0.019547688,-0.008552114,-0.096516706
2433.0,-4.900931,7.797915,-2.6001031,-0.021991149,-0.010995574,-0.1001819
2443.0,-5.0374002,7.908048,-2.5737667,-0.009773844,-0.012217305,-0.09285152
2454.0,-5.1020436,7.773973,-2.480393,0.018325957,-0.010995574,-0.081855945
2464.0,-5.070919,7.9870567,-2.44448,0.061086524,-0.0061086523,-0.07696902
2474.0,-5.085284,8.078036,-2.5330653,0.0842994,-0.0061086523,-0.061086524
2484.0,-5.0493712,8.214506,-2.7150247,0.07452556,-0.009773844,-0.057421334
2493.0,-5.092467,8.286332,-2.717419,0.030543262,-0.013439035,-0.062308256
2505.0,-5.011064,8.42759,-2.7365725,-0.018325957,-0.02443461,-0.059864793
2514.0,-5.0421886,8.1642275,-2.695871,-0.052534413,-0.032986723,-0.05009095
2525.0,-5.0278234,8.121132,-2.597709,-0.06963864,-0.03176499,-0.04886922
2535.0,-5.094861,8.037335,-2.4899697,-0.061086524,-0.04642576,-0.05131268
2545.0,-5.0014873,8.058883,-2.5785553,-0.04886922,-0.05375614,-0.047647487
2556.0,-4.9943047,8.02297,-2.5809495,-0.04153884,-0.062308256,-0.05009095
2564.0,-5.0158525,7.920019,-2.5761611,-0.039095376,-0.06719518,-0.05131268
2573.0,-5.0158525,7.9272017,-2.4827871,-0.04153884,-0.061086524,-0.05009095
2584.0,-4.9703627,7.9607205,-2.432509,-0.04520403,-0.052534413,-0.04642576
2594.0,-5.035006,7.896077,-2.4588451,-0.04153884,-0.05131268,-0.040317107
2604.0,-5.023035,7.9487495,-2.384625,-0.019547688,-0.059864793,-0.032986723
2614.0,-4.9176903,7.8625584,-2.4660277,-0.007330383,-0.062308256,-0.02565634
2624.0,-5.0182467,7.8505874,-2.5067291,-0.008552114,-0.064751714,-0.034208454
2634.0,-5.0254292,7.9702973,-2.5570073,-0.021991149,-0.06841691,-0.043982297
2645.0,-5.0661306,8.046912,-2.5330653,-0.037873644,-0.07452556,-0.04642576
2656.0,-5.058948,7.85777,-2.4875755,-0.05497787,-0.073303826,-0.04520403
2664.0,-5.161899,7.855376,-2.4349031,-0.065973446,-0.06963864,-0.04642576
2674.0,-5.130774,7.8745294,-2.3415294,-0.062308256,-0.06352998,-0.043982297
2685.0,-5.1906295,7.795521,-2.396596,-0.056199603,-0.056199603,-0.039095376
2694.0,-5.1547165,7.7907324,-2.372654,-0.058643065,-0.05131268,-0.043982297
2704.0,-5.1882353,7.836222,-2.4349031,-0.06963864,-0.04886922,-0.04886922
2715.0,-5.070919,7.9104424,-2.432509,-0.08674286,-0.039095376,-0.058643065
2724.0,-5.140351,7.8170686,-2.4109612,-0.10873401,-0.032986723,-0.06719518
2734.0,-5.058948,7.7787614,-2.3582888,-0.12705997,-0.037873644,-0.07941248
2744.0,-5.1642933,7.7213006,-2.360683,-0.14049901,-0.034208454,-0.089186326
2755.0,-5.159505,7.711724,-2.4492683,-0.14538592,-0.040317107,-0.096516706
2765.0,-5.2983685,7.620744,-2.3774424,-0.14172074,-0.02565634,-0.09896017
2775.0,-5.257667,7.606379,-2.3822308,-0.10995574,-0.037873644,-0.09285152
2784.0,-5.243302,7.632715,-2.3223755,-0.06963864,-0.04642576,-0.0842994
2795.0,-5.2145715,7.764396,-2.3870192,-0.04520403,-0.042760566,-0.07452556
2804.0,-5.2480903,8.056489,-2.4181437,-0.04886922,-0.05375614,-0.058643065
2814.0,-5.2385135,8.23366,-2.5019407,-0.09162979,-0.05497787,-0.042760566
2825.0,-5.281609,8.034941,-2.336741,-0.15271631,-0.052534413,-0.04153884
2836.0,-5.255273,7.860164,-2.15957,-0.20158553,-0.05131268,-0.06352998
2845.0,-5.327099,7.8865004,-2.0494366,-0.204029,-0.05497787,-0.08552113
2855.0,-5.3821654,8.015787,-2.0015526,-0.18448131,-0.05009095,-0.07696902
2865.0,-5.305551,7.8649526,-1.9081788,-0.14782938,-0.042760566,-0.06963864
2874.0,-5.2863975,8.018182,-1.9081788,-0.10629055,-0.02687807,-0.06352998
2885.0,-5.2840033,7.9846625,-1.934515,-0.064751714,-0.02076942,-0.05375614
2895.0,-5.3366756,8.030152,-1.9488802,-0.040317107,-0.012217305,-0.04886922
2903.0,-5.425261,8.030152,-1.9536686,-0.040317107,-0.007330383,-0.056199603
2914.0,-5.4444146,8.070854,-1.9081788,-0.05375614,-0.0012217305,-0.065973446
2922.0,-5.4659624,8.0924015,-1.9871874,-0.05497787,-0.0036651916,-0.06719518
2934.0,-5.4539914,8.010999,-1.9488802,-0.04886922,0.007330383,-0.061086524
2943.0,-5.41329,8.02297,-1.9847932,-0.037873644,0.012217305,-0.059864793
2956.0,-5.425261,7.9966335,-1.9752164,-0.018325957,0.017104227,-0.06719518
2963.0,-5.3725886,7.991845,-2.054225,-0.002443461,0.018325957,-0.07452556
2974.0,-5.353435,8.013393,-2.1068976,-0.007330383,0.018325957,-0.07574729
2983.0,-5.4180784,7.9104424,-2.15957,-0.02443461,0.02565634,-0.07941248
2993.0,-5.509058,7.9008656,-2.1140802,-0.02687807,0.014660766,-0.080634214
