23.0,-2.5330653,1.3623008,9.507375,0.004886922,-0.015882496,0.0012217305
32.0,-2.5737667,1.4580688,9.504981,0.14782938,0.13072516,-0.065973446
39.0,-2.5617957,1.4053963,9.397242,0.03176499,-0.2773328,-0.26633725
50.0,-2.6168625,1.2234371,9.330204,-0.08674286,-0.39584067,-0.31031954
59.0,-2.5881321,1.2689269,9.26556,0.02565634,0.39461896,0.04153884
65.0,-2.5330653,1.4389153,9.205706,-0.0061086523,0.41416663,0.039095376
77.0,-2.5091233,1.697489,9.131485,-0.05497787,0.24556783,-0.03176499
86.0,-2.4779987,1.6927006,9.066842,-0.09407325,0.09162979,-0.09407325
95.0,-2.528277,1.6089035,9.141062,-0.118507855,0.10262536,-0.09773844
106.0,-2.5210943,1.448492,9.112331,-0.13072516,0.11728613,-0.10995574
117.0,-2.5833437,1.3718776,9.13388,-0.12461651,0.12583824,-0.12950343
126.0,-2.6264393,1.340753,9.210494,-0.112399206,0.12583824,-0.1441642
137.0,-2.6240451,1.4293385,9.205706,-0.10751228,0.12217305,-0.1441642
146.0,-2.6527755,1.2808979,9.150639,-0.11362094,0.12339478,-0.13439035
156.0,-2.6024973,1.3503298,9.153033,-0.111177474,0.12461651,-0.13072516
166.0,-2.6551697,1.3072342,9.141062,-0.09773844,0.12095132,-0.13439035
177.0,-2.6312277,1.3958195,9.085996,-0.09285152,0.11728613,-0.13805555
186.0,-2.5905263,1.412579,9.11712,-0.10873401,0.118507855,-0.14294247
197.0,-2.6048915,1.3814543,9.0429,-0.13316862,0.11728613,-0.15027285
206.0,-2.5474305,1.4628572,9.035717,-0.16126843,0.12217305,-0.15271631
218.0,-2.5450363,1.4317327,8.978256,-0.19181168,0.11728613,-0.1600467
226.0,-2.5761611,1.4508862,8.956709,-0.22235495,0.11484267,-0.16737708
236.0,-2.4756045,1.4077905,8.846576,-0.2602286,0.111177474,-0.17837265
246.0,-2.4301147,1.472434,8.76996,-0.31642818,0.10629055,-0.20158553
257.0,-2.2290018,1.6065093,8.690952,-0.39584067,0.10995574,-0.22968534
266.0,-2.2050598,1.7238252,8.53054,-0.48502702,0.12217305,-0.25778514
276.0,-2.0470424,1.6328455,8.453926,-0.5705481,0.14538592,-0.28955013
286.0,-2.1452048,1.6089035,8.391677,-0.63163465,0.16371189,-0.33108896
296.0,-2.1787236,1.5370775,8.240842,-0.6792821,0.17104226,-0.38240165
306.0,-2.2768857,1.3670892,8.078036,-0.73548174,0.1600467,-0.44348818
318.0,-2.2505496,1.3479356,7.8146744,-0.8063421,0.13683382,-0.5143485
326.0,-2.1978772,1.4915876,7.6255326,-0.9077458,0.10751228,-0.5876524
336.0,-2.2050598,1.7118542,7.2927384,-1.0580186,0.07452556,-0.6536258
346.0,-2.111686,1.8076223,6.8426285,-1.2608259,0.043982297,-0.70738196
356.0,-2.0853498,1.8842367,6.519411,-1.4941764,0.010995574,-0.75991637
366.0,-2.0638018,1.697489,6.279991,-1.7580702,-0.019547688,-0.81000733
377.0,-1.8770541,1.4221559,6.4044895,-2.0415115,-0.02687807,-0.84665924
386.0,-1.6160861,0.94331545,6.8162923,-2.316401,-0.061086524,-0.8943067
397.0,-1.400608,0.29688102,6.9048777,-2.5644124,-0.09773844,-0.9663888
407.0,-1.3383588,-0.01436521,7.1730285,-2.7525587,-0.10262536,-1.0665708
417.0,-1.484405,-0.23942018,7.2352777,-2.9358184,-0.11484267,-1.1606439
427.0,-1.8148049,-0.46447513,7.323863,-3.199712,-0.14538592,-1.2205088
438.0,-2.1021092,-1.1779473,7.285556,-3.500258,-0.15149458,-1.2437216
447.0,-2.2146366,-2.2481554,7.445967,-3.681074,-0.14049901,-1.2315043
457.0,-2.1045034,-3.7373488,7.8290396,-3.6212091,-0.13194689,-1.1728612
467.0,-2.018312,-5.4324436,8.303091,-3.354872,-0.12217305,-1.0983357
477.0,-2.0039468,-6.301539,8.695741,-2.9394836,-0.103847094,-1.1142182
487.0,-2.0709844,-6.1985884,8.959103,-2.4996605,-0.09896017,-1.2425
498.0,-2.099715,-5.616797,9.004593,-2.2406538,-0.09285152,-1.3524556
507.0,-2.0446482,-5.209783,8.992621,-2.4984388,0.02076942,-1.210735
517.0,-2.0278888,-5.434838,9.076419,-2.4984388,0.02076942,-1.210735
526.0,-2.1021092,-6.220136,9.172187,-2.733011,0.112399206,-1.0812315
537.0,-2.2816741,-6.8210807,9.160215,-2.855184,0.20280726,-1.0213667
547.0,-2.566584,-7.1945763,9.155427,-2.8637362,0.33475417,-0.9309586
558.0,-2.8682537,-7.563283,8.992621,-2.9223793,0.37995818,-0.8246681
566.0,-3.289633,-8.010999,8.674192,-3.00057,0.40683624,-0.7122689
576.0,-3.2848446,-8.372523,8.580819,-3.0213394,0.453262,-0.62796944
587.0,-3.2249897,-8.6574335,8.839393,-2.8942795,0.50946164,-0.54244834
597.0,-3.2393548,-8.844181,9.004593,-2.5986207,0.54000485,-0.45204028
607.0,-3.3423057,-8.678981,8.810662,-2.2455406,0.54733527,-0.35918877
618.0,-3.4045548,-8.477868,8.374918,-1.9645426,0.54367006,-0.26145032
627.0,-3.5697548,-8.202535,7.929596,-1.7898352,0.5412266,-0.17470746
637.0,-3.58412,-7.905654,7.52737,-1.6835446,0.5412266,-0.10140363
647.0,-3.5218706,-7.776367,7.297527,-1.6236799,0.53023106,-0.036651913
657.0,-3.4644098,-7.548918,7.225701,-1.5735888,0.49968776,0.014660766
667.0,-3.323152,-7.431602,7.029376,-1.5161675,0.46670106,0.05375614
678.0,-3.2034419,-7.4627266,6.811504,-1.4501941,0.4447099,0.09407325
687.0,-2.9879637,-7.5680714,6.670246,-1.3646729,0.42271876,0.13316862
697.0,-2.8323407,-7.690176,6.5098343,-1.2253957,0.39706242,0.14905111
707.0,-2.6743233,-7.589619,6.3589997,-1.0616838,0.37995818,0.14049901
717.0,-2.5306711,-7.422025,6.133945,-0.93218035,0.36651915,0.13927728
726.0,-2.3223755,-7.309498,5.755661,-0.87598073,0.35308012,0.14172074
738.0,-2.4253263,-7.1275387,5.3845596,-0.87598073,0.3481932,0.11728613
747.0,-2.4037786,-6.9599442,5.073313,-0.9016371,0.3481932,0.07086037
757.0,-2.4229321,-6.823475,5.0397944,-0.9309586,0.3371976,0.030543262
767.0,-2.4827871,-6.7253127,5.092467,-0.9468411,0.32498032,0.013439035
777.0,-2.4636335,-7.015011,5.1906295,-0.93828905,0.31642818,0.007330383
787.0,-2.645593,-7.1873937,5.3223104,-0.8772025,0.3200934,-0.007330383
797.0,-2.825158,-7.323863,5.386954,-0.77457714,0.33964106,-0.032986723
807.0,-3.0119057,-7.2185183,5.427655,-0.6585127,0.35918877,-0.064751714
818.0,-3.13401,-7.0006456,5.5976434,-0.5558874,0.37507126,-0.096516706
827.0,-3.335123,-7.275979,5.6527104,-0.47403142,0.4092797,-0.09773844
837.0,-3.7588966,-7.9104424,5.973533,-0.4007276,0.4605924,-0.06352998
847.0,-4.1946416,-8.798691,6.622362,-0.27488935,0.5326745,-0.04642576
858.0,-4.9799395,-9.454702,7.3310456,-0.028099801,0.5852089,-0.058643065
866.0,-5.5377884,-9.911995,7.9224133,0.32253686,0.63041294,-0.037873644
877.0,-5.93762,-10.151415,8.3868885,0.7110472,0.6585127,0.06352998
886.0,-6.0884547,-10.508151,8.528147,1.0115929,0.68539083,0.24923302
897.0,-5.9184666,-10.776301,8.676587,1.1753048,0.7415904,0.4447099
907.0,-5.7005944,-11.389217,8.767567,1.2400564,0.82833326,0.6206391
919.0,-5.6910176,-12.181698,8.947132,1.2889256,0.9639453,0.8014552
927.0,-5.9783216,-13.256695,9.100361,1.4184291,1.1337659,0.98471475
937.0,-6.301539,-14.185645,9.153033,1.6811012,1.2815952,1.1911873
947.0,-6.1507044,-14.767436,9.119514,2.0744984,1.4049901,1.4501941
957.0,-5.719748,-14.800955,8.9758625,2.547308,1.5222762,1.7238617
967.0,-5.2720323,-14.494497,8.690952,3.00057,1.6639969,1.9596558
979.0,-5.2504845,-13.740324,8.317456,3.3023374,1.8362609,2.1453588
987.0,-5.734113,-12.761095,7.9631147,3.3939674,1.9877555,2.293188
997.0,-5.9902925,-11.542446,7.941567,3.3023374,2.0732768,2.4654522
1007.0,-5.9759274,-10.682928,7.630321,3.1557298,2.094046,2.6865854
1020.0,-5.3606176,-10.405201,7.2568254,3.0714304,2.0928242,2.9309313
1029.0,-4.594473,-10.151415,7.0724716,3.1080823,2.1184807,3.1325169
1060.0,-4.0318356,-10.204087,6.7253127,3.2937853,2.1771238,3.2791247
1060.0,-3.6583402,-10.287885,6.196194,3.626096,2.2406538,3.38175
1060.0,-3.4045548,-9.911995,5.614403,4.0952406,2.316401,3.4513886
1069.0,-3.3423057,-9.033323,5.2241483,4.582711,2.398257,3.5332446
1079.0,-3.1531637,-7.9607205,5.145139,4.917465,2.4471262,3.6554177
1088.0,-2.8538885,-6.600814,5.0613422,4.9883256,2.4349089,3.749491
1103.0,-2.408567,-5.245696,4.4675803,4.746423,2.3860397,3.7665951
1108.0,-2.0015526,-3.9863458,3.8881836,4.234518,2.35794,3.7348301
1120.0,-1.8866309,-2.870648,3.241749,3.6212091,2.32984,3.716504
1128.0,-1.9249382,-2.3056161,2.7509377,3.0677652,2.3200662,3.7372735
1139.0,-2.3894134,-2.1045034,2.4277205,2.7317894,2.289523,3.7287214
1148.0,-2.9233203,-2.2984335,2.3678656,2.6731462,2.2015584,3.6199875
1161.0,-3.1914709,-1.673547,2.2936451,2.8112018,2.080607,3.426954
1168.0,-3.1603463,-0.4261679,1.8555063,3.0469959,1.9315559,3.2143729
1179.0,-3.0310593,1.079785,1.4987702,3.2253685,1.7849482,3.0494392
1189.0,-2.873042,2.5019407,1.0271125,3.2045991,1.672549,2.9614747
1200.0,-2.9400797,3.217807,0.7278373,2.9749138,1.5589281,2.8930578
1210.0,-3.1723173,3.7660792,0.49081135,2.687807,1.4575244,2.7525587
1223.0,-3.4955344,4.158728,0.6751649,2.4666739,1.3585643,2.5460863
1230.0,-3.892972,4.426879,0.60094464,2.316401,1.2315043,2.3335052
1240.0,-4.259285,4.8243165,0.521936,2.1771238,1.1044444,2.1416936
1250.0,-4.4675803,5.011064,0.6751649,1.9914207,0.97494096,1.9498819
1260.0,-4.5753193,5.073313,0.89543146,1.7592919,0.8723156,1.7385225
1271.0,-4.8841715,5.2026005,1.055843,1.5222762,0.75991637,1.5357152
1282.0,-5.233725,5.5521536,1.328782,1.3353515,0.65240407,1.3756685
1290.0,-5.463568,5.93762,1.3694834,1.2070698,0.54367006,1.2571607
1301.0,-5.566519,5.8466406,1.4508862,1.0958922,0.46670106,1.1704178
1311.0,-5.7963624,5.523423,1.5035586,0.9810496,0.42149702,1.0726794
1321.0,-6.232107,5.2289367,1.388637,0.9272934,0.39950588,0.92485
1329.0,-6.7612257,5.2409077,1.2569559,0.94806284,0.37384954,0.7855727
1342.0,-7.1730285,5.446809,1.127669,0.956615,0.31520647,0.6976081
1350.0,-7.144298,5.6215854,1.1540052,0.90285885,0.25534168,0.63041294
1360.0,-7.0126166,5.78918,1.1348516,0.8051204,0.204029,0.55833083
1372.0,-6.7947445,6.021417,1.2497733,0.6988298,0.17592919,0.5204572
1379.0,-6.7085533,6.0980315,1.376666,0.60231316,0.17348573,0.52412236
1388.0,-6.969521,5.9926867,1.4820108,0.50579643,0.17837265,0.5363397
1403.0,-7.189788,5.9998693,1.5370775,0.41416663,0.17348573,0.5009095
1411.0,-7.2831616,5.8921304,1.4269443,0.2883284,0.17348573,0.34574974
1422.0,-7.21373,5.827487,1.3575124,0.2883284,0.17348573,0.34574974
1430.0,-7.21373,5.9998693,1.1875241,0.27122417,0.14660765,0.23335053
1441.0,-7.1993647,6.217742,0.9504981,0.2724459,0.14049901,0.2321288
1451.0,-7.144298,6.143522,1.1468226,0.2687807,0.119729586,0.25167647
1461.0,-7.1371155,6.0477533,1.283292,0.3115413,0.09285152,0.27000242
1470.0,-7.0581064,6.069301,1.3934253,0.36285394,0.07941248,0.30787608
1481.0,-7.285556,6.021417,1.42455,0.38606682,0.081855945,0.3200934
1490.0,-7.4363904,6.105214,1.2593501,0.3811799,0.07941248,0.28710666
1502.0,-7.513005,6.1123967,1.1563994,0.36285394,0.06963864,0.23945917
1511.0,-7.524976,5.947197,1.0606314,0.36285394,0.064751714,0.18448131
1523.0,-7.3406224,5.813122,1.1492168,0.35796702,0.065973446,0.14660765
1530.0,-7.3310456,5.9041014,1.3359646,0.34330627,0.052534413,0.14172074
1541.0,-7.2304893,6.0597243,1.5514427,0.3115413,0.040317107,0.15515977
1551.0,-7.117962,6.078878,1.5825673,0.27000242,0.032986723,0.17348573
1562.0,-7.1227503,6.019023,1.6232687,0.25411993,0.047647487,0.17592919
1570.0,-7.0964136,5.995081,1.7525556,0.28099802,0.06841691,0.18325958
1582.0,-7.1395097,5.901707,1.8219875,0.31031954,0.08674286,0.19425514
1591.0,-7.132327,5.839458,1.661576,0.312763,0.10140363,0.1600467
1600.0,-7.228095,5.9807158,1.5346833,0.29932398,0.10140363,0.09896017
1610.0,-7.3789296,6.0285997,1.4173675,0.29932398,0.09407325,0.05497787
1622.0,-7.3406224,6.0142345,1.2354081,0.32253686,0.073303826,0.05131268
1631.0,-7.228095,5.997475,1.2593501,0.36651915,0.056199603,0.06719518
1641.0,-7.1754227,6.0740895,1.2234371,0.40561453,0.040317107,0.11484267
1651.0,-7.2448545,6.1219735,1.2018893,0.41172317,0.028099801,0.1563815
1661.0,-7.261614,5.9783216,1.2306197,0.3726278,0.014660766,0.1563815
1672.0,-7.252037,6.0597243,1.103727,0.28588495,0.008552114,0.12950343
1682.0,-7.2664022,6.1387334,1.1180922,0.172264,-0.0036651916,0.09162979
1691.0,-7.1586633,6.1387334,1.1085154,0.058643065,-0.018325957,0.05497787
1703.0,-7.1155677,6.0884547,1.0821792,-0.035430185,-0.02687807,0.035430185
1712.0,-7.1251445,6.0884547,1.0606314,-0.09773844,-0.040317107,0.034208454
1723.0,-7.1275387,6.1100025,1.1444284,-0.119729586,-0.052534413,0.04642576
1731.0,-7.141904,6.1100025,1.1611878,-0.103847094,-0.05497787,0.0720821
1741.0,-7.0820484,5.9567738,1.2689269,-0.06963864,-0.052534413,0.09407325
1750.0,-7.1347213,5.861006,1.2808979,-0.019547688,-0.043982297,0.08552113
1761.0,-7.091625,6.0740895,1.3000516,0.028099801,-0.04886922,0.07574729
1771.0,-7.0245876,6.1890116,1.2210429,0.040317107,-0.052534413,0.065973446
1782.0,-7.101202,6.3709707,1.1563994,0.017104227,-0.05009095,0.039095376
1791.0,-7.098808,6.4547677,1.1659763,-0.02565634,-0.05497787,0.013439035
1803.0,-7.1466923,6.397307,1.292869,-0.062308256,-0.062308256,0.0012217305
1812.0,-7.180211,6.3063273,1.2425907,-0.08674286,-0.06719518,0.0
1825.0,-7.264008,6.2943563,1.2665327,-0.08552113,-0.0720821,-0.002443461
1830.0,-7.228095,6.2225304,1.2593501,-0.08307768,-0.07086037,-0.0036651916
1841.0,-7.1826053,6.167464,1.3024458,-0.07574729,-0.064751714,-0.018325957
1851.0,-7.2065473,6.2991447,1.4556746,-0.04642576,-0.05497787,-0.034208454
1860.0,-7.2352777,6.2943563,1.5705963,-0.0036651916,-0.047647487,-0.02321288
1870.0,-7.1730285,6.361394,1.496376,0.017104227,-0.035430185,-0.004886922
1882.0,-7.2544312,6.289568,1.4293385,0.010995574,-0.02443461,-0.0061086523
1891.0,-7.3286514,6.349423,1.3383588,-0.0061086523,-0.013439035,-0.02076942
1902.0,-7.3047094,6.2967505,1.2330139,-0.02565634,-0.007330383,-0.02076942
1911.0,-7.3310456,6.1890116,1.2880806,-0.043982297,-0.0036651916,-0.02565634
1922.0,-7.386112,6.157887,1.3239936,-0.04520403,-0.0061086523,-0.037873644
1931.0,-7.2664022,6.0764837,1.4197617,-0.02443461,-0.017104227,-0.034208454
1943.0,-7.237672,6.1100025,1.3910311,0.021991149,-0.02687807,-0.018325957
1950.0,-7.2209125,6.217742,1.448492,0.059864793,-0.02321288,0.009773844
1961.0,-7.302315,6.2967505,1.4389153,0.06963864,-0.029321533,0.035430185
1971.0,-7.285556,6.2991447,1.4197617,0.062308256,-0.028099801,0.03176499
1981.0,-7.326257,6.205771,1.4149733,0.05375614,-0.02565634,0.010995574
1991.0,-7.2951326,6.2752028,1.4891934,0.056199603,-0.019547688,-0.0036651916
2003.0,-7.192182,6.3063273,1.412579,0.062308256,-0.018325957,-0.004886922
2013.0,-7.1634517,6.3446345,1.2976574,0.04886922,-0.014660766,-0.0012217305
2025.0,-7.2113357,6.2608376,1.4077905,0.03176499,-0.010995574,-0.004886922
2033.0,-7.1395097,6.26802,1.4652514,0.015882496,-0.013439035,0.004886922
2068.0,-7.165846,6.1938,1.5442601,0.0061086523,-0.012217305,0.013439035
2068.0,-7.228095,6.1411276,1.5825673,0.009773844,-0.010995574,0.008552114
2068.0,-7.189788,6.1387334,1.6160861,0.02443461,-0.014660766,0.0036651916
2074.0,-7.120356,6.0645127,1.5442601,0.034208454,-0.017104227,0.0012217305
2080.0,-7.189788,6.054936,1.412579,0.034208454,-0.013439035,-0.014660766
2090.0,-7.2352777,6.1243677,1.3072342,0.042760566,-0.008552114,-0.03176499
2102.0,-7.2328835,6.157887,1.3000516,0.057421334,-0.008552114,-0.029321533
2111.0,-7.180211,6.1411276,1.412579,0.07452556,-0.010995574,-0.017104227
2122.0,-7.2089415,6.1890116,1.508347,0.07819075,-0.008552114,-0.0061086523
2130.0,-7.1227503,6.325481,1.5179238,0.07696902,-0.012217305,-0.002443461
2141.0,-7.2209125,6.2943563,1.4772224,0.058643065,-0.012217305,0.0036651916
2151.0,-7.261614,6.256049,1.4173675,0.029321533,-0.009773844,-0.004886922
2162.0,-7.3071036,6.215348,1.4413095,0.0036651916,-0.009773844,-0.02076942
2171.0,-7.345411,6.133945,1.448492,-0.010995574,-0.012217305,-0.02687807
2184.0,-7.309498,6.169858,1.4030021,-0.019547688,-0.012217305,-0.02321288
2191.0,-7.3166804,6.1411276,1.340753,-0.014660766,-0.010995574,-0.018325957
2201.0,-7.2352777,6.05733,1.4030021,0.004886922,-0.009773844,-0.004886922
2211.0,-7.2328835,6.0645127,1.4053963,0.018325957,-0.0061086523,0.02321288
2222.0,-7.2783732,6.093243,1.3694834,0.018325957,-0.0061086523,0.02321288
2231.0,-7.216124,6.14831,1.3790601,-0.002443461,-0.008552114,0.019547688
2242.0,-7.297527,6.2249246,1.3862427,-0.029321533,-0.018325957,0.010995574
2252.0,-7.189788,6.2991447,1.3862427,-0.05375614,-0.017104227,0.0036651916
2262.0,-7.041347,6.203377,1.3982137,-0.06719518,-0.021991149,0.008552114
2272.0,-7.053318,6.179435,1.3958195,-0.06719518,-0.02321288,0.02076942
2283.0,-7.117962,6.009446,1.3144168,-0.04642576,-0.029321533,0.02321288
2291.0,-7.153875,6.1100025,1.3814543,-0.039095376,-0.035430185,0.032986723
2304.0,-7.216124,6.145916,1.3862427,-0.02321288,-0.035430185,0.02565634
2312.0,-7.1849995,6.1985884,1.4341269,-0.015882496,-0.029321533,0.02321288
2323.0,-7.228095,6.215348,1.4389153,-0.018325957,-0.02687807,0.017104227
2331.0,-7.1610575,6.291962,1.5227122,-0.02443461,-0.02565634,0.0012217305
2341.0,-7.1754227,6.3182983,1.4820108,-0.035430185,-0.02687807,0.0012217305
2351.0,-7.0844426,6.3206925,1.496376,-0.056199603,-0.02443461,0.0061086523
2362.0,-7.180211,6.3206925,1.4077905,-0.07452556,-0.028099801,0.009773844
2372.0,-7.1466923,6.2728086,1.5251064,-0.09162979,-0.029321533,0.018325957
2382.0,-7.225701,6.196194,1.5394717,-0.105068825,-0.02565634,0.017104227
2392.0,-7.2664022,6.215348,1.5179238,-0.10262536,-0.019547688,0.007330383
2401.0,-7.252037,6.129156,1.5562311,-0.09162979,-0.019547688,0.002443461
2412.0,-7.237672,6.253655,1.6448165,-0.07941248,-0.015882496,-0.007330383
2424.0,-7.180211,6.2991447,1.7022774,-0.0720821,-0.0061086523,-0.015882496
2433.0,-7.261614,6.2105594,1.7070658,-0.05375614,-0.014660766,-0.017104227
2442.0,-7.273585,6.191406,1.6400281,-0.035430185,0.0,-0.021991149
2452.0,-7.3047094,6.337452,1.5179238,-0.02443461,-0.002443461,-0.028099801
2461.0,-7.3047094,6.3925185,1.4532804,-0.040317107,-0.0061086523,-0.035430185
2471.0,-7.2209125,6.409278,1.4197617,-0.07086037,-0.0061086523,-0.04520403
2482.0,-7.2711906,6.253655,1.4891934,-0.095294975,0.0061086523,-0.040317107
2491.0,-7.309498,6.155493,1.5729905,-0.09407325,0.013439035,-0.028099801
2502.0,-7.3909006,5.899313,1.6472107,-0.06841691,0.019547688,-0.021991149
2512.0,-7.489063,5.872977,1.6879122,-0.03176499,0.017104227,-0.017104227
2522.0,-7.429208,5.8586116,1.5969325,-0.0036651916,0.02076942,-0.012217305
2532.0,-7.3909006,5.9998693,1.5682021,-0.008552114,0.02687807,-0.0036651916
2544.0,-7.4363904,6.10282,1.5945383,-0.032986723,0.02443461,-0.0036651916
2551.0,-7.429208,6.1626754,1.6591818,-0.056199603,0.02565634,-0.002443461
2562.0,-7.4148426,6.1890116,1.7310078,-0.056199603,0.028099801,0.007330383
2571.0,-7.3406224,6.215348,1.7741034,-0.035430185,0.032986723,0.02321288
2581.0,-7.2328835,6.2512608,1.8291701,0.004886922,0.039095376,0.039095376
2591.0,-7.141904,6.277597,1.8076223,0.040317107,0.04642576,0.05131268
2604.0,-7.1251445,6.2632318,1.721431,0.05009095,0.05497787,0.047647487
2611.0,-7.132327,6.3805475,1.5346833,0.04153884,0.057421334,0.02687807
2623.0,-7.0964136,6.4858923,1.5179238,0.02076942,0.05497787,0.013439035
2632.0,-7.1490865,6.517017,1.5035586,-0.0012217305,0.05009095,0.013439035
2643.0,-7.1969705,6.457162,1.4987702,-0.017104227,0.06352998,0.014660766
2652.0,-7.2065473,6.3111157,1.508347,-0.014660766,0.04642576,0.02443461
2663.0,-7.180211,6.301539,1.5514427,0.002443461,0.039095376,0.034208454
2672.0,-7.156269,6.227319,1.6208745,0.021991149,0.035430185,0.040317107
2682.0,-7.192182,6.0645127,1.6041151,0.034208454,0.030543262,0.036651913
2691.0,-7.1227503,6.0980315,1.6352397,0.040317107,0.02321288,0.030543262
2702.0,-7.120356,6.0645127,1.6424223,0.02687807,0.012217305,0.02687807
2711.0,-7.16824,5.9926867,1.5227122,0.002443461,0.008552114,0.02076942
2724.0,-7.1395097,6.054936,1.6472107,-0.021991149,0.008552114,0.015882496
2732.0,-7.101202,6.0525417,1.5610195,-0.04886922,0.014660766,0.019547688
2743.0,-7.1706343,6.0262055,1.6998832,-0.065973446,0.02443461,0.019547688
2753.0,-7.1634517,5.9807158,1.6879122,-0.07086037,0.030543262,0.021991149
2761.0,-7.1251445,6.0645127,1.7238252,-0.064751714,0.036651913,0.028099801
2771.0,-7.067683,6.131551,1.7046716,-0.05375614,0.039095376,0.034208454
2783.0,-7.067683,6.191406,1.7022774,-0.034208454,0.035430185,0.035430185
2792.0,-7.0485296,6.2345014,1.5873557,-0.009773844,0.039095376,0.02687807
2802.0,-7.132327,6.241684,1.520318,0.017104227,0.032986723,0.012217305
2812.0,-7.0581064,6.4427967,1.42455,0.040317107,0.02321288,0.0012217305
2823.0,-7.015011,6.5098343,1.3096284,0.04153884,0.014660766,-0.008552114
2832.0,-7.1059904,6.622362,1.2617443,0.02321288,0.009773844,-0.019547688
2842.0,-7.2544312,6.5122285,1.2689269,-0.007330383,0.010995574,-0.02321288
2852.0,-7.3310456,6.2464724,1.3718776,-0.032986723,0.0061086523,-0.036651913
2863.0,-7.347805,6.1770406,1.4317327,-0.040317107,-0.0036651916,-0.061086524
2873.0,-7.326257,6.327875,1.4796166,-0.042760566,-0.009773844,-0.064751714
2882.0,-7.225701,6.3302693,1.5993267,-0.042760566,-0.010995574,-0.056199603
2892.0,-7.1945763,6.2823853,1.7070658,-0.047647487,-0.012217305,-0.039095376
2904.0,-7.225701,6.14831,1.7238252,-0.04520403,-0.0036651916,-0.028099801
2913.0,-7.1849995,6.0740895,1.7357962,-0.021991149,-0.0012217305,-0.02443461
2923.0,-7.2065473,5.9759274,1.8243817,0.015882496,0.002443461,-0.018325957
2931.0,-7.2352777,6.0621185,1.6903064,0.059864793,0.012217305,-0.008552114
2942.0,-7.302315,6.1076083,1.5969325,0.07941248,0.013439035,0.002443461
2951.0,-7.28795,6.1004257,1.5275006,0.06841691,0.017104227,0.004886922
2964.0,-7.357382,6.2009826,1.5753847,0.043982297,0.017104227,0.013439035
2973.0,-7.3190746,6.1890116,1.532289,0.015882496,0.017104227,0.02443461
2982.0,-7.3430166,6.1650696,1.5658079,0.0012217305,0.015882496,0.028099801
2992.0,-7.3789296,6.143522,1.6424223,-0.007330383,0.013439035,0.034208454
3002.0,-7.338228,6.1626754,1.6903064,-0.0012217305,0.010995574,0.032986723
