38.0,2.0614076,-0.44771573,9.449914,-0.17959438,-0.017104227,0.0061086523
38.0,1.6112977,-0.5363012,9.7084875,0.15515977,0.14049901,-0.080634214
38.0,1.6879122,-0.59615624,9.643845,-0.030543262,-0.28221974,-0.27000242
54.0,1.8435353,-0.39504328,9.524135,-0.09896017,-0.4007276,-0.29932398
62.0,1.8171991,-0.17238252,9.421184,-0.0036651916,0.38362336,0.059864793
69.0,1.8028339,-0.12689269,9.334992,-0.065973446,0.40439278,0.064751714
78.0,1.70946,-0.14844051,9.334992,-0.14660765,0.22235495,0.002443461
87.0,1.7166426,-0.28491,9.260772,-0.19181168,0.061086524,-0.058643065
97.0,1.745373,-0.33518824,9.234436,-0.20891592,0.04886922,-0.064751714
107.0,1.7669208,-0.47405192,9.188946,-0.21502456,0.035430185,-0.07086037
120.0,1.7381904,-0.5291186,9.227253,-0.21624629,0.02076942,-0.07574729
127.0,1.8626889,-0.581791,9.210494,-0.20647246,0.0012217305,-0.08552113
139.0,1.9009962,-0.5770026,9.13388,-0.18570304,-0.018325957,-0.089186326
147.0,1.922544,-0.6536171,9.038112,-0.16615535,-0.036651913,-0.07941248
158.0,1.9416976,-0.770933,8.987833,-0.15271631,-0.05497787,-0.06352998
168.0,1.9177556,-0.78529817,8.90643,-0.14905111,-0.06963864,-0.056199603
178.0,1.99437,-0.8355764,8.841787,-0.15882497,-0.09040806,-0.062308256
188.0,1.9991584,-0.7781156,8.693346,-0.17837265,-0.112399206,-0.07086037
199.0,2.1643584,-0.7685388,8.76996,-0.19914207,-0.13805555,-0.07941248
208.0,2.1930888,-0.79248077,8.755595,-0.22235495,-0.16615535,-0.081855945
220.0,2.2385786,-0.7637503,8.6574335,-0.24923302,-0.18692477,-0.073303826
228.0,2.171541,-0.8858546,8.628703,-0.2846632,-0.20647246,-0.05497787
238.0,2.1332338,-0.842759,8.710106,-0.3323107,-0.2284636,-0.035430185
248.0,2.1380222,-0.89782566,8.6095495,-0.37995818,-0.25045475,-0.02687807
259.0,2.2002714,-1.0390835,8.678981,-0.4288274,-0.27977628,-0.02321288
268.0,2.2601264,-1.1013328,8.726865,-0.47158796,-0.30298916,-0.021991149
278.0,2.3104045,-1.163582,8.772355,-0.48747048,-0.3200934,-0.021991149
288.0,2.3104045,-1.2018893,8.844181,-0.49235737,-0.33475417,-0.02321288
298.0,2.3056161,-1.1779473,8.884883,-0.5155703,-0.344528,-0.019547688
308.0,2.2864625,-1.0606314,8.949526,-0.55833083,-0.3567453,-0.008552114
321.0,2.3008277,-1.0654198,8.987833,-0.6218608,-0.36896262,0.008552114
328.0,2.3056161,-1.0893618,8.983045,-0.7122689,-0.376293,0.032986723
338.0,2.3127987,-1.3479356,9.109938,-0.8173377,-0.38362336,0.058643065
348.0,2.2816741,-1.4030021,9.200917,-0.91874135,-0.39706242,0.07696902
358.0,2.315193,-1.7070658,9.435549,-1.001819,-0.4092797,0.0842994
368.0,2.4301147,-1.8531121,9.579201,-1.0482447,-0.42271876,0.089186326
379.0,2.4420857,-1.9967642,9.61272,-1.070236,-0.43127087,0.10140363
388.0,2.4779987,-2.1092918,9.734824,-1.0897835,-0.43249258,0.1160644
398.0,2.4779987,-2.0973208,9.660604,-1.128879,-0.42760566,0.12705997
408.0,2.3989902,-1.9081788,9.519346,-1.2021828,-0.41905355,0.13927728
419.0,2.3894134,-1.8986019,9.41879,-1.3304645,-0.40561453,0.16126843
428.0,2.3630772,-1.7669208,9.313444,-1.5173893,-0.39095375,0.19303341
439.0,2.3319526,-1.8243817,9.313444,-1.7592919,-0.37873647,0.2321288
448.0,2.3582888,-2.1092918,9.346964,-2.0476203,-0.3640757,0.26633725
458.0,2.3654714,-2.3343468,9.442732,-2.3212879,-0.35063666,0.28588495
468.0,2.4468741,-2.7700913,9.605537,-2.5326474,-0.34697145,0.29443705
478.0,2.4612393,-3.1842883,9.715671,-2.6645942,-0.34208453,0.29810223
488.0,2.5785553,-3.6487634,9.799467,-2.692694,-0.33108896,0.28710666
499.0,2.5785553,-3.9576154,9.763555,-2.597399,-0.31764993,0.25411993
509.0,2.5594015,-4.232949,9.7324295,-2.3811526,-0.2932153,0.204029
519.0,2.552219,-4.4460325,9.662998,-2.0867157,-0.26633725,0.15515977
529.0,2.5953147,-4.5322237,9.622296,-1.749518,-0.24556783,0.111177474
539.0,2.5905263,-4.4795513,9.514558,-1.3927728,-0.22479841,0.058643065
549.0,2.6503813,-4.489128,9.332599,-1.0445796,-0.204029,0.002443461
559.0,2.6527755,-4.3167458,9.205706,-0.7367035,-0.17959438,-0.04642576
569.0,2.6862943,-4.3167458,9.136273,-0.46181414,-0.14172074,-0.087964594
578.0,2.528277,-4.2305546,8.971074,-0.20769419,-0.10873401,-0.12339478
589.0,2.566584,-4.1276035,8.791509,-0.004886922,-0.0842994,-0.14782938
599.0,2.6072857,-4.036624,8.678981,0.119729586,-0.06352998,-0.172264
609.0,2.7485435,-3.8977604,8.535329,0.18081611,-0.039095376,-0.20891592
623.0,2.885013,-3.8546648,8.444349,0.18081611,-0.019547688,-0.24801129
631.0,2.8634653,-3.8642416,8.238448,0.10873401,0.014660766,-0.2602286
641.0,2.837129,-3.9097314,8.154651,-0.010995574,0.058643065,-0.2565634
651.0,2.681506,-3.9073372,8.078036,-0.15393804,0.09407325,-0.267559
661.0,2.6671407,-4.0797195,8.058883,-0.32498032,0.119729586,-0.2919936
670.0,2.7844565,-4.283227,8.123527,-0.50579643,0.13561209,-0.30665436
681.0,2.9783869,-4.656722,8.099585,-0.6646214,0.13927728,-0.2932153
692.0,3.0478187,-4.9799395,8.082825,-0.784351,0.14782938,-0.25778514
701.0,3.1651347,-5.149928,8.1163435,-0.8576548,0.16126843,-0.23579398
711.0,3.1986535,-5.3582234,8.137892,-0.8894198,0.16982053,-0.23823744
721.0,3.229778,-5.7125654,8.176199,-0.8979719,0.17104226,-0.23457226
731.0,3.1962593,-6.0118403,8.200141,-0.87964594,0.16493362,-0.204029
741.0,3.1292217,-5.9400144,8.324639,-0.7965683,0.1600467,-0.17104226
751.0,3.028665,-5.695806,8.401254,-0.68539083,0.15393804,-0.15271631
762.0,2.9257145,-5.415684,8.480263,-0.5839872,0.12950343,-0.15271631
772.0,2.8491,-5.41329,8.475474,-0.49480084,0.096516706,-0.14538592
783.0,2.8419175,-5.446809,8.5473,-0.40317106,0.05131268,-0.10873401
791.0,2.791639,-5.305551,8.731653,-0.28588495,0.004886922,-0.05497787
802.0,2.7222073,-5.0996494,8.875306,-0.13683382,-0.02443461,-0.012217305
812.0,2.633622,-4.7979803,9.004593,0.004886922,-0.05375614,0.018325957
823.0,2.5905263,-4.060566,9.028535,-0.05497787,-0.10140363,0.09040806
831.0,2.3295584,-3.6104562,9.062054,-0.05497787,-0.10140363,0.09040806
841.0,2.1571758,-3.2465374,9.564836,-0.77091193,-0.11362094,0.15027285
850.0,2.0949266,-3.3686419,9.883265,-1.3206906,-0.09040806,0.16982053
862.0,1.9057846,-4.050989,10.31901,-1.881465,-0.09407325,0.17959438
871.0,1.8171991,-4.867412,10.81461,-2.3762658,-0.07941248,0.18448131
881.0,1.7884687,-5.5497594,11.255142,-2.801428,-0.04886922,0.19792034
892.0,1.8028339,-5.899313,11.530476,-3.1520646,-0.008552114,0.1966986
902.0,1.6663644,-6.2392898,11.676521,-3.4061847,0.07574729,0.1600467
911.0,1.5658079,-6.7205243,11.475409,-3.5686748,0.16737708,0.09407325
924.0,1.3862427,-7.666234,11.061212,-3.7006216,0.267559,0.047647487
930.0,1.3790601,-8.913613,10.548853,-3.781256,0.36285394,0.065973446
940.0,1.4317327,-10.163386,10.0269165,-3.7348301,0.453262,0.16249016
953.0,1.7884687,-11.147403,9.387665,-3.5344663,0.57787853,0.30787608
961.0,1.9249382,-12.186486,9.172187,-3.227812,0.7318166,0.46181414
973.0,2.1787236,-13.007698,8.834604,-2.8393016,0.8943067,0.6047566
983.0,2.3343468,-13.589489,8.4347725,-2.4422393,1.078788,0.74036866
990.0,2.4181437,-13.769054,7.9750857,-2.080607,1.2742649,0.8857546
1001.0,2.2577322,-13.512875,7.4603324,-1.8350391,1.4746287,1.0360274
1011.0,1.8746599,-13.560759,7.0485296,-1.7055358,1.6505579,1.1667526
1021.0,1.5873557,-13.725958,6.7133417,-1.6542231,1.736079,1.2913691
1030.0,1.4173675,-14.013263,6.5002575,-1.6249015,1.7947221,1.4709635
1046.0,1.3718776,-14.281413,6.2105594,-1.5454891,1.8399261,1.704314
1052.0,1.5275006,-14.774619,5.8945246,-1.3377949,1.8216002,1.926669
1058.0,1.6328455,-14.707581,5.887342,-0.9932669,1.7873917,2.107485
1068.0,1.6232687,-14.956578,5.7987566,-0.5180137,1.7837266,2.2589796
1078.0,1.4652514,-15.006856,5.4779334,0.07574729,1.7336355,2.398257
1088.0,1.4221559,-14.846445,5.2002063,0.7318166,1.6420058,2.5143213
1099.0,1.541866,-14.463372,5.0278234,1.428203,1.5442673,2.5900686
1108.0,1.5873557,-14.015656,4.9200845,2.057394,1.4636332,2.6597073
1119.0,1.5346833,-13.472173,4.8506527,2.543643,1.396438,2.7256808
1130.0,1.4820108,-12.976573,4.4436383,2.8735101,1.319469,2.756224
1139.0,1.5777789,-12.504915,3.9983168,3.095865,1.2217305,2.764776
1149.0,1.5298948,-12.310986,3.5434184,3.2253685,1.1264355,2.792876
1161.0,1.5155296,-12.030864,3.1052797,3.2950072,1.0409144,2.8393016
1168.0,1.3431472,-12.004527,3.0597897,3.3597589,0.94806284,2.864958
1179.0,1.0893618,-11.925519,3.064578,3.5051448,0.8491027,2.8625145
1189.0,1.0486604,-11.848905,3.1316159,3.7959166,0.75747293,2.8502972
1200.0,0.9792285,-11.319786,3.0095115,4.221079,0.69027776,2.869845
1210.0,0.81881696,-10.472239,2.707842,4.696332,0.643852,2.8979447
1222.0,0.8499416,-9.3421755,2.336741,5.109277,0.6096435,2.9162707
1230.0,0.8499416,-8.085219,2.4396915,5.3524013,0.5876524,2.928488
1241.0,0.5770026,-6.766014,2.1428106,5.3633966,0.5864306,2.9138272
1251.0,0.32561144,-5.741296,2.2290018,5.177694,0.59742624,2.879619
1261.0,0.047884032,-5.0062757,2.5713725,4.8857,0.57787853,2.8515189
1271.0,-0.2633622,-4.4196963,2.861071,4.5717154,0.5644395,2.8576276
1283.0,-0.3184288,-4.2305546,3.064578,4.3175955,0.52412236,2.8893926
1291.0,-0.533907,-3.8977604,3.2082303,4.201531,0.46792278,2.9126055
1301.0,-0.7038953,-3.6511576,3.2321723,4.234518,0.45448375,2.896723
1310.0,-0.9648633,-3.2273839,2.9712043,4.351804,0.43493605,2.8576276
1322.0,-1.1013328,-2.7006595,2.8299465,4.477642,0.4166101,2.819754
1330.0,-1.1109096,-2.1763294,3.1316159,4.597372,0.38728857,2.787989
1341.0,-1.0893618,-1.5921441,3.6152446,4.6938887,0.3921755,2.7366762
1350.0,-1.091756,-0.9959879,3.9983168,4.759862,0.42638394,2.6645942
1360.0,-1.1372458,0.1364695,4.2544966,4.802623,0.4569272,2.574186
1370.0,-1.3503298,1.1204864,4.1156325,4.855157,0.48747048,2.475226
1381.0,-1.6160861,1.9800048,3.7493198,4.932126,0.54367006,2.3909266
1390.0,-1.8674773,2.6479871,3.442862,4.978552,0.5876524,2.3310618
1401.0,-2.042254,2.944868,3.205836,4.9223523,0.6218608,2.3041837
1411.0,-2.0685902,3.122039,3.1364043,4.796514,0.643852,2.2675319
1422.0,-1.9991584,3.1004913,2.906561,4.696332,0.66950834,2.1746802
1431.0,-2.0254946,3.4117374,3.0190883,4.673119,0.7171558,2.0415115
1442.0,-2.1308396,3.9959226,3.0933087,4.7525315,0.7806858,1.8912388
1451.0,-2.2720973,4.474763,2.992752,4.9223523,0.8417723,1.7763962
1463.0,-2.360683,5.2959743,2.6719291,5.0921726,0.87964594,1.7189748
1473.0,-2.4851813,6.0956373,2.6048915,5.180137,0.9443977,1.6945401
1481.0,-2.6120741,6.981492,2.468422,5.2057934,0.9859365,1.65911
1493.0,-2.6240451,7.489063,2.1188686,5.186246,1.0091494,1.6432275
1513.0,-2.5689783,7.8649526,1.6711528,5.0652947,1.0262536,1.6737708
1513.0,-2.777274,8.070854,1.2258313,4.800179,1.0238101,1.6945401
1523.0,-2.825158,8.1402855,0.50038815,4.3579125,0.98349303,1.6823229
1532.0,-2.8299465,8.453926,0.20111294,3.7152824,0.92485,1.6065756
1543.0,-2.8921957,8.815451,0.24899697,2.9956832,0.89919364,1.4330899
1551.0,-3.0238767,9.160215,0.29688102,2.3017402,0.874759,1.269378
1562.0,-3.0933087,9.320627,0.4333505,1.6969837,0.8026769,1.1850786
1571.0,-3.1244333,9.131485,0.5674258,1.2547172,0.73548174,1.142318
1583.0,-2.9831753,9.141062,0.6607997,1.0140363,0.6560693,1.0836749
1593.0,-2.954445,9.349358,0.6919243,0.9627236,0.56077427,1.0201449
1603.0,-2.825158,9.502586,0.6440403,1.0409144,0.4654793,0.98471475
1613.0,-2.8299465,9.576807,0.41180268,1.1801916,0.37140608,0.95417154
1623.0,-2.8514943,9.727641,0.11971009,1.3451253,0.22479841,0.8772025
1633.0,-2.815581,9.710882,-0.088585466,1.3451253,0.22479841,0.8772025
1643.0,-2.8562827,9.497798,-0.079008654,1.3573426,0.16493362,0.8454375
1652.0,-2.8754363,9.296685,-0.11252748,1.3524556,0.11362094,0.81245077
1663.0,-2.9041667,9.3661175,0.021547815,1.3671165,0.04886922,0.766025
1672.0,-2.834735,9.665392,0.04070143,1.3646729,-0.028099801,0.72082096
1682.0,-2.633622,9.995792,-0.011971008,1.2974777,-0.10262536,0.6805039
1693.0,-2.516306,10.340557,-0.02633622,1.1618657,-0.17470746,0.61941737
1703.0,-2.4636335,10.398018,-0.009576807,0.93951076,-0.23579398,0.5705481
1712.0,-2.5210943,9.993398,0.22266077,0.4251622,-0.32742378,0.48624873
1724.0,-2.504335,9.876082,0.46686932,0.15149458,-0.35796702,0.43493605
1733.0,-2.4516625,9.7324295,0.60333884,-0.05497787,-0.37995818,0.3652974
1742.0,-2.4277205,9.466674,0.7757214,-0.18203785,-0.37751472,0.35063666
1751.0,-2.4349031,9.011775,1.1540052,-0.23701571,-0.3567453,0.3640757
1762.0,-2.4037786,8.643068,1.448492,-0.23335053,-0.3286455,0.35430184
1771.0,-2.3750482,8.640674,1.5897499,-0.15882497,-0.30787608,0.30909783
1782.0,-2.4372973,8.932767,1.42455,-0.042760566,-0.2919936,0.26145032
1793.0,-2.3942018,9.267955,1.316811,0.014660766,-0.28955013,0.25411993
1803.0,-2.2122424,9.198523,1.163582,-0.04520403,-0.27977628,0.27000242
1811.0,-2.231396,9.344569,1.103727,-0.1966986,-0.2602286,0.24190263
1825.0,-2.1691468,9.440337,1.283292,-0.3652974,-0.24312437,0.17715092
1833.0,-2.1547816,9.334992,1.3503298,-0.49480084,-0.21991149,0.12095132
1843.0,-2.15957,9.157822,1.532289,-0.5522222,-0.19547687,0.087964594
1851.0,-2.1332338,9.081207,1.7118542,-0.548557,-0.15882497,0.057421334
1862.0,-2.1571758,9.102755,1.7238252,-0.47891834,-0.1282817,0.007330383
1871.0,-2.1212628,9.021352,1.6783354,-0.34330627,-0.10262536,-0.02687807
1884.0,-2.1164744,9.0237465,1.661576,-0.172264,-0.07819075,-0.032986723
1894.0,-2.1523874,8.968679,1.4987702,-0.0012217305,-0.061086524,-0.042760566
1904.0,-2.219425,9.143456,1.1779473,0.15149458,-0.05131268,-0.059864793
1914.0,-2.2098482,9.294291,1.1133038,0.26267207,-0.047647487,-0.062308256
1924.0,-2.27928,9.291897,1.0127473,0.3286455,-0.04153884,-0.052534413
1934.0,-2.3127987,9.356541,0.9792285,0.35430184,-0.034208454,-0.05009095
1944.0,-2.2960393,9.382876,0.94810385,0.3359759,-0.029321533,-0.05009095
1951.0,-2.3918076,9.313444,0.9696517,0.26389378,-0.037873644,-0.04153884
1962.0,-2.4396915,9.394848,0.89064306,0.14538592,-0.036651913,-0.05497787
1972.0,-2.4396915,9.40203,1.0247183,0.019547688,-0.04520403,-0.08307768
1983.0,-2.3798366,9.337387,1.1348516,-0.089186326,-0.04886922,-0.09040806
1993.0,-2.4037786,9.287108,1.1755531,-0.14660765,-0.062308256,-0.09285152
2005.0,-2.4851813,9.370906,1.1779473,-0.14905111,-0.0720821,-0.09407325
2014.0,-2.4468741,9.239224,1.0462662,-0.1160644,-0.07574729,-0.07941248
2023.0,-2.4588451,9.323022,1.1827357,-0.058643065,-0.0720821,-0.07086037
2034.0,-2.5330653,9.370906,1.1372458,0.009773844,-0.064751714,-0.07086037
2059.0,-2.6240451,9.500193,1.2856863,0.059864793,-0.059864793,-0.057421334
2059.0,-2.5833437,9.548077,1.3455414,0.09285152,-0.05497787,-0.04153884
2061.0,-2.5785553,9.397242,1.460463,0.1001819,-0.04886922,-0.017104227
2071.0,-2.6503813,9.320627,1.4030021,0.081855945,-0.04886922,0.002443461
2081.0,-2.6743233,9.308656,1.388637,0.047647487,-0.058643065,0.014660766
2092.0,-2.5833437,9.26556,1.4077905,-0.004886922,-0.06719518,0.02076942
2102.0,-2.5306711,9.421184,1.3934253,-0.05009095,-0.06719518,0.008552114
2112.0,-2.6048915,9.392453,1.4293385,-0.07574729,-0.062308256,-0.008552114
2124.0,-2.5330653,9.325416,1.4867992,-0.080634214,-0.05497787,-0.010995574
2131.0,-2.554613,9.375694,1.364695,-0.073303826,-0.04886922,-0.0061086523
2142.0,-2.44448,9.227253,1.364695,-0.073303826,-0.034208454,0.0036651916
2153.0,-2.5139117,9.129091,1.400608,-0.081855945,-0.019547688,0.017104227
2163.0,-2.4660277,9.14585,1.5275006,-0.09896017,-0.0036651916,0.029321533
2172.0,-2.4013844,9.220071,1.5442601,-0.112399206,0.013439035,0.037873644
2185.0,-2.554613,9.294291,1.5993267,-0.12339478,0.02565634,0.04642576
2193.0,-2.5115175,9.263166,1.5729905,-0.14172074,0.037873644,0.05375614
2203.0,-2.4540567,9.251195,1.5346833,-0.15760323,0.05009095,0.04520403
2214.0,-2.528277,9.224859,1.532289,-0.15760323,0.06352998,0.035430185
2223.0,-2.566584,9.308656,1.42455,-0.15149458,0.0720821,0.030543262
2234.0,-2.5785553,9.483433,1.5705963,-0.14049901,0.07819075,0.028099801
2245.0,-2.5210943,9.416395,1.5298948,-0.118507855,0.087964594,0.02076942
2255.0,-2.4971523,9.375694,1.520318,-0.07696902,0.087964594,0.017104227
2264.0,-2.4588451,9.423578,1.472434,-0.03176499,0.09040806,0.018325957
2272.0,-2.396596,9.435549,1.376666,0.012217305,0.081855945,0.017104227
2285.0,-2.3582888,9.378088,1.3742718,0.035430185,0.08307768,0.02687807
2294.0,-2.4181437,9.368511,1.3383588,0.029321533,0.07696902,0.03176499
2306.0,-2.4181437,9.344569,1.3982137,0.0036651916,0.0720821,0.02565634
2314.0,-2.4708161,9.414001,1.328782,-0.02443461,0.061086524,0.02076942
2324.0,-2.4109612,9.394848,1.3335704,-0.03176499,0.047647487,0.017104227
2332.0,-2.396596,9.3661175,1.4053963,-0.028099801,0.035430185,0.028099801
2343.0,-2.3942018,9.363723,1.460463,-0.010995574,0.02565634,0.028099801
2353.0,-2.336741,9.414001,1.4437037,0.015882496,0.0036651916,0.021991149
2363.0,-2.3678656,9.55047,1.4796166,0.032986723,-0.010995574,0.02321288
2374.0,-2.3247697,9.572019,1.508347,0.04642576,-0.02321288,0.019547688
2385.0,-2.291251,9.500193,1.5777789,0.04520403,-0.030543262,0.02687807
2394.0,-2.3080103,9.416395,1.484405,0.02687807,-0.036651913,0.040317107
2405.0,-2.3678656,9.488221,1.4915876,0.0,-0.04642576,0.039095376
2414.0,-2.3918076,9.540894,1.5107412,-0.03176499,-0.052534413,0.029321533
2426.0,-2.3175871,9.52174,1.5658079,-0.06719518,-0.059864793,0.02321288
2431.0,-2.2864625,9.672575,1.5586253,-0.09773844,-0.056199603,0.012217305
2444.0,-2.315193,9.507375,1.5849615,-0.10751228,-0.042760566,0.002443461
2452.0,-2.3199813,9.385271,1.7190368,-0.096516706,-0.035430185,0.004886922
2464.0,-2.4133554,9.315839,1.7525556,-0.07574729,-0.018325957,0.008552114
2474.0,-2.468422,9.25359,1.697489,-0.05131268,-0.012217305,0.007330383
2487.0,-2.504335,9.387665,1.6831238,-0.047647487,-0.012217305,0.013439035
2495.0,-2.3918076,9.397242,1.6400281,-0.08674286,-0.007330383,0.028099801
2504.0,-2.4540567,9.251195,1.7477672,-0.14782938,0.0012217305,0.029321533
2512.0,-2.4827871,9.241618,1.7357962,-0.19181168,0.010995574,0.019547688
2525.0,-2.6048915,9.301474,1.934515,-0.16249016,0.03176499,0.017104227
2534.0,-2.5354595,9.41879,1.9393034,-0.095294975,0.04153884,0.013439035
2546.0,-2.4253263,9.382876,1.9512744,-0.007330383,0.056199603,0.02443461
2554.0,-2.4660277,9.409213,1.8602947,0.06352998,0.07574729,0.04886922
2564.0,-2.4133554,9.390059,1.8004397,0.09896017,0.09040806,0.05375614
2572.0,-2.4372973,9.344569,1.6879122,0.09896017,0.1001819,0.04642576
2583.0,-2.4037786,9.308656,1.5251064,0.06719518,0.11728613,0.05497787
2596.0,-2.3678656,9.232041,1.5275006,0.02321288,0.12705997,0.056199603
2604.0,-2.2960393,9.23683,1.5298948,-0.007330383,0.12339478,0.037873644
2614.0,-2.219425,9.380483,1.4437037,-0.012217305,0.11362094,0.021991149
2625.0,-2.303222,9.428367,1.3838485,0.012217305,0.095294975,0.02443461
2635.0,-2.2050598,9.43076,1.3000516,0.05131268,0.07574729,0.030543262
2645.0,-2.2481554,9.368511,1.1707647,0.09162979,0.056199603,0.035430185
2657.0,-2.1787236,9.354146,1.0773908,0.105068825,0.034208454,0.042760566
2666.0,-2.147599,9.382876,1.0390835,0.080634214,0.012217305,0.039095376
2674.0,-2.1308396,9.289502,0.9983821,0.02076942,-0.0036651916,0.028099801
2684.0,-2.1164744,9.270349,1.1180922,-0.05375614,-0.008552114,0.02076942
2693.0,-2.2050598,9.208099,1.1803415,-0.11484267,-0.019547688,0.02321288
2705.0,-2.255338,9.136273,1.4389153,-0.15393804,-0.02443461,0.030543262
2714.0,-2.2385786,9.150639,1.6065093,-0.16493362,-0.030543262,0.036651913
2726.0,-2.2744915,9.095572,1.6687586,-0.15027285,-0.035430185,0.043982297
2732.0,-2.2960393,9.062054,1.7022774,-0.12461651,-0.035430185,0.05131268
2744.0,-2.2840683,9.136273,1.7717092,-0.09407325,-0.034208454,0.04886922
2754.0,-2.267309,9.212888,1.7908629,-0.062308256,-0.028099801,0.04520403
2765.0,-2.3175871,9.272743,1.8148049,-0.040317107,-0.02443461,0.05131268
2775.0,-2.2505496,9.227253,1.7717092,-0.036651913,-0.015882496,0.059864793
2786.0,-2.315193,9.296685,1.7717092,-0.04153884,-0.004886922,0.062308256
2793.0,-2.3439236,9.423578,1.7669208,-0.04886922,0.002443461,0.065973446
2806.0,-2.3008277,9.414001,1.7788919,-0.06352998,0.002443461,0.06841691
2813.0,-2.2529438,9.516952,1.7262194,-0.096516706,0.0012217305,0.059864793
2826.0,-2.2601264,9.569624,1.7142484,-0.14049901,0.0036651916,0.04520403
2833.0,-2.2649148,9.643845,1.7166426,-0.18081611,0.004886922,0.028099801
2844.0,-2.2002714,9.64145,1.7908629,-0.18936823,0.012217305,0.013439035
2855.0,-2.2577322,9.483433,1.7597382,-0.15393804,0.009773844,0.015882496
2865.0,-2.1332338,9.394848,1.6543933,-0.10140363,0.0061086523,0.034208454
2874.0,-2.243367,9.392453,1.7812861,-0.04520403,0.008552114,0.04153884
2885.0,-2.2409728,9.437943,1.7525556,0.010995574,0.007330383,0.036651913
2895.0,-2.1571758,9.49301,1.7118542,0.061086524,0.004886922,0.039095376
2907.0,-2.1811178,9.476251,1.745373,0.09040806,0.004886922,0.037873644
2914.0,-2.2290018,9.531317,1.7525556,0.09162979,0.0036651916,0.02321288
2925.0,-2.2170308,9.593566,1.7525556,0.06841691,0.0036651916,0.0036651916
2933.0,-2.1763294,9.555259,1.7621324,0.043982297,0.0,-0.013439035
2943.0,-2.147599,9.380483,1.7286136,0.010995574,0.004886922,-0.017104227
2954.0,-2.1906946,9.452309,1.8315643,-0.010995574,-0.002443461,-0.034208454
2965.0,-2.2002714,9.533711,1.8171991,-0.017104227,-0.004886922,-0.05009095
2975.0,-2.2170308,9.469068,1.7357962,-0.02443461,-0.0061086523,-0.04520403
2985.0,-2.2385786,9.488221,1.6639702,-0.039095376,-0.002443461,-0.040317107
2995.0,-2.2888567,9.459491,1.7118542,-0.04153884,0.0012217305,-0.043982297
3003.0,-2.2170308,9.3733,1.7310078,-0.02443461,0.004886922,-0.040317107
3014.0,-2.3104045,9.320627,1.6376339,0.002443461,0.0012217305,-0.02565634
