41.0,2.3894134,-0.92416185,9.428367,-0.017104227,0.010995574,-0.047647487
60.0,1.9536686,-1.1013328,9.428367,0.15515977,0.1441642,-0.06963864
60.0,1.5753847,-1.0893618,9.533711,-0.021991149,-0.26389378,-0.28710666
60.0,1.661576,-0.9768343,9.452309,-0.18570304,-0.33964106,-0.36651915
66.0,1.8124107,-0.8738836,9.461885,-0.14905111,0.4813618,-0.039095376
80.0,1.9369092,-0.9792285,9.52174,-0.23945917,0.52534413,-0.032986723
85.0,1.9249382,-0.9864111,9.531317,-0.3115413,0.36651915,-0.0842994
95.0,1.8531121,-0.9792285,9.531317,-0.32253686,0.21135938,-0.14049901
105.0,1.8100165,-0.90740246,9.533711,-0.312763,0.19303341,-0.13316862
115.0,1.8866309,-0.94810385,9.425972,-0.31031954,0.17470746,-0.103847094
128.0,1.8698715,-0.90021986,9.375694,-0.32253686,0.1563815,-0.065973446
135.0,1.9009962,-0.90021986,9.416395,-0.3359759,0.14660765,-0.042760566
145.0,1.8339585,-1.055843,9.406818,-0.35308012,0.13927728,-0.030543262
157.0,1.7262194,-1.1659763,9.464279,-0.37384954,0.13439035,-0.015882496
165.0,1.6328455,-1.3192052,9.428367,-0.37995818,0.12461651,-0.002443461
175.0,1.6160861,-1.3215994,9.449914,-0.36651915,0.103847094,0.0061086523
186.0,1.6448165,-1.3215994,9.440337,-0.3408628,0.07696902,0.02076942
195.0,1.7764976,-1.364695,9.437943,-0.31887165,0.04886922,0.042760566
205.0,1.8148049,-1.4652514,9.452309,-0.31398472,0.03176499,0.065973446
215.0,1.8746599,-1.5346833,9.49301,-0.3115413,0.02076942,0.07574729
226.0,1.8986019,-1.5993267,9.531317,-0.30665436,0.013439035,0.073303826
236.0,1.8698715,-1.541866,9.581595,-0.29443705,0.008552114,0.07574729
247.0,1.8459295,-1.6448165,9.5385,-0.2773328,0.0061086523,0.09040806
256.0,1.8746599,-1.5729905,9.423578,-0.2761111,0.013439035,0.10629055
265.0,1.8602947,-1.5897499,9.3421755,-0.28099802,0.019547688,0.1160644
276.0,1.769315,-1.4628572,9.315839,-0.28955013,0.019547688,0.112399206
286.0,1.7262194,-1.3503298,9.19134,-0.30665436,0.014660766,0.10873401
296.0,1.7549498,-1.3479356,9.143456,-0.3359759,0.0036651916,0.11362094
308.0,1.7812861,-1.3982137,9.205706,-0.36651915,0.0,0.12217305
316.0,1.8267759,-1.6328455,9.267955,-0.3848451,-0.0036651916,0.12583824
327.0,1.8219875,-1.6448165,9.368511,-0.39461896,-0.010995574,0.12095132
336.0,1.8363527,-1.6639702,9.315839,-0.39950588,-0.014660766,0.10995574
346.0,1.8698715,-1.6903064,9.325416,-0.4092797,-0.02076942,0.09773844
356.0,1.8219875,-1.7405846,9.394848,-0.42760566,-0.017104227,0.089186326
367.0,1.7717092,-1.6256629,9.284714,-0.43982297,-0.015882496,0.07819075
376.0,1.757344,-1.6256629,9.186552,-0.43982297,-0.015882496,0.06719518
386.0,1.6663644,-1.5945383,9.107543,-0.44104472,-0.02076942,0.065973446
396.0,1.7405846,-1.6472107,8.978256,-0.4569272,-0.030543262,0.065973446
406.0,1.7405846,-1.70946,9.011775,-0.47525316,-0.04153884,0.057421334
416.0,1.8171991,-1.6998832,8.971074,-0.48502702,-0.05497787,0.043982297
428.0,1.8411411,-1.8579005,9.021352,-0.48991394,-0.06963864,0.042760566
436.0,1.8148049,-1.982399,9.050082,-0.49113566,-0.07452556,0.047647487
446.0,1.9656396,-2.0135236,9.119514,-0.47525316,-0.08552113,0.04520403
456.0,1.9728222,-1.9632454,9.148245,-0.44348818,-0.09896017,0.02565634
466.0,2.1068976,-1.9895816,9.078813,-0.40683624,-0.10629055,0.010995574
476.0,2.1188686,-2.0111294,9.02614,-0.39828414,-0.111177474,0.010995574
487.0,2.0853498,-1.99437,8.987833,-0.4166101,-0.11484267,-0.0012217305
496.0,2.0446482,-1.9440918,9.038112,-0.4447099,-0.12095132,-0.036651913
506.0,2.1092918,-2.0590134,9.090784,-0.47647488,-0.14172074,-0.065973446
517.0,2.1404164,-2.2960393,9.102755,-0.516792,-0.1563815,-0.07086037
527.0,2.1763294,-2.384625,9.14585,-0.51923543,-0.17959438,-0.07086037
537.0,2.1212628,-2.540248,9.227253,-0.51923543,-0.17959438,-0.07086037
547.0,2.1739352,-2.6360161,9.224859,-0.47403142,-0.19547687,-0.07941248
557.0,2.2026656,-2.731784,9.251195,-0.4251622,-0.20769419,-0.07819075
566.0,2.3463178,-2.6384103,9.334992,-0.344528,-0.22724187,-0.059864793
577.0,2.4133554,-2.621651,9.258378,-0.32375857,-0.23335053,-0.047647487
586.0,2.3798366,-2.540248,9.28232,-0.31642818,-0.2321288,-0.035430185
597.0,2.4109612,-2.5785553,9.392453,-0.31031954,-0.22968534,-0.02321288
607.0,2.4253263,-2.6288335,9.44752,-0.3115413,-0.22602014,-0.002443461
616.0,2.432509,-2.8491,9.485827,-0.31642818,-0.21868975,0.030543262
627.0,2.4372973,-2.9951463,9.464279,-0.3115413,-0.204029,0.062308256
637.0,2.384625,-3.0430303,9.435549,-0.28344148,-0.18936823,0.06963864
648.0,2.3104045,-2.9616275,9.370906,-0.2406809,-0.17959438,0.056199603
659.0,2.267309,-2.7246015,9.239224,-0.21624629,-0.17592919,0.04642576
669.0,2.2768857,-2.6360161,9.196129,-0.21502456,-0.17470746,0.052534413
679.0,2.3558946,-2.6288335,9.167398,-0.22479841,-0.17592919,0.062308256
689.0,2.4636335,-2.6264393,9.0716305,-0.25534168,-0.17715092,0.07574729
697.0,2.5139117,-2.707842,9.0429,-0.29077184,-0.17348573,0.087964594
707.0,2.5210943,-2.8275523,9.121908,-0.312763,-0.16737708,0.089186326
719.0,2.4827871,-2.9951463,9.006987,-0.31031954,-0.15882497,0.07696902
731.0,2.3702598,-2.9951463,8.9279785,-0.28221974,-0.15882497,0.06352998
737.0,2.3199813,-2.9017725,8.820239,-0.25900686,-0.16615535,0.057421334
748.0,2.3558946,-2.837129,8.748413,-0.26267207,-0.172264,0.05375614
760.0,2.420538,-2.8203697,8.676587,-0.312763,-0.18203785,0.05375614
769.0,2.4013844,-2.7365725,8.669404,-0.4202753,-0.19058995,0.05375614
780.0,2.3750482,-2.6024973,8.755595,-0.57910025,-0.19425514,0.042760566
789.0,2.3822308,-2.360683,8.959103,-0.79412484,-0.19914207,0.02076942
799.0,2.4229321,-2.2577322,9.088389,-1.0824533,-0.19303341,-0.004886922
810.0,2.5115175,-2.2266076,9.380483,-1.4538593,-0.16126843,-0.021991149
819.0,2.5019407,-2.4013844,9.672575,-1.8765781,-0.095294975,-0.04153884
829.0,2.2720973,-2.8802247,9.76116,-2.3261747,0.004886922,-0.06963864
840.0,1.8387469,-3.454833,9.828198,-2.7550023,0.118507855,-0.10995574
851.0,1.376666,-4.000711,9.892841,-3.1764994,0.2284636,-0.15027285
858.0,1.0821792,-4.6016555,10.156203,-3.595553,0.32986724,-0.1881465
869.0,0.90500826,-5.0517654,10.553641,-3.9681807,0.4361578,-0.22113322
880.0,0.80205756,-5.734113,10.941502,-4.2479568,0.53878313,-0.23823744
890.0,0.62728083,-6.3589997,11.08276,-4.4275513,0.6658431,-0.20525073
899.0,0.33518824,-7.228095,11.061212,-4.509407,0.8197812,-0.10751228
910.0,-0.038307227,-8.111555,10.896012,-4.5167375,0.97127575,0.04153884
919.0,-0.3184288,-9.01417,10.498574,-4.500855,1.1215485,0.20769419
930.0,-0.5506664,-9.842564,10.184934,-4.473977,1.2486086,0.35918877
938.0,-0.6919243,-10.326192,9.861717,-4.4092255,1.3377949,0.45814893
950.0,-0.6655881,-10.728417,9.615114,-4.3114867,1.4159856,0.5644395
960.0,-0.7613561,-11.408371,9.32781,-4.1868706,1.500285,0.7415904
971.0,-0.8834604,-12.588713,9.181764,-3.9681807,1.5735888,0.99204516
978.0,-0.93852705,-14.109031,9.184157,-3.6199875,1.6285667,1.3096951
989.0,-0.89064306,-15.253459,9.066842,-3.1801646,1.6786577,1.6713274
1000.0,-0.7015011,-15.801731,8.944737,-2.6279423,1.709201,1.9706513
1009.0,-0.30885202,-15.974113,8.4108305,-1.9547688,1.709201,2.162463
1018.0,0.0,-15.861587,7.7308774,-1.2486086,1.6835446,2.3335052
1032.0,0.1388637,-15.85201,7.062895,-0.6218608,1.6920967,2.5607471
1039.0,0.20829555,-15.811308,6.6247563,-0.13072516,1.7275269,2.8417451
1066.0,0.18914193,-15.612589,6.3182983,0.22235495,1.7715092,3.114191
1066.0,0.18914193,-15.105019,6.14831,0.47647488,1.8118263,3.3402112
1066.0,0.23702596,-14.549563,6.10282,0.63041294,1.8301523,3.540575
1078.0,0.33518824,-14.03481,5.90889,0.66339964,1.8655825,3.7555995
1089.0,0.61770403,-13.352463,5.554548,0.6243043,1.8533652,3.9828415
1099.0,0.7757214,-12.880805,5.1235914,0.61086524,1.8509218,4.1502185
1108.0,0.521936,-12.524069,4.7309427,0.6792821,1.8643607,4.261396
1119.0,-0.019153614,-12.265495,4.2425256,0.784351,1.8924606,4.384791
1130.0,-0.33279404,-11.930307,3.8379054,0.8979719,1.890017,4.5032988
1139.0,-0.4357447,-11.250354,3.5051112,1.0250319,1.8411479,4.579046
1150.0,-0.4165911,-10.414778,3.1675289,1.1679744,1.772731,4.6230283
1159.0,-0.51954174,-9.595961,3.052607,1.3072516,1.7250835,4.6352453
1170.0,-0.78529817,-8.947132,2.8993783,1.4257594,1.6835446,4.5888195
1178.0,-0.9792285,-7.9511437,2.765303,1.5112807,1.6358972,4.49719
1188.0,-1.1420342,-7.2664022,2.432509,1.5858061,1.5552629,4.397008
1198.0,-1.2473791,-6.531382,2.2242134,1.6383406,1.4672983,4.3725734
1210.0,-1.4389153,-6.2392898,2.0566192,1.6969837,1.3805555,4.384791
1219.0,-1.436521,-6.136339,2.054225,1.8020525,1.3084733,4.390899
1230.0,-1.4652514,-5.791574,1.9752164,1.9730947,1.2388347,4.388456
1240.0,-1.4077905,-5.3007627,2.0278888,2.2675319,1.17897,4.318817
1250.0,-1.5682021,-4.4963107,1.9967642,2.637716,1.1349876,4.1954226
1259.0,-2.0590134,-3.442862,1.9919758,2.9455922,1.1410962,4.0610323
1270.0,-2.504335,-2.44448,2.0470424,3.119078,1.1606439,3.9339721
1281.0,-3.0573955,-1.7717092,1.9847932,3.1227431,1.1484267,3.844786
1290.0,-3.265691,-1.5705963,1.7142484,2.9859092,1.1068878,3.8020253
1298.0,-3.2130187,-1.1468226,1.5825673,2.7843237,1.0067059,3.7507126
1308.0,-3.0238767,-0.5243302,1.2904748,2.6132815,0.8857546,3.6163223
1319.0,-3.0430303,0.11731588,1.1779473,2.542421,0.8002335,3.4012976
1331.0,-3.3446999,0.7685388,0.9983821,2.5534167,0.7489208,3.1606169
1339.0,-3.8283286,1.3503298,1.1444284,2.5900686,0.7171558,2.933375
1349.0,-4.321534,1.8219875,1.4341269,2.6218336,0.6976081,2.742785
1359.0,-4.6591167,2.1739352,1.5658079,2.6768115,0.62796944,2.5949554
1370.0,-4.8722005,2.707842,1.7836803,2.769663,0.5839872,2.4715607
1379.0,-4.8841715,3.2345665,1.7812861,2.8661797,0.52778757,2.3628268
1390.0,-4.9679685,3.8115692,1.769315,2.9077187,0.43371433,2.2858577
1399.0,-5.1116204,4.19943,1.7884687,2.9064968,0.37751472,2.2064452
1407.0,-5.461174,4.268862,1.5370775,2.8441887,0.35063666,2.1087067
1421.0,-6.0716953,4.19943,1.6400281,2.7317894,0.35308012,1.9657644
1430.0,-6.600814,4.307169,1.6112977,2.5668557,0.3408628,1.5760323
1439.0,-6.7971387,4.5561657,1.8483237,2.5411994,0.27366763,1.428203
1451.0,-6.7109475,5.035006,1.8004397,2.475226,0.19547687,1.328021
1459.0,-6.727707,5.3486466,1.8674773,2.3383923,0.13561209,1.2302825
1469.0,-6.9407907,5.580884,1.9536686,2.098933,0.10873401,1.1325442
1480.0,-7.383718,5.4899044,1.8938135,1.7837266,0.1160644,1.0262536
1490.0,-7.740454,5.231331,1.9728222,1.5100589,0.12217305,0.8918633
1499.0,-7.9367785,5.011064,2.1260512,1.3231341,0.10262536,0.7855727
1511.0,-7.9942393,5.0062757,1.8818425,1.2095132,0.05009095,0.7305948
1532.0,-7.9726915,5.207389,1.9416976,1.1997393,0.014660766,0.6536258
1532.0,-7.9272017,5.3821654,2.0278888,1.2082914,0.013439035,0.60231316
1537.0,-7.8505874,5.159505,2.1739352,1.1899655,0.0061086523,0.61453044
1548.0,-7.788338,4.9775453,2.327164,1.142318,-0.002443461,0.61086524
1558.0,-7.85777,5.1786585,2.5809495,1.1068878,0.0,0.56077427
1569.0,-7.9152308,5.4204726,2.5761611,1.0665708,-0.0036651916,0.5180137
1578.0,-7.929596,5.674258,2.4899697,0.9957104,-0.017104227,0.4813618
1589.0,-7.967903,5.7149596,2.4779987,0.88697636,-0.019547688,0.42394048
1599.0,-7.893683,5.523423,2.4037786,0.71959925,-0.004886922,0.36041048
1610.0,-7.8505874,5.2600613,2.4301147,0.5314528,0.012217305,0.2932153
1619.0,-7.81228,5.183447,2.336741,0.3726278,0.02443461,0.23090707
1631.0,-7.7093296,5.0661306,2.384625,0.2761111,0.02321288,0.18936823
1640.0,-7.513005,5.0757074,2.4995465,0.29443705,0.035430185,0.1563815
1649.0,-7.40766,4.972757,2.4061728,0.38973203,0.030543262,0.18203785
1658.0,-7.5944076,5.046977,2.3918076,0.50946164,0.06352998,0.2284636
1669.0,-7.6949644,4.8817773,2.2625206,0.61819565,0.103847094,0.26267207
1679.0,-7.687782,4.9224787,2.195483,0.67073005,0.119729586,0.28955013
1691.0,-7.6949644,5.0781016,1.982399,0.66706485,0.10995574,0.27855456
1698.0,-7.587225,5.353435,1.6639702,0.6047566,0.09896017,0.24190263
1709.0,-7.455544,5.4180784,1.5346833,0.48258355,0.09285152,0.20158553
1720.0,-7.4028716,5.415684,1.5370775,0.3371976,0.096516706,0.1563815
1731.0,-7.5106106,5.327099,1.5610195,0.204029,0.10995574,0.12217305
1741.0,-7.654263,5.133168,1.7022774,0.09773844,0.112399206,0.09896017
1753.0,-7.750031,5.011064,1.6663644,0.028099801,0.11362094,0.07819075
1760.0,-7.807492,4.9679685,1.7477672,0.0061086523,0.1160644,0.06352998
1772.0,-7.7572136,4.939238,1.757344,0.037873644,0.112399206,0.062308256
1780.0,-7.5920134,4.807557,1.7549498,0.12461651,0.09285152,0.06841691
1790.0,-7.491457,4.999093,1.7477672,0.2321288,0.089186326,0.06719518
1800.0,-7.469909,5.149928,1.7477672,0.312763,0.09773844,0.065973446
1811.0,-7.5106106,5.3318872,1.6400281,0.36774087,0.09285152,0.05375614
1822.0,-7.6255326,5.451597,1.4796166,0.37995818,0.09162979,0.040317107
1831.0,-7.577648,5.3941364,1.3455414,0.3408628,0.095294975,0.030543262
1841.0,-7.587225,5.398925,1.2330139,0.26389378,0.08674286,0.012217305
1851.0,-7.639898,5.4539914,1.2808979,0.16615535,0.09162979,-0.007330383
1861.0,-7.73806,5.391742,1.3670892,0.059864793,0.09407325,-0.014660766
1871.0,-7.6590514,5.363012,1.5059528,-0.040317107,0.08674286,-0.02321288
1881.0,-7.675811,5.3701944,1.5179238,-0.10751228,0.081855945,-0.037873644
1889.0,-7.6710224,5.231331,1.685518,-0.12217305,0.08307768,-0.039095376
1901.0,-7.6710224,5.12838,1.6998832,-0.09896017,0.0720821,-0.029321533
1911.0,-7.642292,5.0637364,1.6232687,-0.056199603,0.05375614,-0.02321288
1920.0,-7.7931266,5.1523223,1.5801731,-0.010995574,0.043982297,-0.021991149
1933.0,-7.9032598,5.21936,1.5059528,0.02076942,0.035430185,-0.02565634
1941.0,-8.082825,5.3223104,1.5059528,0.04520403,0.030543262,-0.034208454
1951.0,-8.010999,5.2241483,1.4987702,0.047647487,0.029321533,-0.02076942
1959.0,-8.027759,5.255273,1.6017209,0.021991149,0.039095376,-0.010995574
1970.0,-7.9990277,5.2409077,1.5873557,-0.008552114,0.037873644,-0.012217305
1980.0,-7.9008656,5.3366756,1.6376339,-0.03176499,0.037873644,-0.0061086523
1991.0,-7.809886,5.379771,1.6687586,-0.036651913,0.029321533,0.0036651916
2000.0,-7.7548194,5.4659624,1.673547,-0.037873644,0.018325957,0.017104227
2010.0,-7.821857,5.4922986,1.6759412,-0.03176499,0.013439035,0.02687807
2021.0,-7.833828,5.398925,1.7046716,-0.02443461,0.004886922,0.03176499
2030.0,-7.8745294,5.470751,1.6376339,-0.014660766,-0.002443461,0.029321533
2040.0,-7.9008656,5.5018754,1.6687586,0.002443461,-0.013439035,0.02443461
2069.0,-7.9726915,5.3678,1.6879122,0.018325957,-0.010995574,0.02443461
2069.0,-7.9583263,5.3486466,1.6232687,0.02443461,-0.012217305,0.02443461
2069.0,-7.872135,5.4204726,1.6089035,0.02443461,-0.008552114,0.015882496
2078.0,-7.716512,5.386954,1.6400281,0.034208454,-0.0061086523,0.012217305
2091.0,-7.6614456,5.33907,1.7597382,0.028099801,-0.0036651916,0.02565634
2100.0,-7.6494746,5.494693,1.721431,0.0036651916,0.0,0.02321288
2110.0,-7.687782,5.386954,1.7118542,-0.015882496,0.007330383,0.02321288
2119.0,-7.6829934,5.291186,1.7717092,-0.030543262,0.010995574,0.039095376
2131.0,-7.8050976,5.353435,1.6879122,-0.03176499,0.013439035,0.040317107
2139.0,-7.69257,5.2983685,1.6591818,-0.02076942,0.014660766,0.036651913
2154.0,-7.747637,5.329493,1.5849615,-0.010995574,0.013439035,0.032986723
2160.0,-7.8266454,5.3678,1.5298948,0.0012217305,0.012217305,0.02443461
2170.0,-7.81228,5.3342814,1.5586253,0.010995574,0.004886922,0.021991149
2180.0,-7.699753,5.315128,1.5155296,0.02565634,-0.0061086523,0.014660766
2190.0,-7.7093296,5.4420204,1.5107412,0.037873644,-0.008552114,0.0036651916
2201.0,-7.687782,5.5497594,1.5131354,0.04153884,-0.010995574,0.0061086523
2212.0,-7.668628,5.535394,1.5035586,0.034208454,-0.02321288,0.013439035
2222.0,-7.6710224,5.4779334,1.6089035,0.009773844,-0.019547688,0.028099801
2235.0,-7.642292,5.317522,1.6783354,-0.03176499,-0.019547688,0.035430185
2240.0,-7.78355,5.401319,1.7477672,-0.03176499,-0.019547688,0.035430185
2252.0,-7.7548194,5.439626,1.7525556,-0.035430185,-0.018325957,0.018325957
2261.0,-7.8146744,5.365406,1.673547,-0.02687807,-0.02687807,0.0012217305
2271.0,-7.752425,5.3821654,1.757344,-0.007330383,-0.03176499,-0.009773844
2281.0,-7.7667904,5.482722,1.70946,0.013439035,-0.034208454,-0.009773844
2291.0,-7.795521,5.463568,1.7190368,0.028099801,-0.032986723,-0.009773844
2302.0,-7.7189064,5.5042696,1.6998832,0.064751714,-0.03176499,0.004886922
2313.0,-7.6494746,5.497087,1.8004397,0.06841691,-0.02321288,0.021991149
2321.0,-7.6470804,5.5760956,1.745373,0.06719518,-0.014660766,0.019547688
2333.0,-7.6734166,5.5737014,1.757344,0.07086037,-0.012217305,0.013439035
2342.0,-7.728483,5.535394,1.7381904,0.06841691,-0.008552114,0.008552114
2354.0,-7.73806,5.5760956,1.6112977,0.058643065,-0.0012217305,-0.0061086523
2362.0,-7.831434,5.638345,1.5921441,0.037873644,-0.004886922,-0.012217305
2370.0,-7.771579,5.4420204,1.6136919,0.008552114,-0.008552114,-0.019547688
2380.0,-7.7332716,5.403713,1.6112977,-0.0036651916,-0.012217305,-0.029321533
2392.0,-7.690176,5.3486466,1.6639702,0.009773844,-0.014660766,-0.030543262
2401.0,-7.668628,5.3845596,1.6543933,0.035430185,-0.014660766,-0.02565634
2411.0,-7.6375036,5.3678,1.721431,0.0720821,-0.013439035,-0.02443461
2421.0,-7.6470804,5.422867,1.7836803,0.10873401,-0.004886922,-0.014660766
2432.0,-7.6710224,5.377377,1.733402,0.13805555,0.002443461,-0.002443461
2442.0,-7.632715,5.446809,1.6998832,0.15515977,0.007330383,-0.0012217305
2451.0,-7.627927,5.497087,1.6663644,0.15760323,0.009773844,-0.009773844
2460.0,-7.762002,5.5282116,1.5634137,0.13927728,0.010995574,-0.017104227
2471.0,-7.728483,5.604826,1.496376,0.089186326,0.010995574,-0.028099801
2481.0,-7.747637,5.6000376,1.5586253,0.036651913,0.0061086523,-0.047647487
2490.0,-7.747637,5.530606,1.5921441,-0.002443461,0.0061086523,-0.05375614
2501.0,-7.7093296,5.439626,1.6663644,-0.02076942,0.008552114,-0.04642576
2512.0,-7.7548194,5.403713,1.6232687,-0.02443461,0.009773844,-0.04153884
2521.0,-7.711724,5.3941364,1.6184803,0.0061086523,0.0036651916,-0.04642576
2533.0,-7.675811,5.518635,1.5753847,0.052534413,0.007330383,-0.04153884
2540.0,-7.788338,5.4444146,1.5777789,0.08552113,0.0061086523,-0.034208454
2549.0,-7.8290396,5.521029,1.532289,0.09285152,0.007330383,-0.036651913
2562.0,-7.809886,5.379771,1.5658079,0.0842994,0.004886922,-0.040317107
2572.0,-7.824251,5.327099,1.5969325,0.07574729,0.0061086523,-0.047647487
2580.0,-7.8266454,5.3079453,1.6352397,0.07086037,0.007330383,-0.05009095
2591.0,-7.869741,5.329493,1.5658079,0.065973446,0.002443461,-0.05009095
2601.0,-7.9224133,5.329493,1.4939818,0.06841691,0.0,-0.05009095
2611.0,-7.9032598,5.329493,1.6184803,0.089186326,-0.004886922,-0.043982297
2621.0,-7.9391727,5.305551,1.6376339,0.13439035,-0.010995574,-0.032986723
2632.0,-7.9391727,5.2959743,1.5705963,0.19425514,-0.014660766,-0.02321288
2642.0,-7.9008656,5.4324436,1.5179238,0.25411993,-0.007330383,-0.018325957
2653.0,-7.929596,5.4539914,1.5921441,0.3042109,-0.0061086523,-0.007330383
2662.0,-7.884106,5.461174,1.5729905,0.344528,-0.0061086523,-0.0036651916
2672.0,-7.8505874,5.470751,1.5825673,0.3726278,-0.004886922,-0.002443461
2682.0,-7.855376,5.5521536,1.5131354,0.37751472,0.0,0.0036651916
2690.0,-7.833828,5.5377884,1.4149733,0.35308012,0.0012217305,0.012217305
2701.0,-7.867347,5.5521536,1.3455414,0.29810223,0.0012217305,0.010995574
2711.0,-7.9487495,5.6239796,1.2569559,0.2321288,0.002443461,0.0
2720.0,-7.8386164,5.571307,1.2689269,0.16126843,0.0,0.0
2731.0,-7.8410106,5.5521536,1.30484,0.081855945,0.002443461,0.004886922
2741.0,-7.8745294,5.475539,1.3383588,0.002443461,0.0061086523,0.0012217305
2752.0,-7.8793178,5.5162406,1.412579,-0.04153884,0.004886922,-0.0036651916
2761.0,-7.848193,5.410896,1.5346833,-0.05497787,0.012217305,0.0012217305
2772.0,-7.833828,5.317522,1.553837,-0.042760566,0.017104227,0.0061086523
2781.0,-7.8290396,5.329493,1.5035586,-0.008552114,0.019547688,0.008552114
2792.0,-7.8146744,5.389348,1.460463,0.032986723,0.028099801,0.009773844
2800.0,-7.7931266,5.422867,1.4030021,0.065973446,0.032986723,0.014660766
2811.0,-7.7428484,5.3678,1.3215994,0.07941248,0.039095376,0.012217305
2820.0,-7.8027034,5.3845596,1.2569559,0.07941248,0.04153884,0.0061086523
2832.0,-7.797915,5.415684,1.2689269,0.062308256,0.047647487,0.0036651916
2841.0,-7.8505874,5.506664,1.2425907,0.03176499,0.047647487,-0.0036651916
2852.0,-7.824251,5.497087,1.2761095,-0.0036651916,0.04520403,-0.008552114
2862.0,-7.7787614,5.470751,1.3192052,-0.02321288,0.037873644,-0.010995574
2872.0,-7.78355,5.4563856,1.3623008,-0.02076942,0.03176499,-0.008552114
2880.0,-7.711724,5.4300494,1.3958195,-0.013439035,0.02565634,0.0036651916
2893.0,-7.7428484,5.33907,1.352724,-0.009773844,0.019547688,0.009773844
2900.0,-7.776367,5.3223104,1.4508862,0.0036651916,0.014660766,0.004886922
2912.0,-7.7332716,5.3558292,1.3096284,0.019547688,0.018325957,0.002443461
2920.0,-7.7213006,5.4085016,1.3503298,0.036651913,0.019547688,0.007330383
2932.0,-7.831434,5.425261,1.3120226,0.04642576,0.02076942,0.012217305
2941.0,-7.8912888,5.391742,1.2880806,0.039095376,0.02076942,0.018325957
2953.0,-7.771579,5.3845596,1.340753,0.02321288,0.014660766,0.015882496
2962.0,-7.8027034,5.6239796,1.3455414,0.004886922,0.0,0.004886922
2971.0,-7.6829934,5.5617304,1.4149733,-0.002443461,-0.0061086523,-0.002443461
2980.0,-7.642292,5.5258174,1.4437037,-0.0036651916,-0.008552114,0.0012217305
2992.0,-7.73806,5.499481,1.42455,0.004886922,-0.007330383,0.0036651916
3000.0,-7.7907324,5.4180784,1.4628572,0.029321533,-0.0012217305,0.0012217305
3012.0,-7.81228,5.4683566,1.4173675,0.052534413,0.004886922,0.004886922
