38.0,1.5442601,-0.28491,9.588778,0.004886922,-0.015882496,0.0012217305
38.0,1.5945383,0.32800564,9.356541,0.17348573,0.13194689,-0.08674286
50.0,0.7685388,-0.33758244,9.526528,0.010995574,-0.2846632,-0.26633725
60.0,0.24420857,-0.842759,9.619903,-0.1282817,-0.36041048,-0.23823744
71.0,0.32561144,-0.9864111,9.725247,-0.09773844,0.4605924,0.07819075
75.0,0.5554548,-0.9696517,9.775525,-0.17959438,0.46670106,-0.09773844
86.0,0.80924016,-0.93852705,9.883265,-0.19792034,0.267559,-0.21013765
95.0,0.8523358,-1.0247183,9.856929,-0.13072516,0.09407325,-0.13439035
107.0,0.91937345,-0.8834604,9.818622,-0.042760566,0.09896017,-0.057421334
115.0,0.8523358,-0.8499416,9.706094,0.0061086523,0.10751228,-0.112399206
125.0,0.7565677,-0.6871359,9.624691,0.0061086523,0.112399206,-0.19425514
134.0,0.7230489,-0.6655881,9.622296,-0.034208454,0.112399206,-0.21135938
146.0,0.7661445,-0.6751649,9.545682,-0.095294975,0.10995574,-0.17959438
155.0,0.78529817,-0.8403648,9.504981,-0.15882497,0.10995574,-0.15882497
165.0,0.7086837,-0.8882488,9.387665,-0.20647246,0.112399206,-0.16737708
175.0,0.5626374,-1.0247183,9.3421755,-0.23335053,0.111177474,-0.18203785
185.0,0.51475334,-1.0534488,9.466674,-0.24312437,0.10995574,-0.17470746
196.0,0.4213795,-1.2042835,9.476251,-0.24801129,0.10995574,-0.15393804
207.0,0.35913026,-1.3359646,9.483433,-0.24556783,0.1001819,-0.13805555
215.0,0.4381389,-1.2641385,9.483433,-0.2321288,0.0842994,-0.13194689
226.0,0.41180268,-1.4317327,9.478644,-0.21502456,0.06352998,-0.12339478
235.0,0.32800564,-1.4030021,9.483433,-0.20525073,0.04642576,-0.112399206
247.0,0.33758244,-1.4532804,9.507375,-0.1881465,0.034208454,-0.103847094
255.0,0.29927522,-1.472434,9.519346,-0.15393804,0.019547688,-0.095294975
266.0,0.272939,-1.5466543,9.543288,-0.11728613,0.0012217305,-0.080634214
276.0,0.23463176,-1.5969325,9.519346,-0.09896017,-0.010995574,-0.062308256
286.0,0.17238252,-1.6232687,9.555259,-0.087964594,-0.02443461,-0.05131268
296.0,0.17956513,-1.5346833,9.490616,-0.08307768,-0.037873644,-0.05131268
307.0,0.20590134,-1.4915876,9.478644,-0.08674286,-0.04886922,-0.052534413
315.0,0.21068975,-1.4867992,9.411607,-0.09896017,-0.052534413,-0.04153884
326.0,0.2896984,-1.5514427,9.440337,-0.10995574,-0.04886922,-0.02443461
335.0,0.25139117,-1.496376,9.483433,-0.10262536,-0.04642576,-0.010995574
346.0,0.2705448,-1.4317327,9.445126,-0.089186326,-0.04153884,0.0012217305
355.0,0.25378537,-1.4987702,9.509769,-0.09407325,-0.034208454,0.015882496
366.0,0.31603462,-1.5394717,9.562442,-0.112399206,-0.028099801,0.028099801
375.0,0.29688102,-1.5011644,9.574412,-0.13927728,-0.02443461,0.030543262
387.0,0.29209262,-1.448492,9.574412,-0.16615535,-0.02076942,0.02565634
396.0,0.33039984,-1.4772224,9.560047,-0.17592919,-0.017104227,0.02321288
407.0,0.24660277,-1.5059528,9.574412,-0.16982053,-0.017104227,0.028099801
416.0,0.28491,-1.5873557,9.629479,-0.15882497,-0.018325957,0.040317107
426.0,0.260968,-1.6639702,9.713276,-0.15149458,-0.014660766,0.05131268
436.0,0.34715924,-1.6184803,9.751583,-0.14294247,-0.015882496,0.057421334
447.0,0.39264908,-1.5897499,9.816227,-0.13439035,-0.014660766,0.056199603
456.0,0.32321724,-1.5705963,9.799467,-0.12705997,-0.014660766,0.058643065
466.0,0.40462008,-1.5634137,9.856929,-0.12217305,-0.010995574,0.06841691
476.0,0.34237084,-1.6879122,9.873688,-0.11728613,-0.010995574,0.080634214
486.0,0.34715924,-1.6711528,9.885659,-0.10629055,-0.009773844,0.089186326
496.0,0.35673606,-1.733402,9.866506,-0.08674286,-0.010995574,0.089186326
508.0,0.3878607,-1.6807296,9.919178,-0.057421334,-0.013439035,0.0842994
516.0,0.40222588,-1.6136919,9.92636,-0.03176499,-0.012217305,0.0842994
525.0,0.46686932,-1.5993267,9.873688,-0.015882496,-0.002443461,0.08674286
536.0,0.48123455,-1.6208745,9.907207,-0.004886922,0.007330383,0.087964594
546.0,0.5602432,-1.6112977,10.0029745,0.004886922,0.017104227,0.08674286
556.0,0.62009823,-1.6567876,9.885659,0.015882496,0.028099801,0.087964594
567.0,0.7158663,-1.5921441,9.935937,0.03176499,0.034208454,0.09162979
576.0,0.82360536,-1.5346833,9.701305,0.042760566,0.04520403,0.09040806
586.0,0.7350199,-1.3623008,9.61272,0.036651913,0.057421334,0.07819075
596.0,0.7086837,-1.2473791,9.588778,0.010995574,0.06841691,0.05009095
607.0,0.7038953,-1.1851299,9.562442,-0.09162979,0.08552113,-0.007330383
616.0,0.62249243,-1.3144168,9.500193,-0.09162979,0.08552113,-0.007330383
627.0,0.6799533,-1.3934253,9.397242,-0.13683382,0.09162979,-0.036651913
636.0,0.5626374,-1.3838485,9.375694,-0.15271631,0.09407325,-0.07086037
646.0,0.46926352,-1.4317327,9.3421755,-0.14782938,0.096516706,-0.10629055
656.0,0.39743748,-1.4221559,9.368511,-0.14660765,0.09040806,-0.14172074
669.0,0.32561144,-1.6041151,9.289502,-0.15515977,0.09040806,-0.14049901
679.0,0.23463176,-1.6807296,9.428367,-0.16493362,0.08552113,-0.14049901
690.0,0.25378537,-1.7286136,9.488221,-0.17348573,0.0720821,-0.13805555
699.0,0.24181437,-1.8411411,9.65821,-0.17470746,0.057421334,-0.12583824
709.0,0.31364042,-1.9416976,9.662998,-0.16615535,0.04886922,-0.10262536
718.0,0.47405192,-2.0446482,9.677363,-0.14538592,0.04153884,-0.07941248
729.0,0.46686932,-1.9416976,9.667787,-0.1160644,0.037873644,-0.06841691
739.0,0.49081135,-1.9800048,9.737218,-0.087964594,0.035430185,-0.059864793
750.0,0.6440403,-1.8626889,9.674969,-0.07941248,0.03176499,-0.04642576
759.0,0.56982,-1.7788919,9.718064,-0.089186326,0.037873644,-0.028099801
768.0,0.60094464,-1.8124107,9.662998,-0.10262536,0.035430185,-0.013439035
779.0,0.62249243,-1.7932571,9.749189,-0.118507855,0.03176499,0.004886922
789.0,0.5793968,-1.8028339,9.746795,-0.13561209,0.034208454,0.02443461
800.0,0.5626374,-1.8387469,9.785102,-0.13805555,0.032986723,0.04153884
812.0,0.5315128,-1.7980455,9.799467,-0.11728613,0.028099801,0.05009095
818.0,0.62249243,-1.8052281,9.751583,-0.08307768,0.017104227,0.057421334
829.0,0.5746084,-1.7549498,9.682152,-0.05375614,0.014660766,0.06963864
840.0,0.6871359,-1.6543933,9.605537,-0.035430185,0.014660766,0.07819075
849.0,0.6464345,-1.6711528,9.464279,-0.02443461,0.018325957,0.07574729
859.0,0.62967503,-1.5586253,9.476251,-0.028099801,0.02443461,0.07574729
869.0,0.6392518,-1.6160861,9.464279,-0.043982297,0.019547688,0.08307768
878.0,0.60094464,-1.6376339,9.519346,-0.07574729,0.028099801,0.09162979
887.0,0.5267244,-1.6519991,9.52174,-0.09407325,0.02443461,0.09285152
898.0,0.50038815,-1.7549498,9.466674,-0.09040806,0.018325957,0.089186326
910.0,0.47165772,-1.757344,9.437943,-0.065973446,0.0061086523,0.087964594
919.0,0.46926352,-1.8171991,9.449914,-0.030543262,-0.008552114,0.09407325
930.0,0.50038815,-1.8339585,9.428367,0.007330383,-0.018325957,0.09896017
939.0,0.5434838,-1.745373,9.425972,0.04520403,-0.02565634,0.09162979
949.0,0.60333884,-1.7836803,9.461885,0.07941248,-0.02687807,0.080634214
960.0,0.7422025,-1.7956513,9.473856,0.10629055,-0.028099801,0.07086037
970.0,0.6823475,-1.7118542,9.459491,0.1160644,-0.029321533,0.065973446
978.0,0.8283938,-1.6567876,9.497798,0.111177474,-0.019547688,0.05497787
990.0,0.79248077,-1.685518,9.569624,0.09040806,-0.012217305,0.042760566
1000.0,0.80924016,-1.7621324,9.586384,0.039095376,0.002443461,0.030543262
1010.0,0.78290397,-1.745373,9.555259,-0.018325957,0.015882496,0.009773844
1018.0,0.7589619,-1.7286136,9.605537,-0.057421334,0.02321288,-0.02076942
1030.0,0.8355764,-1.8459295,9.631873,-0.07452556,0.032986723,-0.04153884
1039.0,0.79966336,-1.9297266,9.591172,-0.080634214,0.037873644,-0.04642576
1070.0,0.82360536,-1.9201498,9.600749,-0.07574729,0.04642576,-0.052534413
1070.0,0.878672,-1.8674773,9.483433,-0.062308256,0.05497787,-0.06719518
1070.0,0.8643068,-1.7669208,9.385271,-0.059864793,0.057421334,-0.08552113
1077.0,0.8858546,-1.5969325,9.375694,-0.081855945,0.058643065,-0.09773844
1088.0,0.8499416,-1.5969325,9.406818,-0.12339478,0.064751714,-0.103847094
1098.0,0.79726917,-1.7118542,9.481039,-0.16615535,0.062308256,-0.111177474
1111.0,0.770933,-1.8435353,9.457097,-0.19425514,0.056199603,-0.118507855
1117.0,0.82360536,-1.9177556,9.476251,-0.19792034,0.058643065,-0.1282817
1127.0,0.7493851,-1.8794483,9.385271,-0.17959438,0.057421334,-0.13805555
1137.0,0.7565677,-1.8698715,9.428367,-0.1600467,0.05497787,-0.14538592
1148.0,0.79726917,-1.8579005,9.351752,-0.15271631,0.05375614,-0.15149458
1158.0,0.7613561,-1.7717092,9.332599,-0.15760323,0.05009095,-0.15515977
1171.0,0.7661445,-1.7597382,9.337387,-0.16982053,0.040317107,-0.1563815
1179.0,0.7278373,-1.7597382,9.346964,-0.18325958,0.030543262,-0.15027285
1188.0,0.6967127,-1.8770541,9.466674,-0.19914207,0.02076942,-0.13927728
1200.0,0.7374141,-2.0590134,9.423578,-0.20158553,-0.004886922,-0.13194689
1212.0,0.6560113,-2.1404164,9.459491,-0.18936823,-0.018325957,-0.1282817
1218.0,0.60573304,-2.1787236,9.495404,-0.1685988,-0.036651913,-0.12339478
1230.0,0.5386954,-2.2242134,9.49301,-0.14049901,-0.064751714,-0.112399206
1239.0,0.5243302,-2.1811178,9.497798,-0.10995574,-0.07819075,-0.09896017
1248.0,0.5530606,-2.1092918,9.435549,-0.07086037,-0.09040806,-0.07696902
1259.0,0.59376204,-2.123657,9.334992,-0.037873644,-0.095294975,-0.04642576
1267.0,0.5746084,-2.0254946,9.3733,-0.021991149,-0.09773844,-0.014660766
1280.0,0.533907,-1.9416976,9.320627,-0.02687807,-0.1001819,0.008552114
1291.0,0.5267244,-1.9153614,9.390059,-0.05375614,-0.087964594,0.02687807
1299.0,0.46926352,-1.9656396,9.3661175,-0.080634214,-0.096516706,0.042760566
1311.0,0.50038815,-2.0254946,9.433155,-0.1001819,-0.1001819,0.058643065
1320.0,0.51235914,-2.0398598,9.500193,-0.09773844,-0.111177474,0.07086037
1331.0,0.48602295,-2.1428106,9.457097,-0.07696902,-0.118507855,0.07941248
1339.0,0.5793968,-2.135628,9.421184,-0.05009095,-0.12461651,0.0842994
1350.0,0.61052144,-2.0326772,9.428367,-0.028099801,-0.12950343,0.081855945
1360.0,0.6368576,-1.8722657,9.452309,-0.021991149,-0.13194689,0.07574729
1369.0,0.59136784,-1.6998832,9.461885,-0.043982297,-0.12950343,0.07086037
1379.0,0.60573304,-1.6017209,9.354146,-0.096516706,-0.1282817,0.06841691
1389.0,0.6607997,-1.4796166,9.349358,-0.18936823,-0.13072516,0.065973446
1400.0,0.6607997,-1.460463,9.332599,-0.32253686,-0.12339478,0.059864793
1412.0,0.59615624,-1.5370775,9.277532,-0.47525316,-0.103847094,0.05009095
1419.0,0.581791,-1.6903064,9.334992,-0.6267477,-0.08307768,0.040317107
1429.0,0.50757074,-1.7597382,9.320627,-0.7623598,-0.06963864,0.03176499
1439.0,0.4405331,-1.7956513,9.409213,-0.8772025,-0.058643065,0.015882496
1449.0,0.29209262,-1.7764976,9.449914,-0.9822713,-0.05009095,-0.0061086523
1460.0,0.02873042,-1.532289,9.473856,-1.1227703,-0.05497787,-0.030543262
1470.0,-0.15322891,-1.1875241,9.562442,-1.3536774,-0.04886922,-0.059864793
1479.0,-0.2633622,-0.9864111,9.677363,-1.7104226,-0.036651913,-0.10140363
1490.0,-0.39264908,-1.1468226,9.785102,-2.175902,0.002443461,-0.15393804
1499.0,-0.5770026,-1.6448165,10.024523,-2.6682594,0.08552113,-0.20647246
1510.0,-0.8331822,-2.5067291,10.493786,-3.4550538,0.32986724,-0.2602286
1520.0,-1.1731589,-3.3207579,11.310209,-3.4550538,0.32986724,-0.2602286
1530.0,-1.4987702,-4.3119574,12.179304,-3.6871827,0.4886922,-0.2602286
1539.0,-1.6663644,-5.463568,12.780249,-3.8374555,0.65484756,-0.21502456
1549.0,-1.769315,-6.95755,13.160927,-3.9474113,0.829555,-0.095294975
1560.0,-2.4396915,-9.674969,13.192051,-3.9498546,1.2144,0.2968805
1570.0,-2.7629087,-10.757148,13.177686,-3.780034,1.3903292,0.47403142
1579.0,-3.0789435,-11.137826,13.127408,-3.563788,1.5467108,0.6096435
1591.0,-3.1866825,-10.8624935,12.856863,-3.3402112,1.6945401,0.73914695
1600.0,-3.2106245,-10.718841,12.571953,-3.150843,1.8118263,0.93462384
1610.0,-3.311181,-11.08276,12.186486,-3.0274482,1.9339994,1.2363913
1619.0,-3.3399115,-11.853693,12.035652,-2.9358184,2.053729,1.6016886
1629.0,-3.5170822,-12.8927765,11.836933,-2.7464502,2.172237,1.9511036
1640.0,-3.5051112,-13.948619,11.676521,-2.3017402,2.2492058,2.2382102
1651.0,-3.3087866,-14.501679,11.343728,-1.5515977,2.2992969,2.5033257
1659.0,-2.9903579,-14.748282,10.833763,-0.5522222,2.3115141,2.7769935
1670.0,-2.5474305,-14.173674,10.163386,0.52534413,2.3115141,3.0176742
1680.0,-2.1763294,-13.000515,9.32781,1.4465289,2.35794,3.2045991
1690.0,-1.9608512,-11.973403,8.678981,2.0378466,2.4373524,3.3426547
1699.0,-1.8602947,-11.042058,8.267179,2.2333233,2.533869,3.4758232
1713.0,-1.8291701,-10.455479,7.8386164,2.1001546,2.6438248,3.6138787
1720.0,-1.7310078,-10.058042,7.517793,1.8191566,2.7207937,3.7507126
1730.0,-1.5993267,-9.976639,7.2711906,1.5442673,2.742785,3.8924334
1739.0,-1.4173675,-9.3661175,6.919243,1.3878858,2.719572,4.0084977
1749.0,-1.2904748,-9.169792,6.3829417,1.4025466,2.7122416,4.0671406
1760.0,-1.5155296,-9.01417,5.853823,1.6517797,2.7049112,4.097684
1771.0,-2.0374656,-8.283937,5.291186,1.998751,2.6780334,4.119675
1779.0,-2.327164,-7.4387846,4.8937483,2.2944098,2.6572638,4.0805798
1789.0,-2.4420857,-6.397307,4.5441947,2.4776695,2.6108382,4.056145
1800.0,-2.2361844,-5.48751,4.3358994,2.5314255,2.525317,4.0989056
1810.0,-1.9249382,-4.9583917,4.3718123,2.5130997,2.3994787,4.147775
1819.0,-1.5490485,-4.630386,4.367024,2.4898868,2.2589796,4.1722097
1830.0,-1.388637,-4.1156325,3.9193082,2.5289822,2.1331415,4.142888
1841.0,-1.7669208,-3.4524388,3.3925838,2.6132815,2.0451767,4.0378194
1850.0,-2.2864625,-2.5905263,2.825158,2.687807,1.9743165,3.8899899
1859.0,-2.5617957,-1.9608512,2.4732103,2.761111,1.8716911,3.7727036
1870.0,-2.5785553,-1.6519991,2.243367,2.8307495,1.7311921,3.7189476
1881.0,-2.5234885,-1.3263878,1.9895816,2.8857274,1.6053538,3.6822958
1891.0,-2.4540567,-0.7637503,1.7812861,3.010344,1.5027285,3.562566
1899.0,-2.5689783,-0.079008654,1.5897499,3.2021556,1.4245378,3.386637
1910.0,-2.741361,0.5363012,1.541866,3.3573153,1.3927728,3.241251
1919.0,-3.0382419,1.2354081,1.460463,3.435506,1.3439035,3.1300735
1929.0,-3.5170822,1.9153614,1.2090719,3.4257324,1.282817,3.0115657
1938.0,-3.8762126,2.7605145,0.92416185,3.3609805,1.2131784,2.8502972
1950.0,-4.0677485,3.4691982,0.82599956,3.2607987,1.1215485,2.6829202
1959.0,-4.3047748,3.9384618,0.6871359,3.128852,1.0274754,2.5631905
1970.0,-4.5034933,4.3287168,0.4285621,2.9798007,0.9309586,2.4581218
1980.0,-4.8267107,4.745308,0.33758244,2.8832839,0.83199847,2.3212879
1989.0,-5.2840033,5.0613422,0.06943185,2.8002062,0.7696902,2.1930063
2000.0,-6.0022635,5.485116,-0.06464344,2.6939158,0.71837753,2.0867157
2014.0,-6.315904,5.6982,-0.074220255,2.5729644,0.61453044,1.9877555
2019.0,-6.3063273,5.7484784,0.08379706,2.4569001,0.5155703,1.8839084
2030.0,-6.3422403,5.765238,0.10295067,2.3127358,0.41905355,1.7886134
2039.0,-6.3925185,5.896919,0.2896984,2.149024,0.35796702,1.6737708
2067.0,-6.5385647,6.2488666,0.37349546,1.9877555,0.2919936,1.5479325
2069.0,-6.742072,6.6295447,0.37110126,1.8289305,0.23090707,1.4453071
2069.0,-6.969521,6.9024835,0.44532153,1.6737708,0.18692477,1.3536774
2081.0,-7.192182,6.801927,0.62728083,1.5271631,0.17104226,1.2791518
2087.0,-7.2209125,6.4260373,0.81163436,1.4135422,0.16493362,1.2168436
2099.0,-7.2951326,6.397307,1.0582372,1.3377949,0.16493362,1.1520919
2109.0,-7.2568254,6.4906807,1.1324574,1.2815952,0.16493362,1.0775663
2119.0,-7.129933,6.8210807,1.1755531,1.2388347,0.15882497,1.0042624
2130.0,-6.95755,7.0581064,1.0941502,1.1716396,0.15882497,0.95417154
2138.0,-6.9144545,7.1131735,1.0127473,1.065349,0.16493362,0.91874135
2149.0,-7.0006456,7.132327,1.0223241,0.9431759,0.16982053,0.88697636
2160.0,-7.1275387,7.055712,0.93134445,0.84299403,0.19303341,0.8527679
2171.0,-7.132327,6.9767036,0.9624691,0.79901177,0.20891592,0.8185594
2180.0,-7.117962,7.101202,1.0486604,0.82344633,0.21868975,0.7733554
2189.0,-6.9647326,7.2185183,0.93373865,0.84421575,0.23579398,0.74281216
2199.0,-6.7827735,7.2568254,0.9696517,0.83199847,0.267559,0.71959925
2210.0,-6.6846113,7.153875,0.9600749,0.80756384,0.28710666,0.70616025
2222.0,-6.694188,7.067683,1.0199299,0.77457714,0.31031954,0.70616025
2230.0,-6.5505357,6.9288197,0.8595184,0.7672467,0.34208453,0.6939429
2239.0,-6.4044895,7.067683,0.770933,0.8222246,0.35063666,0.6719518
2252.0,-6.339846,7.156269,0.7326257,0.90041536,0.3652974,0.65240407
2259.0,-6.2512608,7.249643,0.50517654,0.97005403,0.38728857,0.63285637
2269.0,-6.117185,7.2664022,0.12689269,1.0140363,0.39584067,0.61575216
2280.0,-6.169858,7.493851,-0.02633622,1.0079277,0.39828414,0.59498274
2290.0,-6.069301,7.5465236,-0.33518824,0.97127575,0.3811799,0.5705481
2300.0,-5.877765,7.5321584,-0.5243302,0.90408057,0.3652974,0.5644395
2310.0,-5.765238,7.321469,-0.62249243,0.83077675,0.35063666,0.55955255
2318.0,-5.693412,7.3071036,-0.6368576,0.7672467,0.344528,0.54611355
2329.0,-5.707777,7.21373,-0.82360536,0.7305948,0.32498032,0.5216789
2338.0,-5.7365074,7.2089415,-0.8331822,0.7098254,0.3200934,0.48747048
2349.0,-5.6335564,7.1969705,-0.80205756,0.6963864,0.28955013,0.46181414
2359.0,-5.494693,6.9288197,-0.80205756,0.6951646,0.27488935,0.4447099
2371.0,-5.6239796,6.8569937,-0.91697925,0.6780604,0.2443461,0.43860126
2379.0,-5.7005944,6.979098,-0.9983821,0.6243043,0.23090707,0.41905355
2389.0,-5.6766524,6.933608,-0.94331545,0.5717699,0.21624629,0.40317106
2399.0,-5.719748,6.775591,-0.8595184,0.53023106,0.2003638,0.40561453
2412.0,-5.662287,6.849811,-0.9864111,0.4569272,0.17592919,0.408058
2420.0,-5.590461,6.871359,-1.0366893,0.4569272,0.17592919,0.408058
2432.0,-5.5282116,6.873753,-1.0965444,0.3933972,0.16615535,0.40194935
2441.0,-5.530606,7.067683,-1.2138603,0.31642818,0.14172074,0.33353242
2451.0,-5.410896,7.1490865,-1.2066777,0.30665436,0.13927728,0.31398472
2461.0,-5.470751,7.132327,-1.2904748,0.28099802,0.13683382,0.30543262
2471.0,-5.48751,7.1730285,-1.3551182,0.25411993,0.12950343,0.30298916
2481.0,-5.4204726,7.2185183,-1.3335704,0.23335053,0.119729586,0.3042109
2491.0,-5.2480903,7.395689,-1.4101849,0.20891592,0.105068825,0.29932398
2500.0,-5.2049947,7.539341,-1.4796166,0.18081611,0.09162979,0.28099802
2512.0,-5.2049947,7.5561004,-1.484405,0.14049901,0.08307768,0.25778514
2521.0,-5.281609,7.477092,-1.4867992,0.09896017,0.073303826,0.22357668
2531.0,-5.3127337,7.393295,-1.412579,0.057421334,0.07452556,0.18203785
2541.0,-5.267244,7.398083,-1.3862427,0.02565634,0.0720821,0.14049901
2552.0,-5.33907,7.443573,-1.3670892,0.0,0.06719518,0.10995574
2560.0,-5.231331,7.433996,-1.3910311,-0.019547688,0.059864793,0.087964594
2570.0,-5.269638,7.369353,-1.388637,-0.04642576,0.05131268,0.07819075
2581.0,-5.303157,7.3645644,-1.412579,-0.07452556,0.037873644,0.057421334
2590.0,-5.391742,7.3645644,-1.3479356,-0.07696902,0.030543262,0.028099801
2601.0,-5.461174,7.4866686,-1.2425907,-0.06352998,0.034208454,0.012217305
2613.0,-5.5641246,7.589619,-1.1659763,-0.02443461,0.042760566,-0.002443461
2622.0,-5.518635,7.551312,-1.103727,0.018325957,0.05375614,0.0012217305
2631.0,-5.5617304,7.6734166,-1.1468226,0.059864793,0.062308256,-0.0036651916
2641.0,-5.602432,7.8146744,-1.2641385,0.10262536,0.058643065,-0.015882496
2651.0,-5.6215854,7.893683,-1.2856863,0.13194689,0.056199603,-0.028099801
2661.0,-5.6000376,7.9870567,-1.316811,0.14049901,0.052534413,-0.035430185
2672.0,-5.590461,7.979874,-1.4317327,0.119729586,0.04886922,-0.030543262
2680.0,-5.6000376,7.9272017,-1.4891934,0.062308256,0.05131268,-0.014660766
2690.0,-5.7245364,7.7907324,-1.4891934,-0.018325957,0.05131268,-0.015882496
2701.0,-5.592855,7.819463,-1.5466543,-0.0842994,0.047647487,-0.018325957
2713.0,-5.638345,7.8266454,-1.4676456,-0.12339478,0.04520403,-0.02565634
2720.0,-5.6551046,7.795521,-1.4173675,-0.1160644,0.04520403,-0.040317107
2732.0,-5.547365,7.807492,-1.2976574,-0.05131268,0.047647487,-0.035430185
2741.0,-5.5042696,7.9272017,-1.2617443,0.030543262,0.04520403,-0.019547688
2751.0,-5.657499,7.8505874,-1.3718776,0.09773844,0.04153884,0.002443461
2760.0,-5.60722,8.049306,-1.4437037,0.13561209,0.034208454,0.014660766
2770.0,-5.5760956,7.991845,-1.436521,0.13683382,0.029321533,0.02076942
2780.0,-5.542577,8.018182,-1.4891934,0.111177474,0.02687807,0.021991149
2791.0,-5.590461,7.917625,-1.5179238,0.056199603,0.02687807,0.013439035
2801.0,-5.556942,7.920019,-1.4508862,-0.010995574,0.029321533,-0.0061086523
2813.0,-5.580884,7.848193,-1.3000516,-0.07086037,0.036651913,-0.018325957
2820.0,-5.614403,7.8649526,-1.3215994,-0.105068825,0.035430185,-0.030543262
2831.0,-5.6359506,7.831434,-1.2473791,-0.087964594,0.036651913,-0.032986723
2840.0,-5.5497594,7.833828,-1.3239936,-0.04642576,0.032986723,-0.008552114
2851.0,-5.4922986,7.819463,-1.3000516,-0.012217305,0.030543262,0.008552114
2861.0,-5.566519,7.845799,-1.4149733,0.0,0.02443461,0.015882496
2872.0,-5.530606,7.8410106,-1.436521,-0.0012217305,0.017104227,0.007330383
2882.0,-5.6359506,7.869741,-1.4676456,-0.018325957,0.021991149,-0.010995574
2891.0,-5.5521536,7.9128366,-1.4317327,-0.028099801,0.010995574,-0.030543262
2899.0,-5.6431336,7.8984714,-1.4437037,-0.021991149,-0.002443461,-0.040317107
2912.0,-5.659893,7.9032598,-1.4580688,-0.0061086523,-0.007330383,-0.037873644
2919.0,-5.5760956,7.9272017,-1.4389153,0.02321288,-0.019547688,-0.029321533
2931.0,-5.5880666,7.9272017,-1.4556746,0.039095376,-0.029321533,-0.017104227
2940.0,-5.544971,7.9391727,-1.4413095,0.028099801,-0.042760566,-0.013439035
2950.0,-5.592855,7.8912888,-1.4077905,-0.0061086523,-0.04642576,-0.015882496
2961.0,-5.604826,7.855376,-1.2808979,-0.04520403,-0.04642576,-0.015882496
2973.0,-5.631162,7.795521,-1.2545617,-0.06963864,-0.043982297,-0.013439035
2980.0,-5.568913,7.704541,-1.1228806,-0.073303826,-0.040317107,-0.002443461
2992.0,-5.650316,7.7572136,-1.1468226,-0.052534413,-0.037873644,0.010995574
3002.0,-5.568913,7.8386164,-1.2761095,-0.017104227,-0.042760566,0.018325957
3012.0,-5.6096144,7.759608,-1.2952632,0.008552114,-0.05009095,0.018325957
3020.0,-5.662287,7.867347,-1.4269443,0.012217305,-0.059864793,0.009773844
