28.0,2.9281087,-1.1324574,9.368511,0.004886922,-0.015882496,0.0012217305
28.0,2.9281087,-1.1324574,9.368511,0.1563815,0.15882497,-0.0720821
28.0,3.1316159,-1.1779473,9.232041,0.0036651916,-0.23823744,-0.2565634
44.0,2.5354595,-1.3670892,9.425972,-0.06963864,-0.4129449,-0.34697145
47.0,2.9017725,-0.866701,9.208099,0.09896017,0.35063666,-0.019547688
57.0,3.0238767,-0.8882488,9.179369,0.08307768,0.37873647,0.1685988
67.0,2.9352913,-1.1563994,9.308656,0.03176499,0.20647246,0.27855456
76.0,2.837129,-1.412579,9.299079,0.028099801,0.047647487,0.13072516
86.0,2.8921957,-1.3311762,9.3182335,0.05009095,0.042760566,-0.010995574
97.0,2.8538885,-1.2808979,9.167398,0.052534413,0.04886922,-0.013439035
107.0,2.822764,-1.1085154,9.205706,0.05375614,0.058643065,0.05497787
116.0,2.8060043,-1.2210429,9.224859,0.05131268,0.059864793,0.06841691
129.0,2.8323407,-1.2425907,9.126697,0.029321533,0.05375614,0.02687807
136.0,2.9017725,-1.163582,9.030929,-0.017104227,0.062308256,-0.004886922
146.0,2.8874073,-1.0869676,8.99741,-0.056199603,0.06719518,0.004886922
157.0,2.8323407,-1.2617443,9.006987,-0.07941248,0.06719518,0.02321288
167.0,2.885013,-1.2808979,9.064447,-0.09040806,0.064751714,0.021991149
177.0,2.8754363,-1.3024458,9.054871,-0.09773844,0.05497787,0.010995574
188.0,2.8921957,-1.2354081,9.052477,-0.1001819,0.043982297,0.0036651916
199.0,2.882619,-1.1779473,9.095572,-0.09896017,0.034208454,0.0036651916
207.0,2.885013,-1.2761095,9.028535,-0.08552113,0.02321288,0.007330383
218.0,2.9520507,-1.292869,8.9758625,-0.062308256,0.004886922,0.015882496
228.0,3.0071173,-1.4580688,8.930372,-0.047647487,-0.008552114,0.02443461
237.0,3.122039,-1.3790601,9.030929,-0.04886922,-0.010995574,0.021991149
248.0,3.0621839,-1.3910311,9.035717,-0.057421334,-0.018325957,0.013439035
257.0,3.0693667,-1.2976574,9.097966,-0.09407325,-0.018325957,0.015882496
267.0,3.0597897,-1.2378023,9.165004,-0.14049901,-0.014660766,0.029321533
277.0,3.086126,-1.4293385,9.193734,-0.13561209,-0.029321533,0.037873644
288.0,3.052607,-1.6400281,9.198523,-0.10262536,-0.056199603,0.04886922
299.0,3.0621839,-1.721431,8.966286,-0.1160644,-0.08552113,0.056199603
308.0,3.0454245,-1.4652514,8.983045,-0.1563815,-0.112399206,0.05131268
318.0,3.2202013,-1.3192052,9.028535,-0.25534168,-0.08674286,0.13072516
329.0,3.3399115,-1.3431472,8.978256,-0.25534168,-0.08674286,0.13072516
336.0,3.3399115,-1.4987702,9.033323,-0.35918877,-0.09040806,0.1881465
352.0,3.217807,-1.5753847,9.085996,-0.46670106,-0.09040806,0.2003638
356.0,3.1890767,-1.6328455,9.25359,-0.5656612,-0.073303826,0.172264
369.0,3.3375173,-1.685518,9.3421755,-0.6365216,-0.047647487,0.15393804
377.0,3.3997664,-1.5682021,9.43076,-0.6792821,-0.0061086523,0.17470746
387.0,3.2034419,-1.8052281,9.404425,-0.72692966,0.02076942,0.20280726
397.0,3.0382419,-1.9249382,9.356541,-0.7819075,0.02321288,0.1881465
407.0,2.9879637,-1.8555063,9.346964,-0.7501425,0.012217305,0.10873401
418.0,3.0334535,-2.0685902,9.210494,-0.6462954,0.010995574,0.10873401
430.0,2.9783869,-2.3511062,9.19134,-0.5180137,0.008552114,0.10995574
437.0,2.7988217,-2.336741,9.169792,-0.37995818,-0.007330383,0.080634214
448.0,2.8323407,-2.0518308,9.021352,-0.23335053,-0.02565634,0.04520403
458.0,2.8395233,-1.7932571,8.9040365,-0.14294247,-0.029321533,0.061086524
468.0,2.8993783,-1.7980455,8.781932,-0.15393804,-0.021991149,0.11728613
478.0,2.80361,-1.9081788,8.710106,-0.23945917,-0.009773844,0.15760323
489.0,2.7246015,-2.0111294,8.674192,-0.3555236,-0.013439035,0.15149458
498.0,2.7605145,-1.970428,8.664616,-0.45570546,-0.029321533,0.12217305
508.0,2.719813,-1.8890251,8.552089,-0.5375614,-0.04886922,0.12583824
518.0,2.8179753,-1.9416976,8.647857,-0.6230826,-0.047647487,0.1685988
529.0,2.8682537,-2.3319526,8.762778,-0.70738196,-0.05009095,0.19425514
537.0,2.992752,-2.3989902,8.913613,-0.7318166,-0.065973446,0.17837265
549.0,3.098097,-2.552219,8.987833,-0.72082096,-0.06719518,0.1563815
558.0,3.083732,-2.6072857,8.992621,-0.7098254,-0.06719518,0.14782938
568.0,3.1555579,-2.7389667,8.92319,-0.6939429,-0.073303826,0.14049901
577.0,3.0813377,-2.870648,8.848969,-0.6963864,-0.0720821,0.13072516
588.0,3.1172507,-2.8802247,8.820239,-0.74036866,-0.073303826,0.11362094
598.0,3.2489316,-2.7485435,8.798691,-0.82711154,-0.073303826,0.10140363
609.0,3.2968156,-2.7820623,8.717288,-0.9431759,-0.06352998,0.10262536
617.0,3.3566709,-3.004723,8.640674,-1.0348058,-0.037873644,0.09896017
629.0,3.3183637,-3.25372,8.631097,-1.0629056,-0.021991149,0.07696902
639.0,3.3063924,-3.5218706,8.664616,-1.0042624,-0.012217305,0.05009095
650.0,3.2465374,-3.7780502,8.76996,-0.86742866,-0.002443461,0.034208454
660.0,3.3159695,-3.9815574,8.820239,-0.69027776,0.002443461,0.02565634
673.0,3.2752678,-4.0294414,8.870518,-0.49846604,0.002443461,-0.0036651916
682.0,3.1603463,-4.0174704,8.805874,-0.3213151,0.002443461,-0.052534413
691.0,3.110068,-3.8355112,8.678981,-0.18448131,0.0012217305,-0.1001819
702.0,3.1124623,-3.4763808,8.556877,-0.10995574,0.0036651916,-0.13316862
711.0,3.0669725,-3.335123,8.540117,-0.10629055,0.0012217305,-0.14172074
721.0,2.8993783,-3.2920272,8.391677,-0.15027285,-0.009773844,-0.14049901
733.0,2.9233203,-3.3135753,8.432379,-0.18325958,-0.009773844,-0.14172074
740.0,2.932897,-3.514688,8.578424,-0.1881465,-0.008552114,-0.13194689
750.0,2.9281087,-3.6607344,8.647857,-0.15149458,-0.008552114,-0.1282817
760.0,2.9281087,-3.8546648,8.7053175,-0.07696902,0.0,-0.13683382
770.0,2.9161377,-3.9097314,8.7053175,-0.0061086523,0.008552114,-0.14782938
781.0,2.822764,-3.6870706,8.628703,0.058643065,0.017104227,-0.1600467
793.0,2.7509377,-3.5673606,8.611943,0.10751228,0.013439035,-0.1600467
803.0,2.6886885,-3.4883518,8.6574335,0.10629055,0.010995574,-0.13439035
811.0,2.705448,-3.4284968,8.655039,0.06719518,0.008552114,-0.1001819
821.0,2.765303,-3.4691982,8.731653,0.036651913,-0.002443461,-0.07574729
833.0,2.7605145,-3.6415808,8.834604,0.015882496,-0.0036651916,-0.056199603
841.0,2.870648,-3.8283286,8.89446,0.0012217305,-0.012217305,-0.03176499
852.0,2.89459,-3.8642416,8.882488,0.010995574,-0.02076942,-0.010995574
861.0,2.9520507,-3.8522706,8.829816,0.04520403,-0.029321533,0.0012217305
871.0,3.0310593,-3.8786068,8.856153,0.096516706,-0.03176499,0.015882496
881.0,3.1148565,-3.9217024,8.8777,0.15271631,-0.036651913,0.04642576
892.0,3.2106245,-4.015076,8.841787,0.19547687,-0.02321288,0.08307768
902.0,3.2944214,-3.9264908,8.872911,0.21502456,-0.010995574,0.09773844
913.0,3.2848446,-3.7469256,8.7771435,0.20158553,-0.008552114,0.095294975
922.0,3.193865,-3.53863,8.611943,0.13561209,-0.004886922,0.103847094
932.0,3.205836,-3.3901896,8.53054,0.02565634,0.0012217305,0.12950343
942.0,3.1890767,-3.3255463,8.42759,-0.089186326,-0.0061086523,0.1600467
951.0,3.241749,-3.3207579,8.384495,-0.18936823,-0.012217305,0.17959438
961.0,3.1651347,-3.41892,8.415619,-0.2565634,-0.02321288,0.18325958
971.0,3.1723173,-3.5553896,8.468291,-0.27122417,-0.035430185,0.18203785
981.0,3.1483753,-3.6655228,8.463503,-0.24312437,-0.056199603,0.18936823
991.0,3.1890767,-3.655946,8.4587145,-0.19303341,-0.06963864,0.18936823
1001.0,3.1531637,-3.6176388,8.408437,-0.13927728,-0.08307768,0.17959438
1011.0,3.1316159,-3.5003228,8.365341,-0.14294247,-0.103847094,0.18325958
1022.0,3.0765493,-3.3877954,8.192958,-0.2321288,-0.119729586,0.20280726
1033.0,3.074155,-3.2082303,8.0924015,-0.37140608,-0.13683382,0.22235495
1041.0,3.145981,-3.1244333,8.128315,-0.52290064,-0.15393804,0.2443461
1083.0,3.0765493,-3.3758245,8.111555,-0.6780604,-0.1685988,0.2724459
1083.0,3.0071173,-3.5793316,8.226477,-0.75625116,-0.18448131,0.2932153
1083.0,3.095703,-3.8522706,8.293514,-0.73914695,-0.21624629,0.29932398
1083.0,3.1387985,-4.0414124,8.374918,-0.6939429,-0.21991149,0.29443705
1090.0,3.1866825,-4.0342298,8.355764,-0.6768387,-0.2125811,0.27855456
1100.0,3.2106245,-3.8857894,8.221688,-0.73914695,-0.22479841,0.25534168
1111.0,3.2680852,-3.6032736,8.051701,-0.9138544,-0.21135938,0.2443461
1121.0,3.311181,-3.5482068,7.9487495,-1.1410962,-0.18570304,0.24923302
1131.0,3.2632968,-3.787627,7.9008656,-1.3487904,-0.14905111,0.25534168
1139.0,3.3542767,-4.144363,7.943961,-1.4758505,-0.1282817,0.24801129
1151.0,3.277662,-4.5322237,7.809886,-1.4819591,-0.11484267,0.21746802
1160.0,3.2513258,-4.841076,7.848193,-1.3793337,-0.09896017,0.16737708
1170.0,3.277662,-5.1259856,7.773973,-1.2180653,-0.09162979,0.119729586
1179.0,3.2704794,-5.185841,7.7308774,-1.0409144,-0.09162979,0.07086037
1191.0,3.2848446,-5.0014873,7.6111674,-0.87964594,-0.095294975,0.018325957
1202.0,3.323152,-4.88896,7.5225816,-0.72326446,-0.10629055,-0.028099801
1212.0,3.2225955,-5.094861,7.750031,-0.51923543,-0.14294247,-0.039095376
1221.0,3.347094,-5.7365074,7.81228,0.27000242,-0.10751228,0.05131268
1234.0,3.5098996,-6.5218053,8.030152,0.27000242,-0.10751228,0.05131268
1241.0,3.5673606,-6.7947445,8.178593,0.7635816,-0.089186326,0.043982297
1251.0,3.5913026,-6.143522,7.991845,1.1374311,-0.1001819,-0.040317107
1259.0,3.4811692,-5.0541596,7.7428484,1.2583824,-0.11362094,-0.11362094
1272.0,3.3446999,-4.232949,7.575254,1.105666,-0.112399206,-0.111177474
1280.0,3.3135753,-3.7684734,7.589619,0.408058,-0.11728613,0.05375614
1290.0,3.608062,-4.285621,7.740454,0.087964594,-0.09773844,0.10873401
1301.0,3.7660792,-4.7524905,7.9104424,-0.12583824,-0.062308256,0.1001819
1312.0,3.7732618,-5.00867,8.042124,-0.23701571,-0.02565634,0.064751714
1323.0,3.6966474,-4.948815,8.042124,-0.28955013,0.0,0.047647487
1333.0,3.5936968,-4.793192,8.109161,-0.3286455,0.021991149,0.062308256
1341.0,3.466804,-4.8602295,8.058883,-0.36651915,0.029321533,0.087964594
1352.0,3.4883518,-4.8841715,7.9750857,-0.40439278,0.040317107,0.10262536
1361.0,3.3782187,-4.8338933,7.929596,-0.44348818,0.059864793,0.1001819
1371.0,3.3399115,-4.6375685,7.845799,-0.51068336,0.06963864,0.087964594
1379.0,3.289633,-4.402937,7.764396,-0.64996064,0.080634214,0.07696902
1392.0,3.2920272,-4.1706996,7.797915,-0.893085,0.09407325,0.073303826
1402.0,3.205836,-4.0773253,7.704541,-1.2583824,0.12095132,0.073303826
1411.0,3.2034419,-4.185065,7.690176,-1.717753,0.14905111,0.07819075
1421.0,3.086126,-4.280833,7.7428484,-2.2333233,0.19058995,0.089186326
1435.0,2.980781,-4.656722,7.881712,-2.7623327,0.23701571,0.10751228
1441.0,2.861071,-5.291186,8.3150625,-3.2607987,0.2883284,0.12339478
1452.0,2.717419,-5.8705826,8.602366,-3.7055085,0.34330627,0.12950343
1461.0,2.60968,-6.2991447,8.78672,-4.1416664,0.42271876,0.13561209
1470.0,2.528277,-6.847417,8.796297,-4.592485,0.4972443,0.14782938
1481.0,2.4540567,-7.5920134,8.585608,-5.007873,0.59131753,0.17837265
1491.0,2.303222,-8.468291,8.367735,-5.3206363,0.6976081,0.24190263
1502.0,2.087744,-9.246407,8.1402855,-5.5246654,0.8063421,0.3286455
1513.0,1.6807296,-10.132261,7.639898,-5.594304,0.8906415,0.39706242
1523.0,1.1587936,-10.783484,7.1107793,-5.552765,0.9285152,0.47158796
1533.0,0.770933,-11.283873,6.564901,-5.435479,0.9443977,0.6084218
1541.0,0.63206923,-11.60709,6.030994,-5.222898,0.9370673,0.8002335
1552.0,0.5243302,-12.315774,5.3941364,-4.883257,0.9053023,1.0115929
1562.0,0.6775591,-12.971785,4.865018,-4.425108,0.87598073,1.2351695
1572.0,0.82121116,-13.690045,4.6830587,-3.911981,0.9077458,1.4795157
1582.0,0.8331822,-14.128184,4.596867,-3.3927455,0.9602802,1.6920967
1591.0,0.6560113,-14.372393,4.4939165,-2.9174924,0.9773844,1.8118263
1601.0,0.5386954,-14.121001,4.3287168,-2.5216517,0.9737192,1.8765781
1611.0,0.46447513,-13.663709,3.86903,-2.2223277,0.97005403,1.9523253
1622.0,0.30885202,-13.508086,3.265691,-1.9950858,0.93462384,2.0659463
1632.0,0.21787235,-13.596671,2.4851813,-1.7617353,0.86009824,2.212554
1642.0,0.2705448,-14.094666,1.8363527,-1.4526376,0.79045963,2.3811526
1651.0,0.2777274,-14.676456,1.388637,-1.0494665,0.7684685,2.5705209
1661.0,0.15322891,-15.701175,1.2641385,-0.5338962,0.71837753,2.7354546
1673.0,0.33279404,-15.227123,1.7429788,0.0036651916,0.7476991,2.823419
1683.0,0.35434186,-14.674062,1.9057846,0.48747048,0.73548174,2.8527408
1692.0,0.23463176,-13.792996,1.8866309,0.7623598,0.7257079,2.9321532
1702.0,0.12210429,-13.129802,1.6304513,0.8136725,0.7122689,3.068987
1712.0,0.06703765,-12.8209505,1.3096284,0.6988298,0.68539083,3.2021556
1722.0,-0.1340753,-12.720393,0.78769237,0.535118,0.6536258,3.3121114
1732.0,-0.23702596,-12.799402,0.37588966,0.43249258,0.59864795,3.400076
1741.0,-0.36152446,-12.8927765,0.1316811,0.41172317,0.5558874,3.472158
1755.0,-0.60094464,-13.129802,-0.16759412,0.4373795,0.52534413,3.5442402
1761.0,-0.94570965,-13.261483,-0.16759412,0.54244834,0.4801401,3.580892
1770.0,-0.9935937,-13.101071,-0.011971008,0.77579886,0.43127087,3.580892
1781.0,-0.8762778,-12.516887,0.24420857,1.102001,0.41783184,3.6077702
1791.0,-0.770933,-11.683704,0.17477672,1.4379768,0.41050145,3.662748
1800.0,-0.8619126,-11.233594,0.18674773,1.6358972,0.41416663,3.7116172
1813.0,-1.0342951,-10.477027,0.22266077,1.6420058,0.39950588,3.7323866
1821.0,-1.3934253,-10.053253,0.39025488,1.5198327,0.3567453,3.7702603
1831.0,-1.7980455,-10.163386,0.5554548,1.4257594,0.28099802,3.8008037
1839.0,-2.1188686,-10.5440645,0.49799395,1.5479325,0.18936823,3.7910297
1849.0,-2.2122424,-11.032481,0.15801731,1.9792033,0.08307768,3.7849212
1859.0,-2.2050598,-10.998962,-0.37828386,2.6438248,0.032986723,3.8203511
1870.0,-2.3127987,-10.807426,-0.6919243,3.3487632,0.0036651916,3.8704422
1878.0,-2.4133554,-10.18254,-0.4405331,3.962072,0.032986723,3.8741074
1889.0,-2.3822308,-9.25359,0.1436521,4.465425,0.058643065,3.86189
1899.0,-2.5115175,-8.422802,0.5363012,4.825835,0.0720821,3.8692205
1910.0,-2.6551697,-7.6494746,1.1779473,5.0567427,0.09407325,3.8802161
1920.0,-2.9520507,-7.1634517,1.0965444,5.220454,0.1160644,3.8838813
1932.0,-3.41892,-6.5696893,1.0726024,5.364619,0.15149458,3.8692205
1941.0,-3.7972038,-5.805939,1.4820108,5.5038958,0.22479841,3.8545597
1951.0,-4.0318356,-4.805163,1.745373,5.611408,0.28099802,3.8570032
1961.0,-4.0916905,-3.9576154,1.9608512,5.6333995,0.33353242,3.8679988
1970.0,-4.0557775,-3.1268275,1.9129672,5.572313,0.38240165,3.8325686
1980.0,-3.8067808,-2.1763294,1.4341269,5.5038958,0.43493605,3.721391
1992.0,-3.7612908,-1.1659763,0.8834604,5.525887,0.48258355,3.5747833
2001.0,-3.8905778,-0.19632454,0.6464345,5.566204,0.5864306,3.4379497
2012.0,-4.405331,0.80205756,0.81402856,5.542991,0.7012733,3.3524284
2022.0,-4.7500963,1.6041151,0.89782566,5.439144,0.7538077,3.2950072
2061.0,-4.8961425,2.291251,0.9672575,5.2656584,0.77091193,3.232699
2061.0,-4.829105,2.908955,0.9792285,4.999321,0.79534656,3.167947
2061.0,-4.7261543,3.58412,1.1659763,4.6230283,0.79045963,3.095865
2061.0,-4.572925,4.134786,1.2617443,4.1758747,0.7672467,3.0091221
2071.0,-4.697424,4.3358994,1.163582,3.7140608,0.77579886,2.9040534
2080.0,-4.855441,4.2760444,1.3120226,3.286455,0.77213365,2.7672195
2089.0,-5.1116204,4.0653543,1.0654198,2.9565878,0.7367035,2.6047294
2101.0,-5.291186,3.8594532,0.91458505,2.824641,0.65484756,2.420248
2111.0,-5.351041,4.1395745,0.93852705,2.905275,0.5656612,2.2638667
2121.0,-5.207389,4.417302,0.93373865,3.169169,0.48380527,2.1673498
2131.0,-5.109226,4.5202527,0.94570965,3.169169,0.48380527,2.1673498
2141.0,-5.1355624,4.687847,1.1204864,3.087313,0.41416663,2.1001546
2151.0,-4.8722005,4.9176903,1.0007763,2.8722885,0.33964106,1.9620992
2161.0,-4.7644615,5.315128,0.7661445,2.211332,0.2443461,1.6627752
2172.0,-5.461174,6.265626,-0.0047884034,1.9462167,0.21868975,1.5332718
2181.0,-5.9424086,6.3422403,0.10055647,1.8044959,0.16371189,1.4343116
2191.0,-5.861006,6.030994,0.33039984,1.7592919,0.12339478,1.351234
2201.0,-5.592855,5.8322754,0.6799533,1.7763962,0.09773844,1.2779301
2211.0,-5.60722,6.2105594,0.79726917,1.8167132,0.10629055,1.1936307
2221.0,-5.659893,6.6989765,0.92655605,1.8203784,0.09162979,1.1374311
2232.0,-5.9448028,6.849811,0.6584055,1.736079,0.064751714,1.0848967
2241.0,-6.172252,7.1754227,0.58897364,1.6578883,0.042760566,0.99204516
2251.0,-6.3589997,7.261614,0.45968673,1.6481144,0.028099801,0.9334021
2264.0,-6.4308257,7.141904,0.4429273,1.6982054,0.040317107,0.91874135
2272.0,-6.622362,7.201759,0.45729253,1.7311921,0.043982297,0.9236283
2281.0,-6.7684083,7.2831616,0.2777274,1.7116444,0.03176499,0.8857546
2293.0,-6.7827735,7.6973586,0.30166942,1.6285667,0.015882496,0.8210029
2302.0,-6.694188,8.152257,0.22505496,1.4709635,0.007330383,0.79045963
2310.0,-6.6415157,8.549694,0.31124622,1.2889256,0.009773844,0.7623598
2321.0,-6.682217,8.418014,0.40222588,1.1239921,0.008552114,0.73426
2332.0,-6.7133417,8.200141,0.33758244,1.001819,0.0,0.6976081
2341.0,-6.8162923,8.298303,0.34715924,0.93828905,-0.007330383,0.6609562
2352.0,-6.8450227,8.319851,0.18435353,0.9639453,0.0061086523,0.6414085
2359.0,-6.9982514,8.130709,0.1412579,1.0958922,0.017104227,0.6414085
2370.0,-6.933608,7.8410106,0.2896984,1.3329079,0.028099801,0.6450737
2381.0,-6.799533,7.728483,0.30645782,1.5344934,0.05131268,0.7012733
2391.0,-6.603208,7.848193,0.260968,1.5992452,0.058643065,0.7464773
2401.0,-6.4906807,8.010999,0.095768064,1.5015068,0.07696902,0.75747293
2413.0,-6.43322,8.034941,-0.18674773,1.3158038,0.08552113,0.7489208
2421.0,-6.2488666,8.042124,-0.44532153,1.1252137,0.095294975,0.73792523
2434.0,-6.157887,7.831434,-0.62728083,0.97127575,0.11362094,0.7257079
2443.0,-6.167464,7.7189064,-0.6847417,0.8735373,0.12217305,0.7086037
2453.0,-6.1219735,7.515399,-0.7254431,0.86620694,0.13927728,0.6743952
2463.0,-5.9448028,7.759608,-0.79487497,0.9602802,0.14049901,0.64751714
2474.0,-5.911284,7.747637,-0.8810662,1.0873401,0.14782938,0.72326446
2482.0,-5.7365074,7.687782,-1.103727,1.1936307,0.13805555,0.7831292
2493.0,-5.45878,7.9224133,-1.2449849,1.2095132,0.118507855,0.80878556
2503.0,-5.2648497,7.9702973,-1.5682021,1.1349876,0.10751228,0.8136725
2513.0,-5.379771,8.058883,-1.8626889,1.001819,0.08307768,0.79901177
2523.0,-5.29358,8.130709,-1.9656396,0.8368854,0.057421334,0.77946407
2535.0,-5.2289367,8.137892,-2.1332338,0.6597345,0.04153884,0.75869465
2543.0,-5.221754,8.063671,-2.1164744,0.5155703,0.030543262,0.75136423
2552.0,-5.2002063,7.843405,-1.8363527,0.4605924,0.034208454,0.7452556
2563.0,-5.0374002,7.6829934,-1.4700398,0.50946164,0.036651913,0.73548174
2572.0,-4.9559975,7.8505874,-1.2473791,0.6010914,0.04886922,0.7318166
2582.0,-4.8243165,7.9032598,-1.2138603,0.6621779,0.062308256,0.74036866
2594.0,-4.8147397,7.8266454,-1.1827357,0.6988298,0.0720821,0.7257079
2602.0,-4.661511,7.7452426,-1.3096284,0.70616025,0.09285152,0.6927212
2612.0,-4.7046065,7.821857,-1.3670892,0.675617,0.10751228,0.65118235
2622.0,-4.7070007,8.02297,-1.6160861,0.60231316,0.1282817,0.6059783
2634.0,-4.5681367,7.9870567,-1.6879122,0.51923543,0.15760323,0.56077427
2644.0,-4.486734,8.039729,-1.6998832,0.44715336,0.19181168,0.5131268
2654.0,-4.4699745,8.274361,-1.7836803,0.41416663,0.21624629,0.4654793
2663.0,-4.27365,8.169016,-1.8076223,0.39461896,0.2443461,0.4288274
2673.0,-4.2760444,8.123527,-1.8698715,0.37140608,0.27488935,0.37507126
2683.0,-4.2401314,8.173804,-1.9560628,0.36163223,0.30909783,0.32253686
2693.0,-4.283227,8.128315,-1.8555063,0.39584067,0.32742378,0.2773328
2703.0,-4.2305546,8.027759,-1.8387469,0.47647488,0.3555236,0.23701571
2714.0,-4.209007,7.8769236,-1.9297266,0.5705481,0.37873647,0.21380283
2722.0,-4.2880154,7.9463553,-2.0925324,0.63285637,0.3885103,0.18570304
2734.0,-4.2161894,8.013393,-2.3678656,0.6401868,0.39706242,0.15393804
2744.0,-4.156334,8.082825,-2.6431987,0.59498274,0.40561453,0.112399206
2753.0,-4.158728,8.109161,-2.8275523,0.5534439,0.3921755,0.06841691
2763.0,-4.0797195,7.9367785,-2.9735985,0.5705481,0.39828414,0.032986723
2775.0,-4.177882,7.9583263,-2.870648,0.61086524,0.4092797,0.030543262
2783.0,-4.0677485,7.9343843,-2.870648,0.6243043,0.39706242,0.043982297
2793.0,-4.0533834,7.8146744,-2.9640217,0.59742624,0.38728857,0.047647487
2803.0,-3.9815574,7.7691846,-3.1148565,0.5510005,0.36774087,0.032986723
2812.0,-3.8905778,7.714118,-3.2249897,0.49357912,0.34330627,0.014660766
2822.0,-3.8546648,7.7691846,-3.3686419,0.41416663,0.31764993,-0.0012217305
2835.0,-3.8714242,7.716512,-3.3446999,0.31642818,0.30298916,-0.014660766
2842.0,-3.8833952,7.589619,-3.5458126,0.21624629,0.28099802,-0.014660766
2854.0,-3.9695864,7.632715,-3.466804,0.18570304,0.2761111,-0.014660766
2863.0,-3.8474822,7.505822,-3.2489316,0.21013765,0.26267207,0.015882496
2874.0,-3.7541082,7.627927,-3.3518825,0.2406809,0.2443461,0.028099801
2883.0,-3.799598,7.8170686,-3.4835634,0.24923302,0.21624629,0.035430185
2894.0,-3.8115692,7.639898,-3.6367924,0.22235495,0.18325958,0.039095376
2903.0,-3.904943,7.785944,-3.7134068,0.14660765,0.1563815,0.034208454
2912.0,-3.928885,7.905654,-3.763685,0.042760566,0.1282817,0.032986723
2923.0,-4.0222588,8.037335,-3.787627,-0.047647487,0.103847094,0.040317107
2934.0,-3.8786068,8.00621,-3.7134068,-0.119729586,0.08552113,0.057421334
2943.0,-3.9073372,7.9966335,-3.6248214,-0.18203785,0.06352998,0.057421334
2955.0,-3.9001546,8.154651,-3.5482068,-0.22724187,0.047647487,0.05009095
2964.0,-3.9312792,8.149862,-3.4380736,-0.24801129,0.03176499,0.034208454
2974.0,-3.9360676,8.197746,-3.3423057,-0.22113322,0.018325957,0.02443461
2982.0,-3.9360676,8.137892,-3.3399115,-0.1685988,0.012217305,0.028099801
2993.0,-4.1371803,8.264784,-3.265691,-0.112399206,0.012217305,0.035430185
