38.0,0.24899697,1.1180922,9.385271,0.008552114,0.02687807,0.03176499
49.0,-0.11731588,1.0055647,9.634268,0.15760323,0.13194689,-0.06719518
57.0,0.05267244,1.055843,9.7563715,0.0012217305,-0.24923302,-0.22113322
67.0,0.16280572,1.1252748,9.92636,-0.08674286,-0.39095375,-0.24312437
78.0,0.32800564,0.89303726,10.33098,0.06963864,0.4569272,0.19914207
86.0,0.23223756,0.80924016,10.503363,0.10629055,0.32620203,0.13561209
98.0,0.19153613,0.8451532,10.613496,0.12217305,0.19425514,0.06963864
106.0,0.14844051,1.1779473,10.539276,0.09896017,0.21746802,0.059864793
118.0,0.074220255,1.5466543,10.455479,0.035430185,0.2443461,0.03176499
127.0,-0.11252748,1.7884687,10.244789,-0.065973446,0.25900686,0.014660766
138.0,-0.2873042,1.9488802,10.048465,-0.1966986,0.25900686,0.02687807
146.0,-0.30406362,1.9177556,9.9550905,-0.33475417,0.25411993,0.056199603
159.0,-0.2825158,1.7310078,9.830592,-0.43860126,0.24556783,0.08552113
167.0,-0.34237084,1.4556746,9.703699,-0.4886922,0.2321288,0.11728613
178.0,-0.36391866,1.400608,9.617508,-0.4886922,0.2125811,0.14294247
187.0,-0.45489833,1.352724,9.67018,-0.44104472,0.1966986,0.15393804
197.0,-0.48362875,1.1994951,9.564836,-0.3494149,0.17715092,0.16249016
207.0,-0.48362875,1.2665327,9.533711,-0.24190263,0.15515977,0.17592919
220.0,-0.51235914,1.2856863,9.514558,-0.13683382,0.13316862,0.18325958
227.0,-0.557849,1.2569559,9.440337,-0.04520403,0.10873401,0.17715092
237.0,-0.58657944,1.3096284,9.378088,0.021991149,0.081855945,0.15882497
247.0,-0.50038815,1.3623008,9.399636,0.061086524,0.059864793,0.13805555
257.0,-0.48841715,1.2904748,9.303867,0.073303826,0.037873644,0.11728613
267.0,-0.38067806,1.1851299,9.397242,0.06841691,0.02565634,0.09896017
279.0,-0.35194764,1.1180922,9.440337,0.052534413,0.017104227,0.08307768
287.0,-0.32800564,1.0319009,9.399636,0.02687807,0.015882496,0.061086524
297.0,-0.2777274,0.89303726,9.3733,0.0012217305,0.018325957,0.034208454
307.0,-0.19632454,0.89064306,9.358934,-0.02687807,0.02443461,0.0036651916
317.0,-0.21787235,0.8619126,9.382876,-0.05497787,0.02687807,-0.02565634
327.0,-0.16998832,0.8834604,9.485827,-0.0842994,0.032986723,-0.05131268
338.0,-0.2657564,0.82121116,9.500193,-0.11484267,0.042760566,-0.06841691
347.0,-0.22744916,0.7493851,9.564836,-0.13805555,0.047647487,-0.0842994
357.0,-0.19871874,0.7685388,9.595961,-0.14782938,0.043982297,-0.103847094
367.0,-0.24181437,0.8690952,9.586384,-0.14660765,0.039095376,-0.12705997
378.0,-0.22266077,0.82599956,9.557653,-0.13683382,0.039095376,-0.1441642
387.0,-0.260968,0.8331822,9.545682,-0.13683382,0.042760566,-0.1441642
398.0,-0.39264908,0.8762778,9.526528,-0.14294247,0.047647487,-0.13805555
408.0,-0.5386954,1.0271125,9.619903,-0.14172074,0.043982297,-0.13805555
417.0,-0.5722142,1.1707647,9.665392,-0.1441642,0.032986723,-0.13561209
427.0,-0.5434838,1.1587936,9.7563715,-0.15271631,0.013439035,-0.12095132
438.0,-0.49559975,0.91697925,9.753978,-0.15760323,-0.007330383,-0.09896017
447.0,-0.4213795,0.8451532,9.909601,-0.14660765,-0.02076942,-0.07696902
459.0,-0.38067806,0.7781156,9.988609,-0.10873401,-0.04153884,-0.064751714
468.0,-0.2705448,0.7493851,9.940725,-0.04886922,-0.05009095,-0.056199603
479.0,-0.21308395,0.8331822,10.022128,0.013439035,-0.057421334,-0.04642576
488.0,-0.04070143,0.91219085,10.014946,0.064751714,-0.06963864,-0.04153884
498.0,-0.062249243,1.0582372,10.048465,0.09162979,-0.06963864,-0.039095376
508.0,-0.0023942017,1.091756,10.06283,0.096516706,-0.06963864,-0.03176499
519.0,-0.009576807,1.1683705,10.038888,0.08307768,-0.06352998,-0.019547688
527.0,0.088585466,1.1228806,10.031705,0.05131268,-0.06352998,-0.0036651916
538.0,0.21787235,1.079785,10.041282,0.012217305,-0.06963864,0.009773844
548.0,0.2777274,1.0055647,10.038888,-0.018325957,-0.06719518,0.015882496
558.0,0.38067806,0.9888053,9.993398,-0.034208454,-0.0720821,0.019547688
567.0,0.39983168,0.92655605,10.055647,-0.05009095,-0.06841691,0.021991149
580.0,0.39983168,0.89543146,9.935937,-0.05375614,-0.06719518,0.017104227
588.0,0.37828386,1.0319009,9.861717,-0.04153884,-0.064751714,0.008552114
599.0,0.38307226,1.1899183,9.811439,-0.021991149,-0.057421334,0.0036651916
610.0,0.35673606,1.2114661,9.76116,0.0012217305,-0.056199603,-0.0012217305
620.0,0.30645782,1.2593501,9.67018,0.0061086523,-0.05009095,-0.002443461
629.0,0.29448682,1.2856863,9.646238,-0.0036651916,-0.04642576,-0.008552114
641.0,0.24899697,1.3096284,9.600749,-0.015882496,-0.043982297,-0.029321533
649.0,0.2873042,1.3000516,9.55047,-0.02687807,-0.04520403,-0.064751714
661.0,0.18195933,1.2186487,9.495404,-0.037873644,-0.04886922,-0.103847094
670.0,0.32561144,1.1659763,9.564836,-0.032986723,-0.04886922,-0.14538592
682.0,0.4237737,1.091756,9.533711,-0.010995574,-0.037873644,-0.19058995
689.0,0.25857377,1.0726024,9.476251,0.014660766,-0.02565634,-0.23090707
700.0,0.21787235,1.0773908,9.433155,0.02443461,-0.007330383,-0.26145032
709.0,0.16998832,1.1444284,9.442732,0.018325957,0.0061086523,-0.2932153
720.0,0.23463176,1.1683705,9.43076,-0.002443461,0.017104227,-0.3213151
729.0,0.21547815,1.1300632,9.514558,-0.028099801,0.028099801,-0.33964106
740.0,0.17477672,0.9600749,9.629479,-0.05131268,0.039095376,-0.34330627
749.0,0.19153613,0.7302315,9.698911,-0.0720821,0.04520403,-0.33964106
761.0,0.12449849,0.60094464,9.689334,-0.080634214,0.059864793,-0.33964106
770.0,0.12689269,0.6512229,9.703699,-0.065973446,0.0720821,-0.34697145
781.0,0.20829555,0.6895301,9.78989,-0.039095376,0.0720821,-0.3494149
791.0,0.22266077,0.62967503,9.768343,-0.02076942,0.07819075,-0.34574974
802.0,0.28491,0.6344634,9.923966,-0.004886922,0.08307768,-0.33475417
811.0,0.40701428,0.6368576,10.029311,0.02076942,0.09285152,-0.32498032
823.0,0.4309563,0.7062895,10.146626,0.064751714,0.1160644,-0.31642818
831.0,0.30885202,0.7613561,10.105926,0.112399206,0.1282817,-0.29932398
840.0,0.21068975,0.8882488,10.096349,0.14172074,0.1600467,-0.2773328
850.0,0.18435353,0.94810385,10.024523,0.16371189,0.16982053,-0.267559
861.0,0.20350714,1.1468226,9.97185,0.16737708,0.17715092,-0.27000242
871.0,0.14844051,1.2737153,9.94312,0.14049901,0.18570304,-0.27122417
883.0,0.2633622,1.2569559,9.92636,0.02565634,0.2003638,-0.25900686
891.0,0.30166942,1.1803415,9.97185,0.02565634,0.2003638,-0.25900686
903.0,0.24420857,0.9816227,9.785102,-0.087964594,0.23579398,-0.25289822
911.0,0.12928689,1.0342951,9.751583,-0.12217305,0.25900686,-0.25778514
922.0,0.09816227,0.93613285,9.651027,-0.14538592,0.25778514,-0.26511553
932.0,0.035913024,1.0534488,9.552865,-0.17592919,0.2687807,-0.2761111
942.0,-0.110133275,1.1252748,9.548077,-0.21135938,0.27122417,-0.29077184
950.0,-0.11971009,0.9840169,9.404425,-0.25289822,0.26389378,-0.3115413
961.0,-0.1604115,0.94092125,9.368511,-0.29443705,0.25411993,-0.33108896
972.0,-0.11971009,0.93134445,9.346964,-0.3213151,0.23945917,-0.3494149
983.0,-0.074220255,0.78769237,9.28232,-0.33475417,0.23945917,-0.3567453
990.0,-0.20111294,0.7254431,9.251195,-0.3371976,0.2406809,-0.35430184
1002.0,-0.21787235,0.5770026,9.320627,-0.32986724,0.23701571,-0.35063666
1010.0,-0.2896984,0.46686932,9.198523,-0.32498032,0.21746802,-0.3481932
1021.0,-0.3854665,0.45250413,9.296685,-0.32620203,0.204029,-0.34697145
1030.0,-0.4213795,0.4261679,9.255983,-0.32498032,0.17837265,-0.35185838
1041.0,-0.4165911,0.37828386,9.3421755,-0.31764993,0.14538592,-0.3640757
1050.0,-0.4285621,0.29209262,9.397242,-0.312763,0.13561209,-0.376293
1072.0,-0.34476504,0.1604115,9.330204,-0.30543262,0.12217305,-0.38728857
1072.0,-0.272939,0.023942016,9.406818,-0.2919936,0.10873401,-0.39828414
1080.0,-0.20350714,-0.12210429,9.509769,-0.26145032,0.10751228,-0.4129449
1090.0,-0.062249243,-0.18435353,9.598354,-0.22357668,0.111177474,-0.42638394
1100.0,-0.023942016,-0.21547815,9.718064,-0.18936823,0.118507855,-0.43249258
1110.0,-0.1412579,-0.1364695,9.785102,-0.172264,0.14294247,-0.42760566
1121.0,-0.17717093,-0.011971008,9.94312,-0.16126843,0.14905111,-0.42271876
1130.0,-0.15801731,0.047884032,9.969456,-0.16615535,0.16493362,-0.41416663
1140.0,-0.20111294,-0.007182605,10.129868,-0.1966986,0.17470746,-0.39706242
1150.0,-0.35434186,0.04309563,10.158598,-0.23579398,0.1881465,-0.38606682
1161.0,-0.40462008,0.1412579,10.175357,-0.2565634,0.20280726,-0.3921755
1170.0,-0.47884035,0.107739076,10.275913,-0.28099802,0.21868975,-0.40194935
1184.0,-0.51954174,-0.016759412,10.228029,-0.2968805,0.2406809,-0.40561453
1192.0,-0.46686932,-0.12689269,10.309433,-0.2883284,0.27000242,-0.41416663
1202.0,-0.50996494,-0.22505496,10.247183,-0.25045475,0.30665436,-0.4373795
1211.0,-0.60094464,-0.06703765,10.28549,-0.19303341,0.35430184,-0.4569272
1223.0,-0.7757214,0.16280572,10.230424,-0.17470746,0.38728857,-0.47158796
1231.0,-0.8619126,0.35194764,10.146626,-0.22968534,0.40683624,-0.4886922
1244.0,-0.93852705,0.47884035,10.204087,-0.33475417,0.4447099,-0.48380527
1250.0,-0.92895025,0.30406362,10.232818,-0.4251622,0.45814893,-0.4642576
1262.0,-0.9576807,0.49320555,10.093954,-0.48991394,0.46181414,-0.4447099
1271.0,-0.9959879,0.7637503,9.888053,-0.6010914,0.4654793,-0.4251622
1283.0,-1.0151415,1.0247183,9.799467,-0.79534656,0.4886922,-0.41416663
1291.0,-0.9983821,0.81642276,9.655815,-1.0983357,0.5143485,-0.40561453
1303.0,-1.0702082,0.641646,9.512163,-1.5088371,0.5326745,-0.3921755
1312.0,-1.1324574,0.2657564,9.593566,-1.9877555,0.5742133,-0.38362336
1323.0,-1.2761095,0.272939,9.586384,-2.5130997,0.6133087,-0.37995818
1331.0,-1.3239936,0.23702596,9.449914,-3.182608,0.66950834,-0.36163223
1342.0,-1.42455,-0.320823,9.368511,-4.074471,0.71593404,-0.28955013
1352.0,-1.5610195,-1.685518,9.124303,-5.109277,0.7770206,-0.17104226
1363.0,-1.8483237,-3.502717,9.052477,-6.1123176,0.8381071,-0.013439035
1371.0,-2.0159178,-5.3342814,9.018958,-6.9882984,0.90041536,0.15271631
1383.0,-2.2744915,-7.015011,8.791509,-7.670024,0.9773844,0.31764993
1392.0,-2.5187001,-8.439561,8.26239,-8.115955,1.0445796,0.49113566
1402.0,-2.8491,-9.346964,7.5704656,-8.499579,1.1178834,0.6719518
1411.0,-3.2704794,-10.242394,7.038953,-8.903972,1.1985176,0.8210029
1423.0,-3.6583402,-12.23437,6.505046,-9.200852,1.2009611,0.9468411
1431.0,-3.8786068,-13.891158,5.997475,-9.246057,1.1386528,1.1838568
1441.0,-3.7900212,-14.925453,5.2480903,-8.996823,1.0567969,1.5063937
1451.0,-3.7445314,-14.719552,4.5872903,-8.484919,0.9602802,1.7776178
1462.0,-3.7301662,-13.8959465,4.0198646,-7.869166,0.8698721,1.9486601
1472.0,-3.6367924,-12.89517,3.323152,-7.3096137,0.74036866,2.1013765
1484.0,-3.5314474,-11.801021,2.585738,-6.967529,0.59864795,2.3787093
1491.0,-3.4141316,-11.329363,1.7597382,-6.817256,0.45937067,2.6670377
1502.0,-3.3255463,-11.281479,0.9672575,-6.7354,0.24190263,2.946814
1512.0,-3.4524388,-12.1840925,-0.20111294,-6.5435886,0.013439035,3.2058208
1522.0,-3.5529952,-12.378023,-0.91219085,-6.1306434,-0.23701571,3.4049628
1531.0,-3.5529952,-12.105083,-1.0223241,-5.4867916,-0.4813618,3.5100317
1543.0,-3.667917,-11.200075,-0.94810385,-4.609589,-0.70738196,3.5124753
1552.0,-3.6008794,-10.007763,-0.80205756,-3.5833356,-0.89552844,3.5051448
1562.0,-3.4213142,-8.89446,-0.8331822,-2.5607471,-1.047023,3.522249
1571.0,-3.4213142,-8.226477,-1.376666,-1.7348573,-1.174083,3.5503488
1583.0,-3.2824504,-7.16824,-1.3503298,-1.2180653,-1.2950343,3.5821137
1592.0,-3.5098996,-6.1219735,-1.2761095,-0.9431759,-1.3927728,3.503923
1603.0,-3.8498764,-5.521029,-0.79966336,-0.82833326,-1.4807373,3.3695326
1611.0,-3.9911342,-5.0613422,-0.1412579,-0.80878556,-1.5430456,3.2693508
1623.0,-4.0054994,-4.7740383,0.11252748,-0.7831292,-1.6053538,3.1300735
1633.0,-4.175488,-4.6806645,0.3184288,-0.68661255,-1.6444492,2.9798007
1642.0,-4.39336,-4.0533834,1.0606314,-0.47525316,-1.6652187,2.796541
1651.0,-4.534618,-3.3638535,1.553837,-0.1441642,-1.6517797,2.5460863
1663.0,-4.584896,-2.585738,2.147599,0.25778514,-1.613906,2.3212879
1672.0,-4.663905,-1.5179238,2.432509,0.593761,-1.5381587,2.130698
1684.0,-4.721366,-0.80445176,2.6767175,0.6780604,-1.2962561,1.717753
1691.0,-4.915296,-0.46208093,3.0478187,0.6780604,-1.2962561,1.717753
1702.0,-5.33907,-0.533907,3.2752678,0.5326745,-1.1301007,1.4086553
1712.0,-5.7604494,-1.0055647,2.825158,0.4129449,-0.9334021,1.1093313
1724.0,-5.722142,-1.922544,4.1371803,0.4373795,-0.7293731,0.816116
1731.0,-5.707777,2.9879637,5.2361193,0.7147123,-0.09896017,-0.07086037
1742.0,-6.1411276,3.3854012,4.9679685,0.6646214,0.19792034,-0.5290093
1753.0,-6.399701,0.6536171,3.9360676,0.3567453,0.43249258,-0.70371675
1763.0,-6.7851677,-1.8674773,2.825158,0.12950343,0.64751714,-0.86254174
1771.0,-7.6734166,-3.8953662,1.3623008,0.25534168,0.83077675,-1.0299188
1784.0,-8.468291,-3.7924154,0.40222588,0.63285637,0.9993755,-1.1777482
1792.0,-8.595184,-2.920926,-0.016759412,0.9016371,1.1215485,-1.428203
1802.0,-8.444349,-3.560178,0.009576807,0.79779,1.2070698,-1.5308284
1812.0,-8.030152,-4.9775453,-0.21308395,0.39461896,1.2168436,-1.5699236
1822.0,-7.896077,-6.895301,-0.9864111,-0.05497787,1.1985176,-1.5491543
1832.0,-7.7572136,-8.801085,-2.099715,-0.50701815,1.1374311,-1.3365731
1843.0,-7.5704656,-10.275913,-3.2872388,-1.0201449,1.0506883,-1.0751228
1851.0,-7.599196,-11.200075,-4.4843397,-1.4880677,0.9431759,-0.8576548
1862.0,-7.8745294,-11.947066,-5.425261,-1.736079,0.79534656,-0.63163465
1873.0,-7.905654,-12.409147,-5.793968,-1.7568485,0.60231316,-0.3408628
1883.0,-7.824251,-11.990162,-5.461174,-1.5601498,0.35918877,-0.036651913
1892.0,-7.845799,-11.099519,-4.6686935,-1.1801916,0.09162979,0.23579398
1904.0,-7.8745294,-10.19451,-3.9073372,-0.66339964,-0.18448131,0.49968776
1914.0,-8.11395,-9.363723,-3.526659,-0.064751714,-0.4447099,0.7293731
1923.0,-8.049306,-8.504205,-2.8514943,0.49113566,-0.68294734,0.9370673
1932.0,-7.920019,-7.345411,-2.0039468,0.9077458,-0.88208944,1.0665708
1942.0,-7.9128366,-6.471527,-1.5658079,1.1496484,-1.028697,1.1533136
1952.0,-7.735666,-5.671864,-0.8714894,1.1728612,-1.1484267,1.2534955
1964.0,-7.2951326,-4.5058875,0.031124622,0.9957104,-1.2339478,1.319469
1972.0,-7.0844426,-3.8259344,0.8762778,0.68661255,-1.2632693,1.2913691
1985.0,-7.0365586,-3.6894648,1.5370775,0.3494149,-1.2534955,1.2046263
1995.0,-6.9383965,-3.6343982,2.2242134,0.11484267,-1.2131784,1.0934488
2001.0,-6.8282633,-3.083732,2.621651,0.06719518,-1.1154399,0.9651671
2012.0,-6.8330517,-2.695871,2.8778305,0.15882497,-0.96883225,0.84299403
2024.0,-6.7803793,-1.9847932,3.0597897,0.2883284,-0.79168135,0.6817256
2033.0,-6.9719152,-1.3982137,2.6312277,0.40194935,-0.61819565,0.49113566
2041.0,-7.1634517,-1.6903064,2.6479871,0.4569272,-0.43127087,0.3359759
2053.0,-7.2304893,-1.2234371,3.7134068,0.39584067,-0.20158553,0.15393804
2074.0,-7.3789296,-0.49799395,4.096479,0.24801129,0.05497787,-0.13561209
2074.0,-7.589619,-1.436521,3.4811692,0.09407325,0.26145032,-0.35308012
2085.0,-7.809886,-3.157952,2.705448,0.029321533,0.41783184,-0.47769663
2091.0,-8.025364,-4.3382936,1.4796166,0.11362094,0.5534439,-0.5815437
2102.0,-8.3868885,-5.5282116,0.60812724,0.31031954,0.6377433,-0.6010914
2112.0,-8.403648,-5.7963624,0.01436521,0.4569272,0.6951646,-0.6218608
2121.0,-8.276755,-5.887342,-0.47165772,0.5119051,0.6988298,-0.68294734
2132.0,-8.197746,-6.2967505,-0.8403648,0.51068336,0.6914995,-0.6621779
2143.0,-8.147469,-6.6391215,-1.151611,0.45814893,0.65484756,-0.5876524
2152.0,-7.9942393,-7.2185183,-1.376666,0.34574974,0.5876524,-0.4447099
2161.0,-7.848193,-7.690176,-1.5897499,0.16982053,0.49968776,-0.24801129
2171.0,-7.6255326,-7.9272017,-1.508347,-0.036651913,0.38728857,-0.06719518
2184.0,-7.7548194,-8.12592,-1.4772224,-0.1966986,0.25900686,0.10629055
2193.0,-7.8649526,-7.821857,-1.4173675,-0.25778514,0.12339478,0.2724459
2203.0,-8.020576,-7.4986396,-1.2545617,-0.19425514,-0.017104227,0.4129449
2212.0,-7.989451,-6.8881183,-0.9911995,-0.057421334,-0.15515977,0.5412266
2222.0,-7.917625,-6.133945,-0.5650316,0.07819075,-0.2773328,0.63407815
2234.0,-7.9990277,-5.544971,-0.2873042,0.21380283,-0.39461896,0.6743952
2243.0,-8.099585,-4.8937483,0.062249243,0.34697145,-0.47891834,0.6976081
2252.0,-8.032547,-4.441244,0.6368576,0.45448375,-0.5363397,0.7147123
2264.0,-7.9726915,-4.0533834,1.1683705,0.52534413,-0.5693264,0.6976081
2272.0,-7.819463,-3.9456444,1.6998832,0.5448918,-0.58032197,0.6658431
2284.0,-7.8050976,-3.6655228,2.255338,0.52290064,-0.5338962,0.60231316
2292.0,-7.8888946,-3.4045548,2.2098482,0.49846604,-0.48624873,0.50823987
2302.0,-7.8649526,-3.394978,2.2720973,0.48747048,-0.40439278,0.41538838
2313.0,-7.81228,-3.071761,3.0119057,0.50946164,-0.2919936,0.30298916
2324.0,-7.9104424,-2.078167,3.6655228,0.6059783,-0.13927728,0.10262536
2332.0,-7.9272017,-1.3599066,3.9600096,0.74036866,0.012217305,-0.14172074
2342.0,-7.5321584,-1.4796166,3.6367924,0.7684685,0.14172074,-0.2919936
2351.0,-7.479486,-2.834735,3.083732,0.70616025,0.2284636,-0.33964106
2363.0,-7.8793178,-4.3287168,2.6192567,0.7244862,0.32742378,-0.39584067
2372.0,-8.291121,-5.281609,2.2505496,0.9138544,0.4288274,-0.45204028
2385.0,-8.252813,-5.1906295,2.1260512,1.2009611,0.5045747,-0.47891834
2392.0,-8.291121,-4.618415,2.0231004,1.459968,0.5742133,-0.5448918
2401.0,-8.133103,-4.072537,1.8986019,1.5613716,0.6133087,-0.6133087
2411.0,-8.042124,-4.084508,1.9656396,1.4172074,0.65118235,-0.60231316
2421.0,-7.869741,-4.331111,1.6663644,1.0690142,0.66828656,-0.5558874
2432.0,-7.893683,-5.068525,1.2808979,0.657291,0.67073005,-0.51068336
2444.0,-7.991845,-5.8586116,0.80684596,0.30665436,0.68294734,-0.4654793
2454.0,-8.032547,-6.0740895,0.5770026,0.087964594,0.70371675,-0.4373795
2464.0,-8.09719,-5.801151,0.33518824,0.028099801,0.6927212,-0.42394048
2472.0,-8.118738,-5.391742,0.088585466,0.07452556,0.68294734,-0.40561453
2484.0,-7.9990277,-5.183447,0.15801731,0.15760323,0.657291,-0.37507126
2493.0,-7.8745294,-5.2289367,0.045489833,0.2443461,0.61819565,-0.3408628
2504.0,-7.740454,-5.5042696,-0.02873042,0.2919936,0.5852089,-0.28588495
2512.0,-7.714118,-5.583278,-0.14604631,0.29077184,0.54611355,-0.24556783
2522.0,-7.747637,-5.734113,-0.36391866,0.25045475,0.50823987,-0.22724187
2532.0,-7.723695,-5.7748146,-0.4165911,0.16615535,0.47525316,-0.1966986
2544.0,-7.809886,-5.5401826,-0.25857377,0.037873644,0.44348818,-0.19058995
2551.0,-7.836222,-5.473145,-0.22984336,-0.096516706,0.41538838,-0.19303341
2562.0,-7.9104424,-5.389348,-0.11731588,-0.20158553,0.3885103,-0.17959438
2569.0,-7.941567,-5.3558292,-0.079008654,-0.18570304,0.31398472,-0.16982053
2581.0,-7.9583263,-5.2624555,-0.16998832,-0.08674286,0.28955013,-0.14172074
2589.0,-7.9511437,-5.1547165,-0.016759412,0.02076942,0.25411993,-0.12950343
2600.0,-8.00621,-5.1810527,0.011971008,0.10873401,0.2284636,-0.12583824
2611.0,-7.8793178,-5.267244,-0.06703765,0.13805555,0.19303341,-0.103847094
2623.0,-7.776367,-5.3103395,0.023942016,0.09407325,0.1685988,-0.09407325
2631.0,-7.843405,-5.2361193,-0.050278235,0.0061086523,0.15149458,-0.11484267
2641.0,-8.080431,-5.451597,-0.10055647,-0.10873401,0.1282817,-0.13072516
2651.0,-7.967903,-5.523423,0.019153614,-0.22968534,0.11362094,-0.12705997
2660.0,-7.9750857,-5.5497594,0.06703765,-0.31520647,0.095294975,-0.12461651
2670.0,-8.094796,-5.4204726,0.095768064,-0.34574974,0.09162979,-0.13072516
2682.0,-8.1642275,-5.317522,0.16519992,-0.31642818,0.06352998,-0.13439035
2690.0,-8.137892,-5.425261,0.22984336,-0.26267207,0.04520403,-0.10751228
2700.0,-8.090008,-5.4779334,0.08379706,-0.19181168,0.02565634,-0.0842994
2710.0,-8.133103,-5.7628436,-0.019153614,-0.13927728,0.019547688,-0.05497787
2721.0,-8.099585,-5.853823,0.01436521,-0.118507855,0.0061086523,-0.02443461
2732.0,-8.109161,-5.6527104,0.062249243,-0.12339478,-0.0036651916,-0.018325957
2743.0,-8.051701,-5.57849,0.16759412,-0.15271631,-0.013439035,-0.02076942
2752.0,-8.00621,-5.556942,0.15562311,-0.21013765,-0.014660766,-0.018325957
2762.0,-8.00621,-5.5976434,0.21308395,-0.27366763,-0.015882496,-0.009773844
2772.0,-7.953538,-5.6000376,0.38307226,-0.31398472,-0.02443461,0.0061086523
2783.0,-7.989451,-5.6359506,0.39264908,-0.32375857,-0.029321533,0.009773844
2792.0,-8.001422,-5.6790466,0.39983168,-0.29077184,-0.030543262,0.018325957
2804.0,-7.9367785,-5.741296,0.4381389,-0.23701571,-0.04886922,0.04520403
2813.0,-7.9224133,-5.657499,0.4165911,-0.18448131,-0.05375614,0.05009095
2823.0,-7.821857,-5.729325,0.30645782,-0.13561209,-0.05497787,0.05009095
2833.0,-7.8146744,-5.5880666,0.2681506,-0.08552113,-0.062308256,0.04520403
2843.0,-7.819463,-5.415684,0.2896984,-0.0720821,-0.064751714,0.04153884
2854.0,-7.797915,-5.401319,0.2657564,-0.096516706,-0.065973446,0.02687807
2865.0,-7.9104424,-5.5282116,0.2753332,-0.12583824,-0.06963864,0.013439035
2874.0,-7.8386164,-5.5497594,0.2633622,-0.14905111,-0.06841691,0.015882496
2885.0,-7.764396,-5.568913,0.35194764,-0.15882497,-0.06963864,0.009773844
2893.0,-7.716512,-5.590461,0.4333505,-0.1563815,-0.073303826,0.007330383
2904.0,-7.776367,-5.45878,0.33039984,-0.13194689,-0.08552113,0.008552114
2913.0,-7.73806,-5.475539,0.2801216,-0.10751228,-0.08674286,0.015882496
2926.0,-7.728483,-5.461174,0.35913026,-0.07696902,-0.09162979,0.0061086523
2934.0,-7.6949644,-5.4803276,0.39504328,-0.039095376,-0.080634214,0.0012217305
2944.0,-7.7189064,-5.3127337,0.35913026,-0.02076942,-0.080634214,0.0061086523
2955.0,-7.723695,-5.401319,0.33279404,-0.02076942,-0.0720821,-0.0036651916
2965.0,-7.7931266,-5.518635,0.18435353,-0.029321533,-0.064751714,-0.010995574
2975.0,-7.855376,-5.451597,0.08619126,-0.04520403,-0.057421334,-0.008552114
2986.0,-7.8793178,-5.470751,0.17477672,-0.056199603,-0.05497787,-0.012217305
2994.0,-7.795521,-5.463568,0.20829555,-0.06841691,-0.05497787,-0.004886922
3006.0,-7.807492,-5.434838,0.30645782,-0.080634214,-0.042760566,0.0061086523
3015.0,-7.785944,-5.554548,0.32321724,-0.07574729,-0.039095376,0.010995574
3024.0,-7.8290396,-5.580884,0.32321724,-0.058643065,-0.036651913,0.02076942
