55.0,2.2816741,-1.6256629,9.188946,0.004886922,-0.015882496,0.0012217305
55.0,2.2577322,-1.7238252,9.220071,0.15760323,0.14294247,-0.073303826
55.0,2.2577322,-1.9177556,9.138668,-0.032986723,-0.28221974,-0.2602286
63.0,2.243367,-2.1068976,9.052477,-0.2773328,-0.41172317,-0.2687807
68.0,2.2601264,-2.2290018,9.002198,-0.34574974,0.35796702,0.12583824
77.0,2.336741,-2.2529438,8.92319,-0.5375614,0.3555236,0.1600467
89.0,2.3463178,-2.1906946,8.856153,-0.6792821,0.1563815,0.112399206
97.0,2.2649148,-2.2122424,8.779537,-0.7012733,-0.02565634,0.039095376
108.0,2.3080103,-2.1787236,8.63828,-0.6976081,-0.04642576,0.014660766
119.0,2.3415294,-2.1691468,8.532935,-0.7122689,-0.07086037,-0.008552114
127.0,2.2816741,-2.1164744,8.406042,-0.75502944,-0.09896017,-0.02687807
138.0,2.348712,-2.1284454,8.267179,-0.8344419,-0.13194689,-0.037873644
151.0,2.327164,-2.1068976,8.061277,-1.0995574,-0.1966986,-0.0720821
157.0,2.3798366,-2.15957,7.884106,-1.0995574,-0.1966986,-0.0720821
168.0,2.3774424,-2.2385786,7.654263,-1.2815952,-0.23701571,-0.09162979
178.0,2.396596,-2.3558946,7.5441294,-1.4660766,-0.28344148,-0.119729586
188.0,2.396596,-2.60968,7.513005,-1.7837266,-0.37751472,-0.20769419
198.0,2.4253263,-2.7581203,7.6111674,-1.9107865,-0.4202753,-0.24923302
209.0,2.528277,-3.0909145,7.61835,-2.008525,-0.4642576,-0.29077184
218.0,2.597709,-3.1842883,7.513005,-2.07572,-0.5045747,-0.33841935
228.0,2.7748797,-3.145981,7.3549876,-2.1587977,-0.5522222,-0.38240165
238.0,2.8275523,-3.1316159,7.1610575,-2.3200662,-0.593761,-0.4166101
249.0,2.885013,-3.371036,6.9503675,-2.5680776,-0.6230826,-0.4447099
258.0,3.0621839,-3.9624038,6.9024835,-2.855184,-0.6389651,-0.47036624
271.0,3.1555579,-4.618415,6.8569937,-3.1129694,-0.6450737,-0.48380527
278.0,3.3063924,-5.2409077,6.9288197,-3.3035593,-0.6426302,-0.4813618
288.0,3.4117374,-5.8634,6.9838862,-3.4330628,-0.63285637,-0.47525316
298.0,3.5697548,-6.2345014,6.9743094,-3.5344663,-0.61453044,-0.47647488
308.0,3.739743,-6.619968,6.7588315,-3.6334264,-0.59620446,-0.47036624
318.0,3.8594532,-6.9048777,6.6079965,-3.7299433,-0.56688297,-0.46670106
329.0,3.8786068,-7.144298,6.421249,-3.811799,-0.52290064,-0.48258355
338.0,3.8977604,-7.48188,5.995081,-3.8948767,-0.47891834,-0.49113566
349.0,4.0054994,-7.66384,5.686229,-3.9828415,-0.43127087,-0.46914452
358.0,3.9025488,-7.843405,5.403713,-4.070806,-0.36774087,-0.4447099
368.0,3.9719806,-8.224083,5.12838,-4.1551056,-0.3042109,-0.4361578
378.0,3.940856,-8.825027,4.7620673,-4.2540655,-0.25411993,-0.42149702
389.0,4.1132383,-9.323022,4.3382936,-4.3921213,-0.2003638,-0.36041048
398.0,4.134786,-9.744401,3.9935284,-4.5191813,-0.14294247,-0.29565877
408.0,4.211401,-9.847352,3.5434184,-4.5704937,-0.08307768,-0.2883284
418.0,4.048595,-10.010158,3.1747115,-4.583933,-0.008552114,-0.2968805
428.0,3.9695864,-9.947908,2.6791117,-4.6205845,0.056199603,-0.26389378
438.0,3.7732618,-9.792285,2.1978772,-4.710993,0.09773844,-0.20891592
450.0,3.727772,-9.660604,1.7549498,-4.8624873,0.119729586,-0.16371189
458.0,3.6583402,-9.473856,1.283292,-5.053077,0.14172074,-0.118507855
468.0,3.5290532,-9.270349,0.7350199,-5.2656584,0.17348573,-0.07452556
478.0,3.4572272,-9.323022,0.21068975,-5.472131,0.19181168,-0.037873644
488.0,3.454833,-9.576807,-0.2896984,-5.61263,0.19425514,-0.036651913
498.0,3.5338416,-9.945514,-0.79726917,-5.6089644,0.19058995,-0.062308256
509.0,3.4979286,-10.357317,-1.1180922,-5.434257,0.20158553,-0.05375614
518.0,3.4500446,-10.381259,-1.5466543,-5.1019464,0.20769419,-0.010995574
528.0,3.4811692,-10.232818,-1.7405846,-4.6535716,0.21013765,0.019547688
538.0,3.5194764,-9.991004,-2.1188686,-4.1465535,0.20158553,0.02565634
549.0,3.6128504,-9.665392,-2.4660277,-3.6517525,0.18203785,0.040317107
558.0,3.596091,-9.346964,-2.6408045,-3.2045991,0.16371189,0.062308256
570.0,3.6774938,-9.143456,-2.8323407,-2.8075366,0.13805555,0.08552113
578.0,3.6966474,-9.050082,-2.9975405,-2.4495697,0.12217305,0.118507855
588.0,3.8379054,-9.076419,-3.265691,-2.1270328,0.09773844,0.15271631
598.0,3.9384618,-9.050082,-3.466804,-1.8460348,0.07086037,0.17470746
611.0,3.9456444,-9.074024,-3.8187518,-1.6053538,0.042760566,0.172264
620.0,3.9193082,-9.097966,-4.06296,-1.3878858,0.013439035,0.16249016
632.0,3.845088,-9.004593,-4.1706996,-1.1753048,-0.010995574,0.16982053
642.0,3.9097314,-8.887277,-4.426879,-1.0042624,-0.042760566,0.18936823
651.0,3.9145198,-8.772355,-4.546589,-0.9053023,-0.07819075,0.21380283
662.0,3.8187518,-8.793902,-4.8985367,-0.906524,-0.10140363,0.23701571
671.0,3.6367924,-9.141062,-5.21936,-0.9896017,-0.13439035,0.2602286
681.0,3.3542767,-9.557653,-5.5880666,-1.1215485,-0.17104226,0.28099802
691.0,3.1028855,-10.299856,-5.8083334,-1.2425,-0.20525073,0.3042109
701.0,2.8898015,-11.077971,-6.3685765,-1.3206906,-0.25778514,0.3567453
711.0,2.96881,-11.851298,-6.955156,-1.3683381,-0.32375857,0.45204028
720.0,2.8443117,-12.514492,-7.5345526,-1.4269812,-0.40194935,0.5717699
730.0,2.741361,-12.974179,-7.920019,-1.5283848,-0.48747048,0.72692966
739.0,2.3630772,-13.350069,-8.389283,-1.672549,-0.5888741,0.8918633
754.0,2.1452048,-13.639767,-8.872911,-1.8020525,-0.72082096,1.0580186
760.0,2.078167,-13.90313,-9.203311,-1.8765781,-0.88086766,1.2644911
770.0,2.1811178,-14.252683,-9.787497,-1.8973475,-1.0714576,1.505172
781.0,2.0709844,-14.599842,-10.390836,-1.8692477,-1.282817,1.749518
792.0,1.757344,-14.717158,-11.054029,-1.7873917,-1.5491543,1.9804251
802.0,1.3814543,-15.047558,-11.741165,-1.5968018,-1.8338175,2.162463
812.0,1.1731589,-15.397111,-12.229582,-1.2632693,-2.1331415,2.3677137
821.0,1.2952632,-15.155296,-12.445061,-0.8368854,-2.453235,2.605951
831.0,1.532289,-14.54717,-12.720393,-0.4447099,-2.7708848,2.8307495
842.0,1.8555063,-14.233529,-12.864046,-0.19914207,-3.1080823,3.0653217
852.0,1.946486,-13.563152,-12.263102,-0.05497787,-3.4489453,3.299894
860.0,1.8435353,-12.672509,-11.343728,0.10262536,-3.7531562,3.4953709
873.0,1.6184803,-11.877635,-10.381259,0.3200934,-4.010941,3.667635
881.0,1.4820108,-11.207258,-10.218452,0.5693264,-4.24307,3.876551
894.0,1.8722657,-10.362105,-9.662998,0.752586,-4.454429,4.107458
902.0,1.8243817,-9.457097,-8.813056,0.8772025,-4.6523495,4.2491784
910.0,1.5777789,-8.595184,-7.8266454,1.001819,-4.800179,4.3285913
921.0,1.4197617,-8.027759,-7.03177,1.1801916,-4.8942523,4.3982296
932.0,1.6352397,-6.847417,-5.9663506,1.4184291,-4.940678,4.482529
941.0,1.6783354,-5.3965306,-4.8578353,1.6811012,-4.935791,4.505742
952.0,1.6376339,-4.465186,-4.0916905,1.8790215,-4.8905873,4.4813075
963.0,1.7190368,-3.7301662,-3.679888,1.9767599,-4.817283,4.4348817
971.0,1.7022774,-3.478775,-3.6008794,1.9669861,-4.7061057,4.382347
979.0,1.6519991,-3.1172507,-3.4141316,1.8545868,-4.5949283,4.2992697
994.0,1.5658079,-3.0669725,-3.7588966,1.6530013,-4.4764204,4.1636577
1001.0,1.3718776,-2.9520507,-3.4620156,1.3561208,-4.365243,3.9877284
1011.0,1.1228806,-2.719813,-2.3343468,1.0177015,-4.2626176,3.7653735
1022.0,0.6679823,-2.5905263,-1.3192052,0.78801614,-4.157549,3.4611626
1032.0,0.30645782,-2.6001031,-0.3184288,0.73426,-4.0036106,3.1483996
1066.0,0.093373865,-2.3630772,0.82360536,0.8552113,-3.8337903,2.8576276
1066.0,-0.20590134,-1.520318,1.8459295,1.3634512,-3.3402112,2.2675319
1066.0,-1.6448165,0.58418524,2.3894134,1.4404203,-3.042109,1.9767599
1070.0,-2.7581203,1.5586253,3.016694,1.3267993,-2.733011,1.6847663
1080.0,-3.904943,1.7669208,2.5450363,1.1753048,-2.4288,1.3487904
1091.0,-4.462792,0.62967503,3.3782187,1.142318,-2.1099286,1.0616838
1100.0,-5.683835,1.4030021,6.943185,1.3267993,-1.6639969,0.8014552
1112.0,-6.1938,4.841076,8.02297,1.500285,-1.1349876,0.2724459
1121.0,-5.2241483,5.1020436,7.7667904,1.2925909,-0.6719518,-0.14660765
1130.0,-4.9943047,1.2473791,6.126762,0.65484756,-0.28221974,-0.09773844
1140.0,-6.4284315,-2.9113493,3.6008794,-0.04886922,0.02565634,-0.028099801
1152.0,-7.848193,-5.765238,1.5059528,-0.40194935,0.21380283,-0.13805555
1161.0,-8.0924015,-6.5960255,0.30885202,-0.33964106,0.267559,-0.15271631
1172.0,-7.9750857,-5.183447,0.02633622,-0.12705997,0.22968534,-0.081855945
1181.0,-7.9343843,-3.3662477,0.47165772,-0.002443461,0.17715092,-0.043982297
1192.0,-7.9008656,-2.384625,1.2282255,0.013439035,0.13927728,-0.010995574
1203.0,-8.214506,-2.4947581,1.6687586,0.12705997,0.1001819,0.07696902
1211.0,-8.499416,-2.719813,1.9297266,0.43860126,0.096516706,0.15882497
1221.0,-8.825027,-2.695871,1.7788919,0.8246681,0.11362094,0.17837265
1234.0,-9.011775,-2.4851813,1.7238252,1.0824533,0.12461651,0.18448131
1242.0,-9.02614,-2.4372973,1.6041151,1.105666,0.1441642,0.12339478
1253.0,-8.99741,-2.8921957,1.3575124,0.9236283,0.16615535,0.036651913
1261.0,-8.913613,-3.5003228,1.2856863,0.5644395,0.15882497,0.012217305
1272.0,-8.7292595,-3.6032736,1.3862427,0.13194689,0.14294247,-0.009773844
1282.0,-8.796297,-3.9743748,1.3144168,-0.23335053,0.1160644,-0.064751714
1292.0,-8.810662,-4.3382936,1.3862427,-0.45814893,0.081855945,-0.095294975
1301.0,-8.789114,-4.450821,1.4796166,-0.50701815,0.040317107,-0.112399206
1312.0,-8.820239,-4.235343,1.6639702,-0.40683624,0.017104227,-0.112399206
1322.0,-8.882488,-4.110844,1.6759412,-0.2321288,0.010995574,-0.111177474
1331.0,-8.841787,-4.3143516,1.6687586,-0.08307768,-0.014660766,-0.095294975
1342.0,-8.853758,-4.2185836,1.9273324,0.013439035,-0.012217305,-0.089186326
1355.0,-8.860941,-3.976769,2.123657,0.105068825,0.0,-0.11362094
1361.0,-8.695741,-3.7948096,2.0494366,0.1685988,0.010995574,-0.103847094
1371.0,-8.540117,-3.86903,2.0805612,0.16126843,0.02321288,-0.073303826
1381.0,-8.51857,-3.952827,1.934515,0.09040806,0.03176499,-0.0720821
1392.0,-8.554482,-4.0701427,1.8171991,-0.0036651916,0.047647487,-0.0720821
1402.0,-8.511387,-4.1132383,1.6687586,-0.07574729,0.05375614,-0.07086037
1413.0,-8.571242,-4.0581717,1.6783354,-0.10140363,0.065973446,-0.06841691
1422.0,-8.626308,-3.9791632,1.6711528,-0.07452556,0.065973446,-0.065973446
1432.0,-8.588001,-3.8067808,1.721431,-0.018325957,0.06841691,-0.058643065
1442.0,-8.50181,-3.6703112,1.7310078,0.036651913,0.062308256,-0.030543262
1452.0,-8.607155,-3.6152446,1.7717092,0.06841691,0.080634214,-0.019547688
1462.0,-8.542512,-3.6487634,1.673547,0.07574729,0.08307768,-0.02443461
1473.0,-8.523358,-3.5410242,1.673547,0.058643065,0.07941248,-0.015882496
1483.0,-8.604761,-3.5649664,1.5753847,0.040317107,0.08307768,-0.030543262
1491.0,-8.710106,-3.5434184,1.4867992,0.014660766,0.09773844,-0.040317107
1501.0,-8.719683,-3.6152446,1.4317327,-0.02076942,0.09407325,-0.040317107
1511.0,-8.66701,-3.751714,1.2617443,-0.062308256,0.09407325,-0.042760566
1521.0,-8.66701,-3.7014358,1.3551182,-0.09162979,0.089186326,-0.04886922
1532.0,-8.652645,-3.8762126,1.3790601,-0.08674286,0.07696902,-0.062308256
1543.0,-8.7125,-3.9911342,1.3263878,-0.064751714,0.06352998,-0.05009095
1552.0,-8.7053175,-3.9240966,1.5969325,-0.039095376,0.065973446,-0.037873644
1564.0,-8.755595,-3.9264908,1.5586253,-0.007330383,0.05497787,-0.04520403
1572.0,-8.686164,-3.7612908,1.7238252,0.015882496,0.05009095,-0.037873644
1582.0,-8.59279,-3.7924154,1.7310078,0.02687807,0.05375614,-0.034208454
1594.0,-8.614338,-3.7588966,1.6400281,0.02687807,0.05009095,-0.03176499
1602.0,-8.647857,-3.6056678,1.6687586,-0.0061086523,0.05497787,-0.03176499
1612.0,-8.580819,-3.6415808,1.6496049,-0.064751714,0.058643065,-0.037873644
1623.0,-8.6095495,-3.8546648,1.541866,-0.12461651,0.061086524,-0.039095376
1633.0,-8.717288,-3.9719806,1.4460979,-0.15393804,0.061086524,-0.039095376
1643.0,-8.7532015,-3.9863458,1.3982137,-0.14905111,0.057421334,-0.04520403
1654.0,-8.611943,-4.06296,1.4413095,-0.10873401,0.04642576,-0.04520403
1661.0,-8.571242,-4.0222588,1.4030021,-0.042760566,0.039095376,-0.04153884
1671.0,-8.48984,-4.1180267,1.4460979,0.032986723,0.039095376,-0.037873644
1683.0,-8.394072,-4.074931,1.484405,0.09162979,0.029321533,-0.032986723
1693.0,-8.439561,-3.98874,1.5059528,0.1282817,0.040317107,-0.034208454
1703.0,-8.525752,-3.940856,1.5131354,0.15149458,0.04153884,-0.035430185
1714.0,-8.578424,-3.763685,1.5442601,0.14905111,0.05009095,-0.039095376
1723.0,-8.566454,-3.8307228,1.5634137,0.15882497,0.05009095,-0.052534413
1731.0,-8.580819,-3.7972038,1.5514427,0.16982053,0.061086524,-0.042760566
1742.0,-8.42759,-3.691859,1.685518,0.15760323,0.07696902,-0.02687807
1753.0,-8.516175,-3.6511576,1.6903064,0.14294247,0.073303826,-0.040317107
1761.0,-8.415619,-3.70383,1.5801731,0.13072516,0.073303826,-0.056199603
1773.0,-8.422802,-3.8355112,1.5801731,0.1282817,0.07086037,-0.058643065
1781.0,-8.468291,-3.8355112,1.4460979,0.14049901,0.0720821,-0.064751714
1792.0,-8.532935,-3.9336734,1.3670892,0.15760323,0.081855945,-0.07696902
1801.0,-8.528147,-3.9863458,1.3934253,0.17470746,0.081855945,-0.07452556
1811.0,-8.588001,-3.9600096,1.3814543,0.17837265,0.07696902,-0.06841691
1821.0,-8.607155,-3.976769,1.5490485,0.17959438,0.0842994,-0.06841691
1833.0,-8.561666,-3.9480386,1.541866,0.17837265,0.08674286,-0.06352998
1842.0,-8.4826565,-3.8786068,1.5897499,0.16982053,0.09773844,-0.058643065
1853.0,-8.449138,-3.9240966,1.5825673,0.17715092,0.09773844,-0.058643065
1862.0,-8.415619,-3.9121256,1.5873557,0.17715092,0.09773844,-0.058643065
1874.0,-8.511387,-4.0653543,1.448492,0.19181168,0.10873401,-0.062308256
1882.0,-8.573636,-4.1515455,1.3742718,0.19547687,0.111177474,-0.062308256
1893.0,-8.616732,-4.223372,1.3096284,0.1881465,0.111177474,-0.06719518
1902.0,-8.683769,-4.1491513,1.3024458,0.17837265,0.111177474,-0.0720821
1912.0,-8.690952,-4.0916905,1.3694834,0.16737708,0.10995574,-0.073303826
1921.0,-8.441956,-3.9264908,1.5610195,0.1282817,0.10140363,-0.056199603
1931.0,-8.470686,-3.904943,1.6687586,0.12705997,0.09162979,-0.05131268
1942.0,-8.516175,-3.7972038,1.7262194,0.15271631,0.09773844,-0.05131268
1954.0,-8.537724,-3.8067808,1.6759412,0.19914207,0.1001819,-0.056199603
1963.0,-8.559271,-3.6990416,1.5442601,0.23579398,0.1001819,-0.056199603
1972.0,-8.6095495,-3.7780502,1.4676456,0.23945917,0.10262536,-0.059864793
1983.0,-8.635885,-3.6942532,1.448492,0.20891592,0.10140363,-0.061086524
1994.0,-8.7125,-3.6990416,1.5251064,0.1563815,0.105068825,-0.065973446
2003.0,-8.626308,-3.7828386,1.4460979,0.105068825,0.09773844,-0.06841691
2013.0,-8.487445,-3.7660792,1.4867992,0.073303826,0.096516706,-0.07452556
2023.0,-8.48984,-3.799598,1.5155296,0.07941248,0.09162979,-0.08307768
2032.0,-8.391677,-3.8019924,1.4915876,0.09285152,0.089186326,-0.07819075
2064.0,-8.35337,-3.7804444,1.4293385,0.08552113,0.09407325,-0.073303826
2064.0,-8.449138,-3.787627,1.4508862,0.07574729,0.09162979,-0.087964594
2064.0,-8.604761,-3.8187518,1.4173675,0.057421334,0.1001819,-0.10140363
2073.0,-8.62152,-3.9743748,1.4341269,0.03176499,0.10629055,-0.095294975
2082.0,-8.566454,-3.8905778,1.3335704,0.0,0.10140363,-0.08307768
2091.0,-8.573636,-3.833117,1.3862427,-0.02687807,0.09773844,-0.089186326
2101.0,-8.523358,-4.0677485,1.4149733,-0.042760566,0.089186326,-0.09407325
2113.0,-8.461109,-4.120421,1.3838485,-0.052534413,0.07819075,-0.081855945
2121.0,-8.360553,-4.1922474,1.3551182,-0.057421334,0.07452556,-0.06352998
2133.0,-8.51857,-4.1659107,1.2617443,-0.065973446,0.06963864,-0.059864793
2141.0,-8.564059,-4.072537,1.3982137,-0.087964594,0.064751714,-0.05497787
2153.0,-8.468291,-4.1180267,1.3599066,-0.103847094,0.059864793,-0.05009095
2162.0,-8.53054,-4.156334,1.4413095,-0.103847094,0.05497787,-0.037873644
2172.0,-8.573636,-4.0318356,1.4197617,-0.09285152,0.05497787,-0.028099801
2182.0,-8.664616,-4.0198646,1.4317327,-0.07696902,0.05497787,-0.02443461
2194.0,-8.652645,-3.9576154,1.4532804,-0.06963864,0.052534413,-0.015882496
2202.0,-8.564059,-3.8618474,1.42455,-0.06719518,0.052534413,-0.02076942
2211.0,-8.678981,-3.976769,1.3958195,-0.062308256,0.05131268,-0.029321533
2224.0,-8.66701,-4.015076,1.3599066,-0.06841691,0.059864793,-0.02687807
2233.0,-8.623915,-3.9959226,1.3694834,-0.089186326,0.057421334,-0.02565634
2243.0,-8.544906,-4.0940847,1.2689269,-0.10873401,0.04886922,-0.02443461
2255.0,-8.499416,-4.187459,1.2473791,-0.1282817,0.04642576,-0.014660766
2261.0,-8.441956,-4.256891,1.2545617,-0.13683382,0.035430185,-0.012217305
2272.0,-8.48984,-4.24492,1.2545617,-0.13683382,0.028099801,-0.009773844
2282.0,-8.549694,-4.175488,1.2976574,-0.119729586,0.014660766,-0.007330383
2292.0,-8.676587,-4.0892963,1.2641385,-0.09896017,0.017104227,0.0
2302.0,-8.779537,-4.000711,1.2665327,-0.0842994,0.018325957,0.0061086523
2313.0,-8.643068,-4.0294414,1.2856863,-0.08552113,0.014660766,0.010995574
2324.0,-8.678981,-4.098873,1.3383588,-0.081855945,0.008552114,0.015882496
2332.0,-8.6574335,-4.074931,1.283292,-0.080634214,0.013439035,0.02076942
2342.0,-8.449138,-3.9624038,1.2425907,-0.07696902,0.002443461,0.019547688
2355.0,-8.475474,-4.050989,1.2090719,-0.07574729,-0.008552114,0.018325957
2363.0,-8.480263,-4.0677485,1.3192052,-0.0842994,-0.004886922,0.015882496
2373.0,-8.506598,-4.1132383,1.2904748,-0.08307768,-0.0036651916,0.007330383
2382.0,-8.492233,-4.1395745,1.2641385,-0.0720821,0.008552114,0.002443461
2393.0,-8.453926,-4.2066126,1.1851299,-0.06352998,0.008552114,0.0036651916
2403.0,-8.485051,-4.201824,1.0726024,-0.064751714,0.004886922,0.010995574
2413.0,-8.50181,-4.235343,1.0486604,-0.073303826,0.0061086523,0.010995574
2423.0,-8.485051,-4.209007,1.055843,-0.080634214,0.009773844,0.007330383
2435.0,-8.394072,-4.2281604,1.1133038,-0.07696902,-0.008552114,0.004886922
2444.0,-8.4347725,-4.2880154,1.151611,-0.06352998,-0.013439035,0.007330383
2454.0,-8.348581,-4.197036,1.3120226,-0.05131268,-0.012217305,0.013439035
2461.0,-8.329428,-4.158728,1.3670892,-0.04520403,-0.012217305,0.0036651916
2473.0,-8.418014,-4.209007,1.4149733,-0.04520403,-0.007330383,-0.004886922
2483.0,-8.51857,-4.1132383,1.3982137,-0.042760566,-0.007330383,-0.009773844
2493.0,-8.525752,-4.156334,1.328782,-0.035430185,0.004886922,-0.014660766
2503.0,-8.523358,-4.2066126,1.2521675,-0.030543262,0.017104227,-0.012217305
2512.0,-8.556877,-4.225766,1.1755531,-0.02565634,0.019547688,-0.0061086523
2523.0,-8.480263,-4.280833,1.1755531,-0.02565634,0.017104227,0.0061086523
2533.0,-8.588001,-4.24492,1.1468226,-0.02565634,0.02321288,0.008552114
2543.0,-8.552089,-4.295198,1.0869676,-0.007330383,0.02321288,0.017104227
2555.0,-8.588001,-4.2544966,1.1061212,0.015882496,0.017104227,0.032986723
2564.0,-8.513782,-4.1156325,1.2066777,0.028099801,0.0061086523,0.04153884
2572.0,-8.449138,-4.048595,1.2449849,0.02443461,0.004886922,0.040317107
2582.0,-8.446744,-4.027047,1.364695,0.02565634,-0.0061086523,0.039095376
2593.0,-8.463503,-3.9504328,1.4149733,0.034208454,0.002443461,0.037873644
2602.0,-8.480263,-3.9360676,1.4053963,0.043982297,0.009773844,0.03176499
2613.0,-8.437167,-3.940856,1.3790601,0.039095376,0.015882496,0.034208454
2622.0,-8.499416,-3.9121256,1.316811,0.02321288,0.02076942,0.028099801
2633.0,-8.532935,-4.0222588,1.2617443,0.009773844,0.028099801,0.018325957
2643.0,-8.566454,-4.0557775,1.2042835,0.0061086523,0.03176499,0.021991149
2655.0,-8.549694,-4.1036615,1.2354081,0.014660766,0.03176499,0.02321288
2662.0,-8.492233,-4.110844,1.1540052,0.02443461,0.036651913,0.028099801
2675.0,-8.485051,-4.0797195,1.1827357,0.035430185,0.030543262,0.035430185
2683.0,-8.470686,-4.0318356,1.3383588,0.039095376,0.03176499,0.04153884
2693.0,-8.51857,-4.0557775,1.3718776,0.037873644,0.029321533,0.040317107
2703.0,-8.468291,-3.9839516,1.4628572,0.032986723,0.035430185,0.037873644
2713.0,-8.525752,-3.8618474,1.4413095,0.035430185,0.039095376,0.030543262
2723.0,-8.580819,-3.7900212,1.3670892,0.039095376,0.04642576,0.02443461
2733.0,-8.602366,-3.916914,1.3120226,0.030543262,0.05497787,0.021991149
2742.0,-8.616732,-3.940856,1.3000516,0.019547688,0.061086524,0.021991149
2752.0,-8.631097,-3.9600096,1.1923125,0.02443461,0.058643065,0.021991149
2761.0,-8.578424,-3.9911342,1.1420342,0.02443461,0.058643065,0.021991149
2771.0,-8.523358,-4.06296,1.1587936,0.012217305,0.062308256,0.028099801
2781.0,-8.588001,-4.084508,1.2282255,0.0012217305,0.064751714,0.021991149
2793.0,-8.50181,-4.050989,1.2138603,0.015882496,0.040317107,0.02687807
2801.0,-8.597578,-4.012682,1.2904748,0.02321288,0.043982297,0.021991149
2811.0,-8.626308,-3.9217024,1.340753,0.02076942,0.042760566,0.017104227
2822.0,-8.6095495,-3.9217024,1.3814543,0.017104227,0.042760566,0.015882496
2833.0,-8.724471,-3.9432502,1.3575124,0.028099801,0.03176499,0.019547688
2843.0,-8.62152,-3.8067808,1.412579,0.03176499,0.035430185,0.021991149
2854.0,-8.580819,-3.7493198,1.328782,0.021991149,0.042760566,0.017104227
2863.0,-8.542512,-3.8402996,1.3072342,0.004886922,0.05131268,0.010995574
2874.0,-8.542512,-3.9552212,1.2090719,-0.007330383,0.04520403,0.004886922
2884.0,-8.525752,-4.0892963,1.2354081,-0.013439035,0.042760566,0.0036651916
2893.0,-8.6095495,-4.2042184,1.0749966,-0.010995574,0.036651913,0.0
2903.0,-8.537724,-4.209007,1.1109096,-0.010995574,0.035430185,-0.0012217305
2915.0,-8.564059,-4.1156325,1.1204864,-0.002443461,0.028099801,-0.004886922
2924.0,-8.647857,-4.0653543,1.1947067,0.014660766,0.02321288,-0.004886922
2933.0,-8.604761,-4.0342298,1.2186487,0.015882496,0.02076942,-0.0012217305
2944.0,-8.585608,-3.9791632,1.3551182,0.010995574,0.013439035,-0.0012217305
2956.0,-8.559271,-3.8977604,1.3838485,0.021991149,0.009773844,-0.004886922
2965.0,-8.504205,-3.9240966,1.4101849,0.03176499,0.02321288,-0.004886922
2975.0,-8.422802,-3.8714242,1.4317327,0.028099801,0.014660766,-0.0061086523
2983.0,-8.422802,-3.845088,1.30484,0.014660766,0.017104227,-0.012217305
2993.0,-8.494628,-3.9911342,1.2976574,0.0061086523,0.02321288,-0.019547688
3003.0,-8.48984,-4.0533834,1.1994951,0.002443461,0.02687807,-0.02076942
3014.0,-8.506598,-4.189853,1.1348516,0.0061086523,0.02565634,-0.017104227
