30.0,1.2617443,-1.3024458,9.574412,0.004886922,-0.015882496,0.0012217305
30.0,1.5634137,-1.2880806,9.55047,0.16737708,0.13805555,-0.0842994
43.0,1.6783354,-1.8363527,9.552865,-0.034208454,-0.25289822,-0.3005457
49.0,1.5490485,-2.291251,9.473856,-0.13194689,-0.4129449,-0.26511553
62.0,1.4437037,-2.2529438,9.464279,-0.05497787,0.36651915,0.12705997
70.0,1.448492,-2.1092918,9.552865,-0.09896017,0.36896262,0.103847094
81.0,1.4772224,-2.1021092,9.562442,-0.11484267,0.17348573,0.035430185
90.0,1.5394717,-2.1284454,9.478644,-0.0842994,-0.004886922,0.010995574
100.0,1.661576,-2.1978772,9.557653,-0.035430185,-0.010995574,0.02565634
110.0,1.6017209,-2.1164744,9.495404,-0.0012217305,-0.012217305,0.017104227
122.0,1.6017209,-2.0039468,9.555259,0.002443461,-0.014660766,0.02687807
131.0,1.5993267,-1.9632454,9.600749,0.002443461,-0.014660766,0.02687807
140.0,1.6376339,-1.9057846,9.574412,-0.039095376,-0.02443461,0.05497787
150.0,1.6304513,-1.99437,9.643845,-0.047647487,-0.030543262,0.064751714
160.0,1.673547,-2.0829554,9.603143,-0.037873644,-0.032986723,0.073303826
170.0,1.6687586,-2.006341,9.64145,-0.004886922,-0.036651913,0.07452556
181.0,1.7405846,-1.9297266,9.536105,0.036651913,-0.030543262,0.073303826
190.0,1.7142484,-1.8866309,9.399636,0.07086037,-0.019547688,0.07452556
200.0,1.7381904,-1.8579005,9.368511,0.09285152,-0.007330383,0.073303826
211.0,1.7621324,-1.8459295,9.423578,0.09773844,0.004886922,0.06719518
222.0,1.8052281,-1.9033904,9.433155,0.0842994,0.014660766,0.059864793
232.0,1.7764976,-1.8243817,9.488221,0.057421334,0.02565634,0.05131268
242.0,1.7956513,-1.7621324,9.481039,0.02687807,0.04153884,0.034208454
251.0,1.7980455,-1.8100165,9.425972,-0.0012217305,0.057421334,0.015882496
261.0,1.7908629,-1.8746599,9.392453,-0.039095376,0.06963864,0.007330383
271.0,1.6472107,-1.8387469,9.380483,-0.07941248,0.07819075,-0.002443461
282.0,1.7310078,-1.8986019,9.368511,-0.11362094,0.08552113,-0.021991149
291.0,1.6783354,-1.8411411,9.28232,-0.14660765,0.09162979,-0.042760566
302.0,1.6567876,-1.9608512,9.270349,-0.18203785,0.09407325,-0.058643065
311.0,1.5777789,-1.9560628,9.31105,-0.21135938,0.10140363,-0.06963864
322.0,1.5394717,-2.1092918,9.308656,-0.22235495,0.10629055,-0.080634214
331.0,1.5610195,-2.0973208,9.323022,-0.21624629,0.09896017,-0.08674286
341.0,1.553837,-2.207454,9.248801,-0.19425514,0.096516706,-0.087964594
351.0,1.5682021,-2.2170308,9.258378,-0.16249016,0.096516706,-0.089186326
362.0,1.4796166,-2.147599,9.303867,-0.13439035,0.09407325,-0.089186326
371.0,1.3814543,-2.1811178,9.25359,-0.12461651,0.09162979,-0.08307768
381.0,1.3120226,-2.1787236,9.299079,-0.12461651,0.087964594,-0.07452556
391.0,1.30484,-2.1499932,9.210494,-0.13439035,0.080634214,-0.073303826
401.0,1.2785037,-2.1380222,9.210494,-0.14905111,0.0720821,-0.07452556
411.0,1.3431472,-2.2481554,9.251195,-0.1563815,0.062308256,-0.07574729
424.0,1.400608,-2.4229321,9.234436,-0.14660765,0.057421334,-0.073303826
431.0,1.3335704,-2.4779987,9.31105,-0.12705997,0.05009095,-0.06963864
441.0,1.3838485,-2.4516625,9.339781,-0.095294975,0.05375614,-0.07452556
451.0,1.3263878,-2.4396915,9.306262,-0.058643065,0.04886922,-0.07941248
461.0,1.3503298,-2.3798366,9.270349,-0.036651913,0.047647487,-0.07574729
471.0,1.3718776,-2.2768857,9.275137,-0.030543262,0.043982297,-0.07086037
482.0,1.3790601,-2.243367,9.232041,-0.034208454,0.040317107,-0.06719518
491.0,1.3814543,-2.2864625,9.287108,-0.05131268,0.039095376,-0.058643065
502.0,1.4772224,-2.3582888,9.313444,-0.07574729,0.034208454,-0.05009095
511.0,1.508347,-2.4349031,9.244013,-0.09773844,0.032986723,-0.040317107
522.0,1.5466543,-2.516306,9.323022,-0.111177474,0.030543262,-0.035430185
531.0,1.5969325,-2.3870192,9.279925,-0.10873401,0.02687807,-0.036651913
543.0,1.5753847,-2.4157495,9.215282,-0.1001819,0.028099801,-0.036651913
552.0,1.5586253,-2.3870192,9.291897,-0.09896017,0.028099801,-0.028099801
562.0,1.6232687,-2.4157495,9.255983,-0.10140363,0.030543262,-0.015882496
572.0,1.6160861,-2.528277,9.275137,-0.1001819,0.02321288,-0.0036651916
582.0,1.6376339,-2.4779987,9.337387,-0.10262536,0.021991149,0.004886922
592.0,1.5873557,-2.3918076,9.28232,-0.10873401,0.019547688,0.004886922
606.0,1.5586253,-2.4779987,9.232041,-0.13194689,0.019547688,0.004886922
614.0,1.5394717,-2.4971523,9.188946,-0.15760323,0.019547688,0.0036651916
625.0,1.5705963,-2.5761611,9.255983,-0.17592919,0.018325957,-0.0036651916
635.0,1.541866,-2.4851813,9.148245,-0.17837265,0.014660766,-0.012217305
645.0,1.5873557,-2.56419,9.119514,-0.17592919,0.014660766,-0.014660766
653.0,1.508347,-2.5115175,9.160215,-0.17837265,0.017104227,-0.009773844
666.0,1.532289,-2.5019407,9.136273,-0.19181168,0.010995574,-0.0012217305
675.0,1.4676456,-2.5378537,9.172187,-0.21991149,0.004886922,0.004886922
685.0,1.460463,-2.4396915,9.045294,-0.26389378,-0.0036651916,0.0061086523
693.0,1.3910311,-2.4229321,9.059659,-0.32375857,-0.02443461,0.004886922
705.0,1.4053963,-2.4779987,9.045294,-0.39828414,-0.040317107,0.012217305
715.0,1.4939818,-2.5474305,8.990228,-0.46670106,-0.056199603,0.019547688
726.0,1.4676456,-2.645593,9.021352,-0.5131268,-0.06719518,0.02076942
734.0,1.460463,-2.7940333,9.069236,-0.5326745,-0.07452556,0.013439035
744.0,1.5442601,-2.7844565,9.050082,-0.5375614,-0.07452556,0.0061086523
755.0,1.4676456,-2.6431987,8.966286,-0.54244834,-0.07086037,0.0012217305
766.0,1.4820108,-2.5881321,8.813056,-0.58276546,-0.07086037,0.0036651916
774.0,1.5059528,-2.6503813,8.810662,-0.6805039,-0.07574729,0.013439035
787.0,1.5251064,-2.6479871,8.817844,-0.83199847,-0.07452556,0.02443461
795.0,1.6041151,-2.873042,8.767567,-1.0054842,-0.056199603,0.036651913
805.0,1.5969325,-3.1962593,8.9279785,-1.1508701,-0.057421334,0.042760566
814.0,1.6472107,-3.454833,8.978256,-1.2388347,-0.04886922,0.042760566
827.0,1.7860745,-3.8977604,9.100361,-1.2571607,-0.05009095,0.04520403
835.0,1.8052281,-4.146757,9.179369,-1.2034045,-0.05009095,0.042760566
847.0,1.7741034,-4.3502645,9.203311,-1.0775663,-0.032986723,0.028099801
853.0,1.8195933,-4.5322237,9.279925,-0.89552844,-0.008552114,0.007330383
866.0,1.8483237,-4.572925,9.270349,-0.6621779,0.002443461,-0.010995574
875.0,1.8315643,-4.697424,9.267955,-0.40439278,0.02076942,-0.018325957
885.0,1.8579005,-4.6471453,9.272743,-0.14049901,0.034208454,-0.02076942
895.0,1.8076223,-4.570531,9.275137,0.09896017,0.059864793,-0.02565634
907.0,1.70946,-4.3478703,9.200917,0.28955013,0.07574729,-0.02076942
915.0,1.6089035,-3.9959226,9.121908,0.4202753,0.09285152,-0.010995574
927.0,1.5562311,-3.845088,9.112331,0.50335294,0.1001819,0.012217305
934.0,1.460463,-3.4955344,9.0476885,0.50335294,0.1001819,0.012217305
945.0,1.352724,-3.3542767,8.995016,0.3555236,0.08307768,0.057421334
955.0,1.3575124,-3.3279405,8.916007,0.25411993,0.07086037,0.06841691
966.0,1.3431472,-3.2154129,8.892065,0.14782938,0.065973446,0.0720821
974.0,1.2856863,-3.2393548,8.858546,0.04642576,0.05131268,0.07819075
986.0,1.2904748,-3.181894,8.789114,-0.052534413,0.05009095,0.087964594
996.0,1.2593501,-3.1747115,8.774749,-0.13439035,0.04520403,0.09040806
1006.0,1.3311762,-3.1028855,8.717288,-0.21135938,0.043982297,0.087964594
1014.0,1.2976574,-3.2273839,8.702923,-0.29932398,0.042760566,0.08674286
1028.0,1.3311762,-3.2034419,8.645462,-0.37384954,0.029321533,0.080634214
1057.0,1.3192052,-3.0214825,8.504205,-0.45814893,0.02687807,0.06963864
1057.0,1.4413095,-2.9855695,8.327033,-0.6059783,0.032986723,0.064751714
1057.0,1.4389153,-2.906561,8.0924015,-0.81245077,0.02321288,0.061086524
1063.0,1.4437037,-2.9855695,8.032547,-1.0824533,0.02565634,0.056199603
1074.0,1.412579,-3.086126,7.965509,-1.4062119,0.0,0.05131268
1086.0,1.412579,-3.3686419,7.872135,-1.767844,-0.015882496,0.04153884
1094.0,1.4820108,-3.799598,7.9726915,-2.1294763,-0.037873644,0.035430185
1104.0,1.5586253,-4.4939165,7.9726915,-2.4422393,-0.040317107,0.02565634
1114.0,1.757344,-4.8817773,7.9607205,-2.7207937,-0.047647487,0.017104227
1124.0,1.8411411,-5.0876784,7.9750857,-2.9663615,-0.043982297,0.0
1134.0,1.8890251,-5.485116,7.773973,-3.2021556,-0.004886922,-0.018325957
1145.0,1.8770541,-6.1219735,7.666234,-3.426954,0.02687807,-0.009773844
1155.0,1.9991584,-6.7827735,7.338228,-3.6395352,0.04520403,0.019547688
1164.0,1.8698715,-7.5944076,7.2951326,-3.8606684,0.09162979,0.07696902
1175.0,1.7477672,-8.580819,7.4723034,-4.056145,0.1563815,0.14905111
1185.0,1.5275006,-9.68694,7.575254,-4.1563272,0.19914207,0.21868975
1195.0,1.3192052,-10.474632,7.6949644,-4.147775,0.23701571,0.2968805
1207.0,1.1109096,-11.293449,7.529764,-4.0549235,0.2565634,0.37873647
1215.0,1.0055647,-12.090718,7.309498,-3.9180896,0.25900686,0.47036624
1227.0,0.8619126,-12.840104,7.1826053,-3.8484511,0.27855456,0.6035349
1236.0,0.61770403,-13.441049,7.062895,-3.8570032,0.29932398,0.752586
1245.0,0.36631286,-13.385982,6.5457473,-3.8899899,0.29810223,0.88086766
1255.0,0.15801731,-12.969391,6.227319,-3.9596286,0.30787608,0.9944886
1268.0,-0.14604631,-13.230358,5.705383,-4.070806,0.29077184,1.1362094
1275.0,-0.25378537,-13.752295,5.116409,-4.255287,0.2406809,1.4001031
1284.0,-0.2896984,-14.207192,4.5513773,-4.478864,0.20891592,1.7311921
1293.0,-0.40940848,-14.252683,3.833117,-4.6767845,0.17837265,2.0073032
1305.0,-0.8475474,-14.228741,2.791639,-4.9052477,0.13316862,2.2186625
1316.0,-1.376666,-14.84405,1.6352397,-5.2057934,0.062308256,2.4178047
1328.0,-1.5969325,-15.325285,0.2801216,-5.602856,-0.059864793,2.670703
1336.0,-1.6400281,-15.229517,-0.79726917,-5.9510493,-0.23823744,2.879619
1346.0,-1.8339585,-15.200787,-1.7429788,-6.139196,-0.45570546,3.0250046
1357.0,-1.9871874,-15.119384,-2.837129,-6.1905084,-0.70005155,3.1984904
1366.0,-1.8602947,-15.698781,-3.58412,-6.1440825,-0.9993755,3.4648278
1376.0,-1.6807296,-15.629349,-4.0892963,-5.988923,-1.2852604,3.7238345
1387.0,-1.4508862,-14.899117,-4.261679,-5.6224036,-1.5760323,3.8398988
1396.0,-1.4293385,-14.032416,-4.3023806,-4.9932127,-1.863139,3.86189
1406.0,-1.553837,-13.460202,-4.747702,-4.1551056,-2.1380284,3.8997638
1415.0,-1.091756,-13.204022,-5.3247046,-3.2119296,-2.4263568,4.02438
1427.0,-0.37349546,-12.006922,-5.1140146,-2.2797492,-2.7134633,4.188092
1435.0,-0.20350714,-10.66138,-4.7405195,-1.3573426,-2.9724703,4.1990876
1446.0,-0.6751649,-9.651027,-4.1515455,-0.43860126,-3.1936035,4.114788
1454.0,-1.1923125,-8.971074,-4.2664676,0.37384954,-3.3646457,4.11601
1467.0,-0.9983821,-8.2169,-3.8666358,0.95417154,-3.5210273,4.2394047
1476.0,-0.78290397,-7.038953,-3.2249897,1.2669345,-3.63587,4.3053784
1487.0,-0.5363012,-5.8322754,-2.4157495,1.3524556,-3.7421606,4.251622
1495.0,-0.39504328,-4.4723687,-1.3862427,1.2351695,-3.813021,4.188092
1508.0,-0.59855044,-3.7373488,-0.9840169,1.0213667,-3.8692205,4.0646973
1517.0,-0.81881696,-3.5984852,-0.5650316,0.77457714,-3.9107592,3.940081
1527.0,-0.7374141,-3.2561142,-0.08379706,0.5375614,-3.948633,3.8289034
1535.0,-0.7422025,-2.5234885,0.6895301,0.4166101,-3.9694023,3.6322048
1546.0,-0.91219085,-1.2449849,1.5682021,0.42271876,-3.9339721,3.3304374
1556.0,-1.043872,-0.11971009,2.3199813,0.45570546,-3.843564,3.0579915
1567.0,-1.3192052,0.7182605,3.110068,0.40439278,-3.7030652,2.8405235
1576.0,-1.3982137,1.2808979,4.0318356,0.2602286,-3.5112534,2.5912905
1586.0,-1.7405846,1.3239936,5.1475334,0.05497787,-3.2424726,2.298075
1597.0,-2.231396,0.9600749,5.851429,-0.118507855,-2.9578094,1.9779817
1607.0,-3.040636,0.47884035,6.4308257,-0.1600467,-2.605951,1.6468927
1616.0,-3.727772,-0.20111294,7.0461354,-0.029321533,-2.2015584,1.328021
1628.0,-4.158728,-0.5674258,7.9942393,0.25289822,-1.7690657,1.0348058
1635.0,-4.4580035,0.21787235,8.734048,0.625526,-1.2925909,0.72326446
1646.0,-4.76925,1.4460979,9.069236,0.93462384,-0.7733554,0.3848451
1656.0,-5.4300494,1.8387469,8.762778,1.0152581,-0.26145032,0.059864793
1665.0,-6.7085533,1.3814543,7.577648,0.9224065,0.1966986,-0.28344148
1677.0,-7.6949644,-0.24899697,5.997475,0.8051204,0.6096435,-0.5900958
1689.0,-8.406042,-2.1308396,4.9679685,0.7464773,0.956615,-0.7635816
1695.0,-8.7053175,-2.789245,4.3526587,0.8246681,1.2082914,-0.90408057
1706.0,-8.444349,-2.8060043,3.4165258,1.0042624,1.3842206,-1.0372492
1717.0,-7.9942393,-2.7844565,2.7246015,1.1044444,1.4978416,-1.097114
1727.0,-7.8170686,-3.1364043,1.7669208,0.8136725,1.5100589,-1.1569787
1735.0,-7.9966335,-4.865018,0.15801731,0.8136725,1.5100589,-1.1569787
1747.0,-8.178593,-6.7564373,-1.0845734,0.5326745,1.4391985,-1.0238101
1755.0,-8.552089,-7.989451,-1.8818425,-0.018325957,1.1410962,-0.69027776
1766.0,-8.180987,-7.9631147,-2.753332,-0.22357668,0.9285152,-0.46670106
1775.0,-7.78355,-7.9583263,-2.6839,-0.44593164,0.6817256,-0.21135938
1786.0,-7.445967,-8.231265,-2.621651,-0.68783426,0.3885103,0.036651913
1797.0,-7.668628,-8.710106,-2.2816741,-0.79901177,0.034208454,0.25411993
1808.0,-8.082825,-8.226477,-1.8100165,-0.6267477,-0.34697145,0.47891834
1816.0,-8.025364,-7.0700774,-0.9600749,-0.27366763,-0.6817256,0.68294734
1827.0,-7.9870567,-5.9687448,0.10055647,0.0720821,-0.9651671,0.8197812
1836.0,-8.008605,-5.0781016,0.9911995,0.33108896,-1.1985176,0.90041536
1847.0,-8.030152,-4.1371803,1.9273324,0.4813618,-1.3707817,0.96761054
1856.0,-7.7189064,-3.301604,3.004723,0.50579643,-1.4477507,1.0262536
1868.0,-7.311892,-2.7461493,4.1515455,0.39584067,-1.4672983,1.0531317
1877.0,-6.9719152,-2.1667526,5.4922986,0.19425514,-1.4049901,1.0128145
1887.0,-6.7133417,-1.3742718,6.3542113,-0.058643065,-1.2327261,0.89919364
1896.0,-6.813898,-0.9720459,6.5816603,-0.28344148,-1.0091494,0.7538077
1906.0,-7.2065473,-1.1827357,5.9902925,-0.37140608,-0.7623598,0.61086524
1917.0,-7.4962454,-1.7381904,5.875371,-0.21135938,-0.53023106,0.45937067
1929.0,-7.5800424,-1.3479356,7.445967,0.13316862,-0.25289822,0.30665436
1935.0,-7.678205,0.32561144,8.686164,0.3640757,0.1563815,0.08307768
1946.0,-7.2951326,1.0247183,8.35337,0.38973203,0.5534439,-0.25167647
1957.0,-6.751649,0.17717093,7.2568254,0.41416663,0.86254174,-0.5290093
1966.0,-6.631939,-1.5227122,6.114791,0.548557,1.1545353,-0.69027776
1976.0,-7.3885064,-2.9999347,4.699818,0.7611381,1.3976597,-0.77824235
1988.0,-8.437167,-3.6487634,3.572149,1.0042624,1.5662584,-0.88208944
1996.0,-8.930372,-3.3518825,2.2960393,1.2339478,1.6884315,-1.0800097
2006.0,-8.930372,-4.060566,0.6536171,1.3292428,1.7238617,-1.1924089
2016.0,-9.093178,-5.1666875,-0.4405331,1.0885619,1.6859881,-1.1472049
2027.0,-9.160215,-6.232107,-1.3790601,0.57787853,1.6187929,-1.142318
2060.0,-9.004593,-7.884106,-2.0614076,0.06841691,1.486846,-1.1252137
2060.0,-9.030929,-8.882488,-2.2290018,-0.31764993,1.3060299,-0.9932669
2060.0,-8.944737,-8.884883,-2.1811178,-0.52534413,1.1166617,-0.8368854
2067.0,-8.772355,-8.860941,-2.5187001,-0.5900958,0.87964594,-0.61208695
2075.0,-8.7125,-8.456321,-2.27928,-0.61819565,0.61575216,-0.312763
2085.0,-8.767567,-7.920019,-1.970428,-0.65240407,0.3005457,-0.02076942
2096.0,-9.059659,-7.740454,-1.6304513,-0.63285637,-0.056199603,0.2761111
2106.0,-9.41879,-7.795521,-1.3359646,-0.4728097,-0.44104472,0.5045747
2115.0,-9.358934,-7.433996,-0.7733272,-0.18936823,-0.7892379,0.70371675
2127.0,-8.99741,-6.7444663,-0.29448682,0.105068825,-1.0946705,0.87598073
2135.0,-8.724471,-5.8562174,0.20829555,0.25534168,-1.3414601,1.0091494
2146.0,-8.47308,-4.5657425,0.9792285,0.17715092,-1.5271631,1.097114
2157.0,-8.200141,-3.4500446,1.7597382,-0.05009095,-1.6444492,1.1191051
2168.0,-8.137892,-2.7461493,2.3199813,-0.2919936,-1.72264,1.110553
2176.0,-7.9966335,-2.4181437,2.966416,-0.44348818,-1.7592919,1.0897835
2188.0,-7.7787614,-2.1930888,3.8881836,-0.48502702,-1.7324139,1.0726794
2196.0,-7.323863,-1.721431,5.2361193,-0.44593164,-1.6358972,1.0555751
2207.0,-7.017405,-1.1755531,6.0645127,-0.3848451,-1.459968,0.9896017
2217.0,-6.9000893,-1.1587936,6.6750345,-0.35185838,-1.2217305,0.8735373
2229.0,-6.694188,-0.9864111,6.6103907,-0.376293,-0.9627236,0.7464773
2237.0,-6.4619503,-1.4748282,7.2927384,-0.38973203,-0.68783426,0.57910025
2247.0,-6.6056023,-0.4261679,8.420407,-0.36285394,-0.33841935,0.34208453
2256.0,-6.2512608,1.3215994,8.324639,-0.32986724,0.05375614,-0.02443461
2267.0,-5.753267,0.45489833,6.682217,-0.23457226,0.36774087,-0.3005457
2278.0,-6.0046577,-1.697489,4.7261543,-0.17348573,0.59131753,-0.42271876
2288.0,-6.4906807,-3.071761,3.7181952,-0.07452556,0.77213365,-0.548557
2296.0,-6.7971387,-4.4580035,3.3662477,0.15515977,0.9260717,-0.59986967
2307.0,-6.7348895,-4.6040497,3.0454245,0.47158796,1.0421361,-0.6206391
2318.0,-6.6271505,-3.3662477,2.7269957,0.7684685,1.1472049,-0.75991637
2329.0,-6.7827735,-2.2290018,2.4372973,0.80878556,1.2534955,-0.86742866
2336.0,-6.8522053,-2.1045034,2.27928,0.49113566,1.3182472,-0.91874135
2348.0,-6.9360023,-2.7868507,2.1811178,0.0720821,1.3548992,-0.9639453
2358.0,-7.079654,-3.7301662,1.8890251,-0.16493362,1.3695599,-0.95172805
2367.0,-7.28795,-4.474763,1.2689269,-0.15393804,1.3768903,-0.8918633
2376.0,-7.359776,-4.6902413,0.7350199,0.0,1.3646729,-0.84665924
2386.0,-7.326257,-4.8698063,0.5530606,0.14538592,1.3206906,-0.8210029
2397.0,-7.302315,-4.8482585,0.5243302,0.172264,1.2791518,-0.80878556
2408.0,-7.357382,-4.5633483,0.62728083,0.0842994,1.2449434,-0.8405506
2416.0,-7.632715,-4.4819455,0.62967503,-0.0842994,1.2302825,-0.88331115
2429.0,-7.8745294,-4.7309427,0.37110126,-0.2773328,1.1985176,-0.8918633
2438.0,-8.291121,-5.1666875,-0.21787235,-0.45204028,1.1630874,-0.86620694
2448.0,-8.78672,-5.475539,-0.35913026,-0.6072,1.1227703,-0.79901177
2456.0,-8.870518,-5.473145,-0.2801216,-0.71959925,1.073901,-0.75625116
2469.0,-8.78672,-5.683835,-0.062249243,-0.7452556,1.0054842,-0.71959925
2477.0,-8.590396,-5.6886234,0.021547815,-0.6951646,0.93218035,-0.6646214
2487.0,-8.544906,-5.961562,-0.16280572,-0.5900958,0.8527679,-0.6084218
2496.0,-8.475474,-6.2823853,-0.2681506,-0.4972443,0.77213365,-0.5448918
2507.0,-8.614338,-6.232107,-0.17477672,-0.4605924,0.6939429,-0.49968776
2517.0,-8.944737,-6.2752028,-0.11252748,-0.43982297,0.6377433,-0.49602258
2530.0,-8.966286,-6.2704144,-0.23702596,-0.34697145,0.51923543,-0.4288274
2536.0,-8.7125,-6.14831,-0.08379706,-0.34697145,0.51923543,-0.4288274
2547.0,-8.549694,-6.0357823,-0.011971008,-0.28955013,0.45570546,-0.40439278
2558.0,-8.394072,-6.1195793,-0.04309563,-0.23090707,0.41538838,-0.3640757
2567.0,-8.1642275,-6.0860605,0.050278235,-0.17837265,0.37018433,-0.31398472
2577.0,-8.087613,-6.0740895,-0.06464344,-0.13805555,0.3213151,-0.2773328
2588.0,-8.214506,-6.045359,-0.088585466,-0.12339478,0.2846632,-0.23701571
2597.0,-8.499416,-5.779603,-0.031124622,-0.13316862,0.2724459,-0.21868975
2607.0,-8.528147,-5.746084,0.074220255,-0.065973446,0.23579398,-0.204029
2617.0,-8.446744,-5.592855,-0.011971008,-0.0061086523,0.21868975,-0.18203785
2628.0,-8.305486,-5.547365,-0.16280572,0.021991149,0.19914207,-0.16249016
2639.0,-8.106767,-5.645528,-0.21308395,0.013439035,0.18081611,-0.14172074
2650.0,-8.034941,-5.6910176,-0.23942018,-0.013439035,0.15027285,-0.12950343
2657.0,-8.12592,-5.731719,-0.28491,-0.02076942,0.12461651,-0.12461651
2668.0,-8.118738,-5.695806,-0.15801731,-0.002443461,0.10629055,-0.118507855
2678.0,-8.0684595,-5.5641246,0.062249243,0.018325957,0.087964594,-0.11362094
2687.0,-7.9463553,-5.3678,0.272939,0.030543262,0.06841691,-0.11728613
2697.0,-7.896077,-5.4300494,0.37349546,0.04153884,0.061086524,-0.13072516
2709.0,-7.843405,-5.6551046,0.37588966,0.05009095,0.04886922,-0.12461651
2718.0,-7.7548194,-5.5737014,0.35913026,0.057421334,0.037873644,-0.112399206
2729.0,-7.7787614,-5.626374,0.33758244,0.07086037,0.032986723,-0.10995574
2736.0,-7.7548194,-5.695806,0.2777274,0.06352998,0.02076942,-0.09407325
2747.0,-7.716512,-5.686229,0.34955344,0.035430185,0.012217305,-0.0842994
2759.0,-7.8769236,-5.6670756,0.2801216,0.010995574,0.015882496,-0.087964594
2769.0,-7.905654,-5.6407394,0.23942018,-0.012217305,0.02687807,-0.07696902
2777.0,-7.881712,-5.571307,0.2681506,-0.030543262,0.030543262,-0.064751714
2788.0,-7.9511437,-5.628768,0.2825158,-0.039095376,0.036651913,-0.061086524
2798.0,-7.8912888,-5.647922,0.35673606,-0.047647487,0.04642576,-0.047647487
2807.0,-7.905654,-5.645528,0.31603462,-0.04153884,0.057421334,-0.034208454
2817.0,-7.8410106,-5.645528,0.25378537,-0.009773844,0.058643065,-0.02687807
2830.0,-7.759608,-5.8322754,0.17238252,0.02443461,0.06719518,-0.004886922
2837.0,-7.7691846,-5.7029886,0.18914193,0.047647487,0.06963864,0.009773844
2848.0,-7.8290396,-5.662287,0.23702596,0.080634214,0.073303826,0.0
2857.0,-7.7667904,-5.5856724,0.21787235,0.10140363,0.081855945,0.010995574
2868.0,-7.809886,-5.523423,0.25378537,0.095294975,0.07941248,0.021991149
2878.0,-7.8050976,-5.5258174,0.29209262,0.061086524,0.087964594,0.010995574
2889.0,-7.773973,-5.568913,0.21308395,0.030543262,0.081855945,0.002443461
2896.0,-7.7691846,-5.5641246,0.19153613,0.009773844,0.08674286,0.002443461
2906.0,-7.831434,-5.5497594,0.1364695,0.012217305,0.105068825,-0.008552114
2916.0,-7.860164,-5.566519,0.16280572,0.02565634,0.111177474,-0.012217305
2927.0,-7.881712,-5.583278,0.050278235,0.04642576,0.096516706,-0.019547688
2936.0,-7.785944,-5.6335564,-0.016759412,0.081855945,0.089186326,-0.029321533
2948.0,-7.630321,-5.6096144,0.0,0.09773844,0.09407325,-0.02565634
2956.0,-7.608773,-5.473145,0.011971008,0.08552113,0.081855945,-0.02565634
2967.0,-7.57286,-5.386954,-0.04309563,0.047647487,0.09407325,-0.039095376
2976.0,-7.776367,-5.473145,-0.047884032,0.0061086523,0.08552113,-0.043982297
2987.0,-7.747637,-5.523423,-0.12928689,-0.04886922,0.10629055,-0.037873644
2997.0,-7.7787614,-5.533,-0.074220255,-0.087964594,0.09773844,-0.04520403
3008.0,-7.872135,-5.626374,-0.079008654,-0.111177474,0.096516706,-0.04520403
