37.0,0.30406362,1.6879122,9.143456,0.1563815,0.13805555,-0.07574729
50.0,0.34715924,2.1643584,9.277532,0.042760566,-0.2724459,-0.2773328
62.0,0.18914193,1.079785,9.454702,-0.02565634,-0.45937067,-0.2932153
65.0,-0.076614454,-0.2873042,9.622296,-0.029321533,0.29077184,0.09285152
76.0,-0.08619126,-0.62249243,9.615114,-0.12950343,0.25900686,0.10995574
89.0,-0.074220255,-0.17956513,9.586384,-0.10262536,-0.0012217305,0.040317107
98.0,-0.055066638,0.45489833,9.595961,-0.037873644,-0.21868975,-0.059864793
107.0,-0.076614454,0.60812724,9.727641,-0.056199603,-0.23823744,-0.095294975
116.0,0.02633622,0.39743748,9.919178,-0.13561209,-0.23823744,-0.087964594
127.0,0.17956513,-0.047884032,10.115502,-0.18448131,-0.2321288,-0.064751714
139.0,0.2896984,-0.1412579,10.160992,-0.15760323,-0.22235495,-0.059864793
146.0,0.2873042,-0.016759412,10.283096,-0.0842994,-0.19914207,-0.07696902
157.0,0.21547815,0.17477672,10.251971,-0.014660766,-0.16615535,-0.09162979
167.0,0.24181437,0.24660277,10.251971,-0.002443461,-0.13316862,-0.09285152
177.0,0.19153613,0.29209262,10.218452,-0.043982297,-0.10140363,-0.09162979
187.0,0.16998832,0.31364042,10.127473,-0.111177474,-0.073303826,-0.09773844
197.0,0.12449849,0.23463176,9.991004,-0.18570304,-0.04886922,-0.11362094
206.0,0.16998832,0.260968,9.861717,-0.25289822,-0.030543262,-0.13194689
217.0,0.15083471,0.25378537,9.765948,-0.31642818,-0.017104227,-0.15149458
227.0,0.02633622,0.1436521,9.7084875,-0.376293,-0.004886922,-0.16982053
240.0,0.0023942017,-0.090979666,9.631873,-0.42149702,0.0,-0.1881465
247.0,0.016759412,-0.23702596,9.533711,-0.44226643,0.0012217305,-0.20525073
257.0,0.06703765,-0.35673606,9.516952,-0.43493605,0.004886922,-0.22479841
266.0,0.033518825,-0.4237737,9.495404,-0.39706242,0.012217305,-0.25045475
277.0,0.062249243,-0.40940848,9.473856,-0.35308012,0.013439035,-0.2724459
287.0,0.050278235,-0.39025488,9.454702,-0.32375857,0.017104227,-0.2846632
298.0,0.088585466,-0.38307226,9.414001,-0.31764993,0.019547688,-0.29565877
307.0,-0.02633622,-0.39983168,9.399636,-0.3371976,0.021991149,-0.30176744
317.0,-0.055066638,-0.40940848,9.55047,-0.37751472,0.021991149,-0.30298916
327.0,-0.10295067,-0.5291186,9.459491,-0.41783184,0.02321288,-0.30298916
338.0,-0.11971009,-0.7613561,9.385271,-0.40317106,0.009773844,-0.312763
347.0,-0.016759412,-0.4237737,9.284714,-0.33475417,-0.02076942,-0.344528
357.0,0.12449849,0.10055647,9.3421755,-0.29565877,-0.06841691,-0.376293
366.0,-0.02873042,0.21308395,9.464279,-0.37384954,-0.08552113,-0.3555236
377.0,-0.055066638,-0.61770403,9.61272,-0.5326745,-0.07696902,-0.26389378
387.0,-0.06464344,-1.3192052,9.892841,-0.64873886,-0.0720821,-0.18692477
399.0,0.0047884034,-1.4053963,10.014946,-0.67073005,-0.065973446,-0.204029
407.0,0.059855044,-0.89303726,10.093954,-0.64873886,-0.073303826,-0.28710666
417.0,0.1388637,-0.60573304,10.163386,-0.63041294,-0.064751714,-0.34208453
427.0,0.09816227,-0.80924016,10.175357,-0.63041294,-0.043982297,-0.31398472
437.0,0.093373865,-1.2066777,10.09156,-0.63529986,-0.021991149,-0.24190263
447.0,-0.0023942017,-1.4101849,9.880871,-0.6243043,-0.008552114,-0.2003638
459.0,0.011971008,-1.3575124,9.701305,-0.5839872,-0.004886922,-0.20891592
467.0,-0.076614454,-1.1779473,9.524135,-0.52778757,-0.009773844,-0.23457226
477.0,-0.019153614,-1.1540052,9.516952,-0.48502702,-0.013439035,-0.23945917
487.0,0.011971008,-1.3383588,9.682152,-0.4642576,-0.007330383,-0.21502456
498.0,0.093373865,-1.6543933,9.890448,-0.45814893,0.004886922,-0.17959438
507.0,0.079008654,-2.042254,10.125079,-0.43860126,0.021991149,-0.15515977
518.0,0.12928689,-2.1140802,10.160992,-0.39095375,0.036651913,-0.14538592
527.0,0.11252748,-2.0973208,10.125079,-0.33108896,0.043982297,-0.14172074
537.0,0.05267244,-1.946486,10.096349,-0.27977628,0.052534413,-0.14294247
547.0,0.011971008,-1.9656396,9.950302,-0.24312437,0.05375614,-0.14294247
558.0,0.0,-1.9776106,9.880871,-0.21380283,0.05497787,-0.12950343
567.0,0.07182605,-2.0590134,9.921572,-0.17592919,0.05497787,-0.105068825
579.0,0.038307227,-2.0278888,9.957485,-0.12950343,0.058643065,-0.07819075
587.0,0.15322891,-2.1404164,10.024523,-0.081855945,0.058643065,-0.052534413
598.0,0.24660277,-2.2242134,10.000581,-0.040317107,0.065973446,-0.02687807
607.0,0.32800564,-2.303222,10.053253,-0.0036651916,0.0720821,0.0036651916
617.0,0.38307226,-2.2146366,10.010158,0.028099801,0.0842994,0.032986723
627.0,0.37110126,-2.1667526,9.811439,0.056199603,0.1001819,0.052534413
639.0,0.31364042,-1.9297266,9.698911,0.07086037,0.10873401,0.059864793
647.0,0.34237084,-1.8052281,9.572019,0.06719518,0.118507855,0.06963864
658.0,0.32321724,-1.7142484,9.406818,0.04520403,0.13072516,0.08552113
668.0,0.2777274,-1.6400281,9.258378,0.013439035,0.13561209,0.1001819
678.0,0.272939,-1.6136919,9.279925,-0.019547688,0.13927728,0.10995574
687.0,0.21547815,-1.5921441,9.246407,-0.056199603,0.13805555,0.11362094
700.0,0.18914193,-1.5107412,9.260772,-0.095294975,0.13927728,0.11484267
707.0,0.15322891,-1.5131354,9.198523,-0.13194689,0.13316862,0.10873401
717.0,0.09816227,-1.496376,9.16261,-0.16737708,0.12339478,0.09896017
727.0,-0.033518825,-1.6160861,9.172187,-0.19058995,0.1160644,0.087964594
737.0,-0.08619126,-1.6591818,9.172187,-0.19547687,0.103847094,0.07819075
747.0,-0.19632454,-1.7860745,9.217676,-0.18692477,0.080634214,0.065973446
758.0,-0.19153613,-1.8363527,9.251195,-0.1600467,0.064751714,0.04886922
767.0,-0.16519992,-1.8076223,9.251195,-0.12217305,0.04520403,0.034208454
778.0,-0.20350714,-1.8483237,9.246407,-0.089186326,0.015882496,0.02687807
787.0,-0.15322891,-1.8339585,9.270349,-0.061086524,-0.007330383,0.02687807
799.0,-0.16998832,-1.8626889,9.382876,-0.017104227,-0.039095376,0.04153884
807.0,-0.14604631,-1.9153614,9.469068,-0.009773844,-0.056199603,0.06352998
819.0,-0.15801731,-2.030283,9.502586,-0.009773844,-0.06963864,0.0842994
828.0,-0.095768064,-2.0159178,9.588778,-0.0036651916,-0.07452556,0.1001819
838.0,-0.11971009,-2.0590134,9.696517,0.008552114,-0.087964594,0.118507855
848.0,-0.10534488,-2.0949266,9.715671,0.03176499,-0.09773844,0.13927728
858.0,-0.02633622,-2.0374656,9.749189,0.059864793,-0.10140363,0.1600467
868.0,0.031124622,-2.0805612,9.797073,0.09040806,-0.096516706,0.18081611
879.0,0.079008654,-2.0350714,9.794679,0.103847094,-0.087964594,0.204029
888.0,0.1340753,-1.8770541,9.871294,0.09896017,-0.081855945,0.21868975
901.0,0.12449849,-1.7741034,9.842564,0.0842994,-0.0720821,0.22724187
912.0,0.16519992,-1.8243817,9.888053,0.058643065,-0.06841691,0.2406809
920.0,0.11252748,-1.8291701,9.868899,0.02443461,-0.05131268,0.25900686
930.0,0.20350714,-1.8339585,9.847352,0.004886922,-0.032986723,0.2724459
942.0,0.15083471,-1.8866309,9.768343,0.0061086523,-0.030543262,0.27855456
951.0,0.11492168,-1.8004397,9.730036,0.018325957,-0.021991149,0.28221974
961.0,0.11731588,-1.697489,9.672575,0.029321533,-0.004886922,0.2846632
969.0,0.11492168,-1.6567876,9.600749,0.04520403,0.002443461,0.28099802
979.0,0.047884032,-1.5921441,9.595961,0.057421334,-0.002443461,0.2773328
991.0,0.088585466,-1.6041151,9.617508,0.059864793,-0.002443461,0.27122417
1003.0,0.093373865,-1.6184803,9.629479,0.061086524,0.004886922,0.2602286
1009.0,0.09816227,-1.5490485,9.639056,0.06719518,-0.0061086523,0.24801129
1020.0,0.095768064,-1.6160861,9.667787,0.07696902,-0.021991149,0.23579398
1031.0,0.17717093,-1.6567876,9.667787,0.09040806,-0.008552114,0.2284636
1041.0,0.19632454,-1.6304513,9.651027,0.10873401,-0.009773844,0.22479841
1049.0,0.20111294,-1.5394717,9.569624,0.1282817,-0.0061086523,0.21746802
1079.0,0.14604631,-1.5155296,9.526528,0.14660765,-0.0012217305,0.20647246
1079.0,0.1388637,-1.4700398,9.524135,0.15271631,-0.007330383,0.19792034
1080.0,0.1436521,-1.3838485,9.56723,0.1441642,-0.0036651916,0.19425514
1088.0,0.18914193,-1.376666,9.5385,0.13072516,0.0036651916,0.18936823
1101.0,0.18914193,-1.4221559,9.552865,0.118507855,0.007330383,0.18325958
1110.0,0.17717093,-1.5011644,9.504981,0.10995574,0.013439035,0.17104226
1121.0,0.23463176,-1.5298948,9.533711,0.105068825,0.02321288,0.15882497
1129.0,0.2896984,-1.5586253,9.586384,0.10751228,0.02321288,0.1441642
1140.0,0.25139117,-1.6041151,9.500193,0.112399206,0.02565634,0.12705997
1149.0,0.21547815,-1.4389153,9.509769,0.1160644,0.03176499,0.10629055
1159.0,0.25617957,-1.4389153,9.548077,0.12217305,0.035430185,0.081855945
1169.0,0.2657564,-1.4173675,9.464279,0.12461651,0.039095376,0.06352998
1181.0,0.2705448,-1.4915876,9.471462,0.119729586,0.043982297,0.05009095
1190.0,0.25857377,-1.3431472,9.425972,0.10995574,0.04642576,0.036651913
1201.0,0.23223756,-1.3742718,9.390059,0.09162979,0.05009095,0.018325957
1210.0,0.20590134,-1.4053963,9.416395,0.073303826,0.047647487,-0.0036651916
1221.0,0.18195933,-1.3192052,9.330204,0.05375614,0.04642576,-0.019547688
1230.0,0.1436521,-1.3383588,9.299079,0.032986723,0.05009095,-0.032986723
1242.0,0.1316811,-1.2904748,9.308656,0.021991149,0.039095376,-0.04886922
1250.0,0.1364695,-1.1803415,9.181764,0.012217305,0.029321533,-0.06719518
1261.0,0.076614454,-1.0271125,9.136273,-0.007330383,0.02321288,-0.07819075
1270.0,0.031124622,-0.9504981,9.215282,-0.03176499,0.009773844,-0.08307768
1280.0,0.0,-0.80684596,9.188946,-0.07086037,-0.014660766,-0.081855945
1291.0,-0.023942016,-0.7230489,9.215282,-0.14782938,-0.018325957,-0.07086037
1303.0,-0.16998832,-0.45968673,9.323022,-0.2406809,-0.035430185,-0.06352998
1312.0,-0.50038815,-0.11492168,9.330204,-0.33475417,-0.04886922,-0.065973446
1320.0,-0.7398083,0.17477672,9.399636,-0.46670106,-0.07086037,-0.06719518
1330.0,-0.93373865,0.29927522,9.662998,-0.68539083,-0.09407325,-0.052534413
1341.0,-0.89303726,0.20111294,10.103531,-1.0103711,-0.10995574,-0.015882496
1350.0,-0.78050977,-0.11731588,10.548853,-1.4465289,-0.118507855,0.021991149
1361.0,-0.7038953,-0.47165772,11.118672,-1.9975294,-0.09162979,0.047647487
1370.0,-0.6967127,-1.0989386,11.401189,-2.6413813,-0.034208454,0.07086037
1381.0,-0.770933,-2.147599,11.717223,-3.3426547,0.07574729,0.112399206
1391.0,-0.9672575,-3.7972038,12.030864,-3.9779544,0.20647246,0.19914207
1402.0,-1.0247183,-5.6910176,12.440272,-4.420221,0.33964106,0.3494149
1410.0,-1.0821792,-7.386112,12.751518,-4.6975536,0.49846604,0.55833083
1423.0,-1.1061212,-8.4826565,12.591106,-4.8942523,0.6792821,0.7733554
1431.0,-1.340753,-8.815451,12.004527,-5.1153855,0.8539896,0.9272934
1440.0,-1.8602947,-9.224859,11.228806,-5.402492,1.0250319,1.0250319
1451.0,-2.420538,-9.7803135,10.314221,-5.643173,1.1533136,1.1496484
1462.0,-3.0190883,-10.168175,9.11712,-5.7629027,1.2534955,1.3402383
1470.0,-3.5936968,-10.716447,8.564059,-5.8557544,1.3023647,1.5515977
1482.0,-3.8546648,-11.370064,7.680599,-5.9767056,1.3011429,1.7592919
1490.0,-3.7325604,-12.3876,6.933608,-6.1037655,1.2461652,1.9926424
1502.0,-3.3255463,-13.690045,6.327875,-6.183178,1.1765264,2.26631
1511.0,-3.1411927,-14.8033495,5.403713,-6.1856213,1.1117748,2.58396
1520.0,-2.9831753,-14.092271,4.829105,-6.1282,1.0323622,2.878397
1531.0,-3.0597897,-13.318944,4.5753193,-5.9315014,0.97127575,2.9895744
1541.0,-3.4117374,-13.237541,3.6942532,-5.5637608,0.84299403,3.055548
1552.0,-3.8019924,-13.522451,2.7581203,-5.182581,0.66828656,3.3573153
1560.0,-3.8762126,-14.094666,1.7310078,-4.834388,0.48624873,3.7617083
1570.0,-3.596091,-13.8720045,0.842759,-4.607146,0.30176744,4.074471
1581.0,-3.1675289,-13.704411,-0.0023942017,-4.450764,0.1001819,4.2491784
1591.0,-2.765303,-13.874399,-0.7637503,-4.2797217,-0.12339478,4.37013
1603.0,-2.1380222,-14.652514,-1.2210429,-3.694513,-0.5729916,4.7806315
1611.0,-1.3455414,-14.329297,-1.1252748,-3.694513,-0.5729916,4.7806315
1622.0,-0.49081135,-12.79222,-0.37828386,-3.2131512,-0.7623598,4.9138002
1632.0,0.272939,-10.354922,0.6464345,-2.6535985,-0.9016371,4.967556
1641.0,0.6871359,-7.872135,1.4508862,-2.0964894,-1.028697,4.945565
1651.0,0.44532153,-4.5633483,1.958457,-1.2095132,-1.2974777,5.027421
1663.0,0.10534488,-3.7708676,1.769315,-0.8454375,-1.4404203,5.0750685
1671.0,-0.47405192,-3.3542767,1.5849615,-0.45081854,-1.5357152,5.0164256
1680.0,-0.90261406,-3.074155,1.6759412,0.035430185,-1.613906,4.863709
1690.0,-1.3024458,-2.4301147,1.5945383,0.6462954,-1.6358972,4.6108108
1701.0,-1.5993267,-1.0486604,1.5921441,1.2534955,-1.6065756,4.2626176
1710.0,-1.9249382,0.6847417,2.0039468,1.6896533,-1.5454891,3.821573
1721.0,-2.3798366,2.2960393,2.60968,1.8093829,-1.4074335,3.3060026
1730.0,-2.8203697,3.1148565,3.3087866,1.5699236,-1.2547172,2.8112018
1741.0,-3.1507695,3.229778,4.0940847,1.1007792,-1.1191051,2.3506095
1750.0,-3.6607344,3.1052797,4.76925,0.6450737,-0.96883225,1.8606955
1759.0,-4.189853,2.8993783,4.96318,0.38606682,-0.79290307,1.3695599
1769.0,-4.6591167,2.6551697,5.032612,0.3494149,-0.6059783,0.9138544
1781.0,-5.1475334,2.6408045,5.080496,0.4654793,-0.37873647,0.47036624
1790.0,-5.98311,3.3207579,4.7405195,0.6743952,-0.13194689,0.002443461
1802.0,-6.813898,3.8905778,4.1299977,0.9101892,0.09896017,-0.49235737
1810.0,-7.457938,3.3303347,3.6535518,1.0262536,0.31642818,-0.90285885
1821.0,-8.228871,1.9895816,3.5529952,0.9419542,0.5119051,-1.1850786
1831.0,-8.980651,0.8451532,3.643975,0.7696902,0.7012733,-1.4269812
1841.0,-9.291897,-0.11971009,3.289633,0.6927212,0.86376345,-1.6786577
1849.0,-9.399636,-1.0965444,2.6431987,0.75869465,0.98471475,-1.8570304
1860.0,-9.648633,-2.540248,1.8866309,0.829555,1.078788,-1.9242256
1871.0,-9.703699,-4.3502645,1.0582372,0.77457714,1.1178834,-1.9205604
1882.0,-9.363723,-5.9064956,0.3184288,0.57787853,1.105666,-1.8203784
1892.0,-9.066842,-7.541735,-0.36631286,0.32498032,1.0567969,-1.6297885
1904.0,-8.755595,-9.299079,-1.0821792,0.029321533,0.96883225,-1.3646729
1913.0,-8.049306,-10.244789,-1.508347,-0.35185838,0.8552113,-1.033584
1922.0,-7.5584946,-10.766725,-1.8004397,-0.6927212,0.72082096,-0.7367035
1931.0,-7.457938,-10.951078,-1.9249382,-0.8857546,0.5558874,-0.44104472
1941.0,-7.7093296,-10.6158905,-1.70946,-0.88453287,0.3921755,-0.11728613
1951.0,-7.9343843,-10.192117,-1.3120226,-0.6963864,0.17959438,0.20891592
1963.0,-8.298303,-9.751583,-1.271321,-0.34697145,-0.061086524,0.5681047
1972.0,-8.566454,-8.848969,-0.8714894,0.073303826,-0.28344148,0.9089675
1982.0,-8.755595,-7.07726,-0.1388637,0.4972443,-0.46181414,1.1435398
1992.0,-8.7053175,-5.6646814,0.6799533,0.8686504,-0.6230826,1.3060299
2003.0,-8.537724,-4.3981485,1.3479356,1.1386528,-0.75502944,1.4355333
2012.0,-8.322245,-3.4859576,1.9512744,1.319469,-0.8576548,1.5210545
2023.0,-8.159439,-2.2864625,2.396596,1.4367551,-0.9101892,1.5625933
2031.0,-8.09719,-1.364695,2.6312277,1.4391985,-0.9419542,1.5748106
2042.0,-7.979874,-0.90740246,2.7629087,1.2864822,-0.9297369,1.5650368
2062.0,-7.9702973,-1.0247183,2.7102363,1.0189233,-0.88453287,1.5125023
2062.0,-7.9128366,-1.4389153,3.086126,0.77457714,-0.8246681,1.382999
2070.0,-7.824251,-1.0223241,3.7660792,0.689056,-0.7440339,1.1264355
2080.0,-7.6255326,0.30166942,4.3143516,0.73426,-0.6218608,0.81489426
2090.0,-7.357382,1.5490485,5.422867,0.82711154,-0.45570546,0.49968776
2103.0,-7.3310456,3.0142999,6.2728086,0.9016371,-0.25900686,0.13927728
2111.0,-7.517793,4.2760444,6.215348,0.8698721,-0.043982297,-0.26267207
2120.0,-7.771579,3.7588966,5.619191,0.689056,0.1282817,-0.5742133
2131.0,-8.166622,1.5370775,5.1020436,0.40439278,0.27366763,-0.7452556
2143.0,-8.238448,-0.6751649,4.7070007,0.17959438,0.3933972,-0.86620694
2152.0,-8.180987,-1.8674773,4.187459,0.16982053,0.48624873,-1.0140363
2163.0,-8.396465,-2.6982653,3.550601,0.3494149,0.54367006,-1.1630874
2171.0,-8.949526,-3.157952,3.193865,0.5925393,0.5852089,-1.3500122
2183.0,-8.89446,-3.6224272,2.5929205,0.6169739,0.59742624,-1.4758505
2193.0,-8.836999,-5.145139,1.9033904,0.35796702,0.5717699,-1.428203
2205.0,-8.781932,-6.5601125,1.352724,-0.056199603,0.5338962,-1.3365731
2212.0,-8.856153,-7.302315,0.8882488,-0.50335294,0.5021312,-1.2278391
2222.0,-8.700529,-7.762002,0.50278234,-0.8906415,0.46914452,-1.0641272
2232.0,-8.391677,-8.061277,0.1316811,-1.2095132,0.41050145,-0.82711154
2241.0,-8.197746,-8.379706,0.090979666,-1.3878858,0.33108896,-0.56321776
2252.0,-8.238448,-8.406042,0.1604115,-1.3451253,0.2284636,-0.2883284
2263.0,-8.391677,-8.221688,0.31603462,-1.0079277,0.10995574,-0.021991149
2271.0,-8.4826565,-8.027759,0.545878,-0.4569272,-0.018325957,0.27000242
2280.0,-8.549694,-7.1395097,0.6679823,0.12705997,-0.15271631,0.5546656
2292.0,-8.564059,-6.0142345,1.0199299,0.64996064,-0.28710666,0.75136423
2304.0,-8.552089,-4.903325,1.460463,1.0225884,-0.40317106,0.9016371
2313.0,-8.420407,-3.7253778,1.7405846,1.2253957,-0.50946164,1.0140363
2324.0,-8.305486,-2.8778305,1.9776106,1.282817,-0.593761,1.0726794
2333.0,-8.288726,-2.111686,2.3678656,1.2009611,-0.64751714,1.1129965
2343.0,-8.1402855,-1.673547,2.7102363,1.0177015,-0.6780604,1.1215485
2352.0,-8.087613,-1.4772224,3.0334535,0.8063421,-0.6976081,1.0836749
2362.0,-8.058883,-1.3335704,3.3566709,0.63041294,-0.66950834,0.9944886
2372.0,-8.087613,-1.3383588,3.7134068,0.5412266,-0.61086524,0.8491027
2383.0,-7.9870567,-1.3551182,3.9312792,0.54611355,-0.5314528,0.6743952
2392.0,-7.9104424,-0.89782566,4.1395745,0.61086524,-0.453262,0.49113566
2404.0,-7.809886,-0.35194764,4.4244847,0.6401868,-0.3640757,0.31031954
2413.0,-7.7787614,0.6727707,4.9823337,0.50335294,-0.25289822,0.10629055
2424.0,-7.627927,1.7142484,5.3127337,0.14782938,-0.103847094,-0.16126843
2433.0,-7.5944076,1.3000516,5.12838,-0.2284636,0.034208454,-0.37507126
2444.0,-7.965509,-0.59136784,4.8578353,-0.45814893,0.14660765,-0.45814893
2454.0,-8.0684595,-1.9847932,4.3263226,-0.43860126,0.23823744,-0.5522222
2464.0,-7.9248075,-2.5594015,3.8379054,-0.19058995,0.30665436,-0.66706485
2473.0,-7.9248075,-2.9520507,3.3662477,0.08307768,0.3555236,-0.71837753
2482.0,-8.195353,-3.2465374,3.205836,0.15149458,0.40439278,-0.75869465
2493.0,-8.279149,-3.3087866,3.1651347,0.014660766,0.4447099,-0.84421575
2505.0,-8.343793,-3.4237084,2.932897,-0.35308012,0.50823987,-0.88208944
2512.0,-8.367735,-3.2944214,2.7389667,-0.4605924,0.5314528,-0.86742866
2522.0,-8.281544,-3.560178,2.755726,-0.5045747,0.54244834,-0.8491027
2533.0,-8.123527,-4.0318356,2.681506,-0.47647488,0.54733527,-0.79290307
2544.0,-8.087613,-4.7907977,2.5809495,-0.36896262,0.53023106,-0.7110472
2553.0,-8.087613,-5.1906295,2.480393,-0.21624629,0.50946164,-0.6243043
2564.0,-8.128315,-5.2504845,2.4349031,-0.057421334,0.47891834,-0.5693264
2572.0,-8.123527,-5.068525,2.3463178,0.10629055,0.44348818,-0.53878313
2583.0,-8.066066,-4.8099513,2.396596,0.24923302,0.41050145,-0.50579643
2594.0,-7.9463553,-4.570531,2.2984335,0.3323107,0.37873647,-0.47036624
2605.0,-8.030152,-4.4436383,2.2649148,0.3567453,0.35063666,-0.4447099
2612.0,-8.039729,-4.5872903,2.2266076,0.3371976,0.31764993,-0.40683624
2624.0,-8.001422,-4.6495395,2.0901382,0.28099802,0.28221974,-0.36896262
2632.0,-8.061277,-4.5920787,2.1308396,0.21135938,0.26633725,-0.34330627
2642.0,-8.171411,-4.3167458,2.1092918,0.1441642,0.2443461,-0.32986724
2653.0,-8.137892,-4.2880154,2.0470424,0.09773844,0.20280726,-0.31031954
2663.0,-8.090008,-4.5753193,2.066196,0.05497787,0.17348573,-0.26267207
2673.0,-8.1402855,-4.781221,2.0829554,0.02076942,0.15027285,-0.23457226
2684.0,-8.219295,-4.939238,2.1404164,0.02321288,0.15882497,-0.25167647
2693.0,-8.257602,-4.7620673,2.1260512,0.095294975,0.15515977,-0.28588495
2705.0,-8.401254,-4.6136265,2.0733786,0.21013765,0.16615535,-0.2968805
2712.0,-8.468291,-4.414908,1.8195933,0.25534168,0.15882497,-0.26145032
2722.0,-8.408437,-4.3885717,1.8794483,0.21380283,0.16371189,-0.24556783
2732.0,-8.408437,-4.4699745,1.8411411,0.14294247,0.16249016,-0.24678956
2743.0,-8.463503,-4.4723687,1.8291701,0.087964594,0.14172074,-0.23579398
2752.0,-8.403648,-4.5202527,1.8698715,0.052534413,0.13316862,-0.20769419
2763.0,-8.406042,-4.5992613,1.9632454,0.02443461,0.118507855,-0.172264
2773.0,-8.298303,-4.525041,2.1212628,-0.0012217305,0.118507855,-0.15271631
2783.0,-8.274361,-4.4484267,2.1619642,0.0012217305,0.09896017,-0.14905111
2792.0,-8.372523,-4.4843397,2.1332338,0.035430185,0.07941248,-0.13316862
2805.0,-8.389283,-4.4723687,2.0614076,0.065973446,0.06963864,-0.103847094
2813.0,-8.468291,-4.426879,2.1021092,0.07696902,0.06352998,-0.07941248
2824.0,-8.492233,-4.4077253,2.0901382,0.07574729,0.06352998,-0.062308256
2833.0,-8.432379,-4.4316673,2.147599,0.080634214,0.059864793,-0.05375614
2842.0,-8.497022,-4.4220905,2.2002714,0.07086037,0.07452556,-0.040317107
2853.0,-8.607155,-4.3622355,2.1930888,0.05497787,0.07086037,-0.029321533
2864.0,-8.451532,-4.232949,2.231396,0.039095376,0.06352998,-0.02443461
2872.0,-8.403648,-4.3646297,2.2960393,0.02321288,0.05497787,-0.019547688
2883.0,-8.389283,-4.3263226,2.3415294,0.0,0.042760566,-0.007330383
2892.0,-8.384495,-4.283227,2.303222,-0.02443461,0.04153884,-0.007330383
2904.0,-8.274361,-4.259285,2.3223755,-0.036651913,0.03176499,-0.0061086523
2911.0,-8.243237,-4.285621,2.3343468,-0.03176499,0.021991149,-0.0036651916
2925.0,-8.3390045,-4.3287168,2.2649148,-0.012217305,0.010995574,-0.004886922
2934.0,-8.372523,-4.3167458,2.27928,-0.004886922,-0.0012217305,0.007330383
2944.0,-8.372523,-4.3263226,2.2337902,-0.012217305,-0.0061086523,0.015882496
2953.0,-8.355764,-4.345476,2.2122424,-0.019547688,-0.0012217305,0.010995574
2964.0,-8.420407,-4.4675803,2.2122424,-0.02687807,0.0,0.015882496
2973.0,-8.3150625,-4.6016555,2.3008277,-0.043982297,-0.0012217305,0.03176499
2985.0,-8.240842,-4.525041,2.3391352,-0.047647487,0.010995574,0.02443461
2993.0,-8.169016,-4.4723687,2.3247697,-0.04520403,0.0061086523,0.028099801
3005.0,-8.149862,-4.3646297,2.3558946,-0.04642576,0.004886922,0.034208454
3014.0,-8.173804,-4.2880154,2.3415294,-0.043982297,0.012217305,0.028099801
3023.0,-8.106767,-4.345476,2.3080103,-0.032986723,0.0,0.03176499
