36.0,0.36870706,-0.12210429,9.560047,0.004886922,-0.015882496,0.0012217305
49.0,0.18914193,-0.30166942,9.579201,0.14172074,0.13561209,-0.08307768
51.0,0.17477672,-0.5315128,9.583989,-0.012217305,-0.28221974,-0.26633725
55.0,0.25378537,-0.6799533,9.576807,-0.14049901,-0.40317106,-0.30665436
67.0,0.39983168,-0.8738836,9.67018,-0.04886922,0.36651915,0.062308256
76.0,0.45729253,-0.78050977,9.734824,-0.07819075,0.37507126,0.07941248
87.0,0.45489833,-0.7350199,9.749189,-0.10140363,0.20158553,0.028099801
96.0,0.32321724,-0.79966336,9.725247,-0.089186326,0.030543262,-0.02321288
106.0,0.29209262,-0.6919243,9.627085,-0.062308256,0.029321533,-0.015882496
116.0,0.2681506,-0.5530606,9.504981,-0.05375614,0.021991149,-0.0061086523
127.0,0.19871874,-0.5363012,9.380483,-0.0720821,0.013439035,0.007330383
136.0,0.20590134,-0.4429273,9.260772,-0.10873401,0.0036651916,0.021991149
146.0,0.2681506,-0.46686932,9.148245,-0.15760323,-0.008552114,0.03176499
156.0,0.2633622,-0.50038815,9.062054,-0.20647246,-0.02076942,0.042760566
166.0,0.3184288,-0.50038815,9.069236,-0.24556783,-0.04153884,0.05009095
176.0,0.34237084,-0.50278234,8.959103,-0.27977628,-0.06719518,0.05131268
188.0,0.3878607,-0.5410896,8.992621,-0.33475417,-0.12217305,0.05131268
196.0,0.4285621,-0.641646,8.978256,-0.33475417,-0.12217305,0.05131268
206.0,0.50278234,-0.6847417,8.956709,-0.34574974,-0.15149458,0.042760566
216.0,0.5746084,-0.7086837,9.006987,-0.34697145,-0.17837265,0.030543262
226.0,0.5410896,-0.6727707,8.834604,-0.33964106,-0.2003638,0.019547688
237.0,0.50757074,-0.6344634,8.671799,-0.32253686,-0.25534168,0.0036651916
248.0,0.50038815,-0.5243302,8.532935,-0.3323107,-0.29077184,-0.0012217305
257.0,0.48841715,-0.4189853,8.463503,-0.38728857,-0.32742378,-0.007330383
268.0,0.4357447,-0.14844051,8.341399,-0.4813618,-0.37384954,-0.02076942
276.0,0.45250413,-0.009576807,8.0445175,-0.6133087,-0.42760566,-0.040317107
289.0,0.4405331,0.021547815,7.893683,-0.7831292,-0.48991394,-0.052534413
297.0,0.46447513,0.062249243,7.9942393,-0.98471475,-0.54733527,-0.06719518
308.0,0.7445967,-0.035913024,8.197746,-1.187522,-0.6096435,-0.09162979
317.0,1.055843,-0.32800564,8.295909,-1.3878858,-0.68416905,-0.1160644
326.0,1.400608,-0.4405331,8.259995,-1.6420058,-0.73914695,-0.12217305
337.0,1.508347,-0.6991069,8.224083,-1.9706513,-0.7696902,-0.11728613
347.0,1.5753847,-1.1587936,8.252813,-2.3102922,-0.784351,-0.13683382
357.0,1.5179238,-1.5753847,8.291121,-2.5912905,-0.79045963,-0.18570304
368.0,1.6112977,-2.0326772,8.686164,-2.8075366,-0.81245077,-0.2321288
377.0,1.9081788,-2.540248,9.32781,-3.0250046,-0.83077675,-0.2443461
388.0,2.360683,-3.394978,9.715671,-3.273016,-0.82344633,-0.23090707
397.0,2.80361,-4.297592,10.089166,-3.50881,-0.8014552,-0.1966986
407.0,3.098097,-5.3127337,10.371682,-3.6749654,-0.7538077,-0.15271631
417.0,3.2728736,-6.1985884,10.704475,-3.7507126,-0.6646214,-0.10995574
428.0,3.406949,-6.919243,10.793061,-3.7849212,-0.56321776,-0.065973446
437.0,3.5482068,-7.536947,10.462662,-3.8802161,-0.44593164,0.0061086523
448.0,3.4979286,-8.1402855,10.0508585,-4.17954,-0.31887165,0.15882497
457.0,3.1627405,-8.961497,9.588778,-4.754975,-0.17837265,0.3640757
467.0,2.6312277,-9.80665,8.9758625,-5.477018,-0.035430185,0.5338962
477.0,2.0470424,-10.627861,8.463503,-6.202726,0.087964594,0.65484756
490.0,1.3096284,-11.386824,7.81228,-6.900334,0.19303341,0.75747293
497.0,0.58657944,-11.839328,7.0341644,-7.566177,0.27855456,0.8344419
507.0,-0.09816227,-12.421119,6.291962,-8.152608,0.31887165,0.86498517
517.0,-0.7445967,-13.385982,5.535394,-8.59243,0.32742378,0.9016371
528.0,-1.376666,-14.496891,4.6136265,-8.894198,0.3005457,1.0299188
537.0,-1.8602947,-15.416265,3.5793316,-9.028588,0.26389378,1.2229522
548.0,-2.1571758,-16.390705,2.420538,-8.929628,0.21624629,1.4110987
558.0,-2.4037786,-17.029957,1.1731589,-8.629083,0.16249016,1.6444492
567.0,-2.6886885,-17.714699,-0.49559975,-8.213694,0.105068825,1.9046779
577.0,-2.7605145,-18.346767,-1.5705963,-7.7042327,0.02321288,2.1331415
589.0,-2.5067291,-18.06425,-1.4030021,-7.2069883,-0.056199603,2.3677137
597.0,-1.70946,-17.140089,-0.8762778,-6.6853094,-0.1685988,2.5277603
609.0,-1.1061212,-16.304514,-1.7980455,-6.0219097,-0.36774087,2.6450465
620.0,-0.44532153,-16.168043,-3.2944214,-5.095838,-0.6096435,2.9626966
630.0,-0.016759412,-16.024391,-4.8027687,-3.8545597,-0.86009824,3.331659
639.0,-0.04070143,-15.641319,-6.0525417,-2.4972172,-1.1349876,3.530801
650.0,-0.32800564,-15.002068,-6.955156,-1.2742649,-1.3988814,3.6554177
660.0,-0.63206923,-14.55914,-7.275979,-0.26389378,-1.6444492,3.8240163
672.0,-0.7086837,-13.788208,-6.9240313,0.516792,-1.8619173,4.0097194
679.0,-0.6631939,-12.880805,-6.8881183,1.0848967,-2.035403,4.157549
692.0,-0.44532153,-12.344504,-6.6654577,1.455081,-2.1661282,4.353026
701.0,-0.34715924,-11.915942,-6.0764837,1.6151277,-2.2809708,4.5937066
711.0,-0.24899697,-10.986992,-5.6670756,1.6444492,-2.3628268,4.776966
720.0,-0.81163436,-10.759542,-5.4420204,1.6566665,-2.4410176,4.9565606
735.0,-1.3144168,-9.737218,-4.951209,1.6151277,-2.4959953,5.1618114
741.0,-1.1611878,-8.564059,-3.976769,1.4465289,-2.5607471,5.2937584
751.0,-0.9792285,-7.314286,-2.7485435,1.1985176,-2.6401596,5.4415874
760.0,-0.6775591,-5.793968,-1.769315,0.93584555,-2.7281241,5.4929004
770.0,-0.545878,-4.4843397,-1.3215994,0.70738196,-2.8368583,5.502674
779.0,-0.18914193,-4.012682,-1.2234371,0.48502702,-2.9626966,5.5197783
793.0,0.5674258,-3.2872388,-0.6607997,0.23701571,-3.1215215,5.4867916
800.0,0.89064306,-2.420538,-0.047884032,0.02565634,-3.2803464,5.304754
810.0,1.0702082,-1.9752164,0.40462008,-0.05131268,-3.4574974,4.9846606
821.0,1.1827357,-1.4149733,1.1587936,-0.03176499,-3.594331,4.649906
831.0,1.1133038,-0.63206923,2.0805612,0.081855945,-3.6969564,4.229631
840.0,0.8762778,-0.07182605,2.753332,0.19792034,-3.7103956,3.794695
852.0,0.50278234,0.39983168,3.4979286,0.21135938,-3.689626,3.3964107
862.0,0.20350714,1.5514427,4.343082,-0.010995574,-3.5967746,2.9993484
870.0,-0.47405192,2.528277,5.145139,-0.44715336,-3.4061847,2.5179865
881.0,-1.4317327,3.1148565,6.093243,-0.97494096,-3.150843,2.0244074
892.0,-2.6862943,2.9472623,5.2624555,-1.4624114,-2.8270843,1.5625933
900.0,-2.9496565,2.171541,7.2687964,-1.6847663,-2.4251351,1.1704178
912.0,-3.7732618,2.3918076,10.060435,-1.5406022,-1.831374,0.9260717
920.0,-5.0134583,4.584896,12.990938,-0.87598073,-1.1264355,0.40683624
932.0,-5.0134583,6.315904,13.505692,0.037873644,-0.31642818,-0.344528
941.0,-4.2305546,5.683835,10.692505,0.30909783,0.4007276,-0.6059783
951.0,-5.1762643,2.0087352,6.9719152,0.05497787,0.96761054,-0.5644395
961.0,-6.969521,-1.2761095,3.7852328,-0.010995574,1.3487904,-0.7855727
973.0,-8.453926,-3.1962593,1.1947067,0.2968805,1.568702,-0.98349303
981.0,-9.911995,-4.134786,0.62967503,0.8356637,1.7104226,-0.956615
993.0,-10.307038,-2.4851813,0.79248077,1.3072516,1.7910569,-1.3988814
1000.0,-10.053253,-1.7932571,0.7230489,1.3072516,1.7910569,-1.3988814
1011.0,-8.973468,-2.9951463,0.16519992,0.86742866,1.7311921,-1.3121386
1022.0,-8.676587,-5.130774,-0.79726917,-0.042760566,1.5906931,-1.1691961
1032.0,-8.932767,-7.4627266,-1.9273324,-1.0115929,1.4367551,-1.0262536
1065.0,-9.299079,-9.150639,-3.0430303,-1.6688838,1.2363913,-0.83199847
1065.0,-9.416395,-11.245565,-4.975151,-1.4660766,0.5522222,-0.28099802
1065.0,-8.992621,-10.402806,-4.697424,-0.9492846,0.080634214,0.105068825
1079.0,-8.726865,-8.698134,-3.7229836,-0.5558874,-0.4373795,0.4447099
1079.0,-9.035717,-7.656657,-2.3582888,-0.35918877,-0.93951076,0.7134906
1093.0,-9.0716305,-6.7492547,-0.5626374,-0.28588495,-1.3561208,0.9627236
1102.0,-8.935161,-5.5401826,1.0582372,-0.23457226,-1.672549,1.1386528
1110.0,-8.884883,-3.9336734,2.669535,-0.23335053,-1.9181169,1.2327261
1120.0,-8.89446,-2.5330653,3.2728736,-0.28588495,-2.0708332,1.2547172
1130.0,-8.690952,-1.9680338,3.8259344,-0.29932398,-2.147802,1.2498302
1140.0,-8.571242,-2.7844565,1.2689269,-0.22357668,-2.1294763,1.2730432
1152.0,-7.5824366,-6.825869,3.53863,0.12095132,-2.0402899,1.4001031
1162.0,-7.8290396,-1.8579005,11.614272,0.7415904,-1.5723672,1.2925909
1171.0,-7.0605006,6.2368956,14.5567465,1.2461652,-0.81245077,0.30787608
1181.0,-4.1922474,6.3350577,13.776237,1.2571607,-0.3286455,-0.15027285
1191.0,-4.3526587,2.753332,10.381259,0.6072,0.13439035,0.0720821
1200.0,-6.8043213,0.04309563,6.2345014,0.26145032,0.47525316,-0.18570304
1212.0,-8.688558,-2.4277205,2.9472623,0.37140608,0.6096435,-0.47036624
1221.0,-8.825027,-4.8745947,0.5315128,0.6719518,0.59498274,-0.3359759
1231.0,-8.406042,-6.009446,-0.6512229,0.91996306,0.48258355,-0.21380283
1241.0,-8.346188,-5.2840033,-0.7326257,0.9859365,0.38362336,-0.25534168
1253.0,-8.497022,-3.8738184,-0.4333505,0.7770206,0.31520647,-0.29077184
1262.0,-8.504205,-3.7469256,0.32800564,0.36285394,0.21380283,-0.2724459
1273.0,-8.487445,-4.2664676,1.0702082,-0.07574729,0.10995574,-0.17470746
1282.0,-9.002198,-4.3742065,1.8555063,-0.29810223,0.047647487,-0.07452556
1293.0,-9.330204,-3.799598,2.5091233,-0.22235495,-0.002443461,-0.018325957
1301.0,-9.119514,-3.110068,2.9616275,0.04153884,-0.028099801,0.059864793
1311.0,-8.844181,-2.3678656,3.5434184,0.34574974,-0.039095376,0.11484267
1320.0,-8.726865,-1.8195933,4.096479,0.5864306,-0.007330383,0.096516706
1332.0,-8.731653,-1.3838485,4.2425256,0.675617,0.037873644,0.058643065
1342.0,-8.374918,-1.3814543,4.295198,0.5656612,0.080634214,0.02443461
1350.0,-8.264784,-2.0159178,4.122815,0.29932398,0.10629055,-0.0061086523
1361.0,-8.542512,-2.7461493,3.7421372,-0.032986723,0.13439035,-0.062308256
1372.0,-8.693346,-3.3446999,3.3901896,-0.27977628,0.14049901,-0.14049901
1381.0,-8.724471,-3.5410242,3.0095115,-0.37140608,0.12583824,-0.1600467
1394.0,-8.719683,-3.5218706,2.705448,-0.3481932,0.103847094,-0.13927728
1400.0,-8.700529,-3.5410242,2.5234885,-0.27000242,0.081855945,-0.103847094
1412.0,-8.5473,-3.5889084,2.552219,-0.17348573,0.057421334,-0.047647487
1421.0,-8.576031,-3.6104562,2.5809495,-0.05497787,0.04642576,-0.002443461
1432.0,-8.528147,-3.311181,2.6982653,0.04642576,0.036651913,0.04520403
1441.0,-8.59279,-2.9041667,2.767697,0.080634214,0.02565634,0.06963864
1454.0,-8.6574335,-2.779668,2.8921957,0.047647487,0.021991149,0.057421334
1461.0,-8.597578,-2.681506,2.9999347,-0.010995574,0.02076942,0.042760566
1472.0,-8.599973,-2.6240451,2.9017725,-0.043982297,0.029321533,0.028099801
1481.0,-8.468291,-2.6144683,2.908955,-0.05131268,0.028099801,0.018325957
1492.0,-8.379706,-2.5378537,3.0095115,-0.05375614,0.03176499,0.007330383
1502.0,-8.384495,-2.8514943,2.9041667,-0.04642576,0.040317107,-0.002443461
1513.0,-8.384495,-2.9472623,2.8993783,-0.04153884,0.04642576,0.0
1523.0,-8.374918,-3.0095115,2.9831753,-0.037873644,0.04520403,-0.009773844
1532.0,-8.367735,-3.0190883,2.9712043,-0.035430185,0.052534413,-0.014660766
1542.0,-8.403648,-3.0621839,2.942474,-0.035430185,0.05497787,-0.014660766
1552.0,-8.432379,-3.1675289,2.8778305,-0.06719518,0.06841691,-0.007330383
1562.0,-8.497022,-3.1052797,2.9017725,-0.10262536,0.06963864,-0.014660766
1574.0,-8.674192,-3.181894,2.9137435,-0.112399206,0.08552113,-0.030543262
1581.0,-8.7292595,-3.2489316,2.9041667,-0.095294975,0.09040806,-0.030543262
1594.0,-8.576031,-3.1244333,2.918532,-0.06352998,0.09040806,-0.02321288
1601.0,-8.6095495,-3.064578,2.8682537,-0.015882496,0.09162979,-0.035430185
1613.0,-8.628703,-3.1028855,2.8203697,0.040317107,0.080634214,-0.04153884
1621.0,-8.485051,-3.205836,2.8491,0.080634214,0.062308256,-0.032986723
1634.0,-8.508993,-3.2441432,2.813187,0.1001819,0.047647487,-0.028099801
1641.0,-8.655039,-3.1842883,2.8682537,0.09896017,0.04642576,-0.02687807
1651.0,-8.678981,-2.96881,2.9041667,0.06963864,0.04520403,-0.02687807
1662.0,-8.767567,-2.9903579,2.9400797,0.021991149,0.05131268,-0.02687807
1671.0,-8.726865,-2.9855695,3.0430303,0.002443461,0.052534413,-0.03176499
1680.0,-8.659827,-2.9041667,3.1172507,0.02321288,0.05497787,-0.030543262
1694.0,-8.566454,-2.822764,3.0382419,0.07696902,0.059864793,-0.039095376
1701.0,-8.51857,-2.8562827,2.9783869,0.13561209,0.057421334,-0.04153884
1711.0,-8.3868885,-2.8634653,2.9233203,0.1600467,0.04642576,-0.04153884
1722.0,-8.523358,-3.0621839,2.753332,0.15149458,0.04642576,-0.05497787
1733.0,-8.59279,-3.2082303,2.7126305,0.12095132,0.039095376,-0.05497787
1742.0,-8.6095495,-3.2369606,2.7629087,0.08674286,0.040317107,-0.04642576
1753.0,-8.499416,-3.2369606,2.7724855,0.065973446,0.035430185,-0.034208454
1762.0,-8.544906,-3.13401,2.870648,0.058643065,0.021991149,-0.02321288
1773.0,-8.497022,-2.9831753,2.956839,0.06352998,0.017104227,-0.018325957
1781.0,-8.365341,-2.956839,3.083732,0.09040806,0.019547688,-0.015882496
1793.0,-8.336611,-2.918532,3.1364043,0.13439035,0.02687807,-0.004886922
1801.0,-8.422802,-2.8179753,3.1531637,0.18448131,0.035430185,-0.008552114
1813.0,-8.508993,-2.7605145,3.095703,0.22357668,0.05375614,-0.029321533
1823.0,-8.599973,-2.9041667,3.0190883,0.24312437,0.07452556,-0.039095376
1832.0,-8.537724,-3.0190883,2.906561,0.2443461,0.07086037,-0.039095376
1842.0,-8.552089,-2.9831753,2.8083985,0.23335053,0.07452556,-0.036651913
1853.0,-8.53054,-2.9759927,2.717419,0.18936823,0.065973446,-0.02687807
1861.0,-8.583213,-3.016694,2.657564,0.111177474,0.06963864,-0.021991149
1874.0,-8.623915,-3.0765493,2.7006595,0.02687807,0.065973446,-0.013439035
1882.0,-8.616732,-3.1364043,2.7868507,-0.02443461,0.058643065,-0.018325957
1893.0,-8.59279,-2.980781,2.89459,0.017104227,0.059864793,-0.010995574
1902.0,-8.578424,-2.956839,2.9472623,0.07086037,0.065973446,-0.009773844
1912.0,-8.532935,-2.932897,2.9855695,0.12339478,0.06963864,-0.017104227
1921.0,-8.535329,-3.0358477,2.9233203,0.16126843,0.059864793,-0.017104227
1933.0,-8.640674,-2.9855695,2.8562827,0.14538592,0.062308256,-0.015882496
1941.0,-8.7053175,-3.122039,2.779668,0.080634214,0.056199603,-0.029321533
1953.0,-8.647857,-3.1675289,2.7126305,-0.0061086523,0.05375614,-0.035430185
1961.0,-8.664616,-3.359065,2.7365725,-0.06841691,0.05497787,-0.028099801
1972.0,-8.652645,-3.2489316,2.753332,-0.07574729,0.04642576,-0.02565634
1981.0,-8.59279,-3.1124623,2.7724855,-0.034208454,0.040317107,-0.02076942
1994.0,-8.535329,-2.873042,2.8802247,0.018325957,0.04520403,-0.004886922
2002.0,-8.468291,-2.882619,2.9400797,0.061086524,0.04642576,0.002443461
2011.0,-8.48984,-2.8275523,2.9735985,0.080634214,0.043982297,-0.002443461
2020.0,-8.554482,-2.815581,2.9257145,0.09285152,0.04642576,-0.02076942
2031.0,-8.626308,-2.822764,2.8491,0.087964594,0.05497787,-0.03176499
2040.0,-8.540117,-2.8754363,2.741361,0.056199603,0.052534413,-0.034208454
2071.0,-8.492233,-2.9999347,2.7222073,-0.0036651916,0.06352998,-0.02443461
2071.0,-8.477868,-3.0550013,2.6910827,-0.047647487,0.05497787,-0.029321533
2081.0,-8.4108305,-3.107674,2.681506,-0.059864793,0.05375614,-0.029321533
2081.0,-8.3821,-3.0573955,2.753332,-0.047647487,0.04642576,-0.018325957
2090.0,-8.506598,-3.0214825,2.8083985,-0.02321288,0.052534413,-0.02076942
2099.0,-8.580819,-2.930503,2.8060043,0.0036651916,0.056199603,-0.019547688
2111.0,-8.597578,-2.8682537,2.8514943,0.004886922,0.06352998,-0.009773844
2119.0,-8.583213,-2.956839,2.885013,-0.009773844,0.07086037,-0.017104227
2130.0,-8.678981,-2.9400797,2.8179753,-0.03176499,0.065973446,-0.02076942
2139.0,-8.724471,-3.0095115,2.8778305,-0.05131268,0.06841691,-0.02565634
2149.0,-8.647857,-3.0262709,2.8898015,-0.059864793,0.06719518,-0.035430185
2160.0,-8.659827,-3.0190883,2.8778305,-0.05131268,0.064751714,-0.037873644
2171.0,-8.6334915,-3.0573955,2.8107927,-0.032986723,0.059864793,-0.035430185
2181.0,-8.628703,-3.1268275,2.731784,-0.02565634,0.052534413,-0.02687807
2192.0,-8.535329,-3.0669725,2.7581203,-0.03176499,0.04520403,-0.021991149
2201.0,-8.540117,-3.2345665,2.767697,-0.036651913,0.039095376,-0.030543262
2211.0,-8.619126,-3.2273839,2.731784,-0.032986723,0.042760566,-0.02565634
2221.0,-8.497022,-3.1866825,2.7700913,-0.02321288,0.043982297,-0.018325957
2233.0,-8.559271,-3.1531637,2.7030537,-0.02076942,0.032986723,-0.017104227
2241.0,-8.595184,-3.2824504,2.7389667,-0.028099801,0.03176499,-0.0061086523
2251.0,-8.614338,-3.083732,2.7748797,-0.042760566,0.04153884,-0.0036651916
2261.0,-8.585608,-3.0573955,2.8107927,-0.04153884,0.043982297,-0.007330383
2271.0,-8.662222,-3.0334535,2.8179753,-0.030543262,0.04642576,-0.002443461
2282.0,-8.573636,-2.8921957,2.8802247,-0.009773844,0.058643065,-0.008552114
2295.0,-8.588001,-2.8658595,2.861071,0.02076942,0.05009095,-0.02076942
2303.0,-8.511387,-3.0214825,2.8443117,0.040317107,0.05375614,-0.02687807
2314.0,-8.564059,-3.0262709,2.7581203,0.029321533,0.06352998,-0.02443461
2323.0,-8.702923,-3.1364043,2.6743233,0.002443461,0.059864793,-0.04520403
2333.0,-8.652645,-3.3159695,2.5570073,-0.02321288,0.057421334,-0.047647487
2342.0,-8.635885,-3.4213142,2.5474305,-0.047647487,0.064751714,-0.035430185
2355.0,-8.652645,-3.394978,2.6240451,-0.057421334,0.04886922,-0.028099801
2362.0,-8.645462,-3.359065,2.7461493,-0.058643065,0.042760566,-0.029321533
2372.0,-8.616732,-3.3183637,2.8874073,-0.04642576,0.052534413,-0.028099801
2382.0,-8.595184,-3.2082303,2.9281087,-0.015882496,0.05131268,-0.02565634
2395.0,-8.635885,-3.0693667,2.9735985,0.015882496,0.05131268,-0.029321533
2403.0,-8.640674,-3.0095115,2.882619,0.034208454,0.05131268,-0.036651913
2414.0,-8.588001,-3.1507695,2.7700913,0.02321288,0.056199603,-0.035430185
2422.0,-8.635885,-3.241749,2.6791117,-0.004886922,0.052534413,-0.037873644
2434.0,-8.607155,-3.2800562,2.552219,-0.02076942,0.05375614,-0.04886922
2443.0,-8.578424,-3.4284968,2.5809495,-0.02076942,0.039095376,-0.037873644
2454.0,-8.53054,-3.442862,2.6240451,-0.02443461,0.030543262,-0.02443461
2462.0,-8.50181,-3.3877954,2.6024973,-0.02565634,0.019547688,-0.02687807
2475.0,-8.564059,-3.2202013,2.6767175,-0.02321288,0.018325957,-0.02076942
2483.0,-8.470686,-3.1268275,2.7102363,-0.009773844,0.013439035,-0.015882496
2495.0,-8.422802,-2.9759927,2.8275523,0.017104227,0.017104227,-0.013439035
2502.0,-8.549694,-2.9041667,2.9113493,0.05497787,0.030543262,-0.015882496
2513.0,-8.413225,-2.8419175,2.8538885,0.08552113,0.036651913,-0.021991149
2524.0,-8.465898,-2.7820623,2.7964275,0.087964594,0.04153884,-0.02565634
2535.0,-8.494628,-2.8083985,2.7030537,0.059864793,0.05375614,-0.035430185
2542.0,-8.532935,-2.96881,2.5833437,0.02565634,0.056199603,-0.05375614
2553.0,-8.559271,-3.1723173,2.4229321,0.0012217305,0.040317107,-0.047647487
2563.0,-8.65025,-3.3782187,2.3822308,-0.013439035,0.035430185,-0.040317107
2574.0,-8.6095495,-3.4141316,2.4109612,-0.02076942,0.029321533,-0.02687807
2582.0,-8.607155,-3.3159695,2.480393,-0.032986723,0.02321288,-0.0061086523
2596.0,-8.580819,-3.2992098,2.6431987,-0.035430185,0.02443461,-0.0012217305
2602.0,-8.542512,-3.098097,2.8299465,-0.014660766,0.014660766,0.0036651916
2614.0,-8.604761,-3.016694,2.8921957,0.014660766,0.018325957,0.008552114
2624.0,-8.552089,-2.7724855,3.0310593,0.03176499,0.02687807,0.0061086523
2634.0,-8.626308,-2.7269957,2.9257145,0.036651913,0.035430185,-0.0012217305
2644.0,-8.722076,-2.8898015,2.870648,0.02565634,0.037873644,-0.007330383
2654.0,-8.686164,-3.0023289,2.7868507,0.0012217305,0.039095376,-0.014660766
2662.0,-8.561666,-3.083732,2.6144683,-0.028099801,0.039095376,-0.019547688
2673.0,-8.717288,-3.2752678,2.5354595,-0.04886922,0.040317107,-0.021991149
2684.0,-8.688558,-3.4045548,2.4133554,-0.061086524,0.030543262,-0.02076942
2694.0,-8.700529,-3.466804,2.4756045,-0.06352998,0.014660766,0.0061086523
2702.0,-8.655039,-3.4500446,2.4732103,-0.06352998,0.014660766,0.0061086523
2715.0,-8.595184,-3.2345665,2.741361,-0.04520403,-0.010995574,0.032986723
2723.0,-8.561666,-3.098097,2.801216,-0.02076942,-0.012217305,0.028099801
2734.0,-8.4826565,-3.0238767,2.8203697,0.004886922,0.002443461,0.032986723
2743.0,-8.508993,-2.870648,2.8443117,0.018325957,0.012217305,0.029321533
2753.0,-8.537724,-2.8419175,2.7820623,0.015882496,0.028099801,0.009773844
2764.0,-8.506598,-2.908955,2.6360161,0.0,0.035430185,0.0012217305
2775.0,-8.513782,-3.0933087,2.5689783,-0.018325957,0.039095376,-0.002443461
2783.0,-8.499416,-3.2513258,2.3989902,-0.035430185,0.043982297,-0.0036651916
2795.0,-8.552089,-3.4811692,2.360683,-0.05131268,0.037873644,-0.002443461
2804.0,-8.528147,-3.5098996,2.3223755,-0.064751714,0.039095376,-0.0012217305
2815.0,-8.53054,-3.5098996,2.4779987,-0.06841691,0.035430185,0.002443461
2823.0,-8.544906,-3.4404678,2.5905263,-0.056199603,0.03176499,0.0061086523
2836.0,-8.554482,-3.2561142,2.731784,-0.036651913,0.02687807,0.0061086523
2843.0,-8.525752,-3.157952,2.8083985,-0.015882496,0.03176499,0.0036651916
2854.0,-8.511387,-3.0142999,2.906561,0.004886922,0.042760566,-0.0012217305
2863.0,-8.559271,-3.0382419,2.885013,0.021991149,0.035430185,-0.014660766
2875.0,-8.51857,-3.028665,2.8682537,0.015882496,0.047647487,-0.02443461
2883.0,-8.511387,-3.0262709,2.8107927,0.0012217305,0.039095376,-0.036651913
2898.0,-8.564059,-3.1411927,2.7269957,-0.02565634,0.043982297,-0.04642576
2903.0,-8.528147,-3.2800562,2.5809495,-0.07941248,0.04520403,-0.043982297
2913.0,-8.590396,-3.2465374,2.5905263,-0.1685988,0.035430185,-0.037873644
2924.0,-8.6095495,-3.347094,2.5713725,-0.26389378,0.04886922,-0.043982297
2933.0,-8.640674,-3.4045548,2.5809495,-0.31520647,0.05009095,-0.04153884
2945.0,-8.5473,-3.4117374,2.552219,-0.3005457,0.040317107,-0.032986723
2955.0,-8.456321,-3.25372,2.5354595,-0.22968534,0.04153884,-0.02565634
2964.0,-8.578424,-3.3255463,2.6527755,-0.13439035,0.039095376,-0.012217305
2975.0,-8.659827,-3.2489316,2.693477,-0.021991149,0.037873644,-0.019547688
2984.0,-8.640674,-3.13401,2.705448,0.087964594,0.043982297,-0.017104227
2996.0,-8.645462,-3.1483753,2.6862943,0.13561209,0.040317107,-0.0012217305
3004.0,-8.647857,-3.1124623,2.5737667,0.096516706,0.039095376,-0.008552114
3014.0,-8.686164,-3.1507695,2.5498247,0.02565634,0.040317107,-0.02076942
