21.0,-0.35913026,-1.3263878,9.809045,0.004886922,-0.015882496,0.0012217305
35.0,-0.4237737,-1.1563994,9.876082,0.15882497,0.14172074,-0.07696902
37.0,-0.46447513,-1.4772224,9.859323,-0.021991149,-0.24312437,-0.23335053
45.0,-0.47405192,-1.5346833,9.794679,-0.058643065,-0.3933972,-0.28221974
55.0,-0.61770403,-1.3670892,9.80665,0.08552113,0.40683624,0.10751228
65.0,-0.6607997,-1.1540052,9.816227,0.08307768,0.4361578,0.10995574
76.0,-0.59855044,-1.283292,9.864111,0.042760566,0.27122417,0.058643065
85.0,-0.48602295,-1.3311762,9.861717,0.0061086523,0.10995574,0.037873644
95.0,-0.49799395,-1.42455,9.892841,0.008552114,0.118507855,0.062308256
106.0,-0.50038815,-1.3239936,9.97185,0.043982297,0.13439035,0.06352998
116.0,-0.5793968,-1.2593501,10.012551,0.07452556,0.14905111,0.07574729
126.0,-0.5554548,-1.2282255,10.010158,0.08307768,0.15882497,0.105068825
138.0,-0.5506664,-1.0151415,9.928755,0.087964594,0.16737708,0.1160644
147.0,-0.6655881,-0.641646,9.825804,0.09162979,0.17837265,0.105068825
156.0,-0.7110779,-0.4333505,9.67018,0.062308256,0.18448131,0.10262536
167.0,-0.81163436,-0.3854665,9.634268,0.0036651916,0.18936823,0.1160644
177.0,-0.7757214,-0.36870706,9.483433,-0.065973446,0.18936823,0.12583824
186.0,-0.89064306,-0.320823,9.399636,-0.13072516,0.18570304,0.12339478
197.0,-0.89782566,-0.23942018,9.40203,-0.18570304,0.17837265,0.11362094
205.0,-0.9672575,-0.21547815,9.481039,-0.22235495,0.16982053,0.10140363
216.0,-0.92655605,-0.34955344,9.40203,-0.24312437,0.15882497,0.09773844
226.0,-0.8858546,-0.50996494,9.425972,-0.25778514,0.14172074,0.10262536
237.0,-0.93613285,-0.7015011,9.425972,-0.23701571,0.13439035,0.096516706
246.0,-0.89543146,-0.7565677,9.299079,-0.1685988,0.12950343,0.081855945
258.0,-0.94092125,-0.7326257,9.215282,-0.08674286,0.11362094,0.0720821
267.0,-1.0342951,-0.5315128,9.143456,-0.014660766,0.10262536,0.065973446
277.0,-1.0606314,-0.39983168,9.186552,0.032986723,0.0842994,0.05131268
285.0,-1.0510546,-0.39983168,9.251195,0.047647487,0.058643065,0.039095376
297.0,-0.9792285,-0.46447513,9.380483,0.030543262,0.035430185,0.039095376
306.0,-0.8451532,-0.6560113,9.600749,0.004886922,0.015882496,0.04642576
318.0,-0.830788,-0.7326257,9.713276,-0.008552114,0.004886922,0.047647487
326.0,-0.8523358,-0.7493851,9.691729,-0.002443461,-0.0012217305,0.042760566
338.0,-0.91458505,-0.8714894,9.785102,0.010995574,-0.002443461,0.036651913
346.0,-0.92416185,-0.89064306,9.770737,0.02076942,-0.0061086523,0.032986723
356.0,-0.93613285,-0.90740246,9.775525,0.02565634,-0.007330383,0.029321533
366.0,-0.89782566,-1.0103531,9.847352,0.035430185,-0.007330383,0.028099801
378.0,-0.8882488,-0.93373865,9.981427,0.05009095,-0.0036651916,0.02687807
387.0,-0.90261406,-0.93373865,10.06283,0.064751714,-0.0012217305,0.034208454
397.0,-0.81402856,-1.0295067,10.168175,0.06963864,0.0036651916,0.05497787
406.0,-0.8475474,-1.1563994,10.304645,0.06719518,0.015882496,0.080634214
417.0,-0.8882488,-1.2018893,10.240001,0.073303826,0.02565634,0.09896017
426.0,-0.93613285,-1.0223241,10.220847,0.087964594,0.036651913,0.096516706
439.0,-1.0247183,-0.8882488,10.187328,0.096516706,0.04520403,0.08307768
447.0,-0.9888053,-0.8714894,10.172963,0.0842994,0.05497787,0.080634214
456.0,-1.0223241,-0.8595184,10.168175,0.059864793,0.058643065,0.096516706
467.0,-0.9888053,-0.7206547,10.199299,0.035430185,0.0720821,0.11728613
477.0,-1.0654198,-0.7182605,10.287885,0.012217305,0.09040806,0.12950343
486.0,-1.1468226,-0.7134721,10.424355,-0.018325957,0.10262536,0.13805555
497.0,-1.2569559,-0.79966336,10.414778,-0.057421334,0.12461651,0.15271631
506.0,-1.328782,-0.81402856,10.548853,-0.09773844,0.14049901,0.16493362
517.0,-1.2856863,-0.8571242,10.733206,-0.12583824,0.16737708,0.17104226
526.0,-1.3958195,-0.7589619,11.0061455,-0.1441642,0.19547687,0.17470746
538.0,-1.5179238,-0.6344634,11.319786,-0.18325958,0.23335053,0.18081611
547.0,-1.6400281,-0.5746084,11.48738,-0.267559,0.2932153,0.19058995
559.0,-1.6304513,-0.60573304,11.506534,-0.40561453,0.36285394,0.204029
569.0,-1.6998832,-0.60812724,11.415554,-0.5925393,0.45081854,0.22479841
579.0,-1.7070658,-0.641646,11.446678,-0.8197812,0.5546656,0.25167647
589.0,-1.8435353,-0.6607997,11.513716,-1.1191051,0.6743952,0.28955013
599.0,-2.135628,-0.8834604,11.68131,-1.5173893,0.8197812,0.3323107
609.0,-2.2026656,-1.4820108,11.901577,-1.9743165,0.9798279,0.37751472
621.0,-2.4181437,-2.2337902,11.882423,-2.452013,1.1459832,0.4373795
629.0,-2.6862943,-3.107674,11.944673,-2.933375,1.319469,0.5131268
641.0,-2.9855695,-3.940856,11.717223,-3.6517525,1.6468927,0.67073005
650.0,-3.3446999,-4.5657425,11.719617,-3.6517525,1.6468927,0.67073005
660.0,-3.7325604,-4.948815,11.599907,-3.8374555,1.8093829,0.7489208
670.0,-4.1276035,-5.9448028,10.469844,-4.021937,2.0879374,0.9737192
680.0,-4.402937,-6.469133,9.409213,-4.0585885,2.194228,1.1252137
689.0,-4.7046065,-6.730101,8.537724,-4.0549235,2.2883012,1.2938126
699.0,-4.7261543,-6.859388,7.9631147,-4.020715,2.3677137,1.4489723
709.0,-4.7907977,-7.043741,7.4004774,-4.039041,2.42147,1.6151277
720.0,-4.8698063,-7.297527,7.043741,-4.1636577,2.438574,1.844813
729.0,-4.879383,-7.52737,6.64391,-4.3811255,2.4312437,2.1148155
742.0,-4.915296,-7.872135,6.007052,-4.619363,2.375044,2.3603833
751.0,-4.9583917,-8.303091,5.3486466,-4.781853,2.261423,2.6035078
761.0,-4.903325,-8.346188,4.9416323,-4.8331656,2.1233675,2.8393016
771.0,-4.76925,-8.264784,4.7022123,-4.7586403,1.9633209,3.0433307
781.0,-4.5753193,-8.23366,4.1252093,-4.5680504,1.7763962,3.2168164
790.0,-4.189853,-8.073248,3.3039982,-4.3408084,1.5711454,3.4049628
801.0,-3.775656,-8.025364,2.6144683,-4.1441097,1.3487904,3.580892
810.0,-3.3758245,-8.010999,2.2744915,-3.9791763,1.1227703,3.6969564
820.0,-3.110068,-7.441179,2.2888567,-3.7824776,0.8881981,3.7372735
830.0,-2.992752,-6.6103907,2.4588451,-3.5466835,0.68783426,3.7189476
842.0,-3.0119057,-5.66947,2.7509377,-3.2388074,0.47891834,3.6285396
848.0,-2.8634653,-5.1786585,2.5809495,-2.8270843,0.27366763,3.5014796
861.0,-2.7030537,-4.5633483,2.6743233,-2.3139575,0.07819075,3.4122932
870.0,-2.5713725,-3.7588966,2.3774424,-1.749518,-0.07819075,3.3267722
879.0,-2.8323407,-3.052607,2.171541,-1.2180653,-0.23090707,3.1630602
890.0,-3.4165258,-2.0973208,1.9919758,-0.8368854,-0.36896262,2.9480357
900.0,-3.9576154,-1.364695,1.970428,-0.6084218,-0.5119051,2.6768115
909.0,-4.474763,-1.0821792,2.0015526,-0.54611355,-0.6414085,2.4361305
920.0,-4.9440265,-0.8619126,2.336741,-0.6096435,-0.74281216,2.207667
930.0,-5.1690817,-0.9744401,2.8203697,-0.657291,-0.8173377,1.9168952
941.0,-5.4659624,-1.1827357,3.3614593,-0.6047566,-0.84788096,1.5980235
950.0,-5.6431336,-1.2258313,3.7612908,-0.42638394,-0.83199847,1.2852604
961.0,-5.93762,-1.1013328,4.060566,-0.16126843,-0.7635816,0.98837996
971.0,-6.181829,-0.90979666,4.321534,0.13805555,-0.6609562,0.6951646
982.0,-6.540959,-0.40940848,4.5322237,0.408058,-0.5363397,0.42760566
989.0,-6.8905125,-0.2873042,4.687847,0.6169739,-0.42149702,0.18692477
1002.0,-7.393295,0.074220255,5.3582234,0.7733554,-0.29565877,-0.057421334
1009.0,-7.7667904,0.79487497,6.054936,0.8368854,-0.13927728,-0.3200934
1021.0,-7.785944,0.60573304,6.136339,0.7867944,0.008552114,-0.52656585
1029.0,-7.8912888,-0.6631939,5.8586116,0.70249504,0.14660765,-0.6462954
1043.0,-7.9846625,-1.5251064,5.571307,0.7318166,0.25900686,-0.7965683
1071.0,-8.180987,-1.9800048,4.9296613,0.8527679,0.37995818,-0.94806284
1071.0,-8.3390045,-2.4756045,4.453215,0.91996306,0.46792278,-1.0421361
1071.0,-8.4826565,-3.1747115,3.9432502,0.87109387,0.5216789,-1.1117748
1079.0,-8.6574335,-4.003105,3.5290532,0.7819075,0.54367006,-1.17897
1089.0,-8.678981,-4.84347,3.0095115,0.7257079,0.54611355,-1.1838568
1101.0,-8.497022,-5.959168,2.4492683,0.68783426,0.516792,-1.1068878
1108.0,-8.355764,-7.005434,2.207454,0.6389651,0.4728097,-0.9663888
1118.0,-8.26239,-7.469909,2.1978772,0.6059783,0.4129449,-0.81489426
1129.0,-8.269572,-7.2328835,2.2697031,0.5742133,0.35185838,-0.63529986
1140.0,-7.8984714,-6.8522053,2.1045034,0.40317106,0.26633725,-0.35918877
1149.0,-7.699753,-6.6606693,2.0207062,0.02443461,0.16493362,-0.040317107
1160.0,-7.824251,-6.7133417,1.9512744,-0.43982297,0.061086524,0.2003638
1169.0,-8.137892,-6.5361705,2.1499932,-0.79045963,-0.042760566,0.38606682
1181.0,-8.250419,-6.339846,2.171541,-0.8393288,-0.15271631,0.57543504
1190.0,-8.312668,-5.8083334,2.2361844,-0.59620446,-0.2565634,0.766025
1201.0,-8.279149,-5.1666875,2.3870192,-0.19058995,-0.35430184,0.9077458
1209.0,-8.109161,-4.3406878,2.6862943,0.24923302,-0.4373795,1.0177015
1220.0,-7.979874,-3.5410242,2.9472623,0.6291912,-0.48624873,1.110553
1228.0,-7.833828,-2.837129,3.4284968,0.9297369,-0.50823987,1.1667526
1241.0,-7.7452426,-2.207454,4.024653,1.1349876,-0.5009095,1.1948525
1251.0,-7.5968018,-1.4269443,4.572925,1.2034045,-0.46914452,1.187522
1260.0,-7.433996,-0.7254431,5.121197,1.1178834,-0.4092797,1.1129965
1271.0,-7.321469,-0.20111294,5.2385135,0.91996306,-0.3408628,0.9761627
1282.0,-7.419631,0.016759412,5.391742,0.70616025,-0.2602286,0.784351
1291.0,-7.654263,-0.055066638,5.7029886,0.5864306,-0.1600467,0.548557
1301.0,-7.7308774,1.1300632,6.0046577,0.55833083,-0.014660766,0.25534168
1310.0,-7.728483,2.4157495,5.920861,0.5742133,0.13316862,-0.111177474
1319.0,-7.7189064,2.3223755,5.33907,0.5925393,0.24312437,-0.38973203
1329.0,-7.955932,0.79966336,4.891354,0.56321776,0.33108896,-0.50946164
1342.0,-8.137892,-0.6584055,4.4699745,0.50701815,0.39584067,-0.6059783
1350.0,-8.137892,-1.520318,4.1922474,0.45937067,0.44959682,-0.7415904
1359.0,-7.97748,-2.5498247,3.679888,0.41538838,0.4801401,-0.86376345
1371.0,-7.9128366,-3.5553896,3.3063924,0.2932153,0.50701815,-0.93218035
1380.0,-8.121132,-4.7740383,2.873042,0.08552113,0.50823987,-0.99204516
1391.0,-8.322245,-5.8945246,2.3894134,-0.18448131,0.49235737,-1.0067059
1401.0,-8.4826565,-6.5361705,1.8555063,-0.48258355,0.47403142,-0.9639453
1411.0,-8.446744,-6.813898,1.5155296,-0.7611381,0.4361578,-0.88331115
1422.0,-8.243237,-6.9767036,1.3120226,-1.0348058,0.37751472,-0.7171558
1431.0,-8.145074,-7.007828,1.0893618,-1.282817,0.3005457,-0.52290064
1441.0,-7.955932,-6.933608,1.1085154,-1.4831808,0.2125811,-0.27855456
1450.0,-7.9008656,-6.9120603,1.3503298,-1.5564847,0.10873401,-0.02076942
1461.0,-8.015787,-7.1059904,1.5777789,-1.4721853,0.0,0.24556783
1470.0,-8.310274,-7.019799,1.8148049,-1.2534955,-0.1160644,0.5021312
1480.0,-8.432379,-6.421249,2.1906946,-0.9211848,-0.21013765,0.68294734
1491.0,-8.39886,-5.4683566,2.4109612,-0.5448918,-0.31520647,0.82833326
1500.0,-8.259995,-4.122815,2.6647465,-0.2406809,-0.40439278,0.9419542
1511.0,-8.104373,-3.0789435,3.0597897,-0.1001819,-0.4801401,1.0164797
1521.0,-7.9846625,-2.4612393,3.5075054,-0.12095132,-0.54244834,1.0506883
1531.0,-8.013393,-2.0685902,4.0294414,-0.3848451,-0.5888741,1.0250319
1541.0,-8.018182,-1.6927006,4.6040497,-0.49846604,-0.5852089,0.9859365
1552.0,-7.860164,-1.5490485,4.6830587,-0.61453044,-0.54367006,0.9236283
1562.0,-7.771579,-1.7860745,5.533,-0.7305948,-0.4569272,0.81489426
1570.0,-8.020576,-0.12928689,6.751649,-0.8197812,-0.3115413,0.5705481
1581.0,-7.8865004,3.1172507,7.457938,-1.0360274,-0.1001819,0.15882497
1590.0,-6.979098,4.570531,6.931214,-1.5735888,0.07819075,-0.18448131
1601.0,-6.7708025,2.5953147,5.872977,-2.2003367,0.20647246,-0.376293
1611.0,-7.6015906,-1.0007763,4.522647,-2.5717428,0.33108896,-0.5143485
1621.0,-8.597578,-3.9600096,3.2824504,-2.4776695,0.42638394,-0.64751714
1632.0,-8.963891,-5.973533,2.3870192,-1.8264871,0.49480084,-0.7281514
1643.0,-8.875306,-6.615179,2.1859062,-0.9407325,0.5558874,-0.70371675
1650.0,-8.717288,-6.0621185,2.3056161,-0.1441642,0.6291912,-0.7635816
1661.0,-8.51857,-5.3965306,2.1643584,0.4092797,0.65118235,-0.88331115
1670.0,-8.157045,-5.5641246,1.541866,0.68661255,0.6243043,-0.9260717
1680.0,-8.042124,-5.9543796,0.9792285,0.7476991,0.56077427,-0.8881981
1691.0,-8.173804,-6.4020953,0.61291564,0.68294734,0.47647488,-0.8063421
1702.0,-8.221688,-6.7851677,0.6727707,0.6365216,0.3885103,-0.6792821
1712.0,-8.197746,-7.1514807,0.6392518,0.7293731,0.27488935,-0.48624873
1722.0,-8.432379,-7.1059904,0.82599956,0.9896017,0.14049901,-0.26267207
1732.0,-8.384495,-6.4427967,1.0103531,1.2767084,0.02565634,-0.032986723
1741.0,-8.190564,-5.849035,1.3383588,1.4367551,-0.111177474,0.2284636
1751.0,-8.061277,-5.0781016,1.8602947,1.282817,-0.2125811,0.49968776
1762.0,-8.078036,-4.6016555,2.3463178,0.8723156,-0.30543262,0.6401868
1770.0,-8.307879,-4.51307,2.6408045,0.44593164,-0.38973203,0.68661255
1780.0,-8.384495,-4.259285,2.8921957,0.16371189,-0.45204028,0.73792523
1791.0,-8.137892,-3.9983168,3.1483753,0.064751714,-0.50335294,0.7733554
1800.0,-8.152257,-3.6990416,3.383007,0.13683382,-0.53878313,0.77091193
1811.0,-8.061277,-3.2728736,3.6248214,0.3359759,-0.56199604,0.75502944
1823.0,-7.905654,-2.7964275,4.003105,0.5815437,-0.5448918,0.7440339
1830.0,-7.867347,-2.4133554,4.1611223,0.8014552,-0.49357912,0.71593404
1843.0,-7.8745294,-2.6791117,4.474763,0.9969321,-0.43860126,0.6658431
1850.0,-7.9487495,-2.195483,5.645528,1.2034045,-0.34697145,0.56321776
1861.0,-7.680599,0.7134721,6.4284315,1.3035865,-0.15271631,0.30543262
1871.0,-7.237672,3.1723173,6.4260373,1.2327261,0.032986723,-0.056199603
1881.0,-7.074866,2.9400797,5.949591,0.9407325,0.14905111,-0.20769419
1891.0,-7.5704656,0.5243302,5.142745,0.4569272,0.22602014,-0.22235495
1901.0,-7.9726915,-1.6328455,4.4101195,-0.019547688,0.26389378,-0.31764993
1911.0,-8.133103,-3.1028855,3.7924154,-0.1966986,0.29932398,-0.4447099
1920.0,-8.087613,-3.7804444,3.4213142,-0.05131268,0.3359759,-0.49846604
1931.0,-7.905654,-3.6224272,3.2321723,0.1881465,0.376293,-0.56321776
1944.0,-8.001422,-3.4931402,3.1914709,0.3885103,0.39706242,-0.66828656
1951.0,-8.080431,-3.2345665,3.2824504,0.453262,0.41050145,-0.7098254
1962.0,-7.9583263,-2.7868507,3.241749,0.33353242,0.41538838,-0.72326446
1972.0,-7.9750857,-2.777274,3.107674,0.11362094,0.40561453,-0.74281216
1980.0,-8.128315,-3.157952,3.0119057,-0.14172074,0.39706242,-0.72082096
1992.0,-8.317456,-3.6511576,2.8203697,-0.3286455,0.37873647,-0.6805039
2002.0,-8.319851,-4.122815,2.7030537,-0.37384954,0.34697145,-0.6206391
2011.0,-8.298303,-4.4460325,2.7006595,-0.29810223,0.32742378,-0.5448918
2022.0,-8.197746,-4.7764325,2.6408045,-0.15149458,0.2883284,-0.47769663
2030.0,-8.169016,-4.795586,2.731784,0.0,0.25289822,-0.42394048
2043.0,-8.090008,-4.537012,2.719813,0.09285152,0.22235495,-0.37873647
2069.0,-8.070854,-4.307169,2.7820623,0.12583824,0.18448131,-0.35918877
2070.0,-8.192958,-4.247314,2.918532,0.089186326,0.15149458,-0.3286455
2080.0,-8.257602,-4.3598413,2.9592333,0.018325957,0.118507855,-0.30298916
2080.0,-8.207323,-4.4484267,3.0478187,-0.030543262,0.09407325,-0.2846632
2092.0,-8.173804,-4.5202527,3.13401,-0.03176499,0.06352998,-0.26145032
2101.0,-8.171411,-4.4963107,3.1555579,-0.012217305,0.052534413,-0.2321288
2109.0,-8.078036,-4.4699745,3.122039,0.015882496,0.043982297,-0.21746802
2121.0,-8.046912,-4.2760444,3.3135753,0.034208454,0.039095376,-0.19303341
2130.0,-8.046912,-4.0940847,3.3207579,0.05131268,0.03176499,-0.18203785
2141.0,-8.078036,-4.2544966,3.4093432,0.073303826,0.03176499,-0.17348573
2150.0,-8.078036,-4.4101195,3.383007,0.09040806,0.036651913,-0.14782938
2160.0,-8.056489,-4.256891,3.394978,0.081855945,0.047647487,-0.12217305
2172.0,-8.032547,-4.1252093,3.3854012,0.058643065,0.06352998,-0.13561209
2183.0,-8.008605,-4.0342298,3.347094,0.02565634,0.0720821,-0.14049901
2191.0,-7.9463553,-4.0821137,3.394978,-0.007330383,0.07574729,-0.13805555
2201.0,-7.955932,-4.1252093,3.3877954,-0.02076942,0.081855945,-0.14538592
2211.0,-7.8745294,-4.189853,3.3901896,-0.002443461,0.0842994,-0.14782938
2221.0,-7.7452426,-4.1299977,3.2513258,0.02565634,0.08552113,-0.13927728
2231.0,-7.845799,-4.1922474,3.2034419,0.047647487,0.081855945,-0.13561209
2244.0,-7.965509,-4.086902,3.145981,0.042760566,0.09040806,-0.14294247
2250.0,-7.881712,-4.144363,3.0933087,0.04153884,0.07941248,-0.1600467
2263.0,-7.9008656,-4.3023806,3.0119057,0.04520403,0.087964594,-0.15149458
2271.0,-7.93199,-4.3766007,2.9783869,0.040317107,0.081855945,-0.13683382
2283.0,-7.8769236,-4.2664676,3.0334535,0.019547688,0.07696902,-0.15027285
2290.0,-7.881712,-4.2425256,3.071761,-0.0036651916,0.07574729,-0.15515977
2303.0,-7.7667904,-4.2425256,3.064578,-0.015882496,0.064751714,-0.15271631
2310.0,-7.831434,-4.3239284,3.074155,-0.019547688,0.057421334,-0.14905111
2320.0,-7.85777,-4.27365,3.0478187,-0.0061086523,0.04886922,-0.1441642
2330.0,-7.8529816,-4.0701427,3.0621839,0.010995574,0.04886922,-0.13927728
2342.0,-7.9104424,-4.010288,3.0550013,-0.018325957,0.034208454,-0.13439035
2352.0,-7.9822683,-3.8666358,3.1651347,-0.018325957,0.034208454,-0.13439035
2363.0,-8.013393,-3.86903,3.265691,-0.06352998,0.034208454,-0.13805555
2372.0,-8.02297,-4.0773253,3.3207579,-0.10629055,0.034208454,-0.14049901
2383.0,-8.020576,-4.3981485,3.2513258,-0.14538592,0.02565634,-0.12339478
2391.0,-7.9966335,-4.498705,3.2632968,-0.1881465,0.02687807,-0.10873401
2401.0,-7.979874,-4.486734,3.2992098,-0.20647246,0.02443461,-0.12583824
2411.0,-7.9152308,-4.6950297,3.3135753,-0.22724187,0.03176499,-0.11484267
2422.0,-7.989451,-4.5681367,3.2082303,-0.24923302,0.030543262,-0.1001819
2431.0,-7.9391727,-4.570531,3.1244333,-0.26389378,0.036651913,-0.09407325
2443.0,-7.9942393,-4.5753193,2.9712043,-0.2773328,0.03176499,-0.08552113
2452.0,-7.9391727,-4.594473,2.8874073,-0.29932398,0.032986723,-0.059864793
2462.0,-7.9343843,-4.6279917,2.7940333,-0.3200934,0.039095376,-0.04153884
2472.0,-7.9343843,-4.618415,2.8443117,-0.31520647,0.032986723,-0.030543262
2483.0,-8.046912,-4.7189717,2.9233203,-0.2883284,0.030543262,-0.017104227
2490.0,-7.9726915,-4.771644,2.930503,-0.23090707,0.02321288,-0.007330383
2501.0,-7.8793178,-4.6160207,2.930503,-0.14538592,0.013439035,0.0036651916
2512.0,-7.848193,-4.5537715,2.825158,-0.064751714,0.014660766,0.014660766
2522.0,-7.7787614,-4.5202527,2.8514943,0.0012217305,0.004886922,0.015882496
2531.0,-7.8410106,-4.4963107,2.801216,0.04520403,0.002443461,0.014660766
2543.0,-7.831434,-4.5178585,2.8179753,0.065973446,-0.002443461,0.017104227
2552.0,-7.884106,-4.453215,2.885013,0.07941248,-0.010995574,0.017104227
2562.0,-7.8769236,-4.3646297,2.9113493,0.080634214,-0.008552114,0.015882496
2573.0,-7.908048,-4.367024,3.0502129,0.06841691,-0.002443461,0.012217305
2582.0,-7.8888946,-4.357447,3.0909145,0.047647487,-0.0036651916,0.012217305
2591.0,-7.8745294,-4.249708,3.1268275,0.040317107,-0.0036651916,0.0061086523
2602.0,-7.8769236,-4.134786,3.2369606,0.036651913,-0.002443461,0.009773844
2611.0,-7.836222,-4.086902,3.2393548,0.013439035,-0.002443461,0.012217305
2621.0,-7.8050976,-3.9264908,3.3854012,-0.019547688,0.004886922,-0.002443461
2631.0,-7.7907324,-3.833117,3.2944214,-0.047647487,0.008552114,-0.018325957
2643.0,-7.8050976,-3.9193082,3.3039982,-0.056199603,0.014660766,-0.028099801
2650.0,-7.917625,-3.928885,3.2273839,-0.052534413,0.030543262,-0.05375614
2663.0,-7.9152308,-4.0462008,3.1004913,-0.037873644,0.040317107,-0.06963864
2672.0,-7.831434,-4.2664676,2.9640217,-0.035430185,0.043982297,-0.064751714
2682.0,-7.7691846,-4.4843397,2.8491,-0.034208454,0.04642576,-0.059864793
2691.0,-7.807492,-4.7046065,2.7341783,-0.04642576,0.05009095,-0.058643065
2702.0,-7.8146744,-4.795586,2.7844565,-0.059864793,0.056199603,-0.06841691
2712.0,-7.785944,-4.6375685,2.858677,-0.062308256,0.065973446,-0.08674286
2723.0,-7.7811556,-4.63278,2.96881,-0.05497787,0.07452556,-0.09285152
2730.0,-7.8984714,-4.5992613,2.8395233,-0.036651913,0.073303826,-0.089186326
2743.0,-8.008605,-4.572925,2.846706,-0.012217305,0.07452556,-0.07819075
2752.0,-7.9487495,-4.534618,2.8921957,0.007330383,0.07086037,-0.059864793
2762.0,-8.001422,-4.4795513,2.8874073,0.009773844,0.064751714,-0.036651913
2773.0,-7.97748,-4.4795513,2.8538885,0.0,0.05131268,-0.018325957
2784.0,-7.97748,-4.5681367,2.861071,-0.015882496,0.04153884,-0.007330383
2792.0,-7.893683,-4.584896,2.908955,-0.012217305,0.03176499,-0.007330383
2802.0,-7.9128366,-4.608838,2.9496565,0.004886922,0.018325957,0.004886922
2811.0,-7.9511437,-4.462792,2.96881,0.02687807,0.010995574,0.0036651916
2821.0,-8.042124,-4.5178585,2.9831753,0.04886922,0.0036651916,-0.0061086523
2832.0,-8.003817,-4.620809,2.9735985,0.04520403,0.008552114,0.0
2843.0,-7.955932,-4.5777135,2.9735985,0.028099801,0.0012217305,0.007330383
2851.0,-7.9272017,-4.4939165,2.992752,0.018325957,0.0,0.0061086523
2863.0,-8.015787,-4.4915223,2.9951463,0.018325957,-0.0036651916,0.0012217305
2873.0,-7.843405,-4.4843397,3.0358477,0.02076942,-0.0012217305,0.004886922
2881.0,-7.9032598,-4.486734,2.9831753,0.032986723,-0.002443461,0.013439035
2892.0,-7.809886,-4.4675803,3.0789435,0.065973446,-0.017104227,0.015882496
2903.0,-7.843405,-4.489128,3.1387985,0.10995574,-0.015882496,0.014660766
2910.0,-7.9008656,-4.5154643,3.0334535,0.1563815,-0.014660766,0.021991149
2922.0,-7.8912888,-4.402937,3.1052797,0.17592919,-0.013439035,0.029321533
2932.0,-7.855376,-4.2904096,3.0214825,0.16737708,-0.004886922,0.02076942
2943.0,-7.881712,-4.3622355,2.9831753,0.13072516,-0.004886922,0.013439035
2951.0,-7.73806,-4.4364557,2.9879637,0.07574729,-0.007330383,0.007330383
2963.0,-7.759608,-4.3526587,3.0119057,0.034208454,-0.004886922,-0.0061086523
2972.0,-7.750031,-4.3023806,3.083732,0.02321288,-0.0061086523,-0.02076942
2983.0,-7.728483,-4.3766007,3.107674,0.029321533,0.0,-0.021991149
2992.0,-7.6231384,-4.43885,3.1052797,0.06352998,0.0036651916,-0.029321533
3003.0,-7.680599,-4.357447,3.1148565,0.09773844,0.0061086523,-0.029321533
