30.0,0.90979666,-0.8690952,9.631873,0.004886922,-0.015882496,0.0012217305
35.0,1.103727,-1.1659763,9.619903,0.16249016,0.12339478,-0.07086037
45.0,1.4149733,-1.0127473,9.531317,0.035430185,-0.2443461,-0.24190263
63.0,1.4915876,-1.0534488,9.583989,-0.12217305,-0.37995818,-0.32742378
65.0,1.3479356,-1.0965444,9.830592,-0.04886922,0.44104472,0.028099801
74.0,1.3551182,-1.0941502,9.794679,-0.11484267,0.5009095,0.010995574
85.0,1.1707647,-1.2258313,9.864111,-0.16371189,0.35308012,-0.057421334
94.0,1.2042835,-1.2904748,9.78989,-0.1600467,0.19303341,-0.09040806
104.0,1.2521675,-1.2330139,9.689334,-0.13927728,0.18692477,-0.0842994
115.0,1.1827357,-1.1348516,9.560047,-0.12705997,0.18448131,-0.10751228
127.0,1.1444284,-1.0702082,9.509769,-0.12705997,0.18325958,-0.11728613
135.0,1.1180922,-1.1827357,9.509769,-0.13072516,0.172264,-0.10995574
146.0,1.0989386,-1.2904748,9.445126,-0.13805555,0.15882497,-0.103847094
155.0,1.0869676,-1.3239936,9.358934,-0.14049901,0.14538592,-0.111177474
164.0,1.0654198,-1.3239936,9.260772,-0.12217305,0.13805555,-0.12461651
175.0,0.9959879,-1.2449849,9.234436,-0.089186326,0.12950343,-0.12583824
188.0,1.0055647,-1.2497733,9.255983,-0.07086037,0.12217305,-0.111177474
195.0,0.91458505,-1.3192052,9.227253,-0.06352998,0.10873401,-0.096516706
205.0,0.9720459,-1.2641385,9.258378,-0.057421334,0.089186326,-0.087964594
215.0,1.0151415,-1.316811,9.301474,-0.05497787,0.0720821,-0.07819075
226.0,1.0031705,-1.2641385,9.28232,-0.052534413,0.05375614,-0.06719518
237.0,1.0941502,-1.1324574,9.334992,-0.052534413,0.04153884,-0.058643065
246.0,1.13964,-1.103727,9.375694,-0.064751714,0.028099801,-0.04886922
255.0,1.1659763,-1.1875241,9.313444,-0.087964594,0.02321288,-0.037873644
265.0,1.2018893,-1.2210429,9.445126,-0.112399206,0.02443461,-0.034208454
275.0,1.2401965,-1.3335704,9.502586,-0.14294247,0.028099801,-0.04153884
286.0,1.3694834,-1.2665327,9.753978,-0.18692477,0.039095376,-0.05375614
295.0,1.4748282,-1.2066777,9.78989,-0.267559,0.04886922,-0.056199603
307.0,1.6160861,-1.0175357,9.7563715,-0.44715336,0.07452556,-0.040317107
315.0,1.5490485,-0.8738836,9.607931,-0.7501425,0.09407325,-0.014660766
326.0,1.4077905,-0.89303726,9.294291,-1.6114625,0.14782938,0.034208454
335.0,1.3718776,-1.1324574,9.095572,-1.6114625,0.14782938,0.034208454
345.0,1.3599066,-1.3383588,8.9040365,-2.1148155,0.16737708,0.0720821
355.0,1.412579,-2.336741,9.296685,-3.2803464,0.19792034,0.16371189
367.0,1.4796166,-3.157952,9.464279,-3.844786,0.24801129,0.21013765
375.0,1.436521,-3.7684734,9.586384,-4.3237042,0.3042109,0.25411993
385.0,1.1013328,-4.3023806,9.509769,-4.679228,0.3640757,0.26511553
395.0,0.9911995,-4.8578353,9.239224,-4.8905873,0.4166101,0.25045475
406.0,0.8882488,-5.5042696,8.774749,-4.9712214,0.46303585,0.25167647
416.0,0.79726917,-6.172252,8.310274,-4.9516735,0.5045747,0.28955013
428.0,0.6584055,-6.7085533,7.8050976,-4.8734827,0.5412266,0.34574974
435.0,0.40222588,-6.8210807,7.4124484,-4.742758,0.5925393,0.37018433
446.0,0.01436521,-6.6750345,7.2209125,-4.552168,0.6646214,0.34208453
456.0,-0.39504328,-6.457162,6.9479733,-4.348139,0.72204274,0.31887165
466.0,-0.81642276,-6.6630635,6.727707,-4.2003093,0.7684685,0.3640757
476.0,-0.9528923,-7.4723034,6.4787097,-4.089132,0.7819075,0.4605924
487.0,-0.9696517,-8.449138,6.0166287,-3.997502,0.77457714,0.5656612
496.0,-0.7589619,-9.083601,5.674258,-3.9241984,0.7611381,0.6426302
507.0,-0.7398083,-9.461885,5.2241483,-3.8728857,0.77213365,0.6560693
516.0,-0.7757214,-9.531317,4.7524905,-3.8777726,0.7965683,0.61819565
527.0,-0.94092125,-9.380483,4.132392,-4.025602,0.8210029,0.59742624
537.0,-1.0749966,-9.289502,3.6224272,-4.34203,0.83077675,0.625526
547.0,-1.3215994,-9.445126,3.277662,-4.7952924,0.8173377,0.6780604
557.0,-1.4173675,-9.871294,2.9041667,-5.3291883,0.7806858,0.7415904
567.0,-1.4437037,-10.3453455,2.6240451,-5.83132,0.72082096,0.8136725
578.0,-1.5179238,-10.749966,2.4947581,-6.1807346,0.6426302,0.88208944
589.0,-1.6112977,-11.300632,2.0398598,-6.3346725,0.5888741,0.93951076
598.0,-1.8315643,-11.882423,1.4173675,-6.3774333,0.55833083,1.028697
610.0,-1.8890251,-12.562376,0.62009823,-6.393316,0.50701815,1.1630874
620.0,-1.9416976,-12.966996,0.25617957,-6.395759,0.44226643,1.2681563
630.0,-2.0494366,-12.852075,0.019153614,-6.4287457,0.3811799,1.3768903
640.0,-1.6328455,-13.457808,-0.22026655,-6.478837,0.28221974,1.5112807
649.0,-1.532289,-14.276625,-0.9840169,-6.425081,0.1563815,1.6505579
659.0,-2.1978772,-14.65012,-2.006341,-6.0463443,0.021991149,1.8057177
670.0,-2.7102363,-14.683639,-3.5625722,-5.3780575,-0.13072516,1.9486601
678.0,-2.7748797,-14.312538,-5.1116204,-4.678006,-0.32498032,2.1184807
690.0,-2.4301147,-14.101848,-6.445191,-4.0818014,-0.56688297,2.3127358
697.0,-2.2242134,-13.745112,-7.1634517,-3.571118,-0.8381071,2.4715607
707.0,-2.4109612,-13.175292,-7.1371155,-3.072652,-1.1337659,2.58396
722.0,-2.813187,-12.579136,-7.0724716,-2.4911084,-1.4159856,2.6755898
731.0,-3.0693667,-12.37084,-7.1826053,-1.7959439,-1.6835446,2.7598891
738.0,-3.098097,-11.9135475,-7.491457,-1.0665708,-1.9242256,2.8588493
750.0,-3.241749,-11.48738,-8.1642275,-0.3933972,-2.1355848,2.9590313
759.0,-3.1411927,-10.560823,-8.135497,0.10629055,-2.3335052,3.0702088
767.0,-3.0023289,-9.828198,-7.7452426,0.40561453,-2.5448647,3.1813862
780.0,-2.8921957,-9.040505,-6.612785,0.57543504,-2.7207937,3.2669072
789.0,-2.6431987,-8.252813,-5.195418,0.6658431,-2.879619,3.354872
798.0,-2.5713725,-7.8529816,-4.644751,0.816116,-2.9981265,3.38175
807.0,-2.6384103,-7.2448545,-4.122815,1.070236,-3.0641,3.4122932
817.0,-2.3319526,-6.6870055,-4.048595,1.3365731,-3.128852,3.4538321
828.0,-2.2649148,-5.8825536,-3.5553896,1.5674802,-3.1716123,3.4489453
840.0,-2.2816741,-4.7165775,-2.6288335,1.7189748,-3.1838295,3.4257324
850.0,-2.4708161,-3.9671922,-1.9129672,1.7910569,-3.1752775,3.35365
860.0,-2.6240451,-3.6870706,-1.1923125,1.7800614,-3.1496212,3.2754595
870.0,-2.6240451,-3.2800562,-0.45010993,1.7030923,-3.1154127,3.1789427
880.0,-2.741361,-2.8060043,0.62967503,1.6114625,-3.0592132,3.023783
890.0,-2.8778305,-2.0446482,1.508347,1.5528195,-2.9883528,2.8393016
901.0,-3.1603463,-1.0606314,2.2337902,1.5564847,-2.869845,2.6328292
909.0,-3.5075054,-0.37110126,2.5498247,1.5699236,-2.7061331,2.4251351
920.0,-3.9025488,0.17477672,3.0789435,1.4697418,-2.5228734,2.2003367
931.0,-4.1132383,0.6919243,3.5936968,1.1765264,-2.3408356,1.9633209
940.0,-4.4723687,0.7422025,3.8355112,0.7733554,-2.1636846,1.6798794
950.0,-4.745308,0.7254431,4.3263226,0.39828414,-1.9828686,1.3622295
959.0,-5.121197,0.5482722,4.453215,0.12095132,-1.7739527,1.0506883
970.0,-5.616797,0.1436521,4.4460325,0.04886922,-1.536937,0.74281216
980.0,-6.009446,0.1364695,4.8027687,0.18570304,-1.2351695,0.47647488
990.0,-6.191406,0.29448682,5.2049947,0.37873647,-0.874759,0.26511553
1000.0,-6.55293,0.7445967,6.4188547,0.5180137,-0.51923543,0.08674286
1009.0,-6.505046,1.4628572,7.5201874,0.6084218,-0.17837265,-0.15760323
1018.0,-6.801927,1.2378023,7.017405,0.8002335,0.18570304,-0.54244834
1033.0,-6.9623384,-0.47644615,5.1571107,0.88697636,0.47525316,-0.7318166
1060.0,-7.4387846,-2.6264393,3.5098996,0.6133087,0.6646214,-0.7110472
1060.0,-8.049306,-4.0581717,1.9632454,0.31764993,0.784351,-0.8222246
1060.0,-8.683769,-4.618415,0.93852705,0.31642818,0.90408057,-1.0409144
1068.0,-9.102755,-4.853047,0.25617957,0.5363397,0.9957104,-1.1081096
1077.0,-9.078813,-4.733337,0.260968,0.6743952,1.0458013,-1.0262536
1092.0,-8.671799,-4.7764325,0.33518824,0.54611355,1.0348058,-0.96761054
1099.0,-8.444349,-5.619191,0.18914193,0.25411993,0.9773844,-0.9224065
1109.0,-8.248025,-6.528988,-0.24420857,-0.05131268,0.8772025,-0.7440339
1118.0,-8.288726,-7.704541,-1.0462662,-0.23457226,0.7648033,-0.4801401
1129.0,-8.580819,-8.7532015,-1.9512744,-0.21868975,0.42638394,-0.058643065
1138.0,-8.765172,-9.452309,-2.633622,-0.21868975,0.42638394,-0.058643065
1149.0,-8.944737,-9.074024,-2.7700913,-0.095294975,0.19181168,0.16493362
1158.0,-9.0237465,-7.896077,-2.528277,0.057421334,-0.037873644,0.38728857
1168.0,-8.901642,-6.801927,-1.745373,0.12583824,-0.24312437,0.5656612
1180.0,-8.920795,-5.920861,-0.82360536,0.080634214,-0.44348818,0.6963864
1188.0,-9.121908,-5.341464,-0.08619126,0.037873644,-0.6133087,0.8026769
1199.0,-9.138668,-4.855441,0.33758244,0.05009095,-0.77213365,0.90285885
1211.0,-9.057265,-3.5793316,0.9600749,0.07452556,-0.9651671,0.9602802
1220.0,-8.564059,-3.241749,1.7405846,0.07452556,-1.0250319,0.9236283
1231.0,-8.255207,-2.9592333,2.348712,0.07696902,-1.0250319,0.874759
1239.0,-7.9463553,-2.6384103,2.9855695,0.07574729,-0.96761054,0.81000733
1249.0,-7.455544,-2.5905263,3.394978,0.09896017,-0.86132,0.7244862
1259.0,-7.2592196,-2.7222073,3.4404678,0.09407325,-0.7147123,0.6597345
1269.0,-7.479486,-1.6998832,4.55856,-0.014660766,-0.5412266,0.5876524
1279.0,-7.563283,-0.7445967,6.0956373,-0.19792034,-0.32253686,0.32620203
1289.0,-7.07726,-1.1133038,6.2752028,-0.21502456,-0.12217305,-0.02443461
1298.0,-7.03177,-1.9967642,5.221754,-0.04886922,0.05497787,-0.111177474
1309.0,-7.5225816,-3.0358477,3.763685,0.12950343,0.20525073,-0.017104227
1320.0,-8.0684595,-3.5314474,2.5139117,0.22602014,0.2932153,-0.015882496
1330.0,-8.355764,-3.8618474,1.7070658,0.2919936,0.3213151,-0.13316862
1339.0,-8.327033,-4.010288,1.1923125,0.3811799,0.2968805,-0.24556783
1348.0,-8.327033,-4.0174704,1.1994951,0.4202753,0.25900686,-0.29077184
1359.0,-8.343793,-3.8355112,1.2976574,0.35308012,0.22235495,-0.29565877
1370.0,-8.346188,-3.8163576,1.6663644,0.23945917,0.18325958,-0.3005457
1380.0,-8.511387,-3.643975,2.0470424,0.13927728,0.16126843,-0.30543262
1392.0,-8.408437,-3.655946,2.219425,0.095294975,0.17592919,-0.31398472
1400.0,-8.418014,-3.5649664,2.3942018,0.111177474,0.19914207,-0.3200934
1409.0,-8.35337,-3.6631286,2.1763294,0.15393804,0.22235495,-0.31887165
1420.0,-8.379706,-3.7660792,2.1523874,0.22113322,0.25289822,-0.33475417
1431.0,-8.322245,-3.596091,2.2002714,0.2602286,0.28099802,-0.3481932
1440.0,-8.240842,-3.5362358,2.2697031,0.28588495,0.30909783,-0.36651915
1452.0,-8.176199,-3.667917,2.4061728,0.32742378,0.3323107,-0.3933972
1459.0,-7.9822683,-3.928885,2.3008277,0.35918877,0.36896262,-0.41416663
1470.0,-7.7907324,-4.3263226,2.15957,0.39461896,0.3921755,-0.4288274
1479.0,-7.666234,-4.417302,2.042254,0.40439278,0.41050145,-0.4288274
1489.0,-7.675811,-4.5202527,1.946486,0.39095375,0.42149702,-0.42760566
1500.0,-7.8625584,-4.4556093,1.9536686,0.35308012,0.42760566,-0.43127087
1511.0,-7.9248075,-4.3502645,2.0374656,0.28099802,0.4251622,-0.43249258
1520.0,-7.9726915,-4.3598413,2.0733786,0.22357668,0.43860126,-0.43371433
1532.0,-7.9702973,-4.355053,1.8267759,0.21502456,0.453262,-0.43004912
1539.0,-8.0684595,-4.8362875,1.2210429,0.25778514,0.4569272,-0.42638394
1551.0,-8.200141,-4.9416323,0.9911995,0.28099802,0.45081854,-0.39584067
1560.0,-8.485051,-5.0541596,0.7110779,0.24556783,0.43982297,-0.36896262
1572.0,-8.65025,-5.0613422,0.7565677,0.20647246,0.4166101,-0.35918877
1580.0,-8.762778,-4.8985367,0.9528923,0.1282817,0.38728857,-0.32498032
1591.0,-8.671799,-4.7548847,1.2569559,0.062308256,0.3652974,-0.30176744
1602.0,-8.499416,-4.7907977,1.496376,0.032986723,0.34574974,-0.28710666
1611.0,-8.39886,-4.7022123,1.5777789,0.04886922,0.3286455,-0.26389378
1619.0,-8.310274,-4.747702,1.4748282,0.1160644,0.31764993,-0.25045475
1632.0,-8.365341,-4.8626237,1.1971009,0.21013765,0.2932153,-0.23945917
1639.0,-8.322245,-4.608838,1.1683705,0.26145032,0.2846632,-0.21624629
1651.0,-8.480263,-4.390966,1.1707647,0.2883284,0.26145032,-0.21502456
1660.0,-8.429984,-4.177882,1.2186487,0.29565877,0.23823744,-0.22968534
1670.0,-8.367735,-4.10845,1.2976574,0.25411993,0.21991149,-0.23457226
1680.0,-8.281544,-4.3406878,1.1994951,0.17470746,0.2003638,-0.24312437
1690.0,-8.149862,-4.5441947,1.2234371,0.09040806,0.18325958,-0.2602286
1700.0,-8.090008,-4.7764325,1.2617443,0.017104227,0.172264,-0.27000242
1710.0,-8.121132,-4.924873,1.2449849,-0.02443461,0.1685988,-0.2773328
1720.0,-8.305486,-4.939238,1.2162545,-0.042760566,0.16126843,-0.28221974
1732.0,-8.47308,-4.8722005,1.2665327,-0.05131268,0.1563815,-0.27977628
1740.0,-8.47308,-4.951209,1.3814543,-0.04153884,0.14905111,-0.27000242
1752.0,-8.374918,-4.8386817,1.2737153,-0.014660766,0.14049901,-0.24678956
1762.0,-8.250419,-4.8985367,1.1971009,0.021991149,0.1282817,-0.22724187
1771.0,-8.276755,-4.865018,1.0175357,0.04153884,0.1160644,-0.21135938
1782.0,-8.204929,-5.011064,1.0534488,0.039095376,0.10873401,-0.19914207
1791.0,-8.118738,-5.0278234,1.163582,0.021991149,0.08552113,-0.18203785
1801.0,-8.157045,-4.9943047,1.1300632,0.0036651916,0.06963864,-0.17104226
1812.0,-8.183381,-5.0757074,1.2090719,-0.0012217305,0.06352998,-0.16249016
1821.0,-8.197746,-5.0134583,1.3335704,-0.02443461,0.062308256,-0.14538592
1832.0,-8.178593,-4.9583917,1.4293385,-0.039095376,0.05131268,-0.14172074
1841.0,-8.042124,-4.951209,1.3599066,-0.030543262,0.043982297,-0.14172074
1849.0,-8.003817,-5.121197,1.3982137,-0.009773844,0.043982297,-0.12950343
1860.0,-7.967903,-4.96318,1.3982137,0.007330383,0.04886922,-0.118507855
1871.0,-8.032547,-5.056554,1.3000516,0.034208454,0.05009095,-0.118507855
1881.0,-7.9990277,-5.0493712,1.1947067,0.058643065,0.05009095,-0.11362094
1891.0,-8.010999,-5.0374002,1.1444284,0.06352998,0.043982297,-0.10629055
1901.0,-8.085219,-5.035006,1.1875241,0.039095376,0.042760566,-0.10140363
1912.0,-8.166622,-5.068525,1.1659763,-0.015882496,0.039095376,-0.09285152
1922.0,-8.106767,-5.032612,1.3455414,-0.06352998,0.04153884,-0.087964594
1933.0,-8.061277,-5.00867,1.3742718,-0.081855945,0.043982297,-0.0842994
1941.0,-7.9463553,-5.0374002,1.4101849,-0.0720821,0.040317107,-0.07574729
1951.0,-7.97748,-5.109226,1.4580688,-0.062308256,0.04153884,-0.06841691
1961.0,-7.9463553,-5.1930237,1.4293385,-0.035430185,0.052534413,-0.06841691
1972.0,-7.9487495,-5.0996494,1.30484,0.012217305,0.05497787,-0.07086037
1981.0,-7.869741,-5.0493712,1.1755531,0.056199603,0.058643065,-0.06963864
1992.0,-7.9104424,-5.121197,1.055843,0.080634214,0.056199603,-0.073303826
2000.0,-7.9607205,-5.0421886,1.2138603,0.06963864,0.047647487,-0.073303826
2011.0,-7.920019,-4.9536033,1.2138603,0.047647487,0.040317107,-0.081855945
2021.0,-7.941567,-5.0134583,1.3431472,0.039095376,0.040317107,-0.089186326
2032.0,-7.8865004,-4.9919105,1.4269443,0.04153884,0.04520403,-0.089186326
2040.0,-7.9631147,-5.0637364,1.3623008,0.04153884,0.04520403,-0.089186326
2060.0,-7.9511437,-5.130774,1.3575124,0.035430185,0.057421334,-0.08674286
2060.0,-8.034941,-5.1906295,1.1468226,0.02321288,0.05375614,-0.09040806
2068.0,-7.9750857,-5.161899,1.1348516,0.010995574,0.052534413,-0.087964594
2079.0,-7.979874,-5.1259856,1.2808979,0.002443461,0.05375614,-0.08674286
2090.0,-8.020576,-5.195418,1.2737153,-0.0036651916,0.05497787,-0.0842994
2099.0,-7.9870567,-5.2026005,1.3910311,-0.0036651916,0.043982297,-0.07941248
2111.0,-7.872135,-5.2026005,1.3814543,0.0061086523,0.05131268,-0.07574729
2120.0,-7.81228,-5.145139,1.3000516,0.018325957,0.052534413,-0.065973446
2132.0,-7.860164,-5.109226,1.3263878,0.013439035,0.05131268,-0.057421334
2140.0,-7.855376,-5.097255,1.2186487,0.0012217305,0.05131268,-0.056199603
2149.0,-7.8984714,-5.2121773,1.2473791,-0.012217305,0.05009095,-0.056199603
2159.0,-7.9942393,-5.1906295,1.1827357,-0.010995574,0.05009095,-0.05131268
2171.0,-7.941567,-5.2409077,1.055843,0.009773844,0.04886922,-0.04642576
2181.0,-7.9367785,-5.1882353,1.1085154,0.030543262,0.047647487,-0.042760566
2191.0,-7.9248075,-5.159505,1.1971009,0.02443461,0.04886922,-0.034208454
2201.0,-7.8505874,-5.1642933,1.3096284,0.0036651916,0.04886922,-0.03176499
2212.0,-7.8505874,-5.2528787,1.2641385,-0.010995574,0.04886922,-0.032986723
2221.0,-7.7907324,-5.195418,1.3024458,-0.013439035,0.052534413,-0.02687807
2233.0,-7.8410106,-5.183447,1.2856863,-0.015882496,0.05497787,-0.021991149
2241.0,-7.845799,-5.2624555,1.1779473,-0.013439035,0.05497787,-0.02076942
2251.0,-7.819463,-5.221754,1.2234371,-0.015882496,0.06352998,-0.02076942
2261.0,-7.807492,-5.2361193,1.2258313,-0.014660766,0.06963864,-0.019547688
2270.0,-7.7931266,-5.3127337,1.30484,-0.010995574,0.07819075,-0.018325957
2280.0,-7.9032598,-5.3127337,1.1851299,-0.0061086523,0.08552113,-0.019547688
2292.0,-7.8912888,-5.2026005,1.1923125,0.004886922,0.081855945,-0.02076942
2299.0,-7.8984714,-5.1666875,1.2162545,0.007330383,0.08307768,-0.018325957
2311.0,-7.8888946,-5.085284,1.2258313,-0.004886922,0.08552113,-0.018325957
2322.0,-7.845799,-5.2528787,1.1827357,-0.02076942,0.081855945,-0.019547688
2334.0,-7.884106,-5.3342814,1.1563994,-0.02565634,0.07941248,-0.02321288
2341.0,-7.8386164,-5.3606176,1.1707647,-0.021991149,0.07574729,-0.02321288
2353.0,-7.8027034,-5.3199162,1.1851299,-0.007330383,0.0720821,-0.02565634
2361.0,-7.917625,-5.403713,1.0462662,0.010995574,0.07696902,-0.02565634
2372.0,-7.9391727,-5.2600613,1.13964,0.015882496,0.06963864,-0.021991149
2381.0,-7.955932,-5.281609,1.2090719,0.012217305,0.080634214,-0.021991149
2391.0,-7.809886,-5.2026005,1.1779473,0.014660766,0.07941248,-0.021991149
2401.0,-7.881712,-5.149928,1.2330139,0.012217305,0.07819075,-0.015882496
2412.0,-7.8769236,-5.1547165,1.2210429,0.0036651916,0.07819075,-0.013439035
2420.0,-7.872135,-5.195418,1.1611878,-0.0012217305,0.07696902,-0.017104227
2432.0,-7.872135,-5.255273,1.1971009,0.002443461,0.081855945,-0.018325957
2440.0,-7.831434,-5.1116204,1.1324574,0.009773844,0.08552113,-0.015882496
2452.0,-7.908048,-5.1786585,1.115698,0.02565634,0.09040806,-0.02076942
2462.0,-7.941567,-5.1020436,1.1061212,0.037873644,0.09162979,-0.02565634
2474.0,-7.9152308,-5.0014873,1.0462662,0.032986723,0.09285152,-0.028099801
2481.0,-7.941567,-5.17387,1.091756,0.015882496,0.09040806,-0.02687807
2491.0,-7.941567,-5.2959743,1.115698,-0.012217305,0.09040806,-0.021991149
2500.0,-7.9272017,-5.2768207,1.151611,-0.018325957,0.09285152,-0.019547688
2511.0,-7.8745294,-5.2504845,1.1468226,0.008552114,0.095294975,-0.017104227
2520.0,-7.884106,-5.267244,1.0414777,0.030543262,0.09407325,-0.010995574
2534.0,-7.905654,-5.3007627,1.067814,0.018325957,0.09407325,-0.004886922
2540.0,-7.9750857,-5.197812,1.0749966,-0.002443461,0.09285152,-0.007330383
2553.0,-8.039729,-5.243302,1.1252748,-0.004886922,0.09162979,-0.012217305
2562.0,-7.9631147,-5.209783,1.0534488,0.012217305,0.08674286,-0.010995574
2572.0,-8.020576,-5.2480903,1.0534488,0.02443461,0.08552113,-0.0036651916
2581.0,-7.9846625,-5.2720323,1.0893618,0.018325957,0.08674286,0.0012217305
2592.0,-7.9152308,-5.161899,1.0486604,0.009773844,0.07696902,0.0012217305
2601.0,-7.9367785,-5.0637364,1.1659763,0.008552114,0.0720821,-0.0012217305
2611.0,-7.955932,-5.1690817,1.151611,0.013439035,0.06841691,-0.0012217305
2622.0,-7.905654,-5.2385135,1.0606314,0.019547688,0.06352998,0.0036651916
2633.0,-7.855376,-5.1930237,0.9768343,0.032986723,0.061086524,0.0012217305
2642.0,-7.8505874,-5.2049947,0.9672575,0.043982297,0.058643065,0.0
2653.0,-7.9966335,-5.116409,0.9911995,0.04153884,0.04886922,0.0
2662.0,-8.046912,-5.1547165,0.9983821,0.035430185,0.04886922,-0.004886922
2672.0,-8.001422,-5.2265425,0.9792285,0.03176499,0.05009095,-0.004886922
2681.0,-7.9726915,-5.1547165,0.9983821,0.019547688,0.05131268,-0.0012217305
2691.0,-7.85777,-5.109226,1.0654198,-0.002443461,0.056199603,0.0012217305
2702.0,-7.920019,-5.080496,1.0486604,-0.018325957,0.057421334,-0.004886922
2712.0,-7.9463553,-5.0781016,1.0007763,-0.02687807,0.061086524,-0.008552114
2721.0,-7.9487495,-5.2744265,0.9840169,-0.028099801,0.062308256,-0.004886922
2733.0,-7.9846625,-5.363012,0.9576807,-0.021991149,0.058643065,0.0
2740.0,-7.9343843,-5.2624555,1.0103531,-0.013439035,0.05375614,0.0036651916
2752.0,-8.008605,-5.133168,0.9935937,0.009773844,0.047647487,0.0036651916
2763.0,-7.9343843,-5.243302,0.9624691,0.021991149,0.05497787,0.008552114
2774.0,-7.9487495,-5.2241483,1.0295067,0.014660766,0.047647487,0.018325957
2782.0,-7.9272017,-5.2528787,1.0271125,0.0012217305,0.04642576,0.02443461
2791.0,-7.8793178,-5.1355624,1.0175357,-0.007330383,0.04642576,0.028099801
2802.0,-7.8146744,-5.1930237,1.0534488,-0.02687807,0.040317107,0.034208454
2812.0,-7.855376,-5.2480903,1.0342951,-0.04153884,0.039095376,0.03176499
2823.0,-7.917625,-5.185841,0.9744401,-0.039095376,0.037873644,0.029321533
2834.0,-7.9463553,-5.2026005,0.93613285,-0.002443461,0.037873644,0.028099801
2842.0,-7.943961,-5.2600613,0.92655605,-0.002443461,0.037873644,0.028099801
2852.0,-7.967903,-5.2624555,0.93373865,-0.0036651916,0.034208454,0.029321533
2861.0,-7.955932,-5.2480903,0.9552865,-0.013439035,0.02687807,0.02565634
2871.0,-7.917625,-5.2145715,1.0103531,-0.015882496,0.02443461,0.02321288
2882.0,-7.855376,-5.255273,1.0127473,-0.015882496,0.02076942,0.02565634
2893.0,-7.943961,-5.1930237,1.1013328,0.0,0.02687807,0.02321288
2902.0,-7.8984714,-5.058948,1.0630256,0.007330383,0.030543262,0.018325957
2913.0,-7.8912888,-5.058948,1.0654198,0.0061086523,0.028099801,0.014660766
2922.0,-7.867347,-5.0900726,1.1444284,-0.0012217305,0.028099801,0.004886922
2934.0,-7.905654,-5.011064,1.163582,-0.0012217305,0.03176499,-0.009773844
2943.0,-7.8984714,-5.1116204,1.1683705,0.010995574,0.037873644,-0.02321288
2953.0,-7.8529816,-5.092467,1.2066777,0.02443461,0.040317107,-0.030543262
2961.0,-7.8410106,-5.08289,1.1755531,0.040317107,0.036651913,-0.04153884
2972.0,-7.908048,-5.161899,1.1372458,0.0720821,0.037873644,-0.058643065
2981.0,-7.824251,-5.17387,1.1994951,0.112399206,0.047647487,-0.065973446
2992.0,-7.836222,-5.109226,1.1300632,0.14782938,0.05131268,-0.0720821
3001.0,-7.8410106,-5.1235914,1.1563994,0.16493362,0.058643065,-0.081855945
3014.0,-7.8410106,-5.12838,1.127669,0.16126843,0.059864793,-0.089186326
