40.0,0.78529817,-1.7405846,9.598354,0.16615535,0.12339478,-0.08552113
43.0,0.60812724,-1.8315643,9.674969,-0.0012217305,-0.25411993,-0.26267207
57.0,0.6512229,-1.9536686,9.746795,-0.10751228,-0.40439278,-0.2919936
63.0,0.7541735,-1.9608512,9.737218,0.02565634,0.37384954,0.087964594
74.0,0.6631939,-1.8938135,9.672575,0.047647487,0.38362336,0.12339478
83.0,0.6512229,-1.6136919,9.653421,0.06719518,0.2125811,0.081855945
94.0,0.5434838,-1.5179238,9.629479,0.07452556,0.04886922,0.02076942
103.0,0.581791,-1.5370775,9.583989,0.056199603,0.04886922,0.03176499
114.0,0.62728083,-1.5227122,9.588778,0.013439035,0.05009095,0.061086524
123.0,0.61530983,-1.5921441,9.710882,-0.02687807,0.05131268,0.07696902
135.0,0.59136784,-1.721431,9.6845455,-0.042760566,0.052534413,0.07086037
143.0,0.59376204,-1.7645266,9.792285,-0.040317107,0.052534413,0.06841691
153.0,0.60812724,-1.8315643,9.65821,-0.02687807,0.056199603,0.07819075
164.0,0.60333884,-1.7022774,9.694122,0.0036651916,0.058643065,0.080634214
173.0,0.5793968,-1.6017209,9.543288,0.042760566,0.061086524,0.07086037
185.0,0.49799395,-1.4532804,9.55047,0.057421334,0.06352998,0.064751714
196.0,0.5554548,-1.4652514,9.5385,0.04520403,0.062308256,0.06841691
204.0,0.5602432,-1.5275006,9.504981,0.021991149,0.061086524,0.06963864
214.0,0.581791,-1.4556746,9.423578,-0.002443461,0.057421334,0.06719518
224.0,0.62488663,-1.388637,9.370906,-0.018325957,0.057421334,0.061086524
234.0,0.59855044,-1.4891934,9.344569,-0.02443461,0.052534413,0.05131268
244.0,0.60094464,-1.151611,9.473856,-0.02687807,0.042760566,0.040317107
255.0,0.85473,-0.17238252,9.210494,0.009773844,0.010995574,0.061086524
264.0,0.7422025,-1.2521675,9.239224,0.20769419,-0.018325957,0.2724459
274.0,0.5650316,-1.5705963,9.320627,0.17104226,-0.009773844,0.48502702
284.0,0.6775591,-1.3263878,9.409213,0.034208454,-0.013439035,0.39461896
295.0,0.94331545,-2.1164744,8.954314,0.06963864,-0.030543262,0.2773328
304.0,2.432509,-1.4293385,8.762778,-0.14049901,-0.09773844,0.22602014
315.0,0.7781156,-0.6679823,9.435549,-0.7147123,-0.064751714,-0.13316862
324.0,-0.45250413,-2.3319526,9.80665,-0.25289822,0.13805555,-0.18081611
334.0,0.22984336,-1.934515,9.526528,-0.02565634,-0.014660766,0.047647487
344.0,0.78290397,-2.267309,9.531317,-0.17104226,-0.1282817,0.16982053
354.0,0.50278234,-2.918532,9.787497,-0.16737708,-0.07086037,0.3213151
364.0,0.23223756,-2.7748797,9.828198,0.09040806,-0.07086037,0.3481932
375.0,0.260968,-1.9608512,9.813833,0.37507126,-0.13072516,0.3567453
384.0,0.6488287,-1.6304513,9.68694,0.52778757,-0.15515977,0.39095375
395.0,1.2018893,-1.3982137,9.631873,0.54733527,-0.16493362,0.35796702
404.0,1.4197617,-1.4652514,9.459491,0.4447099,-0.17592919,0.21624629
414.0,0.7781156,-1.958457,9.440337,0.24678956,-0.15149458,0.02076942
424.0,0.4165911,-1.7597382,9.579201,0.09162979,-0.09773844,-0.03176499
436.0,0.41180268,-1.1085154,9.636662,0.062308256,-0.1001819,-0.028099801
444.0,0.5674258,-0.9768343,9.694122,0.10262536,-0.13072516,-0.05375614
454.0,0.7134721,-1.0654198,9.646238,0.10629055,-0.13316862,-0.059864793
464.0,0.6847417,-0.92176765,9.643845,0.07941248,-0.118507855,-0.04886922
474.0,0.6368576,-0.7733272,9.55047,0.05497787,-0.09773844,-0.029321533
484.0,0.6775591,-0.93134445,9.313444,0.0061086523,-0.08552113,0.021991149
496.0,0.62488663,-1.1563994,9.3421755,-0.06841691,-0.081855945,0.073303826
504.0,0.6631939,-1.4891934,9.354146,-0.12217305,-0.059864793,0.10629055
514.0,0.6775591,-1.6304513,9.284714,-0.14172074,-0.039095376,0.112399206
524.0,0.7589619,-1.5394717,9.294291,-0.15271631,-0.029321533,0.065973446
534.0,0.51954174,-1.283292,9.234436,-0.2003638,-0.021991149,-0.008552114
544.0,0.35194764,-1.0702082,9.169792,-0.28221974,-0.021991149,-0.07574729
556.0,0.4237737,-1.115698,9.179369,-0.36774087,-0.040317107,-0.112399206
564.0,0.521936,-1.163582,9.057265,-0.46303585,-0.056199603,-0.15515977
574.0,0.5267244,-1.2401965,8.892065,-0.59986967,-0.062308256,-0.22235495
584.0,2.2649148,-0.007182605,7.9607205,-0.77091193,-0.09896017,-0.3042109
596.0,2.861071,-0.04070143,7.577648,-0.95294976,-0.20769419,-0.15393804
605.0,1.484405,-1.292869,7.9750857,-1.2400564,-0.06963864,-0.19058995
616.0,0.1388637,-1.2354081,8.221688,-1.5760323,0.058643065,-0.79412484
625.0,-0.60812724,-1.0821792,8.449138,-1.9486601,-0.0036651916,-1.4269812
634.0,-0.18914193,-1.6903064,8.556877,-2.3432791,-0.14782938,-1.17897
645.0,0.9648633,-2.5474305,8.576031,-2.579073,-0.2932153,-0.2125811
655.0,2.0350714,-3.0669725,8.4347725,-2.579073,-0.36651915,0.27488935
665.0,2.2625206,-3.0454245,8.511387,-2.543643,-0.3555236,-0.035430185
677.0,1.9177556,-3.1196449,8.791509,-2.6083946,-0.28710666,-0.49480084
689.0,1.3934253,-3.7325604,9.184157,-2.7146852,-0.22724187,-0.5766568
698.0,1.3742718,-4.4963107,9.385271,-2.751337,-0.22113322,-0.37873647
708.0,1.541866,-5.317522,9.205706,-2.6988027,-0.23579398,-0.22602014
717.0,1.8483237,-5.8107276,9.23683,-2.5998425,-0.23457226,-0.22724187
727.0,1.9560628,-5.9424086,9.0716305,-2.4801128,-0.20769419,-0.27488935
737.0,1.8938135,-5.851429,8.916007,-2.375044,-0.15760323,-0.2724459
746.0,1.6927006,-5.872977,8.695741,-2.3420575,-0.105068825,-0.23090707
758.0,1.5059528,-6.0597243,8.647857,-2.3774874,-0.07574729,-0.18081611
767.0,1.5131354,-6.5337763,8.552089,-2.4507914,-0.06963864,-0.12950343
778.0,1.532289,-6.7708025,8.422802,-2.5460863,-0.042760566,-0.064751714
787.0,1.4628572,-6.9383965,8.276755,-2.6413813,-0.018325957,-0.008552114
801.0,1.4508862,-6.9383965,8.0684595,-2.833193,0.07819075,0.013439035
808.0,1.3215994,-6.943185,7.824251,-2.833193,0.07819075,0.013439035
817.0,1.2330139,-6.88333,7.4124484,-2.9761355,0.13683382,0.03176499
827.0,1.0271125,-6.967127,6.991069,-3.1764994,0.17592919,0.06352998
838.0,0.91697925,-7.156269,6.5960255,-3.4367278,0.1966986,0.09773844
848.0,0.93134445,-7.675811,6.1866174,-3.717726,0.20525073,0.1282817
858.0,0.92655605,-8.506598,5.521029,-4.416556,0.28099802,0.23457226
867.0,0.878672,-9.138668,5.0661306,-4.7928486,0.312763,0.2919936
878.0,0.82599956,-9.679757,4.441244,-5.1202726,0.3371976,0.32742378
888.0,0.7110779,-10.005369,4.1012673,-5.408601,0.38606682,0.37507126
899.0,0.40222588,-10.340557,3.6343982,-5.701816,0.4447099,0.44226643
908.0,0.14844051,-10.809821,2.9855695,-6.0671134,0.47158796,0.54000485
918.0,-0.059855044,-11.523293,2.3223755,-6.482502,0.453262,0.65240407
927.0,-0.30645782,-12.512098,1.697489,-6.831917,0.41538838,0.75625116
938.0,-0.7661445,-13.802573,0.6799533,-6.9418726,0.34697145,0.8344419
947.0,-1.0821792,-15.38514,-0.79966336,-6.7512827,0.26267207,0.9407325
957.0,-1.520318,-16.725893,-1.7884687,-6.31879,0.17348573,1.1728612
969.0,-1.8602947,-16.938976,-2.1140802,-5.7580156,0.12583824,1.4294246
977.0,-1.9800048,-16.084248,-2.1164744,-5.0970597,0.057421334,1.5283848
988.0,-1.9416976,-15.061923,-1.9919758,-4.383569,-0.018325957,1.5650368
999.0,-1.5753847,-14.444219,-2.1092918,-3.7238345,-0.07819075,1.7287487
1005.0,-0.9624691,-14.02284,-2.4013844,-3.1618385,-0.16371189,1.9767599
1016.0,-0.34237084,-13.517663,-2.7748797,-2.7281241,-0.30665436,2.2516494
1028.0,-0.23942018,-12.950237,-3.3279405,-2.4483478,-0.4801401,2.4801128
1039.0,-0.35434186,-12.717999,-4.280833,-2.3493876,-0.7012733,2.6658158
1047.0,-0.7158663,-13.268666,-5.2959743,-2.3432791,-0.9370673,2.823419
1066.0,-1.2545617,-13.9677725,-6.0621185,-2.3041837,-1.1911873,3.0140092
1066.0,-1.3814543,-13.917495,-6.4906807,-2.1551325,-1.4501941,3.167947
1076.0,-1.4269443,-13.651738,-7.005434,-1.8912388,-1.7116444,3.3035593
1086.0,-1.6208745,-12.89517,-7.5944076,-1.5503759,-1.9877555,3.4367278
1099.0,-1.5825673,-11.918336,-7.455544,-1.2742649,-2.2479842,3.595553
1106.0,-1.7238252,-11.257536,-7.062895,-1.0323622,-2.5143213,3.6639698
1116.0,-1.9416976,-11.039664,-6.9647326,-0.8136725,-2.7501154,3.7348301
1126.0,-1.8028339,-10.613496,-6.751649,-0.6450737,-2.9712486,3.8594465
1137.0,-1.2330139,-9.849746,-6.129156,-0.55833083,-3.1887167,3.98895
1147.0,-0.9983821,-9.136273,-5.1786585,-0.4813618,-3.395189,4.047593
1159.0,-1.2425907,-8.441956,-4.0677485,-0.3115413,-3.5772269,4.053702
1166.0,-1.4077905,-7.551312,-3.0214825,-0.030543262,-3.712839,4.056145
1177.0,-1.6280571,-6.7133417,-2.1571758,0.3042109,-3.7922513,4.0280457
1187.0,-1.6376339,-5.6431336,-1.1659763,0.61208695,-3.8276815,3.9865067
1201.0,-1.661576,-4.8937483,-0.45729253,0.87598073,-3.8276815,3.907094
1208.0,-1.4700398,-4.0821137,0.21068975,1.0555751,-3.780034,3.8056905
1219.0,-1.4197617,-3.5458126,0.50757074,1.110553,-3.707952,3.685961
1227.0,-1.2401965,-2.8179753,1.3575124,0.9993755,-3.6065483,3.5332446
1239.0,-1.1659763,-1.8052281,2.2840683,0.752586,-3.500258,3.3426547
1249.0,-1.5945383,-1.2593501,2.942474,0.5045747,-3.3426547,3.0665436
1257.0,-2.1164744,-1.0103531,3.5529952,0.29443705,-3.1569517,2.7733283
1266.0,-2.719813,-0.7637503,3.8666358,0.13439035,-2.968805,2.4581218
1278.0,-3.25372,-0.7350199,3.821146,0.04886922,-2.787989,2.1135938
1288.0,-3.8498764,-0.6488287,4.1659107,0.04642576,-2.5949554,1.7886134
1299.0,-4.3382936,-0.22984336,4.757279,0.112399206,-2.348166,1.4856243
1309.0,-4.630386,0.15322891,5.4061074,0.22602014,-2.0402899,1.187522
1319.0,-4.9320555,0.31364042,5.327099,0.37873647,-1.7055358,0.8979719
1329.0,-4.6351743,-0.31124622,6.117185,0.5448918,-1.3206906,0.63285637
1339.0,-5.197812,-0.019153614,6.742072,0.61941737,-0.8576548,0.40683624
1349.0,-5.7628436,1.9369092,8.441956,0.6365216,-0.4728097,0.06841691
1359.0,-6.3182983,1.9776106,7.735666,0.87964594,-0.034208454,-0.53023106
1369.0,-6.6079965,0.50996494,5.2121773,1.2082914,0.32742378,-0.86254174
1379.0,-7.091625,-1.8890251,3.0262709,1.0311406,0.58276546,-0.77457714
1387.0,-7.711724,-4.426879,1.2761095,0.65118235,0.71837753,-0.766025
1399.0,-8.137892,-5.920861,0.31364042,0.58276546,0.8210029,-0.9492846
1406.0,-8.468291,-5.755661,-0.15562311,0.829555,0.9126327,-1.0164797
1418.0,-8.485051,-4.8123455,-0.110133275,0.9944886,0.9798279,-0.95539325
1427.0,-8.094796,-4.4244847,0.31124622,0.8136725,0.9737192,-0.91996306
1437.0,-7.656657,-4.7668557,0.49081135,0.3652974,0.9138544,-0.86620694
1447.0,-7.3909006,-6.0597243,-0.08379706,-0.073303826,0.8197812,-0.65484756
1458.0,-7.383718,-7.9367785,-1.3000516,-0.31642818,0.70738196,-0.34697145
1468.0,-7.9846625,-9.615114,-2.4061728,-0.3555236,0.52534413,-0.09407325
1479.0,-8.75799,-9.981427,-2.8299465,-0.22357668,0.32375857,0.14294247
1489.0,-9.083601,-8.602366,-2.5019407,-0.03176499,0.13805555,0.38973203
1500.0,-9.035717,-7.0844426,-1.9129672,0.07452556,-0.07574729,0.5729916
1510.0,-9.200917,-5.8562174,-0.91697925,0.015882496,-0.27977628,0.71837753
1521.0,-9.423578,-5.094861,0.18674773,-0.105068825,-0.45448375,0.8552113
1528.0,-9.41879,-4.6040497,1.0630256,-0.12583824,-0.59620446,0.9407325
1538.0,-9.255983,-4.024653,1.6448165,-0.017104227,-0.70371675,0.9810496
1548.0,-9.004593,-3.394978,2.066196,0.1441642,-0.77579886,0.9957104
1560.0,-8.647857,-2.6288335,2.7030537,0.27000242,-0.7892379,0.97249746
1569.0,-7.9391727,-1.9129672,3.4356794,0.3371976,-0.7330383,0.8943067
1580.0,-7.577648,-1.7956513,4.697424,0.3408628,-0.5839872,0.77824235
1589.0,-7.4387846,0.18674773,6.981492,0.29810223,-0.3811799,0.6096435
1601.0,-7.321469,2.5570073,8.75799,0.25534168,-0.1001819,0.20891592
1609.0,-6.979098,2.9352913,8.1642275,0.43493605,0.21502456,-0.376293
1619.0,-6.813898,1.4556746,6.157887,0.59864795,0.47525316,-0.6291912
1629.0,-7.192182,-1.0965444,4.175488,0.35918877,0.6426302,-0.5681047
1640.0,-7.7811556,-3.7852328,2.7748797,-0.0012217305,0.7367035,-0.6377433
1648.0,-8.492233,-5.3941364,2.1068976,-0.021991149,0.82344633,-0.88697636
1658.0,-9.141062,-5.317522,1.8387469,0.37995818,0.9077458,-1.0213667
1668.0,-9.490616,-4.158728,1.5466543,0.8857546,0.9896017,-1.0042624
1678.0,-9.097966,-3.550601,0.6536171,1.0726794,1.0152581,-1.0225884
1689.0,-8.564059,-4.0174704,0.29688102,0.7611381,0.97249746,-1.0506883
1701.0,-8.231265,-5.267244,0.031124622,-0.49235737,0.77579886,-0.77213365
1709.0,-8.204929,-7.632715,-1.0486604,-0.49235737,0.77579886,-0.77213365
1719.0,-8.822633,-9.682152,-1.9632454,-0.7452556,0.5009095,-0.17959438
1730.0,-8.942344,-10.084377,-2.8514943,-0.45448375,0.30298916,-0.004886922
1738.0,-9.148245,-9.665392,-3.301604,-0.14049901,0.07574729,0.26511553
1747.0,-9.222465,-8.271967,-3.122039,0.04886922,-0.14660765,0.52412236
1760.0,-9.277532,-6.9048777,-2.3439236,0.07696902,-0.38606682,0.689056
1768.0,-9.248801,-5.9759274,-1.1659763,-0.014660766,-0.593761,0.8454375
1778.0,-9.028535,-5.365406,-0.17956513,-0.09285152,-0.77946407,0.9810496
1788.0,-8.9998045,-4.8386817,0.37110126,-0.07941248,-0.93951076,1.0775663
1800.0,-8.750807,-4.0318356,0.9528923,-0.02443461,-1.0629056,1.1484267
1809.0,-8.26239,-3.2082303,1.733402,-0.02443461,-1.1276573,1.1606439
1821.0,-7.836222,-2.4037786,2.4660277,-0.07819075,-1.1252137,1.0934488
1829.0,-7.52737,-1.9297266,3.2273839,-0.13683382,-1.0800097,0.9859365
1839.0,-7.156269,-1.5801731,3.4691982,-0.15271631,-0.9957104,0.86620694
1850.0,-6.6367273,-1.9656396,4.642357,-0.10262536,-0.8344419,0.7330383
1860.0,-6.5361705,-0.8571242,6.6391215,-0.02687807,-0.5888741,0.59498274
1868.0,-6.670246,1.733402,8.688558,0.09285152,-0.2724459,0.27000242
1879.0,-6.5601125,3.0765493,8.6813755,0.43982297,0.09285152,-0.31031954
1888.0,-6.493075,2.4540567,6.919243,0.77824235,0.41050145,-0.6365216
1899.0,-7.00304,0.51235914,4.745308,0.6805039,0.625526,-0.61453044
1909.0,-7.809886,-2.360683,2.7509377,0.35430184,0.7635816,-0.65484756
1917.0,-8.59279,-4.5801077,1.4173675,0.25778514,0.84299403,-0.874759
1929.0,-9.150639,-5.341464,0.581791,0.5204572,0.93584555,-1.0445796
1940.0,-9.473856,-4.88896,0.04309563,0.9272934,1.0030408,-1.0934488
1949.0,-9.284714,-4.096479,-0.20590134,1.0580186,1.0152581,-1.102001
1959.0,-8.499416,-3.940856,-0.31124622,0.6768387,0.9773844,-1.0800097
1969.0,-7.615956,-5.3103395,-0.61770403,-0.036651913,0.8772025,-0.9615019
1978.0,-7.201759,-7.764396,-1.1755531,-0.8063421,0.7464773,-0.6768387
1988.0,-7.630321,-10.005369,-2.0350714,-1.2803736,0.5693264,-0.33353242
2001.0,-8.561666,-10.656591,-2.4109612,-1.2534955,0.3652974,-0.062308256
2009.0,-9.25359,-9.991004,-2.4708161,-0.8417723,0.13439035,0.15882497
2019.0,-9.454702,-8.298303,-2.0638018,-0.3115413,-0.06963864,0.376293
2028.0,-9.390059,-6.5864487,-1.7166426,0.07574729,-0.28099802,0.5681047
2039.0,-9.495404,-5.056554,-0.8523358,0.21013765,-0.46792278,0.70616025
2049.0,-9.56723,-4.0940847,0.21308395,0.12217305,-0.625526,0.8051204
2074.0,-9.454702,-3.809175,0.6895301,-0.02565634,-0.7867944,0.8368854
2074.0,-9.155427,-3.9264908,0.7350199,-0.10873401,-0.906524,0.83199847
2077.0,-8.827422,-4.3239284,0.91458505,-0.12705997,-0.98349303,0.83077675
2086.0,-8.145074,-4.2425256,0.9768343,-0.10995574,-1.0213667,0.8173377
2098.0,-7.3669586,-4.3167458,2.3511062,-0.081855945,-0.95539325,0.784351
2106.0,-7.455544,-1.9895816,4.357447,-0.14782938,-0.79045963,0.7244862
2118.0,-7.85777,0.82121116,6.129156,-0.31887165,-0.5497787,0.4654793
2127.0,-7.029376,1.0414777,6.8905125,-0.30298916,-0.3323107,0.0
2137.0,-6.2871737,0.062249243,6.1123967,-0.16982053,-0.11484267,-0.1685988
2148.0,-6.5816603,-1.4030021,4.7907977,-0.29077184,0.07574729,-0.042760566
2158.0,-7.563283,-2.944868,3.7684734,-0.5290093,0.19058995,-0.03176499
2168.0,-8.422802,-4.015076,3.13401,-0.47769663,0.27855456,-0.20647246
2179.0,-8.640674,-4.369418,2.3535004,-0.015882496,0.35063666,-0.32498032
2189.0,-8.422802,-4.209007,1.4867992,0.535118,0.3921755,-0.3359759
2201.0,-8.4108305,-3.7900212,1.0390835,0.80756384,0.3933972,-0.3359759
2209.0,-8.597578,-3.6846764,0.8451532,0.7440339,0.37018433,-0.3640757
2218.0,-8.889671,-4.1132383,0.6631939,0.516792,0.3323107,-0.3811799
2229.0,-9.0716305,-4.4125137,0.81402856,0.25778514,0.30543262,-0.35918877
2241.0,-9.109938,-4.3358994,1.1875241,0.02565634,0.2761111,-0.31520647
2248.0,-8.995016,-4.072537,1.4939818,-0.13683382,0.2724459,-0.2846632
2258.0,-8.872911,-3.8067808,1.8171991,-0.20525073,0.25778514,-0.2565634
2269.0,-8.626308,-4.1826706,1.9776106,-0.21013765,0.25900686,-0.20647246
2279.0,-8.549694,-4.525041,2.1021092,-0.14660765,0.25045475,-0.14172074
2290.0,-8.549694,-4.620809,1.9967642,-0.014660766,0.23945917,-0.09040806
2301.0,-8.540117,-4.7405195,1.70946,0.16249016,0.21502456,-0.061086524
2310.0,-8.420407,-4.5633483,1.4915876,0.2919936,0.18081611,-0.04886922
2319.0,-8.53054,-4.3622355,1.4221559,0.33964106,0.14660765,-0.06352998
2330.0,-8.561666,-4.187459,1.3599066,0.34330627,0.10140363,-0.09040806
2338.0,-8.626308,-4.0462008,1.3694834,0.30176744,0.06719518,-0.10140363
2349.0,-8.844181,-4.0653543,1.6017209,0.25534168,0.04520403,-0.111177474
2360.0,-8.76996,-4.0892963,1.7884687,0.22602014,0.02321288,-0.11728613
2370.0,-8.643068,-3.9695864,1.8507179,0.21746802,0.009773844,-0.10995574
2379.0,-8.470686,-3.9432502,1.9728222,0.20769419,0.019547688,-0.09407325
2388.0,-8.406042,-3.9695864,2.0231004,0.19792034,0.032986723,-0.09162979
2400.0,-8.310274,-3.9600096,1.8219875,0.20280726,0.040317107,-0.09896017
2409.0,-8.190564,-4.015076,1.685518,0.21868975,0.040317107,-0.105068825
2420.0,-8.214506,-3.9719806,1.6496049,0.20891592,0.058643065,-0.105068825
2428.0,-8.243237,-4.0414124,1.4772224,0.18936823,0.07941248,-0.11362094
2438.0,-8.348581,-4.084508,1.4796166,0.15515977,0.089186326,-0.118507855
2448.0,-8.384495,-4.0797195,1.4700398,0.09285152,0.10140363,-0.111177474
2458.0,-8.367735,-4.0701427,1.5370775,0.02443461,0.10995574,-0.10262536
2467.0,-8.334216,-3.9743748,1.5442601,-0.029321533,0.118507855,-0.09773844
2479.0,-8.341399,-4.1252093,1.5466543,-0.05375614,0.12705997,-0.09162979
2487.0,-8.2169,-4.3502645,1.5370775,-0.05375614,0.1282817,-0.080634214
2498.0,-8.26239,-4.450821,1.6256629,-0.03176499,0.12583824,-0.0720821
2507.0,-8.303091,-4.414908,1.4532804,0.021991149,0.13072516,-0.07086037
2518.0,-8.190564,-4.4436383,1.412579,0.08674286,0.1282817,-0.07086037
2528.0,-8.250419,-4.4675803,1.400608,0.11362094,0.11728613,-0.06719518
2539.0,-8.396465,-4.3023806,1.4269443,0.118507855,0.12217305,-0.07819075
2548.0,-8.4587145,-4.249708,1.5131354,0.12583824,0.1160644,-0.08674286
2559.0,-8.477868,-4.177882,1.5873557,0.11728613,0.11484267,-0.08552113
2568.0,-8.39886,-4.285621,1.5801731,0.10262536,0.111177474,-0.087964594
2579.0,-8.372523,-4.2784386,1.6903064,0.1001819,0.095294975,-0.09040806
2589.0,-8.391677,-4.2664676,1.7022774,0.10751228,0.095294975,-0.09162979
2600.0,-8.293514,-4.3885717,1.5801731,0.1441642,0.0842994,-0.09407325
2605.0,-8.312668,-4.209007,1.6112977,0.1441642,0.07574729,-0.1001819
2619.0,-8.329428,-4.259285,1.508347,0.14660765,0.073303826,-0.112399206
2628.0,-8.406042,-4.378995,1.4053963,0.11484267,0.0842994,-0.10751228
2639.0,-8.4347725,-4.369418,1.5370775,0.073303826,0.073303826,-0.096516706
2648.0,-8.51857,-4.4244847,1.6232687,0.039095376,0.07574729,-0.096516706
2660.0,-8.53054,-4.4316673,1.5705963,0.014660766,0.0842994,-0.087964594
2669.0,-8.4108305,-4.51307,1.5945383,-0.0036651916,0.09407325,-0.0720821
2679.0,-8.51857,-4.51307,1.5490485,-0.009773844,0.09773844,-0.057421334
2689.0,-8.437167,-4.5633483,1.6017209,-0.014660766,0.103847094,-0.04642576
2700.0,-8.47308,-4.5418005,1.6256629,-0.010995574,0.095294975,-0.032986723
2710.0,-8.415619,-4.5681367,1.6184803,0.017104227,0.08674286,-0.02443461
2720.0,-8.523358,-4.5034933,1.541866,0.059864793,0.087964594,-0.012217305
2729.0,-8.451532,-4.4340615,1.5705963,0.08307768,0.089186326,0.002443461
2740.0,-8.377312,-4.3382936,1.5514427,0.08307768,0.07574729,0.008552114
2750.0,-8.372523,-4.283227,1.4891934,0.06841691,0.065973446,0.012217305
2760.0,-8.317456,-4.297592,1.5346833,0.056199603,0.06719518,0.018325957
2770.0,-8.3390045,-4.3622355,1.5490485,0.04153884,0.062308256,0.028099801
2781.0,-8.413225,-4.3837833,1.5466543,0.039095376,0.061086524,0.029321533
2790.0,-8.389283,-4.27365,1.5035586,0.058643065,0.06352998,0.028099801
2801.0,-8.348581,-4.2401314,1.4437037,0.087964594,0.064751714,0.029321533
2809.0,-8.420407,-4.295198,1.5466543,0.105068825,0.073303826,0.029321533
2819.0,-8.257602,-4.292804,1.4915876,0.09285152,0.06963864,0.028099801
2829.0,-8.255207,-4.156334,1.4556746,0.07941248,0.061086524,0.015882496
2841.0,-8.298303,-4.189853,1.5346833,0.07086037,0.059864793,0.004886922
2850.0,-8.324639,-4.1635165,1.4317327,0.061086524,0.05497787,-0.0012217305
2860.0,-8.303091,-4.158728,1.4077905,0.05131268,0.04520403,-0.009773844
2870.0,-8.377312,-4.175488,1.4772224,0.03176499,0.052534413,-0.015882496
2880.0,-8.420407,-4.189853,1.5131354,0.018325957,0.052534413,-0.02076942
2889.0,-8.403648,-4.213795,1.4628572,0.02565634,0.05375614,-0.02687807
2903.0,-8.4108305,-4.333505,1.5011644,0.035430185,0.05375614,-0.02687807
2910.0,-8.453926,-4.189853,1.5107412,0.042760566,0.05009095,-0.02687807
2920.0,-8.413225,-4.378995,1.3838485,0.05375614,0.04642576,-0.03176499
2930.0,-8.37013,-4.211401,1.4221559,0.056199603,0.039095376,-0.02687807
2941.0,-8.295909,-4.209007,1.484405,0.043982297,0.03176499,-0.02076942
2950.0,-8.319851,-4.249708,1.4532804,0.040317107,0.03176499,-0.021991149
2961.0,-8.291121,-4.3861775,1.4820108,0.032986723,0.02321288,-0.013439035
2970.0,-8.26239,-4.3287168,1.5394717,0.017104227,0.02565634,-0.0061086523
2979.0,-8.24563,-4.235343,1.448492,0.02076942,0.02565634,-0.009773844
2988.0,-8.305486,-4.292804,1.3862427,0.03176499,0.030543262,-0.007330383
3001.0,-8.429984,-4.285621,1.5227122,0.02443461,0.02687807,0.0012217305
3010.0,-8.377312,-4.2544966,1.5275006,0.017104227,0.029321533,-0.004886922
