39.0,-0.23463176,0.6368576,9.904813,0.004886922,-0.015882496,0.0012217305
39.0,-0.44532153,0.4429273,9.856929,0.14782938,0.13439035,-0.06841691
54.0,-0.5434838,0.30885202,9.888053,0.0036651916,-0.25534168,-0.27855456
60.0,-0.39743748,0.2633622,9.818622,-0.06352998,-0.4092797,-0.31887165
70.0,-0.37588966,0.25617957,9.80665,0.112399206,0.36896262,0.034208454
80.0,-0.37110126,0.23702596,9.696517,0.21013765,0.376293,0.035430185
90.0,-0.4357447,0.21787235,9.76116,0.3494149,0.19425514,-0.028099801
100.0,-0.37110126,0.33279404,9.6845455,0.46792278,0.043982297,-0.0842994
113.0,-0.4405331,0.5626374,9.651027,0.5644395,0.07086037,-0.081855945
120.0,-0.51714754,0.8475474,9.672575,0.6291912,0.09407325,-0.080634214
132.0,-0.60812724,1.1971009,9.65821,0.6377433,0.1001819,-0.0720821
140.0,-0.59136784,1.2114661,9.682152,0.58032197,0.096516706,-0.04153884
151.0,-0.581791,1.1468226,9.703699,0.47403142,0.095294975,-0.0061086523
160.0,-0.5243302,0.92655605,9.91439,0.36896262,0.096516706,0.010995574
170.0,-0.46686932,0.7589619,9.950302,0.30298916,0.10140363,0.017104227
180.0,-0.48123455,0.81642276,10.022128,0.28710666,0.118507855,0.032986723
191.0,-0.48123455,0.8571242,10.060435,0.3005457,0.14538592,0.056199603
200.0,-0.49559975,1.0151415,10.038888,0.30543262,0.17592919,0.073303826
213.0,-0.6344634,1.3192052,9.911995,0.172264,0.22357668,0.095294975
220.0,-0.6871359,1.5179238,9.854534,0.172264,0.22357668,0.095294975
230.0,-0.7637503,1.5011644,9.895236,0.039095376,0.24678956,0.10751228
240.0,-0.7565677,1.364695,9.876082,-0.10751228,0.26389378,0.12217305
252.0,-0.6919243,1.2425907,9.871294,-0.2321288,0.28221974,0.13439035
261.0,-0.8882488,1.2042835,9.923966,-0.36774087,0.31398472,0.14905111
271.0,-0.9840169,1.115698,9.928755,-0.38606682,0.32498032,0.15027285
280.0,-0.91219085,1.2138603,9.809045,-0.40439278,0.32986724,0.14538592
291.0,-0.90021986,1.2425907,9.835381,-0.43249258,0.33475417,0.12950343
300.0,-1.0055647,1.4317327,9.691729,-0.4728097,0.3408628,0.105068825
313.0,-0.9935937,1.5179238,9.552865,-0.5412266,0.34697145,0.081855945
320.0,-0.9600749,1.5227122,9.526528,-0.643852,0.35185838,0.062308256
330.0,-1.1013328,1.6160861,9.464279,-0.77457714,0.35430184,0.043982297
340.0,-1.1899183,1.4987702,9.466674,-0.91874135,0.35430184,0.02443461
350.0,-1.1707647,1.3694834,9.610326,-1.0592403,0.34208453,0.0061086523
360.0,-1.1947067,1.2761095,9.64145,-1.1850786,0.3200934,-0.015882496
371.0,-1.1324574,1.0462662,9.624691,-1.2999213,0.29565877,-0.042760566
380.0,-1.055843,0.60812724,9.76116,-1.3866642,0.27488935,-0.07941248
391.0,-1.0821792,0.2657564,9.907207,-1.3976597,0.27977628,-0.1282817
400.0,-1.151611,0.007182605,10.070012,-1.282817,0.29932398,-0.1966986
412.0,-1.3431472,0.016759412,10.072407,-1.0225884,0.30909783,-0.27855456
421.0,-1.4173675,0.4141969,10.163386,-0.6939429,0.31887165,-0.34330627
432.0,-1.4556746,0.6991069,10.309433,-0.39584067,0.33353242,-0.37384954
441.0,-1.5298948,1.2258313,10.383653,-0.22113322,0.34330627,-0.38362336
451.0,-1.6041151,1.6328455,10.386047,-0.24190263,0.36041048,-0.3811799
461.0,-1.7357962,1.7262194,10.43872,-0.46181414,0.39095375,-0.3726278
471.0,-1.8219875,1.5107412,10.508151,-0.8405506,0.4251622,-0.35918877
481.0,-1.8004397,1.1300632,10.603919,-1.3206906,0.45814893,-0.34697145
492.0,-1.7310078,0.1604115,10.733206,-1.8716911,0.5045747,-0.3286455
501.0,-1.721431,-0.770933,11.0061455,-2.4446826,0.5693264,-0.31887165
512.0,-1.9129672,-1.6017209,11.116279,-2.9590313,0.64996064,-0.32620203
521.0,-2.15957,-2.554613,11.044453,-3.426954,0.7440339,-0.31887165
531.0,-2.4253263,-3.0789435,10.685322,-3.9180896,0.86132,-0.28099802
541.0,-2.6048915,-3.7804444,10.290278,-4.4177775,0.97005403,-0.21746802
552.0,-2.5594015,-4.367024,9.904813,-4.9028044,1.0763446,-0.13805555
561.0,-2.4827871,-5.2121773,9.277532,-5.3524013,1.1899655,-0.007330383
571.0,-2.5689783,-6.351817,8.722076,-5.7005944,1.2815952,0.23579398
581.0,-2.7102363,-7.563283,8.11395,-5.9632664,1.3353515,0.54733527
591.0,-3.0765493,-8.082825,7.6375036,-6.2222733,1.3903292,0.78801614
601.0,-3.25372,-8.010999,7.261614,-6.508158,1.4343116,0.8918633
613.0,-3.596091,-8.013393,6.7372837,-6.79893,1.4306464,0.95539325
621.0,-3.9863458,-8.686164,5.9184666,-7.062824,1.3475688,1.1410962
631.0,-4.295198,-9.557653,5.4204726,-7.298618,1.2425,1.4501941
641.0,-4.27365,-10.390836,4.7548847,-7.433008,1.1301007,1.6713274
651.0,-4.0174704,-11.080365,3.9839516,-7.412239,0.9810496,1.7947221
661.0,-3.7948096,-11.408371,3.016694,-7.2912874,0.8185594,1.9914207
673.0,-3.6966474,-11.513716,2.5881321,-7.064046,0.6963864,2.172237
680.0,-3.857059,-11.216835,2.0207062,-6.6877527,0.5705481,2.2015584
690.0,-4.050989,-10.874464,1.6041151,-6.1208696,0.40317106,2.179567
700.0,-4.158728,-11.003751,1.1180922,-5.411044,0.2443461,2.276084
711.0,-4.06296,-10.943896,0.62967503,-4.7024407,0.081855945,2.461787
720.0,-3.727772,-10.860099,-0.16759412,-4.012163,-0.103847094,2.638938
731.0,-3.739743,-10.601525,-0.7134721,-3.3328807,-0.26633725,2.8124237
741.0,-3.7373488,-10.235212,-1.1611878,-2.7097983,-0.42271876,2.9309313
752.0,-3.928885,-10.048465,-1.3192052,-2.140472,-0.59742624,2.960253
761.0,-4.3239284,-9.981427,-1.376666,-1.5699236,-0.7611381,2.9932396
772.0,-4.414908,-9.751583,-1.4820108,-0.9957104,-0.9114109,3.0677652
782.0,-4.2640734,-9.179369,-1.4796166,-0.48991394,-1.0543534,3.1581733
794.0,-4.156334,-8.626308,-1.1923125,-0.12583824,-1.1618657,3.2265902
803.0,-4.271256,-8.137892,-1.115698,0.036651913,-1.2767084,3.3035593
814.0,-4.0916905,-7.3765354,-0.60333884,-0.062308256,-1.4049901,3.4012976
823.0,-4.084508,-6.3446345,0.04070143,-0.29443705,-1.5198327,3.3927455
833.0,-4.24492,-6.1100025,0.093373865,-0.48747048,-1.6420058,3.3279939
843.0,-4.1706996,-5.899313,0.4429273,-0.593761,-1.7605137,3.3243287
855.0,-3.8474822,-5.2289367,0.842759,-0.6133087,-1.881465,3.323107
863.0,-3.9217024,-5.1571107,0.91219085,-0.56077427,-1.9792033,3.25469
873.0,-4.0054994,-4.7165775,1.4556746,-0.5119051,-2.043955,3.1850514
883.0,-4.132392,-4.1922474,2.1619642,-0.42149702,-2.1025982,3.0360003
893.0,-4.2185836,-3.3782187,3.040636,-0.2773328,-2.1270328,2.8722885
903.0,-4.285621,-2.4037786,3.9240966,-0.09162979,-2.130698,2.7049112
915.0,-4.3718123,-1.3551182,4.721366,0.065973446,-2.0867157,2.5375342
924.0,-4.5561657,-0.6536171,5.403713,0.112399206,-2.026851,2.3689353
934.0,-4.6255975,-0.31603462,6.045359,0.030543262,-1.9511036,2.1844542
944.0,-4.9679685,-0.16759412,6.3446345,-0.12950343,-1.8411479,1.9792033
954.0,-5.1690817,-0.11971009,6.7612257,-0.27977628,-1.6994271,1.7446312
964.0,-5.353435,0.2633622,7.1371155,-0.3811799,-1.5173893,1.4746287
977.0,-5.5880666,0.22744916,6.8641763,-0.45081854,-1.282817,1.1863003
984.0,-6.093243,-1.0414777,5.647922,-0.47403142,-1.070236,0.89919364
993.0,-6.3111157,-2.906561,5.2049947,-0.4166101,-0.89552844,0.65118235
1004.0,-6.7109475,-3.2393548,6.9982514,-0.24556783,-0.65118235,0.46670106
1016.0,-7.225701,0.61052144,8.312668,0.63041294,0.09407325,-0.55833083
1024.0,-6.9982514,3.2992098,8.63828,0.63041294,0.09407325,-0.55833083
1036.0,-6.253655,2.9855695,7.905654,0.88086766,0.41416663,-0.9211848
1045.0,-6.009446,0.49320555,7.0365586,0.66828656,0.6462954,-0.9786061
1065.0,-6.5936313,-1.7405846,5.9160724,0.3481932,0.8332202,-1.0091494
1065.0,-7.8649526,-3.095703,5.058948,0.344528,0.99204516,-1.1349876
1073.0,-8.631097,-2.5617957,4.781221,0.7965683,1.1630874,-1.4123205
1083.0,-8.619126,-1.6519991,4.462792,1.3451253,1.3292428,-1.6444492
1095.0,-8.159439,-2.219425,3.727772,1.6835446,1.4795157,-1.7568485
1103.0,-7.6710224,-3.359065,2.9400797,1.5088371,1.4709635,-1.7947221
1115.0,-7.7332716,-5.2409077,1.8579005,1.2327261,1.4086553,-1.7165314
1123.0,-7.9343843,-7.1514807,0.8762778,0.84299403,1.314582,-1.5247196
1134.0,-7.908048,-8.324639,-0.110133275,0.35430184,1.2034045,-1.3243558
1143.0,-8.008605,-9.100361,-0.78050977,-0.1881465,1.0690142,-1.1386528
1155.0,-7.9128366,-9.3661175,-1.1803415,-0.73792523,0.93218035,-0.9297369
1164.0,-7.788338,-9.382876,-1.2378023,-1.205848,0.77457714,-0.70371675
1174.0,-7.7667904,-9.165004,-1.2401965,-1.4587462,0.5876524,-0.43249258
1185.0,-7.821857,-9.334992,-1.2018893,-1.4514158,0.36651915,-0.073303826
1194.0,-8.197746,-9.437943,-1.4772224,-1.205848,0.11728613,0.31031954
1203.0,-8.561666,-9.387665,-1.5777789,-0.8051204,-0.1600467,0.6792821
1215.0,-8.827422,-8.863335,-1.1899183,-0.37384954,-0.42394048,0.9944886
1224.0,-8.798691,-7.845799,-0.62728083,-0.015882496,-0.6658431,1.2156218
1234.0,-8.585608,-6.7731967,0.17717093,0.20769419,-0.88208944,1.3805555
1243.0,-8.200141,-5.683835,1.1109096,0.2724459,-1.0592403,1.4892895
1255.0,-7.905654,-4.7788267,1.9177556,0.2125811,-1.1936307,1.5296066
1264.0,-7.539341,-3.952827,2.8491,0.065973446,-1.2925909,1.568702
1275.0,-7.0700774,-2.777274,3.8762126,-0.15515977,-1.351234,1.5809193
1284.0,-6.861782,-1.8842367,4.6255975,-0.408058,-1.3695599,1.5357152
1295.0,-6.8043213,-1.460463,4.9344497,-0.64873886,-1.3304645,1.4624114
1305.0,-7.065289,-1.2162545,5.0158525,-0.83199847,-1.2498302,1.3952162
1316.0,-7.45315,-1.496376,4.256891,-0.8857546,-1.1582005,1.2962561
1324.0,-7.714118,-1.8722657,3.7181952,-0.79901177,-1.0592403,1.1997393
1335.0,-7.848193,-2.4708161,3.7253778,-0.65118235,-0.93462384,1.1166617
1345.0,-7.750031,-3.0142999,4.1922474,-0.42638394,-0.8356637,0.98349303
1354.0,-7.489063,-3.0142999,4.462792,-0.09773844,-0.71959925,0.8038987
1365.0,-7.3286514,-3.6296098,5.5258174,0.27366763,-0.5497787,0.6169739
1375.0,-7.098808,-1.9393034,6.955156,0.58032197,-0.3213151,0.41050145
1385.0,-7.00304,0.51714754,7.651869,0.79901177,-0.05009095,0.021991149
1397.0,-6.9048777,2.0733786,7.1227503,0.84665924,0.18081611,-0.35185838
1405.0,-7.3047094,1.1659763,6.172252,0.516792,0.33841935,-0.42760566
1417.0,-7.728483,-1.0510546,5.267244,-0.002443461,0.44593164,-0.3933972
1425.0,-8.039729,-3.0238767,4.3598413,-0.28344148,0.49602258,-0.47036624
1434.0,-8.190564,-4.3239284,3.7565024,-0.056199603,0.56321776,-0.5216789
1444.0,-8.257602,-4.086902,3.3973722,0.45937067,0.643852,-0.535118
1456.0,-8.099585,-3.1986535,3.1172507,0.90041536,0.70738196,-0.62796944
1465.0,-8.1642275,-2.813187,2.9376855,1.033584,0.72326446,-0.7318166
1476.0,-8.183381,-3.0190883,3.0621839,0.85154617,0.7110472,-0.78801614
1486.0,-8.1642275,-2.873042,3.1435869,0.5326745,0.6939429,-0.79412484
1494.0,-8.219295,-2.8060043,3.086126,0.2406809,0.6768387,-0.78801614
1506.0,-8.341399,-2.896984,2.9113493,0.021991149,0.6389651,-0.75869465
1517.0,-8.367735,-3.2561142,2.9352913,-0.11484267,0.59742624,-0.6976081
1524.0,-8.212111,-3.5745432,2.930503,-0.13927728,0.56077427,-0.6291912
1535.0,-8.169016,-3.7684734,2.9855695,-0.02443461,0.5119051,-0.57910025
1545.0,-8.085219,-3.8307228,2.7820623,0.15760323,0.47525316,-0.5375614
1552.0,-8.104373,-3.9504328,2.731784,0.33353242,0.43004912,-0.50335294
1564.0,-8.12592,-4.024653,2.5617957,0.44593164,0.38728857,-0.4801401
1576.0,-8.166622,-4.1922474,2.4253263,0.45814893,0.34330627,-0.45937067
1585.0,-8.267179,-4.426879,2.3942018,0.4007276,0.29565877,-0.46303585
1594.0,-8.343793,-4.5872903,2.360683,0.30176744,0.25534168,-0.4654793
1604.0,-8.214506,-4.5681367,2.456451,0.16737708,0.22968534,-0.45448375
1617.0,-8.109161,-4.5154643,2.5689783,0.021991149,0.20525073,-0.42760566
1626.0,-8.154651,-4.5753193,2.6503813,-0.096516706,0.18692477,-0.41050145
1637.0,-8.11395,-4.5872903,2.7341783,-0.16371189,0.18692477,-0.39095375
1645.0,-8.049306,-4.5777135,2.8754363,-0.15271631,0.18325958,-0.35063666
1656.0,-8.123527,-4.7405195,2.8802247,-0.06963864,0.17715092,-0.2968805
1665.0,-8.1402855,-4.6902413,2.743755,0.028099801,0.1881465,-0.25167647
1675.0,-8.111555,-4.534618,2.6072857,0.10629055,0.19792034,-0.22235495
1685.0,-8.195353,-4.5298295,2.5258827,0.15027285,0.21013765,-0.20280726
1697.0,-8.207323,-4.4699745,2.4133554,0.13683382,0.204029,-0.1881465
1704.0,-8.106767,-4.4556093,2.542642,0.073303826,0.19792034,-0.17959438
1716.0,-7.9702973,-4.462792,2.6360161,0.002443461,0.20769419,-0.19792034
1725.0,-7.943961,-4.546589,2.741361,-0.036651913,0.20158553,-0.21868975
1736.0,-7.9248075,-4.630386,2.7150247,-0.05131268,0.20647246,-0.22113322
1746.0,-7.9248075,-4.663905,2.7581203,-0.043982297,0.21380283,-0.22479841
1756.0,-7.9104424,-4.675876,2.6623523,-0.02321288,0.21135938,-0.22968534
1765.0,-7.872135,-4.661511,2.468422,-0.004886922,0.2003638,-0.23579398
1776.0,-7.9463553,-4.793192,2.4277205,0.0036651916,0.1966986,-0.2284636
1785.0,-8.013393,-4.8219223,2.4995465,0.007330383,0.1881465,-0.22724187
1795.0,-7.9367785,-4.76925,2.5091233,0.017104227,0.17837265,-0.23701571
1805.0,-8.051701,-4.951209,2.4779987,0.039095376,0.17348573,-0.23335053
1817.0,-7.9008656,-4.960786,2.4396915,0.035430185,0.16737708,-0.21624629
1826.0,-7.8912888,-4.8745947,2.5785553,-0.009773844,0.15393804,-0.22235495
1835.0,-7.9008656,-4.927267,2.5258827,-0.057421334,0.15149458,-0.2321288
1845.0,-7.9487495,-4.951209,2.480393,-0.073303826,0.15271631,-0.21624629
1856.0,-7.9152308,-4.975151,2.4420857,-0.059864793,0.15027285,-0.19303341
1865.0,-7.9152308,-5.035006,2.3630772,-0.02565634,0.14049901,-0.17104226
1876.0,-7.869741,-4.996699,2.3654714,0.015882496,0.13683382,-0.14660765
1885.0,-7.884106,-4.757279,2.408567,0.04886922,0.13072516,-0.13194689
1895.0,-7.943961,-4.7500963,2.3918076,0.06719518,0.12461651,-0.119729586
1906.0,-7.9822683,-4.7309427,2.4253263,0.07086037,0.118507855,-0.10262536
1917.0,-7.991845,-4.661511,2.4708161,0.05009095,0.10995574,-0.095294975
1926.0,-8.02297,-4.6806645,2.4253263,0.03176499,0.10995574,-0.087964594
1937.0,-7.8769236,-4.6016555,2.540248,0.008552114,0.111177474,-0.07819075
1946.0,-7.9487495,-4.534618,2.6001031,0.008552114,0.10262536,-0.087964594
1955.0,-8.001422,-4.498705,2.6503813,0.02076942,0.1001819,-0.096516706
1965.0,-8.046912,-4.450821,2.5761611,0.028099801,0.10629055,-0.09773844
1976.0,-8.0684595,-4.6016555,2.4827871,0.05009095,0.105068825,-0.10262536
1985.0,-8.070854,-4.7070007,2.5139117,0.06841691,0.1001819,-0.09285152
1996.0,-8.106767,-4.5202527,2.4947581,0.057421334,0.09896017,-0.087964594
2005.0,-8.111555,-4.429273,2.4756045,0.032986723,0.0842994,-0.1001819
2016.0,-8.111555,-4.6686935,2.4540567,-0.0036651916,0.081855945,-0.09407325
2026.0,-8.101978,-4.7620673,2.468422,-0.04642576,0.06719518,-0.07086037
2036.0,-8.157045,-4.807557,2.5091233,-0.062308256,0.04886922,-0.073303826
2046.0,-8.099585,-4.697424,2.5330653,-0.047647487,0.042760566,-0.07941248
2069.0,-8.020576,-4.697424,2.5450363,-0.013439035,0.032986723,-0.06719518
2069.0,-7.893683,-4.6255975,2.645593,0.019547688,0.030543262,-0.05009095
2073.0,-7.929596,-4.8243165,2.5234885,0.042760566,0.02443461,-0.052534413
2084.0,-8.106767,-4.8243165,2.44448,0.058643065,0.02443461,-0.047647487
2095.0,-8.078036,-4.6351743,2.5713725,0.073303826,0.029321533,-0.042760566
2104.0,-8.051701,-4.582502,2.4133554,0.07696902,0.035430185,-0.042760566
2117.0,-8.106767,-4.709395,2.3511062,0.059864793,0.028099801,-0.030543262
2125.0,-7.9511437,-4.711789,2.3630772,0.017104227,0.02565634,-0.002443461
2134.0,-7.941567,-4.733337,2.4396915,-0.02443461,0.02076942,0.0012217305
2144.0,-7.9870567,-4.8937483,2.4732103,-0.039095376,0.02321288,-0.0061086523
2154.0,-7.821857,-4.8961425,2.542642,-0.028099801,0.017104227,0.0061086523
2164.0,-7.7691846,-4.7261543,2.5929205,-0.009773844,0.013439035,0.017104227
2176.0,-7.8050976,-4.6710877,2.5187001,0.014660766,0.010995574,0.009773844
2187.0,-7.9248075,-4.7788267,2.432509,0.03176499,0.0061086523,0.009773844
2195.0,-7.9511437,-4.7764325,2.4109612,0.04153884,-0.0061086523,0.012217305
2205.0,-7.9702973,-4.630386,2.327164,0.052534413,0.0036651916,0.0036651916
2217.0,-7.9487495,-4.644751,2.2337902,0.057421334,0.002443461,0.002443461
2227.0,-7.8649526,-4.546589,2.3558946,0.035430185,-0.008552114,0.0061086523
2237.0,-7.78355,-4.656722,2.3056161,0.012217305,-0.017104227,0.0012217305
2246.0,-7.7667904,-4.8961425,2.2864625,-0.0061086523,-0.014660766,0.004886922
2256.0,-7.680599,-4.793192,2.372654,-0.010995574,-0.02076942,0.009773844
2265.0,-7.6255326,-4.7979803,2.3894134,0.0036651916,-0.017104227,0.008552114
2275.0,-7.61835,-4.7620673,2.4229321,0.017104227,-0.009773844,0.007330383
2285.0,-7.66384,-4.745308,2.468422,0.012217305,-0.002443461,0.007330383
2296.0,-7.776367,-4.7500963,2.4540567,0.021991149,-0.010995574,0.008552114
2304.0,-7.881712,-4.747702,2.4899697,0.040317107,0.0012217305,0.013439035
2316.0,-7.85777,-4.630386,2.56419,0.061086524,0.013439035,0.007330383
2326.0,-7.8745294,-4.6255975,2.5019407,0.08552113,0.018325957,0.004886922
2335.0,-7.9152308,-4.5513773,2.554613,0.09285152,0.02565634,0.008552114
2344.0,-7.9152308,-4.5322237,2.4875755,0.080634214,0.02443461,0.007330383
2356.0,-7.8912888,-4.570531,2.5474305,0.056199603,0.02076942,0.007330383
2364.0,-7.8290396,-4.5441947,2.5713725,0.02687807,0.02565634,0.0012217305
2375.0,-7.896077,-4.5394063,2.6360161,0.002443461,0.030543262,-0.007330383
2385.0,-7.9104424,-4.6710877,2.56419,0.002443461,0.032986723,-0.010995574
2396.0,-7.917625,-4.486734,2.5809495,0.02565634,0.017104227,-0.013439035
2406.0,-7.955932,-4.537012,2.5450363,0.035430185,0.029321533,-0.018325957
2418.0,-7.955932,-4.6040497,2.5354595,0.032986723,0.02321288,-0.013439035
2425.0,-7.9750857,-4.5202527,2.5474305,0.03176499,0.03176499,-0.018325957
2436.0,-7.965509,-4.6136265,2.492364,0.05131268,0.02565634,-0.028099801
2446.0,-7.9966335,-4.5777135,2.4636335,0.05375614,0.03176499,-0.018325957
2457.0,-8.025364,-4.654328,2.396596,0.02565634,0.028099801,-0.009773844
2466.0,-7.967903,-4.7070007,2.3774424,-0.009773844,0.02076942,-0.015882496
2478.0,-8.032547,-4.663905,2.4277205,-0.03176499,0.018325957,-0.015882496
2486.0,-7.953538,-4.673482,2.3870192,-0.04520403,0.017104227,-0.012217305
2498.0,-7.9391727,-4.84347,2.327164,-0.05497787,0.009773844,-0.009773844
2508.0,-7.819463,-4.927267,2.3463178,-0.057421334,0.009773844,0.0
2518.0,-7.848193,-4.865018,2.4899697,-0.042760566,0.0061086523,0.008552114
2527.0,-7.8290396,-4.7788267,2.5737667,-0.018325957,-0.008552114,0.013439035
2539.0,-7.845799,-4.829105,2.5474305,-0.007330383,-0.019547688,0.014660766
2546.0,-7.8984714,-4.867412,2.5570073,-0.0036651916,-0.021991149,0.018325957
2558.0,-7.845799,-4.805163,2.5833437,0.010995574,-0.029321533,0.02443461
2566.0,-7.8290396,-4.8099513,2.5067291,0.02443461,-0.02076942,0.029321533
2576.0,-7.908048,-4.8099513,2.60968,0.029321533,-0.02321288,0.029321533
2587.0,-7.8912888,-4.8267107,2.6024973,0.032986723,-0.02321288,0.02687807
2598.0,-7.8529816,-4.831499,2.6384103,0.04642576,-0.03176499,0.032986723
2609.0,-7.836222,-4.721366,2.6527755,0.056199603,-0.02565634,0.028099801
2618.0,-7.8793178,-4.7907977,2.5881321,0.058643065,-0.012217305,0.02321288
2627.0,-7.771579,-4.7644615,2.633622,0.05131268,-0.018325957,0.034208454
2638.0,-7.809886,-4.733337,2.6288335,0.032986723,-0.02321288,0.037873644
2647.0,-7.8888946,-4.8003745,2.6623523,0.021991149,-0.02565634,0.02443461
2659.0,-7.7931266,-4.687847,2.597709,0.034208454,-0.028099801,0.021991149
2668.0,-7.762002,-4.620809,2.6048915,0.052534413,-0.02076942,0.03176499
2677.0,-7.797915,-4.6782703,2.554613,0.06841691,-0.017104227,0.032986723
2688.0,-7.7667904,-4.582502,2.585738,0.07696902,-0.012217305,0.034208454
2696.0,-7.881712,-4.5633483,2.6551697,0.080634214,-0.009773844,0.02565634
2706.0,-7.9224133,-4.6375685,2.6001031,0.089186326,0.002443461,0.019547688
2720.0,-7.941567,-4.644751,2.5570073,0.089186326,0.028099801,0.013439035
2726.0,-7.9463553,-4.4556093,2.5809495,0.089186326,0.028099801,0.013439035
2737.0,-7.941567,-4.5537715,2.5713725,0.09285152,0.021991149,0.007330383
2747.0,-8.075643,-4.5753193,2.5594015,0.08307768,0.02443461,0.010995574
2757.0,-7.9487495,-4.5681367,2.6360161,0.059864793,0.028099801,0.014660766
2768.0,-7.8865004,-4.5322237,2.72939,0.06352998,0.02565634,0.0012217305
2779.0,-8.032547,-4.6399627,2.6120741,0.08674286,0.029321533,0.0012217305
2788.0,-7.9008656,-4.5034933,2.6360161,0.12095132,0.02076942,0.0061086523
2796.0,-7.9463553,-4.522647,2.5617957,0.14538592,0.021991149,0.008552114
2807.0,-8.025364,-4.644751,2.566584,0.13194689,0.019547688,0.010995574
2818.0,-7.9367785,-4.560954,2.5713725,0.09285152,0.02687807,0.017104227
2828.0,-7.920019,-4.582502,2.6240451,0.057421334,0.017104227,0.014660766
2838.0,-7.8865004,-4.5896845,2.6599581,0.02687807,0.007330383,0.010995574
2848.0,-7.8745294,-4.697424,2.6599581,0.002443461,0.0061086523,0.017104227
2859.0,-7.8625584,-4.6686935,2.6408045,-0.002443461,-0.0061086523,0.019547688
2867.0,-7.8386164,-4.6830587,2.6527755,0.0,-0.004886922,0.019547688
2879.0,-7.807492,-4.7189717,2.753332,0.0012217305,-0.014660766,0.021991149
2888.0,-7.893683,-4.644751,2.6886885,-0.0012217305,-0.010995574,0.02687807
2900.0,-7.8793178,-4.6112323,2.7102363,0.017104227,-0.013439035,0.028099801
2906.0,-7.8290396,-4.5896845,2.645593,0.043982297,-0.012217305,0.034208454
2920.0,-7.85777,-4.5154643,2.6551697,0.043982297,-0.004886922,0.04153884
2926.0,-7.8984714,-4.5441947,2.719813,0.014660766,-0.007330383,0.035430185
2938.0,-7.9104424,-4.6710877,2.717419,-0.012217305,-0.013439035,0.029321533
2947.0,-7.9008656,-4.6112323,2.7126305,-0.015882496,-0.012217305,0.02687807
2958.0,-7.884106,-4.596867,2.777274,-0.009773844,-0.004886922,0.021991149
2969.0,-7.943961,-4.546589,2.7629087,0.0012217305,-0.010995574,0.014660766
2979.0,-7.9487495,-4.661511,2.705448,0.009773844,-0.017104227,0.014660766
2988.0,-7.8793178,-4.5872903,2.6551697,0.0061086523,-0.017104227,0.02076942
2999.0,-7.893683,-4.5801077,2.6408045,-0.0061086523,-0.017104227,0.014660766
3008.0,-7.965509,-4.630386,2.669535,-0.014660766,-0.019547688,0.009773844
3020.0,-7.9607205,-4.699818,2.7605145,-0.014660766,-0.02687807,0.012217305
