19.0,2.1906946,1.8124107,9.713276,0.172264,0.012217305,-0.04642576
40.0,2.1571758,1.7286136,9.725247,0.16737708,0.11728613,-0.080634214
40.0,1.9369092,1.6256629,9.828198,0.008552114,-0.23090707,-0.24678956
41.0,1.7860745,1.5131354,9.844957,-0.09773844,-0.31642818,-0.1966986
52.0,1.8938135,1.5227122,9.809045,0.019547688,0.5338962,0.25778514
60.0,1.8986019,1.520318,9.825804,0.019547688,0.6096435,0.34574974
71.0,1.8411411,1.6184803,9.78989,0.030543262,0.47891834,0.34208453
81.0,1.733402,1.5801731,9.737218,0.04886922,0.31520647,0.28588495
90.0,1.6591818,1.5682021,9.627085,0.064751714,0.31887165,0.2761111
100.0,1.6376339,1.6136919,9.574412,0.081855945,0.31642818,0.26633725
112.0,1.5610195,1.6017209,9.540894,0.09285152,0.3200934,0.27000242
121.0,1.484405,1.6089035,9.464279,0.096516706,0.3213151,0.28344148
131.0,1.460463,1.5275006,9.339781,0.08674286,0.32498032,0.2968805
140.0,1.4269443,1.5442601,9.354146,0.06963864,0.32498032,0.3042109
152.0,1.3575124,1.5179238,9.258378,0.047647487,0.3200934,0.31031954
161.0,1.2138603,1.3623008,9.303867,0.028099801,0.31642818,0.312763
173.0,1.0749966,1.2282255,9.358934,0.028099801,0.30909783,0.3115413
180.0,0.9816227,1.0654198,9.43076,0.052534413,0.29565877,0.30787608
192.0,0.92176765,1.0941502,9.497798,0.095294975,0.27855456,0.3042109
201.0,0.91697925,0.9744401,9.363723,0.1441642,0.26145032,0.29932398
211.0,0.91697925,1.0510546,9.299079,0.17837265,0.2443461,0.29810223
222.0,0.8451532,1.1228806,9.299079,0.18936823,0.22968534,0.3005457
232.0,0.7278373,1.0749966,9.351752,0.18448131,0.21135938,0.29932398
241.0,0.5674258,1.0965444,9.334992,0.16249016,0.18936823,0.2932153
252.0,0.49799395,1.0486604,9.368511,0.12950343,0.16249016,0.28221974
261.0,0.46686932,1.0654198,9.478644,0.096516706,0.13439035,0.267559
273.0,0.44532153,1.0079589,9.454702,0.07819075,0.103847094,0.24678956
281.0,0.4357447,0.9600749,9.471462,0.07696902,0.073303826,0.22113322
293.0,0.48123455,0.9864111,9.528923,0.08307768,0.047647487,0.19547687
301.0,0.51235914,1.0630256,9.411607,0.087964594,0.02565634,0.17104226
312.0,0.49320555,1.0510546,9.452309,0.09162979,0.007330383,0.14538592
321.0,0.51714754,1.103727,9.500193,0.09407325,-0.008552114,0.1160644
332.0,0.533907,1.1228806,9.624691,0.08552113,-0.02565634,0.09162979
341.0,0.6631939,1.0773908,9.7084875,0.07086037,-0.039095376,0.06841691
353.0,0.80924016,0.93373865,9.703699,0.06352998,-0.04520403,0.032986723
361.0,0.89064306,1.0630256,9.61272,0.06719518,-0.043982297,-0.008552114
371.0,0.9744401,1.1085154,9.730036,0.057421334,-0.039095376,-0.039095376
382.0,0.93134445,1.1659763,9.923966,0.040317107,-0.02565634,-0.05497787
392.0,1.0965444,1.1468226,9.878476,0.021991149,-0.014660766,-0.06719518
402.0,1.2114661,1.091756,9.974244,0.012217305,-0.002443461,-0.07941248
412.0,1.1923125,1.2162545,9.993398,0.007330383,0.017104227,-0.08552113
421.0,1.2521675,1.3215994,9.900024,-0.015882496,0.035430185,-0.080634214
431.0,1.2569559,1.364695,9.749189,-0.05375614,0.059864793,-0.0720821
441.0,1.1204864,1.5394717,9.552865,-0.10140363,0.07941248,-0.065973446
452.0,0.9624691,1.6376339,9.433155,-0.16371189,0.089186326,-0.05497787
462.0,0.8810662,1.6472107,9.481039,-0.22724187,0.08674286,-0.04642576
473.0,0.79726917,1.6280571,9.514558,-0.2602286,0.08307768,-0.04520403
482.0,0.8690952,1.5682021,9.485827,-0.25045475,0.073303826,-0.05131268
491.0,0.7206547,1.5634137,9.380483,-0.20891592,0.06963864,-0.05375614
501.0,0.5530606,1.6424223,9.344569,-0.15882497,0.04520403,-0.05375614
512.0,0.44532153,1.5251064,9.385271,-0.10995574,0.02443461,-0.057421334
522.0,0.39743748,1.3958195,9.497798,-0.04886922,0.0012217305,-0.06841691
532.0,0.50517654,1.3383588,9.617508,0.02565634,-0.019547688,-0.087964594
542.0,0.5267244,1.3335704,9.713276,0.103847094,-0.043982297,-0.10629055
552.0,0.6775591,1.4508862,9.667787,0.15760323,-0.05497787,-0.12095132
562.0,0.7350199,1.5969325,9.722853,0.1881465,-0.058643065,-0.13805555
571.0,0.79248077,1.5514427,9.78989,0.20891592,-0.065973446,-0.15515977
582.0,0.8619126,1.5993267,9.825804,0.20525073,-0.056199603,-0.15882497
593.0,0.8810662,1.5945383,9.89763,0.17837265,-0.04886922,-0.15760323
602.0,0.9600749,1.6256629,9.976639,0.14294247,-0.032986723,-0.16126843
611.0,0.9672575,1.7070658,9.9550905,0.10140363,-0.013439035,-0.1685988
622.0,1.0151415,1.7262194,9.9790325,0.05497787,-0.0036651916,-0.16737708
635.0,1.055843,1.673547,9.900024,0.008552114,0.018325957,-0.16249016
645.0,1.0773908,1.6160861,9.859323,-0.028099801,0.030543262,-0.16126843
656.0,1.0462662,1.6567876,9.773131,-0.05497787,0.040317107,-0.17104226
664.0,0.9983821,1.6280571,9.713276,-0.07086037,0.04642576,-0.18692477
675.0,0.9935937,1.6663644,9.682152,-0.08307768,0.047647487,-0.2003638
685.0,1.0199299,1.5658079,9.591172,-0.09040806,0.056199603,-0.21624629
694.0,0.8738836,1.6184803,9.524135,-0.07819075,0.052534413,-0.23457226
705.0,0.80445176,1.5586253,9.514558,-0.058643065,0.04642576,-0.24801129
717.0,0.866701,1.4987702,9.52174,-0.029321533,0.040317107,-0.25778514
724.0,0.92416185,1.484405,9.52174,0.0036651916,0.035430185,-0.26145032
734.0,0.9768343,1.4317327,9.639056,0.030543262,0.02687807,-0.26267207
743.0,0.9528923,1.3862427,9.562442,0.056199603,0.02321288,-0.26511553
757.0,1.0103531,1.5275006,9.615114,0.07696902,0.02076942,-0.267559
763.0,1.0462662,1.4700398,9.634268,0.09285152,0.014660766,-0.26511553
772.0,1.1133038,1.5682021,9.662998,0.09407325,0.013439035,-0.25534168
782.0,1.1324574,1.4580688,9.660604,0.07696902,0.018325957,-0.24312437
791.0,1.0821792,1.508347,9.607931,0.042760566,0.02443461,-0.23823744
801.0,1.067814,1.5873557,9.552865,0.0,0.021991149,-0.23945917
811.0,1.0893618,1.6831238,9.516952,-0.04886922,0.017104227,-0.2443461
821.0,0.9983821,1.6352397,9.478644,-0.096516706,0.012217305,-0.2443461
832.0,0.9792285,1.6041151,9.481039,-0.13194689,-0.012217305,-0.24556783
841.0,0.91697925,1.2976574,9.495404,-0.11362094,-0.017104227,-0.2443461
852.0,0.79966336,1.2856863,9.452309,-0.073303826,-0.02687807,-0.24312437
861.0,0.842759,1.2186487,9.461885,-0.032986723,-0.035430185,-0.23579398
871.0,0.79248077,1.3120226,9.428367,0.002443461,-0.04520403,-0.22357668
881.0,0.7302315,1.3144168,9.49301,0.02687807,-0.059864793,-0.20647246
892.0,0.770933,1.3239936,9.454702,0.036651913,-0.0720821,-0.18692477
901.0,0.7134721,1.4293385,9.488221,0.040317107,-0.07941248,-0.16737708
911.0,0.6919243,1.4437037,9.555259,0.039095376,-0.080634214,-0.14905111
921.0,0.7661445,1.4652514,9.540894,0.032986723,-0.07452556,-0.13194689
931.0,0.7182605,1.3623008,9.476251,0.019547688,-0.073303826,-0.11484267
941.0,0.7637503,1.4317327,9.643845,0.0,-0.059864793,-0.10751228
953.0,0.7398083,1.3958195,9.639056,-0.014660766,-0.059864793,-0.111177474
961.0,0.7422025,1.3623008,9.64145,-0.030543262,-0.05131268,-0.119729586
971.0,0.7445967,1.4341269,9.67018,-0.047647487,-0.043982297,-0.12950343
982.0,0.8858546,1.352724,9.660604,-0.06963864,-0.019547688,-0.14049901
991.0,0.8379706,1.4293385,9.55047,-0.10262536,-0.013439035,-0.15393804
1001.0,0.78290397,1.5945383,9.500193,-0.17104226,-0.004886922,-0.16737708
1013.0,0.770933,1.6903064,9.459491,-0.28588495,0.009773844,-0.17715092
1022.0,0.7422025,1.6950948,9.411607,-0.41783184,0.015882496,-0.18448131
1034.0,0.7613561,1.6232687,9.476251,-0.54244834,0.032986723,-0.18936823
1051.0,0.79966336,1.3575124,9.516952,-0.6243043,0.040317107,-0.19547687
1054.0,0.7781156,1.1563994,9.653421,-0.6585127,0.047647487,-0.20525073
1063.0,0.842759,1.1683705,9.854534,-0.6951646,0.06352998,-0.22357668
1075.0,0.7541735,1.661576,9.964667,-0.86132,0.06841691,-0.24312437
1083.0,0.7398083,2.5210943,10.120291,-1.2852604,0.08674286,-0.25411993
1093.0,0.81881696,3.1627405,10.175357,-1.9364429,0.13072516,-0.26145032
1103.0,0.89303726,3.0382419,9.974244,-2.6890287,0.18448131,-0.26633725
1113.0,0.8619126,2.336741,10.180145,-3.378085,0.24923302,-0.26145032
1124.0,0.7469909,1.292869,10.429143,-3.9156463,0.34574974,-0.22479841
1135.0,0.6751649,0.36152446,10.79785,-4.376239,0.4605924,-0.16493362
1144.0,0.49081135,-0.22026655,11.190498,-4.8734827,0.59620446,-0.10629055
1156.0,0.36152446,-0.8331822,11.528081,-5.4513617,0.75869465,-0.05375614
1164.0,0.22505496,-1.7717092,11.59033,-6.052453,0.93584555,-0.007330383
1173.0,-0.11492168,-2.657564,11.358093,-6.5887923,1.1093313,0.05375614
1185.0,-0.47405192,-3.7086184,10.783484,-7.084815,1.2705997,0.14172074
1196.0,-0.9528923,-5.0038815,10.225636,-7.585725,1.4245378,0.24801129
1206.0,-1.364695,-6.4858923,9.770737,-8.078082,1.5748106,0.39706242
1214.0,-1.8339585,-8.030152,9.404425,-8.510574,1.6920967,0.5888741
1225.0,-2.2744915,-9.157822,8.676587,-8.897863,1.7788396,0.7892379
1235.0,-2.5617957,-10.383653,7.9702973,-9.1935215,1.8044959,1.0189233
1245.0,-2.681506,-12.121843,7.055712,-9.417099,1.7873917,1.3646729
1257.0,-2.693477,-13.90313,6.2943563,-9.468411,1.7715092,1.7739527
1266.0,-2.813187,-15.777789,5.81791,-9.106779,1.6823229,2.149024
1275.0,-2.9520507,-17.803284,4.912902,-8.305324,1.5454891,2.538756
1286.0,-3.0573955,-18.358738,4.048595,-7.235088,1.4147639,2.9003882
1295.0,-2.9831753,-16.879122,3.4811692,-6.1782913,1.3292428,3.1532865
1307.0,-3.0382419,-15.109807,2.7461493,-5.4281487,1.1728612,3.3658676
1317.0,-2.861071,-13.431472,2.2768857,-5.0494123,0.9431759,3.6639698
1325.0,-2.4732103,-12.413936,1.7238252,-4.87837,0.6768387,4.0097194
1335.0,-1.7836803,-11.702858,1.6136919,-4.660902,0.42271876,4.261396
1347.0,-1.4676456,-11.003751,1.685518,-4.3261476,0.19058995,4.3860126
1357.0,-1.3982137,-10.053253,1.9776106,-3.8716638,-0.047647487,4.442212
1365.0,-1.271321,-9.370906,2.1452048,-3.2607987,-0.2932153,4.43366
1377.0,-1.388637,-9.466674,1.6998832,-2.4898868,-0.5009095,4.4385467
1385.0,-1.7022774,-9.502586,1.0821792,-1.632232,-0.65484756,4.408004
1395.0,-1.8387469,-8.286332,0.5363012,-0.8491027,-0.7696902,4.3078218
1405.0,-1.5658079,-7.237672,-0.33518824,-0.31642818,-0.87598073,4.2320743
1415.0,-1.460463,-6.5241995,-0.47405192,-0.087964594,-0.9627236,4.1465535
1426.0,-1.340753,-5.805939,-0.23702596,0.040317107,-1.0372492,3.9058723
1437.0,-1.4796166,-5.1355624,0.055066638,0.2321288,-1.1007792,3.6053267
1445.0,-1.7166426,-4.345476,0.45250413,0.46303585,-1.1154399,3.363424
1457.0,-1.9536686,-3.3997664,0.6560113,0.61453044,-1.1264355,3.1300735
1466.0,-2.327164,-2.5929205,1.0366893,0.59131753,-1.1129965,2.869845
1475.0,-2.6791117,-2.1260512,1.541866,0.40561453,-1.0836749,2.5619688
1487.0,-3.2824504,-1.7908629,1.9967642,0.16493362,-1.0592403,2.194228
1497.0,-3.940856,-1.6807296,2.1092918,-0.0012217305,-1.0384709,1.8252654
1506.0,-4.4795513,-1.7310078,1.8579005,-0.073303826,-0.9810496,1.5039502
1515.0,-5.1235914,-1.6041151,1.4173675,-0.029321533,-0.9211848,1.2168436
1525.0,-5.5042696,-1.5586253,0.78290397,0.1563815,-0.8344419,0.9443977
1536.0,-5.554548,-2.3870192,0.7757214,0.5180137,-0.69027776,0.65118235
1546.0,-5.5737014,-2.4660277,1.2401965,1.078788,-0.4166101,0.26511553
1558.0,-5.583278,-0.06943185,2.2290018,1.5283848,-0.02565634,-0.19547687
1565.0,-5.813122,2.8658595,3.514688,1.5442673,0.29810223,-0.5656612
1576.0,-6.2392898,3.9456444,4.122815,1.1129965,0.4373795,-0.75625116
1587.0,-6.4763155,2.4109612,3.6846764,0.5681047,0.5155703,-0.8576548
1595.0,-6.6295447,-0.35434186,2.932897,0.30543262,0.6597345,-0.97005403
1607.0,-6.3949127,-2.585738,1.9608512,0.4654793,0.84665924,-1.0775663
1617.0,-6.3206925,-4.223372,1.0151415,0.8698721,1.0189233,-1.1691961
1626.0,-6.789956,-4.924873,-0.2633622,1.2852604,1.1472049,-1.3170254
1636.0,-7.5106106,-5.0613422,-1.4987702,1.6566665,1.2046263,-1.4941764
1646.0,-8.137892,-5.9041014,-2.1619642,2.1270328,1.142318,-1.4514158
1657.0,-8.396465,-7.529764,-2.858677,2.1270328,1.142318,-1.4514158
1665.0,-8.267179,-8.961497,-3.1794999,2.025629,1.0922271,-1.2644911
1678.0,-8.429984,-10.2495775,-3.4500446,1.0897835,0.874759,-1.205848
1685.0,-8.453926,-10.426748,-2.7341783,0.36896262,0.77213365,-1.1178834
1695.0,-7.9248075,-9.591172,-1.5442601,-0.31642818,0.6988298,-0.8894198
1706.0,-7.007828,-9.203311,-0.22266077,-0.7648033,0.64751714,-0.5546656
1716.0,-6.301539,-9.349358,0.58897364,-0.8344419,0.56077427,-0.17348573
1726.0,-5.9878983,-9.624691,0.59376204,-0.5717699,0.43127087,0.20647246
1737.0,-6.117185,-9.907207,0.48362875,-0.18081611,0.25289822,0.56321776
1746.0,-6.6295447,-10.019734,0.18195933,0.23090707,0.040317107,0.8454375
1757.0,-7.4124484,-10.371682,-0.24660277,0.59742624,-0.17104226,1.0910053
1765.0,-7.8793178,-9.983821,-0.21787235,0.8979719,-0.38973203,1.2559389
1776.0,-7.9487495,-8.856153,-0.019153614,1.1252137,-0.5693264,1.3390167
1787.0,-7.9224133,-7.66384,0.38307226,1.1838568,-0.7049385,1.3976597
1798.0,-7.8146744,-6.3446345,0.866701,1.0494665,-0.816116,1.4563028
1805.0,-7.714118,-5.207389,1.3790601,0.8051204,-0.8881981,1.4648548
1814.0,-7.78355,-4.0557775,1.8914193,0.53023106,-0.91629785,1.4379768
1824.0,-8.161834,-2.885013,1.9656396,0.25289822,-0.9370673,1.4245378
1833.0,-8.264784,-2.2002714,2.1523874,0.007330383,-0.93462384,1.409877
1845.0,-8.183381,-1.9919758,2.2601264,-0.11362094,-0.9126327,1.3805555
1858.0,-8.259995,-2.1811178,2.408567,-0.08674286,-0.8686504,1.3133603
1866.0,-8.197746,-2.7748797,2.3654714,0.02076942,-0.77579886,1.2034045
1875.0,-8.394072,-3.7253778,3.2321723,0.10262536,-0.6450737,0.9370673
1887.0,-8.7053175,-3.5362358,3.0789435,0.37751472,-0.41905355,0.24923302
1895.0,-7.0126166,0.4309563,3.928885,0.5131268,-0.16982053,-0.10751228
1906.0,-6.2943563,1.5011644,3.4093432,-0.35063666,-0.05375614,0.1001819
1917.0,-6.4547677,0.7110779,3.1292217,-1.5870279,0.09162979,0.02565634
1926.0,-7.1706343,-1.5035586,3.4476504,-1.9401081,0.21868975,-0.3726278
1936.0,-7.644686,-4.805163,3.1627405,-1.423316,0.25778514,-0.453262
1947.0,-7.943961,-7.0341644,2.5761611,-0.5375614,0.32375857,-0.21380283
1958.0,-7.8984714,-7.1083846,1.7070658,0.3286455,0.35063666,-0.089186326
1966.0,-7.711724,-5.803545,1.0702082,0.67073005,0.3286455,-0.09040806
1977.0,-7.5944076,-4.831499,0.7398083,0.42271876,0.29077184,-0.087964594
1985.0,-7.687782,-4.608838,0.79008657,0.04886922,0.24678956,-0.119729586
1995.0,-7.917625,-5.2720323,0.9768343,-0.11728613,0.21380283,-0.13194689
2005.0,-8.243237,-6.0836663,0.6464345,-0.09773844,0.18692477,-0.06352998
2016.0,-8.305486,-6.3446345,0.21547815,-0.061086524,0.15271631,0.010995574
2025.0,-8.35337,-6.244078,-0.23463176,-0.12461651,0.111177474,0.05131268
2036.0,-8.4347725,-6.203377,0.023942016,-0.24312437,0.06719518,0.052534413
2059.0,-8.477868,-6.0884547,0.5482722,-0.33475417,0.052534413,0.056199603
2059.0,-8.566454,-5.8681884,1.115698,-0.3323107,0.029321533,0.09407325
2064.0,-8.535329,-5.5737014,1.5227122,-0.2406809,0.008552114,0.14172074
2075.0,-8.406042,-5.3965306,1.685518,-0.12217305,-0.009773844,0.18448131
2085.0,-8.202535,-5.257667,1.6424223,-0.029321533,-0.02321288,0.21868975
2099.0,-8.154651,-5.17387,1.6639702,0.02321288,-0.05009095,0.21746802
2105.0,-8.197746,-5.097255,1.6256629,0.037873644,-0.04520403,0.18448131
2115.0,-8.231265,-4.9919105,1.7956513,0.047647487,-0.04153884,0.13561209
2125.0,-8.14268,-4.6160207,1.934515,0.07574729,-0.028099801,0.080634214
2136.0,-7.97748,-4.3861775,2.078167,0.10262536,-0.0061086523,0.056199603
2146.0,-7.869741,-4.39336,2.0254946,0.118507855,0.02076942,0.05375614
2157.0,-7.831434,-4.6399627,1.9297266,0.13439035,0.05375614,0.05497787
2166.0,-7.9343843,-4.9464207,1.7070658,0.17348573,0.08552113,0.05131268
2175.0,-8.104373,-5.195418,1.4652514,0.2284636,0.10873401,0.052534413
2186.0,-8.178593,-5.2026005,1.2521675,0.27122417,0.119729586,0.057421334
2196.0,-8.286332,-5.0421886,1.0630256,0.29565877,0.12095132,0.057421334
2207.0,-8.248025,-4.9895163,0.89782566,0.2883284,0.1160644,0.06352998
2217.0,-8.250419,-4.984728,0.9935937,0.26389378,0.111177474,0.059864793
2227.0,-8.171411,-4.865018,0.93373865,0.24190263,0.10629055,0.042760566
2237.0,-8.298303,-4.8745947,0.81642276,0.21380283,0.089186326,0.036651913
2246.0,-8.221688,-4.7429137,0.7158663,0.16493362,0.065973446,0.034208454
2256.0,-8.145074,-4.654328,0.7589619,0.10995574,0.05375614,0.03176499
2267.0,-8.101978,-4.6351743,0.8355764,0.06841691,0.04886922,0.032986723
2277.0,-8.034941,-4.606444,1.1204864,0.0720821,0.029321533,0.040317107
2286.0,-7.991845,-4.76925,1.2569559,0.10629055,0.02565634,0.05009095
2297.0,-8.09719,-4.711789,1.3096284,0.15271631,0.019547688,0.052534413
2308.0,-8.152257,-4.6519337,1.151611,0.16737708,0.036651913,0.05131268
2317.0,-8.099585,-4.6040497,1.0271125,0.1600467,0.029321533,0.04153884
2327.0,-8.159439,-4.6686935,0.9672575,0.14294247,0.02076942,0.029321533
2337.0,-8.169016,-4.709395,1.0271125,0.12950343,0.013439035,0.02321288
2348.0,-8.219295,-4.711789,1.1659763,0.15393804,0.017104227,0.008552114
2358.0,-8.11395,-4.7524905,1.2689269,0.19303341,0.021991149,0.013439035
2366.0,-8.154651,-4.5274353,1.42455,0.21013765,0.02565634,0.034208454
2376.0,-8.094796,-4.3047748,1.5035586,0.19303341,0.021991149,0.03176499
2386.0,-8.099585,-4.10845,1.4772224,0.1441642,0.02443461,0.012217305
2397.0,-8.101978,-3.9600096,1.5011644,0.09285152,0.04520403,-0.012217305
2407.0,-8.130709,-4.0222588,1.5011644,0.032986723,0.073303826,-0.017104227
2417.0,-8.157045,-4.321534,1.3814543,-0.030543262,0.07941248,-0.013439035
2428.0,-8.101978,-4.5681367,1.3215994,-0.06963864,0.080634214,-0.030543262
2436.0,-8.058883,-4.5561657,1.2497733,-0.06963864,0.09407325,-0.05497787
2446.0,-8.238448,-4.7788267,1.2210429,-0.012217305,0.080634214,-0.04886922
2459.0,-8.195353,-4.8219223,1.283292,-0.012217305,0.080634214,-0.04886922
2466.0,-8.212111,-4.7907977,1.2234371,0.032986723,0.07696902,-0.040317107
2477.0,-8.276755,-4.757279,1.1683705,0.058643065,0.073303826,-0.014660766
2486.0,-8.3390045,-4.9105077,1.1013328,0.052534413,0.06841691,0.019547688
2494.0,-8.327033,-5.0254292,1.079785,0.02565634,0.059864793,0.036651913
2504.0,-8.288726,-5.1235914,1.0773908,-0.002443461,0.057421334,0.035430185
2515.0,-8.267179,-5.1140146,1.1420342,0.004886922,0.047647487,0.02321288
2524.0,-8.2169,-5.044583,1.1061212,0.05375614,0.015882496,0.052534413
2534.0,-8.197746,-4.8841715,1.1444284,0.057421334,0.017104227,0.06352998
2544.0,-8.051701,-4.8458643,1.2162545,0.0720821,0.0061086523,0.061086524
2555.0,-8.1402855,-4.6926355,1.2401965,0.095294975,0.007330383,0.062308256
2563.0,-8.224083,-4.6351743,1.30484,0.111177474,0.008552114,0.06963864
2575.0,-8.257602,-4.685453,1.3120226,0.12217305,0.007330383,0.07452556
2583.0,-8.159439,-4.709395,1.2569559,0.13072516,0.0036651916,0.07574729
2596.0,-8.12592,-4.6160207,1.2976574,0.13194689,0.004886922,0.06963864
2605.0,-7.979874,-4.5801077,1.4149733,0.1282817,0.0012217305,0.052534413
2614.0,-8.032547,-4.608838,1.3024458,0.10873401,0.0061086523,0.039095376
2624.0,-7.9990277,-4.6375685,1.30484,0.0720821,0.012217305,0.029321533
2636.0,-8.037335,-4.486734,1.388637,0.035430185,0.017104227,0.008552114
2644.0,-8.195353,-4.548983,1.328782,0.007330383,0.021991149,-0.004886922
2656.0,-8.207323,-4.498705,1.3623008,-0.009773844,0.018325957,-0.007330383
2665.0,-8.173804,-4.5920787,1.3910311,-0.0061086523,0.02565634,-0.013439035
2675.0,-8.185776,-4.6710877,1.340753,0.007330383,0.029321533,-0.014660766
2686.0,-8.288726,-4.7524905,1.3862427,0.014660766,0.019547688,-0.004886922
2698.0,-8.291121,-4.757279,1.3144168,0.008552114,0.004886922,0.004886922
2707.0,-8.310274,-4.831499,1.1563994,-0.0036651916,-0.0012217305,0.018325957
2717.0,-8.37013,-4.9320555,1.151611,-0.018325957,-0.007330383,0.032986723
2725.0,-8.389283,-4.8698063,1.2425907,-0.014660766,-0.0061086523,0.03176499
2737.0,-8.384495,-4.663905,1.376666,0.009773844,-0.017104227,0.028099801
2746.0,-8.298303,-4.5082817,1.5107412,0.030543262,-0.02076942,0.028099801
2758.0,-8.283937,-4.367024,1.5251064,0.043982297,-0.021991149,0.019547688
2768.0,-8.2169,-4.355053,1.5179238,0.032986723,-0.007330383,0.014660766
2778.0,-8.1642275,-4.486734,1.4341269,-0.0012217305,-0.02565634,0.02443461
2788.0,-8.14268,-4.546589,1.4149733,-0.02076942,-0.02565634,0.013439035
2797.0,-8.180987,-4.7285485,1.3934253,-0.002443461,-0.02565634,0.0012217305
2808.0,-8.279149,-4.759673,1.3694834,0.035430185,-0.035430185,0.010995574
2819.0,-8.118738,-4.855441,1.292869,0.05375614,-0.029321533,0.029321533
2828.0,-8.037335,-4.9416323,1.3072342,0.032986723,-0.04520403,0.04520403
2837.0,-7.9343843,-4.759673,1.3694834,0.0,-0.030543262,0.035430185
2847.0,-7.929596,-4.7860093,1.5466543,-0.02321288,-0.009773844,0.032986723
2859.0,-7.8649526,-4.733337,1.7549498,-0.039095376,0.008552114,0.043982297
2867.0,-7.9391727,-4.5896845,1.7717092,-0.03176499,0.02321288,0.040317107
2878.0,-8.008605,-4.606444,1.7621324,-0.02443461,0.05375614,0.035430185
2887.0,-8.152257,-4.534618,1.6519991,-0.028099801,0.073303826,0.040317107
2897.0,-8.281544,-4.560954,1.5897499,-0.040317107,0.09407325,0.04153884
2906.0,-8.303091,-4.620809,1.4748282,-0.039095376,0.1001819,0.032986723
2916.0,-8.329428,-4.673482,1.388637,-0.021991149,0.09162979,0.03176499
2926.0,-8.377312,-4.8003745,1.4197617,0.0036651916,0.09162979,0.03176499
2937.0,-8.331821,-4.7524905,1.4030021,0.032986723,0.07452556,0.030543262
2946.0,-8.243237,-4.9464207,1.3335704,0.04153884,0.05131268,0.036651913
2957.0,-8.259995,-4.867412,1.4053963,0.047647487,0.034208454,0.03176499
2967.0,-8.24563,-4.7165775,1.376666,0.065973446,0.02321288,0.02076942
2977.0,-8.214506,-4.757279,1.460463,0.06963864,0.02076942,0.019547688
2988.0,-8.255207,-4.572925,1.4915876,0.073303826,0.007330383,0.013439035
2999.0,-8.446744,-4.486734,1.460463,0.0842994,0.007330383,0.0036651916
