26.0,2.695871,-1.6687586,9.320627,0.04153884,0.040317107,0.052534413
42.0,2.695871,-1.6687586,9.320627,0.04153884,0.040317107,0.052534413
42.0,2.9472623,-2.2122424,9.31105,0.16493362,0.1441642,-0.09040806
60.0,2.7269957,-2.1452048,9.275137,0.0012217305,-0.29077184,-0.24312437
62.0,2.6192567,-1.9560628,9.301474,-0.103847094,-0.4361578,-0.3371976
72.0,2.7461493,-1.9081788,9.337387,0.007330383,0.3286455,0.013439035
83.0,2.815581,-1.8052281,9.31105,-0.012217305,0.3213151,0.042760566
92.0,2.920926,-1.6879122,9.186552,-0.032986723,0.13194689,-0.010995574
103.0,2.89459,-1.5897499,9.16261,-0.061086524,-0.014660766,-0.08307768
112.0,2.7605145,-1.6112977,9.136273,-0.14049901,0.008552114,-0.09040806
124.0,2.7222073,-1.7932571,9.054871,-0.28099802,0.029321533,-0.07574729
132.0,2.7748797,-2.0111294,8.872911,-0.44348818,0.037873644,-0.06352998
143.0,2.7150247,-2.2840683,8.844181,-0.55955255,0.040317107,-0.07819075
152.0,2.6862943,-2.4037786,8.805874,-0.59864795,0.030543262,-0.095294975
163.0,2.621651,-2.4013844,8.76996,-0.61086524,0.015882496,-0.10140363
172.0,2.552219,-2.3463178,8.868123,-0.6084218,-0.0012217305,-0.09896017
182.0,2.540248,-2.4947581,8.9040365,-0.5852089,-0.021991149,-0.09040806
192.0,2.5617957,-2.6192567,8.899248,-0.548557,-0.04520403,-0.073303826
203.0,2.6168625,-2.7844565,8.889671,-0.48991394,-0.064751714,-0.052534413
212.0,2.6503813,-2.8107927,8.966286,-0.41050145,-0.08552113,-0.039095376
223.0,2.6647465,-2.7629087,8.884883,-0.22479841,-0.12583824,-0.047647487
232.0,2.5617957,-2.5378537,8.913613,-0.15393804,-0.14538592,-0.04886922
242.0,2.5570073,-2.4109612,8.908825,-0.10262536,-0.16371189,-0.042760566
252.0,2.540248,-2.3654714,8.925584,-0.07086037,-0.18203785,-0.034208454
263.0,2.6072857,-2.2768857,8.949526,-0.04886922,-0.20158553,-0.02321288
272.0,2.731784,-2.3942018,9.021352,-0.040317107,-0.21746802,-0.0012217305
282.0,2.7102363,-2.3558946,8.983045,-0.04642576,-0.22602014,0.02565634
292.0,2.621651,-2.4109612,9.033323,-0.056199603,-0.2284636,0.040317107
302.0,2.6791117,-2.4301147,9.121908,-0.0720821,-0.2321288,0.04642576
312.0,2.705448,-2.504335,9.198523,-0.08674286,-0.23701571,0.05131268
324.0,2.7365725,-2.5713725,9.205706,-0.09040806,-0.23701571,0.061086524
332.0,2.681506,-2.6719291,9.248801,-0.07452556,-0.23090707,0.06841691
342.0,2.822764,-2.6384103,9.198523,-0.036651913,-0.22235495,0.0720821
352.0,2.7820623,-2.6144683,9.174581,0.0036651916,-0.21624629,0.07574729
362.0,2.753332,-2.633622,9.184157,0.02565634,-0.21013765,0.08552113
372.0,2.7724855,-2.5953147,9.188946,0.02321288,-0.20158553,0.09407325
384.0,2.765303,-2.5091233,9.234436,0.004886922,-0.18936823,0.09162979
393.0,2.767697,-2.5354595,9.234436,-0.017104227,-0.17715092,0.08552113
402.0,2.7724855,-2.6288335,9.227253,-0.035430185,-0.1685988,0.08307768
413.0,2.801216,-2.719813,9.239224,-0.042760566,-0.15882497,0.0842994
424.0,2.7940333,-2.7006595,9.200917,-0.037873644,-0.14294247,0.07696902
433.0,2.8395233,-2.7102363,9.270349,-0.021991149,-0.12950343,0.064751714
443.0,2.9257145,-2.731784,9.272743,-0.010995574,-0.10873401,0.056199603
453.0,2.8562827,-2.861071,9.291897,-0.007330383,-0.08552113,0.05497787
462.0,2.861071,-2.719813,9.23683,-0.0012217305,-0.06841691,0.04520403
473.0,2.9735985,-2.6791117,9.186552,0.007330383,-0.039095376,0.029321533
483.0,2.932897,-2.7006595,9.109938,0.0061086523,-0.018325957,0.021991149
492.0,2.9879637,-2.621651,9.069236,-0.02076942,0.008552114,0.02443461
503.0,2.9113493,-2.669535,9.030929,-0.064751714,0.030543262,0.02443461
512.0,2.9951463,-2.6360161,9.064447,-0.11362094,0.042760566,0.015882496
523.0,3.0310593,-2.7605145,9.083601,-0.16126843,0.05009095,0.008552114
533.0,3.0478187,-2.846706,9.124303,-0.20525073,0.058643065,0.007330383
542.0,3.095703,-3.0334535,9.165004,-0.22602014,0.059864793,0.009773844
553.0,3.1962593,-3.122039,9.246407,-0.21013765,0.061086524,0.010995574
564.0,3.217807,-3.1890767,9.267955,-0.1600467,0.06841691,0.015882496
573.0,3.2872388,-3.205836,9.19134,-0.09285152,0.07086037,0.028099801
583.0,3.2106245,-3.064578,9.119514,-0.02565634,0.080634214,0.040317107
592.0,3.2225955,-2.9161377,8.961497,0.02565634,0.0842994,0.04642576
603.0,3.181894,-2.7485435,8.880095,0.042760566,0.09040806,0.047647487
613.0,3.110068,-2.552219,8.808268,0.02443461,0.10262536,0.04886922
625.0,2.9951463,-2.5378537,8.736442,-0.014660766,0.103847094,0.04886922
632.0,3.040636,-2.5785553,8.791509,-0.05497787,0.103847094,0.05009095
645.0,3.052607,-2.7269957,8.762778,-0.089186326,0.1160644,0.05497787
655.0,3.086126,-2.705448,8.76996,-0.10751228,0.11728613,0.061086524
665.0,3.0119057,-2.681506,8.748413,-0.11728613,0.12217305,0.05497787
674.0,2.9975405,-2.6479871,8.655039,-0.11362094,0.12095132,0.036651913
686.0,2.932897,-2.6743233,8.537724,-0.10629055,0.1160644,0.019547688
696.0,2.9041667,-2.669535,8.576031,-0.10262536,0.111177474,0.014660766
704.0,2.9041667,-2.719813,8.590396,-0.10140363,0.112399206,0.012217305
713.0,2.8634653,-2.755726,8.619126,-0.09773844,0.105068825,0.004886922
727.0,2.89459,-2.7006595,8.63828,-0.095294975,0.09162979,-0.004886922
733.0,2.9400797,-2.7868507,8.65025,-0.09773844,0.081855945,-0.012217305
748.0,3.0238767,-2.779668,8.671799,-0.10140363,0.07574729,-0.017104227
755.0,3.0573955,-2.846706,8.784326,-0.103847094,0.0720821,-0.02443461
766.0,3.086126,-2.9017725,8.803479,-0.09773844,0.056199603,-0.032986723
775.0,3.1196449,-2.956839,8.798691,-0.09285152,0.057421334,-0.039095376
785.0,3.1555579,-2.9352913,8.808268,-0.081855945,0.04886922,-0.042760566
795.0,3.1555579,-2.7868507,8.856153,-0.073303826,0.058643065,-0.04886922
806.0,3.1316159,-2.8083985,8.746018,-0.0720821,0.07452556,-0.05375614
815.0,3.169923,-2.8395233,8.702923,-0.08307768,0.0842994,-0.058643065
827.0,3.0885203,-2.755726,8.7053175,-0.10873401,0.096516706,-0.064751714
834.0,3.0454245,-2.72939,8.580819,-0.14782938,0.105068825,-0.07574729
845.0,2.956839,-2.5713725,8.449138,-0.20280726,0.111177474,-0.09285152
854.0,2.837129,-2.4947581,8.446744,-0.2761111,0.11728613,-0.10873401
867.0,2.8299465,-2.552219,8.461109,-0.3640757,0.1160644,-0.12095132
875.0,2.7485435,-2.5450363,8.343793,-0.46303585,0.10873401,-0.1282817
886.0,2.7389667,-2.681506,8.523358,-0.5534439,0.1001819,-0.14049901
896.0,2.7748797,-2.8323407,8.485051,-0.61208695,0.089186326,-0.1563815
907.0,2.707842,-2.9903579,8.585608,-0.64751714,0.07696902,-0.16737708
914.0,2.8275523,-3.1148565,8.647857,-0.6609562,0.064751714,-0.16982053
928.0,2.8083985,-3.2154129,8.678981,-0.6414085,0.057421334,-0.17104226
935.0,2.8993783,-3.4141316,8.628703,-0.59498274,0.05009095,-0.17592919
946.0,2.8802247,-3.3901896,8.595184,-0.53878313,0.035430185,-0.18325958
955.0,2.8107927,-3.2728736,8.508993,-0.49113566,0.04153884,-0.19425514
965.0,2.822764,-3.2082303,8.475474,-0.45937067,0.042760566,-0.2125811
976.0,2.7605145,-3.1316159,8.418014,-0.45570546,0.040317107,-0.22968534
986.0,2.8083985,-3.181894,8.470686,-0.4886922,0.035430185,-0.23701571
995.0,2.8682537,-3.3423057,8.516175,-0.5448918,0.030543262,-0.23701571
1005.0,2.870648,-3.4332852,8.485051,-0.59864795,0.042760566,-0.22968534
1015.0,2.8299465,-3.6008794,8.532935,-0.6218608,0.034208454,-0.22357668
1026.0,2.8083985,-3.6487634,8.508993,-0.61941737,0.034208454,-0.22113322
1034.0,2.765303,-3.739743,8.451532,-0.6010914,0.028099801,-0.21624629
1047.0,2.7964275,-3.7014358,8.552089,-0.58276546,0.012217305,-0.20647246
1055.0,2.8083985,-3.857059,8.508993,-0.56688297,-0.002443461,-0.19914207
1089.0,2.9113493,-4.015076,8.611943,-0.54244834,-0.018325957,-0.19425514
1090.0,2.932897,-4.19943,8.695741,-0.50335294,-0.034208454,-0.18325958
1090.0,2.9376855,-4.343082,8.762778,-0.44348818,-0.036651913,-0.16737708
1096.0,3.0238767,-4.414908,8.690952,-0.35063666,-0.037873644,-0.15393804
1105.0,2.9855695,-4.3526587,8.7292595,-0.23823744,-0.059864793,-0.14172074
1113.0,3.016694,-4.1706996,8.767567,-0.07819075,-0.05131268,-0.09407325
1127.0,2.9712043,-4.1635165,8.719683,-0.032986723,-0.065973446,-0.061086524
1133.0,3.064578,-4.0438066,8.702923,-0.004886922,-0.07941248,-0.035430185
1145.0,2.980781,-4.0222588,8.683769,0.002443461,-0.081855945,-0.014660766
1154.0,2.992752,-3.9983168,8.640674,-0.010995574,-0.09040806,0.009773844
1166.0,2.9951463,-3.976769,8.652645,-0.036651913,-0.09773844,0.034208454
1175.0,3.0023289,-4.060566,8.640674,-0.05497787,-0.103847094,0.05375614
1185.0,2.9855695,-4.050989,8.561666,-0.061086524,-0.111177474,0.06963864
1193.0,3.0190883,-4.0821137,8.63828,-0.05375614,-0.1160644,0.08307768
1206.0,2.954445,-4.098873,8.559271,-0.037873644,-0.119729586,0.09407325
1216.0,2.9352913,-4.072537,8.532935,-0.017104227,-0.119729586,0.105068825
1227.0,2.9017725,-3.9576154,8.432379,0.0,-0.12217305,0.11728613
1234.0,2.8802247,-3.9791632,8.374918,0.010995574,-0.12461651,0.13072516
1246.0,2.861071,-3.9073372,8.374918,0.010995574,-0.13316862,0.14172074
1255.0,2.8395233,-3.9719806,8.360553,-0.0061086523,-0.13561209,0.15393804
1266.0,2.8323407,-4.086902,8.425196,-0.02687807,-0.14049901,0.16249016
1274.0,2.908955,-4.027047,8.437167,-0.030543262,-0.15515977,0.1685988
1286.0,2.9281087,-3.9959226,8.413225,-0.02076942,-0.172264,0.17592919
1296.0,3.098097,-4.1299977,8.348581,-0.014660766,-0.17715092,0.18936823
1306.0,3.110068,-4.177882,8.391677,-0.009773844,-0.18325958,0.20769419
1315.0,3.1244333,-4.24492,8.365341,-0.0036651916,-0.17715092,0.22357668
1326.0,3.181894,-4.2305546,8.274361,0.012217305,-0.17715092,0.23579398
1336.0,3.1292217,-4.223372,8.288726,0.02565634,-0.1881465,0.24190263
1345.0,3.205836,-4.2425256,8.300697,0.034208454,-0.20525073,0.24678956
1355.0,3.3207579,-4.146757,8.446744,0.030543262,-0.21624629,0.25534168
1366.0,3.4380736,-4.1611223,8.506598,0.02321288,-0.22357668,0.26267207
1376.0,3.4620156,-4.220978,8.63828,0.015882496,-0.22724187,0.26511553
1384.0,3.5529952,-4.1132383,8.508993,0.002443461,-0.22357668,0.26145032
1394.0,3.5936968,-4.132392,8.446744,-0.019547688,-0.22357668,0.25045475
1407.0,3.679888,-4.1683054,8.432379,-0.05131268,-0.21135938,0.23701571
1414.0,3.7181952,-4.261679,8.465898,-0.09162979,-0.18570304,0.22602014
1426.0,3.7445314,-4.3742065,8.336611,-0.11484267,-0.16371189,0.21624629
1434.0,3.6966474,-4.39336,8.300697,-0.118507855,-0.14294247,0.20891592
1446.0,3.7181952,-4.2305546,8.192958,-0.13439035,-0.11728613,0.20158553
1456.0,3.6176388,-4.0701427,8.190564,-0.18325958,-0.09040806,0.19425514
1467.0,3.5362358,-3.976769,8.106767,-0.25289822,-0.059864793,0.19425514
1475.0,3.4476504,-3.8666358,8.042124,-0.34208453,-0.037873644,0.20158553
1487.0,3.3542767,-3.9073372,7.9822683,-0.44959682,-0.029321533,0.20525073
1495.0,3.3135753,-3.9600096,7.8745294,-0.5693264,-0.017104227,0.20280726
1506.0,3.2369606,-4.1706996,7.845799,-0.6792821,-0.007330383,0.19181168
1514.0,3.157952,-4.309563,7.807492,-0.7538077,0.008552114,0.17348573
1527.0,3.2369606,-4.4843397,7.771579,-0.7892379,0.015882496,0.15271631
1535.0,3.2752678,-4.6830587,7.764396,-0.7831292,0.018325957,0.13439035
1546.0,3.2010477,-4.6782703,7.723695,-0.74281216,0.02321288,0.11484267
1555.0,3.2010477,-4.711789,7.577648,-0.68294734,0.034208454,0.09285152
1565.0,3.122039,-4.7548847,7.4004774,-0.6243043,0.037873644,0.065973446
1576.0,3.0885203,-4.735731,7.338228,-0.5815437,0.032986723,0.043982297
1588.0,3.0885203,-4.6662993,7.285556,-0.5546656,0.05131268,0.021991149
1596.0,3.1148565,-4.6902413,7.2831616,-0.5338962,0.042760566,-0.0036651916
1605.0,3.0430303,-4.6232033,7.16824,-0.53878313,0.04520403,-0.028099801
1616.0,3.083732,-4.6519337,7.055712,-0.5681047,0.035430185,-0.04886922
1626.0,3.1004913,-4.7500963,6.943185,-0.62796944,0.029321533,-0.064751714
1635.0,3.0909145,-4.608838,6.8522053,-0.7147123,0.02687807,-0.081855945
1646.0,3.0765493,-4.642357,6.7708025,-0.8136725,0.0061086523,-0.10140363
1655.0,3.0214825,-4.759673,6.7324953,-0.9260717,-0.010995574,-0.1160644
1665.0,3.0430303,-4.8482585,6.612785,-1.033584,-0.021991149,-0.12339478
1675.0,3.1842883,-4.9823337,6.588843,-1.1349876,-0.043982297,-0.12461651
1688.0,3.2034419,-5.1642933,6.5361705,-1.2229522,-0.061086524,-0.13072516
1695.0,3.2249897,-5.3103395,6.3470287,-1.2950343,-0.07086037,-0.13927728
1708.0,3.1962593,-5.410896,6.277597,-1.3536774,-0.09040806,-0.1441642
1715.0,3.2680852,-5.4683566,6.1004257,-1.4037683,-0.11728613,-0.15149458
1727.0,3.122039,-5.5042696,5.9567738,-1.4563028,-0.13316862,-0.17348573
1736.0,3.1411927,-5.3821654,5.8203044,-1.5271631,-0.16371189,-0.20280726
1746.0,3.095703,-5.171476,5.48751,-1.6358972,-0.19547687,-0.2321288
1754.0,3.1771057,-4.8219223,5.0900726,-1.8240436,-0.23945917,-0.25778514
1766.0,3.2106245,-4.5992613,4.656722,-2.1502457,-0.28710666,-0.27977628
1777.0,3.2369606,-4.4723687,4.292804,-2.64749,-0.31031954,-0.312763
1786.0,3.1914709,-4.7141833,3.892972,-3.28279,-0.34330627,-0.35796702
1795.0,3.2704794,-5.2600613,3.679888,-3.9828415,-0.3726278,-0.41905355
1806.0,3.3087866,-6.1004257,3.8115692,-4.6547933,-0.39950588,-0.48258355
1816.0,3.5170822,-7.3166804,3.7565024,-5.281541,-0.4092797,-0.5375614
1828.0,3.7804444,-8.585608,3.5817258,-5.89485,-0.40439278,-0.5644395
1835.0,4.1491513,-9.873688,3.1723173,-6.5582495,-0.3885103,-0.5656612
1846.0,4.498705,-11.099519,2.542642,-7.2741833,-0.3567453,-0.5656612
1855.0,4.8386817,-12.040441,1.7764976,-8.042652,-0.30176744,-0.54244834
1866.0,4.8937483,-12.830527,0.81163436,-8.868542,-0.20769419,-0.41905355
1875.0,4.817134,-14.322115,-0.6943185,-9.7078705,-0.10751228,-0.22724187
1886.0,4.9081135,-16.354792,-2.420538,-10.458013,-0.057421334,-0.009773844
1894.0,4.6016555,-18.471266,-3.7660792,-10.961366,-0.080634214,0.27000242
1907.0,3.8833952,-20.147207,-4.5633483,-11.060327,-0.10995574,0.61453044
1915.0,3.169923,-21.023485,-5.1379566,-10.582629,-0.21502456,0.9260717
1927.0,2.554613,-20.408175,-5.7125654,-9.589362,-0.3286455,1.2034045
1936.0,2.528277,-18.681955,-6.1626754,-8.323649,-0.4361578,1.4978416
1948.0,3.098097,-16.575058,-6.9958572,-7.0225067,-0.6059783,1.7519615
1954.0,3.5218706,-14.954184,-8.264784,-5.933945,-0.8552113,1.9743165
1966.0,3.7469256,-13.958196,-9.497798,-5.072625,-1.1582005,2.1465805
1975.0,3.550601,-13.6972275,-10.493786,-4.3640213,-1.5161675,2.239432
1986.0,3.2800562,-13.843274,-11.614272,-3.6163223,-1.8936822,2.3225098
1995.0,2.906561,-13.740324,-12.768278,-2.7537806,-2.261423,2.4495697
2006.0,2.7365725,-13.53921,-13.81215,-1.890017,-2.6364944,2.605951
2016.0,2.4756045,-13.208811,-14.8033495,-1.1386528,-3.0274482,2.7769935
2027.0,2.6024973,-12.8448925,-14.927848,-0.12705997,-3.7836993,3.1618385
2037.0,2.7724855,-12.737153,-15.746665,0.096516706,-4.120897,3.4281757
2044.0,4.003105,-11.918336,-14.896723,0.1685988,-4.4959683,3.7091737
2056.0,4.4196963,-11.700463,-13.467384,0.21013765,-4.8734827,3.908316
2090.0,4.663905,-11.319786,-11.145009,0.38606682,-5.244889,4.05248
2090.0,4.3023806,-10.328587,-8.983045,0.93828905,-5.5820866,4.17954
2090.0,3.7660792,-8.556877,-7.00304,1.8741345,-5.8191023,4.3004913
2094.0,3.3901896,-6.7947445,-5.33907,2.9394836,-5.93761,4.397008
2105.0,2.7246015,-5.0541596,-3.6942532,3.9290853,-5.9107323,4.478864
2115.0,2.171541,-3.7972038,-2.96881,4.673119,-5.7176986,4.604702
2130.0,1.4580688,-2.6839,-2.9496565,4.9626694,-5.390275,4.8075094
2133.0,1.1468226,-2.360683,-3.004723,4.6401324,-5.059186,5.0384164
2145.0,0.7230489,-2.1164744,-2.9400797,3.908316,-4.81484,5.0750685
2154.0,0.5530606,-1.6184803,-2.8682537,3.0017917,-4.604702,4.9333477
2165.0,0.60094464,-1.1444284,-2.765303,2.0195205,-4.4324384,4.6938887
2175.0,1.0127473,-0.79008657,-1.5490485,1.0177015,-4.2723913,4.353026
2187.0,1.1659763,-0.6607997,0.06703765,0.18081611,-4.125784,3.92542
2195.0,0.9744401,-0.19632454,1.4748282,-0.25534168,-3.9449677,3.4208453
2208.0,0.8451532,0.8882488,2.3175871,-0.3359759,-3.7250562,2.9309313
2215.0,0.25857377,1.8171991,2.6671407,-0.25045475,-3.4513886,2.4642303
2226.0,-0.8355764,1.9440918,2.7150247,-0.07696902,-3.1557298,2.0146337
2235.0,-2.018312,1.3120226,3.0621839,0.22479841,-2.8600712,1.6016886
2246.0,-3.311181,0.8810662,3.098097,0.70616025,-2.5546384,1.2302825
2255.0,-4.582502,0.62967503,2.8898015,1.3854424,-2.2382102,0.88086766
2266.0,-5.5617304,0.90500826,2.3942018,2.1270328,-1.926669,0.6047566
2276.0,-5.813122,1.103727,2.2098482,2.756224,-1.6310102,0.39828414
2287.0,-5.9663506,1.460463,3.1435869,3.0445523,-1.3622295,0.25534168
2297.0,-6.4643445,2.0398598,3.9791632,2.8087585,-1.0665708,0.103847094
2308.0,-6.766014,1.6089035,4.0054994,2.1539109,-0.77946407,-0.12339478
2316.0,-6.861782,0.4189853,3.775656,1.219287,-0.5155703,-0.267559
2326.0,-7.302315,-1.673547,3.0621839,0.1966986,-0.26145032,-0.32498032
2334.0,-7.7308774,-3.5889084,2.231396,-0.625526,-0.07574729,-0.35063666
2344.0,-8.1163435,-4.498705,2.0278888,-1.0409144,0.05131268,-0.3213151
2353.0,-8.202535,-4.3502645,1.7262194,-1.0164797,0.13316862,-0.25534168
2365.0,-8.166622,-3.7541082,1.6065093,-0.7305948,0.15149458,-0.15515977
2373.0,-8.027759,-2.9999347,1.4652514,-0.41050145,0.15271631,-0.0720821
2383.0,-8.09719,-3.3542767,1.0749966,-0.16493362,0.13072516,0.015882496
2393.0,-8.396465,-3.9815574,0.93852705,0.019547688,0.103847094,0.10751228
2403.0,-8.614338,-4.560954,0.7637503,0.17715092,0.081855945,0.19425514
2412.0,-8.690952,-4.6112323,0.842759,0.2968805,0.07696902,0.26389378
2426.0,-8.7771435,-4.247314,1.1372458,0.33475417,0.064751714,0.27488935
2433.0,-8.597578,-3.70383,1.6041151,0.29077184,0.059864793,0.25534168
2443.0,-8.422802,-3.4284968,1.8698715,0.18081611,0.05131268,0.24801129
2452.0,-8.212111,-3.7421372,1.7549498,0.04153884,0.040317107,0.2443461
2463.0,-8.204929,-3.8115692,1.9009962,-0.07574729,0.030543262,0.23579398
2472.0,-8.276755,-3.7469256,2.0685902,-0.095294975,0.030543262,0.18692477
2484.0,-8.396465,-3.7780502,2.1092918,-0.002443461,0.02687807,0.112399206
2492.0,-8.468291,-3.8139634,2.1547816,0.13194689,0.02687807,0.05009095
2502.0,-8.3868885,-3.763685,2.1667526,0.27366763,0.02687807,-0.018325957
2514.0,-8.485051,-3.809175,2.0685902,0.3811799,0.036651913,-0.07086037
2524.0,-8.255207,-3.8139634,2.0470424,0.3921755,0.030543262,-0.07941248
2533.0,-8.274361,-3.7349546,2.0015526,0.2968805,0.029321533,-0.09285152
2544.0,-8.343793,-3.8546648,1.9512744,0.12950343,0.030543262,-0.1160644
2552.0,-8.645462,-4.0342298,1.7764976,-0.064751714,0.05497787,-0.14172074
2563.0,-8.868123,-4.1515455,1.70946,-0.22602014,0.07086037,-0.14905111
2572.0,-8.980651,-4.2544966,1.6687586,-0.30176744,0.08307768,-0.14782938
2583.0,-8.875306,-4.2401314,1.6112977,-0.28099802,0.080634214,-0.13194689
2592.0,-8.760384,-4.285621,1.8100165,-0.19914207,0.073303826,-0.09896017
2603.0,-8.647857,-4.1419687,1.8794483,-0.080634214,0.05497787,-0.06963864
2612.0,-8.523358,-4.096479,1.934515,0.02321288,0.04520403,-0.036651913
2623.0,-8.532935,-4.0318356,1.9608512,0.095294975,0.04642576,-0.02076942
2632.0,-8.453926,-4.0557775,1.8986019,0.14294247,0.040317107,-0.012217305
2642.0,-8.485051,-3.7900212,1.9536686,0.15393804,0.029321533,-0.002443461
2652.0,-8.65025,-3.5984852,1.9680338,0.11484267,0.04642576,-0.010995574
2663.0,-8.640674,-3.7565024,1.9967642,0.05375614,0.05497787,-0.02321288
2673.0,-8.494628,-3.6942532,2.018312,0.0012217305,0.057421334,-0.014660766
2683.0,-8.537724,-3.5649664,2.0685902,0.008552114,0.065973446,-0.02443461
2693.0,-8.485051,-3.6176388,1.9895816,0.06963864,0.07941248,-0.034208454
2704.0,-8.3868885,-3.6655228,1.8698715,0.14538592,0.081855945,-0.03176499
2714.0,-8.437167,-3.6703112,1.7717092,0.20280726,0.080634214,-0.036651913
2726.0,-8.535329,-3.6942532,1.6448165,0.22968534,0.07941248,-0.05009095
2734.0,-8.645462,-3.7900212,1.5705963,0.23335053,0.073303826,-0.061086524
2744.0,-8.619126,-3.7660792,1.5777789,0.20891592,0.07452556,-0.05497787
2754.0,-8.602366,-3.8187518,1.6017209,0.16249016,0.061086524,-0.05131268
2764.0,-8.607155,-3.763685,1.5466543,0.096516706,0.059864793,-0.043982297
2774.0,-8.513782,-3.8019924,1.6400281,0.021991149,0.047647487,-0.03176499
2785.0,-8.576031,-3.8594532,1.7405846,-0.034208454,0.05131268,-0.030543262
2795.0,-8.568848,-3.8187518,1.7884687,-0.05009095,0.047647487,-0.028099801
2804.0,-8.549694,-3.8019924,1.8171991,-0.037873644,0.04520403,-0.02321288
2815.0,-8.63828,-3.8618474,1.8555063,-0.0061086523,0.047647487,-0.02321288
2826.0,-8.635885,-3.763685,1.8842367,0.029321533,0.056199603,-0.02321288
2836.0,-8.640674,-3.8283286,1.8674773,0.08674286,0.05497787,-0.035430185
2847.0,-8.655039,-3.8043866,1.8483237,0.1282817,0.058643065,-0.032986723
2855.0,-8.532935,-3.8115692,1.7741034,0.12583824,0.056199603,-0.028099801
2867.0,-8.492233,-3.9121256,1.6160861,0.09285152,0.056199603,-0.03176499
2875.0,-8.544906,-4.010288,1.5634137,0.037873644,0.061086524,-0.021991149
2886.0,-8.504205,-3.9360676,1.5969325,-0.02443461,0.057421334,-0.010995574
2898.0,-8.51857,-3.8594532,1.6639702,-0.064751714,0.056199603,-0.013439035
2907.0,-8.499416,-3.9791632,1.6639702,-0.062308256,0.061086524,-0.007330383
2915.0,-8.602366,-3.9264908,1.6759412,-0.036651913,0.065973446,0.0061086523
2927.0,-8.604761,-3.787627,1.8148049,0.04886922,0.057421334,0.019547688
2935.0,-8.561666,-3.7684734,1.757344,0.04886922,0.057421334,0.019547688
2946.0,-8.669404,-3.7972038,1.7357962,0.073303826,0.064751714,0.017104227
2956.0,-8.640674,-3.7253778,1.7788919,0.087964594,0.06719518,0.010995574
2968.0,-8.631097,-3.8905778,1.5011644,0.10995574,0.065973446,0.002443461
2976.0,-8.497022,-3.904943,1.4413095,0.06963864,0.062308256,0.009773844
2987.0,-8.513782,-3.8283286,1.4700398,0.02076942,0.05375614,-0.0036651916
2998.0,-8.540117,-3.7852328,1.4293385,-0.02687807,0.05131268,-0.0061086523
3007.0,-8.499416,-3.833117,1.5705963,-0.05375614,0.040317107,-0.007330383
3017.0,-8.5473,-3.8379054,1.6256629,-0.05497787,0.037873644,-0.004886922
