37.0,-0.45729253,-1.4939818,9.665392,-0.14782938,-0.16982053,0.064751714
76.0,-0.39983168,-1.4628572,9.459491,0.16493362,0.12339478,-0.06719518
76.0,-0.34715924,-1.3623008,9.514558,-0.02565634,-0.2565634,-0.30909783
76.0,-0.29209262,-1.30484,9.476251,-0.10873401,-0.41050145,-0.312763
76.0,-0.36152446,-1.388637,9.593566,-0.021991149,0.37873647,0.057421334
111.0,-0.32800564,-1.4867992,9.68694,-0.073303826,0.40317106,0.07819075
111.0,-0.40462008,-1.496376,9.629479,-0.11362094,0.22113322,0.021991149
111.0,-0.31124622,-1.5610195,9.67018,-0.118507855,0.056199603,-0.040317107
118.0,-0.30166942,-1.5227122,9.67018,-0.11728613,0.06352998,-0.04642576
125.0,-0.34237084,-1.4700398,9.643845,-0.12339478,0.07452556,-0.05009095
146.0,-0.36870706,-1.4389153,9.598354,-0.13683382,0.087964594,-0.052534413
147.0,-0.46447513,-1.3599066,9.627085,-0.15760323,0.09773844,-0.052534413
155.0,-0.47884035,-1.1827357,9.679757,-0.19303341,0.105068825,-0.052534413
165.0,-0.36631286,-1.1540052,9.739613,-0.24190263,0.11728613,-0.05375614
175.0,-0.36631286,-1.2162545,9.787497,-0.31764993,0.13683382,-0.05375614
185.0,-0.4381389,-1.2880806,9.758766,-0.41783184,0.16615535,-0.062308256
196.0,-0.4165911,-1.3718776,9.801862,-0.5204572,0.19547687,-0.089186326
205.0,-0.58418524,-1.4269443,9.821015,-0.63041294,0.22357668,-0.12950343
217.0,-0.6560113,-1.4820108,9.744401,-0.7318166,0.25167647,-0.16615535
226.0,-0.6727707,-1.6639702,9.694122,-0.8063421,0.2724459,-0.19425514
236.0,-0.6871359,-1.8243817,9.665392,-0.86376345,0.2932153,-0.20891592
246.0,-0.78050977,-2.0278888,9.643845,-0.91751957,0.30787608,-0.2125811
257.0,-0.8355764,-2.2457612,9.56723,-0.9578367,0.3213151,-0.21380283
267.0,-0.89782566,-2.3391352,9.574412,-0.9737192,0.3286455,-0.21502456
275.0,-0.9672575,-2.4540567,9.454702,-0.97249746,0.3323107,-0.21013765
285.0,-1.0414777,-2.5498247,9.296685,-0.9615019,0.32375857,-0.19792034
295.0,-1.0702082,-2.645593,9.203311,-0.9334021,0.31031954,-0.18081611
305.0,-1.0869676,-2.8802247,9.011775,-0.8943067,0.29810223,-0.15882497
316.0,-1.1683705,-2.9712043,8.935161,-0.8539896,0.27855456,-0.13683382
325.0,-1.163582,-3.0621839,8.887277,-0.81245077,0.25778514,-0.1160644
337.0,-1.2138603,-2.9975405,8.808268,-0.752586,0.23701571,-0.10751228
345.0,-1.127669,-2.9855695,8.693346,-0.6792821,0.20525073,-0.10629055
356.0,-1.0726024,-2.9759927,8.585608,-0.6291912,0.16615535,-0.10262536
367.0,-1.067814,-3.193865,8.619126,-0.6206391,0.14294247,-0.087964594
377.0,-1.0175357,-3.2106245,8.616732,-0.6450737,0.12339478,-0.07819075
386.0,-1.0606314,-3.1723173,8.528147,-0.6792821,0.10262536,-0.087964594
396.0,-1.0654198,-3.1914709,8.520964,-0.7122689,0.08674286,-0.1160644
406.0,-1.0773908,-3.2489316,8.532935,-0.74036866,0.07086037,-0.13561209
416.0,-1.0175357,-3.3614593,8.599973,-0.7672467,0.059864793,-0.13439035
426.0,-0.9696517,-3.406949,8.585608,-0.77824235,0.05375614,-0.13561209
438.0,-0.93613285,-3.5075054,8.540117,-0.7635816,0.03176499,-0.15515977
445.0,-0.89543146,-3.5936968,8.413225,-0.7440339,0.018325957,-0.172264
456.0,-0.8714894,-3.5936968,8.37013,-0.71837753,0.0036651916,-0.18936823
467.0,-0.7685388,-3.4213142,8.286332,-0.7110472,-0.028099801,-0.20280726
477.0,-0.78050977,-3.2728736,8.195353,-0.752586,-0.06352998,-0.21624629
487.0,-0.7326257,-3.169923,8.0684595,-0.8491027,-0.07574729,-0.23090707
498.0,-0.7685388,-3.0238767,7.893683,-0.9969321,-0.1001819,-0.24678956
506.0,-0.78769237,-2.9616275,7.797915,-1.2009611,-0.12339478,-0.2687807
517.0,-0.7685388,-3.1244333,7.762002,-1.4159856,-0.13805555,-0.30298916
526.0,-0.81642276,-3.4452562,7.989451,-1.5943583,-0.15271631,-0.34330627
537.0,-0.7565677,-3.643975,7.979874,-1.7165314,-0.16982053,-0.37507126
546.0,-0.6512229,-3.9911342,8.128315,-1.8081611,-0.19425514,-0.4007276
558.0,-0.47165772,-4.3167458,8.24563,-1.8716911,-0.1966986,-0.42760566
570.0,-0.24420857,-4.747702,8.185776,-1.8839084,-0.1966986,-0.45570546
580.0,-0.24899697,-5.0397944,8.219295,-1.881465,-0.18203785,-0.47769663
590.0,-0.23223756,-4.9919105,8.010999,-1.9364429,-0.16615535,-0.49480084
600.0,-0.10055647,-4.84347,7.819463,-2.1453588,-0.15149458,-0.50823987
610.0,0.0047884034,-5.1259856,7.872135,-2.5216517,-0.10629055,-0.5131268
621.0,0.11492168,-5.7484784,8.027759,-2.9712486,-0.034208454,-0.5119051
630.0,0.24660277,-6.6367273,8.310274,-3.395189,0.062308256,-0.5045747
640.0,0.16759412,-7.565677,8.542512,-3.712839,0.1685988,-0.4972443
648.0,0.10055647,-8.106767,8.813056,-3.9217548,0.27977628,-0.4801401
660.0,0.009576807,-8.540117,8.987833,-4.0598106,0.4007276,-0.45081854
669.0,-0.021547815,-9.229648,8.880095,-4.1636577,0.5375614,-0.39706242
679.0,-0.12928689,-9.969456,8.619126,-4.2919393,0.68783426,-0.28588495
689.0,-0.4429273,-10.680533,8.106767,-4.5032988,0.8723156,-0.13927728
700.0,-0.8571242,-11.331757,7.5944076,-4.7904053,1.0861185,-0.014660766
709.0,-1.2114661,-12.038046,6.933608,-5.0787334,1.2559389,0.08552113
720.0,-1.5346833,-13.232753,6.4763155,-5.2998667,1.4135422,0.2724459
729.0,-1.8171991,-14.4130945,6.0118403,-5.48557,1.568702,0.58032197
742.0,-1.8674773,-15.243882,5.2863975,-5.6272907,1.6627752,0.93584555
748.0,-2.099715,-15.6078005,4.7860093,-5.6834903,1.7556267,1.3011429
759.0,-2.5737667,-15.648502,3.9121256,-5.684712,1.8301523,1.6627752
769.0,-2.7724855,-15.423448,2.8802247,-5.6859336,1.8692477,2.058616
780.0,-2.719813,-15.526398,1.7597382,-5.61263,1.8643607,2.453235
790.0,-2.9520507,-16.072275,1.292869,-5.2742105,1.8472565,2.7757716
802.0,-3.016694,-16.026787,1.541866,-4.4947467,1.7788396,3.0445523
810.0,-2.9137435,-15.332468,1.7812861,-3.2583551,1.672549,3.3206635
819.0,-2.645593,-13.8241205,1.8315643,-1.7482964,1.6077974,3.5686748
829.0,-2.0853498,-12.109872,1.2473791,-0.32498032,1.5540411,3.758043
841.0,-1.7501614,-11.077971,0.107739076,0.7318166,1.4819591,3.9241984
847.0,-1.8004397,-10.941502,-0.8714894,1.4135422,1.4086553,4.0353756
861.0,-2.1380222,-10.771513,-1.7956513,1.9095647,1.3377949,4.0818014
869.0,-2.5306711,-10.177752,-2.4588451,2.3909266,1.2596041,4.1013494
880.0,-2.743755,-9.184157,-2.9233203,2.919936,1.1643091,4.0915756
890.0,-2.8443117,-7.8888946,-3.2465374,3.4110715,1.0714576,4.062254
899.0,-3.1723173,-6.7564373,-3.4261026,3.8337903,0.9786061,3.9816196
908.0,-3.3758245,-6.0357823,-3.5625722,4.1770964,0.87964594,3.898542
921.0,-3.5410242,-5.279215,-3.7062242,4.442212,0.7648033,3.8069122
930.0,-3.5865142,-4.8578353,-4.0318356,4.6266932,0.64751714,3.685961
943.0,-3.8379054,-4.465186,-4.050989,4.7806315,0.5375614,3.5283577
949.0,-4.1060557,-3.7181952,-4.0557775,4.8991394,0.4251622,3.3304374
961.0,-4.331111,-3.169923,-3.9264908,4.9394565,0.3115413,3.1325169
970.0,-4.2999864,-2.7844565,-3.7565024,4.874705,0.17592919,2.9236012
981.0,-4.333505,-2.420538,-3.6248214,4.6938887,0.019547688,2.7134633
989.0,-4.5154643,-2.231396,-3.4452562,4.418999,-0.14538592,2.502104
999.0,-4.6495395,-2.267309,-3.2010477,4.1184535,-0.32986724,2.2907448
1008.0,-4.7261543,-2.1428106,-2.6503813,3.82646,-0.52778757,2.0952678
1020.0,-4.7261543,-2.147599,-2.1643584,3.571118,-0.7415904,1.9095647
1030.0,-4.6112323,-1.9369092,-1.8507179,3.354872,-0.9663888,1.7507398
1043.0,-4.6136265,-1.6807296,-1.6519991,3.1068606,-1.1863003,1.6249015
1053.0,-4.72376,-1.6304513,-1.3000516,2.801428,-1.3866642,1.4953982
1109.0,-4.8147397,-1.5705963,-0.90021986,2.4361305,-1.5760323,1.3561208
1109.0,-4.88896,-1.5897499,-0.48841715,2.0476203,-1.772731,1.2327261
1109.0,-4.8961425,-1.697489,-0.14604631,1.690875,-1.9828686,1.1447614
1109.0,-4.900931,-1.6591818,0.39504328,1.3658947,-2.1771238,1.0836749
1109.0,-4.8961425,-1.6160861,1.2186487,1.0262536,-2.3518312,1.0262536
1109.0,-4.7429137,-1.910573,2.2864625,0.7489208,-2.515543,0.9578367
1117.0,-4.51307,-2.2266076,3.4261026,0.6133087,-2.6658158,0.90041536
1128.0,-4.0940847,-2.815581,4.4699745,0.6047566,-2.787989,0.8943067
1139.0,-3.845088,-3.4524388,5.470751,0.70249504,-2.8124237,0.91751957
1148.0,-3.940856,-3.4500446,6.217742,0.9053023,-2.7843237,0.91996306
1159.0,-4.3143516,-2.8993783,6.4427967,1.1410962,-2.761111,0.88208944
1168.0,-4.7620673,-1.9991584,6.5122285,1.3500122,-2.7391198,0.8210029
1178.0,-5.0302176,-0.90740246,6.64391,1.459968,-2.734233,0.7892379
1189.0,-5.221754,0.17238252,6.603208,1.409877,-2.737898,0.8197812
1199.0,-5.094861,0.59855044,6.897695,1.2290609,-2.7207937,0.87598073
1208.0,-4.903325,0.79487497,7.6710224,0.9896017,-2.652377,0.89919364
1221.0,-4.6686935,0.78290397,8.276755,0.7819075,-2.5705209,0.8881981
1227.0,-4.4244847,0.8738836,8.801085,0.6536258,-2.5057693,0.8552113
1239.0,-4.3167458,1.1228806,9.313444,0.57787853,-2.3738225,0.7147123
1247.0,-4.144363,1.2761095,9.600749,0.57787853,-2.3738225,0.7147123
1258.0,-4.144363,1.1252748,9.91439,0.59986967,-2.289523,0.6230826
1268.0,-4.1539397,1.1971009,9.931149,0.63285637,-2.2223277,0.5558874
1280.0,-4.1539397,1.9009962,9.739613,0.6291912,-2.194228,0.5131268
1288.0,-3.845088,2.4612393,9.059659,0.5558874,-2.1930063,0.4569272
1298.0,-3.4835634,2.3175871,9.105149,0.3933972,-2.1856759,0.38606682
1309.0,-3.1292217,1.3958195,9.3733,0.15760323,-2.1465805,0.3323107
1327.0,-2.7748797,0.35194764,9.631873,-0.14660765,-2.0549507,0.31642818
1327.0,-2.3511062,0.2705448,10.931925,-0.118507855,-2.0231857,0.30665436
1339.0,-2.1667526,-0.062249243,11.08276,0.021991149,-1.9755383,0.29932398
1347.0,-1.9871874,-0.46208093,11.101913,0.14049901,-1.926669,0.33964106
1357.0,-1.9129672,-0.533907,11.149797,0.19547687,-1.8704693,0.40439278
1368.0,-1.721431,-0.30645782,10.632649,0.2284636,-1.8203784,0.44348818
1378.0,-1.6687586,-0.031124622,9.634268,0.21624629,-1.78617,0.47158796
1388.0,-1.5562311,0.08140286,8.892065,0.10751228,-1.7788396,0.5143485
1399.0,-1.2761095,-0.61291564,9.263166,-0.09040806,-1.7446312,0.5766568
1408.0,-1.4532804,-1.8866309,11.305421,-0.0842994,-1.5919148,0.6719518
1422.0,-2.2744915,-1.6472107,18.164808,0.5180137,-1.3805555,0.7244862
1430.0,-2.7102363,4.9416323,18.703505,1.0201449,-1.1667526,0.63163465
1440.0,-1.8435353,9.289502,14.968549,0.50701815,-1.0531317,0.4251622
1451.0,-1.1707647,6.3661823,12.945449,-0.5290093,-0.7635816,0.22724187
1461.0,-1.6591818,0.1388637,11.563994,-0.94806284,-0.3359759,0.02443461
1470.0,-2.657564,-2.3127987,9.993398,-0.8576548,-0.18325958,-0.21624629
1480.0,-3.2585084,-0.9600749,9.0476885,-0.72204274,-0.21746802,-0.32253686
1489.0,-2.7126305,0.7206547,8.882488,-0.46181414,-0.34330627,-0.2443461
1500.0,-1.6400281,1.091756,9.375694,-0.25289822,-0.41538838,-0.18203785
1509.0,-0.8403648,0.16759412,10.235212,-0.21868975,-0.35796702,-0.17348573
1522.0,-0.7374141,-1.1923125,11.089942,-0.1441642,-0.25534168,-0.12583824
1531.0,-0.7062895,-1.9728222,11.671733,0.013439035,-0.17715092,-0.061086524
1541.0,-0.6799533,-2.0398598,11.520899,0.095294975,-0.11484267,-0.05009095
1549.0,-0.8643068,-1.8986019,10.769119,0.07941248,-0.057421334,-0.059864793
1560.0,-1.2354081,-1.5753847,10.163386,0.037873644,-0.0061086523,-0.047647487
1570.0,-1.5035586,-1.1348516,9.610326,-0.0012217305,0.028099801,-0.029321533
1581.0,-1.5179238,-0.7781156,9.200917,-0.03176499,0.035430185,-0.004886922
1590.0,-1.5059528,-0.59376204,9.227253,-0.037873644,0.039095376,0.039095376
1599.0,-1.532289,-0.47165772,9.287108,-0.010995574,0.037873644,0.081855945
1611.0,-1.6759412,-0.22266077,9.368511,0.042760566,0.03176499,0.087964594
1622.0,-1.8148049,0.093373865,9.440337,0.087964594,0.029321533,0.058643065
1630.0,-1.982399,0.21787235,9.471462,0.095294975,0.034208454,0.037873644
1643.0,-2.0829554,0.1412579,9.581595,0.065973446,0.043982297,0.042760566
1649.0,-2.0901382,-0.019153614,9.423578,0.019547688,0.05375614,0.042760566
1659.0,-2.1523874,-0.20111294,9.279925,-0.018325957,0.059864793,0.035430185
1669.0,-2.1068976,-0.21547815,9.193734,-0.028099801,0.058643065,0.029321533
1682.0,-2.1260512,-0.23702596,9.121908,-0.009773844,0.04886922,0.02321288
1690.0,-2.0446482,-0.35913026,9.124303,0.014660766,0.043982297,0.02443461
1701.0,-1.9967642,-0.4381389,9.215282,0.029321533,0.037873644,0.030543262
1710.0,-1.9201498,-0.5530606,9.380483,0.040317107,0.030543262,0.035430185
1720.0,-1.934515,-0.62728083,9.454702,0.062308256,0.029321533,0.042760566
1730.0,-1.9081788,-0.5506664,9.557653,0.081855945,0.02443461,0.043982297
1742.0,-1.8770541,-0.36152446,9.639056,0.09162979,0.02565634,0.04153884
1749.0,-1.8387469,-0.4141969,9.595961,0.09407325,0.03176499,0.04153884
1761.0,-1.8435353,-0.4309563,9.610326,0.08674286,0.036651913,0.036651913
1770.0,-1.7908629,-0.33997664,9.516952,0.073303826,0.042760566,0.02565634
1780.0,-1.721431,-0.23223756,9.435549,0.061086524,0.043982297,0.018325957
1790.0,-1.6783354,-0.1388637,9.358934,0.05009095,0.047647487,0.019547688
1801.0,-1.6998832,-0.07182605,9.3421755,0.035430185,0.05497787,0.018325957
1810.0,-1.7046716,0.047884032,9.490616,0.021991149,0.062308256,0.012217305
1822.0,-1.7525556,0.038307227,9.457097,0.012217305,0.06963864,0.009773844
1828.0,-1.7525556,0.021547815,9.473856,0.0036651916,0.07941248,0.009773844
1842.0,-1.6998832,-0.10295067,9.363723,-0.002443461,0.0842994,0.010995574
1849.0,-1.7741034,-0.045489833,9.263166,-0.0061086523,0.08674286,0.007330383
1859.0,-1.8602947,-0.18914193,9.26556,-0.004886922,0.08674286,0.0036651916
1869.0,-1.8219875,-0.2896984,9.186552,0.0061086523,0.07819075,-0.0012217305
1881.0,-1.8555063,-0.40701428,9.112331,0.014660766,0.064751714,-0.007330383
1890.0,-1.8818425,-0.46926352,9.176975,0.015882496,0.052534413,-0.012217305
1900.0,-1.8698715,-0.58418524,9.186552,0.017104227,0.036651913,-0.012217305
1909.0,-1.8004397,-0.59855044,9.220071,0.02443461,0.019547688,-0.008552114
1920.0,-1.8315643,-0.50996494,9.382876,0.034208454,0.0061086523,-0.004886922
1930.0,-1.8339585,-0.533907,9.528923,0.04642576,-0.007330383,-0.0012217305
1943.0,-1.8890251,-0.46208093,9.619903,0.056199603,-0.013439035,0.009773844
1949.0,-1.8842367,-0.41180268,9.617508,0.064751714,-0.017104227,0.018325957
1959.0,-1.8794483,-0.16998832,9.739613,0.06963864,-0.012217305,0.018325957
1970.0,-1.8555063,-0.062249243,9.610326,0.081855945,-0.013439035,0.017104227
1980.0,-1.8722657,-0.01436521,9.576807,0.096516706,-0.0036651916,0.019547688
1991.0,-1.8579005,0.016759412,9.593566,0.09896017,0.0012217305,0.014660766
2002.0,-1.8842367,0.04309563,9.528923,0.0842994,0.008552114,0.0
2009.0,-1.8770541,0.0047884034,9.595961,0.061086524,0.018325957,-0.008552114
2020.0,-1.8339585,-0.019153614,9.651027,0.04153884,0.02443461,-0.004886922
2029.0,-1.8650831,-0.20829555,9.76116,0.02687807,0.028099801,0.0012217305
2041.0,-1.8028339,-0.30166942,9.758766,0.02687807,0.029321533,0.0036651916
2051.0,-1.8794483,-0.3878607,9.730036,0.043982297,0.03176499,0.0
2134.0,-1.7070658,-0.39504328,9.696517,0.059864793,0.036651913,0.002443461
2134.0,-1.7549498,-0.34237084,9.600749,0.06719518,0.043982297,0.010995574
2134.0,-1.8531121,-0.2657564,9.445126,0.07086037,0.040317107,0.018325957
2134.0,-1.8243817,-0.21787235,9.423578,0.07086037,0.04153884,0.021991149
2134.0,-1.8171991,-0.05746084,9.284714,0.07452556,0.037873644,0.02565634
2134.0,-1.757344,0.088585466,9.244013,0.0720821,0.032986723,0.02687807
2134.0,-1.7932571,0.088585466,9.215282,0.05497787,0.030543262,0.02687807
2135.0,-1.7884687,0.107739076,9.234436,0.028099801,0.030543262,0.02443461
2141.0,-1.8531121,0.059855044,9.19134,-0.017104227,0.021991149,0.008552114
2147.0,-1.8674773,0.047884032,9.332599,-0.017104227,0.021991149,0.008552114
2158.0,-1.8435353,-0.019153614,9.308656,-0.029321533,0.02076942,-0.0012217305
2168.0,-1.8507179,-0.11252748,9.354146,-0.03176499,0.010995574,-0.0061086523
2179.0,-1.9009962,-0.12689269,9.3421755,-0.034208454,0.009773844,-0.009773844
2189.0,-1.8722657,-0.25378537,9.423578,-0.028099801,0.0012217305,-0.012217305
2199.0,-1.8914193,-0.2801216,9.445126,-0.019547688,-0.0036651916,-0.015882496
2208.0,-1.8339585,-0.18674773,9.454702,-0.028099801,-0.0036651916,-0.013439035
2221.0,-1.9297266,-0.11731588,9.476251,-0.034208454,0.0,-0.012217305
2230.0,-1.9488802,-0.10534488,9.516952,-0.040317107,0.0,-0.009773844
2242.0,-1.9488802,-0.11971009,9.49301,-0.040317107,-0.0036651916,-0.007330383
2249.0,-1.958457,-0.11252748,9.516952,-0.039095376,-0.008552114,-0.009773844
2261.0,-1.9273324,-0.076614454,9.514558,-0.040317107,-0.0061086523,-0.012217305
2270.0,-1.8555063,-0.14844051,9.552865,-0.037873644,-0.0036651916,-0.014660766
2280.0,-1.8555063,-0.12689269,9.624691,-0.039095376,-0.004886922,-0.013439035
2289.0,-1.946486,-0.21787235,9.725247,-0.04153884,0.0012217305,-0.013439035
2300.0,-1.8531121,-0.2657564,9.682152,-0.035430185,0.0061086523,-0.008552114
2309.0,-1.8890251,-0.24181437,9.629479,-0.030543262,0.008552114,-0.0036651916
2318.0,-1.9249382,-0.2873042,9.562442,-0.02321288,0.013439035,0.0012217305
2328.0,-1.8698715,-0.34955344,9.5385,-0.004886922,0.012217305,0.008552114
2341.0,-1.9273324,-0.19632454,9.457097,0.018325957,0.008552114,0.021991149
2350.0,-1.922544,-0.1436521,9.399636,0.02443461,0.0036651916,0.030543262
2360.0,-1.9273324,-0.11492168,9.397242,0.008552114,-0.002443461,0.032986723
2371.0,-1.99437,-0.1436521,9.414001,-0.015882496,-0.004886922,0.036651913
2381.0,-1.9680338,-0.18674773,9.320627,-0.032986723,-0.007330383,0.039095376
2390.0,-1.9416976,-0.18195933,9.382876,-0.043982297,-0.014660766,0.039095376
2400.0,-1.9632454,-0.12928689,9.337387,-0.061086524,-0.02076942,0.032986723
2410.0,-1.982399,-0.17238252,9.378088,-0.095294975,-0.019547688,0.02076942
2422.0,-2.0446482,-0.045489833,9.267955,-0.12950343,-0.02321288,0.010995574
2429.0,-2.0326772,-0.22266077,9.255983,-0.15393804,-0.02443461,0.012217305
2440.0,-1.9608512,-0.30885202,9.28232,-0.17837265,-0.02565634,0.028099801
2449.0,-1.8818425,-0.4213795,9.40203,-0.21624629,-0.029321533,0.042760566
2460.0,-1.7788919,-0.5770026,9.500193,-0.24678956,-0.029321533,0.042760566
2470.0,-1.8124107,-0.5410896,9.557653,-0.23579398,-0.02443461,0.030543262
2481.0,-1.8411411,-0.56982,9.478644,-0.19181168,-0.03176499,0.02076942
2491.0,-1.8746599,-0.47165772,9.509769,-0.15149458,-0.032986723,0.017104227
2500.0,-2.0494366,-0.45250413,9.533711,-0.12583824,-0.030543262,0.010995574
2510.0,-2.0087352,-0.39983168,9.528923,-0.11362094,-0.030543262,0.008552114
2519.0,-1.9919758,-0.40222588,9.598354,-0.103847094,-0.029321533,0.010995574
2530.0,-1.946486,-0.3854665,9.68694,-0.09162979,-0.032986723,0.009773844
2543.0,-1.970428,-0.45729253,9.643845,-0.07696902,-0.028099801,0.004886922
2549.0,-2.0039468,-0.5363012,9.639056,-0.06352998,-0.021991149,0.0012217305
2560.0,-1.9033904,-0.45010993,9.61272,-0.052534413,-0.02076942,0.0036651916
2570.0,-1.9297266,-0.47165772,9.634268,-0.047647487,-0.014660766,0.012217305
2581.0,-1.9416976,-0.49320555,9.624691,-0.04520403,-0.0061086523,0.021991149
2591.0,-1.8938135,-0.5291186,9.619903,-0.04642576,0.002443461,0.02565634
2602.0,-1.910573,-0.4381389,9.583989,-0.037873644,0.0061086523,0.02687807
2611.0,-1.8626889,-0.51475334,9.588778,-0.02321288,0.007330383,0.032986723
2621.0,-1.8962077,-0.5746084,9.595961,-0.0061086523,0.007330383,0.036651913
2631.0,-1.8890251,-0.50038815,9.574412,0.012217305,0.009773844,0.036651913
2642.0,-1.8602947,-0.51235914,9.507375,0.02565634,0.0061086523,0.037873644
2650.0,-1.8746599,-0.46208093,9.5385,0.028099801,0.0061086523,0.042760566
2661.0,-1.8938135,-0.45010993,9.485827,0.02565634,0.008552114,0.04886922
2668.0,-1.8555063,-0.50757074,9.404425,0.021991149,0.012217305,0.05497787
2680.0,-1.8698715,-0.46447513,9.323022,0.02321288,0.007330383,0.057421334
2689.0,-1.9201498,-0.44532153,9.308656,0.02321288,0.004886922,0.057421334
2700.0,-1.8938135,-0.45968673,9.294291,0.02565634,0.0012217305,0.059864793
2711.0,-1.8914193,-0.4213795,9.239224,0.02321288,-0.004886922,0.064751714
2722.0,-1.8770541,-0.39264908,9.332599,0.015882496,-0.013439035,0.06841691
2731.0,-1.8674773,-0.4141969,9.397242,0.008552114,-0.018325957,0.064751714
2742.0,-1.8794483,-0.4333505,9.375694,0.012217305,-0.02443461,0.056199603
2751.0,-1.8363527,-0.44771573,9.514558,0.02565634,-0.028099801,0.052534413
2761.0,-1.8483237,-0.45010993,9.485827,0.03176499,-0.030543262,0.05131268
2769.0,-1.8243817,-0.39743748,9.481039,0.02687807,-0.030543262,0.04642576
2780.0,-1.8076223,-0.49799395,9.390059,0.02321288,-0.029321533,0.04153884
2789.0,-1.7549498,-0.4429273,9.325416,0.02076942,-0.030543262,0.039095376
2800.0,-1.7980455,-0.4165911,9.308656,0.013439035,-0.034208454,0.03176499
2810.0,-1.7381904,-0.45489833,9.301474,0.007330383,-0.02687807,0.02443461
2821.0,-1.7262194,-0.48841715,9.3661175,0.008552114,-0.02321288,0.02321288
2830.0,-1.7549498,-0.4189853,9.461885,0.021991149,-0.028099801,0.02076942
2842.0,-1.685518,-0.37828386,9.528923,0.029321533,-0.030543262,0.013439035
2850.0,-1.7884687,-0.4429273,9.598354,0.028099801,-0.030543262,0.007330383
2862.0,-1.6927006,-0.40462008,9.610326,0.030543262,-0.02687807,0.0061086523
2871.0,-1.6759412,-0.39264908,9.598354,0.035430185,-0.029321533,0.0061086523
2880.0,-1.7932571,-0.38307226,9.583989,0.037873644,-0.030543262,0.0012217305
2890.0,-1.6783354,-0.2777274,9.497798,0.02687807,-0.030543262,-0.0061086523
2901.0,-1.721431,-0.2633622,9.409213,0.008552114,-0.03176499,-0.008552114
2909.0,-1.6950948,-0.33279404,9.44752,-0.007330383,-0.030543262,-0.007330383
2920.0,-1.8411411,-0.34237084,9.423578,-0.014660766,-0.032986723,-0.0061086523
2930.0,-1.7908629,-0.2873042,9.490616,-0.010995574,-0.035430185,-0.007330383
2941.0,-1.7286136,-0.39983168,9.526528,-0.0061086523,-0.037873644,-0.0061086523
2951.0,-1.7262194,-0.40940848,9.481039,-0.004886922,-0.034208454,-0.002443461
2963.0,-1.7812861,-0.37828386,9.557653,-0.0012217305,-0.037873644,0.0
2971.0,-1.757344,-0.4189853,9.581595,0.0036651916,-0.035430185,0.0
2980.0,-1.7788919,-0.3878607,9.55047,0.008552114,-0.035430185,0.002443461
2990.0,-1.733402,-0.33039984,9.528923,0.0061086523,-0.036651913,0.0036651916
3000.0,-1.70946,-0.4261679,9.504981,0.0036651916,-0.035430185,0.0036651916
3009.0,-1.7884687,-0.35434186,9.433155,0.0061086523,-0.034208454,0.0036651916
3021.0,-1.7310078,-0.4285621,9.464279,0.002443461,-0.032986723,0.004886922
