21.0,0.59376204,-0.79726917,9.950302,0.04886922,0.0036651916,-0.034208454
30.0,0.62249243,-0.78769237,9.931149,0.16493362,0.119729586,-0.056199603
43.0,0.60573304,-0.94810385,9.981427,-0.0061086523,-0.33108896,-0.33108896
45.0,0.62967503,-1.1683705,9.923966,-0.16371189,-0.37873647,-0.4166101
55.0,0.6344634,-1.2354081,9.890448,-0.13561209,0.45081854,-0.15149458
65.0,0.6368576,-1.2569559,9.792285,-0.26633725,0.5180137,-0.23701571
77.0,0.58418524,-1.163582,9.737218,-0.4129449,0.3885103,-0.3811799
86.0,0.60333884,-1.2234371,9.646238,-0.50335294,0.25045475,-0.4642576
95.0,0.50757074,-1.3551182,9.500193,-0.55955255,0.25778514,-0.4654793
105.0,0.51475334,-1.5777789,9.552865,-0.5864306,0.2565634,-0.4605924
117.0,0.4213795,-1.7980455,9.387665,-0.57910025,0.24312437,-0.45448375
126.0,0.37349546,-1.8076223,9.244013,-0.5510005,0.22357668,-0.4447099
137.0,0.30885202,-1.9129672,9.267955,-0.51923543,0.20647246,-0.42394048
145.0,0.2657564,-1.9297266,9.222465,-0.49480084,0.19181168,-0.3921755
156.0,0.33518824,-2.123657,9.258378,-0.47403142,0.17592919,-0.35918877
166.0,0.18435353,-2.3223755,9.227253,-0.44593164,0.16126843,-0.3323107
177.0,0.11971009,-2.4229321,9.251195,-0.40561453,0.13927728,-0.3115413
188.0,0.110133275,-2.5354595,9.258378,-0.3567453,0.1160644,-0.29077184
197.0,0.007182605,-2.5474305,9.222465,-0.30787608,0.087964594,-0.26511553
205.0,0.035913024,-2.552219,9.107543,-0.267559,0.062308256,-0.23579398
216.0,0.019153614,-2.4875755,9.174581,-0.23579398,0.047647487,-0.204029
226.0,0.045489833,-2.6072857,9.232041,-0.21135938,0.039095376,-0.17104226
236.0,0.19153613,-2.777274,9.277532,-0.204029,0.035430185,-0.13805555
246.0,0.18914193,-2.8275523,9.346964,-0.19914207,0.035430185,-0.1160644
257.0,0.20350714,-2.9759927,9.299079,-0.19914207,0.028099801,-0.10262536
266.0,0.31603462,-2.8275523,9.354146,-0.22724187,0.02565634,-0.087964594
277.0,0.23942018,-2.6862943,9.323022,-0.29932398,0.02565634,-0.064751714
286.0,0.25378537,-2.6886885,9.138668,-0.40561453,0.030543262,-0.043982297
296.0,0.18914193,-2.5330653,9.090784,-0.52412236,0.030543262,-0.032986723
306.0,0.12928689,-2.5713725,8.978256,-0.64873886,0.028099801,-0.03176499
317.0,0.074220255,-2.5953147,8.971074,-0.77457714,0.029321533,-0.034208454
326.0,0.031124622,-2.5689783,8.939949,-0.8943067,0.03176499,-0.039095376
336.0,-0.055066638,-2.719813,8.959103,-0.9969321,0.039095376,-0.052534413
346.0,-0.02633622,-2.8491,8.992621,-1.0751228,0.039095376,-0.06963864
356.0,-0.079008654,-2.966416,8.971074,-1.1508701,0.034208454,-0.08552113
366.0,-0.12449849,-2.9975405,8.949526,-1.2400564,0.028099801,-0.096516706
378.0,-0.17956513,-2.825158,8.817844,-1.382999,0.002443461,-0.111177474
386.0,-0.1604115,-2.540248,8.616732,-1.5919148,-0.008552114,-0.13439035
396.0,-0.02873042,-2.3774424,8.480263,-1.8240436,0.013439035,-0.1600467
406.0,0.1340753,-2.791639,8.394072,-2.0500638,0.042760566,-0.18325958
416.0,0.260968,-3.6176388,8.420407,-2.234545,0.09162979,-0.21746802
426.0,0.30645782,-4.3837833,8.331821,-2.2858577,0.12339478,-0.28344148
437.0,0.093373865,-4.7022123,8.343793,-2.2272146,0.1001819,-0.38240165
446.0,-0.11971009,-4.5058875,8.269572,-2.1832323,0.07696902,-0.48380527
456.0,-0.16759412,-4.295198,8.4587145,-2.1881194,0.07696902,-0.53023106
466.0,0.031124622,-4.570531,8.671799,-2.130698,0.058643065,-0.42760566
477.0,0.30406362,-4.975151,8.710106,-2.130698,0.058643065,-0.42760566
486.0,0.3878607,-5.257667,8.595184,-2.048842,0.039095376,-0.37140608
497.0,0.60094464,-5.4324436,8.180987,-2.0659463,0.042760566,-0.34330627
506.0,0.6368576,-5.777209,8.145074,-2.1013765,0.059864793,-0.28588495
517.0,0.6655881,-6.2249246,8.135497,-2.107485,0.07696902,-0.21868975
526.0,0.7182605,-6.727707,8.09719,-2.0830505,0.07696902,-0.1685988
536.0,0.62249243,-6.919243,7.8912888,-2.0415115,0.07574729,-0.14905111
546.0,0.5650316,-6.7229185,7.824251,-2.0549507,0.056199603,-0.13561209
557.0,0.47405192,-6.540959,7.5465236,-2.211332,0.04886922,-0.09896017
566.0,0.5434838,-6.5696893,7.2352777,-2.470339,0.07086037,-0.058643065
578.0,0.521936,-7.0724716,7.1466923,-2.724459,0.095294975,-0.032986723
586.0,0.59855044,-7.7428484,7.03177,-2.8955014,0.118507855,-0.013439035
596.0,0.58657944,-8.300697,6.83784,-2.9297097,0.15760323,0.0
606.0,0.48841715,-8.65025,6.7133417,-2.83808,0.19058995,0.010995574
618.0,0.4309563,-8.980651,6.55293,-2.6902506,0.22113322,0.037873644
626.0,0.25378537,-9.153033,6.459556,-2.5595255,0.25167647,0.089186326
639.0,0.22744916,-9.610326,6.3111157,-2.4727826,0.27977628,0.14905111
648.0,0.1388637,-9.935937,6.054936,-2.4226916,0.32375857,0.19303341
658.0,-0.059855044,-10.201694,5.9519854,-2.3958135,0.37140608,0.22357668
669.0,-0.23463176,-10.278308,5.6646814,-2.388483,0.44226643,0.27122417
682.0,-0.44532153,-10.575189,5.470751,-2.3994787,0.53878313,0.35430184
689.0,-0.7062895,-11.140221,5.2169657,-2.4446826,0.63529986,0.47891834
699.0,-0.92655605,-11.511322,4.8219223,-2.5265386,0.7171558,0.63163465
709.0,-1.1061212,-11.793838,4.4220905,-2.6487117,0.79412484,0.78801614
720.0,-1.4053963,-11.927913,3.9504328,-2.8625145,0.86498517,0.956615
729.0,-1.5155296,-12.310986,4.0438066,-3.1618385,0.94806284,1.1691961
740.0,-1.5705963,-12.914324,3.5865142,-3.286455,1.033584,1.3805555
749.0,-1.9847932,-13.867216,3.3925838,-3.0457742,1.0946705,1.5601498
759.0,-2.6551697,-14.281413,3.6008794,-2.4911084,1.142318,1.7666223
769.0,-3.0023289,-14.104242,3.7445314,-1.7886134,1.1435398,2.0134118
780.0,-2.96881,-13.412318,3.5673606,-1.1911873,1.1337659,2.2907448
790.0,-2.4061728,-12.983756,3.323152,-0.7672467,1.1239921,2.4923303
801.0,-2.2122424,-12.885593,2.8179753,-0.49480084,1.1362094,2.6426032
810.0,-2.2960393,-12.914324,2.4732103,-0.21868975,1.1276573,2.7684412
818.0,-2.5905263,-12.725182,2.2936451,0.16615535,1.0726794,2.8735101
830.0,-2.9712043,-12.366052,2.0254946,0.59742624,0.9957104,3.0017917
840.0,-3.1747115,-11.980585,1.7022774,0.96883225,0.9272934,3.12763
849.0,-3.466804,-11.343728,1.4748282,1.2437216,0.86376345,3.2058208
860.0,-3.9121256,-10.752359,1.2234371,1.4196508,0.7965683,3.2717943
869.0,-4.187459,-10.45069,0.94092125,1.5613716,0.7049385,3.3573153
881.0,-4.247314,-10.295067,0.79726917,1.7654005,0.6218608,3.4257324
889.0,-4.249708,-9.694122,0.78290397,2.0378466,0.5571091,3.44528
899.0,-4.268862,-8.959103,0.842759,2.2944098,0.49968776,3.4379497
909.0,-4.24492,-8.121132,0.8834604,2.483778,0.453262,3.4159584
921.0,-4.3526587,-7.6111674,0.59136784,2.6120598,0.43127087,3.3744197
930.0,-4.5777135,-7.067683,0.5722142,2.6438248,0.3885103,3.3377676
939.0,-4.6112323,-6.706159,0.31603462,2.6035078,0.32986724,3.2925637
949.0,-4.618415,-6.3949127,0.11252748,2.5326474,0.25778514,3.2217033
960.0,-4.4699745,-6.172252,0.25378537,2.4715607,0.1441642,3.1312952
970.0,-4.156334,-5.9639564,0.36631286,2.4507914,0.015882496,3.0213394
981.0,-3.8283286,-5.470751,0.33039984,2.488665,-0.105068825,2.864958
990.0,-3.8019924,-4.6136265,0.15562311,2.5485299,-0.24801129,2.6670377
1000.0,-3.8977604,-3.679888,-0.34955344,2.5509732,-0.4166101,2.4813347
1010.0,-4.0677485,-2.60968,-0.91937345,2.475226,-0.63285637,2.3506095
1019.0,-4.1683054,-2.066196,-1.3120226,2.334727,-0.8881981,2.26631
1029.0,-4.2425256,-1.9057846,-1.697489,2.1587977,-1.1997393,2.1771238
1039.0,-4.110844,-1.9776106,-1.7812861,1.953547,-1.5406022,2.085494
1049.0,-3.7852328,-1.9129672,-1.8195933,1.7617353,-1.894904,2.0011945
1075.0,-3.4979286,-1.7669208,-1.8100165,1.613906,-2.26631,1.9168952
1075.0,-3.122039,-1.400608,-1.6831238,1.5259414,-2.6267207,1.8216002
1080.0,-2.743755,-0.9504981,-1.4437037,1.4880677,-2.9590313,1.7189748
1089.0,-2.3918076,-0.56982,-0.7350199,1.4758505,-3.2473598,1.6187929
1100.0,-1.9776106,-0.36152446,0.18435353,1.4770721,-3.4623842,1.5283848
1110.0,-1.6184803,-0.6655881,1.1180922,1.4831808,-3.6236527,1.4538593
1120.0,-1.3503298,-1.2282255,2.099715,1.4929546,-3.748269,1.382999
1128.0,-1.3120226,-1.5562311,2.9592333,1.5247196,-3.8508945,1.3023647
1138.0,-1.3575124,-1.6496049,3.8355112,1.5870279,-3.9315288,1.2180653
1148.0,-1.352724,-1.4987702,4.5034933,1.677436,-4.020715,1.1472049
1160.0,-1.2042835,-1.0319009,4.8458643,1.7629571,-4.08791,1.078788
1169.0,-1.0582372,-0.32800564,5.2480903,1.7776178,-4.1050143,1.0042624
1180.0,-0.78050977,0.2825158,5.4659624,1.6994271,-4.083023,0.93462384
1189.0,-0.59376204,0.7469909,6.169858,1.5650368,-4.0353756,0.86742866
1199.0,-0.45968673,1.1180922,7.2544312,1.3976597,-3.966959,0.81245077
1210.0,0.023942016,1.0271125,8.870518,1.1863003,-3.8606684,0.8038987
1221.0,0.59615624,0.2896984,10.25676,0.9639453,-3.7091737,0.8588765
1229.0,1.091756,-0.48123455,10.972627,0.8564331,-3.5662313,0.9126327
1238.0,1.1061212,-0.7637503,11.240777,0.8552113,-3.4831536,0.8735373
1248.0,0.9888053,-0.38307226,11.283873,0.81489426,-3.4281757,0.7452556
1258.0,0.91219085,0.62249243,10.78109,0.70005155,-3.3756413,0.61086524
1268.0,0.9576807,1.5634137,10.079589,0.28710666,-3.2925637,0.39584067
1281.0,1.1348516,2.2768857,9.437943,0.28710666,-3.2925637,0.39584067
1290.0,1.3000516,2.9520507,9.320627,0.018325957,-3.2571335,0.267559
1299.0,1.9081788,3.3518825,9.258378,-0.28344148,-3.1972687,0.17959438
1310.0,2.5929205,2.956839,9.323022,-0.59864795,-3.128852,0.16615535
1321.0,3.1435869,1.7238252,9.490616,-0.8564331,-3.0641,0.17837265
1330.0,3.8067808,0.17238252,10.359711,-0.9126327,-2.9578094,0.13072516
1341.0,3.6774938,0.023942016,9.935937,-0.84421575,-2.6816983,-0.059864793
1351.0,8.039729,6.7923503,41.89853,-2.4556782,-0.13072516,-0.8772025
1361.0,6.8210807,6.3063273,18.274942,-1.2229522,-0.37140608,-1.0177015
1370.0,6.196194,-2.966416,13.891158,-0.6731735,0.25900686,-0.61086524
1381.0,1.5514427,-10.184934,11.834539,-1.2278391,0.32498032,-0.3371976
1389.0,-1.7310078,-7.5561004,10.685322,-1.4318681,-0.008552114,-0.54244834
1402.0,-2.5234885,-3.095703,10.613496,-0.86254174,-0.2761111,-0.54244834
1410.0,-0.15322891,-1.5514427,9.150639,-0.37018433,-0.52534413,-0.04153884
1419.0,2.89459,-0.89543146,8.844181,-0.12095132,-0.5717699,0.43004912
1430.0,4.19943,-0.4141969,9.552865,0.1282817,-0.453262,0.50579643
1440.0,3.7493198,-0.260968,10.45069,0.32620203,-0.2846632,0.28588495
1450.0,2.336741,-0.49799395,10.527305,0.19792034,-0.095294975,0.07941248
1461.0,1.2042835,-0.79008657,10.120291,-0.14782938,0.0,0.05497787
1470.0,0.81402856,-1.1659763,9.691729,-0.39584067,0.014660766,0.15760323
1482.0,0.82360536,-1.3120226,9.619903,-0.42394048,0.018325957,0.24923302
1491.0,0.89782566,-1.460463,9.782708,-0.3286455,0.017104227,0.21624629
1501.0,0.79966336,-1.5466543,9.746795,-0.23823744,0.035430185,0.065973446
1511.0,0.6655881,-1.4293385,9.607931,-0.18448131,0.04153884,-0.06963864
1522.0,0.61291564,-1.1875241,9.454702,-0.13805555,0.03176499,-0.07452556
1531.0,0.6464345,-1.1971009,9.390059,-0.0720821,0.010995574,0.015882496
1540.0,0.6679823,-1.2761095,9.557653,-0.007330383,-0.012217305,0.08307768
1550.0,0.80924016,-1.5610195,9.569624,0.018325957,-0.028099801,0.06841691
1561.0,0.9576807,-1.6352397,9.701305,0.012217305,-0.029321533,0.013439035
1570.0,0.92895025,-1.6136919,9.80665,0.010995574,-0.021991149,-0.018325957
1582.0,0.89064306,-1.6041151,9.880871,0.028099801,-0.02565634,-0.010995574
1589.0,0.9744401,-1.5682021,9.866506,0.040317107,-0.014660766,0.004886922
1600.0,1.0319009,-1.5945383,9.916783,0.029321533,-0.0012217305,0.0061086523
1611.0,1.1348516,-1.6496049,9.950302,-0.012217305,0.02076942,-0.0036651916
1621.0,1.163582,-1.6280571,9.825804,-0.06963864,0.043982297,-0.014660766
1631.0,1.2018893,-1.7525556,9.703699,-0.1160644,0.06719518,-0.017104227
1642.0,1.1204864,-1.8602947,9.720459,-0.13072516,0.07941248,-0.019547688
1651.0,1.0726024,-1.9608512,9.727641,-0.11728613,0.09162979,-0.02321288
1660.0,1.1851299,-2.123657,9.710882,-0.080634214,0.09773844,-0.028099801
1670.0,1.1851299,-2.0326772,9.677363,-0.029321533,0.10873401,-0.029321533
1682.0,1.079785,-1.9057846,9.713276,0.02076942,0.111177474,-0.029321533
1690.0,1.1420342,-1.733402,9.7084875,0.04642576,0.1160644,-0.02076942
1701.0,1.0726024,-1.6687586,9.718064,0.042760566,0.12583824,-0.007330383
1711.0,1.0007763,-1.5275006,9.677363,0.03176499,0.12950343,0.0036651916
1721.0,0.81642276,-1.448492,9.725247,0.02565634,0.12950343,0.004886922
1731.0,0.78529817,-1.4652514,9.677363,0.019547688,0.12950343,0.0012217305
1740.0,0.7589619,-1.5251064,9.64145,0.019547688,0.12339478,-0.0012217305
1751.0,0.6488287,-1.5179238,9.591172,0.032986723,0.118507855,-0.002443461
1762.0,0.6607997,-1.4772224,9.545682,0.05375614,0.10873401,-0.008552114
1771.0,0.6679823,-1.472434,9.411607,0.080634214,0.1001819,-0.015882496
1781.0,0.7398083,-1.4269443,9.394848,0.10140363,0.09040806,-0.02443461
1790.0,0.7469909,-1.3838485,9.306262,0.09896017,0.08307768,-0.02687807
1800.0,0.6751649,-1.2545617,9.272743,0.07574729,0.07819075,-0.029321533
1810.0,0.6584055,-1.1228806,9.306262,0.035430185,0.07086037,-0.035430185
1821.0,0.6799533,-1.13964,9.289502,-0.007330383,0.061086524,-0.039095376
1831.0,0.6679823,-1.2689269,9.344569,-0.03176499,0.04642576,-0.037873644
1841.0,0.6536171,-1.4221559,9.3661175,-0.039095376,0.02443461,-0.039095376
1851.0,0.59855044,-1.400608,9.339781,-0.03176499,0.0,-0.04642576
1860.0,0.6464345,-1.4269443,9.378088,0.0036651916,-0.02687807,-0.043982297
1871.0,0.7374141,-1.553837,9.409213,0.056199603,-0.05497787,-0.029321533
1883.0,0.8619126,-1.5945383,9.416395,0.09285152,-0.07696902,-0.010995574
1891.0,0.94810385,-1.6400281,9.560047,0.10140363,-0.08552113,0.0
1900.0,1.0079589,-1.5945383,9.600749,0.1001819,-0.080634214,-0.002443461
1912.0,1.1133038,-1.532289,9.715671,0.09162979,-0.065973446,-0.0036651916
1921.0,1.127669,-1.6424223,9.78989,0.07086037,-0.047647487,0.0061086523
1931.0,1.0869676,-1.5682021,9.825804,0.064751714,-0.02565634,0.014660766
1943.0,1.055843,-1.6089035,9.768343,0.073303826,-0.0061086523,0.012217305
1950.0,1.0606314,-1.532289,9.751583,0.073303826,0.0061086523,0.007330383
1961.0,0.9768343,-1.4293385,9.682152,0.052534413,0.02443461,0.008552114
1971.0,1.0247183,-1.3958195,9.615114,0.017104227,0.036651913,0.014660766
1982.0,1.0103531,-1.3359646,9.588778,-0.018325957,0.052534413,0.018325957
1989.0,1.0319009,-1.5275006,9.605537,-0.034208454,0.061086524,0.013439035
2001.0,1.0103531,-1.6208745,9.622296,-0.036651913,0.0720821,0.010995574
2010.0,0.9624691,-1.6687586,9.622296,-0.036651913,0.07696902,0.013439035
2020.0,0.92176765,-1.6208745,9.763555,-0.035430185,0.0720821,0.018325957
2030.0,0.8403648,-1.4820108,9.691729,-0.03176499,0.080634214,0.015882496
2051.0,0.842759,-1.4508862,9.639056,-0.02565634,0.089186326,0.015882496
2051.0,0.81163436,-1.4053963,9.651027,-0.018325957,0.08674286,0.019547688
2060.0,0.7206547,-1.4317327,9.55047,-0.021991149,0.07574729,0.019547688
2070.0,0.7110779,-1.3335704,9.536105,-0.059864793,0.06352998,0.0012217305
2081.0,0.6967127,-1.2569559,9.512163,-0.059864793,0.06352998,0.0012217305
2089.0,0.6631939,-1.3623008,9.507375,-0.06963864,0.057421334,0.0012217305
2099.0,0.7517793,-1.3742718,9.548077,-0.0842994,0.05009095,0.007330383
2109.0,0.78290397,-1.436521,9.500193,-0.096516706,0.04642576,0.007330383
2120.0,0.78290397,-1.3790601,9.495404,-0.09162979,0.043982297,0.0061086523
2130.0,0.8283938,-1.4820108,9.516952,-0.0842994,0.043982297,0.0061086523
2140.0,0.8331822,-1.553837,9.483433,-0.07696902,0.035430185,0.004886922
2150.0,0.78769237,-1.4867992,9.397242,-0.07696902,0.029321533,-0.0012217305
2160.0,0.7565677,-1.4939818,9.44752,-0.0842994,0.02443461,0.0012217305
2170.0,0.7565677,-1.436521,9.423578,-0.087964594,0.017104227,0.0061086523
2183.0,0.79487497,-1.6591818,9.483433,-0.07086037,0.013439035,0.008552114
2190.0,0.80445176,-1.7262194,9.5385,-0.040317107,0.002443461,0.0036651916
2201.0,0.89543146,-1.6519991,9.514558,-0.014660766,-0.008552114,-0.004886922
2210.0,0.830788,-1.5897499,9.416395,-0.007330383,-0.0061086523,-0.010995574
2220.0,0.8595184,-1.4580688,9.399636,-0.015882496,-0.0061086523,-0.013439035
2232.0,0.7685388,-1.4867992,9.332599,-0.034208454,-0.007330383,-0.009773844
2243.0,0.8379706,-1.4796166,9.358934,-0.05009095,-0.010995574,-0.009773844
2250.0,0.7350199,-1.4939818,9.385271,-0.057421334,-0.017104227,-0.012217305
2261.0,0.78290397,-1.4676456,9.421184,-0.064751714,-0.02687807,-0.017104227
2272.0,0.7661445,-1.4269443,9.459491,-0.081855945,-0.02565634,-0.017104227
2284.0,0.7637503,-1.460463,9.421184,-0.10262536,-0.029321533,-0.012217305
2292.0,0.8499416,-1.4891934,9.43076,-0.11484267,-0.032986723,-0.009773844
2302.0,0.8858546,-1.5849615,9.464279,-0.10262536,-0.034208454,-0.012217305
2312.0,0.94331545,-1.6950948,9.457097,-0.0720821,-0.039095376,-0.014660766
2322.0,0.8762778,-1.7310078,9.464279,-0.047647487,-0.042760566,-0.015882496
2332.0,0.8738836,-1.7238252,9.471462,-0.032986723,-0.042760566,-0.014660766
2341.0,0.8714894,-1.7764976,9.449914,-0.012217305,-0.04642576,-0.017104227
2352.0,0.79008657,-1.7046716,9.576807,0.008552114,-0.04886922,-0.015882496
2364.0,0.80205756,-1.7860745,9.607931,0.018325957,-0.047647487,-0.009773844
2371.0,0.842759,-1.7286136,9.603143,0.015882496,-0.05009095,-0.004886922
2383.0,0.92176765,-1.7190368,9.610326,-0.0012217305,-0.04642576,-0.008552114
2392.0,0.91458505,-1.5514427,9.648633,-0.02321288,-0.037873644,-0.013439035
2402.0,0.93134445,-1.6112977,9.622296,-0.04520403,-0.02076942,-0.010995574
2411.0,0.9911995,-1.6879122,9.595961,-0.057421334,-0.015882496,-0.007330383
2422.0,0.89543146,-1.7166426,9.581595,-0.056199603,-0.004886922,-0.004886922
2432.0,0.8882488,-1.6927006,9.65821,-0.039095376,-0.002443461,-0.009773844
2442.0,0.80684596,-1.6998832,9.595961,-0.018325957,-0.008552114,-0.018325957
2452.0,0.7613561,-1.6519991,9.617508,-0.010995574,-0.0012217305,-0.02076942
2462.0,0.8595184,-1.6543933,9.636662,-0.013439035,0.004886922,-0.014660766
2472.0,0.89543146,-1.7429788,9.64145,-0.015882496,0.004886922,-0.015882496
2484.0,0.8499416,-1.7525556,9.660604,-0.02076942,0.010995574,-0.02321288
2492.0,0.82121116,-1.6567876,9.583989,-0.02565634,0.013439035,-0.030543262
2501.0,0.8762778,-1.6208745,9.502586,-0.029321533,0.009773844,-0.030543262
2511.0,0.80684596,-1.5729905,9.507375,-0.034208454,0.009773844,-0.02565634
2520.0,0.79487497,-1.5873557,9.516952,-0.039095376,0.014660766,-0.02443461
2530.0,0.8403648,-1.6879122,9.516952,-0.03176499,0.012217305,-0.028099801
2542.0,0.8882488,-1.7525556,9.437943,-0.02321288,0.007330383,-0.02687807
2550.0,0.8643068,-1.7597382,9.500193,-0.018325957,0.008552114,-0.02321288
2560.0,0.8283938,-1.6783354,9.562442,-0.007330383,0.0036651916,-0.02565634
2570.0,0.89303726,-1.6352397,9.540894,0.004886922,-0.004886922,-0.02565634
2582.0,0.8403648,-1.685518,9.540894,0.007330383,-0.012217305,-0.021991149
2590.0,0.81881696,-1.7190368,9.514558,0.004886922,-0.019547688,-0.02076942
2601.0,0.81881696,-1.7310078,9.519346,0.0012217305,-0.014660766,-0.02321288
2610.0,0.8355764,-1.6160861,9.548077,0.0,-0.015882496,-0.02321288
2620.0,0.8571242,-1.5729905,9.5385,-0.010995574,-0.013439035,-0.017104227
2630.0,0.830788,-1.6208745,9.572019,-0.02076942,-0.013439035,-0.012217305
2640.0,0.8738836,-1.7381904,9.555259,-0.017104227,-0.018325957,-0.010995574
2650.0,0.85473,-1.8579005,9.555259,-0.007330383,-0.008552114,-0.012217305
2662.0,0.81881696,-1.7597382,9.555259,0.0,-0.0061086523,-0.009773844
2670.0,0.8331822,-1.8315643,9.557653,0.0061086523,-0.015882496,-0.0061086523
2683.0,0.91458505,-1.8531121,9.497798,0.015882496,-0.010995574,-0.007330383
2692.0,0.91219085,-1.8195933,9.459491,0.02565634,-0.009773844,-0.012217305
2702.0,0.90261406,-1.7501614,9.516952,0.02443461,-0.007330383,-0.013439035
2713.0,0.8738836,-1.70946,9.490616,0.02321288,-0.0061086523,-0.010995574
2725.0,0.8690952,-1.7357962,9.528923,0.021991149,-0.007330383,-0.010995574
2733.0,0.8403648,-1.6831238,9.519346,0.015882496,-0.007330383,-0.018325957
2744.0,0.89543146,-1.7645266,9.581595,0.009773844,-0.009773844,-0.02076942
2753.0,0.8355764,-1.7357962,9.586384,0.007330383,-0.012217305,-0.017104227
2763.0,0.7685388,-1.7549498,9.56723,0.0061086523,-0.009773844,-0.013439035
2772.0,0.90979666,-1.8243817,9.572019,0.0036651916,-0.014660766,-0.014660766
2785.0,0.830788,-1.7525556,9.576807,0.0061086523,-0.017104227,-0.015882496
2792.0,0.91937345,-1.6567876,9.514558,0.009773844,-0.012217305,-0.012217305
2803.0,0.91219085,-1.6136919,9.495404,0.007330383,-0.010995574,-0.008552114
2813.0,0.8810662,-1.6041151,9.526528,-0.002443461,-0.007330383,-0.009773844
2824.0,0.92895025,-1.6783354,9.588778,-0.008552114,0.0,-0.009773844
2833.0,0.8475474,-1.7788919,9.562442,0.0036651916,-0.0036651916,-0.0061086523
2845.0,0.8834604,-1.8100165,9.543288,0.014660766,-0.007330383,-0.004886922
2853.0,0.8810662,-1.8004397,9.533711,0.015882496,-0.002443461,-0.0061086523
2864.0,0.90021986,-1.7286136,9.56723,0.013439035,-0.0012217305,-0.009773844
2873.0,0.81163436,-1.6783354,9.564836,0.021991149,0.0,-0.015882496
2884.0,0.8523358,-1.7717092,9.600749,0.021991149,0.0,-0.015882496
2893.0,0.8571242,-1.7118542,9.588778,0.018325957,-0.0036651916,-0.018325957
2905.0,0.94092125,-1.6543933,9.545682,0.015882496,0.002443461,-0.019547688
2912.0,0.9624691,-1.6711528,9.543288,0.017104227,0.010995574,-0.019547688
2921.0,0.93852705,-1.6998832,9.545682,0.018325957,0.012217305,-0.017104227
2933.0,0.89782566,-1.6950948,9.500193,0.012217305,0.012217305,-0.019547688
2943.0,0.9768343,-1.685518,9.52174,0.007330383,0.014660766,-0.02321288
2953.0,0.92176765,-1.6998832,9.512163,0.012217305,0.009773844,-0.02076942
2964.0,0.82599956,-1.6663644,9.502586,0.007330383,0.008552114,-0.02443461
2973.0,0.90979666,-1.5682021,9.560047,0.0012217305,0.009773844,-0.030543262
2985.0,0.8834604,-1.685518,9.586384,0.002443461,0.010995574,-0.02687807
2994.0,0.93852705,-1.7956513,9.61272,0.014660766,0.013439035,-0.017104227
3004.0,0.93852705,-1.8387469,9.569624,0.032986723,0.010995574,-0.014660766
