30.0,-2.5953147,0.46686932,9.176975,0.015882496,-0.034208454,-0.0012217305
30.0,-2.657564,0.36152446,9.112331,0.16737708,0.10995574,-0.087964594
30.0,-2.707842,0.30166942,9.153033,-0.056199603,-0.26511553,-0.29565877
45.0,-2.621651,0.31603462,9.105149,-0.24190263,-0.40439278,-0.3885103
66.0,-2.6072857,0.30645782,9.167398,-0.27488935,0.38606682,-0.096516706
66.0,-2.6192567,0.17238252,9.138668,-0.43004912,0.40317106,-0.14660765
74.0,-2.6503813,0.10295067,9.066842,-0.54367006,0.21868975,-0.27977628
80.0,-2.7030537,0.007182605,9.057265,-0.56199604,0.04642576,-0.39584067
90.0,-2.7150247,0.0047884034,9.021352,-0.5742133,0.032986723,-0.4361578
100.0,-2.741361,0.090979666,8.932767,-0.6035349,0.015882496,-0.45814893
111.0,-2.8179753,0.047884032,8.870518,-0.6426302,-0.0036651916,-0.47769663
120.0,-2.8802247,0.12689269,8.75799,-0.69027776,-0.021991149,-0.49846604
132.0,-2.834735,0.033518825,8.702923,-0.75747293,-0.032986723,-0.50946164
140.0,-2.8802247,-0.062249243,8.688558,-0.8332202,-0.037873644,-0.5119051
151.0,-2.837129,-0.16280572,8.801085,-0.89919364,-0.037873644,-0.5131268
160.0,-2.7844565,-0.48602295,8.858546,-0.9370673,-0.04520403,-0.52412236
173.0,-2.837129,-0.60333884,8.949526,-0.9492846,-0.056199603,-0.54367006
180.0,-2.837129,-0.9696517,9.002198,-0.94806284,-0.06841691,-0.5656612
191.0,-2.9233203,-1.1659763,9.016563,-0.9211848,-0.0842994,-0.5888741
201.0,-2.896984,-1.2449849,8.944737,-0.86254174,-0.09896017,-0.6133087
210.0,-2.9592333,-1.3742718,8.918402,-0.79901177,-0.09773844,-0.63407815
220.0,-2.96881,-1.4772224,8.767567,-0.73426,-0.09162979,-0.64873886
232.0,-3.0502129,-1.6519991,8.808268,-0.657291,-0.10262536,-0.6609562
241.0,-3.1052797,-1.7357962,8.743625,-0.5839872,-0.12217305,-0.66950834
251.0,-3.1627405,-1.685518,8.7292595,-0.5314528,-0.13561209,-0.6780604
260.0,-3.1842883,-1.7142484,8.875306,-0.49602258,-0.13316862,-0.68294734
272.0,-3.0142999,-1.7070658,8.973468,-0.4654793,-0.10995574,-0.6792821
280.0,-2.8299465,-2.018312,9.294291,-0.41416663,-0.07452556,-0.66339964
292.0,-2.5450363,-2.3750482,9.560047,-0.31887165,-0.05131268,-0.65240407
301.0,-2.3223755,-2.9257145,9.624691,-0.19914207,-0.043982297,-0.6560693
310.0,-2.2050598,-3.0693667,9.61272,-0.10262536,-0.047647487,-0.6805039
321.0,-2.1859062,-2.8107927,9.485827,-0.095294975,-0.04642576,-0.6976081
331.0,-2.3511062,-2.3415294,9.330204,-0.22357668,-0.034208454,-0.6792821
340.0,-2.384625,-1.9488802,9.016563,-0.46792278,0.0,-0.6377433
351.0,-2.3630772,-1.9057846,8.834604,-0.7464773,0.05009095,-0.59986967
360.0,-2.360683,-2.1212628,8.995016,-1.001819,0.07941248,-0.5705481
372.0,-2.3127987,-2.5258827,9.078813,-1.2241739,0.0842994,-0.5497787
380.0,-2.1978772,-2.72939,9.124303,-1.4159856,0.081855945,-0.54611355
391.0,-2.0709844,-2.6623523,8.9279785,-1.613906,0.073303826,-0.55955255
400.0,-2.0111294,-2.4756045,8.607155,-1.863139,0.065973446,-0.5742133
411.0,-2.0111294,-2.4588451,8.209718,-2.1991148,0.05375614,-0.5815437
420.0,-1.934515,-2.348712,7.943961,-2.620612,0.05497787,-0.58276546
431.0,-1.8602947,-2.5785553,7.565677,-3.0628784,0.061086524,-0.59498274
441.0,-1.7836803,-2.954445,7.261614,-3.4709363,0.04520403,-0.63041294
451.0,-1.9153614,-3.2609026,7.005434,-4.3053784,-0.042760566,-0.72082096
461.0,-1.99437,-3.41892,6.7803793,-4.3053784,-0.042760566,-0.72082096
473.0,-2.1619642,-3.6415808,6.409278,-4.746423,-0.080634214,-0.75869465
481.0,-2.1452048,-3.7493198,6.066907,-5.1984634,-0.12461651,-0.79412484
492.0,-2.111686,-3.98874,5.7005944,-5.6199603,-0.1563815,-0.8356637
501.0,-1.9249382,-4.4005427,5.568913,-6.327342,-0.16493362,-0.9663888
512.0,-1.7669208,-4.8937483,5.351041,-6.63644,-0.14294247,-1.0311406
521.0,-1.2282255,-6.0621185,4.867412,-6.9015555,-0.09162979,-1.1191051
533.0,-1.0175357,-6.4308257,4.429273,-7.1287975,-0.004886922,-1.2351695
541.0,-0.8331822,-6.88333,3.9264908,-7.320609,0.08552113,-1.3500122
552.0,-0.770933,-7.323863,3.4955344,-7.453778,0.18936823,-1.4514158
560.0,-0.49320555,-7.747637,3.028665,-7.484321,0.29565877,-1.5198327
579.0,-0.31364042,-8.396465,2.6743233,-7.4146824,0.38728857,-1.5308284
585.0,-0.050278235,-9.016563,2.1452048,-7.2363095,0.49357912,-1.486846
595.0,0.30885202,-9.349358,1.3359646,-6.944316,0.60231316,-1.4355333
604.0,0.4237737,-9.624691,0.48841715,-6.5582495,0.6963864,-1.4013249
615.0,0.4429273,-9.828198,-0.61052144,-6.1440825,0.7684685,-1.359786
624.0,0.29688102,-10.225636,-1.5155296,-5.742133,0.8014552,-1.2901474
635.0,0.08140286,-10.649409,-2.3989902,-5.318193,0.80878556,-1.1972959
644.0,0.11252748,-11.166556,-3.107674,-4.8588223,0.8026769,-1.0983357
655.0,0.31603462,-11.671733,-3.4261026,-4.3432517,0.8051204,-0.9932669
663.0,0.4405331,-12.030864,-3.6104562,-3.7519343,0.7892379,-0.89675015
674.0,0.5291186,-12.186486,-3.6056678,-3.0262265,0.73792523,-0.8136725
682.0,0.61530983,-12.23437,-3.751714,-2.13925,0.6988298,-0.7147123
694.0,0.61291564,-12.473791,-3.6990416,-1.1459832,0.6621779,-0.5644395
703.0,0.36870706,-12.91193,-3.9743748,-0.21624629,0.5839872,-0.38240165
715.0,0.12210429,-12.919112,-4.2185836,0.46303585,0.45937067,-0.25900686
722.0,0.035913024,-12.497733,-4.417302,0.8197812,0.3286455,-0.20647246
734.0,0.1412579,-11.930307,-4.548983,0.9272934,0.21624629,-0.17959438
744.0,0.25857377,-11.427525,-4.5058875,0.9334021,0.1282817,-0.14782938
754.0,0.18674773,-11.161768,-4.3885717,0.9492846,0.05497787,-0.1001819
764.0,0.05267244,-11.326968,-4.003105,1.0164797,0.0,-0.039095376
776.0,-0.074220255,-11.334151,-3.6894648,1.1508701,-0.02687807,0.037873644
783.0,-0.088585466,-11.257536,-3.3375173,1.3316863,-0.032986723,0.11728613
795.0,-0.17238252,-11.171345,-3.1555579,1.5247196,-0.034208454,0.19181168
805.0,-0.107739076,-11.042058,-2.9759927,1.7263051,-0.02565634,0.25411993
816.0,-0.1340753,-10.884041,-2.8538885,1.958434,-0.012217305,0.29565877
824.0,-0.019153614,-10.912771,-2.5833437,2.2088888,0.013439035,0.32742378
836.0,-0.031124622,-10.78109,-2.3319526,2.4630086,0.034208454,0.36163223
844.0,-0.023942016,-10.517728,-2.0757728,2.7036896,0.056199603,0.39095375
855.0,0.033518825,-10.151415,-1.7022774,2.9077187,0.081855945,0.40683624
864.0,0.08619126,-9.80665,-1.3096284,3.0518827,0.09773844,0.4129449
875.0,0.16998832,-9.61272,-1.0175357,3.1129694,0.111177474,0.42394048
883.0,0.33518824,-9.665392,-0.6679823,3.0384438,0.13194689,0.47403142
894.0,0.4309563,-9.576807,-0.48841715,2.7782152,0.16982053,0.5412266
903.0,0.47405192,-9.313444,-0.39983168,2.3188446,0.20525073,0.54611355
913.0,0.49081135,-8.932767,-0.23463176,1.7067575,0.22968534,0.49846604
924.0,0.4189853,-8.683769,-0.062249243,1.0555751,0.26511553,0.43982297
936.0,0.34715924,-8.611943,0.35194764,0.48624873,0.3115413,0.40194935
943.0,0.23223756,-8.896853,0.60812724,0.065973446,0.34330627,0.4092797
956.0,-0.007182605,-9.174581,0.8738836,-0.19058995,0.36163223,0.45570546
964.0,-0.12210429,-9.713276,0.78769237,-0.33841935,0.39461896,0.53023106
976.0,-0.17956513,-10.323798,0.62728083,-0.43249258,0.44348818,0.6096435
983.0,-0.10295067,-10.783484,0.63206923,-0.4972443,0.50579643,0.68294734
995.0,-0.14604631,-11.070788,0.6631939,-0.5852089,0.55955255,0.7965683
1003.0,-0.4213795,-11.5616,0.62728083,-0.7831292,0.6291912,0.97494096
1016.0,-0.59376204,-11.791444,0.5482722,-1.0555751,0.70738196,1.128879
1024.0,-0.60573304,-11.731588,0.45729253,-1.3353515,0.7831292,1.2388347
1035.0,-0.92655605,-11.741165,0.12928689,-1.6468927,0.86254174,1.378112
1044.0,-1.3790601,-11.899182,0.110133275,-1.9779817,0.90408057,1.5503759
1083.0,-1.9057846,-12.442666,-0.17717093,-2.2406538,0.90041536,1.736079
1083.0,-2.1332338,-13.074736,-0.6536171,-2.361605,0.8784242,1.9376645
1083.0,-2.3702598,-13.8959465,-1.4269443,-2.324953,0.8686504,2.1233675
1083.0,-2.3822308,-14.17128,-1.7142484,-2.0916026,0.8881981,2.2883012
1092.0,-2.3989902,-14.293385,-1.7597382,-1.6994271,0.91874135,2.5033257
1103.0,-2.4492683,-14.470555,-1.8004397,-1.1679744,0.9211848,2.7464502
1112.0,-2.3558946,-14.441825,-1.6232687,-0.54367006,0.9236283,2.9932396
1122.0,-2.0135236,-14.267048,-1.8531121,0.06963864,0.9224065,3.1972687
1132.0,-1.5801731,-13.711593,-2.2457612,0.593761,0.8698721,3.3829718
1142.0,-1.508347,-13.067553,-2.6479871,1.0519099,0.7965683,3.5430183
1152.0,-1.5466543,-12.806585,-2.9903579,1.5015068,0.72326446,3.6603045
1163.0,-1.42455,-12.512098,-3.1148565,1.9376645,0.64996064,3.7690387
1173.0,-1.6089035,-12.23437,-3.4284968,2.3005185,0.56688297,3.8704422
1182.0,-1.8866309,-11.645397,-3.9863458,2.5631905,0.47525316,3.9241984
1195.0,-1.9608512,-10.70687,-4.453215,2.742785,0.3885103,3.9413025
1202.0,-2.030283,-10.014946,-4.5274353,2.9297097,0.29810223,3.9315288
1213.0,-2.1452048,-9.442732,-4.2784386,3.1752775,0.22479841,3.9144244
1223.0,-2.3343468,-8.719683,-3.9360676,3.435506,0.16493362,3.903429
1233.0,-2.480393,-8.221688,-3.7588966,3.662748,0.10995574,3.8728857
1244.0,-2.7700913,-7.6494746,-3.857059,3.8276815,0.05497787,3.8240163
1256.0,-2.9161377,-7.038953,-3.6774938,3.966959,0.015882496,3.7446039
1264.0,-3.2010477,-6.447585,-3.430891,4.1538835,-0.017104227,3.6407568
1275.0,-3.4452562,-6.1195793,-2.9616275,4.390899,-0.035430185,3.554014
1284.0,-3.7301662,-5.494693,-2.4540567,4.587598,-0.062308256,3.4697146
1293.0,-3.8786068,-4.7524905,-2.0685902,4.6853366,-0.081855945,3.3878586
1305.0,-4.050989,-3.9432502,-1.8866309,4.6670103,-0.09040806,3.3194418
1315.0,-4.3718123,-3.5314474,-1.769315,4.569272,-0.09773844,3.249803
1324.0,-4.6040497,-3.4715924,-1.376666,4.4299946,-0.095294975,3.1325169
1334.0,-4.9200845,-3.0190883,-1.1540052,4.2675047,-0.11362094,2.9810224
1342.0,-5.1690817,-2.1930888,-1.2737153,4.0585885,-0.16249016,2.8722885
1354.0,-5.4683566,-1.460463,-1.0414777,3.4196236,-0.35063666,2.7122416
1364.0,-5.8107276,-1.0247183,-1.0749966,3.4196236,-0.35063666,2.7122416
1375.0,-5.875371,-0.770933,-1.2617443,3.068987,-0.48380527,2.5534167
1384.0,-6.136339,-0.39743748,-1.1947067,2.6755898,-0.6621779,2.4178047
1394.0,-6.203377,0.08140286,-1.292869,2.1697934,-0.86620694,2.3151793
1404.0,-6.227319,0.6871359,-1.4341269,1.563815,-1.1032226,2.2162192
1414.0,-6.3182983,1.0127473,-1.4580688,0.9114109,-1.3842206,2.1148155
1423.0,-6.31351,1.2258313,-1.6567876,0.27000242,-1.7238617,2.008525
1436.0,-6.435614,1.376666,-1.9440918,-0.29077184,-2.1148155,1.8802432
1444.0,-6.5864487,1.5610195,-2.2481554,-0.89919364,-2.9138272,1.5515977
1453.0,-6.3589997,1.7764976,-2.1691468,-0.95172805,-3.241251,1.359786
1464.0,-5.8634,2.44448,-1.8195933,-0.8943067,-3.4892623,1.1826351
1475.0,-4.465186,2.789245,-0.2873042,-0.71837753,-3.6664133,1.0115929
1483.0,-4.0198646,2.8179753,0.8810662,-0.4129449,-3.7885861,0.8417723
1495.0,-3.6224272,2.27928,2.360683,0.02076942,-3.8521163,0.6976081
1505.0,-3.4141316,1.1923125,3.763685,0.54367006,-3.9095376,0.60231316
1515.0,-3.4021606,-0.21308395,4.6040497,1.0567969,-3.9901717,0.5314528
1523.0,-3.596091,-0.8882488,5.106832,1.4013249,-4.089132,0.46670106
1535.0,-4.027047,-0.16998832,5.4180784,1.4245378,-4.1441097,0.45204028
1544.0,-4.2161894,1.340753,5.8322754,1.1301007,-4.1135664,0.5131268
1556.0,-3.98874,2.219425,6.1650696,0.6939429,-4.010941,0.56688297
1564.0,-3.5865142,2.135628,6.742072,0.32498032,-3.8545597,0.5681047
1576.0,-3.1435869,1.3718776,7.9224133,0.10995574,-3.7287214,0.53023106
1584.0,-2.906561,0.60812724,8.961497,0.062308256,-3.6138787,0.48502702
1593.0,-2.7485435,0.110133275,9.770737,0.14294247,-3.4794884,0.44226643
1603.0,-2.540248,-0.1340753,10.81461,0.23701571,-3.323107,0.39950588
1614.0,-2.3199813,-0.32321724,11.245565,0.22235495,-3.1422908,0.37995818
1623.0,-2.0853498,-0.15083471,11.75553,0.14782938,-2.9211576,0.39706242
1634.0,-2.1140802,-0.18435353,12.816162,0.040317107,-2.7366762,0.42271876
1645.0,-2.1212628,-0.2705448,12.794614,-0.1282817,-2.6010642,0.43371433
1655.0,-2.2457612,-0.15322891,12.457031,-0.37140608,-2.4740043,0.4288274
1664.0,-2.2864625,0.16280572,12.107478,-0.6536258,-2.3591616,0.44593164
1676.0,-2.1404164,0.29209262,11.183316,-0.9236283,-2.2821925,0.48747048
1683.0,-2.0709844,0.095768064,10.414778,-1.1264355,-2.2455406,0.50701815
1695.0,-1.8914193,-0.28491,9.878476,-1.2205088,-2.225993,0.50579643
1704.0,-1.7310078,-0.521936,9.78989,-1.1936307,-2.179567,0.5143485
1714.0,-1.6424223,-0.9504981,9.361329,-0.63163465,-1.3891076,0.535118
1723.0,-0.110133275,-3.2225955,16.55351,0.59131753,-0.88453287,0.58032197
1734.0,-3.122039,-5.971139,25.661055,0.47158796,-1.4795157,0.13561209
1743.0,-3.9576154,4.4819455,20.977995,-0.31398472,-0.8417723,-0.38240165
1753.0,-0.06943185,11.054029,14.310143,-0.84299403,-0.10629055,-0.42271876
1764.0,1.0127473,5.530606,12.322956,-0.8857546,0.08552113,-0.36285394
1775.0,-0.5410896,-2.3558946,10.3214035,-0.625526,-0.09162979,-0.44226643
1784.0,-2.9472623,-4.0414124,9.119514,-0.13194689,-0.376293,-0.50823987
1796.0,-3.6367924,-0.90740246,8.463503,0.15515977,-0.48380527,-0.46181414
1804.0,-2.2864625,1.6089035,8.53054,0.119729586,-0.37140608,-0.37873647
1815.0,-0.48841715,2.0829554,9.421184,0.029321533,-0.20647246,-0.32986724
1824.0,0.46686932,1.0510546,10.546458,-0.009773844,-0.095294975,-0.35796702
1833.0,0.18195933,-0.545878,11.520899,-0.059864793,-0.02565634,-0.4288274
1845.0,-0.40701428,-1.6807296,11.7387705,-0.103847094,0.004886922,-0.44348818
1856.0,-0.8882488,-2.1284454,11.3964,-0.08674286,0.0036651916,-0.3494149
1864.0,-1.2114661,-1.8387469,10.778696,-0.058643065,-0.009773844,-0.21135938
1875.0,-1.3838485,-1.316811,10.0987425,-0.07452556,-0.009773844,-0.12950343
1883.0,-1.5897499,-0.9888053,9.627085,-0.12217305,-0.009773844,-0.112399206
1894.0,-1.7717092,-0.91697925,9.354146,-0.12583824,-0.021991149,-0.09285152
1904.0,-1.8339585,-0.8738836,9.129091,-0.05009095,-0.04642576,-0.035430185
1914.0,-1.934515,-0.8619126,9.057265,0.057421334,-0.07696902,0.013439035
1924.0,-1.9728222,-0.7469909,9.105149,0.10995574,-0.096516706,0.02076942
1935.0,-2.123657,-0.50996494,9.14585,0.087964594,-0.09285152,0.0012217305
1943.0,-2.1787236,-0.2777274,9.464279,0.042760566,-0.081855945,-0.0036651916
1955.0,-2.243367,-0.050278235,9.543288,-0.002443461,-0.07452556,0.014660766
1965.0,-2.291251,-0.035913024,9.469068,-0.05009095,-0.056199603,0.028099801
1977.0,-2.3056161,-0.24181437,9.469068,-0.07941248,-0.040317107,0.02565634
1984.0,-2.2960393,-0.5243302,9.466674,-0.080634214,-0.029321533,0.02321288
1994.0,-2.2098482,-0.6727707,9.3661175,-0.06841691,-0.019547688,0.028099801
2003.0,-2.0231004,-0.8283938,9.284714,-0.064751714,-0.017104227,0.03176499
2014.0,-2.0278888,-1.0271125,9.3182335,-0.07819075,-0.013439035,0.02321288
2024.0,-1.9632454,-1.043872,9.3733,-0.08552113,0.002443461,0.017104227
2037.0,-1.8171991,-1.2162545,9.572019,-0.06963864,0.017104227,0.02321288
2042.0,-1.6998832,-1.412579,9.651027,-0.047647487,0.019547688,0.02687807
2055.0,-1.7405846,-1.5011644,9.662998,-0.037873644,0.021991149,0.013439035
2065.0,-1.7310078,-1.2761095,9.677363,-0.04520403,0.032986723,-0.0061086523
2104.0,-1.6998832,-0.90979666,9.595961,-0.0720821,0.05375614,-0.017104227
2104.0,-1.5921441,-0.770933,9.476251,-0.11484267,0.07941248,-0.015882496
2104.0,-1.4867992,-0.7374141,9.406818,-0.12950343,0.10262536,-0.004886922
2104.0,-1.5131354,-0.78769237,9.461885,-0.10751228,0.12339478,0.002443461
2112.0,-1.6232687,-0.90021986,9.387665,-0.081855945,0.13805555,-0.007330383
2122.0,-1.6184803,-0.9504981,9.464279,-0.06352998,0.15149458,-0.009773844
2133.0,-1.5993267,-0.9600749,9.627085,-0.057421334,0.16371189,0.02321288
2142.0,-1.520318,-1.1109096,9.710882,-0.089186326,0.15149458,0.111177474
2154.0,-1.7166426,-1.541866,9.574412,-0.20647246,0.07941248,0.20769419
2162.0,-1.8411411,-2.0470424,9.064447,-0.3555236,0.028099801,0.2321288
2173.0,-1.7405846,-2.348712,8.980651,-0.36774087,0.028099801,0.17348573
2184.0,-1.6472107,-2.0087352,9.270349,-0.19181168,0.02443461,0.12339478
2194.0,-1.6160861,-1.5035586,9.488221,0.0720821,0.0061086523,0.11362094
2204.0,-1.6879122,-0.842759,9.576807,0.28221974,0.017104227,0.12583824
2215.0,-1.7429788,-0.2873042,9.727641,0.3726278,0.02321288,0.13439035
2225.0,-1.910573,-0.0047884034,9.792285,0.33964106,0.03176499,0.10995574
2236.0,-1.9632454,-0.08619126,9.68694,0.23457226,0.056199603,0.058643065
2245.0,-1.8722657,0.033518825,9.797073,0.14905111,0.07941248,0.012217305
2255.0,-1.8746599,0.23702596,9.861717,0.06841691,0.1001819,-0.02321288
2265.0,-1.8004397,0.2777274,9.813833,0.06841691,0.1001819,-0.02321288
2278.0,-1.8291701,0.14604631,9.763555,0.010995574,0.10873401,-0.04153884
2283.0,-1.7741034,0.10295067,9.68694,-0.056199603,0.111177474,-0.062308256
2293.0,-1.733402,0.06464344,9.581595,-0.12339478,0.12095132,-0.06719518
2304.0,-1.6184803,-0.01436521,9.514558,-0.17348573,0.12583824,-0.052534413
2315.0,-1.6160861,-0.18674773,9.378088,-0.18448131,0.12583824,-0.029321533
2323.0,-1.5658079,-0.5770026,9.368511,-0.1563815,0.111177474,-0.008552114
2335.0,-1.5035586,-0.82360536,9.308656,-0.12095132,0.09407325,0.007330383
2345.0,-1.5155296,-0.9552865,9.320627,-0.06719518,0.05009095,0.035430185
2355.0,-1.5490485,-1.0654198,9.354146,-0.06352998,0.02687807,0.035430185
2365.0,-1.4556746,-1.1587936,9.306262,-0.0720821,0.018325957,0.028099801
2376.0,-1.448492,-1.0462662,9.267955,-0.0720821,0.0036651916,0.02321288
2384.0,-1.5682021,-0.9504981,9.308656,-0.07086037,-0.010995574,0.02076942
2396.0,-1.5514427,-0.8882488,9.287108,-0.07941248,-0.021991149,0.010995574
2403.0,-1.6112977,-0.7781156,9.155427,-0.09896017,-0.030543262,-0.0012217305
2414.0,-1.6424223,-0.6536171,9.186552,-0.13194689,-0.04153884,-0.012217305
2423.0,-1.7788919,-0.60333884,9.100361,-0.16249016,-0.04520403,-0.017104227
2434.0,-1.7477672,-0.59376204,9.107543,-0.18936823,-0.04520403,-0.018325957
2444.0,-1.7286136,-0.7038953,9.095572,-0.19425514,-0.043982297,-0.015882496
2453.0,-1.733402,-0.8810662,9.217676,-0.17592919,-0.040317107,-0.010995574
2463.0,-1.769315,-1.1947067,9.224859,-0.14049901,-0.040317107,0.0012217305
2474.0,-1.7070658,-1.520318,9.330204,-0.080634214,-0.04153884,0.012217305
2484.0,-1.7429788,-1.7836803,9.490616,-0.0012217305,-0.059864793,0.014660766
2496.0,-1.7286136,-1.7717092,9.562442,0.056199603,-0.06963864,0.007330383
2505.0,-1.8028339,-1.6448165,9.560047,0.073303826,-0.065973446,0.0012217305
2517.0,-1.7597382,-1.3239936,9.569624,0.056199603,-0.05375614,0.004886922
2525.0,-1.8100165,-1.127669,9.603143,0.02076942,-0.035430185,0.012217305
2533.0,-1.8291701,-0.9576807,9.574412,-0.0036651916,-0.028099801,0.0036651916
2544.0,-1.8459295,-0.878672,9.569624,-0.009773844,-0.019547688,-0.009773844
2554.0,-1.8555063,-0.830788,9.514558,-0.012217305,-0.007330383,-0.009773844
2564.0,-1.8507179,-0.830788,9.512163,-0.017104227,0.004886922,-0.007330383
2576.0,-1.8363527,-0.8331822,9.617508,-0.019547688,0.012217305,-0.012217305
2584.0,-1.8602947,-0.8283938,9.548077,-0.015882496,0.019547688,-0.017104227
2594.0,-1.8722657,-0.7182605,9.562442,-0.009773844,0.029321533,-0.013439035
2605.0,-1.9560628,-0.8643068,9.598354,-0.0061086523,0.035430185,0.0
2616.0,-1.910573,-0.8595184,9.639056,0.002443461,0.036651913,0.009773844
2627.0,-1.9512744,-0.9744401,9.627085,0.02443461,0.037873644,0.014660766
2634.0,-1.9249382,-0.9552865,9.555259,0.04642576,0.02687807,0.017104227
2644.0,-1.9273324,-0.9696517,9.483433,0.037873644,0.02565634,0.02076942
2655.0,-1.8914193,-0.94570965,9.3733,0.017104227,0.029321533,0.02687807
2665.0,-1.8459295,-0.94810385,9.392453,0.012217305,0.02076942,0.032986723
2675.0,-1.8579005,-0.9720459,9.421184,0.014660766,0.017104227,0.032986723
2684.0,-1.8531121,-1.0821792,9.40203,0.015882496,0.010995574,0.02687807
2695.0,-1.8555063,-1.0223241,9.3661175,0.010995574,0.008552114,0.019547688
2705.0,-1.7549498,-0.93852705,9.390059,0.0,0.0061086523,0.017104227
2716.0,-1.7836803,-0.89064306,9.449914,-0.013439035,0.013439035,0.018325957
2724.0,-1.8171991,-0.8595184,9.442732,-0.014660766,0.018325957,0.014660766
2734.0,-1.7381904,-0.85473,9.481039,-0.004886922,0.017104227,0.008552114
2745.0,-1.7764976,-0.90021986,9.509769,-0.0061086523,0.018325957,0.008552114
2756.0,-1.6783354,-0.9696517,9.416395,-0.012217305,0.02321288,0.008552114
2764.0,-1.7477672,-0.9768343,9.363723,-0.017104227,0.014660766,0.0036651916
2775.0,-1.721431,-0.90740246,9.299079,-0.02076942,0.012217305,-0.0036651916
2784.0,-1.7525556,-0.91697925,9.361329,-0.02443461,0.015882496,-0.004886922
2795.0,-1.7764976,-0.89543146,9.406818,-0.02443461,0.013439035,0.0
2805.0,-1.7070658,-0.9959879,9.382876,-0.019547688,0.009773844,0.002443461
2816.0,-1.7166426,-1.1444284,9.425972,-0.010995574,0.004886922,-0.004886922
2825.0,-1.7046716,-1.091756,9.459491,-0.002443461,-0.010995574,-0.013439035
2836.0,-1.7429788,-1.0773908,9.514558,-0.004886922,-0.013439035,-0.017104227
2844.0,-1.6424223,-1.0175357,9.394848,-0.014660766,-0.004886922,-0.012217305
2855.0,-1.697489,-0.9528923,9.433155,-0.02321288,-0.007330383,-0.008552114
2865.0,-1.6927006,-1.0462662,9.428367,-0.029321533,-0.007330383,-0.012217305
2877.0,-1.7190368,-1.0127473,9.394848,-0.02565634,-0.008552114,-0.018325957
2885.0,-1.7118542,-0.9816227,9.421184,-0.02321288,-0.008552114,-0.013439035
2894.0,-1.7381904,-1.0295067,9.483433,-0.02443461,-0.0061086523,-0.0036651916
2904.0,-1.7836803,-1.1324574,9.406818,-0.015882496,-0.009773844,-0.0036651916
2915.0,-1.7525556,-1.0606314,9.464279,-0.002443461,-0.018325957,-0.009773844
2925.0,-1.8291701,-0.9888053,9.524135,-0.004886922,-0.017104227,-0.007330383
2934.0,-1.8459295,-0.90979666,9.516952,-0.019547688,-0.008552114,0.002443461
2942.0,-1.7477672,-0.9816227,9.495404,-0.021991149,-0.0061086523,0.0012217305
2952.0,-1.8411411,-1.0271125,9.481039,-0.009773844,-0.007330383,-0.0061086523
2962.0,-1.8052281,-1.0486604,9.519346,0.0012217305,-0.013439035,-0.008552114
2974.0,-1.8171991,-1.0247183,9.461885,-0.004886922,-0.0036651916,-0.004886922
2982.0,-1.8124107,-1.0295067,9.428367,-0.009773844,-0.002443461,0.0
2993.0,-1.8698715,-1.0366893,9.445126,-0.013439035,-0.0012217305,0.0012217305
