30.0,0.35194764,-1.4508862,8.851364,0.015882496,-0.034208454,-0.0012217305
35.0,0.51235914,-1.1707647,8.389283,0.15515977,0.13561209,-0.057421334
49.0,0.6727707,-1.0989386,7.9631147,-0.14049901,-0.2761111,-0.3115413
62.0,0.7086837,-1.2785037,7.4387846,-0.65484756,-0.4801401,-0.50946164
74.0,0.79008657,-1.6543933,7.189788,-1.1948525,0.26145032,-0.3652974
75.0,0.91697925,-2.4875755,7.1634517,-1.9730947,0.25778514,-0.57787853
86.0,0.92655605,-3.502717,7.515399,-2.6975808,0.08552113,-0.8136725
96.0,1.043872,-4.4436383,7.7452426,-3.0042353,-0.030543262,-0.93584555
106.0,0.93373865,-4.699818,7.524976,-3.145956,0.0061086523,-1.001819
116.0,0.80924016,-4.43885,7.017405,-3.2351422,0.012217305,-1.0958922
127.0,0.79487497,-4.27365,6.7923503,-3.3255503,0.019547688,-1.1997393
135.0,0.85473,-4.8099513,6.7468605,-3.4782667,0.0720821,-1.2315043
149.0,1.0390835,-6.093243,7.0006456,-3.7152824,0.17104226,-1.1264355
156.0,1.0390835,-8.123527,7.098808,-3.962072,0.31887165,-0.9236283
166.0,0.830788,-9.548077,7.606379,-4.04515,0.43127087,-0.7476991
175.0,0.50278234,-10.156203,7.869741,-3.935194,0.46792278,-0.7611381
187.0,0.24181437,-9.940725,7.6494746,-3.8203511,0.5155703,-0.9236283
196.0,0.06464344,-9.239224,7.290344,-3.7372735,0.56688297,-1.0140363
206.0,0.01436521,-8.827422,6.921637,-3.6737435,0.6243043,-0.9260717
216.0,-0.15083471,-8.908825,6.4523735,-3.6505308,0.6817256,-0.752586
226.0,-0.06703765,-9.121908,6.10282,-3.6529741,0.7281514,-0.59498274
236.0,-0.06703765,-9.337387,5.829881,-3.6468656,0.7806858,-0.48991394
249.0,-0.095768064,-9.679757,5.5737014,-3.5210273,0.89675015,-0.40683624
256.0,-0.24660277,-9.751583,5.2169657,-3.5210273,0.89675015,-0.40683624
266.0,-0.24660277,-9.600749,4.8841715,-3.3988543,0.91751957,-0.3811799
276.0,-0.21068975,-9.43076,4.3502645,-3.2925637,0.9260717,-0.3555236
286.0,-0.29688102,-9.445126,3.8953662,-3.2290337,0.9211848,-0.31887165
296.0,-0.23463176,-9.622296,3.4213142,-3.199712,0.91751957,-0.26511553
307.0,-0.18195933,-10.16578,3.0933087,-3.1386256,0.9053023,-0.20158553
316.0,-0.1316811,-10.709264,3.0478187,-2.9578094,0.87964594,-0.14172074
326.0,0.033518825,-11.7268,3.086126,-2.1331415,0.79045963,-0.012217305
336.0,-0.0023942017,-12.145785,3.1124623,-1.568702,0.73426,0.09773844
347.0,-0.007182605,-12.540829,3.1148565,-1.0128145,0.6780604,0.21624629
356.0,-0.016759412,-12.785037,2.9520507,-0.55833083,0.6218608,0.344528
367.0,0.009576807,-13.275848,2.8514943,-0.28099802,0.5705481,0.49357912
376.0,-0.02633622,-13.702016,2.7868507,-0.20891592,0.53023106,0.66706485
386.0,-0.25617957,-13.752295,2.7581203,-0.29565877,0.52290064,0.8417723
397.0,-0.60812724,-13.716381,2.7700913,-0.41905355,0.5534439,0.9957104
406.0,-1.0103531,-13.867216,2.6264393,-0.47647488,0.59864795,1.1557571
416.0,-1.4628572,-14.269443,2.7269957,-0.40561453,0.64751714,1.328021
427.0,-1.6472107,-14.925453,2.6886885,-0.18692477,0.6805039,1.5344934
436.0,-1.6950948,-15.272613,2.669535,0.14782938,0.6963864,1.8020525
448.0,-1.7262194,-15.042769,2.731784,0.55833083,0.74036866,2.057394
457.0,-1.958457,-14.516045,2.7581203,0.893085,0.8344419,2.2968533
467.0,-2.0326772,-14.02284,2.6479871,1.0128145,0.93584555,2.5399778
476.0,-2.0087352,-14.061147,2.566584,0.91996306,1.0323622,2.792876
487.0,-1.9009962,-13.912706,2.3535004,0.75991637,1.1252137,3.0091221
496.0,-2.2720973,-13.393165,2.5713725,0.6609562,1.2205088,3.218038
507.0,-2.6264393,-12.650962,2.7988217,0.66706485,1.3304645,3.4110715
516.0,-2.7700913,-11.963826,2.801216,0.77824235,1.4025466,3.5833356
527.0,-2.705448,-11.228806,2.5187001,0.9663888,1.4514158,3.7678168
536.0,-2.9400797,-10.263943,1.934515,1.2205088,1.4795157,3.943746
549.0,-3.2489316,-8.992621,1.0749966,1.536937,1.4990633,4.0610323
556.0,-3.5290532,-7.764396,0.6655881,1.9071213,1.4941764,4.106236
567.0,-3.6343982,-7.00304,0.30406362,2.2382102,1.473407,4.169766
580.0,-3.5170822,-6.4427967,-0.10055647,2.4373524,1.4379768,4.2394047
589.0,-3.4644098,-5.650316,-0.33279404,2.5912905,1.3854424,4.233296
598.0,-3.7588966,-4.5537715,-0.46447513,2.7366762,1.3231341,4.139223
610.0,-3.9719806,-3.8666358,-0.6368576,2.8368583,1.2266175,4.0378194
619.0,-4.048595,-3.442862,-0.8834604,2.8050933,1.0983357,3.966959
631.0,-4.0916905,-2.9783869,-0.90261406,2.6438248,0.9468411,3.8521163
638.0,-4.268862,-2.9496565,-0.7086837,2.4104743,0.77579886,3.6920695
651.0,-4.390966,-3.083732,-0.5602432,2.147802,0.5839872,3.57234
660.0,-4.3406878,-3.1004913,-0.4405331,1.8912388,0.3848451,3.4513886
671.0,-4.5322237,-2.9640217,-0.50996494,1.6627752,0.17959438,3.299894
679.0,-4.733337,-2.8658595,-0.5410896,1.4563028,-0.02076942,3.1422908
691.0,-4.8578353,-2.5617957,-0.4357447,1.2388347,-0.21991149,2.9724703
699.0,-4.8578353,-2.3247697,-0.1436521,1.0103711,-0.41905355,2.792876
709.0,-4.9320555,-2.3056161,0.05746084,0.7611381,-0.6206391,2.6450465
719.0,-4.924873,-2.195483,0.1364695,0.51068336,-0.8136725,2.5033257
731.0,-4.927267,-1.8315643,0.35913026,0.30665436,-1.0152581,2.3115141
738.0,-4.867412,-1.6543933,0.2705448,0.15882497,-1.2388347,2.0928242
750.0,-4.8482585,-1.3192052,0.29688102,0.080634214,-1.4807373,1.8912388
758.0,-4.805163,-1.0199299,0.05267244,0.05497787,-1.7299703,1.6994271
768.0,-4.721366,-0.5650316,-0.12689269,0.07941248,-1.998751,1.5015068
779.0,-4.63278,-0.18674773,-0.25378537,0.1160644,-2.289523,1.2913691
790.0,-4.24492,0.01436521,-0.30166942,0.13927728,-2.6035078,1.0995574
799.0,-3.8618474,0.11492168,0.33518824,0.13072516,-2.9248228,0.956615
809.0,-3.2680852,0.045489833,1.0462662,0.10995574,-3.2290337,0.83077675
819.0,-2.5761611,-0.24899697,2.0398598,0.118507855,-3.5100317,0.70005155
829.0,-2.0685902,-0.61291564,2.8443117,0.18081611,-3.7201693,0.5693264
839.0,-1.9440918,-0.79248077,3.4739866,0.34574974,-3.8838813,0.43249258
852.0,-1.8507179,-0.7278373,3.8618474,0.55955255,-4.0414844,0.29565877
859.0,-1.8243817,-0.58657944,4.3502645,0.7367035,-4.159992,0.1966986
869.0,-1.8363527,-0.35673606,4.8099513,0.8185594,-4.2540655,0.17104226
878.0,-1.7525556,0.02873042,5.3821654,0.8332202,-4.3322563,0.17348573
890.0,-1.4939818,0.15083471,6.5361705,0.8246681,-4.414112,0.15393804
901.0,-1.3431472,0.19153613,6.955156,0.8063421,-4.4703116,0.14538592
911.0,-1.0510546,0.23942018,8.604761,0.7489208,-4.5277333,0.17715092
919.0,-0.770933,0.08619126,9.603143,0.64751714,-4.505742,0.21746802
930.0,-0.62967503,-0.17238252,9.672575,0.54000485,-4.4312167,0.26633725
939.0,-0.51954174,-0.5626374,9.988609,0.3005457,-4.379904,0.33475417
950.0,-0.14604631,-1.0773908,10.460267,-0.07574729,-4.2858305,0.4166101
959.0,0.40940848,-1.4772224,10.488997,-0.39950588,-4.148997,0.4813618
971.0,0.9552865,-1.7286136,10.560823,-0.5338962,-4.0549235,0.49846604
980.0,1.5801731,-2.0374656,10.951078,-0.5497787,-3.9596286,0.48624873
989.0,2.3989902,-2.597709,11.444284,-0.50823987,-3.7971385,0.49480084
1000.0,4.3167458,-3.0693667,38.41257,-0.2773328,-3.137404,0.5375614
1010.0,1.1707647,3.8115692,27.720068,-0.26633725,-1.8729129,0.41172317
1020.0,1.0821792,10.790668,21.102493,-1.3793337,-1.613906,0.19792034
1031.0,1.8626889,3.5984852,17.999609,-2.4874432,-1.3182472,-0.4288274
1060.0,0.91458505,-8.686164,14.635755,-2.0476203,-0.3371976,-0.74281216
1060.0,-2.6264393,-14.094666,12.878411,-1.7629571,0.16249016,-0.24923302
1060.0,-4.156334,-9.050082,11.046846,-1.6713274,0.1282817,0.33108896
1069.0,-3.514688,-4.618415,8.602366,-0.7452556,-0.3494149,0.1001819
1079.0,-1.4796166,-1.958457,7.726089,0.24678956,-0.7049385,-0.30543262
1090.0,0.18674773,-1.0941502,7.608773,0.32498032,-0.8038987,-0.2284636
1099.0,0.6919243,-2.3415294,8.542512,-0.1441642,-0.61575216,0.2687807
1109.0,0.15083471,-3.9360676,9.524135,-0.41416663,-0.3726278,0.72204274
1118.0,-0.47884035,-4.027047,9.878476,-0.12217305,-0.30665436,0.7281514
1129.0,-0.7685388,-2.6551697,9.722853,0.39706242,-0.36041048,0.38362336
1139.0,-0.79487497,-0.9864111,9.3182335,0.6267477,-0.4092797,0.06963864
1152.0,-0.8714894,0.06943185,9.198523,0.08307768,-0.2773328,0.10995574
1159.0,-1.0821792,0.059855044,9.229648,0.08307768,-0.2773328,0.10995574
1168.0,-1.2808979,-1.3694834,9.763555,-0.4886922,-0.095294975,0.09896017
1180.0,-1.0989386,-1.8195933,9.809045,-0.5326745,-0.06719518,-0.042760566
1189.0,-0.7685388,-2.195483,9.995792,-0.43982297,-0.047647487,-0.13316862
1200.0,-0.59615624,-2.5067291,10.022128,-0.2602286,-0.036651913,-0.13194689
1211.0,-0.47644615,-2.7485435,9.9790325,-0.043982297,-0.02443461,-0.105068825
1221.0,-0.46208093,-2.6886885,9.821015,0.12705997,-0.013439035,-0.10751228
1229.0,-0.5770026,-2.4396915,9.624691,0.1881465,-0.004886922,-0.13561209
1240.0,-0.6727707,-2.1906946,9.500193,0.1600467,0.014660766,-0.1563815
1252.0,-0.6991069,-2.1859062,9.397242,0.10262536,0.02443461,-0.15149458
1260.0,-0.6991069,-2.0901382,9.425972,0.02076942,0.029321533,-0.12095132
1270.0,-0.62967503,-2.1428106,9.509769,-0.058643065,0.032986723,-0.08552113
1279.0,-0.46926352,-2.267309,9.569624,-0.1001819,0.032986723,-0.06352998
1290.0,-0.46447513,-2.336741,9.555259,-0.105068825,0.02687807,-0.052534413
1300.0,-0.44532153,-2.6168625,9.64145,-0.08674286,0.017104227,-0.037873644
1309.0,-0.36391866,-2.7365725,9.785102,-0.059864793,0.014660766,-0.017104227
1320.0,-0.41180268,-2.791639,9.859323,-0.017104227,0.007330383,-0.0012217305
1333.0,-0.2873042,-2.741361,9.797073,0.043982297,-0.0036651916,0.004886922
1341.0,-0.2705448,-2.5785553,9.619903,0.10262536,-0.014660766,0.0061086523
1351.0,-0.2753332,-2.3702598,9.445126,0.12217305,-0.008552114,0.0061086523
1361.0,-0.2873042,-2.2170308,9.306262,0.10995574,-0.0036651916,0.008552114
1370.0,-0.3184288,-2.2768857,9.301474,0.07574729,0.0036651916,0.013439035
1380.0,-0.38307226,-2.3822308,9.258378,0.04153884,0.013439035,0.017104227
1390.0,-0.37349546,-2.3750482,9.141062,0.035430185,0.008552114,0.014660766
1400.0,-0.46686932,-2.2457612,9.100361,0.056199603,-0.002443461,0.010995574
1410.0,-0.48602295,-2.018312,9.169792,0.07696902,-0.012217305,0.008552114
1420.0,-0.48602295,-1.9752164,9.107543,0.07086037,-0.02321288,0.0061086523
1430.0,-0.59136784,-1.9871874,9.289502,0.037873644,-0.021991149,0.007330383
1440.0,-0.49320555,-2.135628,9.483433,-0.002443461,-0.013439035,0.007330383
1453.0,-0.5650316,-2.3127987,9.502586,-0.028099801,-0.007330383,-0.0012217305
1459.0,-0.5722142,-2.4181437,9.5385,-0.02687807,-0.010995574,-0.012217305
1471.0,-0.5554548,-2.3942018,9.569624,-0.004886922,-0.017104227,-0.02687807
1481.0,-0.521936,-2.3056161,9.414001,0.030543262,-0.021991149,-0.040317107
1491.0,-0.45250413,-2.219425,9.232041,0.04520403,-0.02443461,-0.04642576
1501.0,-0.4357447,-2.2002714,9.160215,0.021991149,-0.028099801,-0.05375614
1510.0,-0.47884035,-2.1499932,9.028535,-0.02687807,-0.02687807,-0.065973446
1520.0,-0.46447513,-2.1523874,8.978256,-0.0720821,-0.030543262,-0.07819075
1531.0,-0.45729253,-2.0709844,9.021352,-0.1001819,-0.04153884,-0.087964594
1539.0,-0.45729253,-2.1763294,9.181764,-0.11484267,-0.04886922,-0.095294975
1550.0,-0.45010993,-2.3750482,9.244013,-0.11484267,-0.04886922,-0.09407325
1560.0,-0.4141969,-2.6001031,9.3421755,-0.095294975,-0.047647487,-0.0842994
1572.0,-0.4429273,-2.6048915,9.406818,-0.057421334,-0.05375614,-0.073303826
1579.0,-0.36152446,-2.6312277,9.433155,-0.015882496,-0.0720821,-0.06841691
1590.0,-0.35194764,-2.6168625,9.425972,0.021991149,-0.07452556,-0.07086037
1600.0,-0.36152446,-2.5306711,9.325416,0.057421334,-0.07819075,-0.06841691
1609.0,-0.4309563,-2.4037786,9.330204,0.06841691,-0.08307768,-0.061086524
1618.0,-0.44771573,-2.4301147,9.308656,0.059864793,-0.08307768,-0.05375614
1628.0,-0.44771573,-2.3774424,9.289502,0.040317107,-0.07452556,-0.04886922
1638.0,-0.51475334,-2.315193,9.272743,0.02321288,-0.081855945,-0.047647487
1649.0,-0.49081135,-2.3582888,9.346964,0.015882496,-0.08552113,-0.04886922
1657.0,-0.39983168,-2.4372973,9.267955,0.02076942,-0.08307768,-0.04520403
1669.0,-0.32800564,-2.480393,9.3661175,0.032986723,-0.087964594,-0.035430185
1679.0,-0.38307226,-2.480393,9.378088,0.036651913,-0.08674286,-0.02687807
1689.0,-0.39743748,-2.480393,9.442732,0.029321533,-0.07819075,-0.02076942
1698.0,-0.44532153,-2.3678656,9.437943,0.017104227,-0.07452556,-0.019547688
1708.0,-0.4213795,-2.336741,9.543288,0.0,-0.06719518,-0.021991149
1717.0,-0.33518824,-2.3822308,9.495404,-0.019547688,-0.059864793,-0.019547688
1727.0,-0.37110126,-2.4732103,9.471462,-0.029321533,-0.062308256,-0.014660766
1738.0,-0.37588966,-2.4516625,9.49301,-0.035430185,-0.04642576,-0.014660766
1751.0,-0.36631286,-2.4756045,9.56723,-0.036651913,-0.034208454,-0.018325957
1758.0,-0.39504328,-2.5450363,9.557653,-0.02565634,-0.032986723,-0.015882496
1768.0,-0.32321724,-2.5091233,9.459491,0.0036651916,-0.043982297,-0.010995574
1779.0,-0.38067806,-2.2888567,9.466674,0.021991149,-0.04520403,-0.017104227
1789.0,-0.37588966,-2.1978772,9.569624,0.013439035,-0.030543262,-0.02443461
1799.0,-0.40462008,-2.2266076,9.572019,-0.010995574,-0.007330383,-0.02321288
1811.0,-0.4189853,-2.3056161,9.507375,-0.028099801,0.0012217305,-0.014660766
1820.0,-0.39504328,-2.3104045,9.49301,-0.037873644,0.014660766,-0.010995574
1830.0,-0.45729253,-2.3678656,9.442732,-0.040317107,0.019547688,-0.017104227
1839.0,-0.46686932,-2.3319526,9.409213,-0.039095376,0.021991149,-0.02321288
1852.0,-0.39983168,-2.336741,9.411607,-0.035430185,0.02076942,-0.02321288
1861.0,-0.39264908,-2.327164,9.387665,-0.02687807,0.013439035,-0.02443461
1872.0,-0.41180268,-2.408567,9.390059,-0.009773844,0.015882496,-0.02443461
1880.0,-0.4405331,-2.3127987,9.370906,0.007330383,0.010995574,-0.02443461
1889.0,-0.38307226,-2.2050598,9.394848,0.012217305,0.0012217305,-0.02443461
1901.0,-0.38307226,-2.2744915,9.387665,0.018325957,-0.0061086523,-0.02565634
1910.0,-0.33758244,-2.336741,9.392453,0.017104227,-0.0012217305,-0.02443461
1920.0,-0.32321724,-2.315193,9.380483,0.002443461,-0.004886922,-0.02076942
1932.0,-0.32321724,-2.3702598,9.334992,-0.018325957,-0.002443461,-0.015882496
1942.0,-0.34955344,-2.327164,9.361329,-0.030543262,0.0,-0.018325957
1952.0,-0.33997664,-2.315193,9.313444,-0.040317107,-0.0012217305,-0.018325957
1961.0,-0.37588966,-2.4301147,9.287108,-0.040317107,-0.0012217305,-0.018325957
1971.0,-0.36870706,-2.4396915,9.320627,-0.032986723,-0.002443461,-0.015882496
1981.0,-0.320823,-2.4349031,9.339781,-0.02443461,-0.013439035,-0.013439035
1992.0,-0.24899697,-2.3463178,9.392453,-0.02076942,-0.019547688,-0.014660766
2001.0,-0.2825158,-2.3989902,9.416395,-0.008552114,-0.029321533,-0.012217305
2011.0,-0.33039984,-2.396596,9.351752,-0.017104227,-0.029321533,-0.013439035
2021.0,-0.2705448,-2.5234885,9.313444,-0.028099801,-0.02565634,-0.012217305
2032.0,-0.260968,-2.4779987,9.289502,-0.03176499,-0.02687807,-0.0061086523
2040.0,-0.29927522,-2.566584,9.23683,-0.036651913,-0.028099801,-0.0012217305
2070.0,-0.28491,-2.4396915,9.294291,-0.039095376,-0.030543262,-0.0036651916
2070.0,-0.35913026,-2.5905263,9.234436,-0.04153884,-0.035430185,-0.0061086523
2071.0,-0.34715924,-2.5905263,9.392453,-0.04153884,-0.039095376,-0.0012217305
2081.0,-0.31124622,-2.5737667,9.423578,-0.03176499,-0.043982297,0.008552114
2091.0,-0.2896984,-2.6264393,9.344569,-0.017104227,-0.052534413,0.012217305
2101.0,-0.29209262,-2.516306,9.385271,-0.0036651916,-0.058643065,0.014660766
2111.0,-0.21787235,-2.5833437,9.349358,0.004886922,-0.057421334,0.018325957
2120.0,-0.21787235,-2.528277,9.306262,0.010995574,-0.059864793,0.02443461
2131.0,-0.23942018,-2.4540567,9.3182335,0.015882496,-0.059864793,0.030543262
2140.0,-0.29209262,-2.4468741,9.239224,0.013439035,-0.061086524,0.030543262
2151.0,-0.2633622,-2.3439236,9.136273,-0.002443461,-0.059864793,0.02565634
2159.0,-0.2657564,-2.2864625,9.220071,-0.02321288,-0.061086524,0.02443461
2171.0,-0.25139117,-2.3822308,9.263166,-0.04153884,-0.059864793,0.02565634
2180.0,-0.24660277,-2.3918076,9.346964,-0.05131268,-0.058643065,0.02687807
2189.0,-0.23702596,-2.5330653,9.445126,-0.04642576,-0.058643065,0.029321533
2200.0,-0.25378537,-2.4851813,9.3733,-0.02443461,-0.062308256,0.029321533
2209.0,-0.23223756,-2.492364,9.471462,-0.0061086523,-0.06352998,0.028099801
2219.0,-0.18435353,-2.4851813,9.476251,-0.002443461,-0.06719518,0.028099801
2230.0,-0.22026655,-2.5187001,9.404425,-0.013439035,-0.061086524,0.029321533
2240.0,-0.12928689,-2.5689783,9.457097,-0.021991149,-0.057421334,0.030543262
2252.0,-0.17477672,-2.5115175,9.41879,-0.02321288,-0.05009095,0.03176499
2262.0,-0.23223756,-2.5450363,9.457097,-0.015882496,-0.04642576,0.034208454
2270.0,-0.22505496,-2.540248,9.433155,-0.008552114,-0.047647487,0.034208454
2280.0,-0.19153613,-2.4061728,9.375694,-0.0061086523,-0.059864793,0.03176499
2292.0,-0.16998832,-2.456451,9.378088,-0.017104227,-0.05131268,0.028099801
2302.0,-0.21308395,-2.4779987,9.385271,-0.019547688,-0.04642576,0.030543262
2311.0,-0.15322891,-2.5570073,9.380483,-0.009773844,-0.058643065,0.034208454
2322.0,-0.095768064,-2.4971523,9.461885,-0.018325957,-0.05009095,0.03176499
2331.0,-0.1388637,-2.5091233,9.457097,-0.017104227,-0.043982297,0.02687807
2340.0,-0.1340753,-2.528277,9.368511,-0.004886922,-0.042760566,0.02321288
2355.0,-0.07182605,-2.5019407,9.385271,0.0036651916,-0.047647487,0.02076942
2360.0,-0.15322891,-2.4636335,9.368511,-0.002443461,-0.039095376,0.017104227
2371.0,-0.107739076,-2.420538,9.354146,-0.010995574,-0.03176499,0.010995574
2382.0,-0.110133275,-2.468422,9.358934,-0.019547688,-0.030543262,0.009773844
2393.0,-0.107739076,-2.4851813,9.323022,-0.02565634,-0.029321533,0.009773844
2403.0,-0.095768064,-2.5354595,9.291897,-0.02687807,-0.030543262,0.0061086523
2414.0,-0.14604631,-2.4732103,9.277532,-0.03176499,-0.030543262,-0.0012217305
2423.0,-0.095768064,-2.5234885,9.390059,-0.029321533,-0.035430185,-0.0061086523
2431.0,-0.093373865,-2.5929205,9.323022,-0.018325957,-0.032986723,-0.0061086523
2441.0,-0.08619126,-2.5737667,9.308656,-0.002443461,-0.037873644,-0.0036651916
2452.0,-0.09816227,-2.4995465,9.346964,0.002443461,-0.04153884,-0.0061086523
2460.0,-0.093373865,-2.456451,9.301474,-0.0012217305,-0.037873644,-0.014660766
2471.0,-0.08619126,-2.4516625,9.344569,-0.004886922,-0.04153884,-0.02076942
2480.0,-0.045489833,-2.542642,9.392453,-0.007330383,-0.04642576,-0.018325957
2490.0,-0.038307227,-2.540248,9.425972,-0.013439035,-0.035430185,-0.015882496
2499.0,-0.06703765,-2.5713725,9.380483,-0.015882496,-0.03176499,-0.017104227
2511.0,-0.05267244,-2.5210943,9.387665,-0.018325957,-0.02321288,-0.021991149
2521.0,-0.035913024,-2.5210943,9.339781,-0.02076942,-0.029321533,-0.02687807
2532.0,0.0,-2.5617957,9.363723,-0.02565634,-0.030543262,-0.028099801
2542.0,-0.016759412,-2.5498247,9.358934,-0.02687807,-0.02443461,-0.02687807
2553.0,-0.02873042,-2.6144683,9.411607,-0.02076942,-0.028099801,-0.02687807
2563.0,-0.062249243,-2.5929205,9.368511,-0.010995574,-0.029321533,-0.028099801
2573.0,0.009576807,-2.5737667,9.380483,-0.004886922,-0.028099801,-0.028099801
2582.0,-0.0023942017,-2.6192567,9.41879,-0.010995574,-0.02076942,-0.028099801
2593.0,-0.055066638,-2.693477,9.368511,-0.013439035,-0.017104227,-0.02076942
2602.0,0.016759412,-2.7006595,9.442732,-0.0036651916,-0.013439035,-0.015882496
2613.0,-0.090979666,-2.6288335,9.323022,0.010995574,-0.013439035,-0.02076942
2623.0,-0.11252748,-2.4732103,9.222465,0.017104227,-0.012217305,-0.02443461
2632.0,-0.1388637,-2.4229321,9.291897,0.008552114,-0.007330383,-0.02321288
2642.0,-0.10295067,-2.4516625,9.251195,-0.0012217305,-0.004886922,-0.019547688
2655.0,-0.10055647,-2.4732103,9.234436,-0.007330383,-0.008552114,-0.02076942
2660.0,-0.17717093,-2.5617957,9.313444,-0.0061086523,-0.009773844,-0.02443461
2676.0,-0.12210429,-2.633622,9.363723,-0.0061086523,-0.007330383,-0.02443461
2681.0,-0.04309563,-2.5689783,9.40203,-0.0061086523,-0.018325957,-0.02443461
2692.0,-0.11492168,-2.5761611,9.41879,-0.012217305,-0.015882496,-0.029321533
2701.0,-0.021547815,-2.597709,9.473856,-0.0061086523,-0.017104227,-0.030543262
2712.0,-0.05746084,-2.7269957,9.437943,0.004886922,-0.02321288,-0.02565634
2723.0,0.0047884034,-2.5833437,9.375694,0.010995574,-0.02443461,-0.021991149
2733.0,0.009576807,-2.516306,9.349358,0.017104227,-0.02321288,-0.02321288
2743.0,-0.02633622,-2.4827871,9.32781,0.015882496,-0.02076942,-0.02321288
2755.0,0.06464344,-2.5210943,9.330204,0.0061086523,-0.014660766,-0.021991149
2763.0,-0.007182605,-2.5378537,9.404425,-0.0036651916,-0.008552114,-0.021991149
2774.0,-0.035913024,-2.5210943,9.323022,-0.007330383,-0.0061086523,-0.02321288
2781.0,-0.031124622,-2.4971523,9.344569,-0.0061086523,-0.002443461,-0.02565634
2791.0,-0.021547815,-2.5713725,9.337387,0.0012217305,-0.0036651916,-0.028099801
2801.0,-0.04070143,-2.5785553,9.380483,0.0036651916,-0.004886922,-0.030543262
2812.0,-0.047884032,-2.4612393,9.370906,0.0012217305,-0.009773844,-0.03176499
2823.0,-0.059855044,-2.5498247,9.380483,-0.002443461,-0.012217305,-0.032986723
2833.0,-0.019153614,-2.5953147,9.385271,-0.0012217305,-0.010995574,-0.030543262
2842.0,0.033518825,-2.5953147,9.31105,0.009773844,-0.010995574,-0.02443461
2852.0,0.019153614,-2.5139117,9.387665,0.02687807,-0.010995574,-0.02565634
2861.0,-0.04309563,-2.4851813,9.390059,0.02687807,-0.010995574,-0.02565634
2871.0,-0.021547815,-2.5091233,9.3182335,0.012217305,-0.0036651916,-0.02076942
2883.0,-0.050278235,-2.5785553,9.294291,0.007330383,-0.002443461,-0.021991149
2892.0,0.0047884034,-2.6479871,9.267955,0.004886922,0.0,-0.02321288
2902.0,-0.009576807,-2.5737667,9.248801,0.007330383,0.0012217305,-0.02565634
2912.0,-0.04070143,-2.6599581,9.232041,0.010995574,-0.0061086523,-0.029321533
2923.0,-0.023942016,-2.5785553,9.303867,0.014660766,-0.010995574,-0.029321533
2932.0,-0.038307227,-2.6144683,9.32781,0.015882496,-0.014660766,-0.029321533
2943.0,-0.047884032,-2.6551697,9.323022,0.013439035,-0.018325957,-0.03176499
2955.0,0.02873042,-2.5761611,9.320627,0.008552114,-0.015882496,-0.032986723
2961.0,-0.04070143,-2.5617957,9.375694,0.013439035,-0.015882496,-0.032986723
2972.0,-0.011971008,-2.5450363,9.258378,0.017104227,-0.018325957,-0.034208454
2980.0,0.007182605,-2.554613,9.291897,0.009773844,-0.018325957,-0.032986723
2992.0,-0.007182605,-2.6120741,9.363723,0.0036651916,-0.013439035,-0.032986723
3002.0,0.0,-2.504335,9.337387,0.002443461,-0.012217305,-0.032986723
3013.0,0.007182605,-2.5115175,9.351752,-0.002443461,-0.010995574,-0.03176499
