27.0,0.11971009,-2.657564,9.543288,0.010995574,-0.06719518,-0.09896017
44.0,0.11971009,-2.657564,9.543288,0.010995574,-0.06719518,-0.09896017
45.0,0.009576807,-2.5498247,9.481039,0.17959438,0.10751228,-0.059864793
57.0,0.1364695,-2.2936451,9.392453,0.019547688,-0.3115413,-0.31031954
66.0,0.18674773,-2.3822308,9.421184,-0.10140363,-0.43493605,-0.33353242
72.0,0.12928689,-2.5450363,9.339781,-0.052534413,0.34208453,0.021991149
83.0,0.016759412,-2.7341783,9.308656,-0.14172074,0.35185838,0.030543262
92.0,-0.04070143,-2.7724855,9.270349,-0.18081611,0.15882497,-0.056199603
103.0,-0.11492168,-2.767697,9.255983,-0.14660765,-0.019547688,-0.13316862
112.0,-0.11971009,-2.753332,9.28232,-0.1001819,-0.015882496,-0.12583824
123.0,-0.06703765,-2.6910827,9.23683,-0.06352998,-0.014660766,-0.11362094
132.0,-0.062249243,-2.6264393,9.25359,-0.034208454,-0.012217305,-0.105068825
144.0,-0.08619126,-2.5210943,9.23683,-0.018325957,-0.012217305,-0.09773844
152.0,-0.1340753,-2.5115175,9.313444,-0.017104227,-0.012217305,-0.08674286
163.0,-0.19393034,-2.420538,9.234436,-0.030543262,-0.019547688,-0.080634214
172.0,-0.093373865,-2.3319526,9.296685,-0.05375614,-0.02565634,-0.08307768
182.0,-0.11971009,-2.3463178,9.346964,-0.08307768,-0.030543262,-0.09040806
193.0,-0.07182605,-2.3750482,9.3661175,-0.112399206,-0.029321533,-0.09285152
205.0,-0.02633622,-2.3989902,9.382876,-0.1441642,-0.021991149,-0.10995574
212.0,-0.011971008,-2.3870192,9.356541,-0.1441642,-0.021991149,-0.10995574
223.0,-0.04070143,-2.3558946,9.315839,-0.14905111,-0.015882496,-0.12950343
232.0,0.031124622,-2.3918076,9.313444,-0.15760323,-0.007330383,-0.14782938
243.0,0.038307227,-2.2936451,9.289502,-0.1685988,0.002443461,-0.16371189
252.0,0.06464344,-2.2816741,9.248801,-0.17959438,0.0061086523,-0.18448131
264.0,0.107739076,-2.054225,8.99741,-0.22968534,0.008552114,-0.23945917
275.0,0.19153613,-1.9369092,8.971074,-0.29077184,0.004886922,-0.2602286
282.0,0.2825158,-2.0231004,8.959103,-0.3933972,0.008552114,-0.27488935
293.0,0.272939,-2.1452048,8.913613,-0.52778757,0.02076942,-0.28710666
303.0,0.25857377,-2.2768857,8.860941,-0.66339964,0.030543262,-0.30665436
312.0,0.24181437,-2.3750482,8.6813755,-0.784351,0.032986723,-0.33841935
324.0,0.1316811,-2.3630772,8.401254,-0.87964594,0.02321288,-0.37995818
333.0,0.07182605,-2.1883004,8.080431,-0.9651671,-0.007330383,-0.4202753
343.0,0.011971008,-1.9273324,7.5968018,-1.0848967,-0.05131268,-0.45448375
352.0,-0.038307227,-1.5466543,6.8761473,-1.3096951,-0.118507855,-0.48380527
363.0,0.23942018,-1.5729905,6.5936313,-1.677436,-0.19914207,-0.50946164
372.0,0.7302315,-2.5833437,6.9767036,-2.0952678,-0.21624629,-0.5180137
384.0,1.2665327,-4.297592,7.644686,-2.4801128,-0.15271631,-0.49846604
392.0,1.460463,-5.671864,8.240842,-2.8209758,-0.07941248,-0.45814893
404.0,1.4796166,-6.555324,8.7532015,-3.0641,0.0036651916,-0.42760566
413.0,1.4772224,-6.811504,9.196129,-3.1068606,0.08674286,-0.48380527
423.0,1.0773908,-6.2967505,8.499416,-2.9248228,0.15149458,-0.6389651
433.0,0.62728083,-5.6000376,8.224083,-2.6511552,0.13439035,-0.7892379
444.0,0.4213795,-5.2624555,8.121132,-2.4361305,0.15027285,-0.8588765
453.0,0.38307226,-5.767632,7.8793178,-2.3383923,0.22724187,-0.81122905
463.0,0.36870706,-6.5984197,8.219295,-2.2687535,0.2761111,-0.69027776
473.0,0.36870706,-7.1490865,8.190564,-2.0977113,0.30176744,-0.593761
483.0,0.37349546,-7.2592196,8.1402855,-1.8509218,0.3200934,-0.5693264
493.0,0.22744916,-7.0940194,8.030152,-1.5699236,0.31031954,-0.59620446
505.0,0.045489833,-6.6630635,7.807492,-1.3158038,0.28221974,-0.61941737
513.0,-0.031124622,-6.4308257,7.479486,-1.1484267,0.25778514,-0.6096435
523.0,-0.10534488,-6.555324,7.393295,-1.0543534,0.22968534,-0.56199604
533.0,-0.019153614,-6.9240313,7.457938,-0.9957104,0.21135938,-0.47036624
543.0,0.074220255,-7.309498,7.5920134,-0.9419542,0.19792034,-0.36041048
553.0,0.17956513,-7.6949644,7.714118,-0.8723156,0.18692477,-0.2919936
564.0,0.19632454,-7.6829934,7.627927,-0.79534656,0.17592919,-0.2724459
573.0,0.20350714,-7.493851,7.4268136,-0.7318166,0.16371189,-0.27122417
583.0,0.20350714,-7.371747,7.204153,-0.7134906,0.15393804,-0.25534168
593.0,0.17238252,-7.3885064,7.007828,-0.7464773,0.14905111,-0.22357668
604.0,0.24420857,-7.5082164,7.1059904,-0.8173377,0.15393804,-0.17104226
613.0,0.320823,-7.7069354,7.1706343,-0.89552844,0.16493362,-0.10629055
624.0,0.21068975,-7.9343843,7.2065473,-0.95417154,0.18081611,-0.05375614
633.0,0.272939,-7.955932,7.129933,-0.9957104,0.19547687,-0.028099801
643.0,0.22744916,-7.797915,6.9719152,-1.0384709,0.20769419,-0.021991149
653.0,0.23702596,-7.5968018,6.9120603,-1.0910053,0.22113322,-0.021991149
663.0,0.17717093,-7.536947,6.8402343,-1.1557571,0.2284636,-0.013439035
673.0,0.22744916,-7.7308774,6.9144545,-1.2461652,0.23090707,0.02076942
684.0,0.22984336,-8.010999,6.967127,-1.3646729,0.24190263,0.06719518
693.0,0.25139117,-8.279149,7.1395097,-1.4611896,0.2724459,0.08307768
704.0,0.23223756,-8.583213,7.2328835,-1.4966198,0.30543262,0.0842994
713.0,0.20350714,-8.839393,7.3071036,-1.4966198,0.35063666,0.11728613
727.0,0.22744916,-9.090784,7.5848308,-1.5112807,0.41538838,0.18203785
737.0,0.11252748,-9.564836,7.539341,-1.5491543,0.48747048,0.24678956
747.0,-0.05267244,-10.139444,7.465121,-1.6041322,0.5742133,0.32498032
755.0,-0.23942018,-10.520123,7.541735,-1.6835446,0.6939429,0.42638394
767.0,-0.5386954,-10.986992,7.548918,-1.7898352,0.84299403,0.52290064
776.0,-0.59136784,-11.365275,7.6614456,-1.8961257,0.9969321,0.6084218
786.0,-0.7469909,-11.96622,7.4124484,-1.9999728,1.110553,0.73792523
797.0,-0.91937345,-12.29662,7.0724716,-2.140472,1.2315043,0.91996306
807.0,-1.091756,-12.5504055,6.7085533,-2.2883012,1.3683381,1.0897835
815.0,-1.4652514,-12.957419,6.5241995,-2.3591616,1.5137241,1.2632693
825.0,-1.7310078,-13.438654,6.351817,-2.2821925,1.6615535,1.4721853
836.0,-1.9081788,-13.378799,6.021417,-2.053729,1.7763962,1.7104226
846.0,-2.0278888,-13.034034,5.5521536,-1.7385225,1.8643607,1.9352211
857.0,-2.0949266,-12.548011,4.9081135,-1.4245378,1.921782,2.1465805
867.0,-2.1883004,-12.152967,4.211401,-1.1215485,1.9388863,2.3273966
877.0,-2.171541,-11.920731,3.6487634,-0.83199847,1.9364429,2.4984388
886.0,-2.2529438,-11.844116,3.2441432,-0.51923543,1.921782,2.6670377
897.0,-2.3319526,-11.712435,2.789245,-0.20891592,1.8668042,2.8185322
907.0,-2.4995465,-11.288661,2.2409728,0.039095376,1.8032742,2.9626966
917.0,-2.861071,-10.572795,1.7142484,0.23945917,1.7531832,3.0604348
928.0,-3.1914709,-10.15381,1.13964,0.43860126,1.672549,3.114191
937.0,-3.359065,-10.029311,0.8595184,0.6291912,1.5650368,3.1899383
946.0,-3.2800562,-9.801862,0.6895301,0.79534656,1.4453071,3.2925637
956.0,-3.2034419,-9.55047,0.5386954,0.956615,1.319469,3.376863
966.0,-3.4931402,-8.827422,0.37588966,1.1472049,1.2034045,3.418402
976.0,-3.8618474,-7.979874,0.12928689,1.382999,1.0922271,3.40985
987.0,-4.110844,-7.2783732,0.110133275,1.600467,0.96883225,3.4061847
997.0,-4.0892963,-6.775591,0.10534488,1.736079,0.81000733,3.4159584
1008.0,-4.1491513,-6.3661823,0.016759412,1.8521434,0.6462954,3.400076
1016.0,-4.2760444,-5.9783216,-0.22744916,1.9926424,0.50946164,3.3292155
1026.0,-4.381389,-5.521029,-0.35913026,2.1135938,0.37018433,3.2363641
1036.0,-4.4220905,-5.0014873,-0.5530606,2.1734586,0.2003638,3.150843
1061.0,-4.3598413,-4.5633483,-0.78290397,2.1905627,0.004886922,3.0665436
1061.0,-4.2784386,-4.213795,-0.8451532,2.2052236,-0.204029,2.9761355
1067.0,-4.211401,-3.9384618,-0.7685388,2.1917844,-0.41416663,2.8771753
1075.0,-4.144363,-3.632004,-0.8283938,2.1319196,-0.6450737,2.761111
1084.0,-3.9983168,-3.1603463,-0.8858546,2.0451767,-0.88086766,2.6438248
1096.0,-3.976769,-2.870648,-0.8283938,1.9401081,-1.1239921,2.5375342
1107.0,-3.9384618,-2.6791117,-0.7613561,1.6236799,-1.5894713,2.3726006
1115.0,-3.8618474,-2.372654,-0.5315128,1.6236799,-1.5894713,2.3726006
1125.0,-3.821146,-2.243367,-0.2753332,1.3988814,-1.8228219,2.2870796
1135.0,-3.6248214,-2.0039468,-0.10055647,1.1582005,-2.0610592,2.1917844
1144.0,-3.4380736,-2.554613,0.6967127,0.7134906,-2.5033257,2.0525072
1155.0,-2.930503,-3.0502129,1.4293385,0.5717699,-2.7036896,1.9963076
1166.0,-2.6408045,-3.2585084,2.1571758,0.5375614,-2.896723,1.9413297
1175.0,-2.4851813,-2.896984,2.6120741,0.64751714,-3.0702088,1.8790215
1185.0,-2.4779987,-2.231396,3.1435869,0.86498517,-3.2143729,1.7996091
1195.0,-2.5617957,-1.4269443,3.7014358,1.0861185,-3.314555,1.7263051
1207.0,-2.6024973,-0.6655881,4.0198646,1.2449434,-3.376863,1.6957619
1215.0,-2.6719291,-0.272939,4.2521024,1.319469,-3.44528,1.709201
1226.0,-2.7629087,0.12449849,4.321534,1.2767084,-3.4978144,1.7373008
1236.0,-2.777274,0.24899697,4.343082,1.1508701,-3.5552356,1.749518
1245.0,-2.695871,0.5626374,4.5394063,0.9896017,-3.6456437,1.7336355
1254.0,-2.4827871,0.9792285,4.936844,0.7867944,-3.7555995,1.6933185
1265.0,-2.1906946,1.6663644,5.3366756,0.54367006,-3.866777,1.645671
1275.0,-1.8938135,2.171541,5.9184666,0.30665436,-3.966959,1.5919148
1288.0,-1.5227122,2.219425,6.3350577,0.12583824,-4.0549235,1.5100589
1296.0,-1.115698,1.7645266,6.6870055,-0.034208454,-4.111123,1.4049901
1306.0,-0.23223756,0.8595184,6.754043,-0.18203785,-4.1453314,1.3182472
1314.0,0.61530983,-0.830788,7.309498,-0.22724187,-4.1037927,1.2986995
1326.0,1.2569559,-0.18435353,11.154586,-0.28344148,-4.134336,1.2779301
1334.0,5.657499,-0.10534488,37.612907,-0.1600467,-3.8863246,0.9798279
1346.0,5.0996494,6.129156,33.554737,-0.21746802,-2.488665,0.3726278
1357.0,3.2968156,13.709199,20.834343,-0.058643065,-1.9730947,-0.105068825
1367.0,3.3183637,14.233529,12.76349,-0.9272934,-1.8606955,-0.40561453
1376.0,0.0,4.7070007,10.493786,-1.5858061,-0.7733554,-1.028697
1386.0,-2.315193,-6.2392898,7.422025,-1.5760323,-0.06352998,-1.3267993
1395.0,-3.7205894,-12.325351,7.6949644,-2.1160371,-0.1160644,-1.0641272
1409.0,-3.41892,-8.001422,8.391677,-2.9040534,-0.40683624,-0.535118
1417.0,-1.6376339,-2.9472623,7.8050976,-2.5130997,-0.7867944,-0.54611355
1426.0,0.7350199,-2.1164744,8.1881695,-1.5234979,-1.1032226,-0.89552844
1436.0,1.5705963,-4.853047,9.533711,-1.491733,-0.9456194,-0.75136423
1447.0,0.80445176,-7.6710224,11.542446,-2.0891593,-0.6133087,0.02321288
1456.0,-0.01436521,-8.916007,12.741941,-2.1245892,-0.35430184,0.52778757
1467.0,-0.80205756,-7.8984714,12.291832,-1.1349876,-0.2773328,0.19914207
1475.0,-0.9744401,-4.51307,11.415554,-0.02687807,-0.35796702,-0.37751472
1485.0,-1.1252748,-1.2114661,10.757148,0.43249258,-0.34208453,-0.5510005
1496.0,-1.3096284,0.24660277,10.350134,0.376293,-0.20525073,-0.3323107
1508.0,-1.316811,-0.11252748,9.983821,0.10873401,-0.057421334,-0.043982297
1515.0,-1.3910311,-1.2425907,9.830592,-0.22602014,0.05375614,0.058643065
1526.0,-1.3503298,-1.9177556,9.830592,-0.5204572,0.10751228,-0.043982297
1535.0,-1.2378023,-2.087744,9.861717,-0.59986967,0.13805555,-0.16249016
1545.0,-1.1994951,-2.2146366,9.840169,-0.4605924,0.11728613,-0.16982053
1555.0,-0.9959879,-2.3247697,9.643845,-0.28955013,0.1001819,-0.111177474
1566.0,-0.90979666,-2.303222,9.516952,-0.2003638,0.09162979,-0.087964594
1575.0,-0.9816227,-2.3415294,9.469068,-0.19792034,0.087964594,-0.12339478
1586.0,-1.0726024,-2.3080103,9.586384,-0.23335053,0.09040806,-0.16737708
1595.0,-1.151611,-2.5594015,9.502586,-0.267559,0.087964594,-0.18570304
1606.0,-1.1659763,-2.4468741,8.911219,-0.25045475,0.07086037,-0.18570304
1617.0,-1.0534488,-1.8722657,7.869741,-0.20158553,0.0061086523,-0.20525073
1628.0,-1.1923125,-2.4899697,7.6734166,-0.112399206,0.021991149,-0.172264
1638.0,-1.13964,-3.0885203,9.217676,-0.15393804,0.02443461,0.010995574
1649.0,-0.90021986,-2.8754363,10.783484,-0.39706242,-0.015882496,0.13683382
1658.0,-0.6536171,-2.2505496,10.788273,-0.6426302,-0.002443461,-0.02565634
1668.0,-0.79966336,-2.0494366,10.208876,-0.45448375,0.036651913,-0.31887165
1677.0,-1.1875241,-2.815581,9.6845455,0.02687807,0.021991149,-0.38728857
1688.0,-1.5059528,-3.2848446,9.32781,0.13194689,0.0036651916,-0.16493362
1696.0,-1.3263878,-3.095703,9.425972,-0.14049901,0.004886922,0.04153884
1710.0,-0.9816227,-2.861071,9.406818,-0.3005457,-0.02565634,0.03176499
1716.0,-0.6488287,-2.815581,9.339781,-0.21746802,-0.062308256,-0.07819075
1726.0,-0.7445967,-2.858677,9.160215,-0.10629055,-0.08307768,-0.10873401
1737.0,-0.81881696,-2.8491,9.160215,-0.09162979,-0.080634214,-0.047647487
1748.0,-0.91697925,-2.980781,9.215282,-0.111177474,-0.073303826,-0.002443461
1757.0,-0.8643068,-3.0933087,9.19134,-0.105068825,-0.073303826,-0.013439035
1769.0,-0.8714894,-3.1004913,9.382876,-0.07941248,-0.0720821,-0.03176499
1778.0,-0.90740246,-3.0119057,9.775525,-0.05375614,-0.06352998,-0.02076942
1788.0,-1.0486604,-3.0430303,10.048465,-0.037873644,-0.04153884,-0.008552114
1798.0,-1.1109096,-3.040636,10.060435,-0.015882496,-0.014660766,-0.02443461
1809.0,-1.2689269,-3.0262709,9.7563715,0.029321533,-0.002443461,-0.043982297
1816.0,-1.2545617,-2.767697,9.598354,0.0720821,0.002443461,-0.05131268
1829.0,-1.2162545,-2.4875755,9.361329,0.09773844,-0.0012217305,-0.057421334
1836.0,-1.0630256,-2.5115175,9.174581,0.10262536,0.014660766,-0.06352998
1847.0,-1.0941502,-2.5881321,9.085996,0.08307768,0.034208454,-0.065973446
1856.0,-1.0773908,-2.8203697,9.028535,0.030543262,0.058643065,-0.062308256
1867.0,-1.0390835,-2.885013,8.9998045,-0.015882496,0.07696902,-0.06352998
1877.0,-0.9552865,-3.0119057,8.985439,-0.0061086523,0.073303826,-0.0720821
1889.0,-0.9911995,-3.0573955,8.963891,0.05131268,0.064751714,-0.081855945
1897.0,-0.91937345,-2.9592333,8.9279785,0.10140363,0.065973446,-0.08674286
1909.0,-0.91219085,-2.980781,8.9998045,0.112399206,0.065973446,-0.0842994
1917.0,-0.91937345,-2.834735,8.978256,0.080634214,0.06352998,-0.087964594
1928.0,-0.8762778,-2.9161377,9.045294,0.029321533,0.06841691,-0.1001819
1937.0,-0.91458505,-2.980781,8.968679,-0.018325957,0.061086524,-0.1160644
1949.0,-0.90740246,-3.095703,8.7771435,-0.058643065,0.05497787,-0.12583824
1956.0,-0.85473,-3.0765493,8.755595,-0.095294975,0.042760566,-0.13072516
1966.0,-0.93373865,-3.2130187,8.726865,-0.12950343,0.029321533,-0.13561209
1977.0,-0.92176765,-3.095703,8.7053175,-0.16493362,0.010995574,-0.13805555
1986.0,-0.9624691,-3.13401,8.791509,-0.20158553,-0.0061086523,-0.13927728
1997.0,-0.9888053,-3.2561142,9.093178,-0.21868975,-0.009773844,-0.14172074
2010.0,-1.0295067,-3.5553896,9.459491,-0.105068825,0.02687807,-0.081855945
2016.0,-1.163582,-3.9911342,9.64145,-0.105068825,0.02687807,-0.081855945
2028.0,-0.9864111,-4.060566,9.536105,0.17837265,0.004886922,0.009773844
2038.0,-0.9864111,-3.6367924,9.411607,0.3115413,-0.007330383,0.015882496
2047.0,-1.0869676,-3.1292217,9.143456,0.3811799,-0.018325957,0.004886922
2057.0,-1.0630256,-2.815581,9.102755,0.3567453,-0.015882496,0.004886922
2081.0,-1.0606314,-2.6120741,9.040505,0.267559,-0.0036651916,0.02321288
2082.0,-1.0271125,-2.6551697,9.057265,0.17592919,0.007330383,0.042760566
2085.0,-1.0247183,-2.858677,9.102755,0.10751228,0.014660766,0.047647487
2095.0,-0.9911995,-2.942474,9.109938,0.07086037,0.018325957,0.04153884
2109.0,-0.9744401,-3.0693667,9.138668,0.07086037,0.02076942,0.035430185
2116.0,-1.0414777,-3.1028855,9.097966,0.1001819,0.017104227,0.03176499
2128.0,-1.0534488,-2.906561,9.064447,0.13683382,0.004886922,0.021991149
2135.0,-0.9792285,-2.8203697,9.105149,0.1563815,0.007330383,0.008552114
2146.0,-1.0055647,-2.8491,9.093178,0.16249016,0.004886922,0.0
2156.0,-0.9792285,-2.741361,9.100361,0.16249016,0.0036651916,0.002443461
2166.0,-1.0031705,-2.7605145,9.030929,0.15149458,0.007330383,0.002443461
2176.0,-1.0031705,-2.813187,9.0237465,0.13561209,0.010995574,0.002443461
2186.0,-0.9792285,-2.8323407,8.939949,0.12095132,0.010995574,0.004886922
2195.0,-0.9840169,-2.9376855,8.971074,0.10629055,0.010995574,0.0061086523
2208.0,-0.90500826,-2.9233203,9.054871,0.09162979,0.014660766,0.004886922
2216.0,-0.9744401,-2.956839,8.990228,0.09407325,0.013439035,0.004886922
2228.0,-0.9911995,-2.8538885,8.9758625,0.10995574,0.0012217305,0.0061086523
2236.0,-0.9888053,-2.801216,9.095572,0.13194689,-0.007330383,0.002443461
2248.0,-1.0151415,-2.7748797,9.129091,0.14294247,-0.009773844,-0.0012217305
2257.0,-0.91458505,-2.6312277,9.097966,0.13439035,-0.018325957,0.0012217305
2268.0,-0.9552865,-2.597709,9.114726,0.10751228,-0.021991149,-0.0012217305
2278.0,-0.8619126,-2.6384103,9.196129,0.0842994,-0.019547688,-0.008552114
2289.0,-0.866701,-2.767697,9.186552,0.06963864,-0.02687807,-0.010995574
2298.0,-0.90021986,-2.753332,9.150639,0.04886922,-0.039095376,-0.004886922
2310.0,-0.770933,-2.7030537,9.174581,0.029321533,-0.036651913,-0.002443461
2319.0,-0.79966336,-2.7102363,9.193734,0.02321288,-0.034208454,-0.010995574
2330.0,-0.7733272,-2.7485435,9.167398,0.021991149,-0.03176499,-0.015882496
2337.0,-0.8619126,-2.7150247,9.16261,0.014660766,-0.035430185,-0.012217305
2348.0,-0.82599956,-2.7246015,9.184157,0.0061086523,-0.036651913,-0.013439035
2359.0,-0.866701,-2.717419,9.267955,0.002443461,-0.036651913,-0.02076942
2368.0,-0.91697925,-2.6551697,9.277532,0.0012217305,-0.036651913,-0.02565634
2377.0,-0.8475474,-2.6743233,9.246407,-0.0061086523,-0.043982297,-0.02565634
2388.0,-0.79487497,-2.6240451,9.205706,-0.02565634,-0.040317107,-0.028099801
2401.0,-0.8643068,-2.7844565,9.205706,-0.05131268,-0.034208454,-0.028099801
2409.0,-0.8571242,-2.777274,9.205706,-0.07086037,-0.02076942,-0.02321288
2417.0,-0.8331822,-2.9041667,9.074024,-0.06352998,-0.02443461,-0.02076942
2428.0,-0.89064306,-2.8275523,9.074024,-0.04520403,-0.029321533,-0.029321533
2437.0,-0.8499416,-2.695871,9.124303,-0.03176499,-0.034208454,-0.039095376
2448.0,-0.94331545,-2.6431987,9.088389,-0.029321533,-0.032986723,-0.042760566
2457.0,-0.94570965,-2.6623523,9.222465,-0.04520403,-0.034208454,-0.042760566
2467.0,-0.94092125,-2.6910827,9.330204,-0.07574729,-0.029321533,-0.04153884
2478.0,-0.89782566,-2.777274,9.358934,-0.09407325,-0.02443461,-0.040317107
2489.0,-0.8738836,-2.8299465,9.390059,-0.087964594,-0.02076942,-0.039095376
2498.0,-1.0031705,-2.8634653,9.315839,-0.064751714,-0.019547688,-0.04153884
2509.0,-0.9768343,-2.7940333,9.270349,-0.036651913,-0.017104227,-0.042760566
2518.0,-0.92895025,-2.882619,9.220071,-0.010995574,-0.014660766,-0.040317107
2528.0,-0.94092125,-2.8395233,9.275137,-0.004886922,-0.013439035,-0.03176499
2537.0,-0.9792285,-2.8060043,9.267955,-0.002443461,-0.014660766,-0.028099801
2548.0,-1.0055647,-2.801216,9.270349,0.008552114,-0.015882496,-0.03176499
2557.0,-0.9935937,-2.6743233,9.277532,0.009773844,-0.019547688,-0.035430185
2568.0,-0.91458505,-2.7341783,9.351752,0.0,-0.019547688,-0.030543262
2578.0,-0.9792285,-2.80361,9.351752,-0.009773844,-0.012217305,-0.02321288
2589.0,-0.9983821,-2.920926,9.323022,-0.010995574,-0.0036651916,-0.02321288
2598.0,-1.0486604,-2.992752,9.339781,-0.002443461,0.0036651916,-0.02687807
2611.0,-1.1085154,-2.956839,9.461885,0.02321288,0.008552114,-0.021991149
2616.0,-1.0175357,-2.9233203,9.452309,0.06352998,0.010995574,-0.010995574
2628.0,-0.94810385,-2.7724855,9.411607,0.1001819,0.008552114,-0.0061086523
2637.0,-0.9983821,-2.7389667,9.349358,0.12461651,0.014660766,-0.007330383
2647.0,-1.079785,-2.7269957,9.25359,0.13072516,0.014660766,-0.007330383
2657.0,-0.93134445,-2.6671407,9.315839,0.11728613,0.013439035,-0.0012217305
2669.0,-0.91458505,-2.681506,9.3733,0.09773844,0.014660766,0.007330383
2679.0,-0.8834604,-2.779668,9.481039,0.07819075,0.021991149,0.014660766
2689.0,-0.9864111,-2.8395233,9.461885,0.06719518,0.03176499,0.019547688
2698.0,-0.94331545,-2.789245,9.5385,0.064751714,0.04153884,0.017104227
2710.0,-0.9983821,-2.8299465,9.457097,0.06841691,0.047647487,0.017104227
2717.0,-0.9720459,-2.7844565,9.416395,0.07696902,0.056199603,0.02321288
2732.0,-0.9552865,-2.7030537,9.370906,0.087964594,0.059864793,0.029321533
2738.0,-1.0510546,-2.6431987,9.330204,0.103847094,0.065973446,0.028099801
2747.0,-1.0151415,-2.60968,9.287108,0.12217305,0.064751714,0.02443461
2757.0,-1.0510546,-2.4971523,9.267955,0.13927728,0.061086524,0.02443461
2768.0,-1.0486604,-2.5139117,9.26556,0.14538592,0.058643065,0.029321533
2779.0,-1.103727,-2.5378537,9.349358,0.14538592,0.052534413,0.036651913
2789.0,-1.0127473,-2.5737667,9.289502,0.14294247,0.047647487,0.040317107
2799.0,-1.0342951,-2.5761611,9.260772,0.13805555,0.05009095,0.042760566
2809.0,-0.9816227,-2.6599581,9.150639,0.13561209,0.047647487,0.037873644
2818.0,-0.91219085,-2.6623523,9.172187,0.13561209,0.047647487,0.037873644
2828.0,-1.0055647,-2.6408045,9.136273,0.13561209,0.047647487,0.03176499
2838.0,-0.9935937,-2.5570073,9.16261,0.13561209,0.04520403,0.02565634
2848.0,-0.9600749,-2.504335,9.114726,0.13194689,0.040317107,0.017104227
2857.0,-0.9600749,-2.516306,9.109938,0.12705997,0.03176499,0.013439035
2867.0,-0.92895025,-2.5139117,9.150639,0.12461651,0.02443461,0.010995574
2877.0,-0.9504981,-2.4396915,9.165004,0.119729586,0.02076942,0.008552114
2887.0,-0.91697925,-2.3918076,9.155427,0.10629055,0.018325957,0.0036651916
2896.0,-0.93134445,-2.3894134,9.241618,0.057421334,0.018325957,0.0
2908.0,-0.92416185,-2.5570073,9.270349,0.042760566,0.021991149,0.0012217305
2916.0,-0.9792285,-2.5594015,9.272743,0.043982297,0.02321288,0.0036651916
2925.0,-0.93134445,-2.4779987,9.334992,0.05375614,0.018325957,0.002443461
2936.0,-1.0414777,-2.4660277,9.3182335,0.065973446,0.017104227,-0.0012217305
2946.0,-0.9624691,-2.3582888,9.258378,0.07574729,0.008552114,-0.002443461
2955.0,-0.90261406,-2.4516625,9.222465,0.0720821,0.007330383,-0.0012217305
2965.0,-0.89782566,-2.4588451,9.210494,0.064751714,0.007330383,-0.002443461
2974.0,-0.9576807,-2.4588451,9.19134,0.059864793,0.004886922,-0.007330383
2984.0,-0.9504981,-2.44448,9.239224,0.04886922,0.0036651916,-0.010995574
2995.0,-0.93852705,-2.384625,9.31105,0.03176499,0.004886922,-0.012217305
3005.0,-0.9648633,-2.4732103,9.25359,0.021991149,0.013439035,-0.009773844
3014.0,-0.9648633,-2.504335,9.198523,0.02076942,0.012217305,-0.007330383
