19.0,-0.9528923,-1.7262194,9.7563715,0.021991149,0.007330383,-0.0012217305
31.0,-1.1563994,-1.6448165,9.813833,0.16737708,0.105068825,-0.065973446
41.0,-1.2066777,-1.8243817,9.773131,0.02321288,-0.2724459,-0.3042109
46.0,-1.1923125,-1.7645266,9.76116,-0.06352998,-0.42760566,-0.30909783
56.0,-1.091756,-1.541866,9.730036,0.065973446,0.35796702,0.052534413
66.0,-1.0079589,-1.460463,9.706094,0.043982297,0.37995818,0.073303826
77.0,-1.043872,-1.4269443,9.768343,0.004886922,0.20769419,0.015882496
86.0,-1.0031705,-1.5514427,9.751583,-0.014660766,0.05497787,-0.057421334
96.0,-1.0007763,-1.5873557,9.68694,-0.013439035,0.06352998,-0.073303826
105.0,-0.9720459,-1.6424223,9.636662,-0.002443461,0.06841691,-0.081855945
117.0,-1.0271125,-1.5442601,9.622296,0.008552114,0.07086037,-0.087964594
125.0,-0.9816227,-1.6208745,9.634268,0.018325957,0.0720821,-0.096516706
135.0,-0.9768343,-1.5514427,9.564836,0.019547688,0.073303826,-0.10262536
146.0,-0.94810385,-1.541866,9.461885,0.014660766,0.0720821,-0.111177474
155.0,-1.0414777,-1.5514427,9.356541,0.007330383,0.07086037,-0.11728613
165.0,-1.0271125,-1.508347,9.220071,-0.0036651916,0.06841691,-0.119729586
177.0,-1.151611,-1.5825673,9.186552,-0.018325957,0.062308256,-0.119729586
185.0,-1.1420342,-1.6639702,9.097966,-0.029321533,0.05497787,-0.12095132
197.0,-1.2210429,-1.6759412,9.078813,-0.032986723,0.042760566,-0.12095132
205.0,-1.271321,-1.8435353,9.057265,-0.034208454,0.030543262,-0.11362094
215.0,-1.3096284,-1.8579005,9.085996,-0.02443461,0.015882496,-0.10751228
225.0,-1.2976574,-1.8195933,9.090784,-0.004886922,0.0,-0.10995574
237.0,-1.3192052,-1.7741034,9.176975,0.008552114,-0.015882496,-0.112399206
246.0,-1.3359646,-1.7597382,9.114726,0.004886922,-0.02565634,-0.10873401
255.0,-1.30484,-1.8004397,9.239224,0.0,-0.02443461,-0.10873401
265.0,-1.2354081,-1.8267759,9.411607,0.0012217305,-0.02076942,-0.1160644
275.0,-1.1085154,-1.8148049,9.440337,-0.0012217305,-0.017104227,-0.1282817
285.0,-0.9576807,-1.7022774,9.655815,-0.02076942,-0.004886922,-0.13927728
297.0,-0.92176765,-1.5634137,9.672575,-0.07086037,0.008552114,-0.15515977
305.0,-0.8762778,-1.2378023,9.785102,-0.16249016,0.029321533,-0.17837265
315.0,-0.6919243,-0.79487497,9.902418,-0.30787608,0.052534413,-0.21380283
325.0,-0.60573304,-0.48602295,9.880871,-0.5155703,0.09162979,-0.25778514
335.0,-0.37110126,-0.37110126,9.868899,-0.7855727,0.1441642,-0.30787608
345.0,-0.29927522,-0.40462008,9.730036,-1.0946705,0.19914207,-0.36896262
356.0,-0.32561144,-0.39743748,9.598354,-1.4001031,0.26267207,-0.44104472
365.0,-0.37588966,-0.6823475,9.55047,-1.6762142,0.32986724,-0.5119051
375.0,-0.4357447,-0.9648633,9.605537,-1.9437732,0.3848451,-0.5656612
385.0,-0.5410896,-1.1587936,9.476251,-2.2296581,0.43982297,-0.6059783
397.0,-0.56982,-1.1180922,9.44752,-2.5363126,0.5045747,-0.643852
406.0,-0.6919243,-1.3551182,9.160215,-2.8441887,0.5656612,-0.6731735
416.0,-0.8571242,-1.8267759,8.688558,-3.1227431,0.6267477,-0.68294734
426.0,-0.8690952,-2.408567,8.365341,-3.3646457,0.6927212,-0.66706485
435.0,-0.9576807,-3.1842883,8.248025,-3.580892,0.7684685,-0.63163465
445.0,-0.9720459,-4.1659107,8.1402855,-3.7824776,0.8491027,-0.5925393
456.0,-1.0606314,-5.1547165,8.094796,-3.9559634,0.91874135,-0.5546656
466.0,-1.3862427,-6.1195793,8.111555,-4.065919,0.97127575,-0.50823987
477.0,-1.6639702,-6.7851677,8.075643,-4.0683627,0.9932669,-0.47036624
486.0,-1.9393034,-7.1347213,7.9008656,-3.940081,0.9957104,-0.4642576
497.0,-2.171541,-7.3669586,7.5465236,-3.7299433,0.9773844,-0.46181414
506.0,-2.2960393,-7.4148426,7.1227503,-3.5075881,0.96761054,-0.4251622
516.0,-2.2816741,-7.4028716,6.921637,-3.2363641,0.9407325,-0.35063666
526.0,-2.2960393,-7.599196,6.5146227,-2.9297097,0.90408057,-0.267559
536.0,-2.3080103,-7.9248075,6.208165,-2.5864034,0.87109387,-0.2125811
546.0,-2.3056161,-8.123527,6.0860605,-2.2223277,0.8332202,-0.18692477
557.0,-2.3654714,-8.018182,5.6646814,-1.8729129,0.77091193,-0.16493362
566.0,-2.315193,-8.018182,5.365406,-1.563815,0.6963864,-0.13927728
576.0,-2.2840683,-7.991845,5.1547165,-1.3060299,0.61453044,-0.11484267
585.0,-2.2337902,-8.106767,4.9823337,-0.90041536,0.47525316,-0.0842994
598.0,-2.0159178,-8.118738,4.7548847,-0.90041536,0.47525316,-0.0842994
606.0,-1.982399,-8.214506,4.673482,-0.7330383,0.40194935,-0.07574729
615.0,-1.8914193,-8.027759,4.5322237,-0.56688297,0.23457226,-0.06963864
626.0,-1.7621324,-7.7308774,4.24492,-0.5839872,0.1600467,-0.059864793
636.0,-1.70946,-7.7093296,4.0821137,-0.6560693,0.08552113,-0.04886922
646.0,-1.6448165,-7.8146744,3.9983168,-0.7440339,0.015882496,-0.04886922
657.0,-1.6184803,-8.001422,3.916914,-0.80878556,-0.05009095,-0.062308256
666.0,-1.5251064,-8.099585,3.8594532,-0.8185594,-0.111177474,-0.081855945
676.0,-1.5705963,-8.135497,3.9240966,-0.766025,-0.172264,-0.096516706
686.0,-1.553837,-8.300697,3.9432502,-0.6731735,-0.21991149,-0.09040806
697.0,-1.496376,-8.379706,4.0653543,-0.55833083,-0.2602286,-0.07819075
706.0,-1.4580688,-8.441956,4.0797195,-0.44837508,-0.29565877,-0.080634214
718.0,-1.4317327,-8.2169,4.072537,-0.3848451,-0.3200934,-0.087964594
726.0,-1.3934253,-8.1642275,4.0581717,-0.4007276,-0.3323107,-0.081855945
737.0,-1.3742718,-8.104373,4.225766,-0.48991394,-0.3323107,-0.06841691
747.0,-1.4221559,-8.274361,4.4005427,-0.6010914,-0.31887165,-0.07086037
757.0,-1.5011644,-8.365341,4.4723687,-0.68783426,-0.29932398,-0.07696902
766.0,-1.7788919,-8.564059,4.5274353,-0.73914695,-0.2761111,-0.06963864
777.0,-1.9728222,-8.822633,4.4316673,-0.766025,-0.23457226,-0.042760566
786.0,-2.2840683,-9.006987,4.453215,-0.79534656,-0.18692477,-0.013439035
798.0,-2.5091233,-9.112331,4.55856,-0.8588765,-0.13683382,0.004886922
806.0,-2.7006595,-9.19134,4.5633483,-0.9578367,-0.058643065,0.017104227
817.0,-3.0573955,-9.3182335,4.6016555,-1.0836749,0.03176499,0.040317107
826.0,-3.4380736,-9.332599,4.5298295,-1.2657127,0.13316862,0.08552113
838.0,-3.727772,-9.346964,4.72376,-1.5442673,0.24190263,0.16493362
847.0,-4.1611223,-9.454702,4.817134,-1.9168952,0.3213151,0.2919936
857.0,-4.390966,-9.885659,4.6255975,-2.3420575,0.41905355,0.47403142
866.0,-4.8147397,-10.692505,4.4340615,-2.7232373,0.5522222,0.66828656
876.0,-5.221754,-12.066776,4.5633483,-2.9309313,0.70005155,0.8405506
887.0,-5.899313,-13.275848,4.620809,-2.8674014,0.8258898,0.98837996
900.0,-6.385336,-14.037205,4.8003745,-2.5509732,0.893085,1.1728612
908.0,-6.5098343,-14.06354,4.453215,-2.1087067,0.9297369,1.4318681
920.0,-6.0621185,-13.613431,4.0821137,-1.6982054,0.97005403,1.6957619
930.0,-5.4324436,-13.15135,3.7469256,-1.3768903,1.0201449,1.8765781
941.0,-5.0014873,-12.816162,3.454833,-1.1227703,1.0958922,2.0060816
951.0,-4.8243165,-12.512098,3.0095115,-0.8136725,1.1472049,2.122146
961.0,-4.8267107,-12.263102,2.6408045,-0.4251622,1.1618657,2.2418754
970.0,-4.7405195,-12.112267,2.0901382,-0.02443461,1.1337659,2.3603833
980.0,-4.5298295,-11.796232,1.532289,0.32742378,1.0812315,2.452013
990.0,-4.2760444,-11.269507,1.1779473,0.59864795,0.9969321,2.4972172
1001.0,-4.0916905,-10.699687,0.6631939,0.8014552,0.9126327,2.5118778
1009.0,-4.0677485,-10.230424,0.44771573,0.9639453,0.8185594,2.5118778
1021.0,-4.098873,-9.703699,0.107739076,1.110553,0.7086037,2.5033257
1030.0,-4.0677485,-9.200917,-0.038307227,1.2363913,0.5852089,2.502104
1039.0,-4.0533834,-8.784326,-0.110133275,1.3402383,0.4642576,2.4959953
1070.0,-3.9983168,-8.39886,-0.29448682,1.4074335,0.33353242,2.475226
1070.0,-4.0773253,-7.9367785,-0.37349546,1.4477507,0.18936823,2.4422393
1070.0,-4.223372,-7.501034,-0.62967503,1.4489723,0.036651913,2.3994787
1081.0,-4.417302,-7.1945763,-0.8451532,1.3952162,-0.13194689,2.3542747
1090.0,-4.6782703,-6.7372837,-0.8595184,1.3109168,-0.3323107,2.3115141
1098.0,-4.867412,-6.325481,-0.7015011,1.2144,-0.5558874,2.26631
1108.0,-4.7979803,-5.9064956,-0.48362875,1.1325442,-0.81122905,2.2052236
1119.0,-4.8099513,-5.650316,-0.22505496,1.1129965,-1.0946705,2.1429152
1127.0,-4.7620673,-5.485116,0.08619126,1.1924089,-1.3500122,2.0916026
1139.0,-4.855441,-5.3582234,0.20111294,1.3646729,-1.582141,2.0244074
1148.0,-4.733337,-5.145139,0.25617957,1.5467108,-1.7886134,1.9449949
1158.0,-4.656722,-4.972757,0.35194764,1.6969837,-1.9474384,1.863139
1168.0,-4.6926355,-4.7405195,0.6488287,1.8509218,-2.0793853,1.7715092
1180.0,-4.6662993,-4.2521024,0.91458505,2.025629,-2.2003367,1.6713274
1189.0,-4.7189717,-3.7445314,1.2234371,2.2088888,-2.307849,1.582141
1203.0,-4.6375685,-3.265691,1.4437037,2.3762658,-2.3921483,1.518611
1209.0,-4.5561657,-2.992752,1.7669208,2.488665,-2.475226,1.4770721
1220.0,-4.5202527,-2.8107927,2.030283,2.5705209,-2.5692992,1.4391985
1229.0,-4.297592,-2.7988217,2.4061728,2.6193902,-2.6413813,1.4159856
1239.0,-3.9815574,-2.9951463,2.753332,2.6328292,-2.6963592,1.3939945
1249.0,-3.7110126,-3.0142999,3.2273839,2.6633725,-2.7354546,1.3402383
1261.0,-3.4691982,-2.9376855,3.8498764,2.7574458,-2.756224,1.2486086
1269.0,-3.2680852,-2.5450363,4.3239284,2.8845057,-2.756224,1.1643091
1279.0,-3.1962593,-2.1188686,4.8602295,2.973692,-2.7391198,1.1154399
1290.0,-3.1651347,-1.7764976,5.3486466,2.9859092,-2.7146852,1.0922271
1302.0,-3.0190883,-1.5227122,5.5737014,2.9126055,-2.6951375,1.0861185
1310.0,-3.0190883,-1.2378023,5.8083334,2.7586675,-2.6865854,1.0946705
1322.0,-2.9735985,-1.043872,5.889736,2.5705209,-2.679255,1.110553
1330.0,-2.815581,-1.1324574,6.2009826,2.35794,-2.652377,1.128879
1339.0,-2.4061728,-1.2976574,6.612785,2.1465805,-2.6181684,1.1362094
1350.0,-2.0254946,-1.4460979,7.129933,1.9743165,-2.5668557,1.1215485
1359.0,-1.7741034,-1.3958195,7.606379,1.8497,-2.5057693,1.0861185
1370.0,-1.6807296,-1.0103531,8.037335,1.7580702,-2.4422393,1.0238101
1380.0,-1.7549498,-0.44771573,8.224083,1.6737708,-2.3848178,0.93828905
1390.0,-1.6208745,0.02633622,8.346188,1.4074335,-2.2638667,0.86620694
1402.0,-1.5059528,0.22505496,8.444349,1.4074335,-2.2638667,0.86620694
1411.0,-1.3359646,0.19153613,8.403648,1.2302825,-2.2247713,0.893085
1421.0,-1.0654198,0.19871874,8.281544,1.065349,-2.2015584,0.91874135
1428.0,-0.78529817,0.2753332,8.257602,0.8894198,-2.172237,0.9419542
1442.0,-0.51235914,0.076614454,8.228871,0.6743952,-2.1319196,0.97494096
1451.0,-0.3878607,-0.2705448,8.324639,0.45204028,-2.1025982,1.0164797
1461.0,-0.47644615,-0.38067806,8.576031,0.17592919,-2.1612413,1.0592403
1470.0,-0.6488287,-0.088585466,8.568848,0.08674286,-2.2162192,1.0592403
1480.0,-0.44771573,0.15801731,8.676587,-0.02565634,-2.261423,1.0726794
1490.0,-0.02873042,0.29448682,8.4826565,-0.15393804,-2.2944098,1.0885619
1502.0,0.2681506,0.29448682,8.281544,-0.2846632,-2.3237314,1.0897835
1510.0,0.46208093,0.17717093,8.030152,-0.41172317,-2.35794,1.0714576
1521.0,0.5674258,-0.1364695,7.97748,-0.516792,-2.4043655,1.0543534
1530.0,0.7541735,-0.33758244,8.051701,-0.5693264,-2.4361305,1.065349
1539.0,0.7158663,-0.85473,4.7189717,-0.4642576,-2.5864034,1.047023
1551.0,1.8459295,6.4188547,22.378603,-1.65911,-2.4507914,0.39950588
1562.0,4.4460325,18.435352,21.131224,-4.1318927,-1.2095132,-0.8210029
1569.0,6.2368956,16.412252,20.611683,-3.9584067,-0.12950343,-1.754405
1582.0,6.2704144,5.659893,16.28536,-1.3451253,0.4801401,-1.5088371
1590.0,2.6384103,-6.143522,12.555194,-0.15882497,0.31642818,-0.267559
1602.0,-0.90261406,-12.150574,9.476251,-0.5815437,0.17348573,0.52534413
1610.0,-2.8083985,-7.917625,10.28549,-0.29565877,0.018325957,-0.037873644
1622.0,-2.0590134,-3.6990416,9.97185,0.40439278,-0.42760566,-0.77824235
1630.0,0.7374141,-1.1204864,8.987833,0.32742378,-0.593761,-0.7806858
1641.0,2.4061728,-0.30166942,8.576031,-0.23335053,-0.46914452,-0.2406809
1651.0,2.669535,-0.6512229,9.069236,-0.63407815,-0.29810223,0.17592919
1661.0,1.8962077,-1.7884687,10.115502,-0.6585127,-0.18448131,0.19303341
1671.0,0.9911995,-2.195483,10.955867,-0.43249258,-0.14538592,-0.0012217305
1683.0,0.37349546,-1.7956513,11.353305,-0.10140363,-0.12461651,-0.11728613
1691.0,0.23942018,-1.0175357,11.0061455,0.18203785,-0.095294975,-0.07574729
1701.0,0.033518825,-0.34715924,10.565612,0.25289822,-0.05375614,0.019547688
1710.0,-0.1364695,-0.16519992,10.259154,0.09896017,-0.0012217305,0.056199603
1721.0,-0.31603462,-0.12449849,10.196905,-0.09407325,0.036651913,0.018325957
1730.0,-0.46686932,-0.2753332,10.383653,-0.204029,0.047647487,-0.04153884
1742.0,-0.33997664,-0.641646,10.5680065,-0.23701571,0.040317107,-0.0842994
1751.0,-0.17238252,-0.85473,10.529699,-0.22235495,0.042760566,-0.103847094
1761.0,-0.10534488,-0.93373865,10.505757,-0.16493362,0.04520403,-0.10262536
1770.0,-0.17238252,-0.93373865,10.290278,-0.0842994,0.047647487,-0.095294975
1780.0,-0.11252748,-1.0199299,10.084377,-0.014660766,0.04642576,-0.08307768
1791.0,-0.06943185,-1.0821792,9.952697,0.028099801,0.04642576,-0.06719518
1803.0,-0.06703765,-1.0366893,9.974244,0.052534413,0.05131268,-0.057421334
1810.0,0.011971008,-1.043872,9.92636,0.07574729,0.04642576,-0.062308256
1820.0,-0.033518825,-1.0606314,9.866506,0.07574729,0.05009095,-0.073303826
1832.0,-0.0023942017,-0.8714894,9.840169,0.052534413,0.058643065,-0.0842994
1841.0,-0.062249243,-0.770933,9.811439,0.018325957,0.064751714,-0.08674286
1851.0,-0.074220255,-0.7661445,9.818622,-0.018325957,0.080634214,-0.081855945
1863.0,-0.1388637,-0.8523358,9.854534,-0.052534413,0.08674286,-0.07941248
1871.0,-0.088585466,-0.9576807,9.842564,-0.08674286,0.09407325,-0.08674286
1879.0,-0.10055647,-1.0366893,9.768343,-0.11728613,0.10629055,-0.09773844
1891.0,-0.090979666,-1.0103531,9.76116,-0.13072516,0.112399206,-0.103847094
1902.0,-0.021547815,-1.2066777,9.619903,-0.12705997,0.10262536,-0.10140363
1910.0,0.02873042,-1.2210429,9.483433,-0.12705997,0.103847094,-0.09162979
1922.0,0.08379706,-1.2114661,9.552865,-0.13072516,0.10140363,-0.08307768
1930.0,0.10055647,-1.2425907,9.452309,-0.14905111,0.09285152,-0.07941248
1940.0,-0.0047884034,-1.3215994,9.387665,-0.18936823,0.09040806,-0.07696902
1950.0,0.055066638,-1.4508862,9.478644,-0.23090707,0.08552113,-0.07941248
1960.0,-0.059855044,-1.4269443,9.56723,-0.2443461,0.073303826,-0.080634214
1971.0,-0.02873042,-1.553837,9.55047,-0.22602014,0.056199603,-0.07086037
1982.0,-0.047884032,-1.448492,9.622296,-0.19547687,0.04153884,-0.05375614
1990.0,-0.05267244,-1.3814543,9.512163,-0.1685988,0.035430185,-0.04642576
2003.0,-0.12210429,-1.2808979,9.485827,-0.14905111,0.039095376,-0.052534413
2010.0,-0.17717093,-1.103727,9.502586,-0.14172074,0.043982297,-0.06963864
2021.0,-0.25378537,-1.0702082,9.471462,-0.14905111,0.04642576,-0.0842994
2032.0,-0.21308395,-1.1420342,9.564836,-0.15149458,0.047647487,-0.087964594
2042.0,-0.076614454,-1.2473791,9.610326,-0.13316862,0.056199603,-0.07941248
2068.0,-0.05267244,-1.3000516,9.600749,-0.089186326,0.061086524,-0.07086037
2068.0,-0.10534488,-1.3982137,9.624691,-0.035430185,0.057421334,-0.06841691
2072.0,-0.10295067,-1.388637,9.588778,0.002443461,0.05131268,-0.07452556
2079.0,-0.15322891,-1.352724,9.576807,0.012217305,0.04642576,-0.07941248
2088.0,-0.17956513,-1.1300632,9.536105,-0.0036651916,0.042760566,-0.07696902
2103.0,-0.11252748,-1.2066777,9.5385,-0.028099801,0.035430185,-0.06841691
2110.0,-0.18195933,-1.2210429,9.516952,-0.04642576,0.028099801,-0.064751714
2119.0,-0.14604631,-1.2186487,9.595961,-0.05497787,0.021991149,-0.06352998
2129.0,-0.12928689,-1.1947067,9.634268,-0.05497787,0.013439035,-0.059864793
2139.0,-0.06703765,-1.1348516,9.593566,-0.064751714,0.010995574,-0.05009095
2150.0,-0.055066638,-1.1851299,9.631873,-0.087964594,0.02076942,-0.035430185
2162.0,-0.0023942017,-1.316811,9.540894,-0.1001819,0.02076942,-0.02321288
2169.0,0.021547815,-1.5490485,9.483433,-0.09162979,0.018325957,-0.018325957
2179.0,-0.01436521,-1.5921441,9.557653,-0.06841691,0.014660766,-0.018325957
2191.0,-0.0047884034,-1.5658079,9.588778,-0.04153884,0.010995574,-0.017104227
2202.0,-0.0047884034,-1.4508862,9.607931,-0.02076942,0.0036651916,-0.012217305
2210.0,-0.074220255,-1.3263878,9.610326,-0.017104227,0.0061086523,0.0
2222.0,-0.06464344,-1.3623008,9.667787,-0.017104227,0.004886922,0.010995574
2230.0,-0.1316811,-1.3263878,9.682152,-0.019547688,0.0061086523,0.018325957
2242.0,-0.21547815,-1.4987702,9.722853,-0.019547688,0.012217305,0.021991149
2251.0,-0.21547815,-1.5442601,9.785102,-0.007330383,0.013439035,0.02565634
2261.0,-0.20829555,-1.508347,9.730036,0.021991149,0.014660766,0.02687807
2270.0,-0.20829555,-1.4341269,9.77792,0.056199603,0.017104227,0.02565634
2281.0,-0.2657564,-1.3455414,9.701305,0.07696902,0.02321288,0.02687807
2291.0,-0.22026655,-1.2569559,9.665392,0.056199603,0.03176499,0.029321533
2303.0,-0.23463176,-1.2114661,9.67018,0.056199603,0.03176499,0.029321533
2311.0,-0.21308395,-1.1348516,9.615114,-0.017104227,0.04642576,0.019547688
2321.0,-0.24181437,-1.3072342,9.607931,-0.034208454,0.05131268,0.014660766
2331.0,-0.24899697,-1.3910311,9.660604,-0.036651913,0.056199603,0.013439035
2342.0,-0.22505496,-1.4317327,9.674969,-0.028099801,0.058643065,0.013439035
2350.0,-0.18914193,-1.4269443,9.662998,-0.017104227,0.059864793,0.012217305
2361.0,-0.16998832,-1.4269443,9.588778,-0.019547688,0.064751714,0.007330383
2371.0,-0.038307227,-1.3575124,9.564836,-0.032986723,0.06841691,0.002443461
2381.0,-0.16280572,-1.4101849,9.576807,-0.04886922,0.073303826,0.0
2392.0,-0.15562311,-1.5011644,9.598354,-0.057421334,0.07574729,0.0012217305
2403.0,-0.21308395,-1.5035586,9.576807,-0.04642576,0.07086037,0.004886922
2411.0,-0.19393034,-1.5227122,9.61272,-0.02321288,0.065973446,0.010995574
2422.0,-0.16998832,-1.553837,9.643845,0.007330383,0.058643065,0.019547688
2433.0,-0.22744916,-1.5394717,9.629479,0.034208454,0.056199603,0.02565634
2440.0,-0.18435353,-1.4796166,9.536105,0.05009095,0.05131268,0.02687807
2451.0,-0.21068975,-1.328782,9.497798,0.05497787,0.042760566,0.02443461
2462.0,-0.15562311,-1.3096284,9.497798,0.04886922,0.036651913,0.02076942
2471.0,-0.1388637,-1.3215994,9.440337,0.039095376,0.030543262,0.02076942
2481.0,-0.16519992,-1.2904748,9.545682,0.029321533,0.02687807,0.021991149
2491.0,-0.18435353,-1.2665327,9.507375,0.02321288,0.028099801,0.019547688
2503.0,-0.1340753,-1.2665327,9.507375,0.02321288,0.02565634,0.013439035
2511.0,-0.14844051,-1.283292,9.516952,0.021991149,0.02443461,0.008552114
2523.0,-0.1604115,-1.2617443,9.545682,0.015882496,0.02565634,0.004886922
2530.0,-0.11971009,-1.3479356,9.593566,0.0012217305,0.02687807,0.0012217305
2542.0,-0.10055647,-1.42455,9.562442,-0.015882496,0.03176499,-0.0012217305
2551.0,-0.1364695,-1.3383588,9.528923,-0.02076942,0.034208454,-0.002443461
2561.0,-0.1412579,-1.472434,9.454702,-0.013439035,0.032986723,-0.002443461
2570.0,-0.08379706,-1.4317327,9.485827,-0.0012217305,0.034208454,-0.0061086523
2581.0,-0.15562311,-1.3718776,9.425972,0.004886922,0.032986723,-0.009773844
2591.0,-0.11252748,-1.2856863,9.459491,0.0036651916,0.029321533,-0.014660766
2603.0,-0.14604631,-1.2545617,9.524135,-0.0036651916,0.02687807,-0.017104227
2612.0,-0.18674773,-1.1851299,9.5385,-0.017104227,0.02565634,-0.02076942
2622.0,-0.16280572,-1.1923125,9.548077,-0.032986723,0.02076942,-0.02321288
2632.0,-0.076614454,-1.2378023,9.591172,-0.04886922,0.021991149,-0.02443461
2643.0,-0.110133275,-1.2904748,9.531317,-0.05375614,0.02321288,-0.02321288
2651.0,-0.06943185,-1.3263878,9.52174,-0.04886922,0.021991149,-0.021991149
2661.0,-0.1316811,-1.4508862,9.485827,-0.040317107,0.018325957,-0.02687807
2671.0,-0.1316811,-1.4269443,9.52174,-0.02565634,0.009773844,-0.030543262
2681.0,-0.12210429,-1.3311762,9.490616,-0.008552114,0.0061086523,-0.030543262
2691.0,-0.14844051,-1.3623008,9.409213,0.0036651916,-0.0036651916,-0.030543262
2704.0,-0.107739076,-1.3694834,9.488221,0.0061086523,-0.0061086523,-0.032986723
2711.0,-0.17956513,-1.283292,9.49301,0.002443461,-0.014660766,-0.037873644
2720.0,-0.24660277,-1.2258313,9.490616,-0.0061086523,-0.021991149,-0.04153884
2731.0,-0.18914193,-1.2306197,9.514558,-0.015882496,-0.030543262,-0.042760566
2742.0,-0.260968,-1.2497733,9.588778,-0.029321533,-0.032986723,-0.040317107
2751.0,-0.21308395,-1.3311762,9.519346,-0.042760566,-0.032986723,-0.039095376
2763.0,-0.23223756,-1.4221559,9.514558,-0.04886922,-0.032986723,-0.040317107
2772.0,-0.25139117,-1.5658079,9.591172,-0.042760566,-0.03176499,-0.04520403
2782.0,-0.18674773,-1.553837,9.586384,-0.028099801,-0.032986723,-0.05009095
2792.0,-0.23942018,-1.520318,9.627085,-0.009773844,-0.030543262,-0.052534413
2804.0,-0.2681506,-1.508347,9.622296,0.004886922,-0.03176499,-0.05131268
2811.0,-0.20350714,-1.448492,9.593566,0.008552114,-0.032986723,-0.05131268
2823.0,-0.2873042,-1.340753,9.519346,0.0,-0.03176499,-0.05375614
2830.0,-0.2633622,-1.3192052,9.524135,-0.014660766,-0.02443461,-0.059864793
2840.0,-0.30406362,-1.3383588,9.603143,-0.029321533,-0.021991149,-0.062308256
2851.0,-0.33279404,-1.4556746,9.624691,-0.039095376,-0.02076942,-0.061086524
2861.0,-0.29448682,-1.4460979,9.64145,-0.04520403,-0.021991149,-0.058643065
2873.0,-0.29209262,-1.460463,9.739613,-0.042760566,-0.019547688,-0.058643065
2882.0,-0.25378537,-1.5849615,9.713276,-0.032986723,-0.014660766,-0.057421334
2893.0,-0.24181437,-1.6089035,9.646238,-0.02076942,-0.008552114,-0.057421334
2901.0,-0.18914193,-1.5705963,9.725247,-0.012217305,-0.008552114,-0.057421334
2910.0,-0.2681506,-1.541866,9.679757,-0.008552114,-0.007330383,-0.057421334
2920.0,-0.20350714,-1.4796166,9.691729,-0.002443461,-0.004886922,-0.05497787
2930.0,-0.2753332,-1.4915876,9.634268,0.002443461,0.0012217305,-0.05009095
2942.0,-0.18195933,-1.5945383,9.730036,0.0012217305,0.007330383,-0.04520403
2951.0,-0.24181437,-1.5514427,9.610326,0.0012217305,0.008552114,-0.042760566
2963.0,-0.25617957,-1.5777789,9.610326,0.0012217305,0.009773844,-0.042760566
2972.0,-0.23942018,-1.4772224,9.605537,0.0012217305,0.010995574,-0.042760566
2982.0,-0.2633622,-1.4700398,9.646238,0.0012217305,0.013439035,-0.040317107
2993.0,-0.2777274,-1.4652514,9.672575,0.0061086523,0.012217305,-0.035430185
3004.0,-0.32561144,-1.5394717,9.624691,0.012217305,0.013439035,-0.03176499
