31.0,-3.6391866,-2.5953147,8.801085,0.015882496,-0.034208454,-0.0012217305
46.0,-3.5170822,-2.1930888,8.676587,0.16982053,0.11484267,-0.058643065
65.0,-3.4500446,-1.7980455,8.702923,0.04886922,-0.2687807,-0.27855456
65.0,-3.3662477,-1.8243817,8.676587,-0.10140363,-0.4251622,-0.32742378
76.0,-3.514688,-2.0398598,8.659827,-0.037873644,0.3567453,0.065973446
79.0,-3.5673606,-2.1332338,8.748413,-0.11728613,0.37384954,0.10629055
89.0,-3.5075054,-2.1068976,8.791509,-0.17592919,0.17959438,0.019547688
100.0,-3.5075054,-2.1045034,8.868123,-0.18936823,0.010995574,-0.06841691
110.0,-3.4500446,-2.1452048,8.961497,-0.17348573,0.008552114,-0.058643065
120.0,-3.4883518,-2.3582888,9.004593,-0.13316862,0.008552114,-0.04642576
132.0,-3.4620156,-2.4277205,8.983045,-0.07086037,0.007330383,-0.05375614
139.0,-3.4763808,-2.5187001,8.887277,0.012217305,0.0,-0.065973446
151.0,-3.3638535,-2.2218192,8.76996,0.10140363,-0.012217305,-0.080634214
161.0,-3.2848446,-1.910573,8.611943,0.14538592,-0.018325957,-0.10140363
173.0,-3.3423057,-1.8531121,8.535329,0.12095132,-0.0061086523,-0.111177474
180.0,-3.3686419,-1.9871874,8.506598,0.061086524,0.010995574,-0.10262536
192.0,-3.4117374,-2.0805612,8.420407,0.0036651916,0.019547688,-0.09896017
200.0,-3.4356794,-2.243367,8.3868885,-0.059864793,0.021991149,-0.105068825
211.0,-3.4691982,-2.0518308,8.252813,-0.111177474,0.018325957,-0.111177474
221.0,-3.5098996,-1.8674773,8.250419,-0.1600467,0.0036651916,-0.1282817
230.0,-3.4979286,-2.0231004,8.106767,-0.23457226,-0.0012217305,-0.15760323
240.0,-3.514688,-2.3439236,8.169016,-0.36041048,0.004886922,-0.13316862
252.0,-3.5577838,-2.6479871,8.173804,-0.45570546,0.010995574,-0.10262536
261.0,-3.6607344,-2.8060043,8.137892,-0.43127087,-0.007330383,-0.14049901
274.0,-3.6942532,-2.5881321,7.9463553,-0.35796702,-0.030543262,-0.19792034
280.0,-3.6056678,-2.4875755,7.929596,-0.27122417,-0.05009095,-0.22724187
290.0,-3.596091,-2.5953147,7.872135,-0.21380283,-0.073303826,-0.22235495
300.0,-3.5553896,-2.765303,7.896077,-0.22968534,-0.0842994,-0.21135938
311.0,-3.5170822,-2.8658595,7.881712,-0.29565877,-0.089186326,-0.21746802
320.0,-3.454833,-3.0765493,7.9511437,-0.3494149,-0.09407325,-0.24190263
331.0,-3.4093432,-3.1890767,7.867347,-0.35918877,-0.10262536,-0.26267207
340.0,-3.430891,-3.1890767,7.8505874,-0.35918877,-0.11728613,-0.2687807
350.0,-3.4284968,-3.1364043,7.6853876,-0.376293,-0.13561209,-0.27122417
360.0,-3.4859576,-3.1387985,7.627927,-0.42149702,-0.15393804,-0.2773328
373.0,-3.4859576,-3.1052797,7.4507556,-0.5009095,-0.18081611,-0.2846632
380.0,-3.5194764,-3.0813377,7.433996,-0.6072,-0.21624629,-0.28588495
391.0,-3.4021606,-3.107674,7.491457,-0.72326446,-0.24923302,-0.28710666
400.0,-3.3686419,-3.2465374,7.5345526,-0.8258898,-0.28344148,-0.2919936
411.0,-3.3446999,-3.3734303,7.455544,-0.906524,-0.3213151,-0.29932398
421.0,-3.394978,-3.4356794,7.536947,-0.9663888,-0.35430184,-0.31887165
432.0,-3.3638535,-3.5793316,7.551312,-0.98715824,-0.38362336,-0.3408628
441.0,-3.2728736,-3.845088,7.589619,-0.97494096,-0.4166101,-0.34697145
451.0,-3.1794999,-3.976769,7.668628,-0.9431759,-0.453262,-0.3408628
461.0,-2.8754363,-3.940856,7.797915,-0.8979719,-0.49480084,-0.35063666
472.0,-2.4037786,-4.1060557,7.9846625,-0.8344419,-0.535118,-0.3726278
481.0,-2.0638018,-4.235343,7.97748,-0.7611381,-0.5693264,-0.37751472
492.0,-1.8076223,-4.223372,7.8793178,-0.6939429,-0.593761,-0.376293
501.0,-1.7357962,-4.27365,8.051701,-0.6426302,-0.6047566,-0.40194935
511.0,-1.5370775,-4.43885,8.200141,-0.59742624,-0.6035349,-0.43249258
521.0,-1.5562311,-4.6399627,8.418014,-0.5571091,-0.6059783,-0.43249258
531.0,-1.4915876,-4.7907977,8.6095495,-0.5155703,-0.6096435,-0.42149702
544.0,-1.6089035,-4.747702,8.676587,-0.4605924,-0.6084218,-0.42760566
554.0,-1.8171991,-4.7285485,8.860941,-0.39461896,-0.61086524,-0.43493605
563.0,-1.9847932,-4.63278,9.030929,-0.33353242,-0.6059783,-0.41783184
575.0,-2.1883004,-4.537012,9.035717,-0.31887165,-0.59986967,-0.3640757
584.0,-2.432509,-4.4484267,8.908825,-0.3848451,-0.5888741,-0.2968805
594.0,-2.6503813,-4.3742065,8.990228,-0.50579643,-0.5656612,-0.25411993
602.0,-2.7748797,-4.3837833,9.0716305,-0.6560693,-0.54244834,-0.23457226
614.0,-2.8203697,-4.4556093,9.19134,-0.82833326,-0.52290064,-0.20647246
622.0,-2.6264393,-4.6686935,9.423578,-1.0128145,-0.49846604,-0.16493362
633.0,-2.3942018,-4.9440265,9.483433,-1.1850786,-0.45937067,-0.12950343
643.0,-2.303222,-4.841076,9.346964,-1.3548992,-0.42149702,-0.10873401
654.0,-2.1021092,-4.7907977,9.155427,-1.5943583,-0.37507126,-0.10262536
664.0,-1.8650831,-4.8482585,8.992621,-1.9523253,-0.3115413,-0.095294975
676.0,-1.7022774,-5.1259856,8.690952,-2.4275784,-0.24923302,-0.08307768
682.0,-1.4317327,-5.391742,8.628703,-3.0030136,-0.16737708,-0.081855945
693.0,-1.3479356,-5.81791,8.607155,-3.6187658,-0.02321288,-0.10140363
705.0,-1.3120226,-6.220136,8.37013,-4.1673226,0.12461651,-0.13927728
715.0,-1.4293385,-6.7348895,8.010999,-4.629137,0.25289822,-0.16737708
722.0,-1.4437037,-6.955156,7.606379,-5.0164256,0.36896262,-0.17592919
735.0,-1.4269443,-7.338228,7.273585,-5.364619,0.4972443,-0.1685988
743.0,-1.7501614,-7.5968018,6.9168487,-5.7225857,0.6585127,-0.13316862
753.0,-2.066196,-7.855376,6.4763155,-6.107431,0.816116,-0.105068825
762.0,-2.4229321,-8.171411,5.74369,-6.486167,0.9407325,-0.09896017
775.0,-2.7509377,-8.655039,5.068525,-7.156897,1.0934488,0.07819075
783.0,-2.8754363,-9.375694,4.4843397,-7.156897,1.0934488,0.07819075
795.0,-2.755726,-10.21127,3.8187518,-7.3340483,1.1386528,0.23090707
802.0,-2.4253263,-11.003751,3.526659,-7.2705183,1.1814134,0.33964106
813.0,-2.4612393,-11.530476,3.2848446,-6.9296556,1.2681563,0.4129449
823.0,-2.492364,-11.884817,2.6168625,-6.3566637,1.3732251,0.5155703
835.0,-1.8531121,-12.394782,1.7980455,-5.6871552,1.4453071,0.72326446
843.0,-1.5035586,-12.557588,0.58657944,-5.071403,1.5088371,0.98837996
855.0,-2.3056161,-12.447454,-0.6512229,-4.546059,1.6212363,1.1814134
863.0,-2.3942018,-13.24233,-1.9488802,-3.9107592,1.5943583,1.5454891
873.0,-1.7932571,-13.350069,-2.0949266,-3.630983,1.459968,1.717753
883.0,-1.4939818,-13.333309,-2.0326772,-3.1618385,1.3927728,1.881465
893.0,-1.9081788,-12.904747,-2.432509,-2.4740043,1.3561208,2.017077
903.0,-2.0757728,-12.289437,-2.705448,-1.6994271,1.2596041,2.130698
914.0,-2.0638018,-11.959038,-3.6703112,-0.956615,1.1044444,2.26631
923.0,-2.3439236,-11.894394,-4.759673,-0.2968805,0.9370673,2.443461
933.0,-3.110068,-11.810597,-5.255273,0.25534168,0.80756384,2.588847
943.0,-3.940856,-11.281479,-5.547365,0.6536258,0.7110472,2.6816983
955.0,-4.2640734,-11.077971,-5.614403,0.94806284,0.59131753,2.769663
963.0,-4.378995,-11.008539,-5.437232,1.2363913,0.47891834,2.8759537
976.0,-4.402937,-10.670957,-5.1906295,1.5528195,0.3811799,2.9724703
983.0,-4.5681367,-10.283096,-4.8267107,1.9425515,0.32253686,3.0494392
994.0,-4.7620673,-9.722853,-4.7022123,2.375044,0.27977628,3.1337388
1004.0,-4.88896,-9.095572,-4.747702,2.791654,0.23457226,3.2192597
1014.0,-5.044583,-8.726865,-4.975151,3.1667254,0.19058995,3.28279
1024.0,-5.142745,-8.145074,-4.9081135,3.4941492,0.1441642,3.336546
1034.0,-5.221754,-7.7428484,-4.9464207,3.8020253,0.10140363,3.3560936
1063.0,-5.197812,-7.309498,-4.900931,4.0695844,0.062308256,3.3841934
1063.0,-5.2528787,-6.658275,-4.76925,4.276057,0.032986723,3.3964107
1064.0,-5.1666875,-6.0884547,-4.510676,4.4348817,0.004886922,3.3695326
1076.0,-5.1906295,-5.5521536,-4.3646297,4.543616,-0.02687807,3.3243287
1081.0,-5.2409077,-5.00867,-4.1395745,4.5949283,-0.05131268,3.2632422
1094.0,-5.1116204,-4.5274353,-3.8881836,4.605924,-0.080634214,3.182608
1102.0,-4.9320555,-4.307169,-3.5553896,4.575381,-0.118507855,3.095865
1112.0,-4.912902,-3.98874,-3.2728736,4.510629,-0.17104226,2.983466
1122.0,-5.046977,-3.3566709,-3.1723173,4.425108,-0.22602014,2.8441887
1132.0,-5.2361193,-3.0119057,-3.2321723,4.3224826,-0.30298916,2.702468
1142.0,-5.281609,-2.645593,-3.1268275,4.1990876,-0.4007276,2.5631905
1154.0,-5.437232,-2.3702598,-2.8993783,4.013385,-0.4972443,2.4226916
1162.0,-5.556942,-2.2337902,-2.7605145,3.771482,-0.6230826,2.2992969
1174.0,-5.533,-1.9656396,-2.4995465,3.4978144,-0.77213365,2.1905627
1182.0,-5.425261,-1.5275006,-2.1140802,3.2119296,-0.9297369,2.0781636
1193.0,-5.3079453,-1.2282255,-1.70946,2.9077187,-1.0763446,1.9840903
1203.0,-5.291186,-0.94570965,-1.1252748,2.5925121,-1.2070698,1.8961257
1214.0,-5.415684,-0.830788,-0.5746084,2.2968533,-1.3329079,1.78617
1224.0,-5.506664,-0.7589619,-0.38307226,2.035403,-1.4648548,1.6749926
1235.0,-5.6431336,-0.6344634,-0.272939,1.8203784,-1.6065756,1.5699236
1245.0,-5.767632,-0.44771573,-0.090979666,1.6395624,-1.7275269,1.455081
1255.0,-5.9184666,-0.2873042,0.088585466,1.4819591,-1.8460348,1.3341297
1264.0,-5.9567738,-0.007182605,0.39264908,1.328021,-1.9682078,1.2302825
1279.0,-5.923255,0.095768064,0.79487497,1.1887437,-2.0818288,1.1447614
1283.0,-5.9160724,-0.011971008,1.1085154,1.0800097,-2.2003367,1.073901
1293.0,-5.8203044,-0.17477672,1.4700398,0.96883225,-2.3371704,1.0201449
1304.0,-5.535394,-0.35673606,2.2960393,0.83199847,-2.443461,0.9786061
1315.0,-5.3342814,-0.79487497,3.0310593,0.66950834,-2.5326474,0.93584555
1322.0,-5.207389,-1.1803415,3.7062242,0.5705481,-2.607173,0.87964594
1334.0,-5.140351,-1.388637,4.2640734,0.5815437,-2.6682594,0.80756384
1343.0,-5.1882353,-1.1252748,4.7429137,0.6792821,-2.7281241,0.7281514
1354.0,-5.2720323,-0.49559975,4.948815,0.7855727,-2.7892108,0.6597345
1365.0,-5.2983685,0.02873042,4.8985367,0.816116,-2.8478537,0.6365216
1376.0,-5.291186,0.2753332,5.12838,0.7281514,-2.90161,0.6560693
1385.0,-5.2744265,0.18674773,5.3223104,0.5155703,-2.9272664,0.6927212
1397.0,-5.0613422,0.090979666,5.4539914,0.2321288,-2.9712486,0.7305948
1404.0,-4.7620673,0.11971009,5.6359506,-0.029321533,-3.0433307,0.7464773
1414.0,-4.501099,0.047884032,5.8442464,-0.21380283,-3.1264083,0.7476991
1424.0,-4.187459,-0.06703765,6.2823853,-0.344528,-3.2168164,0.7501425
1434.0,-3.8402996,-0.076614454,6.849811,-0.4447099,-3.3084462,0.75747293
1445.0,-3.4476504,-0.090979666,7.038953,-0.47036624,-3.3756413,0.77213365
1453.0,-3.0502129,-0.2801216,7.314286,-0.39584067,-3.4391713,0.77824235
1463.0,-2.707842,-0.2873042,7.8050976,-0.26267207,-3.4941492,0.7684685
1473.0,-2.504335,-0.32321724,8.0445175,-0.103847094,-3.5381315,0.7635816
1483.0,-2.327164,-0.062249243,8.475474,0.02321288,-3.5845573,0.79045963
1494.0,-1.9656396,0.35673606,9.320627,0.09162979,-3.617544,0.8344419
1503.0,-1.6711528,0.8379706,9.528923,0.12705997,-3.6187658,0.86498517
1516.0,-1.5131354,1.3862427,8.844181,0.10751228,-3.6163223,0.86254174
1524.0,-1.2210429,1.6496049,7.7308774,-0.06963864,-3.6651914,0.84788096
1533.0,-0.9624691,1.5394717,6.95755,-0.45448375,-3.6908479,0.83199847
1545.0,-0.56982,1.0079589,6.979098,-0.9456194,-3.7091737,0.7965683
1555.0,-2.2050598,0.59615624,2.3989902,-1.3976597,-3.7348301,0.7171558
1564.0,2.4277205,11.343728,28.01216,-2.0610592,-3.8875463,0.32742378
1576.0,4.7740383,6.730101,27.538109,-4.266283,-2.660929,-0.6609562
1585.0,-0.5434838,0.8499416,22.081722,-4.597372,-0.25167647,-1.5210545
1593.0,0.4141969,-5.45878,18.521544,-2.3090706,-0.21380283,-1.0042624
1603.0,-0.90261406,-8.765172,14.592659,-0.70616025,-0.77213365,0.2919936
1614.0,-1.8602947,-6.655881,13.022063,-0.17104226,-0.7415904,0.26633725
1625.0,-2.1571758,-3.0262709,11.513716,-0.21868975,-0.66950834,-0.93828905
1637.0,-2.111686,-0.1316811,9.9550905,-0.66828656,-0.5864306,-1.7458528
1645.0,-1.7549498,0.074220255,10.54167,-1.0983357,-0.46303585,-1.5137241
1655.0,-0.9744401,-2.0159178,12.186486,-1.4587462,-0.2565634,-0.78801614
1665.0,-0.035913024,-3.8307228,12.825739,-1.6444492,-0.030543262,-0.3481932
1676.0,0.39983168,-4.189853,12.653356,-0.6365216,0.13561209,-0.5888741
1685.0,0.25617957,-3.9145198,11.848905,-0.6365216,0.13561209,-0.5888741
1696.0,-0.033518825,-3.4356794,10.852917,0.0012217305,0.1160644,-0.64873886
1706.0,-0.6727707,-2.9712043,10.067618,0.16493362,0.14049901,-0.54244834
1715.0,-1.1540052,-2.954445,9.742006,-0.0061086523,0.19792034,-0.37751472
1724.0,-1.5969325,-3.157952,9.564836,-0.18203785,0.23945917,-0.23457226
1735.0,-1.8555063,-3.3854012,9.540894,-0.24801129,0.23579398,-0.118507855
1745.0,-1.7860745,-3.4739866,9.416395,-0.24923302,0.18448131,-0.02321288
1755.0,-1.6591818,-3.0238767,9.16261,-0.19547687,0.09407325,0.040317107
1763.0,-1.8219875,-2.6767175,9.002198,-0.10873401,0.07696902,0.030543262
1774.0,-2.2481554,-2.4157495,8.755595,-0.0061086523,0.065973446,0.04153884
1785.0,-2.3798366,-2.396596,8.580819,0.06963864,0.05131268,0.0720821
1794.0,-2.5713725,-2.3894134,8.552089,0.09285152,0.040317107,0.09773844
1805.0,-2.4157495,-2.3678656,8.628703,0.062308256,0.030543262,0.10140363
1817.0,-2.2457612,-2.5019407,8.628703,0.0,0.019547688,0.09162979
1825.0,-2.0757728,-2.8083985,8.628703,-0.06352998,0.021991149,0.089186326
1836.0,-1.9033904,-3.1028855,8.74123,-0.09773844,0.02443461,0.09407325
1845.0,-1.8411411,-3.2345665,8.700529,-0.087964594,0.032986723,0.09773844
1856.0,-1.7381904,-3.2369606,8.7292595,-0.02565634,0.028099801,0.09162979
1864.0,-1.6711528,-3.301604,8.789114,0.07086037,0.017104227,0.07941248
1878.0,-1.5825673,-3.2321723,8.698134,0.14660765,0.008552114,0.065973446
1884.0,-1.3910311,-2.966416,8.750807,0.16493362,0.0036651916,0.04642576
1896.0,-1.3263878,-2.755726,8.7532015,0.15149458,0.007330383,0.021991149
1904.0,-1.2904748,-2.5929205,8.798691,0.118507855,0.021991149,-0.0036651916
1915.0,-1.2521675,-2.516306,8.942344,0.0720821,0.043982297,-0.02321288
1923.0,-1.2306197,-2.6072857,9.0237465,0.02565634,0.065973446,-0.028099801
1935.0,-1.2425907,-2.552219,9.066842,-0.008552114,0.0842994,-0.02565634
1945.0,-1.3144168,-2.542642,9.160215,-0.032986723,0.09407325,-0.030543262
1955.0,-1.3335704,-2.4420857,9.217676,-0.04886922,0.10262536,-0.04520403
1966.0,-1.3455414,-2.456451,9.239224,-0.059864793,0.11484267,-0.062308256
1976.0,-1.3838485,-2.4756045,9.277532,-0.05131268,0.12217305,-0.06841691
1984.0,-1.388637,-2.4875755,9.399636,-0.02321288,0.118507855,-0.06352998
1996.0,-1.4580688,-2.5067291,9.40203,0.009773844,0.11362094,-0.052534413
2006.0,-1.4987702,-2.5258827,9.375694,0.037873644,0.10262536,-0.040317107
2016.0,-1.5251064,-2.4971523,9.40203,0.056199603,0.09407325,-0.032986723
2026.0,-1.5275006,-2.480393,9.337387,0.056199603,0.08307768,-0.030543262
2035.0,-1.4652514,-2.5115175,9.452309,0.052534413,0.07574729,-0.018325957
2044.0,-1.4460979,-2.6623523,9.445126,0.06719518,0.06719518,0.007330383
2054.0,-1.448492,-2.6743233,9.469068,0.09773844,0.05375614,0.035430185
2079.0,-1.5586253,-2.4947581,9.3421755,0.13072516,0.034208454,0.056199603
2079.0,-1.6017209,-2.231396,9.19134,0.13927728,0.010995574,0.06352998
2084.0,-1.5442601,-2.1308396,9.136273,0.12461651,-0.0061086523,0.062308256
2097.0,-1.5011644,-2.0231004,9.085996,0.08307768,-0.014660766,0.058643065
2102.0,-1.484405,-2.1404164,9.179369,0.028099801,-0.010995574,0.061086524
2114.0,-1.4077905,-2.3702598,9.198523,-0.012217305,-0.008552114,0.073303826
2123.0,-1.4221559,-2.5474305,9.141062,-0.02565634,-0.02076942,0.081855945
2134.0,-1.3910311,-2.6408045,9.234436,-0.032986723,-0.017104227,0.07086037
2143.0,-1.3838485,-2.6719291,9.188946,-0.037873644,-0.021991149,0.04642576
2154.0,-1.3670892,-2.6743233,9.138668,-0.032986723,-0.017104227,0.032986723
2164.0,-1.3718776,-2.6647465,9.148245,-0.02565634,-0.017104227,0.032986723
2175.0,-1.3670892,-2.5881321,8.980651,-0.02687807,-0.018325957,0.034208454
2183.0,-1.2354081,-2.5474305,8.937555,-0.04153884,-0.013439035,0.030543262
2194.0,-1.3503298,-2.5905263,8.939949,-0.062308256,-0.0061086523,0.02321288
2205.0,-1.3072342,-2.6001031,8.9519205,-0.07819075,-0.0012217305,0.015882496
2214.0,-1.3838485,-2.6001031,8.944737,-0.07819075,0.0061086523,0.008552114
2224.0,-1.3718776,-2.6479871,9.030929,-0.059864793,0.008552114,0.002443461
2236.0,-1.3479356,-2.5929205,9.01417,-0.037873644,0.009773844,-0.0061086523
2244.0,-1.412579,-2.5450363,9.078813,-0.021991149,0.012217305,-0.014660766
2254.0,-1.4437037,-2.6048915,9.188946,-0.017104227,0.013439035,-0.02321288
2263.0,-1.484405,-2.6551697,9.155427,-0.021991149,0.018325957,-0.02687807
2274.0,-1.4891934,-2.6839,9.167398,-0.03176499,0.018325957,-0.028099801
2284.0,-1.5921441,-2.6168625,9.169792,-0.04153884,0.017104227,-0.02565634
2295.0,-1.5490485,-2.5689783,9.210494,-0.039095376,0.012217305,-0.02687807
2305.0,-1.5801731,-2.5474305,9.208099,-0.032986723,0.010995574,-0.032986723
2315.0,-1.6424223,-2.6192567,9.0716305,-0.034208454,0.013439035,-0.034208454
2324.0,-1.6663644,-2.6384103,9.165004,-0.04153884,0.013439035,-0.02565634
2333.0,-1.6184803,-2.8107927,9.208099,-0.042760566,0.018325957,-0.014660766
2344.0,-1.6208745,-2.9520507,9.193734,-0.02321288,0.021991149,-0.002443461
2356.0,-1.7022774,-2.9161377,9.25359,0.0036651916,0.02076942,0.008552114
2366.0,-1.7118542,-2.9376855,9.306262,0.037873644,0.018325957,0.018325957
2376.0,-1.6448165,-2.7964275,9.284714,0.07696902,0.014660766,0.029321533
2385.0,-1.7046716,-2.6312277,9.291897,0.10140363,0.009773844,0.034208454
2394.0,-1.6639702,-2.5139117,9.258378,0.09773844,0.009773844,0.036651913
2404.0,-1.6400281,-2.5091233,9.217676,0.07086037,0.019547688,0.04153884
2415.0,-1.5969325,-2.6408045,9.222465,0.043982297,0.032986723,0.04886922
2425.0,-1.6304513,-2.7724855,9.167398,0.037873644,0.039095376,0.05497787
2437.0,-1.6472107,-2.7222073,9.289502,0.05375614,0.04153884,0.05375614
2446.0,-1.6256629,-2.6839,9.244013,0.080634214,0.04153884,0.05131268
2456.0,-1.5586253,-2.705448,9.229648,0.10751228,0.04153884,0.04642576
2466.0,-1.6256629,-2.4779987,9.215282,0.119729586,0.04153884,0.043982297
2478.0,-1.6232687,-2.516306,9.157822,0.118507855,0.042760566,0.042760566
2485.0,-1.5729905,-2.4157495,9.114726,0.1001819,0.04153884,0.039095376
2496.0,-1.5753847,-2.384625,9.205706,0.06841691,0.05131268,0.030543262
2506.0,-1.5658079,-2.4277205,9.157822,0.040317107,0.056199603,0.02687807
2515.0,-1.5346833,-2.5187001,9.198523,0.021991149,0.056199603,0.029321533
2525.0,-1.4796166,-2.4875755,9.174581,0.010995574,0.057421334,0.028099801
2536.0,-1.5251064,-2.492364,9.193734,0.012217305,0.058643065,0.018325957
2546.0,-1.4820108,-2.4013844,9.085996,0.02565634,0.04886922,0.007330383
2557.0,-1.4867992,-2.3175871,9.155427,0.029321533,0.04153884,0.0036651916
2566.0,-1.5107412,-2.3439236,9.157822,0.02321288,0.04153884,0.002443461
2577.0,-1.5155296,-2.3415294,9.155427,0.02076942,0.03176499,-0.0012217305
2587.0,-1.532289,-2.372654,9.119514,0.02076942,0.03176499,-0.0012217305
2597.0,-1.4891934,-2.372654,9.085996,0.017104227,0.028099801,-0.008552114
2605.0,-1.4676456,-2.3535004,9.074024,0.018325957,0.02443461,-0.007330383
2614.0,-1.4891934,-2.396596,8.995016,0.02321288,0.012217305,-0.004886922
2625.0,-1.5466543,-2.3008277,8.968679,0.010995574,-0.0036651916,-0.013439035
2636.0,-1.5466543,-2.3678656,8.99741,-0.004886922,-0.009773844,-0.015882496
2645.0,-1.4939818,-2.4229321,8.89446,-0.019547688,-0.014660766,-0.018325957
2656.0,-1.5370775,-2.4947581,8.8777,-0.035430185,-0.017104227,-0.018325957
2666.0,-1.5993267,-2.56419,8.872911,-0.04642576,-0.019547688,-0.021991149
2677.0,-1.6663644,-2.5354595,8.983045,-0.05009095,-0.02321288,-0.029321533
2686.0,-1.6711528,-2.4971523,9.059659,-0.042760566,-0.02321288,-0.036651913
2695.0,-1.661576,-2.566584,9.176975,-0.034208454,-0.02687807,-0.036651913
2704.0,-1.721431,-2.5187001,9.196129,-0.036651913,-0.02565634,-0.032986723
2718.0,-1.7262194,-2.4875755,9.119514,-0.04153884,-0.02443461,-0.03176499
2724.0,-1.7621324,-2.5187001,9.136273,-0.047647487,-0.019547688,-0.032986723
2734.0,-1.7022774,-2.4827871,9.121908,-0.061086524,-0.017104227,-0.035430185
2744.0,-1.7262194,-2.3630772,9.23683,-0.081855945,-0.012217305,-0.037873644
2755.0,-1.7022774,-2.540248,9.272743,-0.09773844,-0.002443461,-0.039095376
2765.0,-1.7046716,-2.7030537,9.394848,-0.10262536,0.002443461,-0.03176499
2778.0,-1.733402,-2.765303,9.385271,-0.09162979,0.0012217305,-0.02565634
2787.0,-1.7190368,-2.882619,9.478644,-0.07086037,-0.002443461,-0.02443461
2796.0,-1.673547,-2.834735,9.459491,-0.05009095,-0.007330383,-0.028099801
2807.0,-1.7118542,-2.779668,9.461885,-0.036651913,-0.010995574,-0.030543262
2816.0,-1.6280571,-2.791639,9.404425,-0.034208454,-0.012217305,-0.02321288
2824.0,-1.6759412,-2.8107927,9.301474,-0.029321533,-0.010995574,-0.009773844
2837.0,-1.6831238,-2.8993783,9.212888,-0.014660766,-0.009773844,0.0036651916
2843.0,-1.5897499,-2.693477,9.263166,0.008552114,-0.007330383,0.014660766
2853.0,-1.5634137,-2.743755,9.205706,0.032986723,-0.0061086523,0.021991149
2864.0,-1.5514427,-2.6503813,9.220071,0.05009095,-0.0012217305,0.030543262
2875.0,-1.5490485,-2.5905263,9.208099,0.057421334,0.004886922,0.040317107
2884.0,-1.532289,-2.56419,9.260772,0.05009095,0.021991149,0.043982297
2894.0,-1.436521,-2.621651,9.179369,0.039095376,0.039095376,0.043982297
2903.0,-1.4173675,-2.6312277,9.19134,0.037873644,0.04153884,0.04520403
2913.0,-1.4748282,-2.5881321,9.160215,0.037873644,0.052534413,0.04520403
2923.0,-1.436521,-2.681506,9.093178,0.036651913,0.059864793,0.036651913
2932.0,-1.4269443,-2.6791117,9.076419,0.034208454,0.06352998,0.02687807
2942.0,-1.436521,-2.657564,9.124303,0.028099801,0.07452556,0.015882496
2953.0,-1.520318,-2.6671407,9.097966,0.019547688,0.07819075,0.007330383
2962.0,-1.5777789,-2.693477,9.105149,0.010995574,0.081855945,0.0061086523
2973.0,-1.5610195,-2.6144683,9.059659,0.004886922,0.087964594,0.0036651916
2982.0,-1.6280571,-2.6144683,9.069236,0.0036651916,0.08674286,0.0012217305
2994.0,-1.661576,-2.585738,8.973468,0.0,0.081855945,-0.002443461
3003.0,-1.6208745,-2.5737667,9.01417,-0.0036651916,0.0842994,0.0
3014.0,-1.6759412,-2.4708161,8.963891,-0.008552114,0.080634214,0.0012217305
3025.0,-1.6639702,-2.4612393,8.961497,-0.014660766,0.07574729,-0.0036651916
