25.0,-1.508347,-0.89064306,9.220071,-0.007330383,0.05131268,-0.028099801
37.0,-1.4628572,-0.89064306,9.167398,0.16249016,0.12461651,-0.062308256
39.0,-1.5658079,-0.7613561,9.229648,-0.0012217305,-0.26389378,-0.27855456
48.0,-1.553837,-0.7422025,9.215282,-0.15149458,-0.43127087,-0.3885103
58.0,-1.5634137,-0.8619126,9.28232,-0.13072516,0.33964106,-0.1001819
78.0,-1.553837,-0.9672575,9.3421755,-0.2443461,0.344528,-0.18203785
79.0,-1.541866,-1.0199299,9.270349,-0.32986724,0.15027285,-0.3481932
88.0,-1.508347,-1.0941502,9.294291,-0.35308012,-0.013439035,-0.46670106
99.0,-1.4748282,-1.1348516,9.215282,-0.37018433,-0.0061086523,-0.5045747
108.0,-1.5179238,-1.2497733,9.193734,-0.39095375,0.002443461,-0.54367006
120.0,-1.5801731,-1.2186487,9.229648,-0.4129449,0.010995574,-0.58276546
129.0,-1.5370775,-1.1971009,9.217676,-0.44959682,0.019547688,-0.61575216
140.0,-1.4915876,-1.1971009,9.291897,-0.5009095,0.028099801,-0.643852
148.0,-1.5011644,-1.1851299,9.248801,-0.5681047,0.042760566,-0.6731735
158.0,-1.4317327,-1.2258313,9.244013,-0.65240407,0.057421334,-0.70738196
169.0,-1.4628572,-1.3670892,9.232041,-0.7415904,0.07574729,-0.7464773
178.0,-1.3982137,-1.4580688,9.14585,-0.8222246,0.09773844,-0.784351
188.0,-1.3096284,-1.6424223,9.215282,-0.8918633,0.118507855,-0.82711154
200.0,-1.2785037,-1.6903064,9.234436,-0.9505063,0.13927728,-0.8772025
208.0,-1.2330139,-1.6927006,9.143456,-1.0054842,0.15760323,-0.9370673
220.0,-1.2234371,-1.733402,8.99741,-1.070236,0.17715092,-1.0030408
228.0,-1.2066777,-1.8363527,8.841787,-1.1459832,0.20280726,-1.0690142
239.0,-1.103727,-2.0590134,8.801085,-1.2217305,0.24312437,-1.1276573
248.0,-1.1563994,-2.327164,8.693346,-1.2974777,0.28955013,-1.1728612
260.0,-1.2665327,-2.7030537,8.698134,-1.3548992,0.33964106,-1.1997393
269.0,-1.4939818,-3.1531637,8.746018,-1.378112,0.376293,-1.2009611
278.0,-1.7405846,-3.4332852,8.693346,-1.3695599,0.3933972,-1.1801916
288.0,-1.9967642,-3.8594532,8.585608,-1.3475688,0.3921755,-1.1459832
298.0,-2.1811178,-4.321534,8.578424,-1.3011429,0.3848451,-1.0983357
308.0,-2.3415294,-4.699818,8.619126,-1.2082914,0.3567453,-1.0433578
320.0,-2.528277,-5.0254292,8.571242,-1.0690142,0.31520647,-0.98715824
328.0,-2.6360161,-5.267244,8.465898,-0.9114109,0.27122417,-0.91996306
340.0,-2.6240451,-5.3701944,8.4108305,-0.7476991,0.2284636,-0.8356637
348.0,-2.6001031,-5.590461,8.429984,-0.5839872,0.19425514,-0.74281216
358.0,-2.6001031,-5.717354,8.528147,-0.44715336,0.15760323,-0.6414085
369.0,-2.5258827,-5.9783216,8.597578,-0.3494149,0.13072516,-0.53878313
379.0,-2.480393,-6.0764837,8.631097,-0.27000242,0.10629055,-0.44837508
388.0,-2.4061728,-6.045359,8.710106,-0.17959438,0.080634214,-0.36896262
399.0,-2.2864625,-5.93762,8.604761,-0.07819075,0.05009095,-0.2846632
408.0,-2.3080103,-5.853823,8.6095495,-0.010995574,0.02076942,-0.204029
419.0,-2.2577322,-5.580884,8.53054,0.002443461,0.002443461,-0.13439035
428.0,-2.1212628,-5.506664,8.437167,-0.032986723,-0.02443461,0.0
440.0,-2.1308396,-5.3678,8.3868885,-0.032986723,-0.02443461,0.0
448.0,-2.0374656,-5.2744265,8.269572,-0.040317107,-0.03176499,0.05009095
459.0,-1.9776106,-5.279215,8.343793,-0.040317107,-0.040317107,0.08552113
469.0,-1.934515,-5.185841,8.303091,-0.036651913,-0.05131268,0.112399206
479.0,-1.8650831,-5.032612,8.298303,-0.05009095,-0.07086037,0.16737708
488.0,-1.8243817,-4.7764325,8.214506,-0.07696902,-0.07574729,0.1966986
500.0,-1.8459295,-4.7405195,8.195353,-0.10995574,-0.07941248,0.20891592
508.0,-1.8339585,-4.594473,8.231265,-0.14172074,-0.08552113,0.20647246
519.0,-1.9177556,-4.4220905,8.2169,-0.18081611,-0.087964594,0.20769419
528.0,-1.9871874,-4.3263226,8.236053,-0.22602014,-0.09285152,0.21502456
540.0,-1.9560628,-4.2664676,8.231265,-0.26267207,-0.09285152,0.21868975
549.0,-1.9321208,-4.2760444,8.2169,-0.2761111,-0.09162979,0.20891592
560.0,-1.8674773,-4.24492,8.305486,-0.26511553,-0.089186326,0.1881465
568.0,-1.9321208,-4.237737,8.4347725,-0.23945917,-0.09162979,0.16249016
579.0,-1.9871874,-3.9624038,8.6095495,-0.23823744,-0.09162979,0.13683382
589.0,-2.0039468,-3.787627,8.765172,-0.27977628,-0.07086037,0.118507855
599.0,-1.9967642,-3.7229836,8.930372,-0.36285394,-0.034208454,0.105068825
608.0,-2.0207062,-3.739743,9.076419,-0.47891834,0.002443461,0.08552113
623.0,-2.0901382,-3.8953662,9.124303,-0.6414085,0.042760566,0.05131268
630.0,-2.1404164,-3.9336734,9.184157,-0.8222246,0.09285152,0.0012217305
644.0,-2.3630772,-4.1419687,9.179369,-0.97249746,0.14049901,-0.05375614
651.0,-2.3750482,-4.4819455,9.13388,-1.0531317,0.19181168,-0.105068825
663.0,-2.528277,-4.7907977,9.222465,-1.0629056,0.27122417,-0.14660765
671.0,-2.7222073,-5.1020436,9.315839,-1.0677924,0.3726278,-0.17959438
684.0,-2.896984,-5.2002063,9.624691,-1.1594223,0.5009095,-0.19792034
691.0,-3.0909145,-5.29358,9.67018,-1.3610078,0.66339964,-0.19547687
702.0,-3.5098996,-5.7484784,9.61272,-1.5858061,0.82711154,-0.18081611
711.0,-3.8163576,-6.3087215,9.696517,-1.8777997,0.9602802,-0.15149458
722.0,-4.10845,-6.6534867,9.454702,-2.257758,1.0824533,-0.10751228
731.0,-4.3119574,-6.8306575,9.284714,-2.6303856,1.219287,-0.035430185
744.0,-4.546589,-7.204153,9.138668,-2.905275,1.351234,0.089186326
751.0,-4.8865657,-7.735666,8.829816,-3.0482175,1.4648548,0.25900686
762.0,-5.2002063,-8.485051,8.556877,-3.128852,1.5613716,0.45081854
771.0,-5.506664,-8.9040365,8.322245,-3.2192597,1.640784,0.6536258
783.0,-5.657499,-9.385271,8.078036,-3.2888985,1.7128662,0.8539896
792.0,-5.595249,-10.1226845,7.419631,-3.2510247,1.7947221,1.0433578
804.0,-5.815516,-10.888829,6.7851677,-3.037222,1.858252,1.2082914
812.0,-6.0118403,-11.403583,6.4787097,-2.64749,1.881465,1.351234
823.0,-6.05733,-11.86327,5.935226,-2.0879374,1.8936822,1.5210545
831.0,-5.9160724,-11.87524,5.6670756,-1.4257594,1.8741345,1.6933185
843.0,-5.8442464,-11.729194,5.33907,-0.7770206,1.8387043,1.8277088
852.0,-5.7365074,-11.073183,4.9464207,-0.2773328,1.7873917,1.9486601
863.0,-5.695806,-10.407595,4.4819455,-0.019547688,1.7373008,2.0867157
871.0,-5.544971,-10.271125,4.0581717,0.059864793,1.6786577,2.2284365
883.0,-5.45878,-10.280702,3.620033,0.080634214,1.5968018,2.339614
892.0,-5.389348,-10.405201,3.2154129,0.105068825,1.4892895,2.4251351
901.0,-5.2648497,-10.311827,2.8299465,0.14905111,1.3634512,2.5008824
912.0,-5.068525,-10.25676,2.552219,0.24190263,1.2229522,2.5607471
924.0,-4.912902,-9.933543,2.3439236,0.3921755,1.0726794,2.597399
932.0,-4.829105,-9.433155,2.2170308,0.59864795,0.9126327,2.6254988
944.0,-4.606444,-9.018958,2.2529438,0.8491027,0.73548174,2.6645942
951.0,-4.5202527,-8.556877,2.372654,1.0983357,0.5644395,2.7171285
962.0,-4.4220905,-8.039729,2.3295584,1.3072516,0.3848451,2.7574458
972.0,-4.2042184,-7.4244194,1.9776106,1.4672983,0.1881465,2.77455
983.0,-4.096479,-6.7971387,1.5753847,1.5625933,-0.012217305,2.7769935
992.0,-3.9624038,-6.205771,1.2761095,1.5845845,-0.22724187,2.7843237
1003.0,-3.845088,-5.6766524,1.0103531,1.5515977,-0.45204028,2.7843237
1012.0,-3.881001,-5.0900726,0.878672,1.4905112,-0.70371675,2.7684412
1025.0,-3.787627,-4.4675803,0.7733272,1.4477507,-0.9773844,2.7464502
1032.0,-3.6104562,-3.9145198,0.7158663,1.4416419,-1.2522738,2.7281241
1063.0,-3.4404678,-3.25372,0.7469909,1.4819591,-1.5344934,2.7073548
1063.0,-3.277662,-2.7581203,0.78769237,1.5577064,-1.8032742,2.669481
1063.0,-3.0813377,-2.303222,0.7781156,1.6346754,-2.0476203,2.6108382
1071.0,-2.9233203,-1.9369092,0.8882488,1.6945401,-2.2589796,2.5314255
1080.0,-2.6791117,-1.5658079,0.90021986,1.7324139,-2.4373524,2.4361305
1091.0,-2.3918076,-1.316811,0.9696517,1.7336355,-2.6047294,2.3420575
1102.0,-2.1571758,-0.9935937,1.1252748,1.6762142,-2.756224,2.26631
1111.0,-1.9440918,-0.8283938,1.400608,1.5699236,-2.9077187,2.2149973
1121.0,-1.6136919,-0.6584055,1.8387469,1.4465289,-3.0469959,2.1746802
1131.0,-1.2282255,-0.3878607,2.5019407,1.3768903,-3.2021556,2.1319196
1141.0,-0.9744401,-0.32321724,3.0262709,1.382999,-3.3438764,2.090381
1151.0,-0.82599956,-0.272939,3.5122938,1.4355333,-3.4416149,2.0476203
1163.0,-0.6823475,-0.1364695,3.9815574,1.4978416,-3.5027013,1.9889772
1170.0,-0.48123455,0.272939,4.489128,1.582141,-3.5295794,1.91323
1181.0,-0.32321724,0.7206547,5.1140146,1.7030923,-3.5246925,1.8252654
1192.0,-0.20111294,1.5658079,5.592855,1.8228219,-3.4880404,1.717753
1202.0,0.035913024,2.4756045,6.0142345,1.8826867,-3.4159584,1.6016886
1212.0,0.16280572,3.2465374,6.0621185,1.8106046,-3.3255503,1.4892895
1223.0,0.15801731,3.5458126,6.0357823,1.5577064,-3.2436945,1.3817772
1232.0,0.1436521,3.5290532,6.169858,1.1618657,-3.1716123,1.2742649
1244.0,-0.011971008,3.5075054,6.4906807,0.73792523,-3.1166344,1.1594223
1260.0,-0.06703765,3.6990416,7.1826053,0.36163223,-3.0763173,1.0396926
1262.0,-0.047884032,3.6966474,8.0684595,0.036651913,-3.037222,0.93584555
1270.0,0.24660277,3.3255463,8.801085,-0.25045475,-2.9724703,0.8686504
1283.0,0.58418524,2.372654,9.394848,-0.4654793,-2.9150488,0.829555
1292.0,0.89782566,1.5442601,9.694122,-0.5571091,-2.8771753,0.79045963
1301.0,0.878672,0.93134445,9.662998,-0.51923543,-2.8490756,0.73914695
1312.0,0.878672,0.557849,9.332599,-0.3933972,-2.8405235,0.6768387
1322.0,0.4405331,1.0486604,8.722076,-0.5326745,-2.93704,0.6035349
1331.0,1.6232687,5.920861,20.465635,-4.348139,-1.0115929,-0.44104472
1344.0,5.566519,12.306197,25.22531,-4.348139,-1.0115929,-0.44104472
1352.0,4.1659107,8.259995,19.685127,-2.5265386,-0.65118235,-1.1142182
1363.0,3.502717,4.3502645,13.522451,-0.7110472,-0.86742866,-0.9114109
1372.0,1.0893618,-3.739743,10.117896,-0.83199847,-0.50579643,-0.13194689
1383.0,-2.6791117,-8.099585,9.969456,-1.2644911,-0.7244862,-0.0061086523
1391.0,-2.5378537,-2.7700913,10.764331,-0.46792278,-1.0592403,-0.3408628
1404.0,-0.35434186,-0.80924016,10.139444,0.010995574,-1.1410962,-0.31398472
1411.0,1.0462662,-0.19871874,9.959879,0.04642576,-1.0177015,-0.004886922
1422.0,1.079785,-0.32321724,10.919954,-0.04642576,-0.8405506,0.20769419
1431.0,0.37828386,-0.10295067,12.078748,-0.019547688,-0.7440339,0.17348573
1443.0,-0.2753332,0.59136784,12.849681,0.09162979,-0.6927212,0.034208454
1451.0,-0.090979666,1.4053963,12.859258,0.119729586,-0.61208695,-0.04520403
1463.0,0.22505496,1.5490485,12.437878,-0.0036651916,-0.46792278,-0.043982297
1472.0,0.557849,1.0630256,11.894394,-0.1881465,-0.3200934,-0.032986723
1483.0,0.24420857,0.50038815,11.599907,-0.30543262,-0.22357668,-0.05131268
1492.0,-0.1412579,0.038307227,11.415554,-0.29077184,-0.17837265,-0.07696902
1504.0,-0.2753332,-0.24660277,11.326968,-0.18570304,-0.17104226,-0.07452556
1511.0,-0.14844051,-0.24420857,11.044453,-0.096516706,-0.17104226,-0.05375614
1524.0,0.19632454,-0.10295067,10.85531,-0.06719518,-0.14294247,-0.04886922
1532.0,0.4237737,-0.076614454,10.78109,-0.064751714,-0.089186326,-0.06841691
1544.0,0.39264908,-0.16759412,10.776301,-0.039095376,-0.035430185,-0.09040806
1552.0,0.31603462,-0.36391866,10.828975,0.028099801,0.0012217305,-0.089186326
1562.0,0.36631286,-0.4285621,10.70687,0.10873401,0.02321288,-0.06841691
1571.0,0.30645782,-0.37349546,10.5680065,0.1600467,0.05131268,-0.052534413
1583.0,0.4141969,-0.2825158,10.398018,0.17348573,0.07941248,-0.057421334
1592.0,0.29688102,-0.1412579,10.18254,0.16493362,0.103847094,-0.07452556
1603.0,0.16280572,0.007182605,10.06283,0.13683382,0.12339478,-0.08307768
1612.0,0.15562311,0.059855044,9.969456,0.09407325,0.13683382,-0.07574729
1622.0,0.16519992,-0.02633622,9.883265,0.047647487,0.14782938,-0.058643065
1632.0,0.14604631,-0.08140286,9.818622,0.018325957,0.15393804,-0.052534413
1645.0,0.1340753,-0.19393034,9.703699,0.014660766,0.15271631,-0.058643065
1653.0,0.12210429,-0.24420857,9.703699,0.02321288,0.14172074,-0.058643065
1663.0,0.24899697,-0.2896984,9.694122,0.029321533,0.13439035,-0.04520403
1672.0,0.22026655,-0.2896984,9.672575,0.034208454,0.13439035,-0.02565634
1683.0,0.090979666,-0.2681506,9.646238,0.043982297,0.12950343,-0.010995574
1692.0,0.17238252,-0.20829555,9.555259,0.056199603,0.12339478,-0.004886922
1704.0,0.12928689,-0.25617957,9.473856,0.064751714,0.12217305,-0.0036651916
1712.0,0.074220255,-0.11731588,9.449914,0.06841691,0.118507855,0.0012217305
1723.0,0.08379706,-0.11731588,9.478644,0.064751714,0.112399206,0.0061086523
1732.0,-0.007182605,-0.10055647,9.414001,0.05131268,0.10262536,0.0012217305
1744.0,0.011971008,-0.02873042,9.399636,0.030543262,0.095294975,-0.009773844
1752.0,-0.06464344,-0.047884032,9.3421755,0.010995574,0.096516706,-0.015882496
1763.0,-0.11252748,-0.10534488,9.454702,0.0036651916,0.08552113,-0.017104227
1772.0,-0.1316811,-0.06464344,9.457097,0.004886922,0.07574729,-0.017104227
1783.0,-0.079008654,-0.18674773,9.531317,0.007330383,0.0720821,-0.014660766
1792.0,-0.02633622,-0.21068975,9.543288,0.017104227,0.064751714,-0.013439035
1803.0,0.050278235,-0.25378537,9.464279,0.028099801,0.062308256,-0.015882496
1812.0,0.074220255,-0.19632454,9.461885,0.037873644,0.058643065,-0.02076942
1824.0,0.095768064,-0.25857377,9.449914,0.04153884,0.05497787,-0.028099801
1832.0,0.038307227,-0.23463176,9.41879,0.042760566,0.042760566,-0.03176499
1844.0,-0.0047884034,-0.11971009,9.49301,0.035430185,0.029321533,-0.032986723
1852.0,-0.038307227,-0.11971009,9.378088,0.02321288,0.015882496,-0.030543262
1861.0,-0.02873042,-0.11492168,9.483433,0.009773844,-0.0012217305,-0.030543262
1875.0,0.04309563,-0.08619126,9.557653,-0.004886922,-0.012217305,-0.030543262
1884.0,0.033518825,-0.20829555,9.545682,-0.019547688,-0.013439035,-0.03176499
1892.0,0.031124622,-0.1436521,9.64145,-0.02443461,-0.02076942,-0.030543262
1903.0,0.0023942017,-0.2801216,9.610326,-0.019547688,-0.02687807,-0.028099801
1913.0,-0.06943185,-0.31603462,9.631873,-0.009773844,-0.042760566,-0.02321288
1923.0,-0.09816227,-0.31124622,9.660604,-0.0061086523,-0.04642576,-0.017104227
1932.0,-0.090979666,-0.31364042,9.64145,-0.002443461,-0.061086524,-0.013439035
1945.0,-0.08379706,-0.23223756,9.698911,0.0,-0.06841691,-0.009773844
1951.0,-0.04309563,-0.23223756,9.722853,0.0061086523,-0.064751714,-0.0012217305
1962.0,0.016759412,-0.16759412,9.797073,0.013439035,-0.06719518,0.0061086523
1971.0,0.050278235,-0.272939,9.773131,0.007330383,-0.061086524,0.004886922
1981.0,0.095768064,-0.2657564,9.770737,-0.010995574,-0.05131268,-0.0012217305
1991.0,0.17238252,-0.24660277,9.7803135,-0.039095376,-0.042760566,-0.002443461
2002.0,0.18195933,-0.2801216,9.715671,-0.073303826,-0.018325957,0.0036651916
2011.0,0.25857377,-0.20829555,9.679757,-0.09773844,0.013439035,0.009773844
2021.0,0.22266077,-0.24660277,9.6845455,-0.089186326,0.029321533,0.014660766
2030.0,0.22984336,-0.38307226,9.667787,-0.064751714,0.04520403,0.021991149
2049.0,0.20590134,-0.34476504,9.574412,-0.037873644,0.05497787,0.029321533
2054.0,0.19153613,-0.272939,9.61272,-0.004886922,0.064751714,0.032986723
2060.0,0.11731588,-0.320823,9.713276,0.04153884,0.073303826,0.034208454
2069.0,0.11252748,-0.36631286,9.828198,0.10140363,0.07941248,0.04153884
2081.0,0.009576807,-0.4141969,9.825804,0.15027285,0.065973446,0.057421334
2091.0,-0.1412579,-0.33758244,9.734824,0.15760323,0.034208454,0.07086037
2101.0,-0.15322891,-0.02633622,9.586384,0.09773844,0.0036651916,0.06963864
2110.0,-0.12928689,0.37349546,9.504981,-0.0036651916,-0.008552114,0.056199603
2122.0,0.09816227,0.4261679,9.478644,-0.09773844,-0.002443461,0.04642576
2130.0,0.088585466,0.33758244,9.502586,-0.15515977,0.004886922,0.04520403
2142.0,0.090979666,-0.02633622,9.519346,-0.18936823,0.0061086523,0.05497787
2151.0,0.076614454,-0.15562311,9.461885,-0.21380283,-0.0012217305,0.06352998
2163.0,0.04070143,-0.39743748,9.526528,-0.204029,-0.0036651916,0.059864793
2172.0,-0.031124622,-0.37110126,9.646238,-0.1441642,-0.012217305,0.043982297
2182.0,-0.045489833,-0.21308395,9.696517,-0.06841691,-0.02321288,0.030543262
2192.0,-0.021547815,-0.1316811,9.799467,-0.017104227,-0.03176499,0.030543262
2203.0,-0.06703765,-0.06464344,9.861717,-0.009773844,-0.03176499,0.035430185
2213.0,-0.035913024,-0.079008654,9.842564,-0.02565634,-0.032986723,0.03176499
2223.0,-0.055066638,-0.035913024,9.876082,-0.05131268,-0.03176499,0.019547688
2233.0,-0.05267244,-0.11252748,9.883265,-0.11484267,-0.019547688,0.0
2245.0,-0.009576807,-0.18674773,9.811439,-0.11484267,-0.019547688,0.0
2253.0,-0.06943185,-0.36152446,9.818622,-0.13805555,-0.013439035,0.002443461
2262.0,-0.062249243,-0.58897364,9.880871,-0.07696902,-0.019547688,0.015882496
2272.0,0.047884032,-0.60812724,9.698911,-0.018325957,-0.030543262,0.02076942
2283.0,0.021547815,-0.45010993,9.679757,0.028099801,-0.03176499,0.021991149
2292.0,0.038307227,-0.3878607,9.674969,0.043982297,-0.03176499,0.02687807
2304.0,0.055066638,-0.35673606,9.694122,0.02687807,-0.029321533,0.03176499
2313.0,0.007182605,-0.2633622,9.67018,-0.0061086523,-0.02443461,0.034208454
2323.0,0.0023942017,-0.23702596,9.727641,-0.032986723,-0.021991149,0.03176499
2334.0,0.10295067,-0.23463176,9.794679,-0.047647487,-0.02321288,0.028099801
2345.0,0.06943185,-0.2633622,9.753978,-0.05497787,-0.019547688,0.028099801
2354.0,0.09816227,-0.35194764,9.665392,-0.05497787,-0.009773844,0.029321533
2364.0,0.11971009,-0.34955344,9.64145,-0.047647487,-0.002443461,0.03176499
2373.0,0.08619126,-0.47165772,9.713276,-0.032986723,0.0012217305,0.032986723
2382.0,0.11252748,-0.49081135,9.674969,-0.02321288,0.004886922,0.032986723
2391.0,0.110133275,-0.4237737,9.701305,-0.02687807,0.009773844,0.029321533
2401.0,0.088585466,-0.39025488,9.720459,-0.032986723,0.014660766,0.02565634
2413.0,0.055066638,-0.4261679,9.797073,-0.034208454,0.021991149,0.02443461
2424.0,0.10534488,-0.32561144,9.816227,-0.029321533,0.028099801,0.02321288
2433.0,0.08140286,-0.29448682,9.7563715,-0.02321288,0.032986723,0.02321288
2444.0,0.10055647,-0.2777274,9.77792,-0.02321288,0.040317107,0.02076942
2454.0,0.050278235,-0.25139117,9.665392,-0.034208454,0.04886922,0.015882496
2464.0,0.04309563,-0.31124622,9.703699,-0.04520403,0.057421334,0.009773844
2472.0,0.021547815,-0.33758244,9.703699,-0.052534413,0.057421334,0.0061086523
2484.0,-0.023942016,-0.40940848,9.624691,-0.059864793,0.058643065,0.008552114
2493.0,-0.07182605,-0.49799395,9.627085,-0.056199603,0.05497787,0.010995574
2503.0,0.02633622,-0.48602295,9.6845455,-0.047647487,0.05375614,0.008552114
2513.0,0.007182605,-0.44532153,9.706094,-0.037873644,0.05009095,0.002443461
2523.0,0.035913024,-0.39264908,9.727641,-0.032986723,0.04520403,-0.0036651916
2534.0,0.016759412,-0.31364042,9.77792,-0.035430185,0.043982297,-0.009773844
2546.0,0.08619126,-0.40701428,9.801862,-0.032986723,0.040317107,-0.012217305
2553.0,0.02873042,-0.29688102,9.773131,-0.032986723,0.040317107,-0.010995574
2563.0,-0.038307227,-0.30645782,9.765948,-0.037873644,0.03176499,-0.010995574
2574.0,0.02633622,-0.23702596,9.701305,-0.052534413,0.02687807,-0.012217305
2584.0,0.10295067,-0.33758244,9.689334,-0.07086037,0.028099801,-0.012217305
2595.0,0.1388637,-0.44771573,9.61272,-0.07574729,0.03176499,-0.014660766
2605.0,0.062249243,-0.5315128,9.667787,-0.06352998,0.032986723,-0.015882496
2614.0,-0.023942016,-0.51235914,9.636662,-0.04642576,0.028099801,-0.018325957
2624.0,0.02633622,-0.37349546,9.653421,-0.02443461,0.02076942,-0.019547688
2633.0,0.035913024,-0.40222588,9.696517,-0.0061086523,0.017104227,-0.015882496
2646.0,0.023942016,-0.25617957,9.68694,0.0012217305,0.010995574,-0.012217305
2653.0,-0.074220255,-0.18195933,9.64145,-0.002443461,0.008552114,-0.010995574
2664.0,-0.05746084,-0.29209262,9.646238,-0.009773844,0.004886922,-0.012217305
2674.0,-0.0023942017,-0.2801216,9.67018,-0.02076942,0.002443461,-0.009773844
2684.0,0.0023942017,-0.46686932,9.689334,-0.029321533,0.0012217305,-0.008552114
2694.0,-0.093373865,-0.36870706,9.689334,-0.02687807,-0.0036651916,-0.009773844
2704.0,-0.04070143,-0.45250413,9.622296,-0.013439035,-0.010995574,-0.013439035
2714.0,-0.08619126,-0.4285621,9.631873,-0.0012217305,-0.009773844,-0.013439035
2725.0,-0.02633622,-0.37349546,9.662998,0.009773844,-0.012217305,-0.009773844
2734.0,-0.016759412,-0.46686932,9.646238,0.013439035,-0.008552114,-0.0036651916
2746.0,-0.01436521,-0.40462008,9.586384,0.012217305,-0.008552114,-0.0036651916
2753.0,-0.079008654,-0.40940848,9.583989,0.008552114,-0.007330383,-0.015882496
2763.0,-0.08140286,-0.45729253,9.660604,0.0012217305,-0.004886922,-0.028099801
2773.0,-0.033518825,-0.38307226,9.622296,-0.013439035,-0.007330383,-0.03176499
2784.0,-0.016759412,-0.39264908,9.607931,-0.029321533,-0.008552114,-0.030543262
2795.0,-0.021547815,-0.4429273,9.694122,-0.036651913,-0.004886922,-0.03176499
2805.0,-0.05746084,-0.47884035,9.706094,-0.036651913,-0.0012217305,-0.03176499
2813.0,0.023942016,-0.5243302,9.653421,-0.039095376,0.0012217305,-0.028099801
2825.0,-0.055066638,-0.5650316,9.674969,-0.04153884,0.0036651916,-0.02565634
2834.0,-0.04070143,-0.62009823,9.682152,-0.04153884,0.0061086523,-0.02565634
2847.0,-0.06464344,-0.6727707,9.603143,-0.04153884,0.0061086523,-0.028099801
2853.0,-0.1436521,-0.61291564,9.634268,-0.04520403,0.002443461,-0.03176499
2864.0,-0.093373865,-0.5554548,9.679757,-0.042760566,-0.0036651916,-0.032986723
2872.0,-0.10295067,-0.6631939,9.703699,-0.035430185,-0.010995574,-0.030543262
2884.0,-0.1316811,-0.51714754,9.7324295,-0.02565634,-0.010995574,-0.028099801
2894.0,-0.11492168,-0.50038815,9.701305,-0.012217305,-0.014660766,-0.02443461
2905.0,-0.10295067,-0.5291186,9.797073,-0.0012217305,-0.019547688,-0.02076942
2914.0,-0.1364695,-0.50517654,9.710882,0.0036651916,-0.02076942,-0.018325957
2924.0,-0.07182605,-0.50517654,9.725247,0.008552114,-0.02565634,-0.015882496
2934.0,-0.08619126,-0.46447513,9.634268,0.004886922,-0.028099801,-0.017104227
2945.0,-0.009576807,-0.49081135,9.624691,-0.009773844,-0.028099801,-0.019547688
2953.0,0.0023942017,-0.45489833,9.639056,-0.02443461,-0.02321288,-0.02076942
2965.0,-0.038307227,-0.39025488,9.739613,-0.029321533,-0.02321288,-0.019547688
2973.0,-0.10055647,-0.49559975,9.749189,-0.02565634,-0.028099801,-0.017104227
2984.0,-0.023942016,-0.58418524,9.765948,-0.021991149,-0.02443461,-0.014660766
2993.0,-0.023942016,-0.5602432,9.809045,-0.017104227,-0.02687807,-0.014660766
3004.0,-0.10534488,-0.61770403,9.7803135,-0.0012217305,-0.02443461,-0.015882496
