23.0,0.3878607,-2.516306,9.545682,0.039095376,0.015882496,-0.02687807
35.0,0.3878607,-2.516306,9.545682,0.039095376,0.015882496,-0.02687807
49.0,0.3854665,-2.566584,9.540894,0.16737708,0.118507855,-0.081855945
62.0,0.5602432,-2.3750482,9.459491,-0.095294975,-0.4251622,-0.33841935
64.0,0.5506664,-2.4157495,9.411607,0.010995574,0.36163223,0.004886922
71.0,0.49799395,-2.5617957,9.461885,-0.007330383,0.3848451,0.004886922
81.0,0.46926352,-2.5498247,9.363723,-0.004886922,0.20158553,-0.0720821
91.0,0.5386954,-2.492364,9.32781,0.018325957,0.028099801,-0.13927728
102.0,0.5482722,-2.4013844,9.301474,0.03176499,0.017104227,-0.14049901
111.0,0.61530983,-2.5570073,9.284714,0.028099801,0.017104227,-0.13316862
123.0,0.6512229,-2.621651,9.296685,0.02321288,0.02321288,-0.12583824
131.0,0.60812724,-2.7126305,9.385271,0.036651913,0.02565634,-0.12339478
141.0,0.62728083,-2.5881321,9.244013,0.065973446,0.015882496,-0.1282817
151.0,0.5746084,-2.372654,9.275137,0.07941248,0.002443461,-0.13805555
162.0,0.6584055,-2.2720973,9.181764,0.056199603,-0.0012217305,-0.14294247
172.0,0.7733272,-2.1763294,9.263166,-0.002443461,0.002443461,-0.14660765
183.0,0.78050977,-2.0638018,9.3661175,-0.07574729,0.0061086523,-0.15882497
191.0,0.7637503,-2.1930888,9.452309,-0.14538592,0.015882496,-0.18081611
204.0,0.79008657,-2.3104045,9.56723,-0.1966986,0.036651913,-0.19425514
211.0,0.7685388,-2.3989902,9.634268,-0.20769419,0.05009095,-0.20158553
222.0,0.7326257,-2.4301147,9.528923,-0.17837265,0.061086524,-0.21868975
231.0,0.6703765,-2.3535004,9.473856,-0.12461651,0.06352998,-0.24190263
243.0,0.7445967,-2.1452048,9.387665,-0.081855945,0.06352998,-0.2687807
252.0,0.79008657,-1.8650831,9.3182335,-0.080634214,0.059864793,-0.2932153
262.0,0.82121116,-1.7836803,9.303867,-0.13439035,0.06963864,-0.31398472
272.0,0.8283938,-1.673547,9.380483,-0.2125811,0.0842994,-0.3359759
282.0,0.82360536,-1.6136919,9.323022,-0.30543262,0.09040806,-0.37140608
292.0,0.9959879,-1.4891934,9.306262,-0.4251622,0.089186326,-0.41416663
306.0,1.091756,-1.5969325,9.244013,-0.5717699,0.09407325,-0.45204028
312.0,1.1971009,-1.6304513,9.150639,-0.7367035,0.11728613,-0.4813618
323.0,1.1420342,-1.7788919,9.097966,-0.8918633,0.14660765,-0.5180137
332.0,1.1085154,-1.8555063,9.062054,-1.0189233,0.17104226,-0.5693264
342.0,1.1013328,-2.0278888,8.968679,-1.1166617,0.19058995,-0.6230826
352.0,1.1085154,-2.2290018,8.743625,-1.2180653,0.21013765,-0.6646214
363.0,1.0582372,-2.3989902,8.63828,-1.3377949,0.21624629,-0.7012733
372.0,1.0989386,-2.5258827,8.568848,-1.4648548,0.22724187,-0.7538077
382.0,1.0941502,-2.6384103,8.492233,-1.6029104,0.23823744,-0.816116
392.0,1.0414777,-2.7820623,8.468291,-1.7629571,0.25167647,-0.86742866
403.0,0.9648633,-3.028665,8.480263,-1.9303342,0.27366763,-0.90408057
412.0,1.0223241,-3.5625722,8.480263,-2.07572,0.29565877,-0.9334021
423.0,1.0773908,-4.249708,8.585608,-2.180789,0.31887165,-0.9492846
432.0,1.103727,-4.709395,8.583213,-2.2223277,0.3481932,-0.95172805
442.0,1.0749966,-5.0038815,8.542512,-2.1685717,0.37018433,-0.95539325
453.0,1.0271125,-5.401319,8.619126,-2.026851,0.3811799,-0.94806284
462.0,1.0223241,-5.6766524,8.779537,-1.8387043,0.4007276,-0.9126327
472.0,0.9816227,-5.9280434,8.863335,-1.6468927,0.41538838,-0.8588765
483.0,1.0630256,-6.1411276,8.90643,-1.4660766,0.41538838,-0.80878556
492.0,0.91937345,-6.184223,8.798691,-1.2889256,0.41905355,-0.77091193
503.0,0.8355764,-6.0740895,8.669404,-1.1410962,0.39828414,-0.74036866
512.0,0.7302315,-6.0884547,8.556877,-1.0861185,0.38362336,-0.6988298
522.0,0.7326257,-6.363788,8.327033,-1.0934488,0.3726278,-0.625526
532.0,0.6368576,-6.8641763,8.154651,-1.1142182,0.36774087,-0.5290093
543.0,0.61052144,-7.1490865,7.9583263,-1.1068878,0.34697145,-0.43860126
552.0,0.44771573,-7.359776,7.750031,-1.0714576,0.32375857,-0.37140608
562.0,0.33279404,-7.3549876,7.5704656,-1.0201449,0.29443705,-0.312763
572.0,0.2705448,-7.524976,7.6015906,-0.9602802,0.2565634,-0.24312437
582.0,0.29209262,-7.620744,7.735666,-0.9077458,0.22113322,-0.14905111
592.0,0.31364042,-7.7332716,7.771579,-0.86376345,0.19547687,-0.05131268
606.0,0.23702596,-7.603985,7.6949644,-0.8136725,0.17470746,0.017104227
615.0,0.20111294,-7.7189064,7.6853876,-0.7831292,0.16737708,0.06963864
624.0,0.11492168,-7.771579,7.764396,-0.79290307,0.17959438,0.13561209
636.0,0.1364695,-7.920019,7.750031,-0.8344419,0.20891592,0.21380283
647.0,0.07182605,-8.046912,7.809886,-0.893085,0.2565634,0.2761111
655.0,-0.023942016,-8.420407,7.860164,-0.9627236,0.33475417,0.32375857
668.0,-0.24660277,-8.674192,7.9343843,-1.0421361,0.42394048,0.37751472
675.0,-0.32321724,-9.050082,7.9822683,-1.1239921,0.5204572,0.44104472
686.0,-0.33039984,-9.466674,8.090008,-1.2119566,0.62796944,0.5216789
695.0,-0.36631286,-9.583989,8.166622,-1.3634512,0.7501425,0.625526
706.0,-0.35913026,-9.636662,8.367735,-1.563815,0.90041536,0.7257079
717.0,-0.5746084,-10.012551,8.403648,-1.7849482,1.0604621,0.8258898
728.0,-0.93134445,-10.419566,8.4347725,-1.921782,1.2156218,0.96761054
735.0,-1.2330139,-10.673351,8.576031,-1.8765781,1.3536774,1.1203269
746.0,-1.4221559,-10.704475,8.293514,-1.6578883,1.4697418,1.2608259
759.0,-1.5466543,-10.668563,8.118738,-1.3133603,1.5613716,1.4159856
766.0,-1.5610195,-10.484209,7.807492,-0.9297369,1.6395624,1.582141
776.0,-1.5107412,-10.0987425,7.632715,-0.59986967,1.7299703,1.7556267
785.0,-1.6998832,-9.809045,7.386112,-0.36041048,1.8350391,1.8961257
796.0,-2.0326772,-9.411607,7.0006456,-0.20891592,1.9181169,2.0109684
807.0,-2.372654,-9.121908,6.50744,0.017104227,2.01219,2.1868975
816.0,-2.6312277,-8.844181,6.14831,0.017104227,2.01219,2.1868975
826.0,-2.695871,-8.449138,5.767632,0.16126843,2.021964,2.284636
837.0,-2.681506,-8.3390045,5.518635,0.26145032,2.0024164,2.3835962
848.0,-2.6743233,-8.169016,5.365406,0.45448375,1.9853121,2.4984388
856.0,-3.0262709,-7.489063,4.829105,0.6365216,1.9620992,2.5326474
865.0,-3.1531637,-6.775591,4.4963107,0.8491027,1.9352211,2.5240953
875.0,-3.2393548,-6.3661823,4.223372,1.0225884,1.8851302,2.4996605
885.0,-3.2800562,-6.2704144,3.9360676,1.1239921,1.817935,2.5167649
895.0,-3.311181,-6.155493,3.8498764,1.1753048,1.7434094,2.5363126
908.0,-3.383007,-5.849035,3.4213142,1.2412782,1.6481144,2.488665
916.0,-3.5170822,-5.269638,3.004723,1.3035865,1.5357152,2.4153612
926.0,-3.70383,-4.7788267,2.6360161,1.3219124,1.4037683,2.3493876
936.0,-3.8043866,-4.43885,2.3989902,1.2986995,1.251052,2.2956316
945.0,-3.8857894,-4.2066126,2.2936451,1.2388347,1.0946705,2.252871
955.0,-3.976769,-4.1180267,2.2768857,1.1594223,0.9260717,2.211332
967.0,-3.964798,-3.9217024,2.2385786,1.0934488,0.7489208,2.1612413
975.0,-4.036624,-3.6727054,2.2888567,1.0323622,0.56688297,2.1135938
985.0,-4.084508,-3.6224272,2.243367,0.9627236,0.37507126,2.0598376
997.0,-4.2784386,-3.5865142,2.1068976,0.92485,0.19058995,1.990199
1007.0,-4.4101195,-3.4835634,2.066196,0.94806284,0.002443461,1.8985692
1016.0,-4.4819455,-3.1148565,2.0326772,1.0152581,-0.204029,1.8044959
1027.0,-4.465186,-2.7150247,1.8435353,1.0836749,-0.41538838,1.7201965
1036.0,-4.522647,-2.219425,1.8674773,1.0824533,-0.61941737,1.6432275
1063.0,-4.441244,-2.0231004,2.1452048,1.0177015,-0.8222246,1.5723672
1063.0,-4.369418,-2.2361844,2.3008277,0.9456194,-1.0323622,1.5308284
1064.0,-4.213795,-2.243367,2.693477,0.9089675,-1.2449434,1.491733
1074.0,-3.9552212,-2.2888567,3.4213142,0.9016371,-1.4624114,1.4428637
1088.0,-3.6224272,-2.7485435,4.158728,0.9138544,-1.6749926,1.4147639
1097.0,-3.3997664,-3.1244333,4.6375685,0.91874135,-1.8216002,1.4062119
1105.0,-3.5170822,-3.1364043,4.8937483,0.9101892,-1.9547688,1.3658947
1115.0,-3.5577838,-2.7868507,5.0038815,0.9138544,-2.0867157,1.2925909
1126.0,-3.5458126,-2.3654714,5.377377,0.8857546,-2.1966715,1.2498302
1136.0,-3.3806129,-2.1739352,5.777209,0.79290307,-2.293188,1.2657127
1146.0,-3.0933087,-2.0973208,6.1530986,0.6646214,-2.375044,1.3109168
1155.0,-3.0214825,-1.9201498,6.5002575,0.4972443,-2.4471262,1.3524556
1165.0,-3.095703,-1.6112977,6.6295447,0.33841935,-2.5094345,1.3658947
1175.0,-3.083732,-1.6136919,6.7708025,0.2125811,-2.5815165,1.3707817
1186.0,-3.0071173,-1.6280571,6.9719152,0.13194689,-2.6535985,1.3744467
1195.0,-2.7724855,-1.6424223,7.0605006,0.118507855,-2.7293458,1.3622295
1208.0,-2.717419,-1.3431472,7.204153,0.15882497,-2.7977629,1.328021
1215.0,-2.6551697,-0.878672,7.3047094,0.20769419,-2.8539624,1.2791518
1225.0,-2.6240451,-0.61291564,7.991845,0.2321288,-2.9028316,1.2412782
1237.0,-2.2529438,-0.16519992,8.566454,0.18325958,-2.9492574,1.2302825
1246.0,-1.9919758,0.110133275,8.65025,0.02443461,-2.968805,1.2596041
1256.0,-1.9488802,0.05267244,8.796297,-0.2003638,-2.9675834,1.2950343
1267.0,-1.9249382,-0.12928689,8.4108305,-0.37873647,-2.9639182,1.2754866
1275.0,-2.1188686,-0.39025488,8.391677,-0.47891834,-2.9663615,1.2131784
1286.0,-2.1308396,-0.6488287,8.516175,-0.516792,-2.973692,1.1606439
1295.0,-1.9057846,-0.6464345,9.009381,-0.4569272,-2.992018,1.1410962
1306.0,-1.3862427,-0.15801731,9.279925,-0.36774087,-3.0335567,1.1325442
1315.0,-0.8595184,0.8619126,8.882488,-0.33964106,-3.0836477,1.078788
1327.0,-0.47644615,1.4317327,8.863335,-0.41905355,-3.0995302,0.9932669
1336.0,-0.25378537,1.0079589,8.540117,-0.5119051,-3.0457742,0.9224065
1355.0,-0.22744916,0.22744916,8.449138,-0.56688297,-2.9578094,0.8979719
1355.0,-0.4189853,-0.48602295,8.549694,-0.6719518,-2.9321532,0.90041536
1365.0,-0.32561144,-0.6967127,8.643068,-0.86498517,-2.9480357,0.88453287
1376.0,0.5267244,-1.0726024,7.821857,-1.102001,-3.0079005,0.8356637
1386.0,1.3958195,0.60573304,15.804126,-1.4563028,-3.0140092,0.71959925
1395.0,3.2800562,4.5034933,32.02484,-1.4110987,-2.3017402,0.21013765
1407.0,4.759673,4.3382936,24.897303,0.2761111,-1.3121386,-0.35918877
1415.0,3.4237084,3.2393548,18.801666,1.0592403,-1.1117748,0.040317107
1426.0,2.2290018,-0.5770026,16.026787,-0.27000242,-0.675617,0.16126843
1437.0,0.6655881,-3.7972038,13.012486,-1.4306464,-0.32742378,-0.59742624
1448.0,-1.4532804,-5.595249,11.389217,-1.7287487,-0.052534413,-1.1484267
1455.0,-2.1140802,-5.758055,9.677363,-1.4416419,-0.0036651916,-0.6963864
1466.0,-0.7015011,-4.548983,8.322245,-1.1154399,-0.25167647,-0.04520403
1477.0,1.0295067,-3.6296098,7.6973586,-1.1765264,-0.3921755,0.065973446
1487.0,2.0446482,-3.7469256,7.776367,-1.5112807,-0.35430184,-0.04520403
1496.0,2.1188686,-4.819528,8.446744,-1.5845845,-0.23701571,0.040317107
1509.0,1.5993267,-5.602432,8.973468,-1.1032226,-0.14905111,0.23945917
1517.0,1.2162545,-4.9200845,9.188946,-0.32375857,-0.16737708,0.26389378
1527.0,1.2521675,-3.0023289,9.313444,0.27122417,-0.23701571,0.06963864
1536.0,1.271321,-1.3335704,9.548077,0.45081854,-0.25167647,-0.10629055
1546.0,0.93613285,-0.878672,9.885659,0.2883284,-0.17104226,-0.09162979
1556.0,0.58418524,-1.3335704,10.237606,-0.034208454,-0.05375614,0.012217305
1568.0,0.47644615,-2.195483,10.400413,-0.30543262,0.028099801,0.047647487
1577.0,0.51714754,-2.8107927,10.30225,-0.40561453,0.06719518,0.002443461
1586.0,0.6344634,-2.861071,10.065224,-0.36651915,0.07696902,-0.04520403
1597.0,0.7278373,-2.7461493,9.76116,-0.2883284,0.081855945,-0.04642576
1607.0,0.7733272,-2.6599581,9.49301,-0.16982053,0.06963864,-0.02443461
1617.0,0.7637503,-2.918532,9.313444,-0.16982053,0.06963864,-0.02443461
1628.0,0.8834604,-2.9999347,9.227253,-0.16371189,0.064751714,-0.030543262
1638.0,0.8355764,-2.9376855,9.076419,-0.17715092,0.05497787,-0.02076942
1646.0,0.80924016,-2.8179753,9.02614,-0.1600467,0.04153884,0.007330383
1656.0,0.7541735,-2.882619,9.325416,-0.10262536,0.042760566,0.021991149
1666.0,0.8355764,-2.681506,9.524135,-0.0036651916,0.037873644,0.04886922
1677.0,0.89543146,-2.5594015,9.607931,0.10873401,0.030543262,0.059864793
1689.0,0.8403648,-2.4349031,9.437943,0.19303341,0.029321533,0.04642576
1696.0,0.7733272,-2.5785553,9.404425,0.2125811,0.034208454,0.032986723
1708.0,0.7517793,-2.6982653,9.3661175,0.172264,0.04642576,0.036651913
1717.0,0.6703765,-2.8083985,9.380483,0.12705997,0.05009095,0.04153884
1727.0,0.7374141,-2.8419175,9.296685,0.10995574,0.04153884,0.029321533
1737.0,0.7541735,-2.7222073,9.241618,0.12217305,0.034208454,0.013439035
1748.0,0.7134721,-2.5881321,9.119514,0.14049901,0.02443461,0.004886922
1760.0,0.6943185,-2.5474305,9.038112,0.1441642,0.02076942,0.010995574
1768.0,0.6607997,-2.552219,9.112331,0.13683382,0.02443461,0.028099801
1777.0,0.6703765,-2.504335,9.13388,0.13561209,0.017104227,0.036651913
1785.0,0.62249243,-2.528277,9.186552,0.12583824,0.010995574,0.04153884
1796.0,0.5674258,-2.4899697,9.299079,0.10262536,0.0061086523,0.047647487
1808.0,0.557849,-2.5594015,9.40203,0.07941248,0.007330383,0.047647487
1815.0,0.58897364,-2.6360161,9.464279,0.06841691,-0.0012217305,0.04520403
1826.0,0.62728083,-2.645593,9.306262,0.06719518,-0.009773844,0.043982297
1835.0,0.5674258,-2.6120741,9.28232,0.06719518,-0.0061086523,0.039095376
1845.0,0.58897364,-2.60968,9.167398,0.05497787,0.0,0.032986723
1856.0,0.56982,-2.6743233,9.210494,0.04153884,0.002443461,0.03176499
1868.0,0.5482722,-2.6862943,9.167398,0.043982297,0.0,0.030543262
1876.0,0.50996494,-2.6048915,9.078813,0.04642576,0.008552114,0.02443461
1886.0,0.51954174,-2.7341783,9.275137,0.03176499,0.017104227,0.018325957
1896.0,0.521936,-2.834735,9.308656,0.018325957,0.018325957,0.015882496
1907.0,0.6727707,-2.837129,9.308656,0.010995574,0.015882496,0.012217305
1916.0,0.6943185,-2.8275523,9.315839,-0.0036651916,0.010995574,-0.0012217305
1928.0,0.62967503,-2.7868507,9.32781,-0.02321288,0.009773844,-0.018325957
1938.0,0.6512229,-2.822764,9.349358,-0.032986723,0.017104227,-0.028099801
1950.0,0.6655881,-2.7509377,9.258378,-0.032986723,0.02076942,-0.029321533
1958.0,0.6655881,-2.6503813,9.179369,-0.043982297,0.019547688,-0.030543262
1969.0,0.6799533,-2.753332,9.200917,-0.05497787,0.030543262,-0.037873644
1978.0,0.7062895,-2.7844565,9.062054,-0.04520403,0.032986723,-0.040317107
1990.0,0.59855044,-2.7724855,9.102755,-0.029321533,0.03176499,-0.035430185
1998.0,0.5770026,-2.72939,9.155427,-0.02321288,0.02565634,-0.030543262
2009.0,0.5243302,-2.72939,9.200917,-0.030543262,0.02565634,-0.03176499
2017.0,0.59376204,-2.6886885,9.255983,-0.037873644,0.02687807,-0.032986723
2028.0,0.5434838,-2.6767175,9.258378,-0.043982297,0.019547688,-0.03176499
2040.0,0.51475334,-2.6001031,9.320627,-0.058643065,0.02076942,-0.032986723
2070.0,0.47165772,-2.6910827,9.433155,-0.07452556,0.02565634,-0.035430185
2070.0,0.47165772,-2.822764,9.394848,-0.05497787,0.02321288,-0.029321533
2070.0,0.50996494,-2.6623523,9.275137,-0.02443461,0.012217305,-0.021991149
2078.0,0.49320555,-2.6767175,9.25359,-0.028099801,0.0061086523,-0.02687807
2088.0,0.46926352,-2.7700913,9.25359,-0.043982297,0.010995574,-0.02687807
2096.0,0.5554548,-2.9592333,9.28232,-0.029321533,0.009773844,-0.009773844
2110.0,0.51714754,-2.942474,9.212888,0.0036651916,0.0,0.0061086523
2116.0,0.5267244,-2.80361,9.267955,0.03176499,-0.009773844,0.004886922
2127.0,0.5722142,-2.7006595,9.330204,0.04886922,-0.013439035,-0.0012217305
2136.0,0.5410896,-2.6910827,9.414001,0.04886922,-0.004886922,0.0061086523
2147.0,0.49081135,-2.7030537,9.423578,0.042760566,0.0012217305,0.018325957
2156.0,0.47405192,-2.7581203,9.56723,0.042760566,0.0036651916,0.02076942
2168.0,0.545878,-2.8083985,9.569624,0.052534413,0.008552114,0.018325957
2177.0,0.5243302,-2.7605145,9.449914,0.07696902,0.008552114,0.019547688
2187.0,0.46926352,-2.7389667,9.380483,0.09040806,0.009773844,0.019547688
2197.0,0.45968673,-2.6072857,9.308656,0.09162979,0.012217305,0.017104227
2208.0,0.521936,-2.6264393,9.301474,0.09407325,0.019547688,0.013439035
2217.0,0.49320555,-2.6024973,9.188946,0.096516706,0.017104227,0.010995574
2229.0,0.47165772,-2.5234885,9.279925,0.08552113,0.021991149,0.009773844
2237.0,0.50996494,-2.4995465,9.3733,0.06841691,0.02565634,0.0061086523
2248.0,0.5386954,-2.5737667,9.361329,0.04886922,0.02687807,0.002443461
2258.0,0.49320555,-2.6024973,9.404425,0.029321533,0.032986723,0.002443461
2267.0,0.51475334,-2.542642,9.330204,0.010995574,0.035430185,0.0
2277.0,0.49081135,-2.554613,9.272743,-0.0061086523,0.039095376,-0.0061086523
2289.0,0.47644615,-2.6168625,9.294291,-0.02076942,0.042760566,-0.008552114
2297.0,0.47165772,-2.695871,9.323022,-0.018325957,0.040317107,-0.0061086523
2309.0,0.49320555,-2.693477,9.241618,0.0012217305,0.029321533,-0.0036651916
2317.0,0.4429273,-2.6551697,9.263166,0.012217305,0.019547688,-0.0061086523
2327.0,0.49559975,-2.5833437,9.3733,0.009773844,0.019547688,-0.008552114
2337.0,0.51954174,-2.7150247,9.356541,0.009773844,0.02076942,-0.004886922
2348.0,0.49799395,-2.6719291,9.301474,0.014660766,0.021991149,0.0012217305
2358.0,0.545878,-2.6719291,9.346964,0.017104227,0.02321288,0.0036651916
2369.0,0.50278234,-2.657564,9.356541,0.018325957,0.021991149,-0.0012217305
2378.0,0.48841715,-2.695871,9.272743,0.018325957,0.018325957,-0.0012217305
2389.0,0.50278234,-2.6886885,9.155427,0.019547688,0.014660766,0.004886922
2397.0,0.50278234,-2.7269957,9.19134,0.02076942,0.013439035,0.010995574
2411.0,0.5267244,-2.6839,9.346964,0.02443461,0.008552114,0.009773844
2417.0,0.5267244,-2.6551697,9.332599,0.02443461,0.008552114,0.009773844
2429.0,0.45250413,-2.597709,9.315839,0.02443461,0.008552114,0.008552114
2438.0,0.47405192,-2.5498247,9.272743,0.02321288,0.0036651916,0.012217305
2448.0,0.46686932,-2.5785553,9.303867,0.018325957,0.002443461,0.012217305
2457.0,0.49081135,-2.681506,9.294291,0.012217305,0.0,0.010995574
2469.0,0.5506664,-2.6791117,9.392453,0.012217305,-0.0061086523,0.012217305
2478.0,0.58657944,-2.6360161,9.337387,0.015882496,-0.008552114,0.012217305
2488.0,0.58418524,-2.6527755,9.330204,0.021991149,-0.010995574,0.012217305
2497.0,0.5482722,-2.6527755,9.28232,0.021991149,-0.007330383,0.013439035
2510.0,0.47165772,-2.6982653,9.258378,0.019547688,-0.0061086523,0.013439035
2519.0,0.50996494,-2.7246015,9.315839,0.02321288,-0.004886922,0.009773844
2530.0,0.50038815,-2.6360161,9.260772,0.030543262,-0.0061086523,0.007330383
2539.0,0.5674258,-2.6240451,9.337387,0.030543262,-0.007330383,0.008552114
2547.0,0.45010993,-2.5881321,9.344569,0.02565634,-0.008552114,0.008552114
2559.0,0.51714754,-2.5809495,9.289502,0.02076942,-0.007330383,0.008552114
2569.0,0.4381389,-2.480393,9.284714,0.017104227,-0.010995574,0.0061086523
2579.0,0.4405331,-2.6024973,9.358934,0.013439035,-0.010995574,0.004886922
2589.0,0.4261679,-2.6623523,9.375694,0.017104227,-0.010995574,0.007330383
2600.0,0.48841715,-2.645593,9.3421755,0.028099801,-0.012217305,0.0061086523
2610.0,0.59136784,-2.645593,9.313444,0.034208454,-0.014660766,0.002443461
2618.0,0.557849,-2.6479871,9.334992,0.03176499,-0.014660766,0.0
2628.0,0.60812724,-2.693477,9.323022,0.029321533,-0.009773844,0.002443461
2638.0,0.5793968,-2.6791117,9.287108,0.030543262,-0.012217305,0.0061086523
2648.0,0.50278234,-2.7341783,9.28232,0.03176499,-0.014660766,0.007330383
2658.0,0.51714754,-2.7605145,9.3421755,0.03176499,-0.007330383,0.007330383
2668.0,0.47644615,-2.7269957,9.299079,0.035430185,-0.007330383,0.008552114
2679.0,0.49320555,-2.765303,9.25359,0.039095376,-0.012217305,0.007330383
2689.0,0.3878607,-2.6144683,9.382876,0.04153884,-0.015882496,0.004886922
2698.0,0.4237737,-2.5187001,9.284714,0.04642576,-0.021991149,0.0036651916
2711.0,0.49081135,-2.5330653,9.320627,0.04886922,-0.029321533,0.004886922
2719.0,0.5434838,-2.4516625,9.224859,0.043982297,-0.034208454,0.004886922
2729.0,0.51475334,-2.4516625,9.277532,0.03176499,-0.03176499,0.007330383
2739.0,0.50278234,-2.5378537,9.229648,0.019547688,-0.02565634,0.012217305
2749.0,0.5626374,-2.657564,9.299079,0.012217305,-0.02321288,0.017104227
2759.0,0.49320555,-2.6982653,9.234436,0.007330383,-0.02565634,0.017104227
2770.0,0.5315128,-2.6671407,9.28232,0.002443461,-0.021991149,0.018325957
2779.0,0.47165772,-2.7126305,9.368511,0.007330383,-0.021991149,0.02321288
2789.0,0.521936,-2.6719291,9.306262,0.021991149,-0.02565634,0.02443461
2799.0,0.47165772,-2.5450363,9.263166,0.034208454,-0.034208454,0.02321288
2809.0,0.49081135,-2.5570073,9.32781,0.037873644,-0.035430185,0.02321288
2819.0,0.49559975,-2.420538,9.313444,0.036651913,-0.037873644,0.02565634
2830.0,0.41180268,-2.5139117,9.3182335,0.029321533,-0.04153884,0.028099801
2839.0,0.49320555,-2.5713725,9.270349,0.015882496,-0.035430185,0.028099801
2850.0,0.5315128,-2.542642,9.332599,0.0061086523,-0.034208454,0.02687807
2859.0,0.51235914,-2.5785553,9.351752,0.0012217305,-0.032986723,0.028099801
2870.0,0.5770026,-2.7605145,9.284714,0.0,-0.03176499,0.030543262
2879.0,0.5363012,-2.6886885,9.3182335,0.002443461,-0.035430185,0.030543262
2891.0,0.5482722,-2.695871,9.275137,0.009773844,-0.034208454,0.029321533
2899.0,0.50278234,-2.6288335,9.28232,0.015882496,-0.037873644,0.03176499
2913.0,0.51475334,-2.621651,9.224859,0.014660766,-0.04153884,0.03176499
2918.0,0.47165772,-2.566584,9.246407,0.010995574,-0.040317107,0.030543262
2931.0,0.5291186,-2.4971523,9.279925,0.009773844,-0.043982297,0.03176499
2941.0,0.5674258,-2.516306,9.210494,0.0012217305,-0.047647487,0.034208454
2952.0,0.49559975,-2.5019407,9.26556,-0.008552114,-0.04642576,0.032986723
2961.0,0.56982,-2.5905263,9.323022,-0.015882496,-0.04520403,0.03176499
2970.0,0.6344634,-2.6024973,9.3182335,-0.015882496,-0.04642576,0.032986723
2979.0,0.5674258,-2.6527755,9.346964,-0.017104227,-0.043982297,0.032986723
2990.0,0.5722142,-2.6024973,9.32781,-0.018325957,-0.04642576,0.030543262
3001.0,0.62009823,-2.705448,9.358934,-0.017104227,-0.04642576,0.028099801
3013.0,0.59136784,-2.6312277,9.299079,-0.010995574,-0.040317107,0.02687807
