28.0,0.93134445,-2.099715,9.52174,-0.05497787,-0.04153884,0.0036651916
50.0,0.93134445,-2.099715,9.52174,0.17470746,0.111177474,-0.07574729
50.0,1.5346833,-0.5315128,9.337387,-0.09040806,-0.30298916,-0.32253686
51.0,1.757344,-0.21547815,9.167398,-0.47647488,-0.42149702,-0.38728857
65.0,1.9273324,-0.32561144,8.913613,-0.93828905,0.38606682,-0.15149458
72.0,1.970428,-0.60094464,8.623915,-1.704314,0.4373795,-0.3200934
81.0,1.8171991,-0.8858546,8.319851,-2.4569001,0.29443705,-0.5290093
91.0,1.8483237,-1.2904748,8.111555,-2.8722885,0.14660765,-0.6267477
102.0,1.757344,-1.7142484,7.9152308,-3.2058208,0.172264,-0.63529986
111.0,1.8100165,-2.3630772,7.93199,-3.5369098,0.22113322,-0.643852
123.0,1.7932571,-3.3446999,7.9343843,-3.8362339,0.27488935,-0.6401868
132.0,1.7070658,-4.3718123,7.7308774,-4.057367,0.31764993,-0.6401868
142.0,1.3623008,-5.149928,7.6135616,-4.157549,0.35063666,-0.66828656
153.0,1.0319009,-5.8466406,7.2807674,-4.142888,0.3726278,-0.7257079
164.0,0.6607997,-6.3589997,6.945579,-4.05248,0.3848451,-0.77824235
174.0,0.4189853,-6.6606693,6.801927,-3.8838813,0.3811799,-0.79045963
183.0,0.18674773,-7.2568254,6.6103907,-3.6713002,0.37751472,-0.766025
192.0,0.062249243,-7.6494746,6.5577183,-3.426954,0.37873647,-0.7330383
202.0,0.1412579,-8.137892,6.6103907,-3.1483996,0.3811799,-0.70738196
212.0,0.15083471,-8.614338,6.5840545,-2.8478537,0.38240165,-0.6951646
224.0,0.076614454,-8.724471,6.471527,-2.5326474,0.37873647,-0.7049385
232.0,0.15322891,-8.750807,6.385336,-2.2088888,0.37873647,-0.72204274
243.0,0.1412579,-8.887277,6.2464724,-1.9120082,0.37873647,-0.6963864
252.0,-0.035913024,-8.884883,6.042965,-1.6578883,0.37140608,-0.6377433
263.0,0.076614454,-8.7125,5.74369,-1.4416419,0.36041048,-0.5876524
272.0,0.17717093,-8.676587,5.583278,-1.2767084,0.35308012,-0.5412266
282.0,0.25139117,-8.7053175,5.554548,-1.1679744,0.35063666,-0.48380527
293.0,0.39025488,-8.748413,5.365406,-1.097114,0.34208453,-0.43493605
303.0,0.5291186,-8.595184,5.3007627,-1.0396926,0.34208453,-0.41050145
312.0,0.6823475,-8.655039,5.116409,-0.9773844,0.33353242,-0.3885103
323.0,0.6847417,-8.832211,5.035006,-0.9211848,0.31642818,-0.3567453
333.0,0.7398083,-8.829816,4.9919105,-0.874759,0.30543262,-0.32375857
342.0,0.6464345,-8.887277,4.891354,-0.80878556,0.28588495,-0.3005457
352.0,0.6751649,-8.801085,4.7860093,-0.6218608,0.23090707,-0.2284636
365.0,0.7613561,-8.762778,4.76925,-0.52290064,0.204029,-0.19425514
372.0,0.7781156,-8.528147,4.6471453,-0.4361578,0.18081611,-0.17348573
383.0,0.6775591,-8.516175,4.7046065,-0.36163223,0.15515977,-0.14782938
392.0,0.7445967,-8.714894,4.7764325,-0.2919936,0.12950343,-0.103847094
403.0,0.7541735,-8.930372,4.7907977,-0.19792034,0.10629055,-0.07452556
412.0,0.80205756,-9.028535,4.903325,-0.065973446,0.081855945,-0.07452556
424.0,0.80924016,-9.009381,4.9464207,0.07452556,0.05497787,-0.073303826
433.0,0.79966336,-8.901642,4.8745947,0.17104226,0.03176499,-0.05009095
443.0,0.8810662,-8.659827,4.841076,0.2003638,0.010995574,-0.019547688
453.0,0.91697925,-8.3868885,4.7907977,0.16126843,-0.0012217305,0.010995574
464.0,1.0271125,-8.516175,4.6830587,0.06963864,-0.0012217305,0.04886922
473.0,1.0271125,-8.508993,4.7764325,-0.040317107,0.0012217305,0.07452556
484.0,1.0486604,-8.528147,4.7764325,-0.13439035,0.002443461,0.080634214
493.0,0.9744401,-8.669404,4.805163,-0.20280726,0.0036651916,0.08674286
503.0,1.0510546,-8.6095495,4.8985367,-0.26145032,0.0061086523,0.103847094
513.0,1.0127473,-8.564059,4.7764325,-0.3213151,0.008552114,0.11362094
523.0,1.0342951,-8.451532,4.7165775,-0.39095375,0.009773844,0.112399206
533.0,1.115698,-8.3390045,4.6112323,-0.48258355,0.013439035,0.10995574
544.0,1.151611,-8.197746,4.4580035,-0.60231316,0.017104227,0.111177474
553.0,1.1348516,-8.080431,4.285621,-0.7464773,0.02565634,0.10629055
564.0,1.2258313,-8.090008,4.3023806,-0.90408057,0.032986723,0.09773844
572.0,1.1803415,-8.176199,4.292804,-1.0641272,0.04520403,0.08674286
583.0,1.2042835,-8.283937,4.1802764,-1.2241739,0.056199603,0.07086037
593.0,1.1372458,-8.281544,4.134786,-1.3866642,0.061086524,0.05009095
606.0,1.1923125,-8.267179,4.120421,-1.5503759,0.06719518,0.037873644
614.0,1.1228806,-8.341399,3.9193082,-1.6969837,0.06719518,0.032986723
627.0,1.1013328,-8.532935,3.7972038,-1.8142698,0.07086037,0.035430185
634.0,1.0773908,-8.875306,3.6535518,-1.9095647,0.08674286,0.04153884
644.0,0.9768343,-9.179369,3.4931402,-1.9730947,0.10262536,0.04886922
655.0,0.9720459,-9.476251,3.3782187,-2.003638,0.111177474,0.06352998
667.0,0.81881696,-9.710882,3.2225955,-2.0329595,0.13194689,0.09040806
676.0,0.7493851,-9.876082,3.2752678,-2.0659463,0.16615535,0.112399206
685.0,0.7493851,-9.986216,3.229778,-2.122146,0.204029,0.14172074
696.0,0.50757074,-10.228029,3.3997664,-2.2137756,0.2406809,0.19547687
707.0,0.40462008,-10.352529,3.4332852,-2.284636,0.28588495,0.2602286
716.0,0.2873042,-10.728417,3.8139634,-2.2919664,0.3408628,0.3408628
726.0,0.23463176,-11.475409,3.9001546,-2.207667,0.42149702,0.45204028
736.0,0.29209262,-12.069171,3.964798,-2.0060816,0.54733527,0.5815437
744.0,0.06464344,-12.593501,3.9456444,-1.7556267,0.68661255,0.7257079
755.0,-0.18435353,-13.110648,3.5482068,-1.5491543,0.82711154,0.9077458
766.0,-0.37349546,-13.402741,3.1148565,-1.4648548,0.97494096,1.1166617
775.0,-0.5626374,-13.543999,2.861071,-1.5332718,1.1166617,1.3109168
785.0,-0.78769237,-13.433866,2.5091233,-1.7348573,1.1985176,1.4880677
794.0,-0.9528923,-13.443442,2.0470424,-2.0146337,1.2278391,1.672549
804.0,-1.1683705,-13.63019,1.5275006,-2.204002,1.2534955,1.8362609
815.0,-1.3000516,-14.135366,1.4700398,-2.1343632,1.2437216,1.998751
825.0,-1.4221559,-14.2862015,1.4269443,-1.7140878,1.2082914,2.180789
834.0,-1.5155296,-13.984532,1.1133038,-1.0005972,1.1484267,2.3640485
845.0,-1.5969325,-13.31655,0.8403648,-0.1881465,1.073901,2.5265386
855.0,-1.7884687,-12.409147,0.34476504,0.53023106,0.99082345,2.6511552
866.0,-1.8818425,-11.745954,-0.38067806,1.0543534,0.89552844,2.7501154
875.0,-2.1643584,-11.353305,-1.0702082,1.4294246,0.78801614,2.8221974
884.0,-2.3247697,-10.9582615,-1.7142484,1.7458528,0.6377433,2.8576276
895.0,-2.5378537,-10.632649,-2.291251,2.003638,0.46914452,2.9040534
908.0,-2.4779987,-10.350134,-2.3558946,2.243097,0.29810223,2.9174924
914.0,-2.4540567,-9.959879,-2.3056161,2.4556782,0.14049901,2.9003882
925.0,-2.4875755,-9.382876,-2.2385786,2.579073,0.004886922,2.886949
936.0,-2.360683,-8.726865,-2.0949266,2.579073,-0.12095132,2.8808405
945.0,-2.4636335,-8.327033,-1.9967642,2.543643,-0.25045475,2.8356364
954.0,-2.5210943,-8.178593,-1.6352397,2.5485299,-0.37018433,2.7806585
966.0,-2.5905263,-8.090008,-1.5059528,2.6316075,-0.4654793,2.7525587
974.0,-2.765303,-7.807492,-1.3335704,2.8099802,-0.5656612,2.7085764
985.0,-2.9113493,-7.491457,-1.30484,3.00057,-0.65484756,2.6584857
996.0,-2.992752,-7.041347,-1.1923125,3.1264083,-0.73792523,2.5998425
1005.0,-3.0190883,-6.655881,-0.92176765,3.1716123,-0.8185594,2.543643
1016.0,-3.1555579,-6.3925185,-0.6727707,3.1618385,-0.9114109,2.4911084
1028.0,-3.1794999,-6.007052,-0.35194764,3.114191,-1.0005972,2.4263568
1037.0,-3.2154129,-5.7245364,0.095768064,3.0543263,-1.0861185,2.3506095
1044.0,-3.277662,-5.398925,0.34237084,2.973692,-1.1765264,2.276084
1056.0,-3.3039982,-5.1762643,0.44771573,2.8991663,-1.2718215,2.1930063
1079.0,-3.4045548,-4.9440265,0.7062895,2.855184,-1.3561208,2.1062634
1079.0,-3.4213142,-4.6950297,0.878672,2.8637362,-1.4697418,2.017077
1085.0,-3.5577838,-4.10845,0.94570965,2.910162,-1.5809193,1.9144517
1094.0,-3.6152446,-3.6535518,1.0342951,2.9382617,-1.7238617,1.8350391
1106.0,-3.502717,-3.1483753,1.2545617,2.8857274,-1.8680259,1.8057177
1115.0,-3.3518825,-2.906561,1.673547,2.7794368,-1.9963076,1.8032742
1124.0,-3.0190883,-3.2225955,2.3942018,2.692694,-2.1013765,1.8301523
1135.0,-2.6048915,-3.8833952,3.1914709,2.6438248,-2.1868975,1.8826867
1146.0,-2.3439236,-4.2664676,3.7828386,2.64749,-2.257758,1.9022343
1155.0,-2.054225,-4.343082,4.2999864,2.8026497,-2.3823745,1.7336355
1166.0,-2.0374656,-3.7612908,4.685453,2.8026497,-2.3823745,1.7336355
1175.0,-2.2026656,-2.885013,5.0302176,2.7953193,-2.4361305,1.6933185
1188.0,-2.2266076,-2.018312,5.3079453,2.6340508,-2.485,1.7373008
1195.0,-2.2888567,-1.0702082,5.566519,2.339614,-2.5363126,1.813048
1207.0,-2.3798366,-0.46926352,5.506664,1.9462167,-2.5717428,1.8643607
1216.0,-2.3199813,0.038307227,5.3558292,1.4782939,-2.6193902,1.8509218
1226.0,-2.360683,0.7398083,5.4922986,0.5900958,-2.7269025,1.6554449
1236.0,-2.1667526,0.9911995,6.054936,0.28955013,-2.7672195,1.5332718
1245.0,-1.5562311,1.3599066,7.6494746,0.10262536,-2.7953193,1.4159856
1257.0,-1.1899183,1.3096284,8.283937,0.043982297,-2.787989,1.2974777
1278.0,-0.8714894,0.8858546,8.4108305,0.009773844,-2.7488935,1.1850786
1278.0,-0.92895025,0.5482722,8.300697,-0.07574729,-2.7488935,1.073901
1284.0,-1.079785,0.4189853,8.032547,-0.22113322,-2.7757716,0.9492846
1295.0,-1.3383588,0.7422025,7.807492,-0.408058,-2.856406,0.80756384
1306.0,-1.1851299,1.1707647,7.4723034,-0.63407815,-2.9565878,0.66950834
1316.0,-0.866701,1.5059528,7.252037,-0.90285885,-3.0653217,0.5681047
1327.0,-0.2896984,1.3910311,7.9463553,-1.1948525,-3.0921998,0.50946164
1335.0,-0.17238252,0.093373865,4.369418,-1.1863003,-2.9981265,0.46670106
1346.0,3.478775,-1.8914193,19.55105,-0.41172317,-2.043955,0.18936823
1356.0,6.969521,-1.2378023,35.951332,1.2608259,-0.80878556,0.062308256
1367.0,-0.49320555,2.0518308,21.61246,0.5375614,-1.536937,0.3567453
1378.0,1.8770541,6.9048777,16.132132,-1.5491543,-1.1948525,-0.14782938
1388.0,1.520318,0.9720459,12.559982,-1.9596558,-0.2724459,-0.84421575
1397.0,-0.7565677,-5.494693,10.852917,-1.6224581,-0.021991149,-0.9431759
1407.0,-2.7605145,-8.628703,10.127473,-1.2840388,-0.10873401,-0.38606682
1417.0,-3.277662,-6.8186865,9.528923,-0.675617,-0.48991394,0.11484267
1427.0,-1.7860745,-4.237737,8.652645,-0.2321288,-0.8051204,0.14905111
1437.0,0.35434186,-2.6743233,8.039729,-0.50946164,-0.82711154,-0.002443461
1447.0,1.4915876,-1.8794483,8.322245,-0.9456194,-0.6658431,0.028099801
1456.0,1.3120226,-2.4349031,8.9279785,-0.8246681,-0.516792,0.21502456
1468.0,0.46208093,-3.6750996,9.617508,-0.25045475,-0.47769663,0.3213151
1476.0,-0.23463176,-4.1659107,9.842564,0.2284636,-0.54000485,0.2284636
1486.0,-0.44771573,-3.2082303,9.959879,0.34697145,-0.57910025,0.043982297
1496.0,-0.50038815,-1.4676456,10.120291,0.20280726,-0.535118,-0.052534413
1508.0,-0.557849,-0.19871874,10.242394,-0.05375614,-0.44104472,-0.008552114
1517.0,-0.7422025,-0.074220255,10.572795,-0.32253686,-0.3323107,0.081855945
1526.0,-0.91697925,-0.94570965,10.6877165,-0.5216789,-0.2443461,0.10629055
1537.0,-0.9792285,-1.9728222,10.773908,-0.56199604,-0.19058995,0.04642576
1547.0,-0.79008657,-2.6623523,10.692505,-0.40194935,-0.1685988,-0.014660766
1557.0,-0.6847417,-2.8491,10.486604,-0.119729586,-0.17715092,-0.02321288
1569.0,-0.6440403,-2.8538885,10.240001,0.11484267,-0.19303341,-0.014660766
1576.0,-0.5434838,-2.5785553,9.921572,0.19181168,-0.18448131,-0.03176499
1585.0,-0.29927522,-2.3199813,9.763555,0.12950343,-0.14905111,-0.061086524
1596.0,-0.31364042,-2.1619642,9.660604,0.02565634,-0.119729586,-0.07819075
1606.0,-0.1436521,-2.1428106,9.488221,-0.04886922,-0.087964594,-0.073303826
1617.0,-0.24660277,-2.183512,9.433155,-0.073303826,-0.06963864,-0.056199603
1628.0,-0.30166942,-2.2050598,9.500193,-0.07574729,-0.056199603,-0.04153884
1637.0,-0.31364042,-2.2290018,9.545682,-0.08674286,-0.04642576,-0.035430185
1646.0,-0.29209262,-2.2337902,9.595961,-0.105068825,-0.040317107,-0.030543262
1656.0,-0.29448682,-2.255338,9.533711,-0.12217305,-0.032986723,-0.02565634
1668.0,-0.2825158,-2.384625,9.610326,-0.13561209,-0.02565634,-0.021991149
1676.0,-0.22984336,-2.6072857,9.646238,-0.13927728,-0.030543262,-0.021991149
1687.0,-0.22505496,-2.777274,9.615114,-0.12461651,-0.032986723,-0.02687807
1697.0,-0.09816227,-2.9520507,9.586384,-0.09040806,-0.035430185,-0.03176499
1706.0,-0.1364695,-3.083732,9.607931,-0.052534413,-0.037873644,-0.035430185
1717.0,-0.07182605,-3.13401,9.548077,-0.021991149,-0.034208454,-0.02565634
1727.0,-0.05746084,-2.944868,9.514558,0.02076942,-0.032986723,-0.0061086523
1737.0,-0.01436521,-2.966416,9.358934,0.06352998,-0.036651913,0.012217305
1748.0,0.009576807,-2.7988217,9.210494,0.080634214,-0.042760566,0.02321288
1757.0,-0.0023942017,-2.5115175,9.138668,0.059864793,-0.040317107,0.021991149
1768.0,-0.059855044,-2.4157495,9.093178,0.032986723,-0.042760566,0.02321288
1777.0,-0.107739076,-2.3175871,9.165004,0.013439035,-0.04886922,0.02687807
1787.0,-0.079008654,-2.4013844,9.169792,-0.0036651916,-0.057421334,0.03176499
1796.0,-0.11252748,-2.456451,9.275137,-0.015882496,-0.057421334,0.034208454
1807.0,-0.110133275,-2.480393,9.349358,-0.02565634,-0.056199603,0.029321533
1817.0,-0.074220255,-2.4827871,9.313444,-0.034208454,-0.05375614,0.017104227
1828.0,-0.17477672,-2.5210943,9.260772,-0.039095376,-0.057421334,0.009773844
1838.0,-0.11492168,-2.5474305,9.323022,-0.035430185,-0.05497787,0.009773844
1847.0,-0.07182605,-2.5498247,9.255983,-0.036651913,-0.05375614,0.007330383
1857.0,-0.021547815,-2.516306,9.229648,-0.052534413,-0.04520403,-0.002443461
1869.0,-0.0047884034,-2.56419,9.217676,-0.065973446,-0.032986723,-0.009773844
1877.0,0.007182605,-2.6288335,9.222465,-0.0720821,-0.02687807,-0.009773844
1887.0,-0.031124622,-2.777274,9.260772,-0.06719518,-0.028099801,-0.012217305
1896.0,-0.04070143,-2.7365725,9.267955,-0.047647487,-0.02687807,-0.019547688
1908.0,-0.02633622,-2.681506,9.344569,-0.02687807,-0.02321288,-0.019547688
1918.0,-0.110133275,-2.7461493,9.378088,-0.019547688,-0.018325957,-0.013439035
1928.0,-0.059855044,-2.741361,9.3661175,-0.029321533,-0.015882496,-0.012217305
1936.0,-0.11971009,-2.6647465,9.404425,-0.042760566,-0.013439035,-0.012217305
1947.0,-0.16759412,-2.6647465,9.3661175,-0.05375614,-0.019547688,-0.013439035
1957.0,-0.15562311,-2.6599581,9.478644,-0.061086524,-0.0061086523,-0.012217305
1968.0,-0.11252748,-2.681506,9.497798,-0.064751714,0.0012217305,-0.012217305
1977.0,-0.14844051,-2.6312277,9.440337,-0.07086037,0.0012217305,-0.012217305
1988.0,-0.15801731,-2.7126305,9.536105,-0.06352998,0.013439035,-0.0061086523
1998.0,-0.16759412,-2.8921957,9.454702,-0.028099801,0.015882496,0.0036651916
2007.0,-0.12928689,-2.8898015,9.382876,0.0036651916,0.014660766,0.007330383
2018.0,-0.14844051,-2.7461493,9.358934,0.013439035,0.014660766,0.007330383
2029.0,-0.1412579,-2.731784,9.337387,0.009773844,0.02076942,0.010995574
2039.0,-0.1316811,-2.6384103,9.303867,0.0012217305,0.021991149,0.015882496
2048.0,-0.14844051,-2.5570073,9.332599,-0.008552114,0.021991149,0.018325957
2079.0,-0.20350714,-2.5929205,9.351752,-0.02076942,0.018325957,0.014660766
2079.0,-0.19153613,-2.5833437,9.294291,-0.02076942,0.018325957,0.014660766
2079.0,-0.23223756,-2.5953147,9.361329,-0.019547688,0.018325957,0.013439035
2085.0,-0.06943185,-2.60968,9.299079,-0.013439035,0.018325957,0.015882496
2096.0,-0.110133275,-2.6264393,9.411607,-0.0012217305,0.015882496,0.017104227
2108.0,-0.059855044,-2.707842,9.3182335,0.007330383,0.012217305,0.014660766
2115.0,-0.110133275,-2.6839,9.26556,-0.0036651916,0.012217305,0.009773844
2126.0,-0.05267244,-2.6288335,9.330204,-0.02565634,0.015882496,0.007330383
2136.0,-0.076614454,-2.707842,9.303867,-0.040317107,0.015882496,0.009773844
2146.0,-0.074220255,-2.705448,9.232041,-0.052534413,0.010995574,0.010995574
2156.0,-0.1604115,-2.6767175,9.198523,-0.059864793,0.009773844,0.007330383
2168.0,-0.19632454,-2.6527755,9.203311,-0.05375614,0.0061086523,0.008552114
2176.0,-0.20350714,-2.731784,9.279925,-0.04153884,0.0036651916,0.014660766
2188.0,-0.088585466,-2.7724855,9.330204,-0.030543262,0.0036651916,0.021991149
2196.0,-0.1340753,-2.7964275,9.3421755,-0.013439035,-0.0036651916,0.02443461
2207.0,-0.09816227,-2.813187,9.32781,0.004886922,-0.0061086523,0.02565634
2215.0,-0.15083471,-2.7581203,9.332599,0.017104227,-0.010995574,0.02321288
2226.0,-0.09816227,-2.7365725,9.3182335,0.02076942,-0.02321288,0.02076942
2234.0,-0.08619126,-2.80361,9.255983,0.009773844,-0.010995574,0.021991149
2244.0,-0.062249243,-2.6623523,9.165004,-0.002443461,-0.0036651916,0.02321288
2254.0,-0.12210429,-2.767697,9.255983,-0.007330383,0.0012217305,0.02321288
2265.0,-0.1604115,-2.7581203,9.229648,-0.0036651916,-0.004886922,0.02321288
2275.0,-0.20590134,-2.7126305,9.255983,-0.0012217305,-0.0036651916,0.018325957
2285.0,-0.17238252,-2.695871,9.289502,0.0036651916,-0.0012217305,0.012217305
2294.0,-0.23223756,-2.693477,9.263166,0.009773844,-0.008552114,0.013439035
2304.0,-0.12689269,-2.585738,9.287108,0.007330383,-0.0012217305,0.015882496
2314.0,-0.15083471,-2.6312277,9.337387,0.012217305,-0.010995574,0.012217305
2324.0,-0.14844051,-2.717419,9.227253,0.008552114,-0.0061086523,0.004886922
2335.0,-0.11252748,-2.7509377,9.215282,-0.008552114,0.004886922,0.0036651916
2347.0,-0.1436521,-2.7269957,9.160215,-0.02443461,0.0061086523,0.007330383
2355.0,-0.14844051,-2.7365725,9.184157,-0.029321533,0.0,0.007330383
2367.0,-0.24420857,-2.743755,9.167398,-0.029321533,0.0036651916,0.004886922
2374.0,-0.14604631,-2.8323407,9.244013,-0.019547688,-0.007330383,0.0036651916
2386.0,-0.19632454,-2.8874073,9.387665,-0.008552114,-0.02076942,0.0061086523
2395.0,-0.16280572,-2.8514943,9.437943,0.0012217305,-0.007330383,0.013439035
2407.0,-0.15083471,-2.870648,9.469068,0.019547688,-0.019547688,0.018325957
2415.0,-0.10055647,-2.801216,9.406818,0.02687807,-0.008552114,0.015882496
2425.0,-0.11492168,-2.7389667,9.358934,0.029321533,-0.012217305,0.009773844
2436.0,-0.08379706,-2.6120741,9.325416,0.02687807,-0.017104227,0.008552114
2447.0,-0.1340753,-2.585738,9.229648,0.014660766,-0.012217305,0.008552114
2456.0,-0.038307227,-2.5833437,9.258378,-0.0012217305,-0.008552114,0.008552114
2469.0,0.0047884034,-2.6791117,9.239224,-0.009773844,-0.007330383,0.004886922
2477.0,0.0047884034,-2.6527755,9.294291,-0.010995574,-0.0036651916,0.0012217305
2487.0,-0.0023942017,-2.6503813,9.270349,-0.007330383,-0.002443461,0.0
2496.0,-0.02633622,-2.6743233,9.409213,-0.0012217305,0.0,0.0012217305
2508.0,-0.093373865,-2.681506,9.370906,0.0061086523,0.0012217305,0.0012217305
2519.0,-0.06464344,-2.6982653,9.354146,0.009773844,-0.002443461,0.0
2530.0,-0.08379706,-2.7126305,9.356541,0.013439035,-0.004886922,0.0
2538.0,-0.110133275,-2.6408045,9.284714,0.017104227,-0.004886922,-0.002443461
2548.0,-0.095768064,-2.7605145,9.255983,0.015882496,-0.009773844,-0.0061086523
2558.0,-0.088585466,-2.7605145,9.277532,0.010995574,-0.007330383,-0.008552114
2569.0,-0.1364695,-2.6048915,9.215282,0.007330383,-0.007330383,-0.008552114
2577.0,-0.15083471,-2.6240451,9.25359,0.0,0.0,-0.0061086523
2588.0,-0.15801731,-2.6264393,9.224859,-0.012217305,0.0036651916,-0.007330383
2597.0,-0.15322891,-2.6910827,9.258378,-0.02321288,0.0061086523,-0.008552114
2609.0,-0.16280572,-2.7940333,9.241618,-0.02443461,0.0036651916,-0.008552114
2618.0,-0.1604115,-2.7988217,9.222465,-0.017104227,0.002443461,-0.008552114
2628.0,-0.25139117,-2.8538885,9.248801,-0.004886922,-0.002443461,-0.008552114
2638.0,-0.18195933,-2.765303,9.315839,0.004886922,-0.0036651916,-0.0036651916
2650.0,-0.23463176,-2.755726,9.287108,0.008552114,-0.0061086523,0.0012217305
2657.0,-0.22984336,-2.7988217,9.323022,0.0061086523,-0.0036651916,0.002443461
2669.0,-0.22744916,-2.755726,9.308656,-0.0012217305,-0.0012217305,-0.002443461
2678.0,-0.12928689,-2.72939,9.3733,-0.008552114,0.009773844,-0.0036651916
2688.0,-0.12449849,-2.7748797,9.32781,-0.004886922,0.009773844,0.0
2698.0,-0.21547815,-2.89459,9.299079,0.008552114,0.012217305,0.004886922
2710.0,-0.17238252,-2.8203697,9.246407,0.017104227,0.010995574,0.002443461
2718.0,-0.15083471,-2.8921957,9.272743,0.017104227,0.009773844,0.0
2729.0,-0.15801731,-2.8658595,9.277532,0.013439035,0.010995574,0.0
2738.0,-0.19393034,-2.777274,9.23683,0.010995574,0.013439035,0.0
2748.0,-0.23942018,-2.743755,9.301474,0.010995574,0.014660766,0.002443461
2757.0,-0.20590134,-2.7246015,9.296685,0.004886922,0.012217305,0.0036651916
2768.0,-0.15083471,-2.7629087,9.294291,-0.0012217305,0.012217305,0.002443461
2776.0,-0.12689269,-2.7341783,9.299079,-0.0012217305,0.008552114,0.0012217305
2788.0,-0.24660277,-2.8060043,9.330204,-0.004886922,0.010995574,0.0036651916
2798.0,-0.14844051,-2.7126305,9.31105,-0.009773844,0.008552114,0.007330383
2809.0,-0.1316811,-2.6791117,9.325416,-0.012217305,0.007330383,0.012217305
2819.0,-0.1364695,-2.791639,9.279925,-0.008552114,0.007330383,0.017104227
2829.0,-0.14604631,-2.7102363,9.255983,-0.002443461,0.0061086523,0.02076942
2839.0,-0.15083471,-2.7700913,9.25359,0.0,0.0061086523,0.02687807
2848.0,-0.15322891,-2.834735,9.277532,0.010995574,0.0012217305,0.030543262
2857.0,-0.076614454,-2.7629087,9.397242,0.05009095,-0.009773844,0.029321533
2868.0,-0.17956513,-2.7006595,9.363723,0.05009095,-0.009773844,0.029321533
2877.0,-0.18195933,-2.72939,9.306262,0.05009095,-0.013439035,0.029321533
2889.0,-0.05746084,-2.6144683,9.279925,0.036651913,-0.0061086523,0.030543262
2897.0,-0.15083471,-2.6479871,9.296685,0.02321288,-0.0036651916,0.029321533
2908.0,-0.08379706,-2.5953147,9.291897,0.010995574,-0.0012217305,0.02687807
2919.0,-0.11492168,-2.6527755,9.234436,0.007330383,-0.0012217305,0.02443461
2928.0,-0.079008654,-2.681506,9.200917,0.008552114,-0.002443461,0.017104227
2937.0,-0.11731588,-2.6623523,9.212888,0.004886922,-0.0012217305,0.008552114
2950.0,-0.11731588,-2.6623523,9.217676,0.004886922,0.0,0.007330383
2959.0,-0.062249243,-2.7222073,9.308656,0.0061086523,-0.004886922,0.0036651916
2970.0,-0.01436521,-2.7461493,9.332599,0.0061086523,-0.004886922,-0.002443461
2979.0,-0.06464344,-2.7868507,9.267955,0.0036651916,-0.004886922,-0.009773844
2988.0,0.021547815,-2.693477,9.244013,-0.002443461,-0.0036651916,-0.013439035
2998.0,-0.019153614,-2.7365725,9.198523,-0.004886922,-0.004886922,-0.015882496
3009.0,-0.02873042,-2.657564,9.215282,-0.004886922,-0.007330383,-0.019547688
