30.0,-4.4795513,-1.1659763,8.801085,-0.034208454,-0.013439035,0.008552114
44.0,-4.4795513,-1.1659763,8.801085,0.17715092,0.118507855,-0.05497787
44.0,-4.3957543,-0.641646,8.825027,-0.02565634,-0.30543262,-0.26511553
56.0,-4.223372,-0.8523358,8.7292595,-0.1001819,-0.41172317,-0.3115413
64.0,-4.2161894,-0.6368576,8.700529,-0.014660766,0.38362336,0.017104227
73.0,-4.3502645,-0.45968673,8.595184,-0.07696902,0.41538838,0.019547688
99.0,-4.453215,-0.5722142,8.549694,-0.15515977,0.24801129,-0.02443461
99.0,-4.3766007,-0.7015011,8.432379,-0.19303341,0.08307768,-0.09407325
103.0,-4.4819455,-0.770933,8.307879,-0.20891592,0.07819075,-0.119729586
113.0,-4.4556093,-0.78290397,8.250419,-0.2284636,0.06841691,-0.13072516
125.0,-4.429273,-0.79248077,8.111555,-0.25045475,0.05375614,-0.13561209
133.0,-4.4077253,-0.7445967,7.9750857,-0.2773328,0.030543262,-0.14172074
144.0,-4.39336,-0.78050977,7.9343843,-0.30543262,0.009773844,-0.14538592
154.0,-4.3478703,-0.8403648,7.920019,-0.33108896,-0.017104227,-0.1441642
163.0,-4.3119574,-0.93373865,7.8290396,-0.35430184,-0.05009095,-0.14294247
173.0,-4.345476,-1.0223241,7.867347,-0.36163223,-0.07941248,-0.14294247
187.0,-4.2784386,-1.2330139,7.8529816,-0.3811799,-0.111177474,-0.13927728
193.0,-4.3143516,-1.3192052,7.836222,-0.42271876,-0.13439035,-0.13194689
205.0,-4.3047748,-1.520318,7.9870567,-0.4569272,-0.14905111,-0.12583824
214.0,-4.381389,-1.7741034,8.039729,-0.45814893,-0.16493362,-0.1160644
224.0,-4.309563,-1.9321208,8.255207,-0.41416663,-0.17715092,-0.10995574
233.0,-4.235343,-2.042254,8.3150625,-0.344528,-0.18081611,-0.09407325
245.0,-4.158728,-2.1571758,8.504205,-0.27366763,-0.17592919,-0.064751714
255.0,-4.1539397,-2.2888567,8.492233,-0.19792034,-0.16737708,-0.030543262
264.0,-4.098873,-2.2218192,8.549694,-0.118507855,-0.15882497,-0.002443461
273.0,-4.0533834,-2.1811178,8.62152,-0.06963864,-0.14905111,0.02565634
285.0,-4.0940847,-2.2170308,8.628703,-0.073303826,-0.13561209,0.062308256
294.0,-4.1132383,-2.1212628,8.655039,-0.1160644,-0.12217305,0.089186326
305.0,-4.1515455,-2.0159178,8.683769,-0.16982053,-0.10873401,0.09896017
314.0,-4.280833,-1.8626889,8.801085,-0.22602014,-0.09896017,0.11484267
324.0,-4.232949,-1.8459295,8.884883,-0.28955013,-0.08307768,0.15149458
333.0,-4.292804,-2.0685902,9.002198,-0.3359759,-0.059864793,0.18448131
344.0,-4.321534,-2.1164744,8.947132,-0.35185838,-0.04153884,0.19547687
355.0,-4.3358994,-2.0159178,8.865729,-0.3323107,-0.02565634,0.19792034
365.0,-4.4556093,-2.0949266,8.767567,-0.3042109,-0.008552114,0.20647246
374.0,-4.5633483,-2.0159178,8.746018,-0.2687807,0.02565634,0.2406809
385.0,-4.5872903,-1.9369092,8.844181,-0.2687807,0.04153884,0.26511553
394.0,-4.522647,-1.9416976,8.719683,-0.28344148,0.064751714,0.2883284
404.0,-4.5801077,-1.99437,8.683769,-0.2968805,0.08307768,0.30909783
414.0,-4.6662993,-2.0231004,8.6334915,-0.31642818,0.096516706,0.3323107
425.0,-4.5777135,-1.9871874,8.554482,-0.33475417,0.10873401,0.3567453
434.0,-4.5896845,-1.9488802,8.468291,-0.35185838,0.12095132,0.3848451
444.0,-4.5513773,-1.9895816,8.537724,-0.3640757,0.13194689,0.4092797
454.0,-4.675876,-1.9081788,8.525752,-0.3555236,0.14172074,0.41905355
464.0,-4.6710877,-1.8148049,8.585608,-0.30665436,0.15271631,0.43249258
474.0,-4.721366,-1.8938135,8.623915,-0.24190263,0.16371189,0.46181414
487.0,-4.8243165,-1.8028339,8.4826565,-0.18325958,0.16371189,0.4813618
495.0,-4.8386817,-1.7142484,8.327033,-0.1441642,0.17837265,0.48502702
505.0,-4.805163,-1.6543933,8.274361,-0.13072516,0.19058995,0.48991394
515.0,-4.841076,-1.6424223,8.3150625,-0.13316862,0.204029,0.5045747
525.0,-4.8626237,-1.70946,8.391677,-0.13072516,0.20891592,0.516792
535.0,-4.781221,-1.8243817,8.504205,-0.11728613,0.22357668,0.5131268
546.0,-4.855441,-1.8052281,8.537724,-0.08552113,0.23457226,0.49846604
554.0,-4.867412,-1.6543933,8.470686,-0.056199603,0.24801129,0.48502702
565.0,-4.88896,-1.5562311,8.470686,-0.05131268,0.26389378,0.47647488
575.0,-5.0254292,-1.4341269,8.372523,-0.05131268,0.2724459,0.46914452
585.0,-5.0900726,-1.4891934,8.255207,-0.05375614,0.28221974,0.46181414
595.0,-4.9799395,-1.436521,8.118738,-0.058643065,0.2883284,0.45081854
605.0,-4.9799395,-1.4173675,8.037335,-0.056199603,0.29443705,0.43493605
614.0,-4.8985367,-1.5729905,8.195353,-0.07574729,0.30543262,0.42394048
625.0,-4.865018,-1.4556746,8.298303,-0.15271631,0.3213151,0.4129449
635.0,-4.939238,-1.4556746,8.24563,-0.17715092,0.32742378,0.39950588
645.0,-4.939238,-1.7884687,8.171411,-0.14294247,0.3286455,0.39095375
655.0,-5.0421886,-1.8674773,8.207323,-0.119729586,0.32620203,0.37995818
666.0,-5.0517654,-1.6783354,8.106767,-0.10751228,0.32253686,0.36163223
675.0,-5.046977,-1.4796166,7.9990277,-0.08674286,0.32375857,0.34697145
686.0,-5.1379566,-1.4556746,7.9272017,-0.065973446,0.31642818,0.3481932
695.0,-5.106832,-1.4532804,7.800309,-0.05131268,0.30665436,0.35185838
705.0,-5.0876784,-1.3096284,7.7308774,-0.05009095,0.2968805,0.3481932
715.0,-5.145139,-1.328782,7.5465236,-0.057421334,0.28588495,0.3408628
726.0,-5.171476,-1.352724,7.524976,-0.058643065,0.27366763,0.3286455
734.0,-5.149928,-1.3455414,7.405266,-0.043982297,0.24678956,0.31031954
744.0,-5.140351,-1.2042835,7.3166804,-0.03176499,0.21991149,0.28955013
754.0,-5.1690817,-0.9840169,7.1490865,-0.02321288,0.19058995,0.26267207
765.0,-5.159505,-0.90979666,7.086837,-0.02443461,0.15271631,0.23945917
775.0,-5.1690817,-0.78769237,6.919243,-0.04520403,0.12461651,0.21624629
786.0,-5.245696,-0.8331822,6.8569937,-0.073303826,0.081855945,0.18570304
795.0,-5.3318872,-0.63206923,6.6271505,-0.11362094,0.02565634,0.14538592
805.0,-5.427655,-0.61770403,6.447585,-0.15393804,-0.039095376,0.095294975
815.0,-5.475539,-0.4405331,6.179435,-0.1685988,-0.11362094,0.035430185
825.0,-5.327099,-0.4333505,6.0477533,-0.16249016,-0.19547687,-0.013439035
834.0,-5.2959743,-0.34237084,6.0118403,-0.1563815,-0.28344148,-0.05375614
846.0,-5.1571107,-0.35194764,6.0764837,-0.13561209,-0.36651915,-0.10262536
855.0,-4.8458643,-0.36152446,6.411672,-0.07574729,-0.45937067,-0.16982053
865.0,-4.405331,-0.47405192,6.591237,0.02687807,-0.56199604,-0.2406809
874.0,-4.0414124,-0.4333505,6.543353,0.13072516,-0.6768387,-0.31520647
887.0,-3.715801,-0.035913024,6.3063273,0.1966986,-0.80878556,-0.41416663
895.0,-3.5529952,0.4141969,5.947197,0.20647246,-0.9505063,-0.5326745
905.0,-3.2728736,0.9744401,5.638345,0.16737708,-1.1129965,-0.66706485
915.0,-2.870648,1.5729905,5.3247046,0.07574729,-1.2999213,-0.8246681
925.0,-2.4109612,2.0494366,4.9224787,-0.07574729,-1.5137241,-1.0140363
935.0,-1.6424223,2.5258827,4.661511,-0.2846632,-1.7605137,-1.2412782
945.0,-0.7302315,2.9616275,4.5777135,-0.50335294,-2.025629,-1.5210545
954.0,0.39983168,3.1866825,4.912902,-0.64996064,-2.2418754,-1.8753563
966.0,1.4221559,3.4476504,5.398925,-0.6401868,-2.4080307,-2.3017402
975.0,2.2122424,3.6966474,5.839458,-0.48258355,-2.5289822,-2.7574458
985.0,2.8634653,4.072537,6.349423,-0.25289822,-2.6169467,-3.2058208
995.0,3.1627405,4.355053,6.9000893,-0.007330383,-2.669481,-3.6395352
1005.0,3.3494883,4.4101195,7.225701,0.2003638,-2.6951375,-4.0378194
1015.0,3.5673606,4.189853,7.711724,0.3640757,-2.7183504,-4.4031167
1027.0,3.892972,3.8402996,8.257602,0.50823987,-2.7207937,-4.747645
1035.0,4.5753193,3.0454245,8.995016,0.62796944,-2.687807,-5.0616293
1048.0,5.279215,2.3104045,9.299079,0.7623598,-2.6352727,-5.347514
1057.0,5.544971,1.7645266,9.308656,0.9407325,-2.5937338,-5.589417
1079.0,5.4539914,1.2904748,8.822633,1.097114,-2.6218336,-5.7946677
1079.0,5.3965306,1.2330139,8.267179,1.102001,-2.7220156,-5.9534926
1089.0,5.5497594,0.62009823,8.662222,0.97005403,-2.7989845,-6.010914
1095.0,6.303933,-1.5873557,9.940725,0.90408057,-2.806315,-5.935167
1106.0,7.1395097,-3.667917,10.82658,0.9260717,-2.7806585,-5.816659
1116.0,7.8984714,-4.781221,12.191275,1.0262536,-2.7220156,-5.7922244
1126.0,8.24563,-4.735731,12.957419,1.0238101,-2.6731462,-5.8300977
1137.0,8.429984,-4.2425256,13.524845,0.8038987,-2.5986207,-5.7409115
1148.0,8.607155,-4.699818,14.31972,0.5375614,-2.420248,-5.468466
1155.0,8.614338,-5.3701944,15.014039,0.33108896,-2.211332,-5.144707
1168.0,8.542512,-5.353435,15.102624,0.09407325,-2.0011945,-4.8563786
1176.0,8.453926,-5.74369,15.413871,-0.33841935,-1.5149459,-4.1563272
1187.0,8.286332,-6.5481415,15.222335,-0.33841935,-1.5149459,-4.1563272
1196.0,8.034941,-6.9407907,14.542381,-0.57787853,-1.2962561,-3.8056905
1206.0,7.608773,-7.5321584,13.78342,-0.7965683,-1.0848967,-3.4929276
1216.0,6.969521,-7.7691846,12.876017,-0.9407325,-0.89675015,-3.154508
1226.0,6.3661823,-7.7189064,12.217611,-1.0396926,-0.74036866,-2.7855456
1237.0,5.884948,-7.680599,11.903971,-1.0567969,-0.59131753,-2.4129176
1248.0,5.5737014,-7.536947,11.563994,-1.0103711,-0.47891834,-2.0818288
1258.0,5.3247046,-7.098808,11.183316,-0.8258898,-0.30176744,-1.4905112
1269.0,5.0278234,-6.253655,10.263943,-0.6976081,-0.22968534,-1.2131784
1278.0,4.3502645,-5.837064,9.861717,-0.5742133,-0.1685988,-0.9615019
1288.0,3.9504328,-5.437232,9.497798,-0.45204028,-0.12705997,-0.73914695
1298.0,3.7134068,-5.142745,9.248801,-0.33841935,-0.09896017,-0.5510005
1308.0,3.6248214,-4.618415,8.978256,-0.26267207,-0.096516706,-0.40561453
1317.0,3.58412,-4.1515455,8.820239,-0.23335053,-0.10873401,-0.3042109
1329.0,3.5697548,-3.928885,8.851364,-0.21991149,-0.12583824,-0.20647246
1337.0,3.6990416,-3.6750996,8.781932,-0.20647246,-0.13316862,-0.12217305
1347.0,3.775656,-3.2202013,8.724471,-0.1966986,-0.13805555,-0.07819075
1357.0,3.8953662,-2.6886885,8.6334915,-0.19914207,-0.14294247,-0.05131268
1369.0,3.9312792,-2.2361844,8.568848,-0.21502456,-0.13683382,-0.007330383
1378.0,4.0174704,-1.9369092,8.485051,-0.23090707,-0.1282817,0.042760566
1389.0,4.1036615,-1.9656396,8.413225,-0.22235495,-0.11728613,0.0720821
1399.0,4.256891,-1.8267759,8.401254,-0.21380283,-0.11362094,0.087964594
1409.0,4.3406878,-1.7190368,8.334216,-0.23090707,-0.10995574,0.1001819
1418.0,4.489128,-1.6663644,8.286332,-0.24190263,-0.11484267,0.103847094
1427.0,4.525041,-1.6879122,8.343793,-0.23945917,-0.119729586,0.10751228
1438.0,4.501099,-1.7860745,8.451532,-0.23945917,-0.112399206,0.111177474
1450.0,4.6399627,-1.769315,8.66701,-0.22113322,-0.103847094,0.095294975
1457.0,4.7261543,-1.745373,8.772355,-0.172264,-0.09162979,0.080634214
1467.0,4.865018,-1.7046716,8.659827,-0.13316862,-0.073303826,0.0720821
1478.0,4.853047,-1.3575124,8.583213,-0.12705997,-0.059864793,0.05497787
1487.0,4.6160207,-1.3263878,8.50181,-0.1282817,-0.04886922,0.05009095
1497.0,4.5992613,-1.2976574,8.47308,-0.12217305,-0.04642576,0.057421334
1510.0,4.6806645,-1.30484,8.492233,-0.111177474,-0.04520403,0.065973446
1518.0,4.6160207,-1.3599066,8.595184,-0.10995574,-0.04153884,0.06719518
1529.0,4.630386,-1.3263878,8.561666,-0.118507855,-0.04642576,0.058643065
1538.0,4.465186,-1.2162545,8.607155,-0.13194689,-0.05131268,0.062308256
1548.0,4.3718123,-1.3096284,8.655039,-0.12950343,-0.059864793,0.06963864
1557.0,4.4196963,-1.3263878,8.604761,-0.103847094,-0.065973446,0.0720821
1569.0,4.498705,-1.2976574,8.76996,-0.06841691,-0.06719518,0.08307768
1577.0,4.5322237,-1.2210429,8.726865,-0.04886922,-0.06841691,0.09773844
1589.0,4.6495395,-1.1587936,8.7125,-0.047647487,-0.06352998,0.10262536
1599.0,4.6806645,-1.0845734,8.748413,-0.052534413,-0.062308256,0.103847094
1609.0,4.673482,-1.1013328,8.743625,-0.052534413,-0.05009095,0.1160644
1619.0,4.6255975,-1.1875241,8.714894,-0.047647487,-0.036651913,0.12217305
1630.0,4.608838,-1.1683705,8.6813755,-0.047647487,-0.02321288,0.112399206
1638.0,4.4939165,-1.079785,8.693346,-0.05375614,-0.017104227,0.103847094
1649.0,4.5657425,-0.9792285,8.702923,-0.06719518,-0.009773844,0.105068825
1658.0,4.5872903,-1.067814,8.595184,-0.080634214,-0.008552114,0.10873401
1667.0,4.6519337,-1.0702082,8.614338,-0.095294975,-0.014660766,0.1001819
1678.0,4.7046065,-1.0654198,8.643068,-0.105068825,-0.018325957,0.081855945
1690.0,4.7285485,-1.091756,8.602366,-0.10873401,-0.021991149,0.0720821
1697.0,4.6232033,-1.0510546,8.628703,-0.112399206,-0.02321288,0.059864793
1708.0,4.6950297,-1.079785,8.602366,-0.10629055,-0.029321533,0.047647487
1718.0,4.699818,-1.0462662,8.480263,-0.09896017,-0.036651913,0.04642576
1729.0,4.709395,-1.1348516,8.4347725,-0.09773844,-0.032986723,0.05375614
1738.0,4.7285485,-1.2162545,8.453926,-0.07819075,-0.030543262,0.058643065
1749.0,4.771644,-1.2976574,8.487445,-0.04153884,-0.028099801,0.062308256
1758.0,4.8937483,-1.30484,8.487445,-0.012217305,-0.02321288,0.065973446
1767.0,4.8602295,-1.3192052,8.568848,0.008552114,-0.014660766,0.06352998
1778.0,4.8482585,-1.3503298,8.532935,0.02687807,-0.0061086523,0.05375614
1789.0,4.7884035,-1.3072342,8.544906,0.029321533,-0.002443461,0.04520403
1799.0,4.805163,-1.3311762,8.485051,0.012217305,0.0036651916,0.036651913
1808.0,4.687847,-1.3694834,8.485051,-0.009773844,0.004886922,0.029321533
1819.0,4.757279,-1.4580688,8.487445,-0.032986723,0.008552114,0.02565634
1827.0,4.8123455,-1.3862427,8.475474,-0.059864793,0.007330383,0.017104227
1837.0,4.8937483,-1.3910311,8.494628,-0.08674286,0.009773844,0.012217305
1846.0,4.8745947,-1.4987702,8.456321,-0.10873401,0.017104227,0.013439035
1856.0,4.9344497,-1.5897499,8.487445,-0.118507855,0.02565634,0.014660766
1870.0,4.900931,-1.6089035,8.456321,-0.1160644,0.02687807,0.019547688
1877.0,4.8506527,-1.6041151,8.358158,-0.1160644,0.028099801,0.02443461
1888.0,4.8003745,-1.5634137,8.379706,-0.1160644,0.028099801,0.032986723
1897.0,4.8267107,-1.6639702,8.360553,-0.09773844,0.019547688,0.043982297
1908.0,4.8243165,-1.7645266,8.291121,-0.07452556,0.019547688,0.05009095
1918.0,4.819528,-1.721431,8.288726,-0.052534413,0.018325957,0.04642576
1929.0,4.7668557,-1.697489,8.358158,-0.034208454,0.018325957,0.047647487
1939.0,4.709395,-1.6472107,8.367735,-0.030543262,0.02076942,0.05375614
1949.0,4.733337,-1.6328455,8.350976,-0.035430185,0.019547688,0.059864793
1958.0,4.793192,-1.5490485,8.329428,-0.04642576,0.017104227,0.06841691
1969.0,4.7620673,-1.5777789,8.336611,-0.059864793,0.012217305,0.07452556
1978.0,4.7429137,-1.6256629,8.271967,-0.07452556,0.004886922,0.07574729
1990.0,4.630386,-1.5849615,8.298303,-0.087964594,-0.0061086523,0.0720821
1999.0,4.685453,-1.5705963,8.420407,-0.08307768,-0.02076942,0.07452556
2008.0,4.781221,-1.6352397,8.441956,-0.058643065,-0.02565634,0.07696902
2017.0,4.7907977,-1.5777789,8.47308,-0.040317107,-0.02687807,0.06719518
2027.0,4.7740383,-1.7286136,8.461109,-0.004886922,-0.028099801,0.05497787
2039.0,4.9176903,-1.7549498,8.453926,0.039095376,-0.02076942,0.057421334
2050.0,4.876989,-1.6448165,8.42759,0.059864793,-0.009773844,0.059864793
2058.0,4.8362875,-1.6663644,8.439561,0.059864793,0.0036651916,0.057421334
2089.0,4.8602295,-1.6328455,8.446744,0.04886922,0.004886922,0.065973446
2089.0,4.8027687,-1.6759412,8.47308,-0.0012217305,0.014660766,0.06719518
2089.0,4.8147397,-1.5873557,8.506598,-0.0012217305,0.014660766,0.06719518
2096.0,4.7165775,-1.4269443,8.549694,-0.029321533,0.015882496,0.062308256
2107.0,4.7644615,-1.5011644,8.583213,-0.065973446,0.017104227,0.065973446
2117.0,4.7189717,-1.5610195,8.664616,-0.096516706,0.015882496,0.06719518
2127.0,4.759673,-1.6687586,8.614338,-0.10751228,0.018325957,0.059864793
2137.0,4.7620673,-1.6927006,8.487445,-0.09773844,0.010995574,0.04886922
2146.0,4.656722,-1.6232687,8.37013,-0.06841691,0.019547688,0.042760566
2156.0,4.5058875,-1.685518,8.322245,-0.039095376,0.021991149,0.04642576
2168.0,4.5394063,-1.661576,8.437167,-0.0061086523,0.015882496,0.05009095
2176.0,4.5657425,-1.5849615,8.437167,0.02076942,0.010995574,0.04886922
2187.0,4.673482,-1.6639702,8.453926,0.029321533,0.008552114,0.043982297
2197.0,4.618415,-1.6591818,8.50181,0.032986723,0.008552114,0.040317107
2206.0,4.6375685,-1.7046716,8.607155,0.029321533,0.004886922,0.034208454
2217.0,4.6686935,-1.6543933,8.429984,0.008552114,0.0036651916,0.028099801
2228.0,4.663905,-1.5945383,8.437167,-0.012217305,0.0061086523,0.029321533
2237.0,4.6040497,-1.6304513,8.42759,-0.02687807,0.004886922,0.036651913
2249.0,4.5681367,-1.673547,8.3629465,-0.040317107,-0.0036651916,0.039095376
2258.0,4.6016555,-1.7357962,8.441956,-0.05131268,-0.004886922,0.036651913
2268.0,4.6375685,-1.70946,8.504205,-0.04886922,-0.007330383,0.043982297
2278.0,4.6950297,-1.7860745,8.492233,-0.036651913,-0.010995574,0.05131268
2290.0,4.759673,-1.8555063,8.508993,-0.013439035,-0.012217305,0.052534413
2298.0,4.711789,-1.8411411,8.51857,0.007330383,-0.008552114,0.052534413
2308.0,4.6950297,-1.7908629,8.451532,0.015882496,-0.008552114,0.05375614
2317.0,4.7429137,-1.7932571,8.446744,0.02076942,-0.004886922,0.052534413
2328.0,4.72376,-1.7501614,8.487445,0.02687807,0.0012217305,0.05131268
2338.0,4.7046065,-1.7286136,8.437167,0.02687807,0.002443461,0.047647487
2349.0,4.6662993,-1.6543933,8.468291,0.009773844,0.002443461,0.043982297
2357.0,4.596867,-1.7166426,8.494628,-0.007330383,-0.002443461,0.042760566
2366.0,4.6806645,-1.7501614,8.535329,-0.014660766,-0.0061086523,0.042760566
2377.0,4.735731,-1.769315,8.578424,-0.021991149,-0.0036651916,0.04153884
2389.0,4.759673,-1.7262194,8.537724,-0.02321288,-0.004886922,0.034208454
2397.0,4.699818,-1.7884687,8.516175,-0.018325957,-0.009773844,0.032986723
2409.0,4.6662993,-1.7717092,8.480263,-0.014660766,-0.008552114,0.04153884
2419.0,4.6351743,-1.8435353,8.511387,-0.009773844,-0.007330383,0.05497787
2428.0,4.6160207,-2.0159178,8.420407,0.004886922,-0.009773844,0.056199603
2438.0,4.5896845,-1.8076223,8.372523,0.02565634,-0.013439035,0.047647487
2449.0,4.5872903,-1.721431,8.420407,0.032986723,-0.015882496,0.04642576
2456.0,4.6112323,-1.6903064,8.494628,0.02687807,-0.019547688,0.052534413
2468.0,4.594473,-1.6663644,8.523358,0.02076942,-0.02076942,0.056199603
2478.0,4.6399627,-1.7549498,8.50181,0.02076942,-0.018325957,0.05131268
2488.0,4.687847,-1.6711528,8.47308,0.012217305,-0.019547688,0.040317107
2498.0,4.687847,-1.6591818,8.485051,-0.009773844,-0.014660766,0.029321533
2508.0,4.6160207,-1.7118542,8.429984,-0.02321288,-0.008552114,0.029321533
2518.0,4.654328,-1.7190368,8.485051,-0.02443461,-0.007330383,0.03176499
2530.0,4.654328,-1.7310078,8.39886,-0.021991149,0.0,0.028099801
2538.0,4.661511,-1.6903064,8.453926,-0.017104227,0.002443461,0.02687807
2549.0,4.6710877,-1.7980455,8.468291,0.004886922,0.0,0.02687807
2558.0,4.72376,-1.8052281,8.492233,0.028099801,0.004886922,0.028099801
2569.0,4.8147397,-1.8219875,8.461109,0.040317107,0.009773844,0.02565634
2578.0,4.7764325,-1.7477672,8.444349,0.040317107,0.013439035,0.021991149
2590.0,4.7788267,-1.6472107,8.475474,0.02687807,0.015882496,0.02443461
2598.0,4.7500963,-1.673547,8.511387,0.0036651916,0.012217305,0.030543262
2607.0,4.7309427,-1.6424223,8.492233,-0.019547688,0.012217305,0.036651913
2617.0,4.7381253,-1.7118542,8.53054,-0.034208454,0.009773844,0.034208454
2629.0,4.7548847,-1.7717092,8.468291,-0.04642576,0.0061086523,0.028099801
2638.0,4.6471453,-1.661576,8.444349,-0.05497787,0.004886922,0.030543262
2649.0,4.608838,-1.7477672,8.439561,-0.047647487,0.0036651916,0.035430185
2659.0,4.606444,-1.8531121,8.4108305,-0.02565634,0.0061086523,0.035430185
2669.0,4.675876,-1.7788919,8.463503,0.0012217305,0.007330383,0.032986723
2679.0,4.6806645,-1.7262194,8.456321,0.021991149,0.002443461,0.035430185
2689.0,4.6902413,-1.7621324,8.47308,0.034208454,0.004886922,0.035430185
2698.0,4.656722,-1.745373,8.492233,0.035430185,0.008552114,0.030543262
2709.0,4.6950297,-1.7142484,8.497022,0.028099801,0.013439035,0.02565634
2717.0,4.7070007,-1.6448165,8.513782,0.012217305,0.017104227,0.02076942
2730.0,4.6160207,-1.7310078,8.523358,-0.0012217305,0.018325957,0.015882496
2738.0,4.5298295,-1.8291701,8.477868,-0.008552114,0.019547688,0.013439035
2748.0,4.4939165,-1.8531121,8.408437,-0.009773844,0.02076942,0.0061086523
2758.0,4.525041,-1.8195933,8.389283,-0.007330383,0.02076942,-0.004886922
2770.0,4.537012,-1.7429788,8.422802,0.0,0.021991149,-0.009773844
2778.0,4.5298295,-1.7884687,8.485051,0.012217305,0.018325957,-0.0061086523
2790.0,4.6016555,-1.769315,8.47308,0.028099801,0.014660766,-0.002443461
2798.0,4.661511,-1.8770541,8.50181,0.036651913,0.014660766,-0.002443461
2808.0,4.7046065,-1.8555063,8.487445,0.037873644,0.010995574,-0.004886922
2818.0,4.6495395,-1.8315643,8.42759,0.034208454,0.008552114,-0.008552114
2830.0,4.6136265,-1.7022774,8.396465,0.02443461,0.008552114,-0.002443461
2838.0,4.63278,-1.8195933,8.384495,0.015882496,0.009773844,0.010995574
2849.0,4.663905,-1.8435353,8.389283,0.009773844,0.008552114,0.010995574
2858.0,4.572925,-1.7501614,8.365341,-0.0036651916,0.010995574,0.0036651916
2868.0,4.6232033,-1.7836803,8.365341,-0.015882496,0.010995574,-0.002443461
2879.0,4.5513773,-1.7860745,8.413225,-0.015882496,0.004886922,-0.0036651916
2891.0,4.63278,-1.8507179,8.350976,-0.009773844,-0.0012217305,-0.002443461
2898.0,4.546589,-1.8842367,8.372523,0.0,-0.007330383,-0.0036651916
2908.0,4.6255975,-1.9009962,8.3868885,0.009773844,-0.007330383,-0.004886922
2918.0,4.6495395,-1.946486,8.396465,0.029321533,-0.010995574,-0.0061086523
2927.0,4.6950297,-1.9321208,8.403648,0.047647487,-0.018325957,-0.0012217305
2937.0,4.6830587,-1.8938135,8.350976,0.05497787,-0.02076942,0.007330383
2948.0,4.656722,-1.9033904,8.343793,0.052534413,-0.02321288,0.017104227
2957.0,4.721366,-1.8579005,8.336611,0.04520403,-0.02443461,0.028099801
2968.0,4.7070007,-1.8459295,8.348581,0.03176499,-0.02321288,0.035430185
2979.0,4.687847,-1.8555063,8.3868885,0.007330383,-0.032986723,0.030543262
2989.0,4.644751,-1.8291701,8.379706,0.007330383,-0.032986723,0.030543262
2998.0,4.5801077,-1.7022774,8.367735,-0.007330383,-0.03176499,0.028099801
3010.0,4.620809,-1.8674773,8.422802,0.014660766,-0.04520403,0.017104227
