20.0,2.956839,-1.6328455,9.222465,0.014660766,-0.05009095,0.22479841
30.0,2.767697,-1.7190368,9.203311,0.15515977,0.11362094,-0.09162979
33.0,2.4540567,-1.6256629,9.105149,0.012217305,-0.29443705,-0.25534168
51.0,2.4899697,-1.4317327,9.169792,-0.09407325,-0.41172317,-0.2724459
52.0,2.7030537,-1.4772224,9.165004,0.0,0.36651915,0.12950343
62.0,2.7389667,-1.5227122,9.203311,-0.036651913,0.3811799,0.16493362
73.0,2.7485435,-1.5155296,9.275137,-0.058643065,0.1966986,0.10751228
82.0,2.7844565,-1.532289,9.241618,-0.05009095,0.029321533,0.036651913
92.0,2.779668,-1.5370775,9.179369,-0.02443461,0.03176499,0.017104227
102.0,2.885013,-1.4987702,9.181764,0.004886922,0.040317107,-0.007330383
113.0,2.7724855,-1.5490485,9.100361,0.017104227,0.04642576,-0.02076942
122.0,2.789245,-1.532289,9.021352,0.0036651916,0.04886922,-0.02687807
133.0,2.7748797,-1.460463,9.119514,-0.030543262,0.047647487,-0.032986723
142.0,2.822764,-1.4293385,9.074024,-0.06963864,0.04520403,-0.042760566
152.0,2.944868,-1.4820108,9.016563,-0.10995574,0.037873644,-0.05497787
162.0,2.9496565,-1.496376,9.136273,-0.14538592,0.02443461,-0.07941248
174.0,3.0095115,-1.661576,9.081207,-0.1685988,0.007330383,-0.10751228
182.0,2.9783869,-1.6831238,9.0429,-0.18081611,-0.017104227,-0.13316862
194.0,2.9400797,-1.5801731,9.066842,-0.19181168,-0.04642576,-0.15515977
203.0,3.0190883,-1.661576,9.143456,-0.19792034,-0.08307768,-0.172264
214.0,2.96881,-1.6543933,9.239224,-0.18203785,-0.118507855,-0.18203785
222.0,2.9855695,-1.6519991,9.339781,-0.14172074,-0.1441642,-0.18692477
232.0,3.0813377,-1.6831238,9.380483,-0.095294975,-0.15760323,-0.19303341
242.0,3.1435869,-1.6089035,9.461885,-0.05497787,-0.15882497,-0.19547687
254.0,3.1771057,-1.5873557,9.449914,-0.037873644,-0.14782938,-0.19181168
263.0,3.1196449,-1.6376339,9.354146,-0.04520403,-0.12950343,-0.19181168
273.0,3.0478187,-1.508347,9.349358,-0.06963864,-0.10751228,-0.19792034
282.0,2.9281087,-1.448492,9.222465,-0.103847094,-0.08674286,-0.19547687
292.0,2.8993783,-1.4628572,9.181764,-0.14049901,-0.061086524,-0.18203785
302.0,2.815581,-1.4077905,9.215282,-0.17470746,-0.039095376,-0.16493362
315.0,2.72939,-1.3934253,9.200917,-0.19425514,-0.014660766,-0.15393804
323.0,2.72939,-1.4939818,9.255983,-0.17348573,0.0061086523,-0.15271631
333.0,2.6791117,-1.6543933,9.325416,-0.11484267,0.028099801,-0.16249016
343.0,2.6839,-1.7645266,9.275137,-0.04153884,0.05375614,-0.18448131
353.0,2.7485435,-1.6927006,9.284714,0.015882496,0.081855945,-0.204029
363.0,2.8514943,-1.6160861,9.205706,0.04642576,0.10751228,-0.21746802
374.0,2.815581,-1.6927006,9.153033,0.052534413,0.13194689,-0.23090707
383.0,2.6862943,-1.7142484,9.167398,0.02443461,0.15149458,-0.2443461
393.0,2.6982653,-1.6376339,9.11712,-0.02565634,0.16737708,-0.25289822
403.0,2.7844565,-1.6256629,9.107543,-0.07819075,0.17715092,-0.26145032
414.0,2.7700913,-1.745373,9.143456,-0.11362094,0.18325958,-0.267559
423.0,2.7700913,-1.958457,9.172187,-0.13439035,0.1881465,-0.27366763
434.0,2.717419,-1.9177556,9.239224,-0.14294247,0.19181168,-0.28221974
443.0,2.777274,-2.0087352,9.167398,-0.14782938,0.19181168,-0.29077184
453.0,2.8874073,-2.006341,9.215282,-0.15393804,0.18692477,-0.29443705
463.0,2.846706,-2.0685902,9.196129,-0.16371189,0.1881465,-0.29932398
473.0,2.837129,-2.030283,9.176975,-0.18203785,0.18570304,-0.30543262
483.0,2.8778305,-2.0949266,9.136273,-0.204029,0.18203785,-0.30909783
494.0,2.8203697,-2.0326772,9.105149,-0.22479841,0.17837265,-0.30909783
502.0,2.7102363,-2.0254946,9.093178,-0.26511553,0.17715092,-0.30176744
514.0,2.6623523,-2.0638018,9.107543,-0.2724459,0.16982053,-0.29077184
523.0,2.6551697,-2.2649148,9.301474,-0.26267207,0.16982053,-0.28344148
533.0,2.741361,-2.3822308,9.351752,-0.21746802,0.16737708,-0.2724459
542.0,2.8083985,-2.6072857,9.466674,-0.15027285,0.16982053,-0.25778514
554.0,2.789245,-2.7341783,9.7084875,-0.07452556,0.17348573,-0.24190263
563.0,2.8993783,-2.8419175,10.0269165,-0.019547688,0.17959438,-0.20647246
573.0,3.1196449,-2.942474,10.366894,-0.019547688,0.19058995,-0.14172074
583.0,3.2010477,-3.1794999,10.70687,-0.10629055,0.22479841,-0.065973446
593.0,3.1866825,-3.41892,11.020511,-0.27977628,0.2724459,0.02321288
603.0,3.0454245,-3.928885,11.173739,-0.52412236,0.32375857,0.13683382
615.0,2.779668,-4.606444,11.468226,-0.79290307,0.3811799,0.2724459
623.0,2.5761611,-5.683835,12.224793,-1.0005972,0.45204028,0.43860126
633.0,2.6072857,-6.727707,13.263878,-1.1081096,0.5546656,0.63529986
643.0,2.8060043,-7.8529816,14.379576,-1.1154399,0.7012733,0.8552113
653.0,2.7629087,-8.552089,14.487314,-1.0910053,0.8943067,1.0836749
663.0,2.4396915,-8.801085,14.128184,-1.0115929,1.128879,1.287704
675.0,2.054225,-9.507375,14.085089,-0.8723156,1.359786,1.5650368
682.0,1.5490485,-10.429143,13.67568,-0.8038987,1.5833627,2.0097466
693.0,1.0941502,-11.176133,13.335704,-0.8222246,1.8093829,2.4654522
703.0,0.79248077,-11.365275,12.990938,-0.8356637,2.008525,2.7940977
714.0,0.9911995,-11.039664,12.801797,-0.8344419,2.1905627,3.1202996
723.0,1.1971009,-10.7356,12.49055,-0.8772025,2.4019222,3.6016614
734.0,1.1468226,-10.481815,12.002133,-1.0067059,2.6364944,4.138001
743.0,0.78290397,-9.866506,11.288661,-1.1814134,2.8441887,4.554611
753.0,0.24660277,-9.004593,10.4171715,-1.382999,2.9798007,4.8576
763.0,-0.25378537,-8.171411,9.615114,-1.5552629,3.032335,5.1251593
773.0,-0.4237737,-7.261614,8.9758625,-1.6224581,3.010344,5.3609533
783.0,-0.32561144,-6.5026517,8.413225,-1.5406022,2.951701,5.5454345
795.0,0.04070143,-5.5162406,7.85777,-1.2962561,2.8820622,5.6553903
803.0,0.38307226,-4.4101195,7.285556,-0.90285885,2.7953193,5.6969295
814.0,0.79008657,-3.1172507,6.885724,-0.48502702,2.7036896,5.693264
823.0,1.2162545,-2.030283,6.3949127,-0.1600467,2.6316075,5.6456165
833.0,1.400608,-0.91697925,6.1626754,0.12339478,2.533869,5.5014524
844.0,1.5682021,0.15801731,5.791574,0.43004912,2.3994787,5.222898
855.0,1.7238252,1.0654198,5.279215,0.7098254,2.2638667,4.845383
863.0,1.6112977,1.9440918,4.6040497,0.9126327,2.1160371,4.43366
874.0,1.1300632,2.705448,4.2999864,1.0665708,1.9315559,3.997502
884.0,0.7541735,3.7253778,4.197036,1.1728612,1.672549,3.5210273
893.0,0.63206923,4.6950297,4.158728,1.1985176,1.3732251,2.9932396
904.0,0.46208093,5.410896,3.4165258,1.2070698,1.0665708,2.411696
916.0,0.5793968,6.2608376,3.0238767,1.4294246,0.84788096,1.7482964
924.0,0.7374141,7.237672,4.805163,1.6517797,0.59864795,1.0885619
933.0,1.1228806,7.6710224,4.3981485,1.1264355,0.20769419,0.625526
945.0,1.0462662,8.652645,3.809175,0.74036866,-0.007330383,0.13316862
956.0,1.3359646,7.1395097,5.0900726,0.63529986,-0.34574974,-0.26267207
966.0,2.2481554,5.3342814,5.2241483,0.7244862,-0.72692966,-0.7611381
976.0,2.8658595,5.1020436,4.9559975,1.2315043,-1.0299188,-1.3756685
985.0,2.8658595,5.590461,3.8355112,1.9816469,-1.3695599,-1.8741345
997.0,2.7341783,6.363788,2.6551697,2.6841419,-1.7715092,-2.2516494
1007.0,2.8778305,6.9144545,1.5490485,3.0017917,-2.234545,-2.6658158
1017.0,3.383007,7.855376,0.5386954,2.946814,-2.7232373,-3.232699
1025.0,3.8187518,8.6334915,-0.12689269,2.7415633,-3.2045991,-3.8716638
1040.0,4.015076,8.9758625,0.45489833,2.302962,-3.685961,-4.4532075
1058.0,3.9935284,9.892841,1.0199299,1.6029104,-4.1221185,-5.1068335
1058.0,3.7924154,10.733206,1.8602947,0.84421575,-4.4947467,-5.8227677
1064.0,3.7134068,10.34774,2.384625,-0.012217305,-4.828279,-6.3627725
1076.0,4.1683054,9.006987,3.4045548,-0.9334021,-5.050634,-6.730513
1086.0,4.7381253,7.290344,5.765238,-1.7018706,-5.158146,-7.0799284
1096.0,5.8801594,5.0158525,9.481039,-2.2223277,-5.177694,-7.3707
1106.0,7.639898,1.553837,13.5775175,-2.6047294,-5.013982,-7.3975782
1116.0,9.749189,-3.3614593,17.7961,-3.0201178,-4.4642034,-7.161784
1126.0,10.532093,-7.9583263,20.463242,-3.2632422,-3.6566393,-7.188662
1135.0,9.315839,-10.584765,20.673931,-2.8478537,-2.9248228,-7.9119267
1145.0,8.236053,-7.687782,18.193539,-2.1856759,-2.443461,-8.472701
1156.0,8.793902,-5.9639564,14.1904335,-1.7702875,-2.3066273,-7.629707
1166.0,13.512875,-14.511256,13.074736,-1.097114,-2.058616,-5.816659
1176.0,17.60217,-17.606958,12.540829,-0.4654793,-1.5992452,-4.8624873
1184.0,16.503233,-17.37951,11.525687,-0.39461896,-1.0616838,-4.4984117
1196.0,11.688493,-23.4943,12.957419,-0.39706242,-0.6035349,-3.2803464
1206.0,9.114726,-26.59958,14.188039,-0.1966986,-0.35918877,-2.057394
1218.0,8.391677,-26.731262,14.8272915,0.23457226,-0.11484267,-1.3084733
1225.0,6.8210807,-24.976313,14.511256,0.7452556,0.18081611,-0.75136423
1235.0,4.1539397,-21.121647,13.5535755,1.0005972,0.41050145,-0.24801129
1246.0,1.7525556,-17.017986,12.236765,0.8503244,0.49235737,0.28955013
1256.0,0.2896984,-13.977349,11.027693,0.3494149,0.49480084,0.8723156
1267.0,-0.521936,-11.394006,10.115502,-0.33353242,0.47036624,1.5125023
1278.0,-0.50038815,-11.020511,9.564836,-0.9468411,0.45570546,2.2198844
1286.0,-0.2873042,-11.647791,8.702923,-1.409877,0.45081854,2.819754
1296.0,-0.19632454,-11.848905,8.109161,-1.7385225,0.43249258,3.264464
1307.0,-0.31603462,-11.882423,7.5704656,-1.6664404,0.40439278,4.2003093
1317.0,-0.1412579,-11.81778,6.505046,-1.6664404,0.40439278,4.2003093
1326.0,-0.20590134,-11.073183,3.3039982,-1.2596041,0.5131268,4.7525315
1336.0,0.035913024,-11.291056,8.288726,-1.1374311,0.42638394,5.0518556
1346.0,1.079785,-11.312603,8.437167,-0.91629785,0.43493605,5.084842
1356.0,1.5801731,-10.216059,9.509769,-0.5045747,0.5510005,5.3658404
1366.0,1.9752164,-9.773131,10.45069,0.40561453,0.8405506,5.8728585
1375.0,2.3989902,-8.166622,11.21444,0.7305948,0.98715824,6.020688
1386.0,2.657564,-7.687782,11.298238,1.0519099,1.1520919,6.2039475
1397.0,2.6886885,-7.4244194,11.176133,1.3500122,1.3292428,6.4348545
1406.0,2.8323407,-7.28795,10.575189,1.563815,1.4514158,6.63644
1417.0,2.9903579,-6.519411,9.576807,1.5491543,1.5100589,6.66454
1426.0,3.7469256,-4.1706996,9.404425,1.3170254,1.5564847,6.418972
1435.0,4.7046065,-1.8435353,9.346964,1.2021828,1.5589281,5.9950314
1444.0,5.4899044,0.30885202,8.9279785,1.359786,1.4856243,5.512448
1456.0,5.74369,2.4181437,8.087613,1.6187929,1.4440855,4.9797735
1467.0,5.3821654,4.4580035,7.189788,1.813048,1.4196508,4.460538
1477.0,4.76925,6.133945,6.76362,1.8216002,1.351234,4.007276
1487.0,4.2042184,7.699753,6.4020953,1.6420058,1.2144,3.5442402
1496.0,3.8307228,9.392453,5.7843914,1.391551,1.0140363,2.9981265
1506.0,3.430891,10.694899,5.21936,1.1374311,0.79412484,2.4019222
1520.0,3.1004913,11.434708,4.642357,0.93462384,0.5412266,1.8008307
1527.0,2.920926,11.47062,3.8618474,0.81122905,0.24190263,1.1704178
1536.0,2.9592333,11.264719,2.9113493,0.7733554,-0.009773844,0.45937067
1547.0,3.5098996,11.506534,4.6255975,0.70616025,-0.20158553,-0.26633725
1556.0,3.643975,10.788273,4.924873,0.50335294,-0.50823987,-0.9126327
1566.0,3.0430303,10.09156,4.414908,0.376293,-0.78801614,-1.5577064
1576.0,3.193865,9.483433,4.0533834,0.593761,-1.1716396,-2.371379
1587.0,4.0797195,9.351752,3.1914709,0.64873886,-1.536937,-3.1606169
1597.0,4.367024,9.512163,2.1978772,0.40317106,-1.8240436,-3.7348301
1608.0,4.197036,8.693346,2.0853498,0.12461651,-2.1294763,-4.1966443
1618.0,4.2880154,7.45315,1.9632454,-0.24678956,-2.460565,-4.75131
1627.0,4.405331,6.789956,2.1284454,-0.6939429,-2.724459,-5.404936
1637.0,4.414908,6.196194,2.6767175,-1.1386528,-2.941927,-5.9901447
1647.0,4.477157,5.767632,3.4979286,-1.5833627,-3.1202996,-6.4482937
1656.0,4.608838,5.3606176,4.654328,-2.0305161,-3.2375858,-6.8380256
1666.0,5.085284,4.7070007,6.7803793,-2.4630086,-3.2656856,-7.1703362
1677.0,6.1626754,2.6527755,9.512163,-2.8050933,-3.1874948,-7.290066
1686.0,7.7093296,-0.58418524,11.293449,-3.1447344,-3.0066788,-7.071376
1697.0,8.949526,-3.809175,13.718776,-3.716504,-2.6218336,-6.718296
1707.0,9.414001,-6.019023,14.295778,-4.5277333,-2.1270328,-6.6193357
1718.0,9.904813,-7.896077,13.450625,-5.1068335,-1.4856243,-6.8673472
1727.0,10.867282,-9.23683,12.612655,-4.6437974,-0.9651671,-7.1141367
1736.0,13.244724,-12.816162,11.446678,-3.164282,-0.57787853,-6.559471
1747.0,15.222335,-16.9294,11.235989,-1.7910569,-0.12461651,-5.3890533
1759.0,15.20797,-21.088129,10.733206,-0.9211848,0.36041048,-4.510629
1767.0,12.689269,-23.879768,10.718841,-0.29810223,0.69027776,-4.019493
1777.0,9.375694,-26.293123,11.532869,0.33841935,0.9272934,-3.4208453
1784.0,7.0844426,-26.223692,12.722788,0.86498517,1.0995574,-2.792876
1796.0,5.887342,-23.393745,12.902353,1.0103711,1.237613,-2.2198844
1805.0,5.2863975,-19.634848,12.287044,0.71837753,1.3878858,-1.6175711
1818.0,4.355053,-16.680403,10.996569,0.1282817,1.5088371,-0.9737192
1828.0,2.765303,-14.949395,9.040505,-0.5363397,1.518611,-0.312763
1838.0,1.2473791,-14.17128,6.9838862,-1.0665708,1.4465289,0.3042109
1847.0,0.24899697,-13.881581,5.719748,-1.3329079,1.3377949,0.8417723
1856.0,-0.2753332,-13.84088,4.685453,-1.3109168,1.1936307,1.3072516
1867.0,-0.6464345,-13.01488,3.9121256,-1.174083,1.0238101,1.7055358
1877.0,-0.7781156,-12.105083,3.6032736,-1.0103711,0.8491027,2.0598376
1888.0,-0.60094464,-11.705252,3.7469256,-0.8527679,0.66828656,2.4178047
1897.0,-0.23463176,-11.463438,4.1922474,-0.6927212,0.5045747,2.7550023
1906.0,0.33997664,-11.329363,4.6279917,-0.535118,0.37873647,3.032335
1919.0,0.6871359,-11.030087,4.781221,-0.41050145,0.29077184,3.2400293
1926.0,0.7517793,-10.299856,4.675876,-0.36163223,0.17959438,3.376863
1937.0,0.830788,-9.854534,4.999093,-0.32620203,0.08307768,3.540575
1946.0,1.079785,-10.043676,5.829881,-0.19792034,-0.008552114,3.7555995
1957.0,1.5873557,-10.000581,6.4978633,-0.028099801,-0.09040806,3.935194
1968.0,2.1021092,-9.758766,7.1634517,0.080634214,-0.13927728,4.1001277
1976.0,2.372654,-9.179369,7.5920134,0.14172074,-0.18203785,4.229631
1988.0,2.528277,-9.006987,8.025364,0.23579398,-0.21502456,4.3493605
1999.0,2.552219,-8.561666,8.307879,0.376293,-0.22724187,4.4874163
2008.0,2.6144683,-7.9343843,8.53054,0.5326745,-0.22968534,4.605924
2018.0,2.705448,-7.089231,8.559271,0.6927212,-0.21991149,4.7036624
2027.0,2.8562827,-6.4499793,8.966286,0.87109387,-0.16615535,4.8270574
2037.0,2.791639,-5.6790466,9.198523,1.0348058,-0.073303826,4.972443
2056.0,2.6527755,-5.070919,9.619903,1.2425,0.05009095,5.0836205
2056.0,2.4037786,-4.8865657,10.117896,1.5406022,0.18081611,5.182581
2065.0,2.087744,-4.783615,10.19451,1.8191566,0.2846632,5.2473326
2075.0,1.8124107,-3.8067808,9.428367,1.9120082,0.3726278,5.20335
2086.0,1.7908629,-2.554613,8.832211,1.844813,0.47525316,5.0604076
2097.0,1.8124107,-1.6591818,8.6574335,1.7873917,0.5876524,4.8563786
2107.0,1.9249382,-0.61530983,8.568848,1.8741345,0.6609562,4.6108108
2118.0,2.0949266,0.62249243,8.425196,2.0134118,0.6805039,4.298048
2126.0,2.0254946,2.384625,8.087613,1.9975294,0.68783426,3.8875463
2142.0,2.1164744,4.3622355,7.855376,1.8240436,0.675617,3.4245105
2145.0,1.9512744,6.1123967,7.6351094,1.609019,0.5876524,2.9749138
2156.0,1.8770541,7.132327,7.156269,1.3768903,0.45570546,2.5411994
2167.0,1.9321208,7.6614456,6.399701,1.128879,0.2724459,2.1038198
2177.0,2.0039468,8.329428,5.662287,0.93462384,0.04886922,1.6126842
2186.0,2.099715,9.349358,5.2504845,0.80878556,-0.18203785,1.0714576
2196.0,2.3774424,10.223241,5.142745,0.8038987,-0.4361578,0.50701815
2206.0,2.96881,11.101913,5.3486466,0.9944886,-0.9126327,-0.6817256
2218.0,3.5051112,11.851298,5.530606,0.9944886,-0.9126327,-0.6817256
2225.0,3.7301662,12.124237,5.0158525,0.9993755,-1.378112,-1.9107865
2237.0,4.223372,10.172963,3.679888,1.0384709,-1.6639969,-2.5265386
2245.0,4.6471453,8.456321,3.2824504,0.9798279,-2.0097466,-3.137404
2256.0,4.8267107,7.5441294,3.086126,0.6951646,-2.379931,-3.8386772
2266.0,4.5441947,7.989451,3.0334535,0.22235495,-2.6988027,-4.6523495
2277.0,4.237737,8.6334915,3.0933087,-0.2968805,-2.9724703,-5.4195967
2287.0,4.000711,8.556877,3.442862,-0.9663888,-3.2217033,-5.9131756
2296.0,4.3502645,8.147469,4.3478703,-2.0635028,-3.413515,-6.1538563
2307.0,5.195418,7.1873937,7.0102224,-3.6603045,-3.4599407,-6.3212337
2317.0,6.8067155,4.8123455,9.945514,-5.4843483,-3.2950072,-6.399424
2328.0,9.169792,-0.11252748,12.016499,-6.967529,-2.8405235,-6.2015038
2339.0,11.592725,-7.8410106,14.300567,-7.2644095,-1.9303342,-5.955936
2348.0,12.339716,-17.173609,14.942213,-5.736025,-0.79168135,-6.2674775
2359.0,9.303867,-18.823214,14.750677,-3.3976326,-0.096516706,-7.3401566
2367.0,7.6111674,-13.041217,13.129802,-1.5283848,0.14538592,-7.8936005
2376.0,8.513782,-11.252748,10.374076,-0.30787608,0.021991149,-6.917438
2387.0,10.524911,-14.769831,6.9743094,0.18325958,-0.12217305,-5.222898
2397.0,12.725182,-17.621325,6.4619503,0.38362336,0.021991149,-4.24307
2408.0,10.788273,-15.540763,5.985504,0.52778757,0.047647487,-3.813021
2420.0,7.3190746,-15.775395,6.8761473,0.65484756,0.07574729,-3.0750957
2428.0,5.2409077,-16.924612,7.9870567,0.7648033,-0.015882496,-2.3445008
2438.0,4.644751,-16.136919,8.870518,0.72082096,-0.04520403,-1.8997909
2448.0,3.9695864,-14.444219,9.859323,0.44104472,0.032986723,-1.6334536
2458.0,3.1244333,-12.907142,10.647015,0.052534413,0.12217305,-1.3695599
2467.0,2.3558946,-11.71004,10.680533,-0.35918877,0.18325958,-1.1129965
2478.0,1.8411411,-10.151415,10.086772,-0.77091193,0.2284636,-0.90285885
2487.0,1.163582,-8.475474,8.961497,-1.1826351,0.24312437,-0.6963864
2497.0,0.51475334,-7.467515,7.8050976,-1.491733,0.22724187,-0.47403142
2508.0,0.1412579,-7.249643,6.787562,-1.5625933,0.19547687,-0.26633725
2519.0,-0.07182605,-7.345411,6.0597243,-1.4025466,0.14294247,-0.12461651
2529.0,-0.16998832,-7.180211,5.590461,-1.1081096,0.0842994,-0.04520403
2540.0,-0.09816227,-7.0700774,5.365406,-0.77091193,0.02076942,-0.004886922
2548.0,0.11252748,-6.706159,5.434838,-0.45081854,-0.05009095,0.012217305
2559.0,0.36391866,-6.117185,5.542577,-0.20158553,-0.13194689,0.035430185
2568.0,0.8738836,-5.7125654,5.851429,-0.032986723,-0.21746802,0.08552113
2577.0,1.2186487,-5.7484784,6.2345014,0.089186326,-0.29443705,0.12583824
2587.0,1.7549498,-5.365406,6.76362,0.2003638,-0.35430184,0.1160644
2599.0,2.1619642,-5.2600613,7.455544,0.2724459,-0.39706242,0.13683382
2607.0,2.5498247,-5.5258174,7.9391727,0.31642818,-0.4202753,0.15760323
2619.0,3.0382419,-5.7125654,8.130709,0.36285394,-0.43982297,0.14294247
2628.0,3.2465374,-5.566519,8.276755,0.39461896,-0.45448375,0.1282817
2639.0,3.550601,-4.9679685,8.09719,0.4447099,-0.44226643,0.13316862
2648.0,4.1635165,-4.4963107,9.89763,0.3885103,-0.45937067,0.22968534
2660.0,3.9983168,-4.474763,9.006987,0.20769419,-0.5143485,0.26145032
2668.0,4.4077253,-4.4603977,9.105149,0.06719518,-0.49235737,0.3408628
2678.0,4.5561657,-4.8099513,9.442732,0.05497787,-0.4605924,0.4202753
2687.0,4.6016555,-4.5920787,9.414001,0.036651913,-0.41172317,0.42638394
2697.0,4.5681367,-4.1706996,9.40203,-0.008552114,-0.3481932,0.42394048
2707.0,4.450821,-4.0581717,9.346964,-0.035430185,-0.28344148,0.43982297
2720.0,4.247314,-3.8977604,9.090784,-0.05009095,-0.22235495,0.4361578
2727.0,3.98874,-3.6607344,8.798691,-0.06841691,-0.1685988,0.41538838
2740.0,3.7445314,-3.6703112,8.602366,-0.07819075,-0.12095132,0.3921755
2748.0,3.6032736,-3.526659,8.446744,-0.05375614,-0.080634214,0.35308012
2760.0,3.466804,-3.5290532,8.322245,-0.002443461,-0.05131268,0.30787608
2769.0,3.3087866,-3.4117374,8.104373,0.029321533,-0.032986723,0.26511553
2780.0,3.2872388,-3.4093432,8.185776,0.039095376,-0.018325957,0.22602014
2788.0,3.2848446,-3.5098996,8.228871,0.05497787,-0.0061086523,0.1966986
2799.0,3.3063924,-3.550601,8.104373,0.06719518,0.0,0.15882497
2808.0,3.2225955,-3.5314474,7.8625584,0.04886922,-0.0012217305,0.119729586
2819.0,3.2154129,-3.5051112,7.773973,0.02321288,-0.007330383,0.09773844
2830.0,3.2202013,-3.6703112,7.800309,0.008552114,-0.017104227,0.09040806
2840.0,3.2704794,-3.775656,7.7332716,-0.010995574,-0.037873644,0.07941248
2848.0,3.335123,-3.8642416,7.819463,-0.036651913,-0.052534413,0.056199603
2859.0,3.3854012,-3.9743748,7.9224133,-0.05497787,-0.061086524,0.040317107
2868.0,3.4763808,-4.098873,7.9726915,-0.07086037,-0.065973446,0.02443461
2877.0,3.430891,-4.0462008,7.9391727,-0.10751228,-0.06841691,0.0
2888.0,3.4404678,-4.0054994,7.9631147,-0.18692477,-0.07086037,-0.018325957
2900.0,3.5051112,-3.9240966,8.027759,-0.2919936,-0.07452556,-0.019547688
2908.0,3.4476504,-4.0653543,8.054094,-0.40439278,-0.07696902,-0.007330383
2921.0,3.4715924,-4.156334,8.118738,-0.5338962,-0.07941248,0.0
2929.0,3.4644098,-4.237737,8.101978,-0.6963864,-0.0842994,0.0061086523
2939.0,3.5075054,-4.3119574,8.00621,-0.88208944,-0.08307768,0.012217305
2949.0,3.6583402,-4.709395,8.018182,-1.0213667,-0.07452556,0.017104227
2960.0,3.7900212,-5.2241483,7.9487495,-1.0164797,-0.04886922,0.013439035
2967.0,3.7588966,-5.746084,7.747637,-0.8784242,-0.021991149,-0.004886922
2978.0,3.655946,-5.731719,7.57286,-0.6792821,0.009773844,-0.03176499
2987.0,3.5984852,-5.7628436,7.465121,-0.43249258,0.03176499,-0.043982297
2998.0,3.466804,-5.7245364,7.3430166,-0.17837265,0.037873644,-0.04520403
