26.0,-3.1196449,-0.6344634,8.810662,0.036651913,0.014660766,-0.0012217305
26.0,-3.892972,-1.508347,8.947132,0.172264,0.09896017,-0.1001819
39.0,-3.892972,-1.508347,8.947132,0.05009095,-0.30176744,-0.27977628
43.0,-4.096479,-1.0199299,8.74123,-0.09162979,-0.4361578,-0.3359759
57.0,-3.7541082,-0.6344634,8.537724,-0.0061086523,0.33841935,0.02076942
63.0,-3.383007,-0.5386954,8.461109,-0.062308256,0.34574974,-0.04153884
79.0,-3.5673606,-0.62249243,8.451532,-0.12339478,0.1441642,-0.17837265
81.0,-3.7565024,-0.557849,8.492233,-0.16737708,-0.036651913,-0.23579398
93.0,-3.763685,-0.45489833,8.604761,-0.20647246,-0.05009095,-0.23579398
101.0,-3.7229836,-0.60812724,8.750807,-0.24556783,-0.05131268,-0.27000242
113.0,-3.58412,-0.6943185,8.882488,-0.26267207,-0.04153884,-0.3115413
123.0,-3.632004,-0.7278373,8.966286,-0.24678956,-0.036651913,-0.3323107
133.0,-3.6511576,-0.8523358,8.966286,-0.21746802,-0.029321533,-0.3371976
142.0,-3.727772,-1.0510546,8.987833,-0.18692477,-0.018325957,-0.344528
152.0,-3.6703112,-1.2449849,8.935161,-0.15760323,-0.009773844,-0.3567453
162.0,-3.6774938,-1.2761095,8.834604,-0.12705997,-0.004886922,-0.36285394
172.0,-3.809175,-1.340753,8.7771435,-0.13927728,-0.002443461,-0.36163223
182.0,-3.7086184,-1.3431472,8.710106,-0.13927728,-0.002443461,-0.36163223
194.0,-3.751714,-1.2689269,8.841787,-0.21624629,0.015882496,-0.3481932
201.0,-3.6846764,-1.1707647,8.92319,-0.31642818,0.035430185,-0.30787608
212.0,-3.6583402,-1.1899183,9.018958,-0.4007276,0.05009095,-0.2687807
223.0,-3.727772,-1.4460979,9.0237465,-0.4569272,0.06352998,-0.24801129
231.0,-3.775656,-1.7549498,9.02614,-0.5021312,0.07696902,-0.23701571
242.0,-3.8402996,-1.8650831,9.011775,-0.5522222,0.089186326,-0.22479841
253.0,-3.8833952,-2.0254946,9.016563,-0.5766568,0.111177474,-0.19303341
261.0,-3.8714242,-2.1140802,8.978256,-0.52290064,0.12461651,-0.16126843
272.0,-3.7421372,-2.4372973,8.808268,-0.4728097,0.14294247,-0.1160644
281.0,-3.7804444,-2.554613,8.6334915,-0.44959682,0.15760323,-0.07819075
293.0,-3.7852328,-2.5761611,8.520964,-0.45448375,0.16493362,-0.047647487
302.0,-3.9456444,-2.695871,8.540117,-0.49113566,0.16615535,-0.02565634
313.0,-3.9743748,-2.6048915,8.544906,-0.5534439,0.15760323,-0.012217305
322.0,-4.084508,-2.5330653,8.544906,-0.61575216,0.15027285,0.0012217305
332.0,-4.223372,-2.4396915,8.544906,-0.6731735,0.15149458,0.029321533
342.0,-4.2521024,-2.4349031,8.590396,-0.7281514,0.15271631,0.06963864
352.0,-4.2999864,-2.4851813,8.568848,-0.7635816,0.14905111,0.09773844
362.0,-4.3598413,-2.5713725,8.602366,-0.7684685,0.14294247,0.11362094
373.0,-4.43885,-2.6288335,8.506598,-0.7257079,0.14294247,0.13194689
382.0,-4.4436383,-2.669535,8.3868885,-0.62796944,0.13927728,0.16371189
393.0,-4.4125137,-2.8443117,8.4108305,-0.50335294,0.12705997,0.19425514
402.0,-4.4460325,-3.1387985,8.259995,-0.36285394,0.11362094,0.19547687
412.0,-4.51307,-3.1555579,8.171411,-0.21502456,0.10140363,0.18081611
422.0,-4.4915223,-3.0502129,8.073248,-0.0842994,0.081855945,0.17715092
433.0,-4.4939165,-2.8083985,7.9583263,0.008552114,0.065973446,0.18448131
442.0,-4.6136265,-2.7102363,7.7189064,0.0720821,0.05131268,0.1881465
452.0,-4.546589,-2.4947581,7.7907324,0.111177474,0.03176499,0.19547687
462.0,-4.4580035,-2.336741,7.750031,0.12339478,0.010995574,0.21013765
472.0,-4.4915223,-2.2697031,7.8170686,0.111177474,0.004886922,0.21624629
482.0,-4.3119574,-2.1643584,7.848193,0.089186326,-0.013439035,0.20647246
494.0,-4.2784386,-2.0901382,7.867347,0.061086524,-0.032986723,0.1966986
502.0,-4.24492,-2.0494366,7.867347,0.02443461,-0.05009095,0.19425514
512.0,-4.213795,-2.0638018,7.845799,-0.013439035,-0.0720821,0.18936823
522.0,-4.2066126,-2.1404164,7.807492,-0.042760566,-0.09407325,0.17715092
532.0,-4.1946416,-2.135628,7.843405,-0.05375614,-0.118507855,0.16249016
542.0,-4.189853,-2.1308396,7.7811556,-0.047647487,-0.14172074,0.15882497
553.0,-4.0174704,-2.0973208,7.776367,-0.021991149,-0.16493362,0.15882497
562.0,-3.9360676,-2.2266076,7.6111674,-0.030543262,-0.17959438,0.14172074
573.0,-3.7373488,-2.2601264,7.797915,-0.1160644,-0.19547687,0.10873401
582.0,-3.8355112,-1.8602947,7.869741,-0.17837265,-0.22235495,0.080634214
595.0,-3.6655228,-1.7741034,7.953538,-0.20769419,-0.25411993,0.08552113
605.0,-3.3494883,-1.8579005,8.1402855,-0.24556783,-0.29810223,0.07452556
616.0,-3.1364043,-1.8171991,8.2169,-0.28344148,-0.35430184,0.014660766
625.0,-2.8802247,-1.3479356,8.145074,-0.312763,-0.44959682,-0.04886922
633.0,-2.6671407,-0.9504981,8.099585,-0.3494149,-0.57910025,-0.11484267
645.0,-2.3127987,-0.41180268,7.752425,-0.39584067,-0.72204274,-0.2125811
655.0,-1.8483237,0.4405331,7.422025,-0.47647488,-0.8698721,-0.36285394
665.0,-1.340753,1.6089035,7.2687964,-0.6035349,-1.0201449,-0.5558874
677.0,-0.7565677,2.8275523,6.8426285,-0.77213365,-1.1569787,-0.79045963
686.0,-0.33518824,3.8642416,6.337452,-1.0103711,-1.2644911,-1.0934488
695.0,-0.24660277,4.642357,5.9543796,-1.3243558,-1.3952162,-1.4905112
704.0,-0.41180268,4.8722005,5.4922986,-1.7140878,-1.5063937,-1.9779817
715.0,-0.15083471,5.032612,5.4683566,-2.0561724,-1.6065756,-2.5179865
724.0,0.6560113,4.9224787,5.7843914,-2.257758,-1.6505579,-3.114191
736.0,1.6998832,4.618415,6.117185,-2.3005185,-1.6053538,-3.7409387
744.0,2.707842,4.132392,6.38773,-2.244319,-1.4819591,-4.3322563
754.0,3.157952,3.1794999,6.739678,-2.0696115,-1.3292428,-4.900361
765.0,3.1148565,2.2505496,7.041347,-1.7800614,-1.1704178,-5.442809
775.0,3.0238767,1.1659763,7.5920134,-1.4062119,-0.9578367,-5.897293
784.0,2.9281087,-0.45968673,8.793902,-0.96761054,-0.68416905,-6.106209
796.0,3.1531637,-3.0502129,10.0508585,-0.24923302,-0.4447099,-6.073222
805.0,3.2944214,-5.3342814,9.461885,0.9981538,-0.2724459,-6.007249
815.0,3.7541082,-8.1163435,9.615114,2.420248,-0.2761111,-6.0939918
825.0,3.9719806,-9.911995,9.346964,3.6102135,-0.3652974,-6.4030895
835.0,4.4699745,-9.818622,9.825804,4.316374,-0.5180137,-6.709744
846.0,5.068525,-7.8649526,10.13705,4.6266932,-0.65118235,-6.465398
857.0,6.5625067,-6.6079965,11.001357,4.577824,-0.7684685,-5.629734
864.0,7.867347,-7.8529816,12.679692,4.107458,-0.8918633,-4.851492
874.0,8.228871,-10.244789,13.927072,3.4122932,-0.8784242,-4.3432517
885.0,7.9990277,-11.829751,15.50485,2.6865854,-0.7452556,-3.7030652
897.0,6.907272,-12.98615,16.785748,1.9963076,-0.5510005,-2.8209758
905.0,5.884948,-14.111424,17.149666,1.2473868,-0.312763,-1.9511036
916.0,5.046977,-14.690822,16.982073,0.34208453,-0.10262536,-1.2657127
925.0,4.24492,-14.195222,15.741877,-0.6035349,0.04886922,-0.61941737
936.0,3.1124623,-13.438654,14.331692,-1.3805555,0.13561209,0.13927728
944.0,1.8842367,-13.52724,12.70124,-1.8973475,0.18692477,0.9126327
955.0,0.9888053,-13.771448,11.192893,-2.1636846,0.21991149,1.6200147
966.0,0.63206923,-14.06354,10.263943,-2.3066273,0.25534168,2.2540927
977.0,0.61291564,-13.63019,9.809045,-2.4361305,0.30298916,2.8099802
984.0,0.8762778,-12.943054,9.679757,-2.5692992,0.34697145,3.3060026
997.0,1.0079589,-12.253524,9.390059,-2.6328292,0.39095375,3.7409387
1004.0,1.2425907,-12.002133,9.301474,-2.5607471,0.49235737,4.097684
1015.0,2.018312,-11.116279,13.43626,-2.8576276,0.41172317,4.415334
1025.0,0.50517654,-10.87207,8.544906,-3.0201178,0.30176744,4.456873
1038.0,1.0773908,-10.577583,7.9511437,-2.77455,0.312763,4.6938887
1066.0,1.3096284,-10.793061,8.250419,-2.243097,0.20891592,4.860044
1067.0,1.7429788,-10.512939,8.212111,-1.6261233,0.16371189,4.895474
1067.0,2.1739352,-9.399636,8.7125,-0.9663888,0.16493362,4.932126
1074.0,2.6120741,-8.47308,9.28232,0.19547687,0.24556783,5.2290063
1084.0,2.8898015,-7.3286514,9.727641,0.19547687,0.24556783,5.2290063
1097.0,3.241749,-6.2464724,10.0508585,1.1007792,0.41416663,5.341406
1104.0,3.3734303,-5.3079453,10.620679,1.5357152,0.49846604,5.136155
1115.0,3.502717,-3.2441432,10.160992,1.858252,0.55955255,4.65968
1125.0,3.7205894,-1.1372458,9.880871,2.043955,0.61453044,4.0268235
1135.0,3.7253778,1.7812861,8.90643,2.1148155,0.689056,3.499036
1145.0,3.5194764,3.8714242,7.896077,1.998751,0.7489208,3.1630602
1156.0,2.8874073,4.608838,7.117962,1.7482964,0.73548174,2.8429668
1165.0,2.2744915,4.6399627,6.4020953,1.4391985,0.61941737,2.3652701
1175.0,1.8100165,5.0900726,6.0501475,1.070236,0.44348818,1.7617353
1184.0,1.7166426,6.315904,5.731719,0.66339964,0.25167647,1.1716396
1195.0,1.7022774,7.905654,5.470751,0.267559,0.057421334,0.66950834
1204.0,1.5777789,9.244013,5.269638,-0.07452556,-0.13072516,0.2321288
1216.0,1.3239936,9.919178,5.0541596,-0.31031954,-0.31398472,-0.20647246
1225.0,1.2186487,9.603143,5.1116204,-0.43371433,-0.49846604,-0.6805039
1236.0,1.2330139,8.3390045,5.133168,-0.44837508,-0.6780604,-1.2290609
1246.0,1.7190368,6.7803793,5.494693,-0.35063666,-0.8014552,-1.8399261
1256.0,1.8914193,5.616797,4.735731,-0.04153884,-0.93462384,-2.3738225
1265.0,2.2098482,4.5178585,5.437232,0.15882497,-1.1496484,-2.8771753
1278.0,2.4516625,3.3758245,5.073313,0.2602286,-1.3048081,-3.4941492
1285.0,2.645593,2.908955,5.092467,0.28710666,-1.4953982,-4.223522
1296.0,2.3870192,3.2010477,4.6902413,0.24312437,-1.6798794,-4.976108
1304.0,2.1523874,4.010288,3.8235402,0.040317107,-1.8350391,-5.507561
1315.0,1.9177556,4.6375685,3.1651347,-0.34208453,-1.9498819,-5.7274723
1325.0,1.8076223,4.709395,3.6343982,-0.53878313,-1.9376645,-5.7910028
1337.0,2.5187001,2.815581,6.4020953,-0.04886922,-1.8167132,-5.6883774
1344.0,4.4244847,-1.2880806,10.905589,1.4953982,-1.4721853,-5.226563
1354.0,7.7308774,-7.620744,14.188039,3.2192597,-1.3353515,-5.0029864
1364.0,8.590396,-11.257536,15.200787,3.6334264,-1.6786577,-5.808107
1373.0,7.165846,-5.506664,13.670892,2.8075366,-1.7947221,-6.2564816
1383.0,7.575254,1.1707647,11.528081,1.9205604,-1.7140878,-5.13982
1395.0,8.7125,-0.4261679,11.099519,1.1911873,-1.6859881,-3.9425242
1403.0,9.950302,-4.9224787,11.719617,0.40561453,-1.5845845,-3.5760052
1413.0,10.649409,-6.6989765,12.615048,-0.24312437,-1.3548992,-3.2436945
1422.0,9.871294,-8.185776,13.8720045,-0.5571091,-1.0299188,-2.656042
1434.0,8.1402855,-10.58716,15.349227,-0.7305948,-0.75869465,-2.2296581
1444.0,7.029376,-11.903971,16.376339,-0.93584555,-0.54611355,-2.0525072
1455.0,6.2752028,-11.303026,16.180016,-1.1594223,-0.34208453,-1.8753563
1465.0,5.583278,-9.655815,15.279796,-1.3732251,-0.17104226,-1.6029104
1474.0,4.7309427,-8.154651,14.0803,-1.5234979,-0.035430185,-1.3170254
1484.0,3.8522706,-7.3909006,12.629414,-1.5479325,0.06719518,-1.0690142
1496.0,3.1603463,-7.33344,11.221623,-1.4465289,0.1441642,-0.88086766
1505.0,2.408567,-7.350199,9.902418,-1.2644911,0.20647246,-0.7244862
1516.0,1.9033904,-7.2927384,9.011775,-1.0482447,0.2443461,-0.59864795
1524.0,1.448492,-7.1251445,8.3868885,-0.829555,0.27488935,-0.50946164
1535.0,1.2497733,-6.6271505,8.030152,-0.61086524,0.29810223,-0.43982297
1545.0,1.2018893,-6.1004257,7.9128366,-0.43371433,0.31031954,-0.36163223
1556.0,1.1803415,-5.410896,7.8888946,-0.32375857,0.31031954,-0.28344148
1565.0,1.1755531,-4.8099513,7.8290396,-0.2773328,0.30176744,-0.21502456
1576.0,1.2449849,-4.3502645,7.7811556,-0.25778514,0.29077184,-0.17104226
1585.0,1.3575124,-4.232949,7.869741,-0.2602286,0.2724459,-0.15149458
1595.0,1.4053963,-4.060566,7.9942393,-0.2968805,0.24801129,-0.14049901
1606.0,1.4891934,-3.8881836,7.965509,-0.33353242,0.22357668,-0.12950343
1616.0,1.5753847,-3.7948096,8.039729,-0.35063666,0.19181168,-0.118507855
1625.0,1.7310078,-3.7205894,8.051701,-0.3567453,0.15271631,-0.10262536
1636.0,1.8986019,-3.6607344,8.09719,-0.3481932,0.11728613,-0.09162979
1644.0,2.087744,-3.6272156,8.020576,-0.32498032,0.08552113,-0.089186326
1654.0,2.3702598,-3.5362358,8.190564,-0.29932398,0.056199603,-0.06719518
1665.0,2.7940333,-3.4931402,8.408437,-0.2761111,0.039095376,-0.028099801
1676.0,3.0789435,-3.430891,8.540117,-0.25045475,0.036651913,-0.013439035
1686.0,3.3087866,-3.5051112,8.669404,-0.21746802,0.030543262,-0.012217305
1697.0,3.442862,-3.3614593,8.892065,-0.19058995,0.02565634,0.015882496
1705.0,3.4021606,-3.406949,8.939949,-0.17348573,0.029321533,0.052534413
1716.0,3.5003228,-3.3638535,8.995016,-0.16126843,0.037873644,0.06841691
1724.0,3.608062,-3.265691,9.02614,-0.13927728,0.04886922,0.07819075
1737.0,3.7301662,-3.1196449,9.160215,-0.10751228,0.06963864,0.1001819
1746.0,3.7780502,-3.1268275,9.332599,-0.08307768,0.09407325,0.103847094
1756.0,3.7565024,-3.040636,9.234436,-0.08674286,0.11362094,0.089186326
1766.0,3.691859,-2.930503,9.069236,-0.10629055,0.12583824,0.089186326
1776.0,3.4500446,-2.741361,9.0716305,-0.119729586,0.13072516,0.105068825
1785.0,3.2824504,-2.791639,9.054871,-0.13072516,0.13927728,0.10140363
1796.0,3.2106245,-2.767697,8.880095,-0.14172074,0.14294247,0.09162979
1805.0,3.1196449,-2.7820623,8.585608,-0.15760323,0.14172074,0.087964594
1816.0,2.9735985,-2.6599581,8.554482,-0.15760323,0.12461651,0.09773844
1825.0,2.837129,-2.681506,8.614338,-0.14049901,0.1160644,0.10262536
1837.0,2.8538885,-2.9831753,8.607155,-0.10629055,0.10629055,0.073303826
1846.0,2.813187,-3.016694,8.5473,-0.062308256,0.089186326,0.04642576
1857.0,2.779668,-3.0142999,8.6334915,-0.02321288,0.073303826,0.042760566
1866.0,2.8658595,-2.9616275,8.626308,0.010995574,0.062308256,0.036651913
1878.0,2.9281087,-3.0573955,8.556877,0.034208454,0.056199603,0.019547688
1886.0,2.9113493,-3.1004913,8.549694,0.042760566,0.04886922,0.004886922
1898.0,2.7605145,-2.9735985,8.513782,0.02565634,0.037873644,0.007330383
1905.0,2.717419,-2.8491,8.599973,-0.004886922,0.032986723,0.019547688
1916.0,2.7844565,-2.930503,8.568848,-0.04886922,0.030543262,0.017104227
1926.0,2.8514943,-2.9903579,8.561666,-0.089186326,0.02687807,0.0012217305
1937.0,2.813187,-2.9520507,8.619126,-0.10995574,0.021991149,0.004886922
1945.0,2.7341783,-3.071761,8.659827,-0.10140363,0.017104227,0.017104227
1956.0,2.779668,-3.3854012,8.789114,-0.073303826,0.017104227,0.008552114
1966.0,2.885013,-3.4572272,8.722076,-0.04886922,0.02321288,-0.0061086523
1977.0,2.882619,-3.3135753,8.702923,-0.029321533,0.019547688,0.004886922
1985.0,2.815581,-3.347094,8.714894,-0.02565634,0.008552114,0.010995574
1998.0,2.8538885,-3.335123,8.7771435,-0.029321533,0.008552114,0.007330383
2005.0,2.9520507,-3.454833,8.726865,-0.037873644,0.010995574,0.012217305
2016.0,2.9879637,-3.3806129,8.889671,-0.06719518,0.0012217305,0.02687807
2027.0,2.944868,-3.181894,8.724471,-0.11728613,-0.007330383,0.042760566
2037.0,2.9999347,-3.2920272,8.540117,-0.15027285,-0.008552114,0.057421334
2046.0,3.0454245,-3.323152,8.674192,-0.1282817,-0.010995574,0.06963864
2077.0,3.0119057,-3.4955344,8.659827,-0.08307768,-0.004886922,0.065973446
2077.0,3.083732,-3.454833,8.700529,-0.04520403,0.008552114,0.05375614
2077.0,2.9616275,-3.3614593,8.7125,-0.0036651916,0.014660766,0.056199603
2085.0,2.9472623,-3.1890767,8.7532015,0.02565634,0.017104227,0.06719518
2096.0,2.80361,-3.1747115,8.662222,0.034208454,0.015882496,0.06963864
2105.0,2.7868507,-3.1196449,8.595184,0.03176499,0.013439035,0.06963864
2117.0,2.7581203,-3.1507695,8.652645,0.02565634,0.004886922,0.07086037
2125.0,2.7629087,-3.0909145,8.628703,0.014660766,-0.0012217305,0.065973446
2136.0,2.767697,-3.1387985,8.647857,-0.007330383,-0.013439035,0.061086524
2145.0,2.8275523,-3.028665,8.678981,-0.034208454,-0.02076942,0.057421334
2155.0,2.896984,-3.1196449,8.647857,-0.05131268,-0.028099801,0.05131268
2166.0,2.896984,-3.2106245,8.772355,-0.04886922,-0.036651913,0.04886922
2177.0,2.89459,-3.4093432,8.841787,-0.043982297,-0.040317107,0.030543262
2186.0,2.9975405,-3.3925838,8.719683,-0.04153884,-0.035430185,0.0036651916
2198.0,3.0095115,-3.347094,8.7125,-0.043982297,-0.029321533,0.0
2207.0,2.9855695,-3.1723173,8.65025,-0.04642576,-0.02443461,0.0061086523
2215.0,2.846706,-3.1244333,8.645462,-0.04642576,-0.02076942,0.004886922
2225.0,2.8395233,-3.2321723,8.619126,-0.043982297,-0.013439035,0.0036651916
2237.0,2.7629087,-3.2034419,8.674192,-0.039095376,-0.009773844,0.002443461
2247.0,2.7629087,-3.3207579,8.746018,-0.039095376,-0.012217305,-0.0061086523
2257.0,2.7605145,-3.3255463,8.707711,-0.047647487,-0.013439035,-0.015882496
2266.0,2.7629087,-3.205836,8.688558,-0.05131268,-0.014660766,-0.013439035
2277.0,2.7700913,-3.3087866,8.78672,-0.04520403,-0.019547688,-0.0012217305
2285.0,2.7940333,-3.454833,8.643068,-0.04153884,-0.030543262,-0.002443461
2297.0,2.7940333,-3.3734303,8.7125,-0.05131268,-0.029321533,-0.0036651916
2304.0,2.7269957,-3.3303347,8.626308,-0.059864793,-0.021991149,0.004886922
2315.0,2.7246015,-3.3662477,8.6574335,-0.052534413,-0.028099801,0.0061086523
2325.0,2.6886885,-3.3758245,8.63828,-0.04886922,-0.02321288,0.008552114
2334.0,2.7748797,-3.2968156,8.7125,-0.040317107,-0.028099801,0.019547688
2344.0,2.7126305,-3.4021606,8.784326,-0.030543262,-0.030543262,0.028099801
2357.0,2.765303,-3.4739866,8.710106,-0.02687807,-0.029321533,0.019547688
2365.0,2.7940333,-3.478775,8.63828,-0.018325957,-0.028099801,0.02076942
2375.0,2.7964275,-3.4572272,8.710106,-0.0012217305,-0.02687807,0.032986723
2386.0,2.7581203,-3.4955344,8.734048,0.008552114,-0.029321533,0.043982297
2397.0,2.7964275,-3.4644098,8.710106,0.0061086523,-0.028099801,0.05009095
2408.0,2.7820623,-3.4596214,8.702923,-0.0036651916,-0.02687807,0.056199603
2418.0,2.8107927,-3.514688,8.676587,-0.013439035,-0.029321533,0.065973446
2427.0,2.7485435,-3.620033,8.65025,-0.02443461,-0.029321533,0.06963864
2438.0,2.7868507,-3.6008794,8.683769,-0.03176499,-0.03176499,0.06352998
2447.0,2.777274,-3.53863,8.643068,-0.040317107,-0.03176499,0.056199603
2456.0,2.7820623,-3.5362358,8.6574335,-0.05009095,-0.032986723,0.05375614
2467.0,2.7964275,-3.5410242,8.643068,-0.04886922,-0.032986723,0.05009095
2478.0,2.8778305,-3.58412,8.63828,-0.040317107,-0.035430185,0.039095376
2486.0,2.920926,-3.4452562,8.693346,-0.035430185,-0.029321533,0.034208454
2497.0,2.930503,-3.3877954,8.6334915,-0.035430185,-0.029321533,0.040317107
2507.0,2.9257145,-3.4404678,8.719683,-0.029321533,-0.02565634,0.047647487
2518.0,2.8658595,-3.466804,8.702923,-0.028099801,-0.02076942,0.04886922
2528.0,2.9855695,-3.5362358,8.731653,-0.036651913,-0.019547688,0.04153884
2538.0,3.0119057,-3.4452562,8.7053175,-0.04886922,-0.021991149,0.042760566
2547.0,2.920926,-3.3303347,8.6574335,-0.062308256,-0.021991149,0.052534413
2558.0,2.9520507,-3.4620156,8.6813755,-0.065973446,-0.02565634,0.05375614
2567.0,2.906561,-3.4620156,8.664616,-0.059864793,-0.032986723,0.047647487
2577.0,2.8778305,-3.4476504,8.623915,-0.057421334,-0.039095376,0.04642576
2586.0,2.8754363,-3.3614593,8.602366,-0.05009095,-0.043982297,0.052534413
2600.0,2.873042,-3.311181,8.607155,-0.03176499,-0.05131268,0.059864793
2605.0,2.8754363,-3.4356794,8.65025,-0.004886922,-0.061086524,0.059864793
2617.0,2.9041667,-3.4500446,8.746018,0.018325957,-0.065973446,0.05375614
2627.0,2.9592333,-3.4045548,8.683769,0.029321533,-0.0720821,0.05009095
2637.0,3.0023289,-3.3997664,8.736442,0.028099801,-0.07086037,0.052534413
2647.0,3.0693667,-3.3542767,8.726865,0.02076942,-0.06719518,0.052534413
2658.0,3.0478187,-3.2920272,8.683769,0.009773844,-0.06352998,0.05375614
2668.0,3.0789435,-3.3135753,8.707711,0.0061086523,-0.061086524,0.056199603
2678.0,3.086126,-3.2800562,8.755595,0.0061086523,-0.057421334,0.058643065
2687.0,3.0550013,-3.3686419,8.662222,0.012217305,-0.05009095,0.056199603
2697.0,3.016694,-3.3854012,8.698134,0.028099801,-0.047647487,0.05497787
2706.0,3.0478187,-3.3782187,8.683769,0.039095376,-0.043982297,0.04886922
2718.0,2.9472623,-3.2944214,8.652645,0.05009095,-0.043982297,0.043982297
2726.0,2.96881,-3.2609026,8.724471,0.05497787,-0.04642576,0.043982297
2737.0,3.0238767,-3.335123,8.662222,0.056199603,-0.04153884,0.03176499
2747.0,3.0238767,-3.2393548,8.688558,0.058643065,-0.040317107,0.018325957
2758.0,3.016694,-3.3087866,8.664616,0.05375614,-0.037873644,0.012217305
2768.0,3.0693667,-3.289633,8.695741,0.040317107,-0.029321533,0.0061086523
2778.0,3.0310593,-3.1747115,8.631097,0.032986723,-0.02321288,0.0
2787.0,3.13401,-3.2944214,8.664616,0.032986723,-0.02321288,0.0
2798.0,3.0813377,-3.2369606,8.647857,0.030543262,-0.019547688,-0.0061086523
2806.0,3.0190883,-3.2728736,8.664616,0.02565634,-0.017104227,-0.013439035
2816.0,3.0454245,-3.2154129,8.585608,0.02687807,-0.019547688,-0.02076942
2826.0,3.0023289,-3.323152,8.6574335,0.036651913,-0.02076942,-0.028099801
2838.0,3.040636,-3.2728736,8.688558,0.04642576,-0.02443461,-0.036651913
2848.0,3.083732,-3.265691,8.635885,0.047647487,-0.02687807,-0.057421334
2857.0,3.0597897,-3.229778,8.540117,0.04520403,-0.032986723,-0.059864793
2868.0,2.966416,-3.2441432,8.604761,0.039095376,-0.036651913,-0.065973446
2878.0,2.954445,-3.311181,8.626308,0.030543262,-0.034208454,-0.06841691
2888.0,2.9616275,-3.2609026,8.604761,0.02443461,-0.039095376,-0.06719518
2900.0,2.992752,-3.3446999,8.564059,0.02443461,-0.036651913,-0.06841691
2908.0,2.954445,-3.383007,8.6813755,0.035430185,-0.036651913,-0.065973446
2917.0,2.9831753,-3.4284968,8.686164,0.04642576,-0.039095376,-0.06352998
2928.0,2.9951463,-3.4165258,8.695741,0.05131268,-0.04153884,-0.06352998
2938.0,2.9855695,-3.4476504,8.664616,0.056199603,-0.04642576,-0.059864793
2946.0,3.0669725,-3.4955344,8.690952,0.05497787,-0.04520403,-0.05009095
2958.0,3.0142999,-3.4835634,8.583213,0.058643065,-0.042760566,-0.05375614
2967.0,2.920926,-3.5625722,8.604761,0.065973446,-0.04153884,-0.058643065
2977.0,2.9400797,-3.4859576,8.590396,0.06841691,-0.04153884,-0.052534413
2988.0,2.980781,-3.3997664,8.590396,0.06352998,-0.04153884,-0.043982297
2999.0,2.9041667,-3.347094,8.616732,0.057421334,-0.043982297,-0.037873644
