23.0,-3.7948096,-0.6703765,8.75799,0.028099801,-0.035430185,0.032986723
39.0,-3.9480386,0.19393034,8.722076,0.17104226,0.1282817,-0.07696902
39.0,-3.8714242,0.24660277,8.719683,-0.0061086523,-0.2724459,-0.27977628
52.0,-3.775656,-0.2633622,8.528147,-0.16982053,-0.45814893,-0.3115413
56.0,-3.6894648,-0.5291186,8.42759,-0.12461651,0.28955013,0.037873644
65.0,-3.6990416,-0.7541735,8.628703,-0.18570304,0.2761111,0.028099801
77.0,-3.643975,-0.93134445,8.765172,-0.24190263,0.07696902,-0.052534413
85.0,-3.6463692,-1.1109096,9.035717,-0.2321288,-0.059864793,-0.14782938
96.0,-3.6463692,-1.0773908,9.502586,-0.16371189,-0.02443461,-0.2125811
105.0,-3.6463692,-0.7469909,9.674969,-0.09040806,0.004886922,-0.2687807
116.0,-3.8546648,-0.49559975,9.797073,-0.05497787,0.029321533,-0.28710666
126.0,-3.8426938,-0.32321724,9.52174,-0.05375614,0.052534413,-0.28221974
136.0,-3.892972,-0.35434186,9.323022,-0.056199603,0.065973446,-0.27855456
146.0,-3.775656,-0.4405331,9.200917,-0.05375614,0.07819075,-0.267559
155.0,-3.7110126,-0.7398083,9.19134,-0.05131268,0.09162979,-0.24312437
164.0,-3.7924154,-0.9888053,8.973468,-0.05131268,0.105068825,-0.2284636
176.0,-3.7181952,-1.0965444,8.987833,-0.043982297,0.118507855,-0.22357668
184.0,-3.7565024,-1.3072342,9.004593,-0.052534413,0.13072516,-0.20525073
196.0,-3.7900212,-1.2761095,8.983045,-0.064751714,0.14172074,-0.18325958
205.0,-3.6942532,-1.30484,9.14585,-0.07696902,0.14660765,-0.14905111
215.0,-3.5410242,-1.3383588,9.3182335,-0.11484267,0.15027285,-0.081855945
225.0,-3.6463692,-1.5586253,9.193734,-0.1441642,0.172264,-0.043982297
234.0,-3.8642416,-1.5801731,9.239224,-0.15027285,0.18081611,-0.062308256
245.0,-4.0533834,-1.5059528,9.136273,-0.15149458,0.18448131,-0.06963864
255.0,-4.000711,-1.4939818,9.246407,-0.14172074,0.17348573,-0.05375614
271.0,-3.8642416,-1.3742718,9.169792,-0.13439035,0.17470746,-0.019547688
275.0,-3.8666358,-1.412579,9.167398,-0.112399206,0.17959438,0.008552114
285.0,-3.7253778,-1.4700398,9.172187,-0.06719518,0.19425514,0.035430185
295.0,-3.7541082,-1.6065093,8.963891,-0.02321288,0.21135938,0.06841691
304.0,-3.8594532,-1.5658079,8.645462,-0.008552114,0.22235495,0.09896017
316.0,-3.9863458,-1.5753847,8.580819,-0.021991149,0.21746802,0.13439035
325.0,-3.98874,-1.6783354,8.537724,-0.057421334,0.21624629,0.16982053
335.0,-4.0581717,-1.6065093,8.506598,-0.095294975,0.22113322,0.18325958
346.0,-4.271256,-1.4221559,8.48984,-0.1160644,0.21991149,0.18936823
356.0,-4.3981485,-1.1755531,8.394072,-0.112399206,0.21991149,0.21135938
365.0,-4.3263226,-1.1468226,8.35337,-0.081855945,0.21746802,0.23823744
376.0,-4.2904096,-0.94810385,8.3821,-0.014660766,0.20158553,0.24923302
385.0,-4.1419687,-0.6847417,8.085219,0.13194689,0.19303341,0.22357668
396.0,-4.0940847,-0.3878607,8.154651,0.24190263,0.19914207,0.25411993
405.0,-3.9719806,-0.25857377,8.48984,0.056199603,0.20891592,0.39461896
415.0,-4.0174704,-0.60094464,8.990228,-0.36041048,0.19303341,0.52534413
425.0,-3.4141316,-1.283292,8.686164,-0.6230826,0.17104226,0.5742133
437.0,-3.8019924,-2.6144683,8.693346,-0.71959925,0.20280726,0.61208695
445.0,-4.225766,-3.0621839,8.808268,-0.6585127,0.1563815,0.5888741
456.0,-4.1659107,-2.621651,8.6334915,-0.48258355,0.09896017,0.5338962
466.0,-4.1539397,-2.0159178,8.396465,-0.2687807,0.07696902,0.49480084
476.0,-4.2664676,-1.496376,8.465898,-0.09896017,0.059864793,0.5009095
486.0,-4.3598413,-1.1348516,8.573636,-0.019547688,0.043982297,0.5326745
497.0,-4.2521024,-1.0773908,8.504205,0.039095376,0.039095376,0.548557
506.0,-4.232949,-1.0869676,8.4108305,0.12339478,0.037873644,0.54611355
516.0,-4.321534,-1.151611,8.406042,0.20280726,0.02565634,0.5375614
526.0,-4.285621,-1.0390835,8.322245,0.25411993,0.013439035,0.51068336
536.0,-4.3358994,-0.8858546,8.2169,0.27977628,0.0036651916,0.46914452
546.0,-4.357447,-0.7158663,8.109161,0.30298916,-0.012217305,0.41783184
557.0,-4.2904096,-0.63206923,7.7811556,0.28710666,-0.02565634,0.35796702
566.0,-4.3287168,-0.15322891,7.905654,0.17104226,-0.042760566,0.29565877
576.0,-4.132392,0.1412579,7.8290396,0.07696902,-0.059864793,0.22602014
586.0,-4.0581717,0.23463176,7.836222,0.007330383,-0.089186326,0.18081611
596.0,-3.8379054,0.31364042,7.9846625,-0.040317107,-0.119729586,0.105068825
606.0,-3.7086184,0.44532153,7.9942393,-0.0061086523,-0.16493362,-0.008552114
617.0,-3.3997664,0.81163436,8.267179,0.10751228,-0.22235495,-0.12705997
626.0,-2.755726,1.4221559,8.573636,0.28710666,-0.29810223,-0.267559
636.0,-1.9440918,1.9393034,8.817844,0.50701815,-0.38606682,-0.44837508
649.0,-1.115698,2.2649148,8.908825,0.77824235,-0.48258355,-0.6951646
660.0,-0.18195933,2.4396915,8.781932,1.1508701,-0.59986967,-1.0262536
667.0,0.61770403,3.1483753,8.429984,1.5894713,-0.7611381,-1.4343116
679.0,1.340753,4.4101195,8.025364,1.9449949,-0.956615,-1.8961257
688.0,1.946486,5.9184666,7.479486,2.1025982,-1.1863003,-2.4153612
700.0,2.4492683,7.5968018,7.201759,1.9877555,-1.4257594,-2.9565878
708.0,2.777274,8.911219,6.9168487,1.5601498,-1.6334536,-3.472158
720.0,3.1890767,9.121908,6.706159,0.90408057,-1.8289305,-3.9498546
727.0,3.4763808,8.882488,6.2345014,0.07819075,-1.9975294,-4.3994517
739.0,3.5625722,8.319851,5.887342,-0.8332202,-2.1331415,-4.8698177
748.0,3.4093432,7.8529816,5.4300494,-1.7519615,-2.2455406,-5.3597317
757.0,3.1675289,7.417237,4.7620673,-2.615725,-2.3115141,-5.814215
768.0,2.908955,6.8881183,4.357447,-3.3829718,-2.3005185,-6.200282
778.0,2.8754363,5.8203044,4.721366,-3.9608502,-2.1966715,-6.5154886
787.0,3.2034419,3.8067808,5.913678,-3.7201693,-1.7079792,-6.8123693
800.0,3.9791632,-0.06943185,7.8888946,-3.7201693,-1.7079792,-6.8123693
808.0,5.3223104,-5.461174,9.210494,-0.8979719,-0.8723156,-6.3456683
818.0,4.355053,-11.085154,11.494562,0.7244862,-0.89919364,-6.60101
827.0,3.5362358,-10.472239,12.083536,1.8973475,-1.073901,-7.0017376
839.0,4.0414124,-9.694122,12.935872,2.6572638,-1.1704178,-7.0054026
849.0,5.1906295,-9.356541,12.919112,3.1569517,-1.3182472,-6.6975265
859.0,6.5265937,-8.635885,12.140997,3.136182,-1.5650368,-6.1953955
868.0,8.003817,-10.362105,11.530476,2.5717428,-1.6786577,-5.3401837
879.0,9.562442,-12.641385,12.215217,1.9303342,-1.5406022,-4.4984117
890.0,10.366894,-13.395558,13.144167,1.3219124,-1.3096951,-3.9193115
900.0,10.055647,-15.763424,14.369999,0.68416905,-0.96883225,-3.1813862
909.0,8.973468,-17.937359,14.956578,0.08307768,-0.5497787,-2.3359487
920.0,7.3190746,-19.1177,14.60463,-0.5448918,-0.16249016,-1.5515977
928.0,5.4899044,-20.044256,13.704411,-1.1093313,0.14049901,-0.75747293
939.0,3.6583402,-20.367474,12.464214,-1.4318681,0.32986724,-0.029321533
948.0,2.1045034,-19.354727,11.0061455,-1.5125023,0.4202753,0.59131753
958.0,0.8690952,-17.899052,10.311827,-1.4440855,0.44959682,1.2168436
969.0,0.10295067,-16.134525,10.065224,-1.3548992,0.45081854,1.9205604
981.0,0.1412579,-14.33648,9.835381,-1.3365731,0.44593164,2.6487117
987.0,0.21308395,-13.453019,9.583989,-1.3793337,0.46670106,3.3169982
1000.0,0.31124622,-12.540829,9.102755,-1.3817772,0.5009095,3.8557813
1010.0,0.45489833,-11.59033,9.172187,-1.3255776,0.5510005,4.3114867
1019.0,0.08140286,-10.769119,9.653421,-1.2999213,0.54733527,4.6706758
1028.0,-0.521936,-10.110714,7.967903,-1.4184291,0.41050145,4.968778
1041.0,0.2633622,-9.950302,8.066066,-1.3939945,0.3885103,5.303532
1069.0,1.0582372,-9.32781,8.566454,-1.0152581,0.36774087,5.5478783
1069.0,1.8291701,-8.322245,9.109938,-0.5815437,0.29565877,5.6627207
1070.0,2.4708161,-7.3765354,9.880871,-0.18936823,0.31520647,5.805663
1078.0,2.956839,-6.3182983,10.625467,0.15515977,0.3652974,5.979149
1087.0,3.3446999,-4.9679685,11.317391,0.4288274,0.4129449,6.096435
1100.0,3.6966474,-3.383007,11.508927,0.6243043,0.4728097,6.174626
1108.0,3.904943,-2.1859062,11.073183,0.77824235,0.548557,6.260147
1118.0,4.1060557,-1.8986019,10.503363,0.8918633,0.6230826,6.332229
1128.0,4.1299977,-1.3503298,9.902418,0.9407325,0.6805039,6.2137213
1139.0,4.256891,-0.059855044,9.753978,1.078788,0.6719518,5.852089
1148.0,4.4675803,1.2473791,9.26556,1.2266175,0.61208695,5.3829446
1160.0,4.7548847,2.4875755,8.834604,1.2840388,0.5925393,4.9015827
1168.0,4.8745947,3.6966474,8.611943,1.282817,0.5900958,4.4092255
1179.0,4.8698063,4.879383,8.298303,1.2901474,0.5705481,3.8570032
1189.0,4.8985367,6.4978633,7.855376,1.2815952,0.51923543,3.2351422
1200.0,4.654328,8.1402855,7.4483614,1.2144,0.4447099,2.597399
1208.0,4.4101195,10.012551,6.9168487,1.0995574,0.3359759,1.9657644
1221.0,4.096479,11.427525,6.3709707,0.9138544,0.19058995,1.3475688
1229.0,3.7804444,11.877635,5.485116,0.6218608,0.021991149,0.73426
1239.0,3.5218706,11.805809,4.501099,0.3005457,-0.15882497,0.0842994
1247.0,3.8714242,10.96305,5.056554,0.03176499,-0.312763,-0.63163465
1259.0,3.7421372,10.163386,4.596867,-0.2919936,-0.5338962,-1.3744467
1268.0,3.3638535,9.983821,4.1060557,-0.5412266,-0.7281514,-2.025629
1280.0,3.1962593,9.770737,3.8307228,-0.71837753,-0.9285152,-2.6267207
1290.0,3.4500446,8.822633,3.3087866,-0.95905846,-1.1398746,-3.196047
1301.0,3.6583402,7.9846625,3.0933087,-1.2986995,-1.3377949,-3.7055085
1312.0,3.799598,6.6654577,3.0502129,-1.7116444,-1.5491543,-4.188092
1317.0,3.9121256,5.626374,2.96881,-2.0549507,-1.7067575,-4.745201
1328.0,3.8666358,4.486734,3.1507695,-2.2406538,-1.813048,-5.33041
1342.0,3.620033,3.655946,3.0597897,-2.3848178,-1.9242256,-5.86675
1349.0,3.3303347,3.040636,3.241749,-2.6132815,-2.0195205,-6.301686
1359.0,3.1483753,2.3989902,4.2161894,-2.9981265,-2.0769417,-6.6596527
1368.0,3.727772,0.92176765,5.511452,-3.4562755,-2.0610592,-6.9333205
1380.0,5.255273,-2.0326772,7.73806,-3.6419785,-1.8961257,-7.044498
1388.0,7.467515,-7.4028716,10.766725,-2.8368583,-1.4379768,-6.871012
1402.0,8.961497,-13.239936,13.153744,-1.1203269,-1.0201449,-6.571688
1408.0,8.152257,-13.632585,13.725958,0.103847094,-0.9993755,-6.6938615
1419.0,8.403648,-11.563994,13.788208,0.5155703,-0.93828905,-7.031059
1429.0,10.16578,-12.2080345,14.618996,0.5925393,-0.64996064,-6.6511006
1439.0,11.882423,-13.922283,14.867992,0.70738196,-0.4288274,-5.9363885
1448.0,13.261483,-14.211981,14.628572,0.8026769,-0.20158553,-5.3878317
1460.0,13.010092,-13.946225,13.93186,0.75869465,0.029321533,-4.71588
1469.0,11.583148,-14.98052,13.266272,0.5045747,0.2321288,-3.6920695
1480.0,9.89763,-17.44176,12.976573,0.12705997,0.41416663,-2.652377
1489.0,8.561666,-19.041086,12.564771,-0.24190263,0.59131753,-1.8985692
1502.0,7.1849995,-18.468872,11.6669445,-0.5290093,0.74036866,-1.382999
1508.0,5.57849,-16.94616,10.431537,-0.6805039,0.8368854,-0.8918633
1520.0,3.964798,-15.38514,9.150639,-0.7330383,0.8686504,-0.34208453
1528.0,2.7222073,-14.003686,8.274361,-0.7501425,0.84665924,0.21991149
1539.0,1.8459295,-13.139379,7.8888946,-0.70371675,0.80878556,0.7831292
1548.0,1.3958195,-12.488156,7.8625584,-0.5888741,0.7623598,1.3439035
1559.0,1.3694834,-11.841722,7.776367,-0.4813618,0.7098254,1.8277088
1568.0,1.3311762,-11.365275,7.642292,-0.43004912,0.6731735,2.2321017
1582.0,1.2066777,-10.828975,7.273585,-0.408058,0.6377433,2.552195
1588.0,1.1851299,-10.151415,7.089231,-0.312763,0.5693264,3.1496212
1600.0,0.9959879,-9.933543,7.1730285,-0.312763,0.5693264,3.1496212
1609.0,1.1659763,-9.464279,7.0940194,-0.29077184,0.54000485,3.4623842
1620.0,1.6567876,-9.3661175,7.264008,-0.23579398,0.53878313,3.7336085
1628.0,1.9680338,-9.504981,7.6015906,-0.10629055,0.54611355,3.962072
1640.0,2.1284454,-9.442732,8.137892,0.07819075,0.5571091,4.134336
1648.0,2.315193,-9.114726,8.827422,0.30298916,0.5852089,4.298048
1659.0,2.7030537,-8.90643,9.725247,0.5852089,0.61453044,4.49719
1668.0,3.1052797,-8.334216,10.070012,0.90041536,0.6939429,4.8588223
1679.0,3.3375173,-6.4787097,10.117896,0.9651671,0.7367035,4.9980993
1689.0,3.4165258,-5.595249,9.888053,1.0274754,0.77946407,5.176472
1702.0,3.5625722,-5.106832,9.909601,1.1520919,0.8368854,5.381723
1708.0,3.5218706,-4.9775453,9.500193,1.2974777,0.86620694,5.61263
1720.0,3.4404678,-5.085284,8.643068,1.3243558,0.86376345,5.8044415
1729.0,3.3662477,-4.7309427,8.104373,1.1948525,0.86742866,5.80322
1740.0,3.3183637,-3.0454245,8.133103,1.0103711,0.829555,5.6138515
1748.0,3.620033,-1.2330139,8.197746,0.8918633,0.752586,5.411044
1760.0,3.8498764,0.32561144,8.1642275,0.8906415,0.6719518,5.2155676
1768.0,3.9983168,2.0207062,7.8769236,1.0128145,0.6072,4.9247956
1779.0,3.9504328,3.976769,7.479486,1.2290609,0.548557,4.542394
1789.0,3.799598,5.899313,7.201759,1.4709635,0.50335294,4.152662
1800.0,3.5865142,7.6135616,7.0940194,1.6566665,0.44348818,3.7641516
1810.0,3.3782187,9.193734,6.6175733,1.7800614,0.36163223,3.2705724
1821.0,3.1890767,10.462662,5.9543796,1.8118263,0.28344148,2.6279423
1829.0,3.1435869,11.477803,5.2840033,1.704314,0.13072516,1.8997909
1840.0,3.2632968,11.628637,4.283227,1.4245378,-0.09407325,1.073901
1850.0,3.4356794,11.760319,3.8187518,1.0067059,-0.3494149,0.12339478
1860.0,3.7229836,11.896789,3.6750996,0.52656585,-0.61941737,-0.91751957
1868.0,3.8067808,12.117055,3.5984852,0.059864793,-0.8527679,-1.926669
1880.0,3.691859,11.951855,3.5625722,-0.33964106,-1.0531317,-2.801428
1889.0,3.620033,11.03727,3.1794999,-0.65240407,-1.2339478,-3.499036
1901.0,3.620033,9.090784,3.5697548,-0.8185594,-1.3952162,-4.015828
1908.0,3.9193082,6.813898,3.4117374,-0.9260717,-1.5760323,-4.5069637
1920.0,4.1515455,5.257667,3.857059,-0.9224065,-1.6957619,-5.044525
1930.0,4.189853,3.6176388,5.1259856,-0.78801614,-1.7922786,-5.5161133
1940.0,4.4101195,1.5801731,6.6103907,-0.5412266,-1.8668042,-5.877745
1948.0,4.841076,-0.24420857,8.743625,-0.15393804,-1.9034561,-6.1404176
1960.0,5.2887917,-2.3104045,10.749966,0.4569272,-1.8863518,-6.2772512
1969.0,5.719748,-4.3382936,12.282255,1.2034045,-1.8509218,-6.2589254
1980.0,5.5042696,-5.686229,13.484144,1.7299703,-1.8533652,-6.145304
1989.0,5.3103395,-5.770026,14.168885,1.9046779,-1.8692477,-6.069557
2002.0,5.1690817,-5.3845596,14.358027,1.9144517,-1.8142698,-5.9938097
2010.0,5.106832,-4.687847,14.338874,1.8484782,-1.709201,-5.7348027
2019.0,5.1642933,-2.8993783,13.599066,1.5344934,-1.7006488,-5.3866096
2030.0,6.0525417,-1.4197617,12.483368,0.956615,-1.7067575,-5.035973
2040.0,7.2233067,-2.6431987,11.805809,0.30543262,-1.6126842,-4.5387287
2047.0,7.8793178,-4.4795513,12.246342,-0.28710666,-1.4526376,-4.0414844
2068.0,7.9032598,-6.459556,12.761095,-0.6817256,-1.2315043,-3.5796704
2068.0,7.429208,-7.9822683,12.852075,-0.9602802,-1.0054842,-3.1227431
2078.0,6.6103907,-9.622296,12.727576,-1.1068878,-0.77579886,-2.6682594
2087.0,5.5282116,-10.87207,12.696451,-1.0946705,-0.5766568,-2.2821925
2099.0,4.63278,-11.15698,12.282255,-0.9419542,-0.42394048,-2.0097466
2108.0,3.8139634,-10.378864,11.786655,-0.71837753,-0.3042109,-1.767844
2120.0,3.1651347,-8.944737,11.384429,-0.50335294,-0.21991149,-1.4978416
2130.0,2.554613,-7.4363904,10.948685,-0.38606682,-0.1685988,-1.2168436
2138.0,2.1499932,-5.9926867,10.577583,-0.38728857,-0.13439035,-0.95417154
2148.0,1.7860745,-5.233725,10.299856,-0.46303585,-0.10873401,-0.7147123
2159.0,1.5131354,-4.817134,9.969456,-0.5681047,-0.09896017,-0.51068336
2170.0,1.2665327,-4.618415,9.572019,-0.6731735,-0.105068825,-0.34330627
2181.0,1.1348516,-4.453215,9.153033,-0.7452556,-0.119729586,-0.20525073
2188.0,0.92895025,-4.146757,8.803479,-0.8051204,-0.15393804,-0.089186326
2200.0,0.93852705,-3.9217024,8.413225,-0.9016371,-0.18203785,-0.002443461
2209.0,0.9504981,-3.7684734,8.293514,-0.9798279,-0.20525073,0.03176499
2221.0,0.9911995,-3.7062242,8.176199,-0.9651671,-0.23090707,0.052534413
2226.0,1.1851299,-3.6391866,8.219295,-0.86009824,-0.24801129,0.095294975
2239.0,1.3503298,-3.5434184,8.350976,-0.6951646,-0.23945917,0.13927728
2247.0,1.7166426,-3.3854012,8.765172,-0.49480084,-0.24923302,0.17715092
2258.0,2.087744,-3.4596214,9.121908,-0.27855456,-0.20158553,0.21502456
2268.0,2.267309,-3.560178,9.416395,-0.040317107,-0.1685988,0.2406809
2278.0,2.4277205,-3.040636,9.440337,0.14782938,-0.13927728,0.24801129
2289.0,2.5330653,-2.408567,9.380483,0.2406809,-0.10873401,0.26389378
2300.0,2.5881321,-1.9129672,9.411607,0.25045475,-0.08552113,0.30787608
2310.0,2.6599581,-1.982399,9.411607,0.204029,-0.07819075,0.37384954
2320.0,2.789245,-2.2625206,9.516952,0.1282817,-0.073303826,0.4251622
2330.0,3.0621839,-2.27928,9.569624,0.028099801,-0.073303826,0.42760566
2340.0,3.205836,-2.2457612,9.509769,-0.080634214,-0.065973446,0.40683624
2352.0,3.3446999,-2.5881321,9.696517,-0.15149458,-0.042760566,0.39095375
2362.0,3.4476504,-2.3798366,9.813833,-0.1685988,-0.012217305,0.344528
2371.0,3.514688,-2.030283,9.864111,-0.17348573,0.008552114,0.2846632
2381.0,3.4596214,-1.6041151,9.825804,-0.20525073,0.02565634,0.25289822
2392.0,3.4213142,-1.4628572,9.825804,-0.25289822,0.036651913,0.2602286
2402.0,3.4859576,-1.8076223,9.938332,-0.29077184,0.05375614,0.28099802
2410.0,3.5098996,-1.7980455,9.811439,-0.28221974,0.073303826,0.23945917
2422.0,3.3446999,-1.436521,9.361329,-0.2724459,0.08307768,0.16737708
2431.0,3.0071173,-1.13964,8.9519205,-0.31031954,0.09040806,0.14905111
2441.0,2.834735,-1.3862427,8.870518,-0.33964106,0.08552113,0.16493362
2451.0,2.861071,-1.6879122,8.844181,-0.3371976,0.07574729,0.14294247
2460.0,2.9113493,-1.6017209,8.932767,-0.31398472,0.09162979,0.057421334
2471.0,2.8754363,-1.1444284,9.0429,-0.2724459,0.1001819,-0.042760566
2482.0,2.7700913,-0.770933,9.040505,-0.25411993,0.10751228,-0.07086037
2489.0,2.6312277,-0.7781156,8.990228,-0.3042109,0.09407325,-0.08552113
2502.0,2.5234885,-0.878672,8.815451,-0.3042109,0.09407325,-0.08552113
2512.0,2.4971523,-1.1611878,8.726865,-0.29077184,0.08552113,-0.095294975
2520.0,2.432509,-1.6927006,8.755595,-0.11484267,0.06719518,-0.10262536
2530.0,2.4995465,-2.3127987,9.062054,0.002443461,0.06719518,-0.1160644
2541.0,2.7102363,-2.408567,9.200917,0.10751228,0.07086037,-0.12950343
2551.0,2.8443117,-2.2864625,9.112331,0.15393804,0.06963864,-0.13805555
2561.0,2.8299465,-2.219425,9.074024,0.12461651,0.0720821,-0.14538592
2572.0,2.8658595,-2.1691468,8.968679,0.06352998,0.0720821,-0.14294247
2581.0,2.8299465,-2.3247697,8.913613,0.012217305,0.07452556,-0.13072516
2590.0,2.801216,-2.4660277,8.920795,-0.030543262,0.07086037,-0.1282817
2604.0,2.777274,-2.432509,8.9519205,-0.073303826,0.06841691,-0.1282817
2609.0,2.8323407,-2.552219,9.129091,-0.09407325,0.07086037,-0.1160644
2621.0,2.8538885,-2.7006595,9.186552,-0.095294975,0.07452556,-0.09773844
2630.0,2.8778305,-2.7820623,9.179369,-0.089186326,0.07086037,-0.09040806
2642.0,2.8921957,-2.9975405,9.093178,-0.0720821,0.07696902,-0.09162979
2651.0,2.896984,-2.992752,9.011775,-0.04153884,0.087964594,-0.10262536
2663.0,2.873042,-2.7581203,8.784326,-0.029321533,0.09285152,-0.1001819
2672.0,2.777274,-2.621651,8.836999,-0.037873644,0.095294975,-0.080634214
2680.0,2.6408045,-2.56419,8.858546,-0.05131268,0.09162979,-0.062308256
2690.0,2.5234885,-2.5234885,8.870518,-0.06963864,0.08552113,-0.047647487
2702.0,2.5187001,-2.5091233,8.884883,-0.087964594,0.073303826,-0.035430185
2712.0,2.5067291,-2.621651,8.765172,-0.09407325,0.061086524,-0.02321288
2723.0,2.5187001,-2.621651,8.925584,-0.095294975,0.057421334,-0.018325957
2731.0,2.4779987,-2.5737667,8.851364,-0.096516706,0.04886922,-0.019547688
2742.0,2.4851813,-2.456451,8.90643,-0.103847094,0.03176499,-0.02443461
2750.0,2.5881321,-2.4588451,8.856153,-0.112399206,0.02076942,-0.02076942
2761.0,2.6144683,-2.468422,8.772355,-0.12095132,0.013439035,-0.013439035
2770.0,2.5737667,-2.3822308,8.76996,-0.13439035,0.008552114,-0.018325957
2782.0,2.597709,-2.4037786,8.626308,-0.14538592,0.002443461,-0.018325957
2792.0,2.5785553,-2.372654,8.655039,-0.14172074,-0.0036651916,-0.012217305
2803.0,2.6312277,-2.5785553,8.767567,-0.12339478,-0.0012217305,-0.0012217305
2812.0,2.597709,-2.6862943,8.966286,-0.095294975,0.0012217305,-0.0036651916
2822.0,2.6240451,-2.597709,8.913613,-0.07452556,0.0036651916,-0.014660766
2831.0,2.6671407,-2.5761611,8.949526,-0.06719518,0.0012217305,-0.014660766
2842.0,2.7748797,-2.5019407,8.980651,-0.065973446,0.0012217305,-0.0012217305
2852.0,2.8060043,-2.56419,9.0237465,-0.06352998,0.002443461,0.009773844
2860.0,2.789245,-2.554613,9.0237465,-0.07452556,-0.0061086523,0.009773844
2871.0,2.6862943,-2.3822308,8.829816,-0.118507855,-0.015882496,0.010995574
2882.0,2.7246015,-2.396596,8.731653,-0.1563815,-0.02076942,0.019547688
2893.0,2.657564,-2.4947581,8.655039,-0.16737708,-0.02321288,0.028099801
2903.0,2.7150247,-2.6839,8.750807,-0.14782938,-0.021991149,0.02443461
2911.0,2.693477,-2.7269957,8.90643,-0.10140363,-0.017104227,0.009773844
2923.0,2.7269957,-2.7246015,9.0429,-0.042760566,-0.009773844,-0.004886922
2930.0,2.7940333,-2.705448,9.167398,0.013439035,-0.0061086523,-0.019547688
2941.0,2.822764,-2.5450363,9.31105,0.06352998,-0.0012217305,-0.03176499
2953.0,2.7461493,-2.4636335,9.275137,0.080634214,0.0,-0.04520403
2963.0,2.7844565,-2.135628,8.887277,0.040317107,-0.0036651916,-0.05131268
2973.0,2.6886885,-2.123657,8.865729,-0.02321288,-0.0061086523,-0.04642576
2981.0,2.7461493,-2.2242134,8.717288,-0.080634214,-0.012217305,-0.040317107
2990.0,2.657564,-2.3391352,8.66701,-0.119729586,-0.015882496,-0.042760566
3002.0,2.60968,-2.456451,8.702923,-0.12339478,-0.014660766,-0.05131268
