37.0,-0.9624691,0.6560113,8.791509,0.14538592,0.12583824,-0.09773844
47.0,-1.352724,0.62009823,8.662222,-0.05009095,-0.26633725,-0.28221974
63.0,-1.4628572,0.59136784,8.664616,-0.30787608,-0.47769663,-0.37018433
65.0,-1.4293385,0.3878607,8.908825,-0.3652974,0.21624629,-0.065973446
83.0,-1.1492168,0.019153614,8.992621,-0.5119051,0.14172074,-0.10751228
84.0,-1.079785,-0.33039984,9.009381,-0.5681047,-0.11362094,-0.22113322
95.0,-1.055843,-0.5315128,9.009381,-0.4972443,-0.30298916,-0.32620203
105.0,-1.0893618,-0.581791,8.954314,-0.37384954,-0.31031954,-0.38728857
115.0,-1.0223241,-0.7062895,8.892065,-0.22724187,-0.32742378,-0.453262
125.0,-0.8475474,-1.0845734,8.954314,-0.08307768,-0.33964106,-0.49602258
137.0,-0.8523358,-1.3455414,9.165004,0.043982297,-0.34574974,-0.5119051
145.0,-0.8643068,-1.5586253,9.234436,0.15760323,-0.3494149,-0.52412236
155.0,-0.8643068,-1.6280571,9.421184,0.2565634,-0.3567453,-0.5546656
165.0,-0.8355764,-1.6160861,9.68694,0.3286455,-0.36896262,-0.59986967
176.0,-0.7661445,-1.6831238,9.746795,0.37995818,-0.3726278,-0.6377433
185.0,-0.7637503,-1.7669208,9.742006,0.40317106,-0.3640757,-0.6414085
196.0,-0.78050977,-1.8507179,9.7563715,0.3848451,-0.3555236,-0.6230826
207.0,-0.8619126,-1.7764976,9.739613,0.35430184,-0.34208453,-0.6072
215.0,-0.9935937,-2.0135236,9.78989,0.29932398,-0.3359759,-0.5900958
225.0,-1.0295067,-2.1380222,9.773131,0.22357668,-0.32375857,-0.5558874
235.0,-1.0534488,-2.1068976,9.849746,0.15393804,-0.31642818,-0.52290064
245.0,-1.0702082,-2.1523874,9.950302,0.10873401,-0.30787608,-0.5021312
256.0,-1.0271125,-2.2098482,10.036493,0.089186326,-0.29810223,-0.47891834
265.0,-0.92655605,-2.360683,10.235212,0.08674286,-0.2883284,-0.43982297
276.0,-0.9648633,-2.3415294,10.28549,0.112399206,-0.267559,-0.4007276
285.0,-0.89064306,-2.1978772,10.244789,0.15149458,-0.24190263,-0.37140608
295.0,-0.8834604,-1.9991584,10.2495775,0.17592919,-0.21746802,-0.34574974
305.0,-0.9576807,-1.9057846,10.175357,0.17470746,-0.18692477,-0.31398472
316.0,-0.93852705,-1.8938135,10.077195,0.13805555,-0.16126843,-0.2761111
325.0,-1.0127473,-1.8602947,9.931149,0.065973446,-0.13927728,-0.23701571
335.0,-1.0462662,-1.7621324,9.900024,-0.008552114,-0.11728613,-0.21502456
345.0,-0.93613285,-1.6567876,9.873688,-0.058643065,-0.10262536,-0.20647246
355.0,-0.93134445,-1.661576,9.876082,-0.095294975,-0.09162979,-0.1881465
365.0,-0.7685388,-1.6448165,9.931149,-0.12461651,-0.07819075,-0.1563815
377.0,-0.5410896,-1.8076223,10.146626,-0.1282817,-0.061086524,-0.12461651
385.0,-0.33758244,-1.8602947,10.261548,-0.089186326,-0.035430185,-0.10262536
396.0,-0.37349546,-1.7764976,10.060435,-0.035430185,-0.014660766,-0.08307768
405.0,-0.36870706,-1.400608,9.888053,-0.004886922,0.0061086523,-0.073303826
416.0,-0.45010993,-1.2186487,9.65821,-0.009773844,0.02565634,-0.07819075
426.0,-0.4309563,-1.1899183,9.483433,-0.057421334,0.037873644,-0.073303826
437.0,-0.48123455,-1.1013328,9.3661175,-0.13072516,0.04886922,-0.05131268
445.0,-0.5410896,-1.0726024,9.227253,-0.20891592,0.047647487,-0.036651913
456.0,-0.5386954,-0.90979666,9.25359,-0.29565877,0.035430185,-0.032986723
465.0,-0.46926352,-1.0271125,9.378088,-0.3848451,0.018325957,-0.03176499
477.0,-0.4381389,-1.2665327,9.677363,-0.43004912,-0.0012217305,-0.02565634
486.0,-0.24660277,-1.70946,9.995792,-0.39828414,-0.032986723,-0.014660766
497.0,-0.10055647,-1.982399,10.18254,-0.28710666,-0.056199603,-0.007330383
506.0,-0.076614454,-2.1332338,10.21127,-0.10751228,-0.06352998,-0.008552114
516.0,0.0,-2.0326772,10.127473,0.105068825,-0.073303826,-0.017104227
525.0,-0.009576807,-1.8674773,10.079589,0.30787608,-0.07086037,-0.02687807
536.0,-0.11252748,-1.8698715,10.010158,0.46303585,-0.039095376,-0.02076942
545.0,-0.33279404,-1.8459295,10.146626,0.5729916,-0.0012217305,0.008552114
557.0,-0.4261679,-1.9081788,10.374076,0.6536258,0.02687807,0.040317107
565.0,-0.5722142,-1.8746599,10.67814,0.7012733,0.056199603,0.059864793
579.0,-0.6775591,-1.8004397,10.788273,0.72082096,0.096516706,0.07941248
588.0,-0.8571242,-1.42455,10.860099,0.6988298,0.13683382,0.09773844
599.0,-1.2186487,-1.3503298,11.042058,0.64751714,0.19425514,0.10262536
609.0,-1.3862427,-1.163582,11.317391,0.5864306,0.26389378,0.095294975
619.0,-1.7142484,-1.1324574,11.508927,0.5204572,0.33964106,0.096516706
628.0,-1.8770541,-1.2545617,11.6430025,0.43371433,0.4251622,0.11362094
639.0,-2.1523874,-1.5658079,11.951855,0.3286455,0.52290064,0.13194689
649.0,-2.3056161,-1.7788919,12.10269,0.23335053,0.6267477,0.13561209
658.0,-2.1811178,-1.8938135,12.600683,0.15393804,0.71593404,0.12461651
668.0,-2.099715,-2.15957,13.261483,0.0842994,0.82833326,0.12705997
681.0,-1.9249382,-2.870648,13.984532,-0.0036651916,0.97249746,0.16371189
689.0,-1.8315643,-3.6631286,14.283808,-0.119729586,1.17897,0.23335053
698.0,-2.1428106,-4.027047,14.231135,-0.24678956,1.4245378,0.31887165
708.0,-2.695871,-3.9432502,14.113819,-0.37140608,1.6737708,0.40439278
720.0,-2.9400797,-3.9935284,14.1904335,-0.44593164,1.8912388,0.4972443
729.0,-2.870648,-4.158728,14.523228,-0.47403142,2.0916026,0.6560693
739.0,-2.4229321,-4.3047748,14.389153,-0.52290064,2.2956316,0.91507614
748.0,-2.1164744,-4.2544966,14.209587,-0.6609562,2.515543,1.2229522
759.0,-2.1859062,-4.4244847,14.1664915,-0.88453287,2.7635543,1.4892895
769.0,-2.5234885,-4.733337,13.737929,-1.1154399,3.0469959,1.7165314
779.0,-2.7581203,-4.807557,13.053187,-1.409877,3.500258,2.2198844
789.0,-3.0382419,-4.8985367,12.320562,-1.409877,3.500258,2.2198844
801.0,-3.0238767,-4.663905,11.439496,-1.4782939,3.6432004,2.4275784
810.0,-2.8802247,-4.120421,10.5680065,-1.5296066,3.726278,2.6181684
819.0,-2.7150247,-3.1364043,9.91439,-1.518611,3.780034,2.8209758
829.0,-2.5905263,-1.4413095,8.379706,-1.1887437,3.7910297,3.1752775
840.0,-2.6767175,-0.46686932,7.4627266,-1.001819,3.758043,3.3475416
850.0,-2.7461493,0.48841715,6.555324,-0.87964594,3.6908479,3.4636059
860.0,-2.791639,1.4197617,5.6431336,-0.8026769,3.5760052,3.517362
869.0,-2.5953147,2.2026656,4.999093,-0.79290307,3.440393,3.5149186
880.0,-2.384625,2.9113493,4.498705,-0.83077675,3.2779028,3.4611626
888.0,-2.3822308,3.2872388,4.1395745,-0.82344633,3.087313,3.368311
899.0,-2.3247697,3.4739866,3.86903,-0.7305948,2.8930578,3.2522466
908.0,-2.3558946,3.6990416,3.739743,-0.61086524,2.6939158,3.119078
921.0,-2.3918076,3.8019924,3.4572272,-0.45570546,2.4996605,2.9614747
928.0,-2.5450363,3.8426938,2.9257145,-0.2687807,2.2479842,2.7635543
938.0,-2.396596,3.9576154,1.982399,-0.0720821,1.9767599,2.4923303
949.0,-2.0638018,5.281609,3.7349546,0.043982297,1.7776178,2.1673498
959.0,-2.5187001,5.0541596,4.9224787,0.19547687,1.7739527,1.9254472
969.0,-3.2130187,5.0876784,4.819528,0.5693264,1.7519615,1.7666223
981.0,-3.2680852,5.7005944,4.0940847,0.7367035,1.4856243,1.6420058
997.0,-2.9041667,6.126762,3.6224272,0.50946164,1.1643091,1.4343116
997.0,-2.6288335,5.7005944,3.1651347,0.14172074,0.8503244,1.1154399
1009.0,-2.4229321,4.8386817,2.552219,-0.30665436,0.54000485,0.81122905
1018.0,-2.1787236,4.0198646,2.0973208,-0.72082096,0.19792034,0.54367006
1029.0,-2.2649148,3.6846764,1.7429788,-0.9272934,-0.15271631,0.23823744
1040.0,-2.4899697,3.8642416,1.3982137,-0.9114109,-0.5119051,-0.12461651
1063.0,-2.6048915,4.27365,1.0414777,-0.7538077,-0.8723156,-0.5045747
1063.0,-2.6551697,4.817134,0.93134445,-0.47647488,-1.2180653,-0.86132
1067.0,-2.6479871,5.3127337,0.79726917,-0.0720821,-1.5845845,-1.1716396
1080.0,-2.5785553,5.626374,0.91458505,0.3567453,-1.9449949,-1.4330899
1088.0,-2.4157495,5.9567738,0.81402856,0.752586,-2.3188446,-1.677436
1099.0,-2.2290018,6.1866174,0.8834604,1.0360274,-2.7281241,-1.8973475
1108.0,-2.0494366,6.172252,1.2545617,1.1166617,-3.119078,-2.0708332
1118.0,-1.5634137,5.9759274,1.745373,1.0604621,-3.467271,-2.2589796
1128.0,-0.8643068,5.8634,2.0278888,1.0396926,-3.8166862,-2.5228734
1138.0,-0.33758244,5.707777,2.6527755,1.1301007,-4.1453314,-2.824641
1149.0,-0.007182605,5.461174,3.6631286,1.2290609,-4.410447,-3.0543263
1160.0,0.37349546,4.975151,4.9655743,1.2388347,-4.632802,-3.2107077
1169.0,0.78050977,4.19943,6.5098343,1.205848,-4.81484,-3.378085
1179.0,1.0749966,3.016694,8.394072,1.1704178,-4.950452,-3.5760052
1187.0,1.1013328,1.6711528,10.156203,1.1924089,-4.999321,-3.7421606
1198.0,0.91937345,0.8523358,11.48738,1.3878858,-4.9748864,-3.8606684
1209.0,0.60812724,0.79487497,12.006922,1.7641789,-4.935791,-3.9779544
1220.0,0.78290397,0.7015011,12.3516865,2.1930063,-4.900361,-4.0989056
1228.0,1.6663644,0.62009823,12.437878,2.615725,-4.840496,-4.1563272
1238.0,3.095703,0.40701428,12.909535,2.9651399,-4.8099527,-4.0805798
1248.0,4.5202527,0.023942016,13.776237,3.0750957,-4.7390924,-3.875329
1259.0,5.2624555,0.15801731,14.659697,2.765998,-4.511851,-3.6248744
1267.0,5.2863975,0.62967503,15.689203,2.107485,-4.1966443,-3.4929276
1280.0,4.7285485,0.9911995,16.354792,1.2742649,-3.8362339,-3.540575
1288.0,4.3143516,0.4141969,16.76899,0.36163223,-3.458719,-3.6102135
1298.0,4.086902,-0.49559975,16.757017,-0.41172317,-3.0665436,-3.57234
1308.0,4.0174704,-1.2785037,16.163256,-0.93828905,-2.6914723,-3.4807103
1318.0,3.8786068,-1.9991584,15.643714,-1.3121386,-2.361605,-3.4110715
1329.0,3.311181,-2.9759927,15.136143,-1.5589281,-1.9938642,-3.3829718
1339.0,2.5450363,-4.1252093,14.453795,-1.5919148,-1.6346754,-3.35365
1348.0,1.7860745,-4.9536033,14.104242,-1.4782939,-1.3439035,-3.2766812
1358.0,1.316811,-5.659893,14.202404,-1.2425,-1.0958922,-3.1764994
1367.0,1.1372458,-5.3941364,13.800179,-0.8576548,-0.89675015,-3.0714304
1378.0,0.9528923,-4.268862,12.950237,-0.47036624,-0.81489426,-2.9541442
1388.0,0.7374141,-3.0502129,12.368446,-0.23579398,-0.7538077,-2.833193
1398.0,0.533907,-2.5330653,11.877635,-0.1966986,-0.65118235,-2.6816983
1408.0,0.31364042,-2.456451,11.45865,-0.312763,-0.5558874,-2.4898868
1419.0,0.074220255,-2.7605145,11.118672,-0.50946164,-0.48624873,-2.2944098
1429.0,-0.08619126,-2.9041667,11.0061455,-0.71959925,-0.42760566,-2.1209242
1439.0,-0.21308395,-3.1268275,11.061212,-0.89919364,-0.37995818,-1.9608774
1449.0,-0.07182605,-3.4476504,11.044453,-1.0079277,-0.35063666,-1.7922786
1461.0,0.18914193,-3.6583402,10.905589,-1.0067059,-0.33353242,-1.6187929
1470.0,0.34476504,-3.727772,10.635044,-0.9272934,-0.3286455,-1.4697418
1480.0,0.33997664,-3.6391866,10.4171715,-0.79290307,-0.30298916,-1.3585643
1491.0,0.31124622,-3.4021606,10.108319,-0.63041294,-0.2932153,-1.2718215
1501.0,0.39504328,-3.074155,9.871294,-0.5119051,-0.2932153,-1.1863003
1510.0,0.62967503,-2.9616275,9.957485,-0.46670106,-0.29077184,-1.0861185
1521.0,0.81642276,-2.96881,9.97185,-0.46792278,-0.28588495,-0.97494096
1529.0,1.0941502,-2.9041667,10.144233,-0.49846604,-0.28344148,-0.8772025
1540.0,1.3311762,-3.0023289,10.232818,-0.5326745,-0.26633725,-0.78801614
1550.0,1.5059528,-2.8179753,10.21127,-0.54733527,-0.23945917,-0.70371675
1560.0,1.6208745,-2.4851813,10.177752,-0.56199604,-0.21502456,-0.6377433
1571.0,1.6136919,-2.3439236,10.019734,-0.5742133,-0.17715092,-0.5815437
1582.0,1.6208745,-2.1906946,9.923966,-0.5876524,-0.089186326,-0.45204028
1591.0,1.4269443,-2.2050598,9.744401,-0.5876524,-0.089186326,-0.45204028
1601.0,1.3359646,-2.1523874,9.610326,-0.5815437,-0.06719518,-0.39828414
1611.0,1.2808979,-2.0709844,9.323022,-0.5681047,-0.047647487,-0.34330627
1620.0,1.1803415,-2.1308396,9.241618,-0.5522222,-0.04642576,-0.29443705
1629.0,1.2641385,-2.0685902,9.186552,-0.5448918,-0.04886922,-0.2565634
1643.0,1.2234371,-2.0853498,9.32781,-0.5180137,-0.057421334,-0.22357668
1648.0,1.3982137,-2.1523874,9.500193,-0.34208453,-0.08307768,-0.15760323
1660.0,1.745373,-1.8124107,9.674969,-0.2321288,-0.0842994,-0.13805555
1671.0,1.8507179,-1.6496049,9.61272,-0.14294247,-0.081855945,-0.118507855
1682.0,1.8914193,-1.5801731,9.442732,-0.087964594,-0.089186326,-0.09285152
1689.0,1.9081788,-1.3239936,9.193734,-0.08307768,-0.09162979,-0.073303826
1702.0,1.7836803,-1.2521675,8.990228,-0.12461651,-0.09407325,-0.052534413
1711.0,1.7381904,-1.520318,9.01417,-0.19547687,-0.09040806,-0.017104227
1720.0,1.745373,-1.673547,9.296685,-0.25045475,-0.09162979,0.02443461
1731.0,1.7597382,-1.7860745,9.308656,-0.2602286,-0.096516706,0.04886922
1740.0,1.6783354,-1.6759412,9.390059,-0.23335053,-0.11484267,0.058643065
1749.0,1.6687586,-1.6711528,9.629479,-0.20769419,-0.13439035,0.0720821
1761.0,1.7501614,-1.7142484,9.622296,-0.17348573,-0.13805555,0.081855945
1771.0,1.7549498,-1.5634137,9.502586,-0.112399206,-0.14782938,0.08674286
1782.0,1.6950948,-1.30484,9.445126,-0.0720821,-0.14782938,0.08552113
1791.0,1.6879122,-1.271321,9.44752,-0.0720821,-0.1441642,0.07941248
1801.0,1.6472107,-1.3024458,9.334992,-0.08674286,-0.14172074,0.089186326
1811.0,1.6543933,-1.2761095,9.40203,-0.10629055,-0.14294247,0.10751228
1821.0,1.7357962,-1.3551182,9.516952,-0.12950343,-0.13805555,0.112399206
1830.0,1.7645266,-1.3383588,9.674969,-0.13439035,-0.13072516,0.10873401
1840.0,1.7812861,-1.2473791,9.775525,-0.12095132,-0.12583824,0.105068825
1851.0,1.8028339,-1.4413095,9.744401,-0.09896017,-0.12583824,0.103847094
1861.0,1.8004397,-1.4652514,9.742006,-0.080634214,-0.12095132,0.10629055
1871.0,1.8339585,-1.400608,9.715671,-0.06963864,-0.10751228,0.10140363
1882.0,1.8411411,-1.2473791,9.648633,-0.058643065,-0.09896017,0.07941248
1891.0,1.7956513,-1.2210429,9.624691,-0.05497787,-0.09040806,0.065973446
1901.0,1.8004397,-1.2210429,9.548077,-0.062308256,-0.07819075,0.0720821
1912.0,1.8626889,-1.163582,9.627085,-0.07574729,-0.07086037,0.07819075
1921.0,1.8746599,-1.1348516,9.651027,-0.10262536,-0.062308256,0.07086037
1931.0,1.8124107,-1.1971009,9.605537,-0.13194689,-0.058643065,0.064751714
1943.0,1.9081788,-1.2569559,9.737218,-0.16126843,-0.052534413,0.065973446
1950.0,1.9153614,-1.4101849,9.749189,-0.17715092,-0.04886922,0.059864793
1960.0,2.0015526,-1.42455,9.636662,-0.17104226,-0.04520403,0.04886922
1969.0,2.066196,-1.364695,9.569624,-0.15760323,-0.040317107,0.035430185
1982.0,1.9680338,-1.4748282,9.631873,-0.14294247,-0.030543262,0.02443461
1991.0,2.0853498,-1.4867992,9.476251,-0.118507855,-0.02443461,0.028099801
2001.0,2.0159178,-1.376666,9.40203,-0.096516706,-0.02076942,0.032986723
2012.0,1.9895816,-1.271321,9.291897,-0.09040806,-0.014660766,0.029321533
2022.0,1.9728222,-1.2761095,9.31105,-0.096516706,-0.012217305,0.03176499
2032.0,1.9919758,-1.3718776,9.332599,-0.10751228,-0.0061086523,0.047647487
2059.0,1.9249382,-1.4556746,9.390059,-0.12339478,-0.002443461,0.058643065
2059.0,1.982399,-1.4700398,9.392453,-0.12705997,-0.002443461,0.05131268
2060.0,1.982399,-1.4317327,9.346964,-0.12705997,-0.0061086523,0.042760566
2068.0,1.9871874,-1.6591818,9.483433,-0.13927728,-0.010995574,0.035430185
2082.0,2.0374656,-1.910573,9.502586,-0.12217305,-0.015882496,0.030543262
2090.0,2.0374656,-1.8579005,9.43076,-0.07819075,-0.021991149,0.032986723
2099.0,2.1045034,-1.6496049,9.358934,-0.04520403,-0.028099801,0.028099801
2110.0,2.0470424,-1.6472107,9.390059,-0.028099801,-0.02443461,0.019547688
2122.0,2.0087352,-1.757344,9.43076,-0.009773844,-0.019547688,0.03176499
2130.0,2.0494366,-1.6591818,9.464279,0.004886922,-0.02076942,0.04520403
2140.0,1.9752164,-1.5658079,9.464279,0.002443461,-0.02321288,0.039095376
2149.0,1.9680338,-1.5155296,9.471462,-0.018325957,-0.018325957,0.029321533
2159.0,1.8626889,-1.5729905,9.579201,-0.036651913,-0.015882496,0.02443461
2171.0,1.9416976,-1.5729905,9.516952,-0.040317107,-0.014660766,0.017104227
2183.0,1.9536686,-1.5394717,9.55047,-0.043982297,-0.014660766,0.0061086523
2191.0,1.9632454,-1.6089035,9.691729,-0.057421334,-0.008552114,-0.004886922
2202.0,1.9512744,-1.7046716,9.703699,-0.052534413,-0.0061086523,-0.007330383
2212.0,2.030283,-1.6519991,9.617508,-0.039095376,-0.004886922,-0.0012217305
2223.0,2.0374656,-1.6663644,9.548077,-0.039095376,-0.0012217305,0.0
2232.0,2.0494366,-1.745373,9.473856,-0.035430185,0.008552114,-0.0012217305
2242.0,1.9321208,-1.7238252,9.394848,-0.029321533,0.015882496,0.007330383
2251.0,1.9728222,-1.7070658,9.325416,-0.029321533,0.019547688,0.015882496
2261.0,1.9177556,-1.6136919,9.308656,-0.030543262,0.02443461,0.013439035
2271.0,1.910573,-1.7190368,9.306262,-0.02076942,0.02321288,0.012217305
2281.0,1.8579005,-1.6591818,9.339781,-0.014660766,0.021991149,0.013439035
2292.0,1.9081788,-1.6496049,9.330204,-0.010995574,0.019547688,0.007330383
2304.0,1.9249382,-1.5682021,9.267955,-0.017104227,0.02443461,-0.002443461
2312.0,1.8770541,-1.6041151,9.289502,-0.034208454,0.013439035,-0.012217305
2321.0,1.9369092,-1.6998832,9.3421755,-0.056199603,0.004886922,-0.019547688
2332.0,2.0374656,-1.8267759,9.287108,-0.0720821,0.002443461,-0.019547688
2341.0,2.0278888,-1.8650831,9.263166,-0.073303826,-0.002443461,-0.021991149
2350.0,2.078167,-1.7908629,9.011775,-0.06719518,0.0,-0.029321533
2362.0,2.0278888,-1.8124107,9.066842,-0.06352998,0.0,-0.035430185
2370.0,2.0159178,-1.8531121,9.016563,-0.052534413,-0.012217305,-0.029321533
2382.0,1.9776106,-1.9488802,9.102755,-0.034208454,-0.015882496,-0.015882496
2392.0,2.0638018,-1.7788919,9.301474,-0.008552114,-0.019547688,-0.013439035
2402.0,2.066196,-1.9009962,9.390059,0.015882496,-0.032986723,-0.012217305
2412.0,2.0254946,-1.9776106,9.478644,0.030543262,-0.03176499,-0.0061086523
2423.0,2.0326772,-1.8267759,9.519346,0.040317107,-0.040317107,-0.004886922
2432.0,2.0135236,-1.7764976,9.461885,0.034208454,-0.043982297,-0.010995574
2443.0,2.0111294,-1.7836803,9.428367,0.017104227,-0.04520403,-0.008552114
2452.0,2.0614076,-1.8411411,9.409213,-0.004886922,-0.04642576,0.0
2461.0,2.0326772,-1.8626889,9.356541,-0.021991149,-0.04642576,0.007330383
2470.0,2.0350714,-1.8124107,9.3421755,-0.032986723,-0.04153884,0.014660766
2483.0,2.0518308,-1.8100165,9.32781,-0.047647487,-0.035430185,0.028099801
2490.0,1.9895816,-1.757344,9.349358,-0.042760566,-0.039095376,0.028099801
2502.0,2.006341,-1.8028339,9.385271,-0.037873644,-0.040317107,0.030543262
2510.0,2.0278888,-1.8650831,9.41879,-0.028099801,-0.039095376,0.032986723
2521.0,2.006341,-1.8746599,9.466674,-0.010995574,-0.035430185,0.028099801
2532.0,2.0518308,-1.7860745,9.44752,-0.002443461,-0.03176499,0.019547688
2542.0,2.0111294,-1.733402,9.394848,0.0012217305,-0.02687807,0.004886922
2551.0,1.910573,-1.7046716,9.421184,-0.0012217305,-0.019547688,-0.004886922
2561.0,1.9728222,-1.7477672,9.425972,-0.008552114,-0.015882496,0.0
2571.0,2.0231004,-1.8890251,9.440337,-0.015882496,-0.012217305,0.004886922
2583.0,2.006341,-1.8243817,9.473856,-0.015882496,-0.0061086523,0.0036651916
2591.0,2.030283,-1.757344,9.481039,-0.009773844,-0.007330383,0.0012217305
2604.0,2.0374656,-1.7860745,9.442732,-0.007330383,-0.0012217305,0.002443461
2611.0,2.0135236,-1.8746599,9.473856,-0.0061086523,0.007330383,0.004886922
2622.0,2.0494366,-1.8746599,9.469068,-0.008552114,0.014660766,0.008552114
2632.0,2.0901382,-1.8339585,9.488221,-0.008552114,0.02076942,0.008552114
2641.0,1.99437,-1.8579005,9.459491,-0.012217305,0.02565634,0.012217305
2650.0,2.0494366,-1.8650831,9.519346,-0.02321288,0.03176499,0.019547688
2663.0,2.1045034,-1.8722657,9.504981,-0.039095376,0.04153884,0.02443461
2669.0,2.078167,-1.9057846,9.531317,-0.05009095,0.040317107,0.028099801
2681.0,2.1188686,-1.7741034,9.452309,-0.057421334,0.042760566,0.03176499
2691.0,2.2242134,-1.8267759,9.425972,-0.06963864,0.043982297,0.032986723
2702.0,2.2529438,-1.9560628,9.370906,-0.07696902,0.05375614,0.032986723
2712.0,2.2026656,-1.922544,9.344569,-0.06719518,0.058643065,0.032986723
2724.0,2.2361844,-1.8028339,9.258378,-0.052534413,0.06352998,0.030543262
2733.0,2.0949266,-1.721431,9.200917,-0.04642576,0.0720821,0.028099801
2742.0,2.1260512,-1.7812861,9.121908,-0.043982297,0.07086037,0.034208454
2752.0,2.111686,-1.745373,9.066842,-0.04153884,0.065973446,0.043982297
2761.0,2.0685902,-1.7741034,9.059659,-0.039095376,0.057421334,0.052534413
2772.0,2.078167,-1.8387469,9.064447,-0.039095376,0.04886922,0.058643065
2783.0,2.0111294,-1.8004397,9.13388,-0.040317107,0.037873644,0.061086524
2792.0,2.0590134,-1.8914193,9.200917,-0.034208454,0.014660766,0.05375614
2803.0,2.0949266,-1.9536686,9.320627,-0.013439035,-0.004886922,0.04886922
2813.0,2.1404164,-1.7310078,9.303867,0.0012217305,-0.021991149,0.043982297
2823.0,2.1380222,-1.7812861,9.301474,0.0061086523,-0.034208454,0.032986723
2833.0,2.1045034,-1.757344,9.23683,0.008552114,-0.039095376,0.036651913
2843.0,2.1021092,-1.7525556,9.334992,0.014660766,-0.047647487,0.047647487
2853.0,2.1188686,-1.7238252,9.301474,0.013439035,-0.04520403,0.05131268
2864.0,2.135628,-1.7381904,9.363723,0.007330383,-0.040317107,0.056199603
2873.0,1.99437,-1.8100165,9.49301,0.0061086523,-0.030543262,0.06719518
2884.0,2.0039468,-1.9057846,9.579201,0.018325957,-0.02443461,0.0720821
2891.0,1.958457,-1.8986019,9.56723,0.037873644,-0.021991149,0.0720821
2903.0,2.0374656,-1.9033904,9.528923,0.061086524,-0.014660766,0.0720821
2912.0,1.9752164,-1.8890251,9.519346,0.07452556,0.002443461,0.065973446
2921.0,1.8387469,-1.7908629,9.500193,0.081855945,0.019547688,0.062308256
2931.0,1.934515,-1.6759412,9.481039,0.073303826,0.037873644,0.065973446
2942.0,1.9321208,-1.6304513,9.440337,0.05009095,0.057421334,0.0720821
2953.0,1.7884687,-1.6065093,9.490616,0.009773844,0.07452556,0.07086037
2963.0,1.8243817,-1.5705963,9.41879,-0.036651913,0.095294975,0.059864793
2973.0,1.8243817,-1.5921441,9.490616,-0.07574729,0.112399206,0.04520403
2984.0,1.9201498,-1.6998832,9.390059,-0.105068825,0.12095132,0.036651913
2993.0,1.8818425,-1.769315,9.394848,-0.12339478,0.12705997,0.02565634
3004.0,1.9608512,-1.8315643,9.449914,-0.12339478,0.1282817,0.014660766
3011.0,1.9369092,-1.7645266,9.339781,-0.10873401,0.12339478,0.008552114
