23.0,-5.0182467,-0.5363012,7.9008656,0.004886922,-0.015882496,0.0012217305
36.0,-4.9440265,-0.36391866,7.9391727,0.16126843,0.14049901,-0.0720821
37.0,-5.4563856,-0.61052144,8.12592,0.014660766,-0.2565634,-0.28588495
47.0,-5.3678,-0.17956513,7.833828,-0.037873644,-0.45204028,-0.39706242
56.0,-5.243302,0.30885202,7.66384,0.13316862,0.2846632,-0.103847094
67.0,-5.2026005,0.1436521,7.5680714,0.16249016,0.28221974,-0.02687807
79.0,-5.2289367,-0.1412579,7.577648,0.12583824,0.09162979,0.02321288
87.0,-5.267244,-0.14604631,7.702147,0.06963864,-0.06841691,-0.036651913
97.0,-5.2744265,-0.11492168,7.8505874,0.028099801,-0.06963864,-0.09040806
106.0,-5.2863975,-0.045489833,7.881712,-0.0036651916,-0.06841691,-0.10873401
116.0,-5.386954,-0.2705448,8.013393,-0.037873644,-0.059864793,-0.12095132
126.0,-5.365406,-0.38067806,8.070854,-0.058643065,-0.05497787,-0.119729586
137.0,-5.329493,-0.5722142,8.12592,-0.04520403,-0.064751714,-0.10873401
147.0,-5.2361193,-0.50517654,8.104373,0.0012217305,-0.07696902,-0.10751228
156.0,-5.21936,-0.3878607,8.178593,0.04642576,-0.08307768,-0.119729586
166.0,-5.3223104,-0.2896984,8.121132,0.06719518,-0.07696902,-0.13316862
181.0,-5.3438582,-0.2633622,8.176199,0.062308256,-0.07086037,-0.13439035
187.0,-5.3342814,-0.2896984,8.221688,0.04153884,-0.057421334,-0.13439035
198.0,-5.3965306,-0.29688102,8.250419,0.02321288,-0.04153884,-0.13805555
206.0,-5.3678,-0.34715924,8.180987,0.0061086523,-0.035430185,-0.1441642
217.0,-5.327099,-0.4261679,8.231265,-0.009773844,-0.02687807,-0.14782938
227.0,-5.3606176,-0.39743748,8.219295,-0.019547688,-0.010995574,-0.14782938
237.0,-5.315128,-0.4165911,8.279149,-0.02076942,0.002443461,-0.14782938
247.0,-5.2361193,-0.41180268,8.286332,-0.018325957,0.010995574,-0.14905111
258.0,-5.2768207,-0.39743748,8.274361,-0.015882496,0.02321288,-0.15393804
267.0,-5.257667,-0.39264908,8.303091,-0.021991149,0.039095376,-0.1563815
279.0,-5.257667,-0.45489833,8.279149,-0.04153884,0.059864793,-0.1563815
287.0,-5.3127337,-0.5363012,8.271967,-0.064751714,0.081855945,-0.1563815
297.0,-5.401319,-0.5530606,8.1402855,-0.07086037,0.09162979,-0.16371189
307.0,-5.353435,-0.6488287,8.195353,-0.062308256,0.096516706,-0.16615535
318.0,-5.2744265,-0.6368576,8.111555,-0.04520403,0.09773844,-0.15760323
326.0,-5.2361193,-0.6775591,8.121132,-0.02321288,0.096516706,-0.14538592
337.0,-5.2480903,-0.60333884,8.1402855,0.0012217305,0.096516706,-0.13805555
347.0,-5.2600613,-0.58657944,8.087613,0.021991149,0.095294975,-0.1282817
357.0,-5.3223104,-0.6512229,8.032547,0.034208454,0.09285152,-0.11728613
366.0,-5.3821654,-0.63206923,7.8984714,0.034208454,0.08674286,-0.111177474
379.0,-5.3318872,-0.5722142,7.908048,0.02443461,0.08552113,-0.11484267
387.0,-5.403713,-0.6560113,7.9032598,0.010995574,0.08674286,-0.12095132
397.0,-5.3845596,-0.6727707,7.8170686,-0.004886922,0.087964594,-0.12339478
407.0,-5.4180784,-0.81642276,8.034941,-0.013439035,0.089186326,-0.12217305
417.0,-5.341464,-0.8738836,7.6494746,0.007330383,0.09162979,-0.12095132
426.0,-5.461174,-0.91697925,7.7189064,0.105068825,0.06963864,-0.12339478
438.0,-5.463568,-0.557849,7.843405,0.1685988,0.05131268,-0.12095132
447.0,-5.446809,-0.23223756,7.785944,0.07452556,0.058643065,-0.112399206
457.0,-5.4539914,-0.49559975,7.797915,-0.089186326,0.0842994,-0.10873401
467.0,-5.4204726,-1.0869676,7.762002,-0.16249016,0.11484267,-0.10140363
478.0,-5.5497594,-1.30484,7.8290396,-0.119729586,0.1160644,-0.089186326
487.0,-5.626374,-1.1731589,7.893683,-0.03176499,0.096516706,-0.073303826
498.0,-5.509058,-0.81402856,7.831434,0.032986723,0.0720821,-0.06841691
507.0,-5.4324436,-0.6344634,7.723695,0.040317107,0.05497787,-0.07452556
517.0,-5.415684,-0.6967127,7.6949644,0.0061086523,0.058643065,-0.07819075
527.0,-5.403713,-0.7254431,7.702147,-0.034208454,0.06963864,-0.07452556
537.0,-5.439626,-0.7398083,7.7931266,-0.05009095,0.0720821,-0.065973446
547.0,-5.374983,-0.89303726,7.85777,-0.04886922,0.059864793,-0.047647487
559.0,-5.3462524,-0.9600749,7.872135,-0.05375614,0.056199603,-0.030543262
567.0,-5.29358,-0.89543146,7.917625,-0.062308256,0.058643065,-0.019547688
578.0,-5.317522,-0.94331545,7.9463553,-0.07086037,0.056199603,-0.018325957
587.0,-5.2983685,-0.90500826,7.917625,-0.07452556,0.058643065,-0.019547688
597.0,-5.3725886,-0.8762778,7.93199,-0.0720821,0.057421334,-0.012217305
607.0,-5.363012,-0.90261406,7.9607205,-0.058643065,0.05497787,0.0012217305
618.0,-5.303157,-0.866701,7.9702973,-0.036651913,0.05375614,0.017104227
627.0,-5.2600613,-0.8523358,7.9032598,-0.015882496,0.052534413,0.028099801
640.0,-5.3223104,-0.8595184,7.941567,-0.008552114,0.052534413,0.032986723
650.0,-5.33907,-0.7278373,7.9822683,-0.018325957,0.058643065,0.035430185
661.0,-5.3845596,-0.6464345,8.010999,-0.037873644,0.06719518,0.036651913
670.0,-5.363012,-0.6392518,7.941567,-0.059864793,0.073303826,0.039095376
682.0,-5.437232,-0.770933,8.042124,-0.087964594,0.0842994,0.043982297
689.0,-5.4803276,-0.78529817,8.1163435,-0.10629055,0.1001819,0.05497787
700.0,-5.571307,-0.7398083,8.109161,-0.10140363,0.11362094,0.06963864
710.0,-5.614403,-0.78050977,8.219295,-0.07819075,0.12217305,0.08307768
720.0,-5.626374,-0.89064306,8.401254,-0.061086524,0.13927728,0.10140363
729.0,-5.8346696,-1.1468226,8.571242,-0.06352998,0.16371189,0.12339478
741.0,-5.865794,-1.4269443,8.573636,-0.061086524,0.17715092,0.14049901
749.0,-6.0285997,-1.4317327,8.561666,-0.032986723,0.19425514,0.14049901
760.0,-6.131551,-1.352724,8.508993,0.02565634,0.21624629,0.14049901
770.0,-6.191406,-1.3383588,8.540117,0.10751228,0.24801129,0.1563815
781.0,-6.1507044,-1.436521,8.523358,0.26633725,0.33841935,0.2443461
790.0,-6.093243,-1.4508862,8.65025,0.26633725,0.33841935,0.2443461
802.0,-6.021417,-1.2737153,8.578424,0.32498032,0.3848451,0.2883284
808.0,-6.045359,-0.93134445,8.762778,0.34208453,0.42760566,0.31520647
821.0,-6.007052,0.14604631,9.603143,0.12950343,0.53878313,0.36651915
829.0,-6.030994,0.16280572,8.516175,-0.20769419,0.6218608,0.3811799
841.0,-5.9878983,-0.2681506,8.918402,-0.62796944,0.8185594,0.3359759
849.0,-5.9926867,-1.3934253,8.995016,-0.7147123,0.95905846,0.36774087
861.0,-6.2129536,-2.2457612,8.585608,-0.6377433,0.98715824,0.5338962
869.0,-6.6271505,-2.3942018,8.26239,-0.5522222,1.0250319,0.68294734
880.0,-6.8905125,-1.8866309,7.9966335,-0.39950588,1.0189233,0.6805039
889.0,-6.871359,-1.1324574,7.9870567,-0.26389378,0.9773844,0.59620446
901.0,-6.7588315,-0.5530606,7.807492,-0.26145032,0.96883225,0.58032197
909.0,-6.6271505,-0.5793968,7.762002,-0.3652974,1.0079277,0.67073005
922.0,-6.6367273,-0.85473,7.6015906,-0.44715336,1.0629056,0.77457714
929.0,-6.694188,-1.0462662,7.419631,-0.47403142,1.0910053,0.829555
942.0,-6.754043,-1.0366893,7.3190746,-0.4801401,1.110553,0.8564331
949.0,-6.919243,-0.94092125,7.1347213,-0.49846604,1.1227703,0.88331115
959.0,-6.9719152,-0.8403648,6.9240313,-0.53023106,1.1252137,0.91629785
970.0,-6.943185,-0.842759,6.7684083,-0.54367006,1.1313224,0.93828905
983.0,-7.101202,-0.6512229,6.4906807,-0.5180137,1.1276573,0.9651671
990.0,-7.120356,-0.5243302,6.2249246,-0.43982297,1.0958922,1.0103711
1000.0,-7.1395097,-0.25617957,5.920861,-0.31887165,1.0519099,1.0567969
1009.0,-7.055712,0.093373865,5.683835,-0.19792034,1.0067059,1.0800097
1019.0,-6.95755,0.521936,5.427655,-0.1160644,0.95905846,1.073901
1030.0,-6.8426285,0.79966336,5.149928,-0.065973446,0.9089675,1.0494665
1041.0,-6.739678,0.6655881,4.9559975,-0.013439035,0.84788096,1.0189233
1069.0,-6.670246,0.7422025,4.733337,0.062308256,0.7733554,0.9859365
1069.0,-6.5960255,1.0319009,4.5657425,0.13927728,0.6988298,0.9456194
1069.0,-6.399701,1.472434,4.285621,0.22113322,0.61086524,0.90285885
1081.0,-6.3206925,1.8531121,4.0677485,0.312763,0.50946164,0.8564331
1088.0,-6.2105594,2.4827871,4.000711,0.42638394,0.41538838,0.7855727
1101.0,-5.9759274,3.7301662,3.5625722,0.54244834,0.27855456,0.6597345
1109.0,-5.659893,4.960786,2.9855695,0.548557,0.118507855,0.49602258
1119.0,-5.379771,5.9160724,2.8514943,0.42394048,-0.004886922,0.33108896
1128.0,-5.1379566,6.7708025,2.4253263,0.12217305,-0.12339478,0.16249016
1140.0,-4.9057193,6.423643,2.516306,-0.34330627,-0.2321288,-0.013439035
1149.0,-4.7381253,5.5497594,2.657564,-0.7696902,-0.32986724,-0.21380283
1162.0,-4.261679,4.43885,2.6360161,-0.92485,-0.48380527,-0.45448375
1170.0,-3.5793316,3.526659,2.6408045,-0.7281514,-0.75136423,-0.7122689
1181.0,-2.813187,3.2010477,2.3463178,-0.27488935,-1.0629056,-0.9810496
1190.0,-2.4013844,4.10845,2.2266076,0.27977628,-1.4001031,-1.287704
1200.0,-2.0494366,5.521029,2.0135236,0.75502944,-1.7336355,-1.6530013
1211.0,-1.6567876,6.766014,2.018312,1.0616838,-2.057394,-2.048842
1222.0,-1.055843,7.2927384,2.3439236,1.1520919,-2.3652701,-2.4165828
1229.0,-0.45250413,7.321469,2.8107927,1.065349,-2.6352727,-2.7391198
1241.0,0.25617957,6.7109475,3.5122938,0.95905846,-2.8710666,-3.087313
1250.0,0.7158663,6.2368956,4.1036615,0.9419542,-3.1031954,-3.4782667
1259.0,1.0295067,6.3206925,4.5082817,0.9859365,-3.3328807,-3.8826594
1271.0,1.2856863,6.241684,5.1547165,1.0897835,-3.5515707,-4.2711697
1284.0,1.7166426,5.1666875,6.83784,1.1863003,-3.7287214,-4.577824
1292.0,2.1859062,2.7748797,8.932767,1.2791518,-3.8069122,-4.806288
1301.0,2.719813,-0.30645782,11.281479,1.4844025,-3.7934732,-5.000543
1311.0,2.707842,-3.2441432,13.40753,1.8411479,-3.739717,-5.149594
1321.0,1.9177556,-4.465186,13.800179,2.2516494,-3.6774087,-5.2302284
1331.0,0.81163436,-3.502717,13.012486,2.4923303,-3.6737435,-5.272989
1343.0,0.81402856,-2.3678656,12.492945,2.6902506,-3.6981783,-5.312084
1351.0,1.8626889,-1.6591818,12.176909,3.0543263,-3.7421606,-5.3230796
1361.0,3.5194764,-0.79008657,11.27669,3.3560936,-3.8362339,-5.1874676
1370.0,5.7987566,0.8595184,10.637438,3.2400293,-3.9852848,-4.889365
1381.0,7.4387846,1.3790601,10.900801,2.6193902,-3.9718459,-4.5802674
1390.0,7.589619,0.1412579,11.884817,1.6945401,-3.662748,-4.3029346
1402.0,6.591237,-1.1659763,12.7730665,0.7147123,-3.281568,-4.0317106
1411.0,5.48751,-2.087744,13.091495,-0.096516706,-2.9810224,-3.7201693
1422.0,4.7500963,-3.4332852,13.52724,-0.81122905,-2.7159069,-3.314555
1432.0,4.2066126,-5.351041,14.128184,-1.5650368,-2.4397957,-2.8930578
1441.0,3.7205894,-7.6135616,14.824897,-2.212554,-2.147802,-2.5350907
1449.0,3.181894,-9.449914,15.57907,-2.5546384,-1.8533652,-2.2797492
1461.0,2.7748797,-10.268731,16.184803,-2.4678955,-1.5919148,-2.172237
1471.0,2.3415294,-9.653421,15.792154,-1.9804251,-1.3768903,-2.1685717
1481.0,1.9728222,-8.202535,14.887146,-1.3267993,-1.219287,-2.1649065
1490.0,1.5370775,-6.600814,13.711593,-0.74281216,-1.0910053,-2.1099286
1501.0,1.0702082,-5.535394,12.677298,-0.34574974,-0.9468411,-2.0158553
1512.0,0.7613561,-4.735731,11.769896,-0.13683382,-0.81000733,-1.9095647
1522.0,0.46686932,-4.309563,11.116279,-0.09773844,-0.6914995,-1.8008307
1531.0,0.35673606,-3.964798,10.675745,-0.18692477,-0.59498274,-1.6920967
1543.0,0.6847417,-4.036624,10.773908,-0.3726278,-0.5204572,-1.5943583
1551.0,1.2545617,-4.1922474,10.864887,-0.60231316,-0.42638394,-1.5039502
1561.0,1.7381904,-4.3766007,10.943896,-0.80756384,-0.3408628,-1.4257594
1570.0,1.9177556,-4.673482,11.049241,-0.9505063,-0.24556783,-1.3671165
1583.0,2.078167,-4.8219223,11.063606,-1.0458013,-0.056199603,-1.2437216
1592.0,2.123657,-4.853047,10.790668,-1.0458013,-0.056199603,-1.2437216
1601.0,1.9919758,-4.7500963,10.488997,-1.0250319,0.013439035,-1.1484267
1610.0,1.8148049,-4.5537715,10.247183,-0.9798279,0.07452556,-1.0506883
1622.0,1.5035586,-4.417302,9.952697,-0.9016371,0.1160644,-0.9505063
1633.0,1.5011644,-4.1826706,9.76116,-0.7965683,0.14782938,-0.8393288
1643.0,1.3263878,-3.7684734,9.464279,-0.70738196,0.16371189,-0.73426
1653.0,1.2808979,-3.9312792,9.200917,-0.65484756,0.1881465,-0.57910025
1662.0,1.5131354,-4.0773253,9.248801,-0.6365216,0.2003638,-0.50701815
1672.0,1.5682021,-4.1611223,9.126697,-0.593761,0.20158553,-0.44837508
1683.0,1.6807296,-4.1276035,9.160215,-0.54244834,0.20158553,-0.4092797
1691.0,1.7956513,-4.003105,9.126697,-0.50579643,0.19914207,-0.37873647
1702.0,1.9847932,-3.9695864,9.155427,-0.47036624,0.20158553,-0.3494149
1712.0,1.9847932,-3.6750996,9.129091,-0.42149702,0.20280726,-0.31764993
1722.0,2.087744,-3.5098996,9.021352,-0.38240165,0.19425514,-0.2761111
1733.0,2.3056161,-3.5075054,8.932767,-0.37384954,0.18936823,-0.22357668
1742.0,2.4540567,-3.4955344,8.942344,-0.36896262,0.18448131,-0.16615535
1752.0,2.408567,-3.5410242,8.827422,-0.35308012,0.17104226,-0.10995574
1762.0,2.3558946,-3.643975,8.882488,-0.33353242,0.15027285,-0.059864793
1770.0,2.3104045,-3.8355112,8.892065,-0.3213151,0.13072516,-0.007330383
1782.0,2.3391352,-3.8594532,9.064447,-0.30176744,0.10262536,0.052534413
1791.0,2.267309,-3.8953662,9.263166,-0.2846632,0.06719518,0.11484267
1804.0,2.3080103,-3.8546648,9.334992,-0.29565877,0.04153884,0.17715092
1812.0,2.147599,-3.787627,9.531317,-0.33475417,0.03176499,0.24556783
1821.0,2.1212628,-3.6296098,9.6845455,-0.38728857,0.028099801,0.31398472
1832.0,2.0159178,-3.560178,9.689334,-0.45814893,0.030543262,0.376293
1841.0,1.8626889,-3.6487634,9.615114,-0.5375614,0.05009095,0.42638394
1850.0,1.769315,-3.6727054,9.500193,-0.6010914,0.073303826,0.45204028
1860.0,1.8052281,-3.5649664,9.423578,-0.6365216,0.09773844,0.45448375
1871.0,1.8004397,-3.5984852,9.260772,-0.65240407,0.13072516,0.44226643
1884.0,1.6711528,-3.5194764,9.188946,-0.6536258,0.16249016,0.4251622
1890.0,1.6496049,-3.5242648,9.215282,-0.6450737,0.19425514,0.40439278
1902.0,1.6759412,-3.4524388,9.141062,-0.625526,0.22113322,0.3811799
1911.0,1.5993267,-3.4763808,8.99741,-0.6035349,0.24556783,0.35796702
1922.0,1.5801731,-3.4452562,8.92319,-0.5766568,0.26511553,0.32986724
1932.0,1.5346833,-3.4715924,8.779537,-0.52778757,0.27122417,0.30543262
1943.0,1.5275006,-3.4955344,8.7532015,-0.45448375,0.26633725,0.3005457
1951.0,1.4221559,-3.4021606,8.640674,-0.3726278,0.25289822,0.30543262
1963.0,1.3000516,-3.1531637,8.561666,-0.29810223,0.23090707,0.30543262
1973.0,1.1492168,-3.1292217,8.513782,-0.2443461,0.20891592,0.30298916
1984.0,1.079785,-3.095703,8.453926,-0.20769419,0.17959438,0.3115413
1991.0,1.0342951,-3.1172507,8.528147,-0.1685988,0.14294247,0.32253686
2005.0,1.0845734,-3.0909145,8.540117,-0.12950343,0.10873401,0.31642818
2013.0,1.1468226,-3.1507695,8.556877,-0.08674286,0.0720821,0.30543262
2021.0,1.2521675,-3.1316159,8.537724,-0.056199603,0.042760566,0.2932153
2032.0,1.3000516,-3.1986535,8.686164,-0.02321288,0.017104227,0.267559
2057.0,1.484405,-3.1244333,8.578424,0.02076942,-0.004886922,0.23457226
2057.0,1.496376,-3.0669725,8.554482,0.061086524,-0.02076942,0.204029
2065.0,1.70946,-3.0262709,8.690952,0.08307768,-0.028099801,0.17104226
2071.0,1.7310078,-3.0550013,8.755595,0.089186326,-0.035430185,0.1441642
2082.0,1.7142484,-3.1651347,8.75799,0.073303826,-0.040317107,0.13439035
2091.0,1.7717092,-3.2944214,8.793902,0.02687807,-0.040317107,0.13072516
2101.0,1.7860745,-3.4955344,8.726865,-0.04153884,-0.036651913,0.12339478
2111.0,1.7166426,-3.7660792,8.801085,-0.119729586,-0.04153884,0.12950343
2122.0,1.8243817,-4.015076,8.937555,-0.19792034,-0.05009095,0.15027285
2131.0,1.7764976,-4.3382936,9.016563,-0.2443461,-0.05131268,0.18448131
2143.0,1.7669208,-4.1180267,9.126697,-0.2565634,-0.04642576,0.20891592
2151.0,1.6759412,-3.98874,9.14585,-0.26511553,-0.037873644,0.1966986
2162.0,1.508347,-3.8618474,9.188946,-0.27977628,-0.018325957,0.18448131
2172.0,1.3910311,-4.0916905,9.143456,-0.28588495,0.012217305,0.18570304
2184.0,1.3599066,-4.134786,9.0429,-0.27122417,0.042760566,0.17959438
2193.0,1.3024458,-3.9671922,8.971074,-0.2443461,0.065973446,0.15271631
2202.0,1.2378023,-3.940856,8.827422,-0.2125811,0.07941248,0.1160644
2213.0,1.1540052,-3.845088,8.810662,-0.19425514,0.105068825,0.09162979
2223.0,0.9816227,-3.809175,8.839393,-0.18936823,0.11728613,0.08307768
2234.0,1.0223241,-3.8402996,8.822633,-0.18448131,0.12705997,0.07941248
2244.0,1.0342951,-3.9360676,8.880095,-0.1685988,0.12217305,0.0842994
2253.0,1.0390835,-3.9695864,8.89446,-0.14538592,0.118507855,0.09162979
2261.0,1.0941502,-3.9121256,8.916007,-0.12095132,0.11362094,0.089186326
2273.0,1.1300632,-3.8953662,8.918402,-0.10140363,0.10873401,0.0842994
2284.0,1.1659763,-3.8666358,8.858546,-0.07819075,0.10873401,0.089186326
2294.0,1.1994951,-3.7972038,8.798691,-0.043982297,0.103847094,0.09285152
2306.0,1.1803415,-3.727772,8.707711,-0.02076942,0.096516706,0.087964594
2311.0,1.1013328,-3.7900212,8.702923,-0.017104227,0.10262536,0.08552113
2322.0,1.1061212,-3.8594532,8.643068,-0.015882496,0.10140363,0.081855945
2332.0,1.0965444,-3.7852328,8.714894,0.002443461,0.095294975,0.07819075
2342.0,1.1587936,-3.7014358,8.750807,0.019547688,0.09162979,0.06841691
2353.0,1.2138603,-3.8163576,8.717288,0.02076942,0.087964594,0.058643065
2364.0,1.2258313,-3.9456444,8.683769,0.017104227,0.09040806,0.05009095
2373.0,1.2785037,-3.8881836,8.659827,0.02076942,0.0842994,0.030543262
2383.0,1.1923125,-3.8522706,8.6813755,0.02565634,0.07574729,0.013439035
2393.0,1.2066777,-3.8857894,8.63828,0.029321533,0.0720821,0.002443461
2403.0,1.2856863,-3.9001546,8.607155,0.032986723,0.061086524,-0.0012217305
2412.0,1.2186487,-3.9264908,8.66701,0.02565634,0.059864793,-0.0012217305
2425.0,1.283292,-3.9743748,8.669404,0.015882496,0.061086524,-0.008552114
2433.0,1.2330139,-3.9001546,8.6334915,0.007330383,0.056199603,-0.010995574
2441.0,1.2042835,-3.904943,8.597578,-0.0061086523,0.04520403,-0.010995574
2452.0,1.1899183,-3.9671922,8.676587,-0.029321533,0.047647487,-0.017104227
2462.0,1.2210429,-3.9863458,8.628703,-0.04520403,0.056199603,-0.02321288
2472.0,1.1707647,-3.916914,8.5473,-0.05497787,0.05131268,-0.030543262
2484.0,1.1348516,-4.1060557,8.525752,-0.05497787,0.05009095,-0.03176499
2492.0,1.0941502,-4.134786,8.492233,-0.04153884,0.047647487,-0.02687807
2503.0,1.1252748,-4.048595,8.485051,-0.02443461,0.037873644,-0.03176499
2514.0,1.1899183,-4.1252093,8.5473,-0.004886922,0.02321288,-0.04153884
2523.0,1.1971009,-4.0892963,8.607155,0.0036651916,0.017104227,-0.032986723
2534.0,1.2042835,-4.036624,8.66701,-0.004886922,0.018325957,-0.02321288
2545.0,1.2617443,-4.0677485,8.707711,-0.017104227,0.015882496,-0.03176499
2554.0,1.2761095,-4.0653543,8.781932,-0.034208454,0.02076942,-0.032986723
2562.0,1.1994951,-4.2425256,8.702923,-0.05009095,0.03176499,-0.02565634
2572.0,1.13964,-4.2161894,8.6095495,-0.05009095,0.034208454,-0.034208454
2583.0,1.0726024,-4.211401,8.602366,-0.034208454,0.032986723,-0.042760566
2592.0,1.0247183,-4.2161894,8.573636,-0.021991149,0.032986723,-0.035430185
2605.0,1.127669,-4.225766,8.669404,-0.007330383,0.032986723,-0.02321288
2614.0,1.0606314,-4.201824,8.614338,0.02321288,0.019547688,-0.018325957
2624.0,1.1013328,-4.1491513,8.669404,0.043982297,0.013439035,-0.010995574
2634.0,1.1324574,-4.1276035,8.686164,0.040317107,0.010995574,-0.002443461
2644.0,1.1611878,-4.134786,8.762778,0.019547688,0.009773844,0.004886922
2653.0,1.2138603,-4.19943,8.750807,-0.007330383,0.013439035,0.009773844
2665.0,1.1851299,-4.1252093,8.74123,-0.029321533,0.012217305,0.014660766
2673.0,1.163582,-4.132392,8.772355,-0.052534413,0.010995574,0.012217305
2684.0,1.1707647,-4.3167458,8.736442,-0.06719518,0.009773844,0.008552114
2692.0,1.2210429,-4.3358994,8.714894,-0.062308256,0.017104227,0.017104227
2704.0,1.2066777,-4.3358994,8.695741,-0.043982297,0.018325957,0.02565634
2713.0,1.1109096,-4.2305546,8.66701,-0.02076942,0.009773844,0.02565634
2724.0,1.1659763,-4.261679,8.690952,-0.002443461,0.009773844,0.030543262
2733.0,1.13964,-4.0318356,8.791509,0.007330383,0.013439035,0.036651913
2743.0,1.1540052,-3.9624038,8.784326,0.007330383,0.013439035,0.036651913
2753.0,1.1324574,-3.8738184,8.702923,-0.008552114,0.010995574,0.032986723
2763.0,1.0869676,-3.9983168,8.767567,-0.039095376,0.018325957,0.030543262
2774.0,1.1085154,-4.0773253,8.7125,-0.06352998,0.021991149,0.029321533
2786.0,1.1204864,-3.9983168,8.693346,-0.07696902,0.015882496,0.02321288
2793.0,1.151611,-4.1299977,8.719683,-0.087964594,0.014660766,0.013439035
2802.0,1.1707647,-4.3143516,8.734048,-0.081855945,0.015882496,0.018325957
2814.0,1.2258313,-4.3239284,8.664616,-0.05131268,0.013439035,0.028099801
2823.0,1.163582,-4.237737,8.743625,-0.017104227,0.012217305,0.02565634
2834.0,1.1348516,-4.223372,8.688558,0.013439035,0.008552114,0.02443461
2844.0,1.1492168,-4.213795,8.760384,0.039095376,0.007330383,0.035430185
2853.0,1.1563994,-4.039018,8.688558,0.05131268,0.004886922,0.04153884
2864.0,1.103727,-4.010288,8.652645,0.04520403,0.008552114,0.030543262
2873.0,1.1013328,-4.003105,8.645462,0.02687807,0.014660766,0.017104227
2884.0,1.067814,-3.952827,8.6334915,0.0036651916,0.017104227,0.010995574
2895.0,1.1061212,-4.0318356,8.655039,-0.015882496,0.015882496,0.009773844
2905.0,1.1779473,-4.2521024,8.62152,-0.02565634,0.013439035,0.008552114
2914.0,1.2258313,-4.2401314,8.710106,-0.018325957,0.013439035,0.0061086523
2924.0,1.2545617,-4.189853,8.619126,0.004886922,0.004886922,0.0036651916
2933.0,1.3072342,-4.1922474,8.659827,0.028099801,-0.0061086523,0.008552114
2942.0,1.3311762,-4.1946416,8.748413,0.042760566,-0.004886922,0.019547688
2953.0,1.328782,-4.2042184,8.734048,0.056199603,-0.004886922,0.02443461
2964.0,1.3120226,-4.0078936,8.731653,0.061086524,-0.0061086523,0.02443461
2973.0,1.2473791,-3.9815574,8.748413,0.04886922,-0.004886922,0.02687807
2985.0,1.2904748,-3.9001546,8.760384,0.02443461,0.0012217305,0.028099801
2993.0,1.1180922,-4.0054994,8.647857,-0.0012217305,0.0061086523,0.02687807
3003.0,1.2066777,-4.0462008,8.695741,-0.018325957,0.009773844,0.02443461
