49.0,-0.6607997,-1.2186487,9.749189,-0.05497787,-0.10262536,-0.043982297
49.0,-0.62728083,-1.2521675,9.773131,-0.02687807,-0.09162979,-0.05497787
49.0,-0.5626374,-1.1252748,9.758766,0.02321288,-0.089186326,-0.064751714
66.0,-0.5267244,-1.0055647,9.710882,0.040317107,-0.08552113,-0.095294975
66.0,-0.46208093,-0.9672575,9.607931,0.019547688,-0.07452556,-0.118507855
82.0,-0.5506664,-1.0247183,9.605537,-0.02565634,-0.05009095,-0.12705997
88.0,-0.59855044,-1.1851299,9.574412,-0.064751714,-0.029321533,-0.13561209
96.0,-0.5434838,-1.2186487,9.562442,-0.08552113,-0.017104227,-0.14660765
106.0,-0.38307226,-1.2808979,9.586384,-0.09285152,-0.018325957,-0.15882497
117.0,-0.46686932,-1.2761095,9.682152,-0.10140363,-0.012217305,-0.16493362
127.0,-0.37349546,-1.30484,9.715671,-0.11484267,-0.0012217305,-0.16982053
137.0,-0.4285621,-1.316811,9.734824,-0.118507855,0.0061086523,-0.18203785
149.0,-0.4213795,-1.42455,9.588778,-0.119729586,0.014660766,-0.1966986
156.0,-0.40701428,-1.4460979,9.545682,-0.13805555,0.019547688,-0.19547687
166.0,-0.4405331,-1.4915876,9.569624,-0.17470746,0.02687807,-0.18570304
176.0,-0.39264908,-1.6280571,9.540894,-0.20158553,0.03176499,-0.18203785
187.0,-0.4237737,-1.8028339,9.603143,-0.22235495,0.028099801,-0.172264
196.0,-0.39025488,-2.054225,9.607931,-0.24312437,0.02565634,-0.14538592
208.0,-0.40462008,-2.066196,9.483433,-0.2406809,0.010995574,-0.119729586
217.0,-0.4213795,-2.0590134,9.363723,-0.21135938,-0.010995574,-0.105068825
227.0,-0.47165772,-2.0135236,9.217676,-0.17104226,-0.037873644,-0.09407325
237.0,-0.59136784,-1.7980455,9.131485,-0.14172074,-0.05375614,-0.07941248
248.0,-0.60333884,-1.6759412,8.9758625,-0.13072516,-0.059864793,-0.061086524
257.0,-0.7398083,-1.6663644,8.844181,-0.13805555,-0.059864793,-0.04886922
268.0,-0.7733272,-1.6496049,8.853758,-0.15760323,-0.06352998,-0.05009095
277.0,-0.79248077,-1.6567876,8.805874,-0.18081611,-0.0720821,-0.059864793
287.0,-0.7493851,-1.8387469,8.899248,-0.20647246,-0.08307768,-0.07086037
296.0,-0.7326257,-1.9752164,9.006987,-0.23090707,-0.09040806,-0.080634214
307.0,-0.61770403,-2.0350714,9.069236,-0.2443461,-0.10262536,-0.09040806
316.0,-0.545878,-2.147599,9.181764,-0.24190263,-0.12095132,-0.111177474
328.0,-0.45250413,-2.2720973,9.3661175,-0.22479841,-0.12705997,-0.13439035
337.0,-0.32321724,-2.4037786,9.425972,-0.19425514,-0.13072516,-0.14538592
348.0,-0.16759412,-2.4708161,9.607931,-0.16126843,-0.12950343,-0.14660765
357.0,-0.02873042,-2.4133554,9.655815,-0.1282817,-0.12583824,-0.14660765
367.0,0.055066638,-2.3343468,9.646238,-0.10140363,-0.12461651,-0.14172074
377.0,0.093373865,-2.1140802,9.710882,-0.0842994,-0.118507855,-0.13194689
388.0,0.090979666,-2.0135236,9.65821,-0.08307768,-0.111177474,-0.11362094
397.0,0.22505496,-2.078167,9.746795,-0.10629055,-0.10262536,-0.0842994
408.0,0.1436521,-2.0829554,9.77792,-0.13561209,-0.08674286,-0.052534413
418.0,0.12449849,-2.0925324,9.813833,-0.15515977,-0.081855945,-0.028099801
427.0,0.079008654,-1.9871874,9.952697,-0.16982053,-0.07819075,-0.014660766
437.0,0.019153614,-1.9560628,10.010158,-0.17104226,-0.07696902,-0.0061086523
449.0,-0.10534488,-1.8291701,10.019734,-0.1563815,-0.081855945,0.0036651916
458.0,-0.11971009,-1.7501614,10.129868,-0.12095132,-0.081855945,0.012217305
468.0,-0.074220255,-1.5562311,10.232818,-0.06963864,-0.080634214,0.02076942
478.0,-0.18195933,-1.5945383,10.271125,-0.017104227,-0.081855945,0.040317107
488.0,-0.32561144,-1.520318,10.172963,0.004886922,-0.08307768,0.07574729
498.0,-0.38067806,-1.4341269,10.268731,0.0,-0.07086037,0.10629055
509.0,-0.58657944,-1.5945383,10.3214035,-0.02443461,-0.052534413,0.12095132
518.0,-0.79726917,-1.733402,10.46745,-0.1001819,-0.043982297,0.13316862
528.0,-0.94092125,-1.8890251,10.42196,-0.26145032,-0.036651913,0.15271631
537.0,-0.842759,-2.2266076,10.402806,-0.49480084,-0.02565634,0.18081611
549.0,-0.78529817,-2.8802247,10.601525,-0.77457714,0.002443461,0.21868975
560.0,-0.6895301,-3.7229836,10.951078,-1.0983357,0.04520403,0.28099802
572.0,-0.6799533,-4.402937,11.475409,-1.4440855,0.118507855,0.3640757
580.0,-0.7541735,-5.231331,11.880029,-1.7666223,0.23579398,0.46792278
589.0,-0.92895025,-6.363788,12.217611,-2.058616,0.38240165,0.61086524
601.0,-1.1803415,-7.7452426,12.378023,-2.3212879,0.5681047,0.81000733
612.0,-1.2904748,-9.351752,12.521675,-2.525317,0.7819075,1.0677924
621.0,-1.3862427,-10.788273,12.710816,-2.6022859,1.0042624,1.328021
632.0,-1.4508862,-12.299014,12.595895,-2.5497515,1.2144,1.5650368
640.0,-1.7764976,-13.371616,12.34211,-2.461787,1.4391985,1.8387043
653.0,-2.4013844,-13.974956,12.25113,-2.243097,1.9083431,2.5130997
659.0,-3.169923,-14.274231,11.848905,-2.243097,1.9083431,2.5130997
671.0,-3.6272156,-14.31972,11.504139,-2.008525,2.0793853,2.8808405
679.0,-3.9863458,-13.718776,11.343728,-1.6297885,2.2883012,3.3072245
691.0,-3.478775,-10.881647,10.575189,-0.5216789,2.4788911,4.074471
699.0,-2.9161377,-9.033323,9.854534,-0.032986723,2.5558603,4.3676863
711.0,-2.4109612,-7.369353,9.062054,0.30909783,2.6462681,4.609589
720.0,-1.934515,-5.872977,8.468291,0.4886922,2.724459,4.785518
732.0,-1.5011644,-4.510676,8.046912,0.5656612,2.769663,4.8710394
740.0,-0.8882488,-2.956839,7.9607205,0.61208695,2.7525587,4.8734827
752.0,-0.06464344,-1.3383588,7.6973586,0.6817256,2.670703,4.805066
761.0,0.7445967,0.35434186,7.1849995,0.8417723,2.5326474,4.691445
770.0,1.2665327,2.3104045,5.911284,1.0885619,2.3603833,4.565607
780.0,1.5753847,4.793192,5.21936,1.351234,2.1783454,4.3627996
790.0,1.4700398,7.240066,4.2066126,1.500285,1.9865338,4.015828
802.0,1.532289,8.937555,2.1428106,1.4501941,1.8277088,3.5698965
813.0,1.4772224,9.65821,1.340753,1.3487904,1.7275269,3.0347786
825.0,1.5562311,10.0508585,1.6400281,1.5076154,1.53205,2.3469443
830.0,1.6783354,11.051635,2.1547816,1.7263051,1.2388347,1.4953982
839.0,2.0518308,12.138602,2.2242134,1.7690657,0.8723156,0.61819565
851.0,2.6072857,13.393165,1.6208745,1.6676621,0.40317106,-0.16982053
860.0,3.454833,14.046782,0.82360536,1.491733,-0.20158553,-0.89552844
870.0,4.4364557,14.065935,0.58657944,1.097114,-0.85154617,-1.4758505
879.0,5.140351,14.00608,0.8283938,0.4728097,-1.4135422,-2.0195205
889.0,5.9687448,13.192051,1.2114661,0.009773844,-1.8533652,-2.7391198
899.0,6.631939,11.803414,1.7645266,0.0036651916,-2.2235496,-3.6077702
910.0,6.8881183,10.192117,2.396596,0.36163223,-2.5289822,-4.4275513
919.0,6.646304,8.571242,3.181894,0.86498517,-2.8258626,-5.0897293
933.0,6.14831,7.204153,3.5434184,1.3329079,-3.1764994,-5.649282
940.0,5.60722,6.26802,4.2784386,1.627345,-3.5527923,-6.168517
951.0,4.9320555,6.253655,6.069301,1.6578883,-3.8411207,-6.817256
960.0,4.3239284,5.5521536,9.677363,1.391551,-3.9926152,-7.5991635
972.0,4.5298295,3.1890767,13.323732,0.7733554,-3.9681807,-8.260119
982.0,5.058948,-1.958457,15.282189,-0.19303341,-3.662748,-8.559443
992.0,5.451597,-9.165004,16.845604,-0.9272934,-2.9272664,-8.414058
1001.0,3.1411927,-13.898341,16.804901,-0.7293731,-1.9474384,-7.9436917
1012.0,1.3503298,-14.0803,16.04594,0.893085,-1.6481144,-7.952244
1020.0,0.12449849,-11.693281,13.666103,3.4892623,-1.9926424,-9.043249
1032.0,4.0581717,-8.425196,11.434708,5.417153,-2.9382617,-9.745744
1040.0,9.339781,-6.0621185,13.077129,5.672495,-3.4049628,-8.5838785
1065.0,13.400347,-8.049306,15.227123,4.6767845,-3.1227431,-7.4403386
1065.0,14.676456,-11.662156,17.657238,2.9394836,-2.6841419,-7.401243
1069.0,13.67568,-14.348451,20.314802,1.4110987,-2.0830505,-7.1959925
1079.0,13.024457,-16.66125,20.927717,0.5925393,-1.536937,-6.174626
1089.0,11.410766,-19.883844,20.772095,-0.13194689,-1.0103711,-4.753753
1099.0,7.836222,-23.508667,19.9437,-1.2449434,-0.24923302,-3.4257324
1110.0,4.6519337,-25.658659,18.497602,-2.289523,0.5143485,-2.162463
1119.0,2.966416,-25.017014,17.111359,-2.7085764,1.0177015,-0.8173377
1130.0,2.267309,-21.667526,15.018827,-2.4288,1.2082914,0.54367006
1140.0,1.8962077,-17.458519,13.613431,-1.9474384,1.2363913,1.7605137
1151.0,1.541866,-13.948619,12.988544,-1.7849482,1.2962561,2.783102
1160.0,1.4269443,-12.423512,12.476185,-2.026851,1.4355333,3.63587
1171.0,1.6065093,-12.533646,12.521675,-2.4373524,1.6603317,4.3896775
1181.0,1.8315643,-13.046005,12.548011,-2.756224,1.9144517,5.0604076
1191.0,1.9680338,-13.244724,12.1840925,-2.8991663,2.0830505,5.611408
1201.0,1.9632454,-13.393165,11.259931,-2.910162,2.1368067,6.024353
1210.0,1.6136919,-12.679692,10.699687,-2.846632,2.0842721,6.363994
1222.0,1.6376339,-12.0332575,8.204929,-2.701246,1.844813,6.6254444
1233.0,2.0757728,-10.915166,7.4028716,-2.3225098,1.486846,6.8795643
1239.0,2.4516625,-7.821857,7.57286,-1.7922786,1.1850786,7.1923275
1252.0,2.8658595,-4.110844,8.027759,-1.2253957,0.8038987,7.3535957
1260.0,3.490746,-0.6919243,8.219295,-0.8185594,0.40683624,7.375587
1271.0,4.309563,1.2473791,7.8625584,-0.56688297,0.15027285,7.425678
1282.0,5.032612,2.5115175,7.620744,-0.23335053,0.0720821,7.5637336
1292.0,5.6431336,3.5434184,7.0126166,0.31398472,0.018325957,7.606494
1302.0,6.2249246,5.647922,6.3446345,1.0812315,-0.13561209,7.3230524
1312.0,6.6534867,9.902418,5.415684,1.9095647,-0.32742378,6.668205
1321.0,7.311892,14.997279,3.892972,2.7220156,-0.44348818,5.76779
1331.0,7.477092,15.887922,2.4875755,3.4281757,-0.35308012,4.8307223
1340.0,7.8769236,15.097836,2.2146366,3.4855971,-0.20769419,4.191757
1353.0,8.415619,19.5726,1.0821792,2.9394836,-0.39828414,3.4526103
1361.0,6.9120603,31.337706,-3.1531637,2.7085764,-0.9896017,1.4709635
1372.0,3.5865142,36.106956,-4.144363,2.4666739,-1.4110987,-1.2070698
1382.0,2.1930888,29.707254,-2.3774424,0.7819075,-1.6994271,-2.2406538
1393.0,3.7660792,19.515139,0.40222588,-1.4172074,-2.2516494,-2.5033257
1400.0,5.485116,12.648567,3.0478187,-2.4165828,-2.6548204,-3.6395352
1414.0,6.2943563,9.294291,5.48751,-2.1416936,-2.7953193,-5.1618114
1422.0,6.069301,6.742072,9.65821,-1.423316,-2.8221974,-6.2503734
1433.0,5.9687448,3.2513258,14.001291,-0.90408057,-2.7049112,-6.7830477
1441.0,5.209783,-0.62967503,15.842433,-0.8564331,-2.3176227,-7.0139546
1453.0,3.7421372,-4.048595,13.017275,-1.9975294,-1.5528195,-6.781826
1460.0,3.892972,-7.4148426,11.736377,-1.9975294,-1.5528195,-6.781826
1472.0,4.7405195,-11.676521,12.181698,-1.6664404,-1.0934488,-6.3444467
1480.0,6.8689647,-14.923059,14.12579,-0.12461651,-0.8698721,-6.4482937
1491.0,8.722076,-19.488802,16.546328,1.2974777,-0.9627236,-6.3578854
1502.0,7.6973586,-21.741745,17.166426,1.8606955,-0.86498517,-4.9247956
1511.0,5.6239796,-23.925257,16.440983,1.5100589,-0.65240407,-3.6199875
1522.0,-1.1659763,-28.842947,17.374722,-0.37018433,0.5729916,-2.2858577
1534.0,-3.833117,-27.669788,16.51281,-0.59986967,0.9822713,-1.2815952
1543.0,-5.415684,-23.891739,14.511256,-0.3481932,1.0800097,-0.5009095
1553.0,-5.9663506,-19.553446,12.641385,-0.22357668,1.1068878,0.22968534
1561.0,-5.616797,-16.572664,11.45865,-0.5143485,1.1826351,1.0164797
1571.0,-4.9464207,-15.215152,10.929531,-1.0873401,1.3316863,1.9242256
1580.0,-3.7948096,-14.812926,10.029311,-1.6444492,1.4929546,2.9064968
1592.0,-2.3295584,-14.745889,9.263166,-1.9682078,1.563815,3.7824776
1601.0,-1.1731589,-14.020445,8.537724,-2.0073032,1.5894713,4.483751
1613.0,-0.4285621,-12.521675,7.4723034,-1.7763962,1.5173893,4.9577823
1623.0,0.19153613,-10.477027,6.543353,-1.3439035,1.3292428,5.241224
1632.0,0.7326257,-8.331821,5.791574,-0.84421575,1.0836749,5.448918
1641.0,1.2785037,-5.9567738,5.5880666,-0.43004912,0.8222246,5.670051
1655.0,1.9752164,-3.6032736,5.8442464,-0.13194689,0.5412266,5.9131756
1660.0,2.8921957,-1.2545617,6.3829417,0.05131268,0.28221974,6.1526346
1672.0,3.8762126,0.7517793,7.0126166,0.21624629,0.062308256,6.3481116
1681.0,4.5178585,2.9257145,7.6255326,0.49602258,-0.13805555,6.47395
1690.0,4.8961425,4.9583917,6.895301,0.89675015,-0.3408628,6.436076
1705.0,5.0876784,6.8641763,5.837064,1.3976597,-0.47769663,6.200282
1712.0,5.2002063,9.591172,5.0374002,1.890017,-0.5522222,5.8227677
1722.0,5.9160724,12.356475,4.0677485,2.2137756,-0.59620446,5.244889
1734.0,6.6654577,12.124237,1.9009962,2.4446826,-0.593761,4.4385467
1743.0,7.395689,10.139444,-0.24899697,2.2516494,-0.61208695,3.6212091
1752.0,9.021352,13.575124,1.0342951,1.613906,-0.8588765,2.7207937
1764.0,8.4108305,26.309883,0.8355764,1.4990633,-1.2657127,0.8552113
1774.0,5.0397944,34.785355,0.4261679,2.0329595,-1.391551,-1.7617353
1781.0,3.0789435,28.83337,0.9983821,0.9969321,-1.5271631,-2.5326474
1792.0,4.1395745,18.959682,2.0733786,-1.2522738,-1.9694295,-1.9523253
1802.0,5.853823,12.473791,3.490746,-2.470339,-2.239432,-2.8160887
1812.0,6.9383965,10.0341,4.343082,-2.0964894,-2.3787093,-4.6083674
1821.0,7.261614,8.966286,5.9184666,-1.2461652,-2.692694,-5.7836723
1832.0,7.019799,6.9479733,7.9032598,-0.96883225,-2.9565878,-6.1611867
1842.0,7.1514807,3.799598,10.740389,-1.3671165,-2.9394836,-6.287025
1854.0,6.8881183,0.5243302,13.833697,-1.9657644,-2.719572,-6.6205573
1862.0,5.9424086,-1.1803415,14.231135,-2.3176227,-2.3603833,-7.093367
1873.0,4.807557,-1.946486,12.042834,-2.4043655,-2.1233675,-7.356039
1882.0,4.6471453,-3.2441432,11.001357,-2.0207422,-1.998751,-7.1202455
1892.0,5.8705826,-4.8362875,11.046846,-0.9944886,-1.9999728,-6.668205
1901.0,8.449138,-7.417237,12.667721,0.062308256,-2.1245892,-6.3517766
1912.0,10.275913,-9.437943,14.02284,0.70005155,-2.117259,-5.9131756
1923.0,10.845734,-9.988609,14.111424,0.74036866,-2.1025982,-5.1031685
1933.0,10.240001,-11.461043,14.15452,0.16371189,-1.958434,-4.378682
1943.0,8.137892,-14.2383175,14.877569,-0.83077675,-1.4184291,-3.948633
1955.0,5.3318872,-15.248671,15.05474,-1.7763962,-0.7330383,-3.4978144
1962.0,3.4859576,-15.483302,14.645331,-2.1991148,-0.36285394,-3.1227431
1973.0,1.8411411,-14.343662,14.178462,-2.0952678,-0.19792034,-2.8808405
1981.0,0.8571242,-12.356475,13.450625,-1.8521434,-0.1160644,-2.6267207
1991.0,0.5506664,-11.063606,12.8927765,-1.72264,-0.0012217305,-2.3493876
2002.0,0.22266077,-9.938332,12.136209,-1.7263051,0.2125811,-2.01219
2012.0,-0.10055647,-9.064447,11.161768,-1.7739527,0.34697145,-1.65911
2022.0,-0.31364042,-8.9519205,10.333375,-1.7690657,0.41172317,-1.3548992
2034.0,-0.47644615,-9.23683,9.433155,-1.6603317,0.4813618,-1.0225884
2040.0,-0.20829555,-9.40203,8.772355,-1.3939945,0.5314528,-0.68661255
2055.0,0.25857377,-9.210494,8.377312,-0.97249746,0.5571091,-0.44226643
2081.0,0.78290397,-8.504205,8.137892,-0.4886922,0.5338962,-0.29565877
2081.0,1.4676456,-7.33344,8.075643,-0.09773844,0.49968776,-0.18081611
2081.0,2.1260512,-6.215348,8.190564,0.10140363,0.47647488,-0.087964594
2090.0,2.6144683,-5.145139,8.437167,0.10140363,0.50701815,-0.017104227
2100.0,2.9041667,-4.501099,8.499416,-0.028099801,0.5656612,0.043982297
2112.0,3.1555579,-4.1060557,8.425196,-0.20769419,0.6035349,0.10873401
2121.0,3.1004913,-3.9384618,8.209718,-0.38728857,0.6389651,0.19425514
2133.0,3.052607,-3.727772,7.8266454,-0.53878313,0.65484756,0.27122417
2142.0,2.896984,-3.7493198,7.551312,-0.6536258,0.65240407,0.31887165
2153.0,2.80361,-3.715801,7.6135616,-0.7318166,0.64751714,0.3481932
2161.0,2.6144683,-3.6391866,7.465121,-0.75747293,0.6291912,0.3652974
2170.0,2.315193,-3.430891,7.4387846,-0.72082096,0.58032197,0.37751472
2183.0,2.0925324,-3.2680852,7.52737,-0.64996064,0.52412236,0.3811799
2192.0,1.8028339,-3.2441432,7.644686,-0.58032197,0.47403142,0.36651915
2202.0,1.4221559,-3.205836,7.73806,-0.5045747,0.42760566,0.3408628
2211.0,1.1779473,-3.1172507,7.867347,-0.4166101,0.37384954,0.30909783
2222.0,0.8499416,-3.004723,7.8793178,-0.3323107,0.3115413,0.27488935
2232.0,0.58418524,-3.0933087,7.9367785,-0.26145032,0.24678956,0.24312437
2242.0,0.39743748,-3.1148565,7.967903,-0.20769419,0.18325958,0.22479841
2254.0,0.25617957,-3.1411927,8.090008,-0.17348573,0.1160644,0.21868975
2264.0,0.25857377,-3.25372,8.250419,-0.14782938,0.05375614,0.21746802
2273.0,0.30406362,-3.2728736,8.494628,-0.12095132,0.009773844,0.2125811
2283.0,0.48841715,-3.4356794,8.559271,-0.08674286,-0.02321288,0.19792034
2291.0,0.60812724,-3.4859576,8.578424,-0.04642576,-0.04886922,0.17104226
2303.0,0.7134721,-3.4452562,8.580819,-0.019547688,-0.059864793,0.13439035
2314.0,0.7589619,-3.4979286,8.74123,-0.010995574,-0.06841691,0.10140363
2323.0,0.8499416,-3.6487634,8.916007,-0.014660766,-0.057421334,0.07941248
2333.0,0.7445967,-3.8402996,9.081207,-0.015882496,-0.037873644,0.07941248
2343.0,0.7733272,-3.6942532,9.291897,-0.0036651916,-0.04153884,0.10629055
2353.0,0.94810385,-3.655946,9.368511,-0.02565634,-0.040317107,0.118507855
2364.0,1.0606314,-3.9121256,9.351752,-0.06963864,-0.03176499,0.14905111
2375.0,1.1228806,-4.0701427,9.346964,-0.12705997,-0.010995574,0.17348573
2383.0,1.1683705,-4.048595,9.28232,-0.18203785,0.010995574,0.15882497
2394.0,1.2114661,-3.9719806,9.224859,-0.2125811,0.02321288,0.1282817
2402.0,1.2425907,-3.976769,9.205706,-0.21868975,0.042760566,0.119729586
2413.0,1.2904748,-4.060566,9.16261,-0.19425514,0.061086524,0.1282817
2423.0,1.2641385,-4.072537,9.203311,-0.13805555,0.06719518,0.13683382
2434.0,1.1061212,-3.8714242,9.121908,-0.07086037,0.073303826,0.14538592
2443.0,0.94331545,-3.6942532,9.033323,-0.015882496,0.0720821,0.15882497
2454.0,0.93613285,-3.5098996,8.968679,0.007330383,0.07452556,0.17715092
2464.0,0.90740246,-3.4715924,8.947132,0.0,0.087964594,0.19425514
2475.0,0.89303726,-3.4021606,8.937555,-0.029321533,0.09407325,0.19792034
2484.0,0.82121116,-3.4117374,8.856153,-0.073303826,0.1001819,0.18570304
2495.0,0.8403648,-3.3662477,8.865729,-0.13072516,0.10995574,0.17104226
2502.0,0.81881696,-3.4572272,8.920795,-0.18203785,0.119729586,0.15027285
2513.0,0.79726917,-3.667917,8.832211,-0.20769419,0.12461651,0.12705997
2523.0,0.8283938,-3.821146,8.7532015,-0.2003638,0.118507855,0.11484267
2534.0,0.81402856,-3.845088,8.76996,-0.17470746,0.112399206,0.09896017
2545.0,0.8283938,-3.6535518,8.762778,-0.14049901,0.103847094,0.07086037
2558.0,0.80445176,-3.7253778,8.7292595,-0.10995574,0.096516706,0.04886922
2565.0,0.8403648,-3.9312792,8.631097,-0.08552113,0.081855945,0.05375614
2571.0,0.92176765,-3.8714242,8.66701,-0.073303826,0.08307768,0.064751714
2582.0,0.90979666,-3.928885,8.647857,-0.057421334,0.080634214,0.052534413
2593.0,0.79726917,-3.7828386,8.726865,-0.042760566,0.07086037,0.02565634
2602.0,0.7374141,-3.7900212,8.698134,-0.05009095,0.07086037,0.014660766
2613.0,0.7589619,-3.9839516,8.686164,-0.0720821,0.073303826,0.012217305
2621.0,0.7733272,-4.1036615,8.693346,-0.09773844,0.0842994,0.007330383
2632.0,0.7661445,-4.0533834,8.647857,-0.105068825,0.081855945,-0.007330383
2643.0,0.6655881,-3.9576154,8.640674,-0.09285152,0.065973446,-0.03176499
2654.0,0.7326257,-3.928885,8.65025,-0.09040806,0.058643065,-0.04642576
2664.0,0.7398083,-4.1156325,8.607155,-0.10873401,0.059864793,-0.04153884
2675.0,0.82360536,-4.261679,8.676587,-0.12583824,0.062308256,-0.032986723
2682.0,0.7038953,-4.132392,8.688558,-0.12950343,0.056199603,-0.036651913
2692.0,0.7541735,-4.060566,8.659827,-0.13072516,0.042760566,-0.04886922
2703.0,0.7589619,-4.249708,8.7532015,-0.14782938,0.036651913,-0.047647487
2712.0,0.830788,-4.3478703,8.710106,-0.1685988,0.039095376,-0.028099801
2724.0,0.770933,-4.345476,8.690952,-0.15882497,0.037873644,-0.02565634
2735.0,0.6991069,-4.201824,8.686164,-0.12461651,0.032986723,-0.043982297
2744.0,0.6943185,-4.185065,8.631097,-0.1001819,0.02687807,-0.05375614
2755.0,0.7326257,-4.3382936,8.616732,-0.09407325,0.029321533,-0.043982297
2764.0,0.78290397,-4.3981485,8.674192,-0.08552113,0.034208454,-0.028099801
2775.0,0.7541735,-4.3837833,8.772355,-0.064751714,0.032986723,-0.02565634
2784.0,0.6943185,-4.2544966,8.78672,-0.04520403,0.03176499,-0.02687807
2795.0,0.7541735,-4.3766007,8.726865,-0.034208454,0.03176499,-0.02076942
2805.0,0.79487497,-4.381389,8.796297,-0.032986723,0.04153884,-0.009773844
2812.0,0.8283938,-4.3358994,8.748413,-0.030543262,0.040317107,0.004886922
2823.0,0.78290397,-4.220978,8.762778,-0.032986723,0.040317107,0.009773844
2833.0,0.7781156,-4.3358994,8.765172,-0.039095376,0.043982297,0.010995574
2843.0,0.7517793,-4.3766007,8.836999,-0.05009095,0.04886922,0.02565634
2857.0,0.5626374,-4.378995,8.793902,-0.064751714,0.052534413,0.039095376
2863.0,0.5770026,-4.3502645,8.750807,-0.07819075,0.058643065,0.039095376
2874.0,0.46686932,-4.426879,8.695741,-0.08307768,0.061086524,0.034208454
2885.0,0.58897364,-4.5178585,8.7053175,-0.0720821,0.059864793,0.039095376
2895.0,0.6464345,-4.4484267,8.734048,-0.05009095,0.062308256,0.039095376
2904.0,0.60333884,-4.256891,8.731653,-0.030543262,0.065973446,0.035430185
2915.0,0.5506664,-4.3239284,8.710106,-0.018325957,0.06352998,0.037873644
2924.0,0.60812724,-4.225766,8.734048,-0.018325957,0.073303826,0.043982297
2934.0,0.58897364,-4.295198,8.6574335,-0.028099801,0.0720821,0.047647487
2945.0,0.5530606,-4.2425256,8.652645,-0.04153884,0.07452556,0.05009095
2955.0,0.59855044,-4.369418,8.726865,-0.056199603,0.07696902,0.05009095
2963.0,0.60333884,-4.3406878,8.5473,-0.062308256,0.07941248,0.052534413
2975.0,0.59855044,-4.381389,8.475474,-0.056199603,0.06719518,0.059864793
2983.0,0.6488287,-4.343082,8.487445,-0.05375614,0.065973446,0.056199603
2994.0,0.59376204,-4.414908,8.535329,-0.04886922,0.065973446,0.05009095
3003.0,0.6703765,-4.3885717,8.53054,-0.03176499,0.064751714,0.05131268
3013.0,0.7038953,-4.345476,8.65025,-0.010995574,0.056199603,0.047647487
