36.0,-2.0709844,-0.14844051,9.765948,0.16493362,0.14294247,-0.09162979
50.0,-3.1914709,-0.4333505,9.512163,0.029321533,-0.23945917,-0.28710666
54.0,-2.980781,-0.11971009,9.279925,-0.12339478,-0.41050145,-0.23945917
64.0,-2.9281087,-0.16519992,9.452309,-0.06963864,0.37140608,0.05497787
73.0,-2.7341783,-0.37110126,9.504981,-0.15149458,0.40683624,-0.021991149
81.0,-2.7365725,-0.47405192,9.588778,-0.18081611,0.2125811,-0.06719518
92.0,-2.834735,-0.4357447,9.579201,-0.14538592,0.043982297,-0.0842994
102.0,-2.7988217,-0.16759412,9.526528,-0.12217305,0.042760566,-0.111177474
112.0,-2.72939,-0.12928689,9.560047,-0.15027285,0.052534413,-0.15027285
123.0,-2.693477,-0.2657564,9.674969,-0.23090707,0.09162979,-0.15271631
134.0,-2.7030537,-0.59136784,9.746795,-0.31642818,0.12461651,-0.13683382
142.0,-2.789245,-0.830788,9.674969,-0.37140608,0.15515977,-0.13439035
153.0,-2.825158,-0.8523358,9.674969,-0.3885103,0.17837265,-0.1441642
162.0,-2.8874073,-0.92895025,9.6845455,-0.40317106,0.2003638,-0.14538592
174.0,-2.9592333,-0.93613285,9.849746,-0.44593164,0.2406809,-0.13072516
182.0,-3.0238767,-1.0869676,9.998186,-0.50823987,0.27977628,-0.1001819
194.0,-3.086126,-1.4173675,10.036493,-0.5705481,0.32742378,-0.064751714
202.0,-3.181894,-1.5849615,9.959879,-0.6169739,0.36896262,-0.037873644
213.0,-3.107674,-1.8650831,9.746795,-0.63163465,0.4092797,-0.02076942
223.0,-3.1986535,-1.8243817,9.610326,-0.6267477,0.44715336,0.0012217305
233.0,-3.3877954,-1.910573,9.519346,-0.643852,0.47647488,0.040317107
243.0,-3.6008794,-1.9776106,9.497798,-0.689056,0.52290064,0.09162979
257.0,-3.7421372,-2.1452048,9.619903,-0.74036866,0.56321776,0.14660765
263.0,-3.7780502,-2.2242134,9.512163,-0.7648033,0.5925393,0.21013765
273.0,-3.6990416,-2.4827871,9.409213,-0.75625116,0.6291912,0.28344148
283.0,-3.7780502,-2.7820623,9.339781,-0.7098254,0.66950834,0.35796702
294.0,-3.9432502,-2.896984,9.284714,-0.6414085,0.70738196,0.42638394
303.0,-4.110844,-2.846706,9.260772,-0.5705481,0.71959925,0.4813618
314.0,-4.1683054,-2.6886885,9.234436,-0.49113566,0.72692966,0.5155703
324.0,-4.213795,-2.7269957,9.124303,-0.3921755,0.7476991,0.54733527
333.0,-4.223372,-2.6527755,8.884883,-0.26633725,0.752586,0.5852089
343.0,-4.235343,-2.4277205,8.719683,-0.13561209,0.7501425,0.6218608
354.0,-4.2880154,-2.1021092,8.607155,-0.05375614,0.74036866,0.65118235
363.0,-4.271256,-1.8195933,8.4347725,-0.032986723,0.73792523,0.6768387
375.0,-4.292804,-1.661576,8.3150625,-0.042760566,0.73792523,0.6963864
383.0,-4.225766,-1.4820108,8.240842,-0.06963864,0.7367035,0.70738196
393.0,-4.295198,-1.4628572,8.123527,-0.089186326,0.73914695,0.70738196
403.0,-4.3478703,-1.3239936,7.9104424,-0.07819075,0.71959925,0.70249504
414.0,-4.39336,-1.1420342,7.776367,-0.047647487,0.6914995,0.69027776
423.0,-4.237737,-1.2378023,7.8410106,-0.0036651916,0.66706485,0.6719518
434.0,-4.4196963,-1.1875241,7.845799,0.09040806,0.675617,0.64751714
443.0,-4.2880154,-0.5722142,7.6829934,0.2687807,0.59498274,0.5852089
455.0,-4.2425256,0.08619126,7.6590514,0.3652974,0.50946164,0.4886922
463.0,-4.261679,0.45729253,7.651869,0.43982297,0.5009095,0.42271876
473.0,-3.9935284,0.47405192,7.8865004,0.4886922,0.43493605,0.376293
483.0,-4.0677485,0.5291186,7.711724,0.45204028,0.4251622,0.31398472
495.0,-4.146757,0.41180268,7.905654,0.43004912,0.41172317,0.25289822
502.0,-4.3239284,0.7062895,8.054094,0.35918877,0.37018433,0.19303341
513.0,-4.1706996,0.59376204,8.058883,0.15393804,0.35308012,0.13439035
523.0,-4.345476,0.20590134,8.169016,0.0012217305,0.36774087,0.062308256
534.0,-4.4603977,-0.090979666,8.190564,-0.07696902,0.36285394,0.002443461
543.0,-4.7429137,-0.25617957,7.9750857,-0.13316862,0.3567453,-0.034208454
555.0,-4.8243165,-0.48123455,7.776367,0.037873644,0.26389378,-0.112399206
563.0,-4.8626237,-0.62249243,7.445967,0.037873644,0.26389378,-0.112399206
574.0,-4.8745947,-0.45729253,7.1706343,0.16493362,0.19181168,-0.14049901
583.0,-4.9703627,-0.30645782,6.8402343,0.25045475,0.10629055,-0.14905111
593.0,-4.630386,0.30166942,6.7971387,0.3481932,-0.057421334,-0.18936823
605.0,-4.1299977,0.9720459,7.189788,0.36896262,-0.14660765,-0.22602014
617.0,-3.3135753,1.9728222,7.4028716,0.41538838,-0.267559,-0.2724459
625.0,-2.2098482,3.5051112,7.759608,0.5155703,-0.45937067,-0.35063666
636.0,-1.1180922,5.2744265,7.9463553,0.66828656,-0.68539083,-0.49235737
645.0,-0.25857377,7.465121,7.7308774,0.91507614,-0.9016371,-0.7305948
657.0,0.36152446,10.235212,6.4739213,1.2608259,-1.1191051,-1.0958922
667.0,0.47165772,13.050794,4.927267,1.5564847,-1.3329079,-1.5906931
677.0,0.4237737,15.272613,3.3997664,1.6016886,-1.4501941,-2.1844542
685.0,0.6991069,15.74427,2.5210943,1.2095132,-1.5809193,-2.8942795
698.0,1.8052281,13.53921,2.9161377,0.36163223,-1.7763962,-3.7140608
707.0,3.1794999,10.670957,3.6966474,-0.6560693,-2.0476203,-4.4409904
716.0,3.4021606,9.01417,4.465186,-1.2986995,-2.2919664,-5.158146
727.0,2.3175871,8.89446,6.244078,-1.3573426,-2.4043655,-5.979149
737.0,1.8124107,7.73806,9.619903,-1.097114,-2.4275784,-6.713409
746.0,2.896984,3.7804444,12.548011,-0.77579886,-2.3823745,-7.1287975
758.0,4.465186,-1.9177556,14.595054,-0.39461896,-2.1245892,-7.225314
765.0,4.8362875,-7.52737,15.2367,0.22602014,-1.6664404,-7.071376
777.0,3.8977604,-10.67814,14.791378,1.0067059,-1.4795157,-6.7793827
788.0,2.932897,-9.31105,13.251906,1.4428637,-1.6920967,-6.514267
799.0,3.5936968,-8.046912,11.968615,1.8668042,-1.9376645,-6.541145
806.0,6.7827735,-8.334216,10.898406,2.687807,-2.1587977,-6.8429127
818.0,11.020511,-8.075643,12.215217,3.4660494,-2.366492,-6.857573
826.0,14.123396,-7.1083846,13.168109,3.7873645,-2.4397957,-6.2137213
836.0,15.988479,-5.571307,14.094666,3.5112534,-2.379931,-5.2644367
846.0,16.242264,-6.50744,15.08347,2.3591616,-2.0244074,-4.5020766
860.0,13.543999,-10.496181,15.31092,0.54367006,-1.205848,-3.8948767
866.0,9.473856,-15.023616,14.020445,-1.2290609,-0.29565877,-3.1703906
877.0,5.171476,-19.201498,12.188881,-2.438574,0.43004912,-2.1197023
884.0,0.5267244,-22.4624,11.504139,-3.137404,0.9627236,-1.0873401
893.0,-3.5889084,-23.43684,11.7387705,-3.4611626,1.2571607,-0.63529986
903.0,-6.3063273,-21.796812,11.892,-3.336546,1.3109168,-0.6646214
914.0,-7.4627266,-19.017143,12.069171,-2.864958,1.2034045,-0.46670106
925.0,-6.679823,-16.761806,12.363658,-2.1991148,1.0604621,0.21380283
936.0,-4.271256,-15.097836,12.401965,-1.4990633,0.9773844,1.0445796
943.0,-1.9201498,-13.65892,12.10269,-0.9468411,0.97127575,1.754405
955.0,-0.1388637,-12.5504055,11.420342,-0.6988298,1.0543534,2.2736404
964.0,0.91219085,-11.425131,10.589554,-0.72692966,1.2131784,2.6413813
975.0,1.8866309,-10.584765,9.9790325,-0.9334021,1.3854424,2.946814
984.0,2.6192567,-10.16578,9.500193,-1.2205088,1.5125023,3.2583551
994.0,3.3446999,-9.840169,9.241618,-1.5149459,1.5870279,3.6285396
1004.0,3.952827,-9.727641,9.088389,-1.8032742,1.5919148,4.0280457
1015.0,4.441244,-9.653421,9.018958,-2.0732768,1.582141,4.4067817
1025.0,4.4963107,-9.41879,9.085996,-2.252871,1.5540411,4.7268753
1036.0,4.237737,-9.011775,9.241618,-2.2687535,1.4624114,5.0152035
1058.0,3.6846764,-8.070854,9.346964,-2.1380284,1.3377949,5.2888713
1058.0,3.3087866,-6.7612257,9.433155,-1.9046779,1.1899655,5.508783
1065.0,3.0310593,-5.2385135,9.387665,-1.6041322,1.0091494,5.661499
1075.0,2.681506,-3.7373488,9.411607,-1.282817,0.84299403,5.7665677
1084.0,2.4061728,-2.7461493,9.126697,-0.97249746,0.73426,5.839872
1097.0,2.0709844,-1.5801731,9.088389,-0.6805039,0.6536258,5.8728585
1104.0,1.8004397,-0.31364042,9.028535,-0.41905355,0.6047566,5.8215456
1115.0,1.376666,0.9840169,8.688558,-0.0842994,0.5717699,5.689599
1124.0,1.1133038,2.3630772,8.291121,0.28710666,0.53878313,5.4782395
1136.0,0.89303726,3.1723173,7.726089,0.6010914,0.50579643,5.199685
1145.0,0.7134721,3.8402996,7.038953,0.7965683,0.48991394,4.8966956
1157.0,0.45489833,4.7979803,6.327875,0.8576548,0.46670106,4.5717154
1166.0,0.34955344,6.6534867,5.5760956,0.8368854,0.3921755,4.1966443
1177.0,0.2873042,9.040505,4.709395,0.7415904,0.26145032,3.7372735
1184.0,0.18195933,11.27669,3.9145198,0.60231316,0.10140363,3.1728342
1196.0,-0.05746084,12.864046,3.7469256,0.30909783,-0.037873644,2.533869
1207.0,-0.3854665,13.692439,4.235343,-0.18570304,-0.18936823,1.8301523
1217.0,-0.39264908,13.800179,4.817134,-0.6426302,-0.3933972,1.0665708
1226.0,-0.11731588,13.668497,5.020641,-0.8417723,-0.643852,0.30298916
1236.0,0.46686932,14.113819,5.884948,-0.7012733,-0.9016371,-0.47891834
1245.0,0.5291186,13.055582,6.9144545,-0.3494149,-1.0836749,-1.269378
1259.0,0.82121116,10.972627,6.4619503,0.019547688,-1.2021828,-1.8228219
1267.0,0.90979666,8.327033,6.3302693,0.41783184,-1.3451253,-2.298075
1277.0,0.51954174,7.065289,6.1243677,0.8857546,-1.5137241,-2.8283062
1285.0,-0.22266077,7.747637,5.9639564,1.1557571,-1.7580702,-3.40985
1298.0,-1.2785037,8.8777,5.511452,1.1899655,-1.9779817,-4.0280457
1307.0,-2.2337902,8.554482,6.0597243,1.0274754,-2.1697934,-4.6132545
1316.0,-2.504335,5.592855,8.137892,0.81489426,-2.2797492,-5.0665164
1326.0,-2.2409728,1.496376,10.6398325,0.61453044,-2.2321017,-5.349958
1339.0,-2.336741,-2.006341,13.397953,0.56688297,-2.0867157,-5.5271087
1346.0,-3.0310593,-3.217807,13.93186,0.81122905,-1.8863518,-5.525887
1359.0,-3.205836,-2.789245,12.433089,1.2803736,-1.9254472,-5.3377404
1365.0,-1.5873557,-2.8299465,11.540052,1.9694295,-2.0928242,-5.090951
1377.0,0.5363012,-3.2345665,10.625467,2.8050933,-2.2052236,-5.0200906
1385.0,3.3973722,-0.9696517,9.76116,3.5075881,-2.452013,-5.222898
1397.0,6.7731967,0.6607997,10.060435,3.7824776,-2.7672195,-5.4501395
1406.0,9.119514,-0.15322891,11.101913,3.5198054,-2.823419,-5.249776
1417.0,10.316615,-1.3790601,12.62702,2.4691174,-2.6413813,-4.604702
1427.0,9.591172,-4.261679,13.599066,0.9211848,-2.2369885,-3.9913936
1436.0,7.6494746,-6.8569937,14.097059,-0.43127087,-1.6187929,-3.7287214
1446.0,6.0764837,-12.2559185,14.7411,-1.6432275,-0.66706485,-3.281568
1459.0,3.277662,-13.01488,15.203181,-1.6749926,-0.32375857,-2.8038714
1466.0,2.0159178,-11.872847,14.379576,-1.6175711,-0.09162979,-2.4410176
1475.0,1.1492168,-9.981427,13.67568,-1.4905112,0.032986723,-2.1966715
1486.0,0.45010993,-8.149862,12.5743475,-1.3866642,0.14172074,-1.8826867
1497.0,-0.12689269,-7.1490865,11.420342,-1.3060299,0.21868975,-1.5198327
1507.0,-0.6751649,-6.655881,10.465055,-1.2473868,0.2724459,-1.1716396
1516.0,-1.0103531,-6.4667387,9.792285,-1.174083,0.30176744,-0.87598073
1525.0,-1.1013328,-6.3063273,9.406818,-1.0409144,0.30298916,-0.63285637
1537.0,-0.91219085,-6.26802,9.267955,-0.9016371,0.28099802,-0.42760566
1545.0,-0.48362875,-5.9639564,9.212888,-0.8063421,0.24556783,-0.26511553
1557.0,-0.04070143,-5.499481,9.255983,-0.7648033,0.22235495,-0.15760323
1565.0,0.33758244,-4.9536033,9.363723,-0.75136423,0.21502456,-0.09896017
1577.0,0.61770403,-4.5202527,9.308656,-0.71837753,0.22968534,-0.052534413
1586.0,0.842759,-4.0557775,9.224859,-0.657291,0.22602014,-0.0012217305
1597.0,0.9528923,-3.70383,9.059659,-0.59620446,0.21013765,0.052534413
1606.0,0.90740246,-3.4332852,8.887277,-0.55833083,0.19181168,0.10995574
1617.0,0.7422025,-3.2872388,8.803479,-0.54733527,0.17837265,0.1685988
1627.0,0.61291564,-3.1986535,8.628703,-0.54611355,0.17592919,0.20891592
1639.0,0.37110126,-2.980781,8.485051,-0.53023106,0.15515977,0.23335053
1647.0,0.31364042,-2.9759927,8.396465,-0.5021312,0.11728613,0.25411993
1659.0,0.33279404,-2.8993783,8.283937,-0.46303585,0.09285152,0.26511553
1666.0,0.29448682,-2.7940333,8.384495,-0.38728857,0.0720821,0.2602286
1677.0,0.260968,-2.8083985,8.50181,-0.27855456,0.04886922,0.25045475
1687.0,0.18914193,-2.5115175,8.571242,-0.17104226,0.010995574,0.24312437
1699.0,0.22984336,-2.1499932,8.791509,-0.103847094,-0.035430185,0.2321288
1706.0,0.15322891,-1.9847932,8.750807,-0.095294975,-0.047647487,0.21624629
1717.0,0.17717093,-2.0231004,8.750807,-0.1282817,-0.05375614,0.20525073
1727.0,0.1364695,-2.2864625,8.856153,-0.17470746,-0.052534413,0.19547687
1738.0,0.15083471,-2.56419,8.966286,-0.21135938,-0.061086524,0.17592919
1746.0,0.16998832,-2.7605145,9.009381,-0.21013765,-0.07086037,0.14782938
1759.0,0.23942018,-2.6982653,9.169792,-0.172264,-0.09407325,0.10995574
1767.0,0.32321724,-2.7389667,9.224859,-0.112399206,-0.10629055,0.07086037
1777.0,0.36152446,-2.7700913,9.32781,-0.04520403,-0.103847094,0.05009095
1785.0,0.36870706,-2.6791117,9.399636,0.015882496,-0.111177474,0.035430185
1797.0,0.36391866,-2.4899697,9.346964,0.04886922,-0.119729586,0.014660766
1807.0,0.2873042,-2.420538,9.351752,0.034208454,-0.105068825,-0.004886922
1819.0,0.24660277,-2.5258827,9.41879,-0.021991149,-0.095294975,-0.013439035
1826.0,0.2681506,-2.7246015,9.358934,-0.103847094,-0.08674286,-0.02076942
1837.0,0.28491,-2.767697,9.356541,-0.16737708,-0.07574729,-0.034208454
1847.0,0.25617957,-2.8395233,9.356541,-0.19058995,-0.06841691,-0.057421334
1858.0,0.21308395,-2.8658595,9.3661175,-0.18325958,-0.064751714,-0.0842994
1866.0,0.20111294,-2.8538885,9.3421755,-0.1685988,-0.056199603,-0.10140363
1878.0,0.21308395,-2.908955,9.32781,-0.15882497,-0.05009095,-0.112399206
1887.0,0.2896984,-2.918532,9.248801,-0.15149458,-0.043982297,-0.12583824
1897.0,0.32321724,-3.0262709,9.32781,-0.1441642,-0.03176499,-0.13805555
1907.0,0.38307226,-3.0238767,9.358934,-0.13805555,-0.0061086523,-0.1441642
1918.0,0.34476504,-3.074155,9.361329,-0.12217305,0.008552114,-0.14660765
1926.0,0.32561144,-3.0550013,9.387665,-0.09407325,0.0036651916,-0.15027285
1940.0,0.34955344,-3.052607,9.399636,-0.089186326,0.0061086523,-0.14782938
1946.0,0.30406362,-3.0933087,9.323022,-0.112399206,0.019547688,-0.13927728
1958.0,0.39264908,-3.1914709,9.275137,-0.15027285,0.030543262,-0.13072516
1969.0,0.3854665,-3.2225955,9.313444,-0.17959438,0.039095376,-0.12339478
1976.0,0.46208093,-3.1268275,9.387665,-0.19181168,0.037873644,-0.12095132
1985.0,0.34237084,-3.1364043,9.387665,-0.1881465,0.05009095,-0.12217305
1996.0,0.49559975,-3.1986535,9.263166,-0.17837265,0.042760566,-0.118507855
2006.0,0.39264908,-3.1411927,9.232041,-0.18325958,0.04886922,-0.111177474
2017.0,0.4309563,-3.2249897,9.179369,-0.18448131,0.042760566,-0.10873401
2026.0,0.41180268,-3.1675289,9.155427,-0.18325958,0.052534413,-0.10751228
2036.0,0.3878607,-3.2968156,9.143456,-0.17592919,0.05497787,-0.1001819
2060.0,0.39504328,-3.3614593,9.076419,-0.16126843,0.05497787,-0.09285152
2060.0,0.40940848,-3.3542767,9.119514,-0.13683382,0.05131268,-0.0842994
2065.0,0.40462008,-3.2441432,9.069236,-0.111177474,0.04153884,-0.07941248
2076.0,0.36391866,-3.2082303,9.112331,-0.096516706,0.036651913,-0.073303826
2086.0,0.33758244,-3.2130187,9.090784,-0.09773844,0.03176499,-0.06841691
2099.0,0.35194764,-3.2082303,9.124303,-0.10751228,0.028099801,-0.06352998
2106.0,0.2825158,-3.2872388,9.267955,-0.10751228,0.028099801,-0.062308256
2117.0,0.23702596,-3.3183637,9.174581,-0.095294975,0.019547688,-0.062308256
2127.0,0.33758244,-3.3183637,9.200917,-0.09040806,0.02321288,-0.064751714
2138.0,0.36391866,-3.4332852,9.181764,-0.08307768,0.028099801,-0.06719518
2149.0,0.47405192,-3.4955344,9.0716305,-0.056199603,0.02687807,-0.064751714
2159.0,0.4405331,-3.3901896,9.150639,-0.02321288,0.02443461,-0.059864793
2169.0,0.44532153,-3.430891,9.02614,0.0036651916,0.02076942,-0.057421334
2181.0,0.38067806,-3.4883518,9.083601,0.014660766,0.02687807,-0.05009095
2189.0,0.39504328,-3.4931402,9.102755,0.02076942,0.032986723,-0.036651913
2199.0,0.4237737,-3.41892,9.093178,0.029321533,0.028099801,-0.032986723
2208.0,0.4261679,-3.4093432,9.14585,0.02565634,0.030543262,-0.03176499
2218.0,0.37828386,-3.2992098,9.078813,0.007330383,0.029321533,-0.032986723
2228.0,0.36391866,-3.3614593,9.107543,-0.017104227,0.032986723,-0.03176499
2240.0,0.37349546,-3.4237084,9.100361,-0.043982297,0.035430185,-0.030543262
2249.0,0.2873042,-3.359065,9.097966,-0.073303826,0.039095376,-0.032986723
2260.0,0.37349546,-3.4955344,9.167398,-0.105068825,0.05009095,-0.04153884
2267.0,0.3878607,-3.5122938,9.0476885,-0.105068825,0.05009095,-0.04153884
2278.0,0.35434186,-3.5170822,9.0237465,-0.10629055,0.065973446,-0.043982297
2287.0,0.36631286,-3.5434184,8.959103,-0.09162979,0.06352998,-0.043982297
2300.0,0.39025488,-3.5242648,8.901642,-0.061086524,0.07452556,-0.042760566
2308.0,0.37588966,-3.5314474,8.848969,-0.037873644,0.047647487,-0.035430185
2318.0,0.37828386,-3.4811692,8.932767,-0.02443461,0.04642576,-0.028099801
2326.0,0.3854665,-3.3973722,8.9519205,-0.019547688,0.035430185,-0.02687807
2340.0,0.45729253,-3.4883518,9.021352,-0.02687807,0.02687807,-0.02443461
2349.0,0.49081135,-3.4620156,9.0429,-0.032986723,0.02321288,-0.019547688
2361.0,0.4213795,-3.4261026,8.985439,-0.035430185,0.004886922,-0.021991149
2367.0,0.44532153,-3.3925838,9.011775,-0.05009095,0.010995574,-0.028099801
2379.0,0.4285621,-3.3782187,8.959103,-0.0720821,0.021991149,-0.029321533
2388.0,0.36391866,-3.4237084,8.987833,-0.087964594,0.014660766,-0.02565634
2398.0,0.47165772,-3.502717,9.009381,-0.095294975,0.008552114,-0.02687807
2407.0,0.45968673,-3.5458126,8.978256,-0.095294975,0.013439035,-0.030543262
2420.0,0.4405331,-3.6104562,8.954314,-0.0842994,0.013439035,-0.035430185
2428.0,0.4189853,-3.53863,8.939949,-0.062308256,0.009773844,-0.039095376
2439.0,0.4213795,-3.5410242,8.935161,-0.039095376,0.008552114,-0.035430185
2448.0,0.39504328,-3.5458126,9.004593,-0.02076942,-0.0036651916,-0.030543262
2460.0,0.4357447,-3.5649664,9.028535,-0.012217305,0.0,-0.029321533
2467.0,0.45729253,-3.4859576,9.054871,-0.0061086523,0.0012217305,-0.02565634
2481.0,0.46686932,-3.4763808,9.040505,-0.012217305,0.0,-0.02076942
2488.0,0.46686932,-3.4213142,8.9998045,-0.029321533,-0.0061086523,-0.02076942
2499.0,0.4141969,-3.4476504,8.9758625,-0.04886922,0.0012217305,-0.021991149
2509.0,0.34476504,-3.4572272,9.02614,-0.06841691,-0.002443461,-0.02321288
2519.0,0.39983168,-3.5338416,9.062054,-0.08552113,0.0,-0.021991149
2528.0,0.35194764,-3.6128504,9.054871,-0.08674286,-0.004886922,-0.018325957
2541.0,0.39504328,-3.5529952,9.0476885,-0.0842994,-0.007330383,-0.012217305
2548.0,0.44532153,-3.572149,9.093178,-0.07941248,-0.0061086523,-0.014660766
2559.0,0.47165772,-3.667917,9.011775,-0.06963864,-0.002443461,-0.018325957
2569.0,0.48362875,-3.5817258,9.0476885,-0.058643065,0.004886922,-0.018325957
2579.0,0.4405331,-3.5673606,9.02614,-0.042760566,0.0061086523,-0.018325957
2588.0,0.36870706,-3.6607344,9.006987,-0.03176499,0.008552114,-0.017104227
2601.0,0.39264908,-3.6176388,8.9998045,-0.028099801,0.004886922,-0.015882496
2609.0,0.35673606,-3.5529952,9.035717,-0.029321533,0.0061086523,-0.012217305
2620.0,0.4165911,-3.502717,9.035717,-0.03176499,0.009773844,-0.009773844
2629.0,0.46926352,-3.5434184,9.074024,-0.043982297,0.004886922,-0.007330383
2640.0,0.4429273,-3.5003228,9.131485,-0.06963864,0.019547688,-0.0061086523
2648.0,0.40701428,-3.5913026,9.02614,-0.081855945,0.012217305,-0.004886922
2661.0,0.46686932,-3.5625722,9.009381,-0.0842994,0.010995574,-0.002443461
2668.0,0.45968673,-3.6415808,8.963891,-0.087964594,0.010995574,-0.0012217305
2678.0,0.4261679,-3.608062,8.920795,-0.08552113,0.004886922,0.0
2689.0,0.49799395,-3.6846764,9.028535,-0.07941248,0.015882496,0.0036651916
2700.0,0.51235914,-3.715801,8.9519205,-0.062308256,0.012217305,0.0061086523
2710.0,0.3878607,-3.6511576,9.028535,-0.04520403,0.013439035,0.0036651916
2721.0,0.40940848,-3.5984852,8.968679,-0.03176499,0.018325957,-0.002443461
2728.0,0.4309563,-3.4859576,8.968679,-0.021991149,0.015882496,-0.007330383
2740.0,0.44771573,-3.5218706,8.995016,-0.02443461,0.02076942,-0.0036651916
2748.0,0.4381389,-3.5984852,8.925584,-0.032986723,0.017104227,0.0
2761.0,0.45489833,-3.5218706,9.035717,-0.04153884,0.018325957,-0.0036651916
2767.0,0.47405192,-3.5458126,9.038112,-0.047647487,0.021991149,-0.010995574
2781.0,0.5506664,-3.6511576,8.930372,-0.052534413,0.02443461,-0.015882496
2788.0,0.58657944,-3.6583402,8.954314,-0.05375614,0.02321288,-0.015882496
2798.0,0.545878,-3.6224272,8.956709,-0.04886922,0.019547688,-0.019547688
2809.0,0.5434838,-3.7181952,8.959103,-0.040317107,0.02565634,-0.02687807
2820.0,0.46926352,-3.6655228,8.971074,-0.02565634,0.02321288,-0.030543262
2831.0,0.46926352,-3.655946,8.9279785,-0.012217305,0.019547688,-0.028099801
2841.0,0.4429273,-3.6367924,8.959103,-0.007330383,0.02076942,-0.02565634
2849.0,0.32800564,-3.5984852,8.983045,-0.009773844,0.019547688,-0.029321533
2862.0,0.36152446,-3.6870706,8.959103,-0.021991149,0.02443461,-0.02687807
2870.0,0.37828386,-3.6966474,8.956709,-0.03176499,0.02076942,-0.019547688
2879.0,0.40940848,-3.5817258,8.971074,-0.039095376,0.015882496,-0.013439035
2890.0,0.4309563,-3.6511576,8.925584,-0.04153884,0.012217305,-0.012217305
2901.0,0.4357447,-3.6870706,8.892065,-0.043982297,0.012217305,-0.012217305
2911.0,0.48123455,-3.6487634,8.973468,-0.04886922,0.008552114,-0.013439035
2921.0,0.48362875,-3.691859,8.954314,-0.047647487,0.012217305,-0.015882496
2930.0,0.51714754,-3.6631286,8.968679,-0.034208454,0.010995574,-0.018325957
2944.0,0.5554548,-3.7062242,9.01417,-0.013439035,0.014660766,-0.021991149
2948.0,0.50517654,-3.7229836,8.954314,0.0,0.015882496,-0.02321288
2961.0,0.46926352,-3.7708676,8.89446,0.002443461,0.017104227,-0.02321288
2967.0,0.4261679,-3.6296098,8.901642,0.0,0.017104227,-0.021991149
2978.0,0.46208093,-3.53863,8.860941,-0.012217305,0.02076942,-0.021991149
2988.0,0.4165911,-3.6176388,8.868123,-0.029321533,0.02321288,-0.021991149
2998.0,0.45489833,-3.7301662,8.865729,-0.043982297,0.017104227,-0.017104227
3008.0,0.39504328,-3.7086184,8.935161,-0.056199603,0.017104227,-0.013439035
