27.0,1.3359646,-1.1779473,9.624691,-0.039095376,-0.10629055,0.017104227
39.0,1.3000516,-1.2210429,9.67018,-0.004886922,-0.07819075,0.014660766
50.0,1.127669,-1.1731589,9.720459,0.017104227,-0.073303826,0.007330383
51.0,1.1061212,-1.1755531,9.698911,0.02076942,-0.07696902,-0.02687807
61.0,1.1324574,-0.90979666,9.768343,-0.0036651916,-0.07452556,-0.065973446
81.0,1.1683705,-0.878672,9.809045,-0.037873644,-0.064751714,-0.073303826
83.0,1.1827357,-0.8283938,9.916783,-0.07819075,-0.052534413,-0.06719518
91.0,1.2162545,-0.92176765,9.928755,-0.12217305,-0.019547688,-0.07941248
104.0,1.2617443,-1.0486604,9.832987,-0.11362094,-0.007330383,-0.08674286
112.0,1.1731589,-1.1851299,9.706094,-0.089186326,0.0,-0.09040806
122.0,1.1468226,-1.1707647,9.734824,-0.06963864,0.0061086523,-0.096516706
131.0,1.1803415,-1.1899183,9.742006,-0.061086524,0.008552114,-0.10629055
143.0,1.2521675,-1.1420342,9.631873,-0.064751714,0.009773844,-0.111177474
152.0,1.0989386,-1.1540052,9.595961,-0.07819075,0.0036651916,-0.11362094
162.0,1.1731589,-1.2090719,9.504981,-0.089186326,0.0012217305,-0.12217305
174.0,1.2545617,-1.2425907,9.488221,-0.08674286,-0.008552114,-0.12950343
182.0,1.2545617,-1.2066777,9.490616,-0.0842994,-0.02076942,-0.12705997
192.0,1.2689269,-1.2066777,9.361329,-0.087964594,-0.03176499,-0.12217305
206.0,1.2904748,-1.2066777,9.296685,-0.10262536,-0.042760566,-0.12217305
211.0,1.3000516,-1.1252748,9.241618,-0.12095132,-0.05375614,-0.12461651
222.0,1.2761095,-1.0223241,9.143456,-0.15760323,-0.062308256,-0.12705997
231.0,1.2497733,-0.9959879,9.121908,-0.20525073,-0.073303826,-0.13072516
242.0,1.2090719,-1.1013328,9.083601,-0.25411993,-0.08674286,-0.13805555
252.0,1.2258313,-1.1180922,9.050082,-0.30176744,-0.10140363,-0.15027285
263.0,1.1587936,-1.3263878,9.0476885,-0.32742378,-0.12461651,-0.17104226
272.0,1.1923125,-1.4101849,9.160215,-0.3200934,-0.13439035,-0.19547687
281.0,1.2138603,-1.4676456,9.188946,-0.27366763,-0.15393804,-0.21991149
293.0,1.2330139,-1.5586253,9.270349,-0.204029,-0.16493362,-0.23945917
303.0,1.2521675,-1.6400281,9.260772,-0.12461651,-0.17104226,-0.25411993
312.0,1.340753,-1.5969325,9.284714,-0.056199603,-0.17592919,-0.2687807
323.0,1.3335704,-1.5346833,9.361329,-0.017104227,-0.17837265,-0.28221974
332.0,1.4221559,-1.532289,9.31105,-0.014660766,-0.18203785,-0.29565877
343.0,1.3742718,-1.4580688,9.251195,-0.04153884,-0.18692477,-0.30787608
352.0,1.5131354,-1.3814543,9.203311,-0.09162979,-0.1881465,-0.3115413
362.0,1.5394717,-1.364695,9.272743,-0.14538592,-0.19058995,-0.31031954
372.0,1.6807296,-1.5107412,9.390059,-0.18203785,-0.19792034,-0.30787608
384.0,1.6998832,-1.6352397,9.540894,-0.19914207,-0.1966986,-0.3115413
393.0,1.508347,-1.7405846,9.653421,-0.18570304,-0.19425514,-0.32375857
403.0,1.5945383,-1.7836803,9.6845455,-0.14049901,-0.1966986,-0.3323107
413.0,1.70946,-1.8698715,9.706094,-0.08674286,-0.18936823,-0.33475417
423.0,1.4460979,-1.9369092,9.7803135,-0.047647487,-0.172264,-0.34697145
433.0,1.0007763,-1.8195933,9.933543,-0.032986723,-0.1563815,-0.36285394
443.0,0.7517793,-2.018312,10.125079,-0.042760566,-0.15760323,-0.35185838
453.0,1.151611,-2.2505496,10.129868,-0.065973446,-0.16982053,-0.31520647
463.0,1.6950948,-2.5258827,10.247183,-0.08552113,-0.17104226,-0.2883284
473.0,2.2170308,-2.4588451,10.060435,-0.10140363,-0.1600467,-0.26633725
483.0,2.6120741,-2.3463178,10.09156,-0.1441642,-0.13439035,-0.22235495
493.0,2.956839,-2.1859062,10.108319,-0.18692477,-0.09407325,-0.13561209
505.0,3.265691,-2.3319526,10.06283,-0.19181168,-0.04886922,-0.009773844
512.0,3.3542767,-2.5115175,10.000581,-0.16493362,-0.004886922,0.1160644
522.0,3.0885203,-2.7102363,10.338163,-0.14172074,0.036651913,0.21746802
532.0,2.8443117,-2.7964275,10.788273,-0.14294247,0.065973446,0.3042109
543.0,2.6623523,-3.1052797,11.348516,-0.20769419,0.1001819,0.408058
553.0,2.4540567,-3.3854012,11.956643,-0.37507126,0.1563815,0.52656585
566.0,2.1643584,-3.7181952,12.741941,-0.643852,0.25534168,0.6462954
575.0,2.1045034,-4.074931,13.215993,-0.9737192,0.38973203,0.79412484
585.0,1.7142484,-4.5058875,13.330915,-1.2803736,0.5448918,0.96883225
595.0,1.541866,-5.035006,13.101071,-1.455081,0.72692966,1.1557571
606.0,1.5011644,-5.8825536,13.237541,-1.5027285,0.9285152,1.4086553
615.0,1.6136919,-7.165846,13.587094,-1.5234979,1.1826351,1.8057177
627.0,1.7405846,-9.153033,13.802573,-1.5748106,1.4795157,2.298075
635.0,1.5298948,-10.939108,13.922283,-1.5943583,1.772731,2.7269025
646.0,1.3575124,-12.363658,13.893553,-1.4563028,2.0158553,3.0176742
655.0,1.4221559,-12.971785,13.797785,-1.1362094,2.2186625,3.2107077
665.0,1.6017209,-12.670115,13.24233,-0.829555,2.3628268,3.3805282
676.0,1.7381904,-11.243171,12.258312,-0.6780604,2.4813347,3.563788
687.0,1.6472107,-9.19134,11.130644,-0.64873886,2.575408,3.7971385
695.0,1.4317327,-7.5584946,10.129868,-0.80878556,2.597399,4.1245623
706.0,1.2162545,-6.0645127,9.25359,-1.2144,2.552195,4.509407
717.0,1.2090719,-5.494693,8.307879,-1.6652187,2.470339,4.9577823
726.0,0.8571242,-5.9902925,7.8793178,-2.048842,2.3017402,5.413488
735.0,0.49320555,-6.3350577,7.8912888,-2.3640485,2.0598376,5.6883774
747.0,0.33997664,-5.2744265,8.145074,-2.411696,1.78617,5.6627207
756.0,0.6368576,-3.4931402,8.506598,-1.926669,1.5015068,5.5038958
765.0,1.0414777,-2.1978772,8.568848,-0.9492846,1.2669345,5.396384
776.0,1.4628572,-1.3694834,8.396465,0.22968534,1.1154399,5.2595496
786.0,1.7286136,0.1316811,7.716512,1.3842206,1.0360274,4.937013
797.0,1.8698715,2.066196,6.5936313,2.443461,1.0213667,4.4593163
808.0,1.9632454,4.235343,5.473145,3.314555,1.0128145,3.966959
818.0,1.7118542,6.5218053,3.3973722,3.8472292,0.9578367,3.5149186
826.0,1.292869,8.920795,1.2617443,3.9327505,0.893085,2.973692
836.0,0.6799533,11.219229,-0.80205756,3.6151006,0.70371675,2.293188
845.0,-0.29448682,12.801797,-2.755726,2.9810224,0.45081854,1.5406022
855.0,-0.9720459,14.219164,-2.8802247,2.1991148,0.096516706,0.7049385
867.0,-1.4077905,15.490485,-4.0222588,1.4697418,-0.3200934,-0.1282817
877.0,-1.1899183,16.474503,-2.0470424,0.43493605,-0.7770206,-0.5681047
886.0,1.1085154,14.056358,0.79726917,-0.6096435,-1.0885619,-0.8881981
896.0,3.3518825,10.139444,2.9233203,-0.22479841,-1.7654005,-2.9883528
906.0,4.6471453,8.643068,3.9264908,-0.22479841,-1.7654005,-2.9883528
916.0,4.474763,8.980651,4.1802764,0.6792821,-2.1025982,-3.8508945
929.0,3.6128504,9.969456,3.0789435,1.2205088,-2.973692,-4.753753
935.0,3.8666358,7.8529816,1.934515,0.77946407,-3.4306192,-5.286428
947.0,3.9911342,6.351817,2.0566192,0.13194689,-3.8496728,-5.744577
955.0,3.7205894,4.7668557,2.7509377,-0.45570546,-4.138001,-6.101322
966.0,2.7844565,4.2401314,3.5003228,-1.0079277,-4.3896775,-6.5167103
976.0,1.5682021,4.7309427,4.9799395,-1.5711454,-4.5631633,-7.099476
987.0,0.81881696,5.0781016,9.864111,-2.2516494,-4.5594983,-7.5991635
995.0,2.4660277,2.5929205,15.789761,-2.7733283,-4.3957863,-7.629707
1006.0,6.71813,-4.2640734,17.906235,-2.5851817,-3.6700783,-6.9052205
1016.0,9.533711,-12.5743475,19.800049,-0.9468411,-2.6438248,-6.41042
1025.0,8.793902,-10.793061,19.503166,1.2681563,-2.5961773,-7.329161
1035.0,10.395624,-5.451597,19.079393,2.8625145,-2.7305677,-7.68102
1046.0,11.125855,-8.267179,15.035586,3.4697146,-2.886949,-6.101322
1056.0,15.603012,-11.834539,14.788984,3.4245105,-2.9675834,-4.3627996
1074.0,19.218258,-12.20564,13.24233,3.1520646,-2.6279423,-4.1221185
1074.0,17.50401,-12.904747,13.283031,2.7403414,-1.6701056,-4.0866885
1085.0,11.8896055,-12.91193,14.939818,2.5228734,-0.85154617,-3.4110715
1094.0,6.4906807,-11.329363,16.352398,2.3261747,-0.43860126,-2.5008824
1107.0,3.3135753,-8.966286,16.728287,1.8069394,-0.2565634,-1.7140878
1115.0,1.496376,-7.97748,16.57027,1.0054842,-0.081855945,-1.1520919
1124.0,0.007182605,-8.0924015,16.577452,0.18325958,0.11362094,-0.70371675
1135.0,-1.0702082,-8.540117,16.728287,-0.44226643,0.29932398,-0.22357668
1146.0,-1.436521,-9.212888,16.840815,-0.8918633,0.45204028,0.25778514
1155.0,-0.90261406,-9.555259,16.431406,-1.1863003,0.59620446,0.6914995
1166.0,0.35434186,-9.991004,15.593435,-1.2779301,0.75502944,1.0848967
1175.0,1.7070658,-10.038888,14.458584,-1.2131784,0.9309586,1.423316
1186.0,3.0334535,-9.900024,13.189657,-1.0751228,1.1374311,1.7385225
1195.0,4.1539397,-9.744401,11.963826,-0.90408057,1.3768903,2.0476203
1207.0,4.7548847,-9.215282,10.828975,-0.7293731,1.6249015,2.316401
1216.0,5.149928,-8.559271,10.086772,-0.58032197,1.817935,2.5558603
1227.0,5.439626,-7.7907324,9.742006,-0.48380527,1.9755383,2.7757716
1237.0,6.021417,-7.6351094,9.751583,-0.44837508,2.1368067,3.037222
1245.0,6.232107,-7.290344,9.945514,-0.5326745,2.2785273,3.31822
1256.0,6.2488666,-6.555324,10.85531,-0.73548174,2.398257,3.5369098
1267.0,5.995081,-6.3111157,10.395624,-0.93951076,2.4471262,3.748269
1277.0,6.078878,-6.540959,10.766725,-1.033584,2.510656,4.013385
1287.0,5.973533,-6.129156,10.9343195,-1.0543534,2.5802948,4.2675047
1297.0,5.6910176,-5.341464,10.936713,-1.1410962,2.6499333,4.460538
1308.0,5.2385135,-4.525041,10.718841,-1.2363913,2.6450465,4.65968
1317.0,4.560954,-3.4500446,10.378864,-1.3573426,2.5851817,4.880813
1326.0,3.7541082,-2.3894134,9.751583,-1.5210545,2.4727826,5.0982814
1337.0,3.0334535,-1.5011644,9.114726,-1.6383406,2.307849,5.2974234
1349.0,2.432509,-0.7541735,8.66701,-1.5906931,2.1282544,5.425705
1355.0,1.910573,0.02873042,8.63828,-1.3072516,1.9620992,5.462357
1365.0,1.6328455,0.8619126,9.085996,-0.8222246,1.7910569,5.362175
1377.0,1.42455,2.3750482,9.057265,-0.23823744,1.6077974,5.1251593
1395.0,1.4413095,3.833117,8.781932,0.36163223,1.4978416,4.860044
1397.0,1.271321,5.011064,8.027759,0.91629785,1.4318681,4.6083674
1409.0,0.9816227,6.2009826,6.931214,1.3768903,1.359786,4.2589526
1415.0,0.79487497,7.8266454,5.683835,1.7153096,1.2290609,3.7116172
1426.0,0.93852705,9.722853,4.355053,1.8765781,1.0323622,2.9529226
1438.0,1.0175357,11.932701,3.016694,1.7739527,0.77213365,2.0769417
1447.0,0.62967503,14.621389,1.8674773,1.3439035,0.4654793,1.1948525
1456.0,0.07182605,18.148048,1.0295067,0.6988298,0.06719518,0.41416663
1469.0,-0.10534488,19.802443,0.51235914,-0.064751714,-0.41416663,-0.2773328
1477.0,0.47884035,19.610907,0.46208093,-0.874759,-0.8368854,-1.0115929
1486.0,1.1372458,17.650055,1.508347,-1.5271631,-1.1960741,-1.6872098
1496.0,1.7501614,14.872781,1.982399,-1.6187929,-1.6029104,-2.3273966
1508.0,2.801216,11.394006,3.1316159,-1.1154399,-1.9034561,-2.9993484
1517.0,3.5577838,9.526528,3.7588966,-0.52534413,-2.2088888,-3.7140608
1528.0,3.6391866,10.491392,4.2999864,0.02321288,-2.4410176,-4.49719
1538.0,3.4883518,10.8864355,4.4556093,0.36896262,-2.6963592,-5.122716
1548.0,3.5194764,9.368511,4.1180267,0.41172317,-3.010344,-5.4880133
1557.0,3.7134068,6.2823853,5.0996494,0.27000242,-3.2607987,-5.7690115
1567.0,4.235343,3.5865142,8.1642275,0.19547687,-3.3927455,-6.1440825
1577.0,5.0781016,1.3742718,11.195287,0.32986724,-3.4159584,-6.5130453
1589.0,6.191406,-0.9768343,14.082694,0.7464773,-3.3011158,-6.559471
1596.0,7.204153,-2.9903579,15.605407,1.4746287,-3.119078,-6.338338
1605.0,7.7907324,-3.3518825,15.952566,1.9914207,-3.037222,-6.0585613
1614.0,8.422802,-2.80361,14.8272915,2.1050417,-2.9956832,-5.8814106
1624.0,9.471462,-2.1332338,13.788208,2.2504275,-2.8942795,-5.9547143
1634.0,10.704475,-0.8834604,13.077129,2.389705,-2.8808405,-5.8545327
1645.0,12.545617,-1.5801731,11.719617,2.0427334,-2.886949,-5.1557026
1654.0,14.269443,-3.3518825,12.018892,1.2437216,-2.5937338,-4.34203
1664.0,13.599066,-4.936844,12.169727,0.33475417,-2.1661282,-3.9632938
1673.0,10.728417,-5.949591,12.437878,-0.5888741,-1.7385225,-3.644422
1684.0,7.501034,-7.7811556,12.923901,-1.314582,-1.4086553,-3.1068606
1694.0,5.0374002,-9.873688,13.259089,-2.0561724,-0.9236283,-2.172237
1706.0,3.1148565,-10.919954,13.263878,-2.0561724,-0.9236283,-2.172237
1713.0,1.3359646,-11.099519,13.4195,-2.3322835,-0.7476991,-1.9645426
1724.0,0.02633622,-10.828975,13.467384,-2.5558603,-0.6462954,-1.7959439
1734.0,-0.17956513,-10.287885,12.947843,-2.6462681,-0.5925393,-1.5393804
1744.0,0.62009823,-9.859323,12.109872,-2.3127358,-0.44959682,-0.88208944
1754.0,1.7717092,-9.423578,10.733206,-1.9779817,-0.376293,-0.6389651
1766.0,4.594473,-9.059659,9.921572,-1.627345,-0.29565877,-0.45937067
1775.0,5.422867,-8.236053,9.160215,-1.2925909,-0.17837265,-0.312763
1786.0,5.580884,-7.445967,8.659827,-0.99082345,-0.052534413,-0.15271631
1796.0,5.425261,-6.423643,8.480263,-0.7244862,0.047647487,0.02687807
1806.0,5.145139,-5.6766524,8.537724,-0.47403142,0.12095132,0.19792034
1816.0,4.7764325,-4.2784386,8.734048,-0.29932398,0.17104226,0.3286455
1829.0,4.450821,-2.755726,8.880095,-0.2761111,0.21624629,0.43493605
1836.0,3.9145198,-1.7836803,9.021352,-0.38240165,0.2687807,0.52534413
1846.0,3.335123,-1.3862427,8.995016,-0.5204572,0.28955013,0.5681047
1857.0,2.9137435,-1.2976574,8.882488,-0.63163465,0.2919936,0.5705481
1867.0,2.8658595,-1.3982137,8.961497,-0.6780604,0.28710666,0.5497787
1877.0,2.944868,-1.6831238,9.018958,-0.6218608,0.28221974,0.51068336
1887.0,3.1914709,-1.7717092,8.913613,-0.49968776,0.28099802,0.4728097
1897.0,3.466804,-1.8794483,8.930372,-0.3885103,0.29077184,0.4361578
1910.0,3.4691982,-1.8483237,9.150639,-0.32620203,0.28344148,0.37384954
1917.0,3.4500446,-1.70946,9.040505,-0.2443461,0.27855456,0.30298916
1927.0,3.4715924,-1.5777789,9.097966,-0.13805555,0.28344148,0.2846632
1937.0,3.3494883,-1.3144168,9.157822,-0.05375614,0.26511553,0.25900686
1948.0,3.2225955,-0.82360536,9.13388,-0.02687807,0.25167647,0.21380283
1958.0,2.908955,-0.6392518,9.155427,-0.039095376,0.23579398,0.19181168
1967.0,2.755726,-0.62488663,9.232041,-0.06841691,0.21502456,0.18203785
1976.0,2.6168625,-0.90500826,9.394848,-0.08552113,0.18081611,0.1685988
1988.0,2.6048915,-1.1827357,9.425972,-0.10140363,0.1563815,0.1600467
1998.0,2.6048915,-1.376666,9.399636,-0.10995574,0.13561209,0.15393804
2010.0,2.5881321,-1.4389153,9.464279,-0.09040806,0.12461651,0.15149458
2016.0,2.5091233,-1.541866,9.452309,-0.032986723,0.10262536,0.15271631
2027.0,2.56419,-1.532289,9.248801,0.017104227,0.08552113,0.15393804
2039.0,2.516306,-1.3958195,9.172187,0.057421334,0.06841691,0.15149458
2047.0,2.4899697,-1.3742718,9.0429,0.081855945,0.07086037,0.15149458
2077.0,2.420538,-1.4317327,9.009381,0.096516706,0.04886922,0.15149458
2077.0,2.4372973,-1.5586253,9.11712,0.089186326,0.035430185,0.14294247
2077.0,2.5378537,-1.5035586,9.136273,0.062308256,0.02565634,0.12461651
2088.0,2.6479871,-1.4556746,9.198523,0.029321533,0.015882496,0.105068825
2097.0,2.7222073,-1.5610195,9.358934,0.0,0.013439035,0.080634214
2110.0,2.791639,-1.5011644,9.380483,-0.035430185,0.012217305,0.057421334
2116.0,2.846706,-1.2976574,9.28232,-0.07086037,0.015882496,0.04153884
2128.0,2.9161377,-1.5753847,9.409213,-0.087964594,0.032986723,0.03176499
2138.0,3.0358477,-1.7022774,9.356541,-0.103847094,0.043982297,0.02076942
2147.0,2.9783869,-1.7621324,9.344569,-0.12583824,0.059864793,-0.010995574
2157.0,2.8993783,-1.9249382,9.186552,-0.12950343,0.07452556,-0.04642576
2168.0,2.779668,-2.0207062,9.095572,-0.111177474,0.080634214,-0.07086037
2177.0,2.6862943,-2.006341,9.009381,-0.087964594,0.081855945,-0.08552113
2190.0,2.6120741,-1.9967642,8.985439,-0.07452556,0.07086037,-0.087964594
2199.0,2.585738,-2.1404164,8.947132,-0.065973446,0.061086524,-0.07941248
2209.0,2.6048915,-2.0829554,8.942344,-0.06841691,0.047647487,-0.07086037
2219.0,2.621651,-2.078167,8.963891,-0.08674286,0.04642576,-0.065973446
2229.0,2.6384103,-2.1763294,9.0237465,-0.096516706,0.04153884,-0.058643065
2239.0,2.669535,-2.2002714,9.0237465,-0.10751228,0.032986723,-0.05497787
2250.0,2.6767175,-2.1284454,8.983045,-0.14782938,0.036651913,-0.06963864
2259.0,2.6288335,-2.0398598,9.062054,-0.19181168,0.02687807,-0.08307768
2268.0,2.705448,-2.3247697,9.107543,-0.21624629,0.029321533,-0.08552113
2278.0,2.7126305,-2.4372973,8.978256,-0.21013765,0.02687807,-0.096516706
2287.0,2.7509377,-2.4732103,8.983045,-0.19303341,0.02687807,-0.10873401
2297.0,2.7269957,-2.5306711,8.954314,-0.172264,0.02687807,-0.10262536
2311.0,2.767697,-2.645593,8.892065,-0.15882497,0.02443461,-0.09162979
2317.0,2.741361,-2.5115175,8.868123,-0.1563815,0.021991149,-0.08307768
2327.0,2.7341783,-2.5258827,8.793902,-0.15393804,0.017104227,-0.07086037
2339.0,2.7389667,-2.56419,8.863335,-0.15882497,0.009773844,-0.057421334
2349.0,2.7030537,-2.4756045,8.870518,-0.17959438,0.004886922,-0.052534413
2358.0,2.693477,-2.3750482,8.956709,-0.21135938,-0.002443461,-0.04886922
2369.0,2.7150247,-2.4372973,8.990228,-0.24190263,-0.009773844,-0.034208454
2377.0,2.7940333,-2.6599581,9.018958,-0.26145032,-0.004886922,-0.029321533
2387.0,2.822764,-2.7629087,9.040505,-0.26145032,0.0,-0.042760566
2398.0,2.861071,-2.6312277,8.9279785,-0.25167647,0.004886922,-0.052534413
2409.0,2.7126305,-2.5306711,8.848969,-0.23945917,0.0012217305,-0.04520403
2418.0,2.7269957,-2.6791117,8.817844,-0.20891592,-0.009773844,-0.019547688
2431.0,2.7246015,-2.837129,8.868123,-0.17470746,-0.004886922,-0.004886922
2439.0,2.7844565,-2.6551697,8.937555,-0.14660765,-0.0036651916,-0.013439035
2448.0,2.7269957,-2.5570073,9.069236,-0.13805555,0.0,-0.012217305
2458.0,2.777274,-2.4708161,9.016563,-0.15271631,-0.0036651916,-0.0036651916
2468.0,2.834735,-2.4947581,9.0716305,-0.18448131,-0.002443461,-0.0012217305
2478.0,2.822764,-2.528277,9.057265,-0.2125811,-0.0036651916,0.0012217305
2489.0,2.858677,-2.6072857,8.978256,-0.21868975,-0.0036651916,0.004886922
2497.0,2.8634653,-2.7868507,9.035717,-0.17592919,0.002443461,0.010995574
2509.0,2.9592333,-2.765303,9.033323,-0.17592919,0.002443461,0.010995574
2519.0,2.8754363,-2.7629087,8.995016,-0.14782938,0.007330383,0.013439035
2529.0,2.7365725,-2.741361,9.0476885,-0.112399206,0.0,0.013439035
2539.0,2.7748797,-2.753332,9.076419,-0.0842994,0.0012217305,0.02321288
2551.0,2.7820623,-2.6503813,9.153033,-0.06963864,-0.002443461,0.037873644
2559.0,2.7126305,-2.6384103,9.076419,-0.052534413,-0.002443461,0.043982297
2568.0,2.633622,-2.5617957,9.155427,-0.04886922,-0.002443461,0.06352998
2578.0,2.5689783,-2.4875755,9.0476885,-0.047647487,-0.0061086523,0.07452556
2588.0,2.5737667,-2.5210943,9.057265,-0.047647487,-0.007330383,0.07696902
2597.0,2.6072857,-2.5498247,9.126697,-0.04520403,-0.012217305,0.07941248
2611.0,2.7389667,-2.516306,9.155427,-0.043982297,-0.004886922,0.080634214
2618.0,2.8179753,-2.4851813,9.26556,-0.043982297,0.0012217305,0.06963864
2630.0,2.7581203,-2.468422,9.14585,-0.036651913,0.008552114,0.05131268
2640.0,2.8203697,-2.5689783,9.157822,-0.02565634,0.02321288,0.035430185
2649.0,2.834735,-2.552219,9.054871,-0.013439035,0.029321533,0.018325957
2659.0,2.882619,-2.5330653,9.002198,-0.0061086523,0.035430185,0.0036651916
2671.0,2.80361,-2.5833437,9.006987,-0.002443461,0.039095376,-0.002443461
2678.0,2.791639,-2.5330653,9.006987,0.004886922,0.043982297,-0.008552114
2689.0,2.7988217,-2.6024973,8.9998045,0.017104227,0.04642576,-0.017104227
2699.0,2.89459,-2.5306711,9.052477,0.02687807,0.04520403,-0.021991149
2712.0,2.837129,-2.492364,9.069236,0.018325957,0.05375614,-0.028099801
2719.0,2.8299465,-2.5570073,9.081207,0.0036651916,0.06352998,-0.030543262
2729.0,2.846706,-2.5594015,8.99741,-0.007330383,0.05497787,-0.02687807
2739.0,2.8203697,-2.657564,8.995016,-0.018325957,0.056199603,-0.02687807
2750.0,2.8060043,-2.6910827,8.942344,-0.02321288,0.04886922,-0.029321533
2759.0,2.755726,-2.6623523,8.882488,-0.02687807,0.05497787,-0.028099801
2769.0,2.6886885,-2.6623523,8.784326,-0.028099801,0.047647487,-0.019547688
2779.0,2.7581203,-2.707842,8.781932,-0.028099801,0.04642576,-0.012217305
2791.0,2.6408045,-2.8514943,8.889671,-0.02443461,0.04153884,-0.012217305
2800.0,2.743755,-2.7988217,8.779537,-0.015882496,0.02687807,-0.015882496
2810.0,2.6862943,-2.767697,8.839393,-0.009773844,0.017104227,-0.017104227
2818.0,2.7126305,-2.8299465,8.89446,-0.002443461,0.019547688,-0.014660766
2832.0,2.7341783,-2.930503,8.9279785,-0.002443461,0.007330383,-0.014660766
2839.0,2.7269957,-2.8562827,8.858546,-0.018325957,0.012217305,-0.02076942
2850.0,2.7030537,-2.8682537,8.798691,-0.035430185,0.008552114,-0.02076942
2859.0,2.60968,-3.0478187,8.793902,-0.043982297,0.004886922,-0.009773844
2870.0,2.7030537,-3.016694,8.7532015,-0.039095376,-0.0012217305,0.0012217305
2879.0,2.6767175,-2.9975405,8.805874,-0.034208454,0.0012217305,0.008552114
2889.0,2.7485435,-3.052607,8.817844,-0.034208454,-0.002443461,0.021991149
2899.0,2.7509377,-3.040636,8.825027,-0.02687807,-0.012217305,0.04642576
2912.0,2.7629087,-3.1866825,8.856153,-0.02321288,-0.010995574,0.061086524
2920.0,2.8060043,-3.0789435,8.896853,-0.02321288,-0.014660766,0.061086524
2929.0,2.8443117,-2.9735985,8.9040365,-0.042760566,-0.009773844,0.065973446
2940.0,2.8323407,-2.8203697,8.937555,-0.0720821,-0.013439035,0.073303826
2951.0,2.791639,-2.8203697,8.949526,-0.10751228,-0.008552114,0.073303826
2960.0,2.8443117,-2.870648,8.829816,-0.13439035,-0.0061086523,0.06719518
2970.0,2.80361,-2.7988217,8.796297,-0.15393804,-0.007330383,0.061086524
2979.0,2.7724855,-2.870648,8.74123,-0.16249016,-0.0061086523,0.056199603
2990.0,2.753332,-2.8491,8.743625,-0.16126843,-0.007330383,0.058643065
2999.0,2.7150247,-2.9113493,8.698134,-0.15027285,-0.017104227,0.06719518
3010.0,2.7461493,-2.8179753,8.750807,-0.12950343,-0.02565634,0.07941248
