22.0,0.21787235,-1.448492,9.753978,0.015882496,-0.034208454,-0.0012217305
37.0,0.21787235,-1.496376,9.737218,0.15515977,0.11728613,-0.07452556
42.0,0.18435353,-1.5155296,9.763555,0.012217305,-0.2565634,-0.26511553
62.0,0.1436521,-1.5562311,9.696517,-0.07574729,-0.39095375,-0.26633725
62.0,0.22026655,-1.5682021,9.648633,0.052534413,0.41050145,0.14049901
71.0,0.20829555,-1.4939818,9.574412,0.052534413,0.44348818,0.18570304
83.0,0.23702596,-1.4796166,9.502586,0.040317107,0.2761111,0.14172074
91.0,0.24660277,-1.4317327,9.500193,0.021991149,0.112399206,0.07941248
102.0,0.29448682,-1.4197617,9.569624,0.0036651916,0.112399206,0.07696902
112.0,0.29688102,-1.4772224,9.564836,-0.010995574,0.112399206,0.0720821
120.0,0.37828386,-1.5107412,9.569624,-0.018325957,0.10995574,0.06841691
131.0,0.30166942,-1.4532804,9.552865,-0.02321288,0.10873401,0.06352998
143.0,0.31364042,-1.4197617,9.610326,-0.03176499,0.10873401,0.059864793
151.0,0.22744916,-1.5131354,9.627085,-0.047647487,0.10751228,0.057421334
161.0,0.20829555,-1.5466543,9.588778,-0.065973446,0.10873401,0.057421334
171.0,0.16519992,-1.5897499,9.607931,-0.07941248,0.10873401,0.056199603
183.0,0.1340753,-1.6400281,9.531317,-0.087964594,0.105068825,0.057421334
192.0,0.019153614,-1.6017209,9.481039,-0.09407325,0.1001819,0.061086524
202.0,-0.059855044,-1.6089035,9.435549,-0.10140363,0.095294975,0.06352998
211.0,-0.059855044,-1.5346833,9.356541,-0.112399206,0.089186326,0.06963864
221.0,-0.16759412,-1.6448165,9.361329,-0.12583824,0.07819075,0.07819075
231.0,-0.272939,-1.6567876,9.433155,-0.13805555,0.06841691,0.087964594
242.0,-0.25617957,-1.7142484,9.40203,-0.14905111,0.059864793,0.096516706
251.0,-0.24660277,-1.7381904,9.428367,-0.16982053,0.05131268,0.10873401
262.0,-0.35673606,-1.7549498,9.370906,-0.20891592,0.04520403,0.12461651
271.0,-0.4429273,-1.7238252,9.435549,-0.2773328,0.04153884,0.14172074
282.0,-0.5793968,-1.8435353,9.330204,-0.37751472,0.039095376,0.16615535
292.0,-0.6775591,-1.9201498,9.330204,-0.49846604,0.039095376,0.1966986
301.0,-0.7541735,-1.9919758,9.294291,-0.6291912,0.036651913,0.23090707
312.0,-0.8834604,-2.2026656,9.287108,-0.75502944,0.029321533,0.2724459
322.0,-0.90261406,-2.396596,9.3661175,-0.86620694,0.019547688,0.32375857
332.0,-1.067814,-2.7126305,9.471462,-0.95172805,0.0036651916,0.37995818
342.0,-1.1204864,-3.0071173,9.548077,-1.0115929,-0.014660766,0.44104472
351.0,-1.1109096,-3.2872388,9.739613,-1.0482447,-0.030543262,0.5045747
362.0,-1.067814,-3.4165258,9.909601,-1.078788,-0.036651913,0.5681047
371.0,-1.1372458,-3.7708676,10.007763,-1.1276573,-0.039095376,0.6365216
383.0,-1.1707647,-4.0581717,10.204087,-1.1972959,-0.02565634,0.7122689
392.0,-1.3551182,-4.355053,10.225636,-1.2486086,-0.002443461,0.7855727
402.0,-1.3120226,-4.6375685,10.374076,-1.2840388,0.02565634,0.8454375
412.0,-1.3479356,-4.8338933,10.472239,-1.3219124,0.06841691,0.9101892
422.0,-1.4460979,-5.161899,10.637438,-1.346347,0.12461651,0.99204516
432.0,-1.6496049,-5.327099,10.718841,-1.3304645,0.1881465,1.0775663
443.0,-1.7525556,-5.3582234,10.919954,-1.2779301,0.24556783,1.1569787
452.0,-1.8531121,-5.257667,10.931925,-1.2253957,0.30543262,1.237613
462.0,-1.9297266,-4.948815,10.984597,-1.1997393,0.37140608,1.3158038
471.0,-1.99437,-4.618415,11.216835,-1.210735,0.453262,1.3817772
482.0,-2.3702598,-4.2760444,11.657368,-1.2363913,0.5571091,1.4294246
492.0,-2.755726,-4.050989,12.389994,-1.2534955,0.675617,1.46852
502.0,-3.028665,-3.86903,13.328521,-1.2705997,0.8332202,1.5125023
512.0,-3.1723173,-3.8259344,14.030022,-1.3011429,1.0274754,1.5711454
522.0,-3.0382419,-3.8857894,14.398729,-1.3206906,1.2461652,1.6334536
532.0,-3.004723,-4.285621,14.698004,-1.2815952,1.4990633,1.6835446
542.0,-2.9831753,-4.8362875,14.8512335,-1.1753048,1.7837266,1.72264
552.0,-3.0119057,-5.207389,14.516045,-1.0641272,2.0744984,1.7837266
563.0,-3.0597897,-5.506664,14.5567465,-0.98349303,2.3603833,1.8790215
572.0,-2.846706,-5.9304376,14.621389,-0.88208944,2.6352727,1.9779817
583.0,-2.6551697,-6.4188547,14.379576,-0.7464773,3.2045991,2.1697934
592.0,-2.5905263,-6.6654577,13.857639,-0.7464773,3.2045991,2.1697934
602.0,-2.5450363,-6.579266,13.175292,-0.73548174,3.4758232,2.2638667
612.0,-2.4660277,-6.421249,12.061988,-0.675617,3.7091737,2.3603833
623.0,-2.3582888,-6.3901243,10.857705,-0.5204572,3.8924334,2.4495697
632.0,-2.2577322,-6.0884547,9.799467,-0.30543262,4.048815,2.5179865
644.0,-2.1859062,-5.566519,8.39886,-0.05131268,4.166101,2.5827382
654.0,-2.0925324,-4.783615,7.0844426,0.23335053,4.219857,2.6254988
664.0,-2.0135236,-2.918532,4.697424,0.8002335,4.212527,2.4813347
674.0,-2.0614076,-2.066196,3.5290532,1.0152581,4.157549,2.3359487
686.0,-2.1140802,-1.5753847,2.255338,1.1582005,4.04515,2.1881194
694.0,-2.2625206,-1.412579,0.830788,1.2278391,3.8679988,2.0366247
704.0,-2.2146366,-1.376666,-0.035913024,1.1863003,3.6138787,1.8765781
714.0,-1.9177556,-1.1611878,-0.50996494,1.0348058,3.299894,1.7250835
724.0,-1.4030021,-1.0366893,-0.9768343,0.81489426,2.928488,1.613906
735.0,-0.8451532,-0.9864111,-1.8363527,0.6035349,2.4630086,1.5430456
746.0,-0.7302315,-1.0630256,-3.1364043,0.3933972,1.9193386,1.459968
754.0,-0.8355764,-0.92655605,-4.560954,0.18448131,1.2803736,1.3206906
765.0,-1.13964,-1.0199299,-5.5138464,0.017104227,0.5705481,1.1520919
774.0,-1.3239936,-1.1707647,-6.2368956,-0.04886922,-0.22479841,0.99082345
786.0,-1.340753,-0.79008657,-6.679823,-0.013439035,-1.0958922,0.8527679
794.0,-1.0582372,-0.059855044,-6.7205243,0.12217305,-1.9853121,0.68661255
806.0,-0.6919243,0.7613561,-6.31351,0.24556783,-2.8393016,0.48624873
814.0,-0.24899697,1.0941502,-5.5497594,0.26145032,-3.5992181,0.2968805
826.0,0.15322891,0.9935937,-4.6399627,0.20769419,-4.2736135,0.10995574
834.0,0.28491,0.60094464,-4.0701427,0.13561209,-4.880813,-0.119729586
846.0,0.5482722,0.50038815,-3.454833,0.09285152,-5.447696,-0.36896262
855.0,0.8379706,0.4405331,-2.743755,0.02076942,-5.9681535,-0.6010914
866.0,1.2066777,0.25139117,-1.3790601,-0.13805555,-6.418972,-0.79534656
874.0,1.8004397,-0.10534488,0.7541735,-0.43371433,-6.785491,-0.97249746
886.0,2.3319526,-0.2896984,3.3614593,-0.84421575,-7.0420547,-1.1435398
894.0,2.5617957,-0.21068975,6.3063273,-1.3133603,-7.1703362,-1.3133603
906.0,2.5498247,-0.12210429,9.981427,-1.7617353,-7.1898837,-1.46852
916.0,2.2050598,-0.6799533,13.39077,-2.1038198,-7.104363,-1.5528195
926.0,2.0470424,-2.0446482,16.97968,-2.3225098,-6.8465776,-1.5234979
935.0,1.1372458,-4.1922474,19.452888,-2.42147,-6.3493333,-1.4074335
945.0,0.15801731,-5.683835,19.129671,-2.3945918,-5.8068852,-1.2583824
954.0,0.33279404,-8.9040365,18.713081,-2.0476203,-5.26688,-1.0690142
965.0,1.5298948,-13.84088,21.820755,-1.2241739,-4.604702,-0.8002335
974.0,3.2034419,-16.206352,27.399244,-0.4202753,-3.9584067,-0.45204028
987.0,4.4843397,-13.6972275,32.204407,-0.05375614,-3.2021556,0.0061086523
994.0,3.6272156,-11.362882,36.499603,-0.0012217305,-2.1930063,0.42149702
1005.0,1.1923125,-6.5601125,37.332787,-0.5742133,-1.0616838,0.52290064
1016.0,-1.8219875,-6.021417,31.19166,-1.4306464,0.34697145,0.3640757
1025.0,-3.1603463,-6.0764837,23.93723,-1.7947221,1.672549,0.44959682
1034.0,-3.7373488,-5.6431336,19.694704,-1.5723672,2.4825563,0.6365216
1046.0,-3.8546648,-5.3103395,18.00679,-1.2131784,3.104417,0.6792821
1072.0,-3.4524388,-4.936844,17.03714,-0.8539896,3.6297612,0.7098254
1073.0,-2.3463178,-4.2161894,15.773001,-0.40317106,4.013385,0.8063421
1076.0,-1.3144168,-2.896984,13.800179,0.112399206,4.298048,0.8772025
1085.0,-0.59376204,-1.8028339,11.473015,0.62796944,4.5252895,0.8576548
1096.0,-0.48841715,-1.0606314,9.114726,1.0396926,4.710993,0.7806858
1106.0,-0.5626374,-0.90979666,6.919243,1.2131784,4.8417177,0.68294734
1115.0,-0.6703765,-1.1372458,5.0158525,1.142318,4.8942523,0.55955255
1124.0,-0.7445967,-1.5682021,3.5482068,0.9468411,4.863709,0.39461896
1134.0,-0.93852705,-1.721431,2.2218192,0.73914695,4.754975,0.20525073
1144.0,-1.2401965,-2.0039468,0.22984336,0.5558874,4.543616,0.032986723
1154.0,-1.7118542,-2.9137435,-1.7525556,0.35918877,4.2308526,-0.06841691
1165.0,-2.1763294,-3.7110126,-2.9783869,0.04642576,3.789808,-0.080634214
1174.0,-2.4827871,-3.7972038,-2.8275523,-0.34574974,3.2669072,-0.010995574
1186.0,-2.360683,-3.1268275,-2.2505496,-0.66339964,2.679255,0.13683382
1194.0,-1.4437037,-2.1763294,-1.7932571,-0.7892379,2.0158553,0.30298916
1204.0,-0.1604115,-1.6927006,-1.5490485,-0.7611381,1.3109168,0.42394048
1214.0,0.8523358,-1.7238252,-1.5634137,-0.57910025,0.54367006,0.4642576
1226.0,0.92176765,-2.2337902,-1.5394717,-0.22113322,-0.21868975,0.3848451
1234.0,0.48841715,-2.861071,-1.673547,0.23090707,-0.97249746,0.27122417
1245.0,0.0023942017,-3.086126,-1.8698715,0.68416905,-1.7287487,0.21013765
1255.0,-0.19871874,-2.8419175,-1.6256629,1.0580186,-2.4544566,0.16982053
1265.0,-0.110133275,-2.243367,-1.0582372,1.2461652,-3.1019738,0.119729586
1274.0,0.011971008,-2.1188686,-0.3184288,1.2095132,-3.7042868,0.06352998
1288.0,0.5291186,-2.7748797,1.115698,0.9859365,-4.2284093,0.002443461
1294.0,1.2641385,-3.5745432,3.5577838,0.63529986,-4.6303587,-0.05375614
1306.0,1.8842367,-4.1395745,6.1626754,0.24556783,-4.912578,-0.11728613
1315.0,1.8435353,-3.9240966,8.76996,-0.10751228,-5.067738,-0.19547687
1324.0,1.0486604,-3.052607,11.473015,-0.47403142,-5.094616,-0.2773328
1334.0,0.521936,-1.8124107,11.908759,-0.95417154,-5.1031685,-0.35185838
1345.0,0.60333884,-2.0039468,11.511322,-1.4990633,-4.935791,-0.38362336
1353.0,0.21787235,-3.7134068,12.210428,-1.5760323,-4.428773,-0.3555236
1362.0,-0.39025488,-4.8243165,12.042834,-0.9138544,-3.9706242,-0.3555236
1373.0,-0.641646,-5.849035,11.810597,0.14049901,-3.7055085,-0.3213151
1384.0,-0.074220255,-8.429984,12.533646,1.1618657,-3.4929276,-0.1001819
1393.0,0.06464344,-11.166556,13.6014595,1.9376645,-3.2290337,0.32620203
1404.0,0.6584055,-10.778696,13.474567,2.3445008,-3.055548,0.7318166
1412.0,2.0949266,-6.9743094,16.610971,2.638938,-2.7794368,0.8381071
1422.0,-0.016759412,-0.04070143,18.294096,2.7269025,-2.6450465,0.5375614
1431.0,-0.22026655,6.2129536,20.879833,1.9046779,-2.6267207,0.21380283
1442.0,0.090979666,4.4963107,20.532673,0.14049901,-1.6175711,0.18325958
1452.0,0.2753332,-1.0606314,19.266142,-1.1410962,-0.7318166,0.40317106
1463.0,-0.94570965,-2.908955,17.762583,-1.6346754,-0.2687807,0.40683624
1471.0,-1.6089035,-1.8746599,15.121778,-1.7617353,0.02565634,0.1685988
1483.0,-1.4796166,-1.7238252,12.8927765,-1.3048081,0.37018433,-0.02076942
1491.0,-0.92176765,-2.3080103,11.238382,-1.3048081,0.37018433,-0.02076942
1502.0,-0.5746084,-3.2968156,10.28549,-1.1349876,0.56688297,-0.018325957
1512.0,-0.5650316,-3.9145198,9.586384,-0.8491027,0.70005155,-0.0061086523
1523.0,-0.4141969,-3.809175,8.848969,-0.39706242,0.72204274,-0.032986723
1532.0,0.093373865,-2.621651,7.943961,0.2761111,0.6560693,-0.096516706
1542.0,0.37110126,-2.5378537,7.7069354,0.33841935,0.65118235,-0.07941248
1552.0,0.48602295,-2.7222073,7.577648,0.267559,0.6414085,-0.06841691
1562.0,0.4429273,-2.8921957,7.45315,0.14049901,0.6133087,-0.081855945
1572.0,0.48362875,-2.9712043,7.3645644,0.02321288,0.56077427,-0.09896017
1584.0,0.50278234,-3.1483753,7.4028716,-0.061086524,0.49602258,-0.096516706
1592.0,0.5602432,-3.2848446,7.5321584,-0.11362094,0.43004912,-0.081855945
1602.0,0.6679823,-3.4237084,7.6614456,-0.13805555,0.3555236,-0.07696902
1612.0,0.82360536,-3.5936968,7.9272017,-0.13072516,0.29810223,-0.080634214
1622.0,0.8379706,-3.739743,8.133103,-0.10262536,0.25900686,-0.07696902
1632.0,0.78290397,-3.9121256,8.259995,-0.062308256,0.21380283,-0.058643065
1643.0,0.60573304,-3.9001546,8.516175,-0.030543262,0.16982053,-0.042760566
1652.0,0.51235914,-3.833117,8.678981,-0.013439035,0.12705997,-0.034208454
1662.0,0.48123455,-3.8043866,8.853758,-0.004886922,0.095294975,-0.019547688
1672.0,0.33758244,-3.6224272,8.901642,-0.0061086523,0.04642576,0.002443461
1683.0,0.2657564,-3.4261026,8.942344,-0.02321288,0.030543262,0.021991149
1692.0,0.08619126,-3.4404678,9.040505,-0.035430185,0.017104227,0.03176499
1703.0,-0.074220255,-3.4691982,9.153033,-0.039095376,-0.008552114,0.039095376
1712.0,-0.079008654,-3.371036,9.244013,-0.04520403,-0.028099801,0.039095376
1722.0,-0.10055647,-3.1866825,9.41879,-0.04642576,-0.035430185,0.02687807
1732.0,-0.21068975,-3.1627405,9.64145,-0.035430185,-0.04642576,0.012217305
1742.0,-0.22984336,-3.3423057,9.916783,-0.021991149,-0.028099801,0.004886922
1752.0,-0.12449849,-3.490746,9.9790325,-0.008552114,0.014660766,0.0012217305
1763.0,-0.11252748,-3.478775,10.065224,0.021991149,0.040317107,-0.009773844
1772.0,-0.074220255,-3.2920272,10.055647,0.061086524,0.06352998,-0.02443461
1783.0,-0.12210429,-3.2872388,9.945514,0.089186326,0.10629055,-0.035430185
1792.0,-0.1316811,-3.1771057,9.825804,0.09896017,0.14782938,-0.042760566
1802.0,-0.1316811,-3.229778,9.701305,0.09896017,0.18936823,-0.05375614
1812.0,-0.14844051,-3.1675289,9.478644,0.10140363,0.21380283,-0.06963864
1824.0,-0.12928689,-3.145981,9.43076,0.105068825,0.22357668,-0.08552113
1832.0,-0.12449849,-3.0621839,9.23683,0.11362094,0.22113322,-0.10262536
1842.0,-0.055066638,-2.956839,9.11712,0.12217305,0.22357668,-0.119729586
1852.0,0.090979666,-2.9831753,9.172187,0.119729586,0.22724187,-0.13439035
1862.0,0.1604115,-3.0358477,9.141062,0.118507855,0.2125811,-0.1441642
1872.0,0.16998832,-2.944868,9.081207,0.12095132,0.20525073,-0.14905111
1884.0,0.12449849,-2.9640217,9.095572,0.13439035,0.204029,-0.15271631
1894.0,0.12449849,-3.0693667,9.028535,0.16615535,0.1881465,-0.1600467
1902.0,0.1388637,-3.0573955,9.030929,0.1966986,0.17837265,-0.16737708
1912.0,0.02633622,-2.980781,9.066842,0.21135938,0.1563815,-0.17470746
1922.0,-0.095768064,-2.966416,8.961497,0.204029,0.13927728,-0.18570304
1932.0,-0.05267244,-3.0238767,8.963891,0.18081611,0.10751228,-0.18936823
1944.0,-0.11971009,-3.2345665,9.021352,0.14660765,0.081855945,-0.18570304
1952.0,-0.1340753,-3.3399115,9.0429,0.11484267,0.061086524,-0.17715092
1962.0,-0.093373865,-3.347094,9.069236,0.09285152,0.035430185,-0.1685988
1972.0,-0.074220255,-3.3135753,9.057265,0.07819075,0.015882496,-0.16249016
1984.0,-0.11252748,-3.41892,9.126697,0.07574729,0.0036651916,-0.15760323
1992.0,-0.10534488,-3.442862,9.11712,0.0842994,-0.0012217305,-0.1441642
2003.0,-0.20590134,-3.3925838,9.220071,0.09896017,-0.004886922,-0.12950343
2012.0,-0.19632454,-3.2824504,9.16261,0.12461651,-0.010995574,-0.119729586
2022.0,-0.22505496,-3.2513258,9.196129,0.13927728,-0.017104227,-0.10751228
2032.0,-0.2705448,-3.2680852,9.129091,0.13072516,-0.010995574,-0.09040806
2047.0,-0.32321724,-3.2680852,9.090784,0.1160644,-0.007330383,-0.07819075
2055.0,-0.35673606,-3.1627405,9.13388,0.10262536,-0.0012217305,-0.07941248
2063.0,-0.38067806,-3.2489316,9.150639,0.09896017,0.0036651916,-0.08552113
2072.0,-0.2801216,-3.2513258,9.105149,0.103847094,0.008552114,-0.08674286
2084.0,-0.25617957,-3.2680852,9.078813,0.11362094,0.007330383,-0.08674286
2092.0,-0.25617957,-3.0909145,9.200917,0.12461651,0.009773844,-0.09285152
2103.0,-0.22026655,-3.016694,9.215282,0.13805555,0.014660766,-0.10140363
2114.0,-0.18435353,-2.9712043,9.26556,0.15027285,0.018325957,-0.105068825
2124.0,-0.19871874,-2.8514943,9.246407,0.14905111,0.02076942,-0.103847094
2133.0,-0.107739076,-2.8538885,9.227253,0.13561209,0.030543262,-0.10629055
2143.0,-0.1340753,-2.8299465,9.232041,0.11484267,0.037873644,-0.111177474
2152.0,-0.093373865,-2.8993783,9.241618,0.08674286,0.04886922,-0.11728613
2163.0,-0.093373865,-2.9783869,9.325416,0.062308256,0.058643065,-0.12217305
2172.0,-0.06703765,-3.0095115,9.32781,0.04520403,0.073303826,-0.12705997
2185.0,-0.093373865,-3.083732,9.320627,0.04520403,0.0720821,-0.12583824
2193.0,-0.1412579,-3.0597897,9.31105,0.056199603,0.0720821,-0.12095132
2203.0,-0.009576807,-3.0478187,9.279925,0.06719518,0.06719518,-0.11362094
2214.0,0.033518825,-2.9616275,9.3182335,0.07819075,0.06719518,-0.105068825
2224.0,0.0023942017,-2.9592333,9.198523,0.087964594,0.056199603,-0.09896017
2234.0,-0.01436521,-2.9017725,9.215282,0.089186326,0.04886922,-0.095294975
2245.0,-0.019153614,-2.930503,9.275137,0.087964594,0.05131268,-0.08674286
2254.0,0.10055647,-2.930503,9.200917,0.087964594,0.04886922,-0.07941248
2265.0,0.02873042,-2.920926,9.165004,0.087964594,0.035430185,-0.07574729
2275.0,-0.05267244,-2.89459,9.102755,0.08552113,0.02565634,-0.0720821
2286.0,-0.088585466,-2.8682537,9.045294,0.07941248,0.013439035,-0.064751714
2296.0,-0.076614454,-2.779668,9.081207,0.065973446,-0.002443461,-0.05497787
2307.0,-0.08619126,-2.7629087,9.119514,0.047647487,0.008552114,-0.047647487
2316.0,-0.06464344,-2.8323407,9.143456,0.04642576,-0.004886922,-0.037873644
2326.0,-0.074220255,-2.7461493,9.095572,0.059864793,-0.028099801,-0.03176499
2336.0,-0.107739076,-2.6599581,9.188946,0.06719518,-0.021991149,-0.03176499
2345.0,-0.093373865,-2.7030537,9.193734,0.080634214,-0.034208454,-0.030543262
2356.0,0.009576807,-2.789245,9.19134,0.089186326,-0.03176499,-0.02687807
2367.0,0.011971008,-2.7389667,9.208099,0.10995574,-0.04886922,-0.02687807
2377.0,-0.009576807,-2.5929205,9.25359,0.12950343,-0.05131268,-0.04520403
2388.0,0.0023942017,-2.5905263,9.184157,0.11728613,-0.05497787,-0.047647487
2397.0,-0.06464344,-2.7126305,9.205706,0.08307768,-0.039095376,-0.047647487
2407.0,-0.06464344,-2.753332,9.153033,0.05497787,-0.034208454,-0.052534413
2417.0,-0.035913024,-2.7629087,9.150639,0.032986723,-0.02321288,-0.061086524
2428.0,-0.02873042,-2.791639,9.167398,0.021991149,-0.021991149,-0.06352998
2436.0,-0.021547815,-2.8419175,9.23683,0.021991149,-0.035430185,-0.062308256
2447.0,0.062249243,-2.9879637,9.466674,0.032986723,-0.032986723,-0.061086524
2457.0,0.050278235,-3.1507695,9.5385,0.065973446,-0.036651913,-0.057421334
2467.0,0.074220255,-3.1866825,9.509769,0.13072516,-0.04520403,-0.04642576
2476.0,0.076614454,-3.0550013,9.524135,0.21502456,-0.04520403,-0.034208454
2489.0,0.11252748,-2.89459,9.485827,0.2968805,-0.029321533,-0.028099801
2495.0,0.07182605,-2.837129,9.469068,0.36041048,-0.007330383,-0.02443461
2505.0,-0.038307227,-2.6647465,9.44752,0.39584067,0.014660766,-0.02565634
2516.0,-0.107739076,-2.6120741,9.387665,0.40561453,0.02443461,-0.028099801
2528.0,-0.05267244,-2.4779987,9.361329,0.3811799,0.034208454,-0.02687807
2537.0,-0.0023942017,-2.3942018,9.382876,0.3359759,0.037873644,-0.028099801
2548.0,-0.019153614,-2.372654,9.354146,0.29443705,0.040317107,-0.036651913
2556.0,-0.016759412,-2.3295584,9.416395,0.2565634,0.04520403,-0.04153884
2566.0,0.0023942017,-2.2361844,9.385271,0.22602014,0.05497787,-0.04520403
2576.0,-0.023942016,-2.2218192,9.397242,0.20769419,0.06352998,-0.05131268
2587.0,0.02633622,-2.336741,9.334992,0.19425514,0.065973446,-0.052534413
2595.0,0.021547815,-2.3989902,9.315839,0.17837265,0.06963864,-0.05375614
2608.0,0.023942016,-2.348712,9.306262,0.17348573,0.06352998,-0.058643065
2615.0,-0.0023942017,-2.2457612,9.260772,0.17470746,0.057421334,-0.07086037
2625.0,0.0,-2.2385786,9.215282,0.16982053,0.052534413,-0.081855945
2635.0,0.0,-2.243367,9.215282,0.14782938,0.05009095,-0.08307768
2645.0,-0.021547815,-2.2888567,9.26556,0.1282817,0.042760566,-0.07941248
2656.0,0.023942016,-2.4349031,9.3661175,0.1282817,0.032986723,-0.07696902
2667.0,0.06464344,-2.396596,9.392453,0.14294247,0.02321288,-0.07574729
2676.0,0.08140286,-2.4396915,9.428367,0.15760323,0.014660766,-0.0720821
2687.0,0.15562311,-2.4540567,9.43076,0.16249016,0.012217305,-0.064751714
2695.0,0.12928689,-2.420538,9.40203,0.16126843,0.010995574,-0.059864793
2705.0,0.095768064,-2.3295584,9.466674,0.16126843,0.010995574,-0.062308256
2716.0,0.093373865,-2.348712,9.370906,0.1600467,0.009773844,-0.064751714
2728.0,0.11252748,-2.2936451,9.380483,0.14538592,0.007330383,-0.06352998
2737.0,0.035913024,-2.2697031,9.370906,0.12095132,0.008552114,-0.059864793
2748.0,0.08379706,-2.1883004,9.404425,0.095294975,0.0061086523,-0.062308256
2755.0,0.08379706,-2.0685902,9.356541,0.06352998,0.007330383,-0.065973446
2768.0,0.059855044,-2.2146366,9.284714,0.028099801,0.010995574,-0.06963864
2777.0,0.033518825,-2.171541,9.28232,0.0061086523,0.009773844,-0.06841691
2790.0,-0.0023942017,-2.183512,9.306262,0.0012217305,0.009773844,-0.06963864
2797.0,0.055066638,-2.147599,9.3182335,0.008552114,0.004886922,-0.073303826
2807.0,0.074220255,-2.1164744,9.385271,0.014660766,0.008552114,-0.07696902
2816.0,0.110133275,-2.0853498,9.349358,0.028099801,0.015882496,-0.080634214
2828.0,0.038307227,-1.8890251,9.344569,0.05131268,0.018325957,-0.09285152
2837.0,0.007182605,-1.9416976,9.323022,0.08307768,0.02443461,-0.103847094
2848.0,0.02633622,-1.9895816,9.301474,0.09896017,0.035430185,-0.105068825
2857.0,0.016759412,-1.8315643,9.332599,0.10751228,0.04642576,-0.10995574
2867.0,0.02873042,-1.8698715,9.3661175,0.1282817,0.056199603,-0.12339478
2877.0,0.023942016,-1.9297266,9.40203,0.15271631,0.062308256,-0.14049901
2889.0,-0.11731588,-2.0231004,9.421184,0.16371189,0.064751714,-0.15271631
2897.0,-0.02633622,-2.0039468,9.387665,0.15271631,0.07086037,-0.16371189
2909.0,-0.038307227,-1.982399,9.445126,0.13927728,0.080634214,-0.18203785
2917.0,0.076614454,-1.9009962,9.437943,0.13194689,0.08552113,-0.20525073
2927.0,0.016759412,-1.8914193,9.397242,0.1160644,0.095294975,-0.22235495
2938.0,0.04309563,-2.0374656,9.394848,0.08552113,0.112399206,-0.2321288
2948.0,0.1316811,-2.219425,9.452309,0.047647487,0.13194689,-0.23579398
2956.0,0.0,-2.3702598,9.414001,0.018325957,0.14172074,-0.23945917
2969.0,-0.062249243,-2.2625206,9.339781,-0.0036651916,0.1441642,-0.24801129
2977.0,-0.076614454,-2.3104045,9.334992,-0.03176499,0.13927728,-0.25778514
2988.0,-0.16519992,-2.3415294,9.270349,-0.07574729,0.13805555,-0.26145032
2997.0,-0.18435353,-2.5139117,9.26556,-0.12950343,0.13439035,-0.25289822
3008.0,-0.260968,-2.554613,9.378088,-0.1685988,0.11484267,-0.23457226
