45.0,1.7238252,-1.4077905,9.49301,0.23945917,0.04642576,-0.12950343
46.0,1.7908629,-1.4820108,9.502586,0.15393804,0.112399206,-0.09407325
58.0,1.6759412,-1.4939818,9.481039,-0.02076942,-0.30176744,-0.27366763
60.0,1.4652514,-1.364695,9.495404,-0.07574729,-0.42638394,-0.29810223
73.0,1.4700398,-1.3479356,9.457097,0.043982297,0.35063666,0.0720821
83.0,1.6376339,-1.4053963,9.387665,0.021991149,0.3567453,0.095294975
92.0,1.5562311,-1.4915876,9.44752,-0.007330383,0.16493362,0.05131268
101.0,1.4796166,-1.5586253,9.461885,-0.015882496,-0.0061086523,-0.0061086523
111.0,1.4820108,-1.5394717,9.476251,-0.012217305,-0.010995574,-0.013439035
121.0,1.5275006,-1.5777789,9.44752,-0.012217305,-0.014660766,-0.009773844
132.0,1.5753847,-1.5298948,9.471462,-0.007330383,-0.018325957,0.004886922
142.0,1.5179238,-1.5442601,9.512163,-0.0012217305,-0.021991149,0.014660766
150.0,1.6017209,-1.5107412,9.524135,0.0012217305,-0.02687807,0.019547688
160.0,1.5634137,-1.5514427,9.500193,-0.0012217305,-0.029321533,0.03176499
172.0,1.6184803,-1.6041151,9.536105,0.0,-0.029321533,0.04642576
181.0,1.5801731,-1.6065093,9.504981,0.007330383,-0.030543262,0.057421334
193.0,1.5610195,-1.6017209,9.548077,0.021991149,-0.03176499,0.065973446
201.0,1.5394717,-1.6424223,9.495404,0.034208454,-0.030543262,0.07574729
211.0,1.5586253,-1.6304513,9.466674,0.040317107,-0.028099801,0.089186326
221.0,1.4939818,-1.5346833,9.452309,0.04642576,-0.035430185,0.09896017
231.0,1.5131354,-1.4915876,9.440337,0.05131268,-0.036651913,0.09896017
242.0,1.5011644,-1.520318,9.442732,0.05009095,-0.039095376,0.10140363
252.0,1.6567876,-1.388637,9.406818,0.043982297,-0.040317107,0.10873401
261.0,1.6519991,-1.3072342,9.414001,0.039095376,-0.040317107,0.112399206
273.0,1.685518,-1.4149733,9.478644,0.034208454,-0.04153884,0.105068825
280.0,1.6711528,-1.4437037,9.595961,0.02565634,-0.042760566,0.09896017
291.0,1.7956513,-1.4293385,9.572019,0.021991149,-0.04520403,0.09285152
301.0,1.8219875,-1.3072342,9.591172,0.02321288,-0.043982297,0.07941248
312.0,1.7860745,-1.328782,9.557653,0.02443461,-0.040317107,0.07086037
321.0,1.8579005,-1.3575124,9.588778,0.02321288,-0.032986723,0.059864793
331.0,1.9249382,-1.352724,9.591172,0.014660766,-0.02321288,0.05375614
341.0,2.2649148,-1.2354081,9.512163,0.008552114,-0.009773844,0.05375614
351.0,1.5562311,-1.4317327,9.605537,0.0036651916,0.018325957,0.042760566
361.0,1.5011644,-1.5466543,9.631873,-0.010995574,0.030543262,0.004886922
373.0,1.8483237,-1.3958195,9.519346,0.004886922,0.013439035,0.052534413
381.0,2.1404164,-1.3144168,9.392453,0.019547688,-0.013439035,0.056199603
391.0,1.9752164,-1.3623008,9.399636,0.004886922,0.010995574,-0.014660766
401.0,1.6998832,-1.4173675,9.55047,-0.029321533,0.039095376,-0.036651913
411.0,1.685518,-1.5442601,9.531317,-0.043982297,0.040317107,-0.0012217305
421.0,1.9273324,-1.4915876,9.536105,-0.042760566,0.036651913,0.009773844
432.0,1.9321208,-1.4341269,9.440337,-0.04153884,0.042760566,-0.014660766
441.0,1.9057846,-1.5011644,9.483433,-0.039095376,0.052534413,-0.02687807
451.0,1.7429788,-1.5035586,9.385271,-0.035430185,0.058643065,-0.02321288
461.0,1.8195933,-1.4460979,9.332599,-0.029321533,0.059864793,-0.021991149
472.0,1.8507179,-1.340753,9.26556,-0.030543262,0.059864793,-0.028099801
481.0,1.7884687,-1.3934253,9.277532,-0.04642576,0.058643065,-0.037873644
492.0,1.7717092,-1.5011644,9.260772,-0.06719518,0.05497787,-0.043982297
501.0,1.8315643,-1.5394717,9.244013,-0.0720821,0.04520403,-0.05009095
512.0,1.8195933,-1.4772224,9.258378,-0.04886922,0.032986723,-0.065973446
520.0,1.8914193,-1.364695,9.229648,-0.04520403,0.015882496,-0.080634214
531.0,1.8602947,-1.4532804,9.200917,-0.061086524,0.007330383,-0.08552113
541.0,1.9632454,-1.5873557,9.25359,-0.04520403,-0.0036651916,-0.08674286
552.0,1.946486,-1.5993267,9.272743,-0.035430185,-0.02076942,-0.09040806
561.0,1.8626889,-1.4820108,9.275137,-0.037873644,-0.039095376,-0.096516706
573.0,1.8986019,-1.484405,9.239224,-0.07941248,-0.064751714,-0.10873401
581.0,1.9440918,-1.5682021,9.330204,-0.07941248,-0.064751714,-0.10873401
592.0,1.8483237,-1.6448165,9.32781,-0.103847094,-0.073303826,-0.10629055
601.0,1.8219875,-1.7046716,9.43076,-0.11484267,-0.080634214,-0.096516706
613.0,1.8028339,-1.7501614,9.488221,-0.09040806,-0.09773844,-0.073303826
621.0,1.8028339,-1.721431,9.43076,-0.07452556,-0.103847094,-0.059864793
632.0,1.7908629,-1.7286136,9.423578,-0.06352998,-0.10751228,-0.04642576
641.0,1.769315,-1.6927006,9.500193,-0.06352998,-0.112399206,-0.03176499
651.0,1.7046716,-1.7597382,9.481039,-0.07086037,-0.11728613,-0.013439035
661.0,1.6448165,-1.70946,9.500193,-0.081855945,-0.12705997,0.004886922
674.0,1.661576,-1.8626889,9.512163,-0.089186326,-0.13439035,0.019547688
681.0,1.6160861,-1.8315643,9.524135,-0.089186326,-0.13683382,0.03176499
692.0,1.5490485,-1.8626889,9.440337,-0.07941248,-0.14172074,0.047647487
701.0,1.5514427,-1.8435353,9.452309,-0.06719518,-0.15027285,0.06352998
711.0,1.496376,-1.8674773,9.452309,-0.05497787,-0.15393804,0.080634214
721.0,1.4676456,-1.8363527,9.41879,-0.04642576,-0.16493362,0.10140363
732.0,1.3790601,-1.9153614,9.469068,-0.042760566,-0.16982053,0.12461651
741.0,1.2904748,-1.9776106,9.435549,-0.036651913,-0.17592919,0.14782938
754.0,1.283292,-1.9632454,9.409213,-0.019547688,-0.18570304,0.172264
762.0,1.2473791,-1.934515,9.452309,0.002443461,-0.19058995,0.2003638
775.0,1.1061212,-2.0494366,9.485827,0.02443461,-0.19425514,0.2321288
785.0,1.0462662,-2.1428106,9.490616,0.042760566,-0.1966986,0.26633725
795.0,0.8475474,-2.3535004,9.7084875,0.062308256,-0.1966986,0.30543262
803.0,0.6679823,-2.5234885,9.861717,0.081855945,-0.19181168,0.3494149
814.0,0.60094464,-2.719813,10.175357,0.10629055,-0.18448131,0.39706242
824.0,0.5793968,-2.9352913,10.508151,0.13927728,-0.172264,0.44593164
833.0,0.5770026,-3.0310593,10.84334,0.1600467,-0.15027285,0.50335294
843.0,0.6560113,-3.1866825,11.183316,0.15027285,-0.118507855,0.57910025
856.0,0.6679823,-3.1794999,11.341333,0.09285152,-0.06963864,0.66950834
865.0,0.62488663,-3.241749,11.394006,0.0061086523,-0.007330383,0.7684685
876.0,0.5315128,-3.3901896,11.451467,-0.081855945,0.058643065,0.8723156
883.0,0.40222588,-3.4859576,11.473015,-0.19547687,0.118507855,0.98715824
894.0,0.23702596,-3.7972038,11.563994,-0.3481932,0.19303341,1.1239921
904.0,0.18435353,-3.9432502,11.779472,-0.49968776,0.267559,1.2742649
915.0,0.23463176,-4.3263226,11.86327,-0.6462954,0.33841935,1.4330899
923.0,0.2801216,-4.5872903,11.935096,-0.79901177,0.41050145,1.6224581
934.0,0.15083471,-4.8698063,11.86327,-0.93828905,0.49357912,1.8301523
944.0,0.10534488,-5.2265425,11.640609,-1.0201449,0.5839872,2.017077
954.0,0.023942016,-5.439626,11.386824,-1.0128145,0.6585127,2.1832323
963.0,0.011971008,-5.7005944,11.21444,-0.91874135,0.68539083,2.3872614
976.0,0.16998832,-5.805939,11.233594,-0.7672467,0.72326446,2.6193902
985.0,0.61530983,-5.2528787,11.408371,-0.6059783,0.77579886,2.8258626
995.0,1.1133038,-4.1156325,11.310209,-0.48380527,0.8332202,2.968805
1003.0,1.6112977,-2.7748797,11.257536,-0.45081854,0.92485,3.0384438
1014.0,1.721431,-1.5298948,11.228806,-0.5571091,1.0629056,3.0567696
1023.0,1.8052281,-0.94810385,11.238382,-0.8356637,1.2229522,3.073874
1035.0,1.6927006,-1.4341269,11.645397,-1.1997393,1.4416419,3.105639
1065.0,1.3910311,-2.5498247,12.665327,-1.4941764,1.7250835,3.1227431
1065.0,1.1252748,-3.727772,13.706804,-1.6187929,1.9865338,3.055548
1065.0,1.0486604,-4.525041,14.221559,-1.53205,2.211332,2.8173106
1074.0,0.94570965,-4.733337,14.334085,-1.251052,2.4569001,2.475226
1084.0,0.89543146,-4.2784386,14.180857,-0.9053023,2.6804767,2.1832323
1095.0,0.6847417,-3.608062,13.687651,-0.5864306,2.8918362,2.0207422
1103.0,0.47405192,-3.0621839,12.981361,-0.35308012,3.1398473,1.9559906
1113.0,0.32561144,-2.6671407,12.093113,-0.21868975,3.368311,1.8875736
1123.0,0.23223756,-2.4492683,11.073183,-0.15760323,3.562566,1.7580702
1134.0,-0.016759412,-2.432509,10.000581,-0.119729586,3.7140608,1.6041322
1144.0,-0.2873042,-2.5617957,9.224859,-0.07574729,3.813021,1.4782939
1156.0,-0.6967127,-2.4779987,8.456321,-0.0720821,3.8960986,1.3891076
1164.0,-0.90979666,-2.2002714,7.9128366,-0.10751228,3.9364157,1.3133603
1177.0,-1.2210429,-2.1308396,7.177817,-0.05131268,3.9217548,1.2681563
1183.0,-1.3431472,-2.2122424,6.081272,0.1441642,3.8508945,1.2046263
1195.0,-1.553837,-2.0470424,4.975151,0.39584067,3.712839,1.065349
1204.0,-1.7429788,-1.5035586,3.70383,0.643852,3.5442402,0.88086766
1215.0,-1.9632454,-1.2808979,2.6503813,0.84665924,3.3573153,0.7367035
1226.0,-2.0709844,-1.3215994,1.9536686,0.97005403,3.0909781,0.68294734
1234.0,-1.982399,-1.6591818,1.1085154,0.93951076,2.7476718,0.7171558
1245.0,-1.9752164,-1.9536686,0.34955344,0.73914695,2.3286183,0.79412484
1256.0,-1.9656396,-2.066196,-0.079008654,0.43004912,1.8411479,0.8723156
1265.0,-1.8602947,-1.9177556,-0.6847417,0.05375614,1.2889256,0.93828905
1278.0,-1.8004397,-1.6136919,-1.2425907,-0.3481932,0.70371675,0.9896017
1284.0,-1.7932571,-1.6328455,-1.8171991,-0.5766568,0.09285152,0.9859365
1295.0,-2.006341,-1.6496049,-2.4277205,-0.5363397,-0.5009095,0.89675015
1306.0,-2.123657,-1.6160861,-2.9712043,-0.312763,-1.1007792,0.75625116
1314.0,-2.0638018,-1.6041151,-3.1435869,-0.0012217305,-1.7006488,0.6218608
1324.0,-1.8770541,-1.520318,-3.145981,0.31398472,-2.3127358,0.52290064
1337.0,-1.532289,-1.2545617,-3.0214825,0.5644395,-2.928488,0.43982297
1344.0,-1.1204864,-0.842759,-2.6168625,0.70738196,-3.5014796,0.34208453
1354.0,-0.81881696,-0.4189853,-1.9895816,0.75747293,-4.0329323,0.21868975
1364.0,-0.7015011,-0.14604631,-1.2665327,0.7318166,-4.520403,0.081855945
1376.0,-0.6607997,0.11252748,-0.260968,0.5558874,-5.3951616,-0.19303341
1386.0,-0.61530983,0.15083471,1.2785037,0.5558874,-5.3951616,-0.19303341
1396.0,-0.4429273,-0.079008654,3.4644098,0.39950588,-5.7812285,-0.3005457
1405.0,-0.2681506,-0.12689269,6.2488666,0.22479841,-6.0952134,-0.4007276
1416.0,-0.18914193,0.02873042,9.883265,0.07086037,-6.3200116,-0.53878313
1425.0,0.15083471,-0.33279404,15.682021,-0.12095132,-6.3884287,-0.6621779
1435.0,-0.63206923,-1.3982137,21.988348,-0.8527679,-5.6419516,-0.6169739
1444.0,-2.3223755,-2.1739352,19.450495,-1.5650368,-5.031086,-0.43127087
1457.0,-1.6711528,-5.1642933,16.886305,-1.5296066,-4.4642034,-0.18325958
1464.0,3.1794999,-7.884106,20.11369,-0.3811799,-3.8044686,0.119729586
1476.0,8.528147,-12.021287,32.38876,0.3200934,-2.7476718,0.43249258
1485.0,7.201759,-9.895236,41.991905,0.40683624,-1.4343116,1.0714576
1496.0,0.61530983,-4.084508,34.84282,-0.26389378,0.21502456,1.2351695
1505.0,-4.110844,-2.0757728,26.61634,-1.0164797,1.2950343,-0.42760566
1517.0,-5.7389016,-0.33518824,20.003555,-1.1410962,1.8741345,-1.2608259
1525.0,-5.6239796,-0.6991069,15.497667,-1.2021828,2.4324653,-0.6462954
1536.0,-3.466804,-2.815581,14.432248,-1.7189748,3.0384438,0.065973446
1544.0,-1.6304513,-4.912902,15.102624,-1.9010127,3.5613444,0.2883284
1554.0,-1.4197617,-4.9775453,15.313314,-1.1997393,3.9632938,0.2125811
1563.0,-1.8171991,-3.0597897,13.819332,-0.16982053,4.216192,0.030543262
1576.0,-1.6232687,-1.484405,11.702858,0.6743952,4.4214425,-0.2003638
1584.0,-1.1420342,-0.9983821,9.428367,1.2229522,4.6254716,-0.37384954
1597.0,-0.79248077,-0.8379706,6.9647326,1.4953982,4.7354274,-0.4373795
1604.0,-0.7110779,-0.90500826,4.584896,1.5283848,4.7317624,-0.45937067
1616.0,-0.93373865,-1.4030021,2.195483,1.4049901,4.6401324,-0.50823987
1626.0,-1.4389153,-3.0478187,0.033518825,1.1863003,4.442212,-0.56199604
1637.0,-1.9057846,-4.5872903,-1.9991584,0.82344633,4.107458,-0.5705481
1644.0,-1.8650831,-5.3725886,-2.9520507,0.2932153,3.6541958,-0.52290064
1655.0,-1.5753847,-5.023035,-2.8538885,-0.23823744,3.1068606,-0.41050145
1665.0,-1.13964,-3.3183637,-2.7700913,-0.68783426,2.5143213,-0.172264
1676.0,-0.059855044,-0.9792285,-2.5881321,-1.0824533,1.9058995,0.14660765
1684.0,1.6136919,0.7062895,-2.3104045,-1.4355333,1.2119566,0.49602258
1697.0,3.3901896,1.508347,-1.8004397,-1.6823229,0.50335294,0.7098254
1706.0,3.3207579,0.7302315,-1.3742718,-1.6603317,-0.21991149,0.75625116
1715.0,1.8171991,-1.1300632,-1.0247183,-1.1985176,-1.0421361,0.6976081
1725.0,1.1947067,-2.4612393,-1.1109096,-0.30298916,-1.9523253,0.5864306
1736.0,1.3120226,-2.4708161,-1.5227122,0.7440339,-2.8588493,0.44104472
1746.0,1.3599066,-1.2473791,-1.4460979,1.5063937,-3.6920695,0.24312437
1757.0,1.2856863,-0.8403648,-0.8762778,1.8533652,-4.4238863,0.095294975
1765.0,0.78769237,-0.7565677,0.46208093,1.9242256,-5.0335298,0.058643065
1776.0,0.5626374,-0.80924016,2.846706,1.8093829,-5.6101866,0.04153884
1785.0,0.80924016,-1.2497733,7.0940194,1.4856243,-6.1672955,0.013439035
1796.0,1.2904748,-1.7788919,13.03164,0.97127575,-6.568023,-0.014660766
1805.0,1.7190368,-1.3431472,19.129671,0.16982053,-6.698748,-0.09773844
1818.0,2.0135236,-0.47405192,23.161507,-1.0726794,-6.4116416,-0.22602014
1826.0,1.1827357,0.47165772,23.96596,-2.6658158,-5.5820866,-0.28710666
1836.0,-2.0326772,-1.6711528,19.977219,-3.9742892,-4.4935246,-0.2125811
1845.0,-0.94331545,-9.615114,12.133814,-3.4293976,-3.7873645,0.02443461
1856.0,4.5920787,-19.06024,21.796812,-0.6927212,-2.756224,0.5155703
1865.0,4.4220905,-21.964407,41.537006,1.1191051,-1.7849482,1.3011429
1877.0,1.721431,-3.8522706,36.588192,0.38606682,-0.37995818,2.0195205
1885.0,-3.7588966,-1.0582372,29.67613,-1.3903292,1.0714576,0.17104226
1896.0,-6.114791,-1.2114661,26.05849,-2.1844542,2.1539109,-1.5552629
1905.0,-7.065289,-2.8682537,20.891804,-1.7935003,2.751337,-0.9236283
1915.0,-5.044583,-4.189853,15.545551,-1.7617353,3.4245105,0.40317106
1925.0,-1.7070658,-6.3470287,12.897565,-2.0305161,4.0011673,0.8698721
1936.0,0.12449849,-9.107543,12.272678,-1.6444492,4.4556513,0.84788096
1945.0,-0.44532153,-9.035717,12.346898,-0.79045963,4.8075094,1.0128145
1956.0,-1.5227122,-5.1523223,11.8896055,-0.019547688,5.1410418,1.2437216
1964.0,-1.5825673,-1.541866,10.556035,0.61086524,5.4232616,1.0372492
1977.0,-0.62488663,-0.009576807,8.276755,1.1459832,5.604078,0.6206391
1984.0,0.31124622,-0.107739076,5.3941364,1.486846,5.67616,0.46914452
1996.0,0.59615624,-0.93613285,2.552219,1.5735888,5.6908207,0.6389651
2005.0,0.18914193,-1.99437,-0.18435353,1.4880677,5.61263,0.7770206
2014.0,-0.78290397,-3.3518825,-2.4875755,1.3329079,5.3914967,0.63529986
2024.0,-1.541866,-4.357447,-4.003105,1.0152581,4.999321,0.36651915
2034.0,-1.6950948,-4.185065,-4.3885717,0.47525316,4.4874163,0.24556783
2045.0,-1.472434,-3.7732618,-4.19943,-0.019547688,3.8557813,0.3481932
2056.0,-0.94570965,-2.980781,-3.655946,-0.267559,3.182608,0.5925393
2074.0,0.8595184,-0.7302315,-2.9233203,-0.3481932,2.5033257,0.71837753
2076.0,3.98874,2.4013844,-2.1643584,-0.48258355,1.767844,0.6365216
2084.0,4.6926355,3.892972,-1.6496049,-0.7086037,1.0115929,0.5558874
2095.0,1.0893618,2.4516625,-1.5969325,-0.689056,0.12461651,0.49846604
2105.0,0.33758244,-0.15322891,-2.1571758,-0.3005457,-0.9627236,0.47769663
2116.0,0.7302315,-1.8028339,-3.1411927,0.49968776,-2.0598376,0.44837508
2124.0,0.4213795,-1.70946,-3.9073372,1.459968,-3.0457742,0.23457226
2136.0,0.2801216,-1.1659763,-3.928885,2.0317378,-3.9132028,-0.030543262
2145.0,0.31364042,-1.2354081,-3.2800562,2.1453588,-4.6621237,-0.18692477
2156.0,0.39983168,-0.9959879,-2.2242134,1.9975294,-5.3255234,-0.2602286
2166.0,0.45489833,-0.6991069,-0.11971009,1.7214183,-5.933945,-0.32986724
2179.0,0.49320555,-0.81881696,3.311181,1.2620476,-6.505715,-0.40561453
2186.0,0.94810385,-1.4748282,8.3390045,0.5705481,-7.0054026,-0.41905355
2196.0,1.5658079,-2.0901382,14.211981,-0.19425514,-7.294953,-0.46792278
2206.0,1.6160861,-1.1803415,20.451271,-1.0360274,-7.2692966,-0.65118235
2217.0,2.4995465,-1.3431472,24.523808,-2.122146,-6.8758993,-0.8881981
2227.0,1.2378023,-2.4181437,28.02892,-2.8490756,-5.7348027,-1.0054842
2237.0,-2.9113493,-2.7700913,26.305094,-2.724459,-4.3359213,-0.9407325
2247.0,-3.679888,-8.288726,18.521544,-1.4880677,-3.4782667,-0.6560693
2257.0,-1.163582,-14.573505,10.828975,3.1630602,-2.157576,1.971873
2267.0,5.9280434,-5.391742,41.565735,2.8478537,-0.9859365,2.488665
2278.0,0.7086837,4.486734,29.783869,0.24923302,0.7244862,0.42149702
2286.0,-5.6766524,7.4723034,24.195803,-1.8154916,1.8570304,-1.9364429
2298.0,-6.3422403,5.911284,19.196709,-2.179567,2.26631,-1.8081611
2306.0,-5.461174,-0.7158663,15.564705,-2.5228734,2.9394836,-0.10629055
2316.0,-2.5450363,-5.7843914,11.901577,-3.2485814,3.7507126,0.6072
2325.0,0.14844051,-9.25359,9.543288,-3.1569517,4.2284093,0.2932153
2335.0,0.36152446,-10.647015,9.165004,-2.0231857,4.456873,0.16615535
2346.0,-1.6376339,-8.959103,9.296685,-0.8246681,4.555833,0.6597345
2359.0,-3.3686419,-5.81791,8.92319,0.1160644,4.669454,1.0042624
2368.0,-3.4021606,-3.0358477,7.9583263,0.87964594,4.701219,0.6218608
2378.0,-2.5115175,-0.9672575,6.3446345,1.3744467,4.7403145,0.035430185
2385.0,-1.934515,-0.1316811,3.739743,1.627345,4.7720795,-0.14172074
2398.0,-1.9416976,-0.51475334,0.8499416,1.6444492,4.7024407,0.12217305
2406.0,-2.4708161,-2.1643584,-1.8818425,1.428203,4.4935246,0.40194935
2417.0,-2.966416,-3.821146,-3.7660792,1.0079277,4.152662,0.37873647
2426.0,-3.229778,-5.1523223,-4.223372,0.47647488,3.7336085,0.1563815
2437.0,-2.9376855,-5.3558292,-3.809175,-0.02321288,3.2400293,0.07941248
2448.0,-2.3104045,-4.10845,-3.1747115,-0.36896262,2.6804767,0.23457226
2458.0,-0.47405192,-1.757344,-1.8626889,-0.52656585,2.0879374,0.45570546
2466.0,3.2728736,1.4772224,-1.1755531,-0.63041294,1.4477507,0.6609562
2480.0,6.3350577,4.0773253,-0.34715924,-0.9224065,0.8881981,0.70616025
2486.0,1.5514427,2.6431987,0.04309563,-1.0458013,0.19181168,0.4569272
2496.0,0.1412579,-2.0398598,-0.40222588,-0.7819075,-0.8698721,0.37751472
2507.0,1.4460979,-5.4324436,-1.3790601,0.07819075,-1.9511036,0.52534413
2517.0,0.91937345,-4.084508,-2.4947581,1.2791518,-2.9297097,0.37873647
2527.0,0.521936,-2.0614076,-2.3822308,2.025629,-3.8191295,0.06719518
2538.0,0.5650316,-1.3934253,-1.5131354,2.149024,-4.5717154,-0.02443461
2547.0,0.30885202,-1.6639702,0.06703765,1.8680259,-5.2009068,0.02565634
2559.0,0.1316811,-1.9871874,3.1483753,1.4147639,-5.7519073,0.06841691
2567.0,0.48841715,-2.5067291,6.76362,0.9615019,-6.2100563,0.064751714
2579.0,0.9552865,-2.267309,10.539276,0.625526,-6.4886107,-0.02565634
2588.0,0.878672,-0.61052144,13.996503,0.26389378,-6.487389,-0.23701571
2598.0,1.055843,1.1540052,16.180016,-0.38973203,-6.306573,-0.45081854
2608.0,1.0414777,-0.15801731,17.286137,-1.2082914,-5.8264327,-0.40194935
2618.0,-0.81163436,-2.918532,15.641319,-1.640784,-4.990769,-0.12461651
2627.0,-1.5993267,-6.933608,8.255207,-1.1887437,-4.4067817,0.10751228
2638.0,0.51714754,-10.761936,7.381324,0.45081854,-3.9278636,0.34574974
2648.0,3.8857894,-17.463306,16.551117,2.6670377,-3.3597589,0.6939429
2659.0,6.50744,-7.141904,27.981035,5.343849,-3.2021556,0.75502944
2667.0,3.3327289,6.0525417,27.57402,5.572313,-2.4959953,-0.5888741
2678.0,0.92895025,11.125855,24.983494,3.354872,-1.5027285,-1.3768903
2686.0,0.30166942,8.408437,21.5957,1.0458013,-0.93828905,-0.3726278
2697.0,0.1364695,4.2880154,18.148048,-0.4569272,-0.3933972,0.54611355
2707.0,0.01436521,1.8435353,15.272613,-1.6420058,0.11362094,0.16493362
2718.0,0.055066638,0.38307226,13.450625,-2.6303856,0.44593164,-0.47891834
2727.0,0.22026655,-2.111686,12.071565,-3.3512068,0.70616025,-0.4251622
2738.0,0.23942018,-5.140351,10.9343195,-3.440393,0.9211848,0.02565634
2748.0,0.023942016,-6.4667387,9.67018,-2.9761355,0.9993755,0.17470746
2759.0,-0.12449849,-5.3606176,8.540117,-2.2467623,0.9443977,-0.08552113
2768.0,-0.15083471,-3.6128504,7.740454,-1.4428637,0.829555,-0.30909783
2780.0,0.0047884034,-2.681506,6.95755,-0.62796944,0.70249504,-0.21502456
2785.0,0.12210429,-2.348712,6.483498,0.10873401,0.57910025,-0.002443461
2799.0,0.18195933,-2.0566192,6.411672,0.5888741,0.46670106,0.058643065
2808.0,0.19393034,-1.8076223,6.5002575,0.71837753,0.3726278,-0.039095376
2818.0,0.15801731,-1.5107412,6.5146227,0.5558874,0.27977628,-0.13316862
2827.0,0.11252748,-1.8267759,6.945579,0.25411993,0.18325958,-0.12217305
2840.0,0.19632454,-2.552219,7.350199,-0.02443461,0.105068825,-0.056199603
2848.0,0.31124622,-3.4093432,7.920019,-0.19181168,0.034208454,-0.03176499
2857.0,0.5722142,-3.8259344,8.564059,-0.2443461,-0.029321533,-0.05375614
2867.0,0.79487497,-4.0533834,9.11712,-0.18081611,-0.07452556,-0.06352998
2879.0,0.85473,-4.132392,9.320627,-0.02321288,-0.1001819,-0.02687807
2887.0,0.7589619,-3.9935284,9.440337,0.16249016,-0.111177474,0.02321288
2899.0,0.5722142,-3.691859,9.655815,0.32742378,-0.103847094,0.043982297
2906.0,0.44771573,-3.4141316,9.753978,0.45570546,-0.09040806,0.047647487
2918.0,0.5291186,-3.1052797,9.91439,0.54244834,-0.0842994,0.062308256
2929.0,0.5746084,-2.6431987,9.763555,0.56688297,-0.07696902,0.07819075
2937.0,0.5291186,-2.2146366,9.89763,0.49846604,-0.06963864,0.07086037
2949.0,0.49799395,-1.9919758,9.995792,0.37507126,-0.039095376,0.05497787
2959.0,0.5746084,-2.0135236,10.067618,0.23823744,-0.007330383,0.058643065
2968.0,0.7278373,-2.0805612,10.06283,0.13316862,0.018325957,0.06841691
2978.0,0.78050977,-1.970428,10.115502,0.09896017,0.036651913,0.061086524
2987.0,0.830788,-2.1643584,10.048465,0.10629055,0.06352998,0.04642576
2998.0,0.7398083,-2.1021092,9.89763,0.119729586,0.095294975,0.036651913
3008.0,0.7278373,-2.315193,9.811439,0.15149458,0.118507855,0.02076942
3018.0,0.59376204,-2.3463178,9.653421,0.20769419,0.13439035,-0.0036651916
