26.0,1.8794483,-1.6807296,9.536105,0.015882496,-0.034208454,-0.0012217305
26.0,1.8267759,-1.6376339,9.540894,0.17959438,0.112399206,-0.040317107
26.0,1.8962077,-1.5921441,9.397242,0.021991149,-0.26267207,-0.25900686
36.0,1.9560628,-1.5969325,9.3661175,-0.061086524,-0.4202753,-0.2846632
45.0,1.9057846,-1.6184803,9.334992,0.061086524,0.35796702,0.10629055
56.0,1.8842367,-1.6424223,9.299079,0.043982297,0.3652974,0.15393804
66.0,1.8770541,-1.7501614,9.303867,0.030543262,0.16982053,0.12339478
75.0,1.910573,-1.7238252,9.392453,0.032986723,-0.007330383,0.07941248
86.0,1.8602947,-1.7764976,9.325416,0.042760566,-0.018325957,0.09285152
96.0,1.9321208,-1.757344,9.349358,0.05375614,-0.02443461,0.09773844
107.0,2.0278888,-1.7022774,9.358934,0.06719518,-0.032986723,0.09773844
116.0,2.0039468,-1.8100165,9.440337,0.087964594,-0.04520403,0.103847094
127.0,2.030283,-1.8028339,9.476251,0.10140363,-0.05009095,0.11484267
136.0,2.0494366,-1.7932571,9.380483,0.10262536,-0.05375614,0.12217305
146.0,2.2026656,-1.733402,9.459491,0.09407325,-0.04886922,0.12705997
157.0,2.2601264,-1.7286136,9.387665,0.07819075,-0.04520403,0.13805555
166.0,2.1763294,-1.7022774,9.385271,0.057421334,-0.040317107,0.14538592
176.0,2.1452048,-1.661576,9.425972,0.035430185,-0.035430185,0.15393804
187.0,2.1571758,-1.6663644,9.490616,0.014660766,-0.029321533,0.16249016
196.0,2.1859062,-1.7166426,9.509769,0.010995574,-0.029321533,0.172264
209.0,2.1452048,-1.7741034,9.41879,0.029321533,-0.03176499,0.18081611
216.0,2.099715,-1.7477672,9.454702,0.058643065,-0.035430185,0.18203785
226.0,2.2170308,-1.6807296,9.40203,0.07819075,-0.036651913,0.17837265
236.0,2.2577322,-1.5729905,9.488221,0.080634214,-0.032986723,0.17592919
247.0,2.2625206,-1.5777789,9.471462,0.06963864,-0.02565634,0.172264
256.0,2.2744915,-1.5394717,9.361329,0.05375614,-0.019547688,0.16493362
266.0,2.255338,-1.4269443,9.414001,0.03176499,-0.013439035,0.15882497
276.0,2.2026656,-1.5107412,9.428367,0.012217305,-0.0036651916,0.1563815
287.0,2.2577322,-1.5131354,9.502586,0.012217305,0.002443461,0.15393804
296.0,2.2577322,-1.6663644,9.576807,0.02687807,0.0036651916,0.14660765
308.0,2.2481554,-1.6448165,9.591172,0.04886922,-0.004886922,0.13194689
316.0,2.2768857,-1.6065093,9.555259,0.07086037,-0.004886922,0.119729586
327.0,2.3104045,-1.532289,9.55047,0.081855945,-0.0036651916,0.11362094
336.0,2.2840683,-1.541866,9.576807,0.08552113,-0.002443461,0.10629055
347.0,2.5139117,-1.4532804,9.481039,0.08307768,0.018325957,0.09162979
356.0,2.44448,-1.4413095,9.445126,0.06719518,0.032986723,0.07696902
367.0,2.291251,-1.4317327,9.428367,0.047647487,0.042760566,0.07574729
376.0,2.3080103,-1.4053963,9.399636,0.03176499,0.05497787,0.0842994
387.0,2.4109612,-1.4891934,9.301474,0.02687807,0.057421334,0.081855945
397.0,2.3702598,-1.5035586,9.325416,0.02443461,0.06352998,0.07696902
408.0,2.2816741,-1.4293385,9.23683,0.019547688,0.06841691,0.07819075
417.0,2.2505496,-1.5107412,9.174581,0.021991149,0.06719518,0.080634214
428.0,2.3104045,-1.4676456,9.232041,0.02687807,0.058643065,0.080634214
437.0,2.3295584,-1.4628572,9.179369,0.032986723,0.04642576,0.07819075
447.0,2.3319526,-1.4197617,9.126697,0.035430185,0.034208454,0.07452556
457.0,2.2984335,-1.4891934,9.124303,0.032986723,0.021991149,0.06963864
467.0,2.3630772,-1.5705963,9.119514,0.03176499,0.009773844,0.06352998
477.0,2.4061728,-1.5586253,9.097966,0.02565634,-0.0061086523,0.058643065
489.0,2.4229321,-1.5610195,9.050082,0.02076942,-0.019547688,0.052534413
500.0,2.408567,-1.6136919,9.109938,0.013439035,-0.04520403,0.04153884
511.0,2.3678656,-1.6831238,9.150639,0.013439035,-0.04520403,0.04153884
519.0,2.3822308,-1.6663644,9.294291,0.02321288,-0.056199603,0.032986723
529.0,2.3439236,-1.8483237,9.339781,0.043982297,-0.06841691,0.02687807
539.0,2.2720973,-1.8243817,9.246407,0.058643065,-0.08552113,0.02443461
550.0,2.1332338,-1.7621324,9.258378,0.04642576,-0.10140363,0.02321288
558.0,2.1332338,-1.7812861,9.313444,0.034208454,-0.10262536,0.030543262
570.0,2.1021092,-1.8052281,9.31105,0.05375614,-0.12217305,0.056199603
579.0,1.8842367,-1.7980455,9.210494,0.06719518,-0.13439035,0.064751714
589.0,1.7549498,-1.769315,9.208099,0.07574729,-0.13805555,0.08552113
599.0,1.697489,-1.7980455,9.129091,0.080634214,-0.15271631,0.11728613
612.0,1.6472107,-1.9847932,9.181764,0.087964594,-0.172264,0.15393804
620.0,1.6184803,-2.0470424,9.184157,0.096516706,-0.18692477,0.19547687
629.0,1.6424223,-2.1859062,9.349358,0.096516706,-0.2003638,0.24678956
638.0,1.5705963,-2.267309,9.504981,0.080634214,-0.20769419,0.30176744
649.0,1.6328455,-2.3918076,9.694122,0.042760566,-0.20647246,0.35918877
659.0,1.5945383,-2.5570073,9.933543,-0.02076942,-0.19303341,0.42394048
670.0,1.5610195,-2.669535,10.228029,-0.095294975,-0.16982053,0.49968776
679.0,1.5490485,-2.8562827,10.594342,-0.172264,-0.13561209,0.59131753
690.0,1.5729905,-3.301604,10.919954,-0.2443461,-0.08674286,0.6976081
700.0,1.4580688,-3.514688,11.204864,-0.31398472,-0.028099801,0.8210029
710.0,1.3718776,-3.6774938,11.391612,-0.4007276,0.029321533,0.95905846
718.0,1.2569559,-3.7301662,11.5616,-0.51923543,0.096516706,1.102001
731.0,1.0893618,-3.6631286,11.870452,-0.6805039,0.1881465,1.2498302
739.0,0.90261406,-3.8187518,12.301409,-0.893085,0.28955013,1.4184291
749.0,0.6751649,-3.9264908,13.041217,-1.1838568,0.39828414,1.6151277
759.0,0.39264908,-3.6487634,13.927072,-1.5931365,0.5448918,1.8325957
768.0,-0.17956513,-3.1172507,14.968549,-2.1025982,0.7440339,2.0610592
778.0,-0.80684596,-2.5737667,16.021997,-2.6364944,0.97494096,2.289523
790.0,-1.4580688,-2.0326772,16.64449,-3.1105258,1.2241739,2.4972172
799.0,-1.9129672,-1.7956513,16.505627,-3.4648278,1.4563028,2.6670377
810.0,-1.8962077,-2.3223755,15.808914,-3.662748,1.6481144,2.7953193
819.0,-1.553837,-3.0789435,14.674062,-3.7519343,1.7983873,2.93704
829.0,-0.93613285,-4.462792,13.381193,-3.7971385,1.9315559,3.145956
840.0,-0.4261679,-6.31351,12.313379,-3.8044686,2.0964894,3.3658676
851.0,-0.047884032,-8.020576,11.736377,-3.717726,2.257758,3.5161405
859.0,0.25857377,-9.574412,11.271901,-3.4868188,2.3994787,3.6138787
869.0,0.32800564,-10.141838,11.003751,-3.097087,2.5240953,3.6725218
880.0,0.23942018,-10.611102,10.546458,-2.5851817,2.6181684,3.6920695
889.0,0.009576807,-10.637438,9.911995,-2.0720549,2.6914723,3.7140608
900.0,-0.17717093,-9.758766,9.294291,-1.5381587,2.7684412,3.7409387
911.0,-0.35673606,-8.916007,8.678981,-1.0225884,2.8490756,3.7372735
918.0,-0.5626374,-8.123527,8.221688,-0.5681047,2.9382617,3.7030652
930.0,-0.7685388,-7.1706343,7.788338,-0.19547687,3.0115657,3.681074
941.0,-0.7422025,-6.090849,7.086837,0.07452556,3.1007519,3.6407568
950.0,-0.8331822,-5.056554,6.4619503,0.21135938,3.186273,3.5234706
960.0,-0.9576807,-3.9719806,5.7245364,0.23090707,3.2168164,3.3341024
972.0,-1.0821792,-3.3614593,4.6112323,0.103847094,3.2339206,3.1630602
980.0,-1.5394717,-2.9975405,3.8187518,-0.15271631,3.2339206,3.055548
989.0,-2.054225,-2.8538885,2.9376855,-0.44837508,3.1716123,2.978579
999.0,-2.5234885,-2.705448,2.3630772,-0.6365216,3.0091221,2.9358184
1012.0,-2.303222,-2.7485435,1.7405846,-0.6230826,2.8221974,2.8490756
1019.0,-2.27928,-3.442862,0.7230489,-0.42394048,2.5912905,2.6829202
1049.0,-2.5067291,-3.892972,-0.22026655,-0.096516706,2.2883012,2.4544566
1049.0,-2.7724855,-4.0653543,-0.878672,0.32498032,1.9352211,2.2492058
1049.0,-3.004723,-4.175488,-1.2976574,0.75502944,1.5173893,2.1013765
1058.0,-2.8299465,-3.8498764,-1.7669208,1.0848967,1.078788,1.9914207
1069.0,-2.3175871,-3.241749,-1.0869676,1.1936307,0.5864306,1.8753563
1079.0,-1.42455,-2.1404164,-0.59855044,1.0567969,-0.014660766,1.7959439
1090.0,-0.12689269,-1.0965444,-0.7062895,0.8026769,-0.61086524,1.7263051
1099.0,0.6631939,-0.4141969,-0.6919243,0.5412266,-1.1484267,1.5210545
1110.0,0.5770026,0.047884032,-0.82360536,0.27122417,-1.6493362,1.1960741
1118.0,0.0,-0.01436521,-1.0749966,0.056199603,-2.172237,0.9236283
1129.0,-0.7278373,-0.78529817,-1.3335704,0.0061086523,-2.719572,0.7281514
1139.0,-1.4413095,-1.6519991,-2.0374656,0.16126843,-3.273016,0.52778757
1150.0,-1.685518,-1.685518,-2.2960393,0.45814893,-3.8044686,0.3200934
1158.0,-1.6160861,-1.2138603,-2.1021092,0.7684685,-4.2858305,0.14538592
1166.0,-1.2282255,-0.34476504,-1.4700398,0.98349303,-4.724432,-0.009773844
1179.0,-0.60573304,0.63206923,-0.45729253,1.0763446,-5.1019464,-0.172264
1189.0,-0.16519992,1.1755531,0.079008654,1.0616838,-5.4232616,-0.3555236
1199.0,0.107739076,1.2545617,0.7565677,0.94806284,-5.6871552,-0.5155703
1212.0,0.31603462,0.8355764,2.1404164,0.7452556,-5.883854,-0.63041294
1220.0,0.5793968,0.34715924,4.0294414,0.516792,-6.051231,-0.7257079
1228.0,1.0175357,0.17956513,6.495469,0.27366763,-6.151413,-0.784351
1238.0,1.2904748,0.5530606,9.572019,0.007330383,-6.1440825,-0.79290307
1248.0,1.4891934,0.6536171,13.802573,-0.30909783,-5.9510493,-0.74036866
1258.0,1.3694834,0.15562311,19.050663,-0.80878556,-5.580865,-0.6059783
1270.0,0.5722142,-0.61291564,22.692244,-1.4318681,-5.0433035,-0.4361578
1278.0,-0.1340753,-2.030283,23.223757,-1.7983873,-4.320039,-0.32620203
1289.0,-2.066196,-2.9281087,22.45043,-1.5625933,-3.7470474,-0.33841935
1298.0,-2.7748797,-3.5194764,18.794483,-0.66828656,-3.1728342,-0.28099802
1309.0,-2.822764,-5.741296,17.319654,0.14538592,-2.5827382,-0.008552114
1318.0,1.3215994,-8.875306,20.396204,0.43127087,-1.6029104,0.42149702
1330.0,3.9791632,-16.359581,21.29403,0.7244862,-0.9761627,1.0836749
1338.0,3.8738184,-10.879252,29.582756,0.65118235,-0.82344633,1.1349876
1350.0,2.396596,-2.2242134,31.122229,-0.2919936,0.19303341,0.408058
1358.0,-1.1133038,-0.1412579,26.55409,-1.8191566,1.4318681,0.043982297
1368.0,-3.335123,-1.5801731,22.16073,-2.2687535,2.2064452,0.3323107
1378.0,-3.86903,-2.908955,18.995596,-1.9303342,2.6755898,0.5314528
1390.0,-3.289633,-4.292804,16.342821,-1.7910569,3.1471777,0.5119051
1399.0,-2.0494366,-4.9224787,15.10023,-1.72264,4.0378194,0.6426302
1410.0,-1.6903064,-4.745308,14.389153,-1.72264,4.0378194,0.6426302
1420.0,-1.6759412,-5.485116,13.172897,-1.1887437,4.3261476,0.70371675
1430.0,-1.9321208,-6.1985884,11.848905,-0.35918877,4.5167375,0.7257079
1439.0,-2.0733786,-5.1547165,10.247183,0.6072,4.5582767,0.7293731
1453.0,-1.7884687,-3.2345665,8.422802,1.9058995,4.6755624,0.6047566
1460.0,-0.9911995,-0.9648633,4.903325,1.9865338,4.7122145,0.41783184
1470.0,-1.1492168,-0.7517793,2.8874073,1.8142698,4.6535716,0.1881465
1480.0,-1.5610195,-1.532289,0.50996494,1.4294246,4.4580946,0.007330383
1491.0,-2.2122424,-2.657564,-1.8195933,0.88086766,4.1270056,-0.05375614
1499.0,-2.89459,-3.5122938,-3.5051112,0.28344148,3.681074,-0.007330383
1511.0,-3.3877954,-3.6224272,-4.6351743,-0.13927728,3.1630602,0.103847094
1520.0,-3.6367924,-3.6104562,-4.6375685,-0.25045475,2.6462681,0.21868975
1531.0,-3.9719806,-3.5577838,-3.8139634,-0.21624629,2.204002,0.34208453
1540.0,-3.6415808,-2.873042,-2.0829554,-0.27122417,1.6102408,0.5155703
1550.0,-0.81163436,-1.1563994,-1.2378023,-0.44226643,0.5876524,0.6450737
1560.0,3.7588966,-0.12210429,-1.520318,-0.7012733,-0.32742378,0.5693264
1572.0,5.5856724,-1.067814,-0.7445967,-0.7012733,-0.9285152,0.2773328
1579.0,3.5649664,-3.0142999,0.009576807,-0.12950343,-1.7189748,0.056199603
1591.0,1.8195933,-3.4284968,-0.24660277,0.84421575,-2.6535985,-0.05375614
1600.0,1.4508862,-2.3439236,-1.1540052,1.5882497,-3.4538321,-0.12705997
1611.0,1.2042835,-0.9792285,-0.7493851,1.817935,-4.094019,-0.22357668
1617.0,0.33518824,-0.25617957,-0.06703765,1.8570304,-4.6633453,-0.31520647
1632.0,-0.25378537,-0.46447513,1.8698715,1.8704693,-5.127603,-0.3200934
1641.0,-0.15083471,-0.81402856,4.8386817,1.8277088,-5.4244833,-0.3005457
1649.0,0.49559975,-1.1372458,8.327033,1.6884315,-5.508783,-0.35308012
1659.0,0.06464344,-1.4221559,10.728417,1.3475688,-5.5051174,-0.43982297
1669.0,-1.2689269,-0.8523358,12.449849,0.4886922,-5.561317,-0.4605924
1680.0,-2.0949266,0.81163436,12.49055,-1.0384709,-5.353623,-0.39584067
1692.0,-1.6017209,2.1523874,12.042834,-2.565634,-4.6938887,-0.24190263
1700.0,-0.8331822,0.8690952,13.429077,-3.321885,-3.9913936,-0.20280726
1710.0,-0.16998832,-2.3080103,16.010027,-3.1752775,-3.4074063,-0.37140608
1718.0,0.21787235,-6.0285997,17.046717,-2.243097,-2.9150488,-0.47769663
1729.0,-0.079008654,-9.279925,18.047493,-1.0103711,-2.453235,-0.33964106
1740.0,-0.89303726,-10.105926,17.252617,0.31031954,-2.07572,-0.034208454
1752.0,-0.48841715,-11.257536,19.716251,1.6420058,-1.8997909,0.13194689
1760.0,-2.3558946,-7.3789296,11.382035,2.1954496,-2.2540927,0.21746802
1771.0,0.63206923,-4.1802764,16.323668,1.8277088,-1.6896533,0.44593164
1780.0,1.5514427,-1.757344,16.033968,0.8222246,-0.9810496,0.30909783
1792.0,0.45729253,-0.9816227,16.76899,0.021991149,-0.5412266,-0.12583824
1801.0,-1.0606314,-1.0749966,16.081852,-0.047647487,-0.27122417,-0.29565877
1814.0,-2.1308396,-1.3215994,15.521609,0.15149458,-0.07819075,-0.2602286
1819.0,-2.147599,-0.20350714,14.065935,0.002443461,0.09896017,-0.2284636
1833.0,-1.0941502,0.79248077,12.641385,-0.376293,0.24923302,-0.1685988
1841.0,-0.11492168,0.24660277,11.147403,-0.7440339,0.4007276,-0.14905111
1851.0,0.30406362,-1.1300632,10.160992,-1.0164797,0.5412266,-0.20158553
1859.0,0.19632454,-2.566584,9.102755,-1.0299188,0.6169739,-0.21502456
1873.0,-0.10534488,-3.9001546,8.341399,-0.68416905,0.593761,-0.16615535
1881.0,-0.20111294,-4.747702,7.603985,-0.10629055,0.46792278,-0.1282817
1890.0,-0.095768064,-4.55856,7.2664022,0.48380527,0.30298916,-0.14294247
1902.0,0.21547815,-3.7828386,6.9503675,0.90041536,0.1685988,-0.16249016
1914.0,0.47884035,-2.9472623,6.825869,1.0543534,0.07941248,-0.15393804
1919.0,0.5267244,-2.5067291,7.0006456,0.9859365,0.007330383,-0.14294247
1932.0,0.6919243,-2.2337902,7.299921,0.8051204,-0.04520403,-0.14294247
1939.0,0.7350199,-2.2290018,7.690176,0.59742624,-0.07696902,-0.13561209
1951.0,0.7757214,-2.4588451,8.049306,0.40683624,-0.105068825,-0.11362094
1962.0,0.7230489,-2.7581203,8.602366,0.25534168,-0.12705997,-0.09285152
1972.0,0.8331822,-2.8898015,9.062054,0.11362094,-0.13805555,-0.07941248
1979.0,0.7661445,-3.0693667,9.591172,-0.02321288,-0.1282817,-0.06963864
1991.0,0.7326257,-3.157952,9.940725,-0.12950343,-0.10751228,-0.058643065
2000.0,0.7254431,-3.289633,9.986216,-0.18203785,-0.07941248,-0.047647487
2013.0,0.5267244,-3.2944214,10.024523,-0.1600467,-0.05009095,-0.039095376
2020.0,0.3854665,-3.2010477,9.964667,-0.08307768,-0.02687807,-0.034208454
2029.0,0.22505496,-2.861071,9.92636,0.0036651916,-0.007330383,-0.034208454
2040.0,0.25139117,-2.6192567,9.935937,0.06719518,0.010995574,-0.042760566
2061.0,0.23223756,-2.3511062,9.842564,0.087964594,0.034208454,-0.052534413
2061.0,0.15322891,-2.1763294,9.835381,0.0842994,0.056199603,-0.059864793
2069.0,0.16280572,-2.0805612,9.770737,0.064751714,0.0842994,-0.06719518
2078.0,0.15083471,-2.006341,9.792285,0.042760566,0.10140363,-0.06963864
2090.0,0.1388637,-2.0398598,9.775525,0.030543262,0.119729586,-0.07452556
2099.0,0.24899697,-2.135628,9.67018,0.035430185,0.12950343,-0.081855945
2111.0,0.2825158,-2.3175871,9.701305,0.05375614,0.13561209,-0.087964594
2119.0,0.2873042,-2.3319526,9.528923,0.080634214,0.13683382,-0.095294975
2130.0,0.31124622,-2.3582888,9.500193,0.10995574,0.13072516,-0.1001819
2139.0,0.2681506,-2.3439236,9.411607,0.13683382,0.11728613,-0.10140363
2150.0,0.37828386,-2.3415294,9.368511,0.15882497,0.103847094,-0.10262536
2161.0,0.29688102,-2.2601264,9.267955,0.16737708,0.095294975,-0.103847094
2174.0,0.22744916,-2.1859062,9.358934,0.16126843,0.087964594,-0.10751228
2180.0,0.2681506,-2.147599,9.32781,0.13683382,0.07941248,-0.103847094
2191.0,0.2825158,-2.2050598,9.28232,0.105068825,0.07574729,-0.095294975
2200.0,0.33997664,-2.2242134,9.354146,0.081855945,0.07086037,-0.09407325
2213.0,0.22266077,-2.255338,9.358934,0.061086524,0.06352998,-0.09407325
2221.0,0.2801216,-2.3391352,9.454702,0.040317107,0.058643065,-0.0842994
2232.0,0.22266077,-2.3463178,9.387665,0.030543262,0.052534413,-0.0720821
2241.0,0.2896984,-2.4349031,9.394848,0.03176499,0.040317107,-0.06719518
2250.0,0.24899697,-2.4468741,9.471462,0.04153884,0.032986723,-0.059864793
2259.0,0.22505496,-2.3678656,9.423578,0.052534413,0.02443461,-0.047647487
2271.0,0.17238252,-2.3295584,9.437943,0.052534413,0.021991149,-0.035430185
2278.0,0.17238252,-2.336741,9.502586,0.043982297,0.028099801,-0.030543262
2293.0,0.21068975,-2.408567,9.504981,0.039095376,0.028099801,-0.02565634
2300.0,0.20111294,-2.4061728,9.524135,0.037873644,0.012217305,-0.0061086523
2313.0,0.095768064,-2.2697031,9.481039,0.037873644,0.012217305,-0.0061086523
2321.0,0.11971009,-2.2720973,9.404425,0.0061086523,0.0061086523,0.008552114
2333.0,0.06703765,-2.27928,9.421184,-0.007330383,0.012217305,0.010995574
2342.0,0.08379706,-2.267309,9.457097,-0.0012217305,0.007330383,0.014660766
2353.0,0.12210429,-2.2984335,9.411607,0.013439035,-0.002443461,0.015882496
2362.0,0.093373865,-2.2361844,9.519346,0.030543262,-0.002443461,0.014660766
2372.0,0.10534488,-2.2409728,9.504981,0.04153884,-0.002443461,0.009773844
2380.0,0.06703765,-2.183512,9.464279,0.04520403,-0.0012217305,0.004886922
2391.0,0.06464344,-2.087744,9.452309,0.043982297,0.0,-0.0012217305
2401.0,0.06943185,-2.018312,9.325416,0.036651913,0.002443461,-0.009773844
2412.0,0.11252748,-2.123657,9.255983,0.018325957,0.004886922,-0.02321288
2422.0,0.06703765,-2.0470424,9.279925,-0.009773844,0.008552114,-0.040317107
2432.0,0.15322891,-2.018312,9.246407,-0.039095376,0.007330383,-0.056199603
2441.0,0.15083471,-2.018312,9.16261,-0.06352998,0.0061086523,-0.07086037
2453.0,0.06703765,-2.1883004,9.169792,-0.080634214,0.0012217305,-0.087964594
2463.0,0.10295067,-2.183512,9.059659,-0.09285152,0.0012217305,-0.1001819
2474.0,0.1436521,-2.2122424,9.114726,-0.095294975,-0.007330383,-0.10751228
2481.0,0.16280572,-2.3343468,9.16261,-0.09040806,-0.012217305,-0.112399206
2491.0,0.23702596,-2.3630772,9.141062,-0.080634214,-0.019547688,-0.11484267
2500.0,0.2777274,-2.542642,9.392453,-0.061086524,-0.013439035,-0.112399206
2512.0,0.2825158,-2.7700913,9.481039,-0.030543262,-0.004886922,-0.103847094
2522.0,0.37828386,-2.8778305,9.595961,0.009773844,-0.0012217305,-0.095294975
2533.0,0.39025488,-2.8898015,9.634268,0.057421334,0.0061086523,-0.089186326
2541.0,0.4309563,-2.767697,9.706094,0.087964594,0.014660766,-0.07696902
2551.0,0.39743748,-2.7461493,9.627085,0.09040806,0.02565634,-0.058643065
2562.0,0.33997664,-2.6791117,9.667787,0.08674286,0.04153884,-0.04520403
2571.0,0.41180268,-2.7030537,9.694122,0.08552113,0.04642576,-0.035430185
2581.0,0.38307226,-2.5833437,9.674969,0.07696902,0.04642576,-0.02443461
2591.0,0.32561144,-2.4396915,9.560047,0.058643065,0.05131268,-0.015882496
2600.0,0.3184288,-2.2768857,9.516952,0.039095376,0.052534413,-0.009773844
2613.0,0.38307226,-2.2218192,9.454702,0.021991149,0.05375614,-0.0061086523
2620.0,0.29688102,-2.2888567,9.485827,0.017104227,0.05497787,-0.007330383
2631.0,0.34715924,-2.2649148,9.409213,0.029321533,0.05375614,-0.009773844
2641.0,0.32561144,-2.2888567,9.380483,0.04153884,0.047647487,-0.013439035
2652.0,0.31364042,-2.171541,9.320627,0.05009095,0.04520403,-0.018325957
2662.0,0.2777274,-2.1452048,9.320627,0.05497787,0.042760566,-0.021991149
2673.0,0.2657564,-2.1763294,9.303867,0.056199603,0.040317107,-0.02443461
2680.0,0.272939,-2.2936451,9.315839,0.062308256,0.035430185,-0.02321288
2691.0,0.2633622,-2.2170308,9.320627,0.064751714,0.028099801,-0.02443461
2703.0,0.24899697,-2.1571758,9.344569,0.061086524,0.02321288,-0.02565634
2714.0,0.22266077,-2.1811178,9.19134,0.04520403,0.02076942,-0.02565634
2722.0,0.21068975,-2.1787236,9.212888,0.028099801,0.017104227,-0.02687807
2732.0,0.19632454,-2.1978772,9.291897,0.010995574,0.007330383,-0.029321533
2741.0,0.16519992,-2.0949266,9.244013,-0.0036651916,0.0012217305,-0.035430185
2750.0,0.062249243,-2.2050598,9.208099,-0.014660766,-0.0061086523,-0.042760566
2760.0,0.110133275,-2.2218192,9.239224,-0.02687807,-0.009773844,-0.047647487
2771.0,0.15322891,-2.3630772,9.251195,-0.035430185,-0.014660766,-0.04886922
2782.0,0.18914193,-2.3870192,9.255983,-0.039095376,-0.019547688,-0.05009095
2791.0,0.11971009,-2.3199813,9.26556,-0.039095376,-0.028099801,-0.05009095
2801.0,0.09816227,-2.4061728,9.32781,-0.042760566,-0.035430185,-0.047647487
2813.0,0.093373865,-2.4349031,9.337387,-0.052534413,-0.042760566,-0.043982297
2822.0,0.035913024,-2.4037786,9.404425,-0.058643065,-0.047647487,-0.040317107
2834.0,0.093373865,-2.4253263,9.43076,-0.05497787,-0.056199603,-0.035430185
2841.0,0.095768064,-2.5019407,9.457097,-0.047647487,-0.062308256,-0.028099801
2850.0,0.12689269,-2.5091233,9.562442,-0.034208454,-0.058643065,-0.02076942
2860.0,0.20350714,-2.5187001,9.655815,-0.014660766,-0.052534413,-0.013439035
2871.0,0.08140286,-2.516306,9.679757,0.013439035,-0.05009095,-0.0012217305
2880.0,0.14604631,-2.44448,9.698911,0.035430185,-0.04520403,0.009773844
2893.0,0.1604115,-2.3295584,9.591172,0.04642576,-0.035430185,0.017104227
2901.0,0.093373865,-2.2409728,9.588778,0.040317107,-0.019547688,0.018325957
2914.0,0.10534488,-2.2122424,9.533711,0.02565634,-0.010995574,0.019547688
2923.0,0.20350714,-2.2290018,9.476251,0.010995574,0.0,0.018325957
2932.0,0.1316811,-2.267309,9.454702,0.0061086523,0.009773844,0.017104227
2943.0,0.18195933,-2.2888567,9.445126,0.007330383,0.014660766,0.015882496
2953.0,0.17717093,-2.2864625,9.411607,0.015882496,0.017104227,0.015882496
2962.0,0.16998832,-2.3558946,9.449914,0.02076942,0.021991149,0.014660766
2972.0,0.17717093,-2.3343468,9.435549,0.02687807,0.02687807,0.013439035
2982.0,0.12210429,-2.2864625,9.334992,0.035430185,0.02687807,0.010995574
2991.0,0.21068975,-2.3080103,9.354146,0.039095376,0.02565634,0.008552114
