22.0,1.8650831,-1.9393034,9.519346,-0.02443461,0.008552114,0.05131268
33.0,1.8650831,-1.9393034,9.519346,-0.02443461,0.008552114,0.05131268
38.0,1.8363527,-1.8914193,9.368511,0.17959438,0.10140363,-0.06719518
50.0,1.7310078,-1.8459295,9.349358,0.047647487,-0.34208453,-0.27000242
63.0,1.7621324,-1.8148049,9.32781,-0.09407325,-0.4202753,-0.30176744
65.0,1.7501614,-1.910573,9.200917,0.0036651916,0.36163223,0.06841691
77.0,1.7238252,-1.9009962,9.287108,-0.029321533,0.37507126,0.080634214
85.0,1.7238252,-1.982399,9.272743,-0.057421334,0.19181168,0.009773844
95.0,1.6831238,-2.0231004,9.275137,-0.062308256,0.028099801,-0.062308256
105.0,1.6663644,-1.9991584,9.279925,-0.05009095,0.021991149,-0.0720821
115.0,1.745373,-1.9393034,9.217676,-0.03176499,0.015882496,-0.087964594
125.0,1.8339585,-1.9847932,9.196129,-0.019547688,0.012217305,-0.103847094
139.0,1.8243817,-1.9081788,9.176975,-0.02687807,0.013439035,-0.11484267
146.0,1.8195933,-1.9129672,9.210494,-0.04886922,0.015882496,-0.12705997
156.0,1.8148049,-1.9560628,9.255983,-0.07941248,0.018325957,-0.14294247
167.0,1.8435353,-1.9680338,9.296685,-0.1160644,0.02076942,-0.1563815
176.0,1.7908629,-2.0326772,9.32781,-0.14660765,0.02565634,-0.16493362
185.0,1.7142484,-2.087744,9.320627,-0.16249016,0.02687807,-0.17104226
197.0,1.745373,-2.1452048,9.349358,-0.16126843,0.02443461,-0.17837265
206.0,1.6065093,-2.099715,9.3661175,-0.14905111,0.018325957,-0.18325958
217.0,1.5993267,-2.171541,9.382876,-0.13439035,0.009773844,-0.18448131
226.0,1.5993267,-2.1045034,9.349358,-0.12095132,-0.0012217305,-0.18448131
238.0,1.6184803,-2.2098482,9.385271,-0.103847094,-0.019547688,-0.18081611
246.0,1.532289,-2.1045034,9.296685,-0.103847094,-0.019547688,-0.18081611
258.0,1.5993267,-2.087744,9.356541,-0.10873401,-0.02687807,-0.17348573
265.0,1.5729905,-2.1188686,9.361329,-0.12583824,-0.02687807,-0.16737708
276.0,1.5753847,-2.0949266,9.346964,-0.13927728,-0.02321288,-0.16249016
286.0,1.5466543,-2.1906946,9.375694,-0.14538592,-0.02687807,-0.15882497
296.0,1.5729905,-2.1859062,9.445126,-0.14538592,-0.029321533,-0.15515977
306.0,1.5658079,-2.2649148,9.490616,-0.14049901,-0.028099801,-0.15027285
317.0,1.5059528,-2.2505496,9.437943,-0.13316862,-0.030543262,-0.14538592
325.0,1.4652514,-2.183512,9.464279,-0.12217305,-0.034208454,-0.14294247
338.0,1.4796166,-2.1188686,9.428367,-0.111177474,-0.037873644,-0.14049901
347.0,1.4508862,-2.2218192,9.399636,-0.112399206,-0.039095376,-0.13683382
356.0,1.4867992,-2.1380222,9.368511,-0.12339478,-0.039095376,-0.13072516
366.0,1.4700398,-2.2409728,9.406818,-0.13805555,-0.039095376,-0.12217305
378.0,1.5466543,-2.2026656,9.445126,-0.14905111,-0.040317107,-0.118507855
386.0,1.6065093,-2.1667526,9.435549,-0.15149458,-0.042760566,-0.11362094
396.0,1.6759412,-2.1452048,9.344569,-0.14782938,-0.05131268,-0.10873401
406.0,1.6879122,-2.183512,9.411607,-0.14294247,-0.056199603,-0.10751228
416.0,1.7980455,-2.1308396,9.385271,-0.14172074,-0.058643065,-0.111177474
426.0,1.8411411,-2.0015526,9.325416,-0.14538592,-0.062308256,-0.11484267
438.0,1.9033904,-1.9416976,9.337387,-0.14905111,-0.06963864,-0.119729586
447.0,2.0398598,-1.8435353,9.325416,-0.15393804,-0.081855945,-0.13439035
457.0,2.255338,-1.6687586,9.275137,-0.17104226,-0.096516706,-0.15882497
466.0,2.408567,-1.721431,9.244013,-0.21013765,-0.10262536,-0.19303341
476.0,2.4516625,-1.7836803,9.294291,-0.2687807,-0.09896017,-0.23335053
486.0,2.336741,-1.8698715,9.155427,-0.32498032,-0.09773844,-0.28099802
498.0,2.3343468,-1.9416976,9.196129,-0.35430184,-0.09407325,-0.32986724
506.0,2.3127987,-2.1140802,9.167398,-0.35185838,-0.09285152,-0.3726278
517.0,2.15957,-2.1763294,9.157822,-0.3323107,-0.09162979,-0.39950588
526.0,2.111686,-2.3056161,9.203311,-0.30543262,-0.087964594,-0.4129449
537.0,1.9967642,-2.4061728,9.205706,-0.26267207,-0.08674286,-0.42271876
546.0,1.9440918,-2.5689783,9.232041,-0.21013765,-0.09285152,-0.4251622
557.0,1.8555063,-2.6192567,9.313444,-0.15515977,-0.095294975,-0.41905355
566.0,1.7477672,-2.6886885,9.370906,-0.096516706,-0.10140363,-0.408058
578.0,1.6831238,-2.7509377,9.457097,-0.047647487,-0.10751228,-0.3933972
590.0,1.5275006,-2.7868507,9.471462,-0.013439035,-0.10995574,-0.3726278
600.0,1.4293385,-3.0478187,9.662998,0.015882496,-0.105068825,-0.34574974
608.0,1.3670892,-3.2704794,9.842564,0.043982297,-0.095294975,-0.31398472
619.0,1.3742718,-3.5577838,10.09156,0.06719518,-0.07574729,-0.27366763
629.0,1.2114661,-3.7134068,10.15381,0.07941248,-0.05131268,-0.22724187
639.0,1.0702082,-4.012682,10.275913,0.065973446,-0.015882496,-0.1685988
648.0,0.90500826,-4.1036615,10.654198,0.039095376,0.036651913,-0.09773844
659.0,0.8331822,-4.4364557,11.116279,0.0,0.095294975,-0.021991149
668.0,0.6823475,-4.7979803,11.616667,-0.087964594,0.16982053,0.07452556
680.0,0.6488287,-5.070919,12.210428,-0.24801129,0.2602286,0.20525073
689.0,0.63206923,-5.140351,12.8688345,-0.49602258,0.3652974,0.35430184
699.0,0.4381389,-5.2169657,13.632585,-0.87964594,0.49113566,0.49968776
710.0,0.45729253,-5.327099,14.1664915,-1.4611896,0.65118235,0.6536258
721.0,0.33997664,-5.547365,14.1904335,-2.234545,0.86009824,0.8344419
730.0,0.074220255,-6.021417,14.20001,-3.0653217,1.128879,1.0531317
741.0,-0.2801216,-6.8522053,14.037205,-3.76293,1.4318681,1.2999213
748.0,-0.47884035,-7.4866686,13.603854,-4.2039747,1.7214183,1.5589281
759.0,-0.7134721,-8.152257,12.641385,-4.3310347,1.9645426,1.8118263
769.0,-0.58657944,-8.200141,11.480197,-4.1367793,2.122146,2.0207422
780.0,-0.2896984,-8.374918,10.572795,-3.7458258,2.2235496,2.1978931
790.0,0.1316811,-8.4347725,9.500193,-3.3072245,2.2968533,2.39337
801.0,0.6536171,-8.355764,8.492233,-2.9859092,2.3689353,2.620612
809.0,0.6607997,-8.224083,7.97748,-2.783102,2.493552,2.8185322
819.0,0.47644615,-8.396465,7.1395097,-2.6487117,2.6267207,2.9675834
830.0,-0.16519992,-8.295909,6.6486983,-2.6132815,2.734233,3.1093042
840.0,-1.0366893,-8.00621,6.3829417,-2.6890287,2.8368583,3.2314773
848.0,-1.8267759,-7.608773,6.244078,-2.8087585,2.8979447,3.2852333
861.0,-2.4492683,-7.45315,6.2608376,-2.8845057,2.9064968,3.3072245
870.0,-2.932897,-7.4746976,6.6606693,-2.856406,2.9162707,3.3475416
879.0,-3.323152,-7.4244194,7.005434,-2.6890287,2.90161,3.3878586
888.0,-3.6415808,-7.1131735,6.9958572,-2.3909266,2.8710666,3.435506
899.0,-3.7469256,-6.55293,7.079654,-1.9608774,2.8344147,3.5100317
909.0,-3.8043866,-5.765238,6.6774287,-1.4526376,2.764776,3.5735617
920.0,-3.7684734,-4.9176903,6.2871737,-1.0042624,2.702468,3.6004398
928.0,-3.7972038,-4.1706996,5.923255,-0.6658431,2.687807,3.5845573
940.0,-3.430891,-3.2225955,5.4683566,-0.37751472,2.6584857,3.4684927
950.0,-3.157952,-2.8514943,4.4819455,0.013439035,2.5363126,3.3072245
960.0,-3.1364043,-2.633622,3.6463692,0.4447099,2.4263568,3.1703906
968.0,-3.3734303,-2.3822308,2.717419,0.8051204,2.2675319,2.9932396
980.0,-3.6032736,-2.0254946,1.460463,1.0848967,2.0317378,2.7440066
989.0,-3.8714242,-1.9321208,0.48841715,1.2681563,1.7153096,2.493552
999.0,-4.0294414,-2.2720973,-0.82360536,1.3243558,1.3573426,2.302962
1008.0,-3.8355112,-2.5234885,-0.8403648,1.2669345,0.95172805,2.1612413
1021.0,-3.6487634,-2.1092918,-1.4580688,1.0677924,0.5412266,1.9877555
1029.0,-3.2034419,-1.6256629,-1.3694834,0.8735373,0.061086524,1.7629571
1062.0,-2.3989902,-1.3551182,-1.1899183,0.7257079,-0.47647488,1.518611
1062.0,-1.4628572,-1.400608,-0.9864111,0.54611355,-1.047023,1.3329079
1062.0,-0.37110126,-1.5131354,-0.89064306,0.267559,-1.6517797,1.2351695
1068.0,0.60094464,-1.970428,-0.7015011,0.002443461,-2.2284365,1.0775663
1078.0,1.1971009,-2.2936451,-0.46208093,-0.15515977,-2.7672195,0.766025
1090.0,1.292869,-2.4612393,-0.10534488,-0.18692477,-3.249803,0.39950588
1099.0,1.0079589,-2.621651,0.074220255,-0.06963864,-3.707952,0.10995574
1108.0,0.6368576,-2.7820623,0.24899697,0.19181168,-4.157549,-0.10629055
1117.0,0.50757074,-2.7940333,0.8619126,0.5338962,-4.5680504,-0.32253686
1127.0,0.46208093,-3.2824504,1.5442601,1.3756685,-5.2571063,-0.6951646
1138.0,0.7493851,-3.478775,3.9025488,1.8008307,-5.4635787,-0.7831292
1147.0,0.80924016,-3.3183637,5.6431336,2.172237,-5.542991,-0.8258898
1159.0,0.8355764,-2.6024973,8.513782,2.3970351,-5.5136695,-0.84665924
1166.0,0.047884032,-1.3383588,11.798626,2.3176227,-5.3597317,-0.84788096
1178.0,-1.0702082,-0.39264908,14.686033,1.8387043,-5.1838026,-0.816116
1188.0,-2.942474,-0.0023942017,15.411476,1.0128145,-4.9748864,-0.68661255
1198.0,-4.6112323,-0.5554548,14.84405,0.058643065,-4.718323,-0.42638394
1208.0,-5.896919,-1.8890251,13.948619,-0.8063421,-4.3371434,-0.14294247
1219.0,-5.2983685,-3.8426938,12.315774,-1.3891076,-3.938859,0.056199603
1227.0,-2.9735985,-6.2991447,16.24466,-1.4575244,-3.4245105,0.14538592
1240.0,-1.4149733,-9.476251,21.095312,-1.070236,-2.6193902,0.15027285
1248.0,-1.9656396,-11.089942,24.756046,-0.45814893,-1.8680259,0.36285394
1258.0,-3.6296098,-9.196129,26.05849,0.04642576,-1.4379768,0.79779
1268.0,-4.8123455,-5.0996494,25.898079,0.10873401,-0.9957104,0.9810496
1279.0,-5.3007627,-2.2936451,24.882938,-0.41416663,-0.24923302,0.8527679
1288.0,-5.315128,-1.3072342,22.754494,-1.2388347,0.6621779,0.6963864
1298.0,-5.33907,-1.5394717,20.599712,-1.9144517,1.5418239,0.63529986
1310.0,-5.104438,-2.9376855,18.756176,-2.2467623,2.356718,0.59986967
1321.0,-4.6279917,-4.9559975,16.807297,-2.2675319,3.0897565,0.57787853
1329.0,-3.881001,-6.5720835,14.973337,-2.0476203,3.684739,0.657291
1341.0,-3.2728736,-7.0485296,13.383588,-1.5992452,4.130671,0.8503244
1350.0,-2.779668,-6.4427967,11.722012,-0.93462384,4.425108,1.0323622
1359.0,-2.255338,-5.3199162,9.993398,-0.1282817,4.5937066,1.0983357
1369.0,-1.6639702,-4.1515455,8.475474,0.6389651,4.7207665,1.0555751
1381.0,-1.2761095,-3.514688,7.067683,1.251052,4.8710394,0.95294976
1387.0,-1.1324574,-3.0669725,5.1475334,1.6432275,4.9919906,0.8539896
1399.0,-1.0654198,-2.432509,3.4165258,1.7507398,5.031086,0.7452556
1408.0,-1.1468226,-2.2816741,1.4891934,1.6530013,4.9968777,0.5717699
1419.0,-1.4293385,-3.0358477,-0.91697925,1.4001031,4.889365,0.344528
1430.0,-1.8555063,-4.6926355,-3.8953662,0.9334021,4.647463,0.1600467
1442.0,-2.2218192,-6.8905125,-5.506664,0.27366763,4.269948,0.118507855
1449.0,-2.8491,-7.855376,-6.7564373,-0.3921755,3.716504,0.26633725
1460.0,-3.2728736,-7.1826053,-6.14831,-0.86132,2.9541442,0.49602258
1470.0,-3.3446999,-4.996699,-4.27365,-1.0836749,2.098933,0.6426302
1479.0,-2.291251,-1.6639702,-2.0901382,-1.2534955,1.359786,0.68416905
1488.0,1.42455,1.4700398,-0.6895301,-1.4074335,0.48624873,0.7110472
1500.0,5.626374,2.9640217,0.33758244,-1.4758505,-0.5338962,0.6169739
1511.0,5.566519,2.2266076,0.5267244,-1.4929546,-1.1887437,0.3933972
1519.0,2.2888567,-0.4189853,0.2681506,-1.3377949,-1.6102408,0.11728613
1529.0,-0.22026655,-2.5330653,-0.11252748,-0.8002335,-2.1661282,-0.14782938
1540.0,-0.81163436,-2.885013,-0.14844051,0.07819075,-2.8674014,-0.39950588
1551.0,-1.0821792,-2.56419,-0.3184288,0.9957104,-3.617544,-0.625526
1560.0,-1.4293385,-2.0949266,0.05746084,1.740966,-4.2601743,-0.84788096
1569.0,-1.7860745,-1.6879122,1.436521,2.1966715,-4.78674,-1.0641272
1580.0,-1.5466543,-1.6711528,2.9376855,2.3860397,-5.23145,-1.2620476
1590.0,-1.292869,-1.70946,4.489128,2.3921483,-5.5552087,-1.4306464
1601.0,-1.3910311,-1.4197617,6.517017,2.1465805,-5.699373,-1.5919148
1608.0,-2.0207062,-0.45729253,9.911995,1.5613716,-5.7238073,-1.704314
1620.0,-2.5833437,0.59855044,12.964602,0.4972443,-5.701816,-1.740966
1629.0,-2.6527755,0.46686932,15.181633,-0.9260717,-5.500231,-1.7263051
1642.0,-2.779668,-0.36152446,13.378799,-2.403144,-4.9614477,-1.6859881
1649.0,-1.4173675,-2.6240451,13.797785,-3.2559118,-4.324926,-1.46852
1659.0,0.30166942,-8.595184,17.508797,-2.5448647,-3.3304374,-1.2461652
1671.0,0.3184288,-17.587805,21.741745,-0.38728857,-2.4764478,-1.1814134
1680.0,0.23463176,-22.711397,25.814283,1.3744467,-2.2821925,-0.7147123
1689.0,-1.8219875,-17.616535,29.017725,1.3988814,-1.8668042,0.22479841
1701.0,-4.012682,-9.31105,28.708872,0.4092797,-1.0494665,0.75625116
1710.0,-5.729325,-6.167464,26.439169,-0.8735373,-0.22357668,0.5558874
1720.0,-6.5026517,-4.5992613,23.743298,-2.2699752,0.80756384,0.30543262
1729.0,-6.7109475,-4.3646297,21.435287,-3.3304374,1.8716911,0.4129449
1740.0,-6.0285997,-6.6247563,19.400217,-3.481932,2.702468,0.8002335
1750.0,-5.1666875,-8.791509,17.420212,-2.9236012,3.3927455,1.1911873
1762.0,-4.271256,-9.234436,15.473725,-2.026851,3.9132028,1.4526376
1769.0,-3.550601,-8.197746,13.27106,-0.88697636,4.224744,1.6102408
1780.0,-2.8323407,-6.351817,10.9822035,0.34574974,4.3982296,1.6505579
1791.0,-1.8890251,-4.297592,8.576031,1.4391985,4.5252895,1.5894713
1799.0,-1.2138603,-2.3989902,6.3781533,2.180789,4.6633453,1.5308284
1809.0,-0.93613285,-0.8690952,4.271256,2.5228734,4.796514,1.486846
1820.0,-0.8738836,-0.1316811,2.4971523,2.5644124,4.8966956,1.3720033
1830.0,-1.1252748,-0.2873042,1.055843,2.3603833,4.927239,1.1398746
1841.0,-1.4053963,-1.0462662,-0.7302315,1.91323,4.8502703,0.8210029
1849.0,-1.6663644,-2.408567,-2.4899697,1.3182472,4.6401324,0.5338962
1860.0,-2.0518308,-3.6224272,-3.9217024,0.68661255,4.3004913,0.38606682
1870.0,-2.5378537,-4.1515455,-4.1706996,0.14538592,3.8289034,0.39828414
1881.0,-3.2680852,-3.8618474,-3.9145198,-0.22235495,3.2070425,0.51068336
1889.0,-3.763685,-2.7988217,-3.502717,-0.39095375,2.5216517,0.59498274
1900.0,-3.1747115,-1.0414777,-2.554613,-0.44348818,1.8325957,0.6072
1911.0,0.04309563,0.92416185,-1.721431,-0.49846604,0.9981538,0.5119051
1921.0,2.8275523,2.4732103,-1.3670892,-0.54000485,0.035430185,0.30909783
1929.0,2.932897,2.0254946,-0.6871359,-0.57787853,-0.6963864,0.1441642
1941.0,1.340753,-0.2801216,-0.5650316,-0.13927728,-2.0060816,-0.10140363
1949.0,-0.12449849,-2.4732103,-0.6512229,-0.13927728,-2.0060816,-0.10140363
1961.0,-0.47165772,-3.359065,-0.81881696,0.5766568,-2.8075366,-0.31764993
1969.0,-0.4405331,-3.1172507,-0.59376204,1.3707817,-3.5698965,-0.50946164
1980.0,-0.6536171,-2.5953147,-0.22026655,1.9926424,-4.234518,-0.6450737
1990.0,-0.82599956,-2.327164,0.49081135,2.35794,-4.831944,-0.74036866
2001.0,-0.7422025,-2.4756045,4.1180267,2.5082128,-5.725029,-0.9285152
2010.0,-0.074220255,-2.2864625,6.1387334,2.4288,-5.946162,-1.0519099
2020.0,-0.40462008,-1.5035586,8.497022,2.1783454,-5.988923,-1.1484267
2032.0,-1.0510546,-0.038307227,11.753136,1.6835446,-5.9412756,-1.1716396
2042.0,-1.4053963,0.30645782,13.551182,0.9468411,-5.863085,-1.1178834
2065.0,-1.2354081,-0.20111294,13.900735,0.06352998,-5.6224036,-1.0091494
2065.0,-0.79248077,-1.1420342,13.196839,-0.68539083,-5.108055,-0.8332202
2068.0,-0.06703765,-2.8874073,13.757083,-0.84665924,-4.4984117,-0.6597345
2079.0,0.5746084,-5.8562174,13.792996,-0.19181168,-3.916868,-0.6084218
2091.0,0.5770026,-10.254366,13.462596,0.90041536,-3.5344663,-0.54733527
2099.0,0.25139117,-13.211205,11.008539,1.7702875,-3.3719761,-0.2406809
2108.0,1.8626889,-10.398018,15.08347,2.3102922,-3.2436945,0.19058995
2120.0,-0.035913024,-1.958457,16.206352,2.2602015,-3.222925,0.24312437
2127.0,0.92895025,3.7205894,19.093758,1.7556267,-3.3805282,0.17959438
2140.0,0.49320555,4.912902,19.045874,0.19181168,-2.388483,0.07574729
2150.0,0.9672575,0.22266077,18.962078,-1.5173893,-1.3707817,-0.062308256
2160.0,0.16998832,-3.2824504,18.04031,-2.1050417,-0.64751714,-0.2321288
2170.0,-0.6967127,-4.4819455,16.646885,-1.8093829,-0.24801129,-0.3726278
2180.0,-0.8882488,-4.156334,14.688427,-1.2632693,-0.10262536,-0.41905355
2189.0,-0.19871874,-3.6272156,12.811374,-0.8503244,0.009773844,-0.4202753
2198.0,0.25857377,-4.003105,11.252748,-0.49113566,0.17715092,-0.39950588
2208.0,0.19153613,-4.1922474,9.9790325,-0.06841691,0.2919936,-0.3652974
2219.0,-0.06464344,-3.6128504,9.100361,0.3726278,0.29443705,-0.33108896
2229.0,0.038307227,-2.7844565,8.506598,0.75502944,0.2443461,-0.27488935
2241.0,0.5291186,-2.0470424,8.101978,0.95905846,0.18570304,-0.204029
2249.0,0.9840169,-1.5801731,8.09719,0.93218035,0.15393804,-0.15515977
2259.0,1.1611878,-1.412579,8.133103,0.7318166,0.14538592,-0.14294247
2268.0,1.4077905,-1.4676456,8.202535,0.44593164,0.14294247,-0.1563815
2279.0,1.412579,-1.6232687,8.437167,0.14538592,0.13683382,-0.172264
2289.0,1.4939818,-2.0446482,8.774749,-0.11484267,0.13316862,-0.1685988
2301.0,1.4796166,-2.554613,9.018958,-0.2846632,0.1282817,-0.15271631
2311.0,1.5562311,-2.7629087,9.294291,-0.3408628,0.10262536,-0.14049901
2321.0,1.5921441,-3.0597897,9.639056,-0.29932398,0.07574729,-0.13805555
2331.0,1.5107412,-3.2944214,9.861717,-0.18448131,0.058643065,-0.119729586
2342.0,1.3910311,-3.1507695,9.856929,-0.064751714,0.02687807,-0.09285152
2351.0,1.3096284,-2.7868507,9.828198,0.010995574,-0.0012217305,-0.080634214
2362.0,1.2761095,-2.6599581,9.919178,0.037873644,-0.0036651916,-0.07452556
2371.0,1.2186487,-2.44448,9.935937,0.015882496,0.017104227,-0.06963864
2380.0,1.1133038,-2.3942018,9.919178,-0.040317107,0.039095376,-0.06841691
2390.0,1.0366893,-2.3702598,9.7563715,-0.11362094,0.058643065,-0.06352998
2400.0,0.92655605,-2.4229321,9.667787,-0.18081611,0.07941248,-0.05497787
2411.0,0.8499416,-2.468422,9.607931,-0.22479841,0.10140363,-0.042760566
2423.0,0.81402856,-2.456451,9.574412,-0.23335053,0.11728613,-0.03176499
2431.0,0.7637503,-2.695871,9.555259,-0.19303341,0.118507855,-0.02443461
2442.0,0.81402856,-2.6767175,9.358934,-0.11728613,0.11362094,-0.015882496
2451.0,0.81163436,-2.4540567,9.277532,-0.04520403,0.10140363,-0.015882496
2461.0,0.89064306,-2.2529438,9.232041,0.004886922,0.09896017,-0.02565634
2472.0,0.89303726,-2.1763294,9.093178,0.028099801,0.10995574,-0.036651913
2481.0,0.830788,-2.2601264,9.038112,0.02687807,0.10873401,-0.05009095
2488.0,0.89303726,-2.2002714,9.009381,0.0061086523,0.105068825,-0.06841691
2499.0,0.89782566,-2.2242134,9.054871,-0.02321288,0.1160644,-0.087964594
2509.0,0.93613285,-2.468422,9.124303,-0.04153884,0.112399206,-0.09896017
2520.0,0.93852705,-2.4827871,9.078813,-0.04153884,0.103847094,-0.10629055
2532.0,1.0247183,-2.5115175,9.136273,-0.02565634,0.081855945,-0.118507855
2543.0,0.9935937,-2.5498247,9.14585,-0.015882496,0.06719518,-0.1282817
2551.0,1.0342951,-2.6910827,9.299079,-0.018325957,0.07086037,-0.12950343
2561.0,1.0247183,-2.918532,9.334992,-0.008552114,0.073303826,-0.12705997
2571.0,0.9768343,-2.932897,9.334992,0.015882496,0.05375614,-0.12583824
2580.0,0.91937345,-2.6767175,9.260772,0.030543262,0.04520403,-0.12217305
2590.0,0.8858546,-2.6384103,9.301474,0.02687807,0.040317107,-0.11728613
2601.0,0.94810385,-2.6623523,9.334992,-0.0012217305,0.04153884,-0.11362094
2610.0,0.94092125,-2.8179753,9.476251,-0.030543262,0.05375614,-0.10873401
2622.0,0.8858546,-2.9233203,9.464279,-0.034208454,0.059864793,-0.09896017
2632.0,0.8834604,-2.8419175,9.464279,-0.012217305,0.05497787,-0.09040806
2643.0,0.90021986,-2.7581203,9.514558,0.0061086523,0.05497787,-0.0842994
2652.0,0.8355764,-2.789245,9.488221,0.013439035,0.06719518,-0.07696902
2663.0,0.80205756,-2.7126305,9.481039,0.010995574,0.07819075,-0.06841691
2671.0,0.7422025,-2.4612393,9.425972,0.0036651916,0.081855945,-0.062308256
2680.0,0.7182605,-2.2290018,9.452309,-0.007330383,0.087964594,-0.059864793
2691.0,0.6967127,-2.2361844,9.404425,-0.02076942,0.1001819,-0.06841691
2700.0,0.61770403,-2.2529438,9.320627,-0.04153884,0.1160644,-0.08552113
2712.0,0.6440403,-2.2697031,9.346964,-0.064751714,0.13072516,-0.105068825
2723.0,0.62009823,-2.3894134,9.394848,-0.081855945,0.14172074,-0.118507855
2731.0,0.6344634,-2.5187001,9.461885,-0.07696902,0.15271631,-0.13561209
2743.0,0.6392518,-2.7461493,9.428367,-0.05131268,0.15760323,-0.15271631
2751.0,0.60094464,-2.80361,9.490616,-0.017104227,0.1600467,-0.15882497
2761.0,0.641646,-2.8275523,9.485827,0.02076942,0.15393804,-0.15882497
2770.0,0.6392518,-2.791639,9.390059,0.043982297,0.14905111,-0.15515977
2782.0,0.62009823,-2.8323407,9.303867,0.05131268,0.14905111,-0.14660765
2792.0,0.61530983,-2.755726,9.239224,0.04642576,0.14782938,-0.12950343
2801.0,0.58657944,-2.5881321,9.176975,0.02687807,0.13683382,-0.118507855
2812.0,0.5770026,-2.5139117,9.196129,-0.0012217305,0.12705997,-0.11484267
2823.0,0.641646,-2.7940333,9.138668,-0.013439035,0.12583824,-0.095294975
2831.0,0.5793968,-2.930503,9.112331,-0.02321288,0.11362094,-0.06719518
2844.0,0.58897364,-2.9640217,9.241618,0.02076942,0.07452556,-0.04153884
2851.0,0.6679823,-2.942474,9.200917,0.04153884,0.052534413,-0.02443461
2862.0,0.79008657,-2.9783869,9.332599,0.05131268,0.047647487,-0.010995574
2871.0,0.7613561,-2.8778305,9.323022,0.064751714,0.040317107,0.0012217305
2881.0,0.7422025,-2.7940333,9.313444,0.06841691,0.02565634,0.012217305
2890.0,0.6991069,-2.6719291,9.291897,0.057421334,0.019547688,0.02321288
2902.0,0.7685388,-2.552219,9.32781,0.040317107,0.015882496,0.030543262
2912.0,0.7302315,-2.5450363,9.184157,0.015882496,0.007330383,0.032986723
2922.0,0.6823475,-2.5115175,9.23683,-0.015882496,0.002443461,0.035430185
2931.0,0.6823475,-2.5761611,9.272743,-0.035430185,0.002443461,0.036651913
2944.0,0.6943185,-2.645593,9.358934,-0.029321533,0.0012217305,0.034208454
2951.0,0.7206547,-2.6839,9.320627,-0.009773844,-0.010995574,0.03176499
2963.0,0.6919243,-2.5833437,9.363723,0.009773844,-0.013439035,0.029321533
2971.0,0.7374141,-2.5953147,9.325416,0.035430185,-0.014660766,0.02565634
2980.0,0.78290397,-2.5785553,9.284714,0.05375614,-0.02443461,0.021991149
2991.0,0.79008657,-2.516306,9.346964,0.05375614,-0.02565634,0.017104227
3002.0,0.7493851,-2.4995465,9.313444,0.042760566,-0.021991149,0.013439035
3013.0,0.7206547,-2.5378537,9.217676,0.037873644,-0.019547688,0.009773844
