31.0,2.2242134,-1.6903064,9.794679,-0.096516706,0.0061086523,-0.02443461
35.0,2.054225,-1.6783354,9.665392,0.16493362,0.119729586,-0.09040806
46.0,1.9608512,-1.7645266,9.682152,-0.02321288,-0.29932398,-0.2761111
58.0,1.9488802,-1.7357962,9.643845,-0.095294975,-0.41172317,-0.29932398
74.0,1.9369092,-1.661576,9.495404,0.015882496,0.3811799,0.08307768
75.0,1.9680338,-1.6448165,9.473856,0.007330383,0.40317106,0.1001819
86.0,2.0254946,-1.5682021,9.404425,-0.013439035,0.23090707,0.030543262
95.0,2.0374656,-1.5394717,9.440337,-0.040317107,0.08674286,-0.039095376
105.0,2.0015526,-1.6232687,9.421184,-0.06352998,0.10262536,-0.04886922
117.0,1.9249382,-1.6376339,9.490616,-0.07574729,0.11484267,-0.062308256
126.0,1.9177556,-1.7286136,9.404425,-0.07574729,0.118507855,-0.073303826
135.0,1.910573,-1.6831238,9.414001,-0.06963864,0.1160644,-0.07819075
148.0,1.9009962,-1.6591818,9.32781,-0.059864793,0.1160644,-0.0842994
156.0,1.8962077,-1.7118542,9.229648,-0.05375614,0.111177474,-0.09162979
166.0,1.8674773,-1.6879122,9.28232,-0.05375614,0.111177474,-0.09896017
176.0,1.8698715,-1.685518,9.363723,-0.05375614,0.10873401,-0.10262536
186.0,1.9512744,-1.6807296,9.308656,-0.056199603,0.105068825,-0.105068825
195.0,1.8818425,-1.7142484,9.3733,-0.058643065,0.10262536,-0.10629055
206.0,1.9297266,-1.745373,9.361329,-0.061086524,0.10140363,-0.103847094
216.0,1.8794483,-1.7142484,9.315839,-0.064751714,0.09407325,-0.10262536
225.0,1.9249382,-1.8219875,9.308656,-0.06963864,0.08552113,-0.10140363
235.0,1.8866309,-1.7860745,9.306262,-0.07452556,0.080634214,-0.09896017
247.0,1.9057846,-1.8387469,9.337387,-0.07819075,0.07574729,-0.09407325
256.0,1.9009962,-1.8243817,9.332599,-0.07941248,0.0720821,-0.08552113
267.0,1.9177556,-1.8291701,9.284714,-0.07941248,0.06719518,-0.07574729
275.0,1.8435353,-1.8267759,9.354146,-0.07696902,0.061086524,-0.065973446
286.0,1.8267759,-1.8507179,9.356541,-0.07086037,0.057421334,-0.056199603
295.0,1.9009962,-1.8962077,9.334992,-0.06963864,0.05375614,-0.04642576
307.0,1.8124107,-1.8435353,9.354146,-0.0720821,0.04886922,-0.034208454
316.0,1.8339585,-1.8914193,9.351752,-0.07452556,0.042760566,-0.021991149
326.0,1.7310078,-1.9201498,9.375694,-0.07696902,0.036651913,-0.012217305
336.0,1.7764976,-1.9632454,9.387665,-0.08307768,0.030543262,-0.0036651916
348.0,1.7046716,-1.9297266,9.351752,-0.081855945,0.02687807,0.004886922
356.0,1.8076223,-1.8674773,9.3661175,-0.07941248,0.02321288,0.012217305
367.0,1.7501614,-1.8746599,9.406818,-0.07941248,0.019547688,0.021991149
376.0,1.733402,-1.910573,9.411607,-0.07574729,0.013439035,0.030543262
386.0,1.7238252,-1.9393034,9.325416,-0.06963864,0.0061086523,0.037873644
396.0,1.7405846,-1.8794483,9.330204,-0.06352998,0.0012217305,0.043982297
407.0,1.661576,-1.8962077,9.370906,-0.06352998,0.0,0.05131268
416.0,1.5897499,-1.8698715,9.356541,-0.06963864,-0.002443461,0.058643065
428.0,1.5969325,-2.0590134,9.399636,-0.07819075,-0.0012217305,0.065973446
436.0,1.5801731,-1.9895816,9.3661175,-0.081855945,-0.0061086523,0.07452556
447.0,1.5514427,-2.0135236,9.334992,-0.080634214,-0.010995574,0.080634214
456.0,1.5466543,-2.0398598,9.351752,-0.07696902,-0.015882496,0.09040806
467.0,1.5251064,-2.0207062,9.411607,-0.0720821,-0.019547688,0.103847094
476.0,1.6041151,-2.0757728,9.346964,-0.064751714,-0.02565634,0.118507855
488.0,1.541866,-2.078167,9.414001,-0.05497787,-0.02443461,0.13439035
496.0,1.4508862,-2.1523874,9.380483,-0.043982297,-0.021991149,0.15271631
507.0,1.541866,-2.1068976,9.390059,-0.030543262,-0.02443461,0.16982053
516.0,1.4796166,-2.0326772,9.392453,-0.018325957,-0.028099801,0.18692477
527.0,1.532289,-2.0685902,9.457097,-0.014660766,-0.030543262,0.20280726
536.0,1.5227122,-2.1739352,9.457097,-0.017104227,-0.037873644,0.21624629
548.0,1.5705963,-2.1930888,9.548077,-0.021991149,-0.039095376,0.22724187
557.0,1.6496049,-2.183512,9.524135,-0.015882496,-0.04153884,0.23945917
567.0,1.5921441,-2.3056161,9.526528,0.0,-0.042760566,0.25045475
576.0,1.5753847,-2.2625206,9.533711,0.02076942,-0.043982297,0.2602286
587.0,1.6328455,-2.2409728,9.579201,0.035430185,-0.04642576,0.2687807
597.0,1.6328455,-2.3415294,9.502586,0.04153884,-0.042760566,0.27977628
611.0,1.6376339,-2.2050598,9.514558,0.042760566,-0.040317107,0.28955013
618.0,1.5610195,-2.2768857,9.466674,0.043982297,-0.039095376,0.29810223
631.0,1.5753847,-2.1739352,9.397242,0.039095376,-0.039095376,0.30543262
639.0,1.5849615,-2.1667526,9.414001,0.02565634,-0.04153884,0.31520647
650.0,1.5682021,-2.2002714,9.32781,-0.014660766,-0.04520403,0.33475417
659.0,1.5466543,-2.3175871,9.251195,-0.014660766,-0.04520403,0.33475417
671.0,1.5705963,-2.3247697,9.222465,-0.037873644,-0.04886922,0.33841935
678.0,1.6160861,-2.2409728,9.255983,-0.056199603,-0.05497787,0.33964106
688.0,1.6591818,-2.2457612,9.229648,-0.0720821,-0.06352998,0.33964106
698.0,1.6831238,-2.243367,9.172187,-0.09162979,-0.07086037,0.33841935
710.0,1.6280571,-2.2409728,9.203311,-0.112399206,-0.0720821,0.3359759
718.0,1.7286136,-2.5258827,9.26556,-0.1563815,-0.07086037,0.32620203
730.0,1.6567876,-2.597709,9.351752,-0.16982053,-0.064751714,0.32620203
739.0,1.745373,-2.7006595,9.433155,-0.16371189,-0.059864793,0.32498032
750.0,1.7022774,-2.645593,9.5385,-0.14172074,-0.057421334,0.32498032
758.0,1.7597382,-2.7461493,9.706094,-0.12461651,-0.05009095,0.33108896
767.0,1.7836803,-2.96881,9.739613,-0.1282817,-0.02076942,0.3481932
778.0,1.661576,-3.004723,9.799467,-0.14660765,0.004886922,0.37018433
790.0,1.5562311,-2.9352913,9.873688,-0.16737708,0.029321533,0.39095375
799.0,1.5275006,-2.8562827,9.993398,-0.20647246,0.052534413,0.41172317
809.0,1.5442601,-2.8491,10.254366,-0.2773328,0.07574729,0.44104472
819.0,1.6567876,-2.7269957,10.582372,-0.40683624,0.111177474,0.47891834
829.0,1.6184803,-2.9017725,10.723629,-0.625526,0.16982053,0.52534413
839.0,1.460463,-2.89459,10.955867,-0.92485,0.23701571,0.5839872
852.0,1.0893618,-3.1124623,11.130644,-1.2864822,0.312763,0.643852
859.0,0.7637503,-3.58412,11.413159,-1.6676621,0.39706242,0.7122689
868.0,0.40701428,-4.331111,11.60709,-2.0317378,0.4642576,0.8038987
879.0,0.031124622,-5.171476,11.915942,-2.3286183,0.50701815,0.9309586
889.0,-0.38307226,-6.10282,12.152967,-2.5179865,0.5412266,1.097114
902.0,-0.62488663,-7.0820484,12.37084,-2.6010642,0.59864795,1.2925909
912.0,-0.8451532,-8.051701,12.368446,-2.5851817,0.7147123,1.4966198
921.0,-1.0079589,-8.731653,12.339716,-2.4642303,0.86376345,1.6823229
930.0,-1.127669,-9.006987,12.133814,-2.234545,1.0042624,1.8521434
940.0,-1.055843,-8.817844,11.978191,-1.9413297,1.0934488,2.035403
952.0,-0.9576807,-8.336611,11.611878,-1.6297885,1.1459832,2.2492058
961.0,-0.7182605,-7.7093296,11.291056,-1.4062119,1.2253957,2.4801128
971.0,-0.33279404,-7.36217,11.092337,-1.2962561,1.3316863,2.702468
980.0,-0.088585466,-7.2687964,10.912771,-1.2669345,1.4770721,2.9064968
992.0,-0.009576807,-7.501034,10.840945,-1.2571607,1.6468927,3.095865
999.0,0.031124622,-7.666234,10.850522,-1.2217305,1.8081611,3.2620203
1009.0,0.05746084,-7.48188,10.850522,-1.1325442,1.953547,3.3805282
1020.0,0.01436521,-7.493851,10.800244,-1.0140363,2.1025982,3.4489453
1031.0,-0.045489833,-7.5824366,10.694899,-0.87598073,2.2907448,3.4965928
1039.0,-0.22984336,-7.3310456,10.326192,-0.7122689,2.4666739,3.5393531
1051.0,-0.24899697,-6.7253127,9.856929,-0.54000485,2.607173,3.5393531
1078.0,-0.5386954,-6.0142345,9.481039,-0.35918877,2.7586675,3.481932
1079.0,-0.6751649,-5.1642933,8.9998045,-0.2125811,2.9113839,3.408628
1079.0,-0.82121116,-4.3861775,8.540117,-0.11362094,3.0384438,3.3206635
1091.0,-1.043872,-3.7541082,7.9367785,0.018325957,3.1386256,3.2168164
1101.0,-1.4101849,-2.8993783,7.302315,0.119729586,3.209486,3.1215215
1108.0,-1.7190368,-2.4349031,6.631939,0.16493362,3.2583551,3.0518827
1118.0,-1.6831238,-1.9608512,5.74369,0.18936823,3.2632422,2.9626966
1129.0,-1.6998832,-1.8387469,4.7381253,0.22724187,3.209486,2.806315
1139.0,-1.8076223,-1.5921441,3.9671922,0.3042109,3.0995302,2.6035078
1151.0,-1.8435353,-1.4700398,3.1364043,0.4129449,2.933375,2.3762658
1159.0,-2.0254946,-1.1085154,2.336741,0.5693264,2.7366762,2.1649065
1170.0,-2.1308396,-0.8834604,1.376666,0.7489208,2.4691174,1.9767599
1179.0,-2.2050598,-0.6991069,0.3184288,0.90285885,2.130698,1.7996091
1190.0,-2.3199813,-0.62967503,-0.51954174,0.95294976,1.7336355,1.6151277
1200.0,-2.396596,-0.50038815,-1.1061212,0.87598073,1.3072516,1.4501941
1211.0,-2.2290018,-0.59376204,-1.3072342,0.7098254,0.8173377,1.3316863
1220.0,-2.1212628,-0.39743748,-1.541866,0.54733527,0.30909783,1.2400564
1230.0,-2.018312,0.107739076,-1.508347,0.46792278,-0.204029,1.1203269
1238.0,-1.8722657,1.0965444,-1.2449849,0.408058,-0.72692966,0.9602802
1251.0,-1.364695,2.078167,-0.6488287,0.28710666,-1.2425,0.77946407
1260.0,-0.36152446,2.4732103,-0.2657564,0.11362094,-1.7922786,0.5839872
1270.0,0.31603462,2.1906946,0.16280572,-0.002443461,-2.3200662,0.3481932
1280.0,0.1604115,1.4532804,0.5363012,0.021991149,-2.7855456,0.04886922
1290.0,-0.36391866,0.5243302,0.7445967,0.22968534,-3.2314773,-0.2773328
1301.0,-0.7781156,-0.30406362,0.9888053,0.6133087,-3.7055085,-0.5876524
1310.0,-0.9576807,-0.7015011,1.3670892,1.0555751,-4.1722097,-0.84788096
1321.0,-1.0702082,-0.6536171,1.7980455,1.409877,-4.618141,-1.0604621
1331.0,-1.043872,-0.8858546,2.4133554,1.5943583,-5.0371947,-1.2278391
1340.0,-0.8690952,-1.4149733,3.976769,1.6249015,-5.411044,-1.3585643
1352.0,-0.59376204,-2.0159178,6.3302693,1.5406022,-5.706703,-1.46852
1360.0,-0.48123455,-2.5330653,9.576807,1.3805555,-5.8826323,-1.568702
1370.0,-0.3854665,-2.5689783,14.1664915,1.1410962,-5.8643064,-1.613906
1379.0,-1.0271125,-2.5689783,19.091364,0.7611381,-5.639508,-1.5381587
1391.0,-1.5394717,-2.7964275,22.709003,0.12461651,-5.2656584,-1.3683381
1401.0,-2.873042,-3.7301662,25.768793,-0.7171558,-4.5912633,-1.1435398
1410.0,-5.530606,-3.3734303,25.395298,-1.428203,-3.7751472,-0.8735373
1420.0,-7.747637,-2.3702598,18.641254,-1.8289305,-3.1716123,-0.6609562
1430.0,-7.541735,-3.8618474,13.395558,-1.6713274,-2.4324653,-0.39950588
1439.0,-3.5745432,-7.129933,11.647791,-0.689056,-1.3267993,0.05009095
1452.0,1.721431,-10.352529,22.869415,0.50335294,-1.0629056,0.5009095
1459.0,6.3111157,-7.752425,25.03856,0.5155703,-1.1985176,1.0164797
1471.0,1.757344,-8.173804,21.65795,-1.3891076,0.3200934,0.72082096
1481.0,-4.6950297,-6.4547677,23.585281,-3.3353243,1.6652187,0.3481932
1490.0,-8.92319,-5.518635,21.119253,-3.76293,2.067168,0.21624629
1500.0,-9.11712,-4.6351743,17.448942,-3.1813862,2.3835962,0.30787608
1513.0,-6.3206925,-4.24492,14.968549,-2.2736404,2.7806585,0.59864795
1521.0,-3.4620156,-5.434838,12.270284,-1.3634512,3.222925,0.9505063
1531.0,-1.9488802,-5.913678,11.164163,-0.80756384,3.5931094,1.2363913
1540.0,-2.1667526,-5.2887917,10.125079,-0.5497787,3.885103,1.3072516
1552.0,-2.6288335,-5.1116204,8.920795,0.23579398,4.2992697,1.1508701
1561.0,-2.7246015,-4.8985367,7.0485296,0.23579398,4.2992697,1.1508701
1571.0,-2.2768857,-4.072537,4.7620673,0.86742866,4.2772784,1.1484267
1580.0,-1.6472107,-1.9800048,0.22984336,2.0097466,3.8289034,0.9786061
1590.0,-1.7142484,-1.0079589,-1.3311762,2.1087067,3.5564575,0.7611381
1601.0,-1.6759412,-0.63206923,-2.171541,1.6566665,3.2852333,0.5644395
1612.0,-1.6496049,-1.2856863,-2.5761611,0.81122905,2.9565878,0.46670106
1618.0,-1.5275006,-2.3175871,-2.6743233,-0.0842994,2.506991,0.49846604
1632.0,-1.4389153,-2.9400797,-2.4013844,-0.6805039,1.8777997,0.63163465
1641.0,-1.42455,-2.3558946,-1.7669208,-0.7806858,1.1960741,0.7819075
1652.0,-1.5969325,-0.521936,-0.6584055,-0.453262,0.59864795,0.79045963
1659.0,-1.0271125,1.8363527,0.02873042,-0.073303826,0.07696902,0.643852
1670.0,1.3479356,3.9336734,0.7757214,0.04642576,-0.5021312,0.5204572
1680.0,4.24492,4.355053,1.0007763,-0.064751714,-1.1899655,0.37995818
1691.0,4.450821,2.717419,1.1875241,-0.21991149,-1.7983873,0.12705997
1700.0,2.1452048,-0.2825158,1.2904748,-0.2284636,-2.2858577,-0.13683382
1710.0,0.5554548,-2.7222073,1.0510546,0.12950343,-2.9162707,-0.3933972
1721.0,-0.16759412,-3.4165258,1.1779473,0.7892379,-3.6554177,-0.6780604
1729.0,-0.6631939,-2.657564,1.2354081,1.3622295,-4.351804,-0.88208944
1739.0,-0.92416185,-2.1619642,2.528277,1.6151277,-4.963891,-0.9627236
1753.0,-0.8882488,-1.5969325,5.185841,1.4758505,-5.4415874,-1.001819
1762.0,-1.2210429,-1.0390835,8.420407,1.0115929,-5.8068852,-1.0861185
1770.0,-2.0039468,0.60812724,8.590396,0.34574974,-6.1184263,-1.2705997
1780.0,-1.2665327,1.6089035,11.161768,-0.65118235,-6.2931337,-1.4575244
1791.0,-1.3790601,2.6599581,10.546458,-1.8765781,-6.0231314,-1.4856243
1803.0,0.94092125,0.7661445,13.702016,-3.273016,-5.5698695,-1.3793337
1811.0,4.074931,-5.8107276,17.683575,-4.1966443,-4.552168,-1.1985176
1819.0,6.469133,-14.93503,16.879122,-3.6419785,-3.2033772,-1.0311406
1830.0,3.0023289,-25.232492,30.356083,-1.3133603,-2.1062634,-0.6805039
1841.0,0.8762778,-23.087288,37.217865,0.047647487,-1.7886134,-0.3726278
1852.0,-1.5705963,-15.313314,32.84366,-1.6688838,-0.8576548,0.49113566
1861.0,-4.249708,-12.770672,28.763939,-2.9993484,0.48991394,1.1374311
1873.0,-5.6120086,-9.119514,22.397757,-3.0262265,1.4880677,0.7819075
1881.0,-5.710171,-7.2831616,19.112911,-2.1881194,2.0720549,0.3921755
1891.0,-5.035006,-7.716512,16.575058,-0.6206391,2.6218336,0.6206391
1900.0,-2.9376855,-8.078036,14.81532,0.689056,2.9248228,1.1655309
1912.0,-1.2378023,-7.9750857,13.905523,1.0262536,3.1984904,1.5491543
1921.0,-0.4381389,-7.103596,12.476185,0.65484756,3.6297612,1.7275269
1933.0,-0.39025488,-5.7365074,10.79785,0.058643065,4.012163,1.7935003
1941.0,-1.0031705,-4.259285,9.215282,-0.32620203,4.283387,1.7959439
1953.0,-1.3982137,-3.071761,7.7667904,-0.2773328,4.4348817,1.7592919
1961.0,-1.5179238,-2.2481554,6.5696893,0.16615535,4.49719,1.7324139
1971.0,-1.1994951,-1.7262194,5.5617304,0.7415904,4.533842,1.690875
1981.0,-0.81881696,-1.4508862,4.3143516,1.1447614,4.543616,1.5491543
1993.0,-0.44532153,-1.1468226,2.9975405,1.2596041,4.488638,1.2889256
2001.0,-0.35913026,-1.0534488,1.5251064,1.1533136,4.3640213,0.99204516
2010.0,-0.48841715,-1.4341269,-0.16998832,0.95905846,4.1453314,0.7684685
2023.0,-0.7134721,-2.0566192,-1.7717092,0.7452556,3.8142426,0.66706485
2033.0,-0.8523358,-2.6479871,-2.858677,0.5839872,3.3255503,0.6291912
2041.0,-0.7685388,-2.873042,-3.3542767,0.56321776,2.7159069,0.5742133
2073.0,-0.60333884,-2.2840683,-3.0933087,0.64873886,1.9999728,0.49602258
2073.0,-0.46208093,-0.60573304,-3.028665,0.6560693,1.2840388,0.39950588
2073.0,0.34476504,1.1540052,-2.2457612,0.5119051,0.56077427,0.2773328
2079.0,1.5610195,2.5713725,-1.4341269,0.21624629,-0.15760323,0.14905111
2089.0,2.6192567,2.8203697,-0.7374141,-0.06352998,-0.8979719,0.035430185
2100.0,2.6982653,1.5705963,-0.15562311,-0.16371189,-1.5503759,-0.043982297
2111.0,1.6065093,-0.6943185,0.20829555,0.010995574,-2.1465805,-0.13561209
2119.0,0.45250413,-2.3989902,0.24420857,0.52656585,-2.7721064,-0.312763
2130.0,-0.076614454,-3.0478187,0.29448682,1.2999213,-3.458719,-0.5375614
2140.0,-0.11971009,-2.7389667,0.92176765,2.0476203,-4.1135664,-0.68539083
2151.0,-0.095768064,-2.542642,2.0398598,2.552195,-4.6865582,-0.75747293
2161.0,-0.01436521,-2.8179753,3.2728736,2.7794368,-5.182581,-0.8197812
2171.0,0.074220255,-3.4356794,5.3318872,2.7953193,-5.5784216,-0.9053023
2181.0,-0.08140286,-3.6152446,7.0700774,2.6633725,-5.83865,-1.0030408
2191.0,-0.39743748,-2.966416,9.203311,2.379931,-5.969375,-1.0677924
2201.0,-0.581791,-1.8124107,11.980585,1.749518,-5.9400535,-1.033584
2210.0,0.079008654,-2.5234885,16.077065,0.8491027,-5.6773815,-0.84421575
2221.0,0.059855044,-4.048595,19.124884,-0.036651913,-5.105612,-0.5522222
2232.0,-0.6847417,-3.1507695,19.110518,-0.79901177,-4.4593163,-0.27977628
2241.0,-1.3814543,-0.63206923,18.327614,-1.3255776,-3.9180896,-0.06963864
2251.0,-1.3431472,0.4357447,15.239094,-1.2596041,-3.4440582,0.035430185
2260.0,-1.4987702,-3.5314474,7.2113357,-0.5155703,-2.9480357,0.081855945
2271.0,-1.0103531,-3.1771057,17.415422,0.32498032,-2.5399778,0.073303826
2281.0,4.596867,-5.0613422,21.873426,-0.017104227,-2.179567,0.14905111
2291.0,2.9616275,-5.568913,25.129541,-1.3548992,-0.9016371,0.15271631
2301.0,-1.8602947,-3.7684734,25.775976,-2.6682594,0.2321288,-0.6072
2311.0,-3.7493198,-4.10845,21.444864,-1.9449949,0.3555236,-1.2046263
2321.0,-2.3798366,-3.655946,16.998833,-0.3408628,0.14905111,-0.87598073
2332.0,-0.093373865,-2.6623523,13.479356,1.0445796,0.10140363,-0.30298916
2340.0,1.3958195,-2.1452048,10.893618,1.7006488,0.16615535,-0.095294975
2353.0,1.4700398,-2.3678656,8.880095,0.64751714,0.8051204,-0.3885103
2361.0,0.9720459,-1.9057846,7.752425,0.64751714,0.8051204,-0.3885103
2370.0,0.39504328,-2.7988217,7.0341644,-0.19058995,1.0091494,-0.63041294
2380.0,0.12449849,-3.7253778,6.7324953,-0.4202753,0.9786061,-0.52290064
2391.0,0.2801216,-3.7588966,6.579266,-0.30543262,0.8356637,-0.26633725
2402.0,0.58897364,-3.1483753,6.3685765,-0.030543262,0.6365216,-0.13683382
2412.0,0.90740246,-2.5139117,6.2704144,0.1685988,0.45448375,-0.15393804
2420.0,1.1300632,-2.9951463,6.5601125,-0.008552114,0.31887165,-0.20647246
2432.0,1.1324574,-3.5865142,7.1083846,-0.12705997,0.2565634,-0.16126843
2442.0,0.8810662,-3.8522706,7.4004774,-0.1441642,0.16615535,-0.12217305
2452.0,0.6655881,-3.6463692,7.668628,-0.10140363,0.062308256,-0.111177474
2460.0,0.6727707,-3.3901896,7.955932,-0.04520403,-0.035430185,-0.12095132
2473.0,0.7254431,-3.383007,8.322245,0.02076942,-0.11484267,-0.14660765
2482.0,0.80445176,-3.4380736,8.674192,0.07452556,-0.15882497,-0.16615535
2491.0,0.7541735,-3.490746,8.947132,0.10995574,-0.18203785,-0.16371189
2500.0,0.6799533,-3.3877954,9.332599,0.1282817,-0.19914207,-0.15760323
2511.0,0.62728083,-3.1890767,9.61272,0.13194689,-0.20525073,-0.16126843
2521.0,0.60333884,-2.8514943,9.7803135,0.10629055,-0.19303341,-0.16249016
2531.0,0.62488663,-2.6671407,10.014946,0.05131268,-0.16493362,-0.14782938
2540.0,0.6607997,-2.5378537,10.0748005,-0.02565634,-0.12339478,-0.13683382
2553.0,0.6344634,-2.408567,10.115502,-0.112399206,-0.07819075,-0.14049901
2562.0,0.48362875,-1.9321208,10.15381,-0.204029,-0.035430185,-0.15027285
2571.0,0.557849,-1.7860745,10.070012,-0.30176744,0.008552114,-0.16493362
2581.0,0.58418524,-1.9728222,9.866506,-0.37507126,0.061086524,-0.1881465
2593.0,0.59855044,-2.1691468,9.888053,-0.4202753,0.10751228,-0.21502456
2600.0,0.5363012,-2.3678656,9.749189,-0.4202753,0.14538592,-0.2443461
2611.0,0.50757074,-2.4301147,9.516952,-0.36896262,0.15271631,-0.26511553
2620.0,0.58897364,-2.3223755,9.423578,-0.30665436,0.14294247,-0.27855456
2632.0,0.62249243,-2.4851813,9.234436,-0.2602286,0.13927728,-0.2883284
2641.0,0.6488287,-2.5929205,9.222465,-0.21013765,0.12583824,-0.28344148
2654.0,0.6560113,-2.8083985,9.244013,-0.16249016,0.10873401,-0.2773328
2660.0,0.63206923,-3.071761,9.313444,-0.07941248,0.09896017,-0.2602286
2671.0,0.5315128,-3.1603463,9.25359,0.014660766,0.07819075,-0.24556783
2681.0,0.59376204,-3.1196449,9.196129,0.073303826,0.040317107,-0.24190263
2691.0,0.4141969,-3.016694,9.136273,0.11484267,0.014660766,-0.22724187
2701.0,0.45250413,-2.9257145,9.169792,0.10873401,-0.008552114,-0.20280726
2713.0,0.35434186,-3.1292217,9.088389,0.07941248,-0.028099801,-0.16982053
2722.0,0.35913026,-2.9712043,9.045294,0.02076942,-0.04642576,-0.14782938
2731.0,0.40940848,-3.0262709,9.105149,-0.019547688,-0.065973446,-0.12217305
2741.0,0.41180268,-2.930503,9.157822,-0.043982297,-0.087964594,-0.09773844
2752.0,0.45729253,-3.086126,9.23683,-0.0720821,-0.096516706,-0.07941248
2762.0,0.49799395,-3.107674,9.344569,-0.09773844,-0.09162979,-0.07086037
2773.0,0.41180268,-3.2465374,9.409213,-0.07819075,-0.09407325,-0.059864793
2781.0,0.48362875,-3.145981,9.411607,-0.06352998,-0.09162979,-0.05497787
2793.0,0.521936,-3.205836,9.435549,-0.059864793,-0.080634214,-0.05009095
2802.0,0.5554548,-3.074155,9.351752,-0.040317107,-0.073303826,-0.04886922
2810.0,0.49081135,-3.040636,9.330204,-0.06352998,-0.057421334,-0.057421334
2820.0,0.50038815,-3.0071173,9.284714,-0.05375614,-0.04153884,-0.05497787
2831.0,0.39504328,-2.906561,9.153033,-0.05009095,-0.04153884,-0.065973446
2840.0,0.49559975,-2.8538885,9.112331,-0.07696902,-0.030543262,-0.07696902
2851.0,0.4429273,-2.89459,9.109938,-0.118507855,-0.007330383,-0.080634214
2860.0,0.521936,-3.004723,9.062054,-0.14660765,0.0036651916,-0.08674286
2870.0,0.39025488,-3.0933087,9.141062,-0.15882497,0.009773844,-0.09162979
2880.0,0.45729253,-3.1411927,9.136273,-0.15393804,0.010995574,-0.09285152
2891.0,0.50757074,-3.1675289,9.114726,-0.14538592,0.021991149,-0.09040806
2901.0,0.5386954,-3.0885203,9.138668,-0.15271631,0.02565634,-0.08674286
2911.0,0.51235914,-3.2728736,9.215282,-0.15760323,0.034208454,-0.07696902
2921.0,0.5291186,-3.3063924,9.148245,-0.1282817,0.037873644,-0.0720821
2930.0,0.5770026,-3.2872388,9.126697,-0.10873401,0.036651913,-0.06352998
2942.0,0.60573304,-3.289633,9.14585,-0.105068825,0.035430185,-0.043982297
2954.0,0.61770403,-3.1842883,9.109938,-0.12461651,0.032986723,-0.02565634
2962.0,0.61291564,-3.1172507,9.102755,-0.14905111,0.040317107,-0.017104227
2973.0,0.62967503,-3.1962593,9.090784,-0.17348573,0.04153884,-0.017104227
2983.0,0.6440403,-3.25372,9.069236,-0.18325958,0.04520403,-0.018325957
2993.0,0.6775591,-3.2441432,9.150639,-0.18570304,0.036651913,-0.010995574
3003.0,0.80684596,-3.2944214,9.102755,-0.17715092,0.032986723,-0.002443461
3013.0,0.7350199,-3.3854012,9.198523,-0.14172074,0.039095376,-0.008552114
