41.0,1.0582372,-2.2720973,9.655815,0.17104226,0.103847094,-0.07819075
53.0,0.9768343,-2.2649148,9.61272,0.02076942,-0.27000242,-0.23457226
53.0,0.92895025,-2.3056161,9.557653,-0.061086524,-0.42760566,-0.2968805
61.0,0.92416185,-2.2218192,9.380483,0.059864793,0.35308012,0.062308256
81.0,0.7613561,-2.0853498,9.3182335,0.02687807,0.36774087,0.059864793
81.0,0.7685388,-1.9800048,9.193734,-0.042760566,0.18570304,-0.032986723
94.0,0.6823475,-1.9680338,9.176975,-0.11728613,0.02687807,-0.12705997
101.0,0.49559975,-2.0374656,9.124303,-0.18325958,0.02443461,-0.15149458
112.0,0.51475334,-2.0398598,9.129091,-0.2406809,0.019547688,-0.16982053
123.0,0.4405331,-2.27928,9.196129,-0.28221974,0.010995574,-0.17837265
132.0,0.37349546,-2.3798366,9.205706,-0.30665436,0.0036651916,-0.18081611
141.0,0.33279404,-2.528277,9.320627,-0.30665436,-0.010995574,-0.17592919
154.0,0.24899697,-2.5905263,9.40203,-0.28221974,-0.03176499,-0.16615535
162.0,0.2705448,-2.6312277,9.490616,-0.2406809,-0.05009095,-0.15393804
173.0,0.3184288,-2.6839,9.394848,-0.1966986,-0.06719518,-0.13439035
182.0,0.34237084,-2.516306,9.442732,-0.15760323,-0.080634214,-0.10873401
193.0,0.2873042,-2.4540567,9.507375,-0.12705997,-0.08674286,-0.0842994
202.0,0.39743748,-2.3511062,9.44752,-0.09896017,-0.08674286,-0.06352998
213.0,0.4381389,-2.255338,9.476251,-0.07941248,-0.08674286,-0.039095376
223.0,0.4165911,-2.2242134,9.536105,-0.07452556,-0.081855945,-0.009773844
232.0,0.60573304,-2.1571758,9.52174,-0.081855945,-0.073303826,0.013439035
242.0,0.58897364,-2.1212628,9.488221,-0.09896017,-0.06719518,0.030543262
252.0,0.48123455,-2.2457612,9.552865,-0.12339478,-0.058643065,0.04642576
262.0,0.5482722,-2.1906946,9.591172,-0.13927728,-0.047647487,0.058643065
273.0,0.5650316,-2.2768857,9.581595,-0.14172074,-0.042760566,0.064751714
282.0,0.6464345,-2.3127987,9.483433,-0.13072516,-0.040317107,0.065973446
293.0,0.7110779,-2.2840683,9.655815,-0.112399206,-0.039095376,0.06352998
302.0,0.7398083,-2.2529438,9.552865,-0.09285152,-0.036651913,0.056199603
312.0,0.6895301,-2.1284454,9.555259,-0.080634214,-0.035430185,0.05131268
322.0,0.6464345,-2.1188686,9.44752,-0.081855945,-0.02565634,0.04153884
333.0,0.56982,-2.078167,9.44752,-0.09407325,-0.019547688,0.030543262
342.0,0.6440403,-2.0398598,9.325416,-0.11728613,-0.018325957,0.02076942
353.0,0.5267244,-2.1930888,9.339781,-0.1441642,-0.015882496,0.017104227
362.0,0.51714754,-2.2170308,9.387665,-0.16371189,-0.021991149,0.014660766
372.0,0.46447513,-2.420538,9.387665,-0.16493362,-0.02687807,0.010995574
382.0,0.48123455,-2.5450363,9.399636,-0.14294247,-0.04153884,0.012217305
394.0,0.36631286,-2.5378537,9.3661175,-0.10995574,-0.058643065,0.02076942
403.0,0.29927522,-2.5115175,9.349358,-0.06963864,-0.07696902,0.032986723
413.0,0.30166942,-2.5737667,9.320627,-0.03176499,-0.096516706,0.04520403
422.0,0.2633622,-2.5306711,9.334992,-0.008552114,-0.11728613,0.061086524
433.0,0.25139117,-2.5210943,9.294291,-0.0012217305,-0.13927728,0.07819075
442.0,0.2657564,-2.6551697,9.382876,-0.012217305,-0.15271631,0.095294975
454.0,0.24181437,-2.7341783,9.454702,-0.028099801,-0.16249016,0.111177474
463.0,0.260968,-2.873042,9.504981,-0.034208454,-0.17348573,0.1282817
473.0,0.24899697,-3.0789435,9.5385,-0.030543262,-0.17592919,0.14905111
482.0,0.30645782,-3.205836,9.540894,-0.018325957,-0.17348573,0.172264
494.0,0.25857377,-3.2920272,9.531317,-0.0012217305,-0.17348573,0.19914207
503.0,0.25378537,-3.2920272,9.519346,0.021991149,-0.17348573,0.22968534
514.0,0.25617957,-3.4093432,9.466674,0.043982297,-0.17104226,0.27000242
523.0,0.21547815,-3.3087866,9.481039,0.064751714,-0.172264,0.3213151
533.0,0.17717093,-3.3207579,9.421184,0.07574729,-0.1685988,0.37751472
543.0,0.21308395,-3.4045548,9.449914,0.07696902,-0.16371189,0.43004912
553.0,0.22026655,-3.406949,9.40203,0.07086037,-0.16615535,0.48502702
562.0,0.14604631,-3.4476504,9.397242,0.058643065,-0.16249016,0.53878313
576.0,0.1388637,-3.4811692,9.380483,0.04642576,-0.15882497,0.5900958
586.0,0.17238252,-3.5577838,9.461885,0.036651913,-0.15515977,0.6401868
597.0,0.17238252,-3.5362358,9.457097,0.030543262,-0.15515977,0.6939429
604.0,0.16759412,-3.514688,9.528923,0.02443461,-0.15515977,0.7476991
616.0,0.24899697,-3.4261026,9.67018,0.009773844,-0.15027285,0.8014552
625.0,0.24181437,-3.41892,9.751583,-0.010995574,-0.14049901,0.8588765
637.0,0.18914193,-3.4955344,9.880871,-0.035430185,-0.12705997,0.91507614
645.0,0.1316811,-3.430891,10.036493,-0.07819075,-0.105068825,0.96883225
656.0,0.090979666,-3.2824504,10.311827,-0.13561209,-0.073303826,1.0177015
666.0,0.079008654,-3.2609026,10.479421,-0.20525073,-0.039095376,1.0592403
675.0,0.033518825,-3.3423057,10.618284,-0.29077184,0.004886922,1.1007792
685.0,-0.15562311,-3.323152,10.740389,-0.3885103,0.05497787,1.1508701
698.0,-0.44771573,-3.2968156,10.857705,-0.58032197,0.1600467,1.2498302
705.0,-0.6895301,-3.157952,11.073183,-0.58032197,0.1600467,1.2498302
715.0,-0.8331822,-3.0454245,11.437101,-0.6597345,0.2125811,1.2986995
725.0,-0.8403648,-2.707842,11.805809,-0.7147123,0.27488935,1.3536774
736.0,-0.9696517,-2.4492683,12.155362,-0.75747293,0.35308012,1.4062119
745.0,-1.0486604,-2.5881321,12.543222,-0.816116,0.45937067,1.4514158
757.0,-1.1133038,-2.7246015,12.945449,-0.9138544,0.5900958,1.4880677
766.0,-1.1851299,-3.0190883,13.254301,-1.0384709,0.7452556,1.5112807
775.0,-1.2234371,-3.7852328,13.36204,-1.282817,1.110553,1.5418239
786.0,-0.89303726,-4.2664676,13.855246,-1.3475688,1.3170254,1.5491543
797.0,-0.7781156,-4.7668557,14.113819,-1.346347,1.5613716,1.5723672
804.0,-0.6751649,-5.1762643,14.288596,-1.3109168,1.8081611,1.6212363
816.0,-0.61530983,-5.5497594,14.233529,-1.3219124,2.090381,1.6713274
825.0,-0.7422025,-5.9519854,13.9438305,-1.3695599,2.4080307,1.7067575
835.0,-0.7086837,-6.4499793,13.139379,-1.3646729,2.6816983,1.7311921
845.0,-0.7374141,-6.8545995,12.162544,-1.2351695,2.9028316,1.7715092
856.0,-1.0223241,-6.6870055,11.434708,-1.0054842,3.1068606,1.8545868
865.0,-1.4269443,-5.829881,11.013328,-0.7831292,3.281568,1.9315559
876.0,-1.5155296,-5.4204726,10.426748,-0.61819565,3.4342844,1.9498819
886.0,-1.6903064,-5.379771,10.213664,-0.5216789,3.6016614,1.9474384
897.0,-1.7669208,-5.0421886,9.7563715,-0.3933972,3.7458258,1.9572122
906.0,-1.9416976,-4.309563,8.439561,-0.16249016,3.8276815,1.9388863
915.0,-1.9991584,-3.6152446,7.103596,0.13927728,3.866777,1.9327776
927.0,-1.9201498,-2.777274,6.045359,0.3567453,3.9046507,1.9254472
937.0,-2.0111294,-2.123657,4.84347,0.45204028,3.9156463,1.8668042
945.0,-2.2098482,-1.9847932,3.6990416,0.51923543,3.8582249,1.772731
955.0,-2.4899697,-2.0374656,2.6001031,0.59864795,3.731165,1.6737708
966.0,-2.8754363,-2.2864625,1.352724,0.7134906,3.5210273,1.6029104
976.0,-3.1052797,-2.5905263,0.58897364,0.82344633,3.2204816,1.5613716
987.0,-3.0478187,-2.8562827,0.107739076,0.8564331,2.8588493,1.5063937
999.0,-2.9975405,-2.6527755,-0.61291564,0.77579886,2.4740043,1.4575244
1005.0,-2.8323407,-2.3223755,-0.7374141,0.6291912,2.0231857,1.4453071
1015.0,-2.6312277,-1.8746599,-0.5315128,0.43127087,1.53205,1.459968
1028.0,-1.7669208,-0.9935937,-0.80684596,0.11728613,1.0054842,1.4367551
1035.0,-0.7398083,-0.07182605,-1.0702082,-0.25534168,0.41538838,1.3475688
1059.0,-0.12928689,0.5363012,-1.1300632,-0.5742133,-0.19058995,1.2095132
1059.0,-0.1364695,0.7565677,-1.4269443,-0.7305948,-0.79901177,1.0616838
1064.0,-0.79248077,0.30885202,-1.6184803,-0.65118235,-1.3817772,0.9236283
1075.0,-1.3072342,-0.44532153,-2.0398598,-0.38240165,-1.9645426,0.78801614
1084.0,-1.3599066,-0.7302315,-2.4013844,0.004886922,-2.5778513,0.6389651
1096.0,-1.271321,-0.272939,-2.3750482,0.43371433,-3.209486,0.45204028
1105.0,-1.0414777,0.46686932,-2.3104045,0.7672467,-3.7836993,0.25900686
1116.0,-0.8283938,0.7398083,-1.9776106,0.94806284,-4.310265,0.081855945
1125.0,-0.62249243,0.89064306,-1.520318,0.9944886,-4.787962,-0.089186326
1135.0,-0.24899697,1.1252748,-0.49081135,0.9969321,-5.220454,-0.28955013
1145.0,0.30406362,1.436521,0.5434838,1.0396926,-5.5955257,-0.5143485
1155.0,0.8690952,1.8411411,2.2218192,1.1203269,-5.900958,-0.7330383
1166.0,1.6927006,1.9273324,5.1762643,1.1129965,-6.0952134,-0.91874135
1177.0,2.3104045,1.4748282,9.050082,0.9309586,-6.1611867,-1.0885619
1185.0,2.2864625,0.5315128,13.869611,0.57910025,-6.107431,-1.2302825
1197.0,1.8483237,-0.7278373,19.582176,0.02321288,-5.943719,-1.2559389
1206.0,0.6703765,-1.9416976,25.342625,-0.6768387,-5.652947,-1.1924089
1217.0,0.19393034,-2.3175871,26.57085,-1.5968018,-5.189911,-1.1349876
1226.0,-1.9129672,-2.56419,25.313894,-2.6804767,-4.2418485,-1.1081096
1236.0,-2.5258827,-1.8387469,22.66112,-3.2742376,-3.2314773,-1.1691961
1246.0,-1.8315643,-5.035006,16.654066,-2.833193,-2.239432,-1.2657127
1257.0,-0.37110126,-13.084312,24.430433,-1.1753048,-1.128879,-1.2315043
1267.0,-0.7517793,-14.015656,25.289953,-0.26511553,-0.5852089,-0.81489426
1276.0,0.1316811,-11.841722,29.939493,-1.8399261,-0.12461651,0.1563815
1285.0,-3.41892,-11.719617,25.347414,-3.3157766,1.2974777,0.7244862
1298.0,-5.4420204,-10.240001,20.597317,-2.8625145,2.0073032,0.62796944
1305.0,-6.172252,-7.089231,17.669209,-0.9761627,2.0964894,0.42760566
1315.0,-4.5274353,-3.2752678,15.832856,0.6817256,2.1746802,0.39706242
1326.0,-2.2816741,-1.5346833,14.403518,1.070236,2.5619688,0.593761
1336.0,-0.8643068,-3.4093432,13.661315,0.4569272,3.1557298,0.9443977
1347.0,-1.2330139,-5.2528787,13.022063,-0.41050145,3.6871827,1.1863003
1357.0,-2.1691468,-4.9464207,11.887212,-0.9138544,4.02438,1.1643091
1366.0,-2.3918076,-4.1611223,10.15381,-0.86009824,4.1868706,1.0763446
1377.0,-1.9632454,-3.715801,8.355764,-0.5009095,4.2821655,1.1239921
1387.0,-1.8483237,-3.4117374,7.1586633,-0.07452556,4.376239,1.2486086
1397.0,-1.9201498,-2.9233203,5.705383,0.3933972,4.411669,1.2901474
1406.0,-2.1332338,-2.3678656,4.7022123,0.8503244,4.3896775,1.2009611
1418.0,-2.0638018,-1.6208745,3.7110126,1.1545353,4.3322563,0.9981538
1426.0,-1.9608512,-1.1875241,2.3319526,1.2522738,4.238183,0.7464773
1435.0,-1.8052281,-1.1659763,0.47165772,1.1753048,4.0683627,0.5204572
1446.0,-1.8411411,-1.9776106,-1.7118542,1.0250319,3.789808,0.37507126
1457.0,-2.0087352,-2.9759927,-3.2130187,0.84788096,3.3939674,0.31520647
1466.0,-2.231396,-3.3039982,-3.9959226,0.6218608,2.8906143,0.3042109
1477.0,-2.4732103,-2.8921957,-3.8762126,0.3652974,2.261423,0.31398472
1486.0,-2.44448,-1.7070658,-3.6272156,0.059864793,1.5577064,0.3555236
1498.0,-1.697489,-0.1364695,-3.1316159,-0.2846632,0.8576548,0.3933972
1507.0,0.6991069,1.6280571,-1.7142484,-0.63285637,0.119729586,0.38606682
1516.0,3.9121256,3.0119057,-1.0606314,-0.9016371,-0.72692966,0.37140608
1526.0,4.4125137,2.3223755,-0.5602432,-0.8576548,-1.5296066,0.30787608
1538.0,2.3415294,0.37349546,-0.4333505,-0.4447099,-2.125811,0.12583824
1547.0,0.58418524,-1.520318,-0.5770026,0.21502456,-2.751337,-0.1282817
1557.0,0.24420857,-2.1092918,-0.46926352,0.95905846,-3.4477234,-0.30787608
1566.0,0.088585466,-1.9416976,-0.45489833,1.5552629,-4.1453314,-0.4166101
1577.0,-0.20350714,-1.8746599,0.5554548,1.9071213,-4.7610836,-0.5119051
1587.0,-0.12449849,-2.1667526,2.815581,2.0244074,-5.2827625,-0.5644395
1599.0,0.1412579,-2.6719291,5.470751,1.7482964,-5.9498277,-0.60231316
1606.0,0.36152446,-2.8993783,8.274361,1.7482964,-5.9498277,-0.60231316
1617.0,-0.047884032,-2.1284454,12.555194,1.3622295,-5.979149,-0.61575216
1626.0,-1.1611878,-0.40940848,17.199945,0.5864306,-5.842315,-0.6267477
1635.0,-1.3718776,0.29209262,17.226282,-2.5411994,-5.144707,-0.4886922
1645.0,-1.3934253,-2.7246015,16.704346,-3.6541958,-4.174653,-0.27000242
1656.0,-1.6160861,-6.5337763,17.168821,-3.363424,-3.2852333,-0.25900686
1667.0,-0.7254431,-13.338098,17.863138,-2.0109684,-2.6829202,-0.36651915
1677.0,-3.1651347,-15.042769,14.939818,-0.4166101,-2.0451767,-0.12461651
1686.0,-1.2665327,-7.78355,21.155167,0.073303826,-2.3909266,0.35918877
1698.0,1.3192052,-4.996699,18.806454,-0.3481932,-2.1820107,0.68661255
1707.0,0.82360536,-6.919243,20.420147,-1.3353515,-1.0177015,0.4642576
1717.0,-1.42455,-7.551312,19.754559,-1.9327776,-0.25900686,0.13927728
1726.0,-4.0054994,-4.5561657,18.26776,-1.6114625,0.002443461,0.11362094
1737.0,-4.0533834,-1.4149733,15.466543,-0.95172805,0.07086037,0.14172074
1746.0,-2.5067291,0.33518824,12.696451,-0.7415904,0.25411993,0.20769419
1756.0,-0.94092125,0.29927522,10.520123,-1.174083,0.6377433,0.2724459
1766.0,-0.17477672,-0.8690952,8.89446,-1.7715092,0.9761627,0.2773328
1778.0,-0.48123455,-2.516306,7.560889,-2.0280726,1.1777482,0.19303341
1786.0,-0.9935937,-3.8594532,6.6367273,-1.8435913,1.2119566,0.087964594
1797.0,-1.3000516,-4.6136265,6.033388,-1.3536774,1.1142182,0.036651913
1806.0,-1.1204864,-4.7141833,5.604826,-0.6805039,0.93951076,0.037873644
1818.0,-0.8283938,-4.1515455,5.1930237,0.061086524,0.70738196,0.036651913
1828.0,-0.5482722,-3.4715924,5.0158525,0.6951646,0.46670106,-0.014660766
1837.0,-0.35434186,-2.7150247,5.149928,1.0714576,0.26145032,-0.10262536
1846.0,-0.11492168,-2.0326772,5.470751,1.142318,0.08307768,-0.20280726
1856.0,0.3184288,-1.8626889,6.090849,0.96761054,-0.06352998,-0.30298916
1867.0,0.79008657,-2.597709,7.038953,0.65240407,-0.13927728,-0.3567453
1876.0,1.1180922,-4.084508,7.831434,0.32253686,-0.1685988,-0.32253686
1887.0,1.1540052,-5.2241483,8.51857,0.08674286,-0.19058995,-0.23090707
1899.0,0.9983821,-5.875371,8.935161,-0.0036651916,-0.22113322,-0.15271631
1907.0,0.80205756,-5.9567738,9.004593,0.034208454,-0.25534168,-0.12705997
1917.0,0.63206923,-5.877765,8.937555,0.10995574,-0.28344148,-0.11728613
1927.0,0.5291186,-5.884948,8.822633,0.15393804,-0.30176744,-0.06719518
1937.0,0.24899697,-5.8083334,8.779537,0.17470746,-0.3042109,0.012217305
1948.0,0.12210429,-5.341464,8.805874,0.21135938,-0.3213151,0.06352998
1959.0,-0.088585466,-4.8602295,8.798691,0.2565634,-0.3359759,0.07452556
1966.0,-0.20350714,-4.429273,8.839393,0.2919936,-0.34208453,0.07452556
1977.0,-0.33518824,-4.0462008,8.956709,0.29443705,-0.33353242,0.07819075
1987.0,-0.4141969,-3.7014358,9.205706,0.27000242,-0.31887165,0.07574729
1999.0,-0.47884035,-3.478775,9.464279,0.23090707,-0.29077184,0.062308256
2006.0,-0.4237737,-3.5362358,9.600749,0.19914207,-0.25289822,0.05131268
2018.0,-0.3854665,-3.5553896,9.713276,0.18203785,-0.20891592,0.04642576
2027.0,-0.32321724,-3.6032736,9.794679,0.18081611,-0.15393804,0.042760566
2039.0,-0.24899697,-3.4763808,9.85214,0.19792034,-0.10751228,0.02076942
2047.0,-0.1604115,-3.4739866,9.698911,0.22602014,-0.061086524,-0.019547688
2085.0,-0.107739076,-3.5218706,9.605537,0.25411993,-0.007330383,-0.062308256
2085.0,-0.055066638,-3.4620156,9.504981,0.27488935,0.035430185,-0.096516706
2085.0,-0.023942016,-3.4811692,9.433155,0.28588495,0.07696902,-0.13072516
2085.0,-0.023942016,-3.4811692,9.354146,0.2846632,0.11362094,-0.16615535
2097.0,0.009576807,-3.4452562,9.251195,0.26389378,0.13805555,-0.19181168
2106.0,-0.016759412,-3.5769374,9.167398,0.22357668,0.16493362,-0.20280726
2116.0,0.021547815,-3.6248214,9.121908,0.16493362,0.18203785,-0.20158553
2125.0,0.0047884034,-3.6846764,9.076419,0.09896017,0.17592919,-0.19792034
2137.0,-0.12689269,-3.7062242,9.050082,0.039095376,0.16982053,-0.19425514
2146.0,-0.19393034,-3.7493198,8.971074,-0.017104227,0.1600467,-0.18448131
2156.0,-0.21068975,-3.6966474,8.949526,-0.081855945,0.14905111,-0.16737708
2166.0,-0.24420857,-3.8833952,8.961497,-0.14049901,0.1441642,-0.14660765
2177.0,-0.24660277,-3.9360676,8.987833,-0.16249016,0.12583824,-0.12339478
2187.0,-0.2681506,-3.9743748,9.009381,-0.15027285,0.10873401,-0.103847094
2200.0,-0.34237084,-3.9264908,9.050082,-0.1160644,0.0842994,-0.087964594
2207.0,-0.4165911,-3.881001,9.0429,-0.07574729,0.061086524,-0.073303826
2218.0,-0.39983168,-3.8283286,8.987833,-0.05009095,0.037873644,-0.05131268
2228.0,-0.4141969,-3.715801,8.887277,-0.047647487,0.034208454,-0.03176499
2237.0,-0.34955344,-3.7900212,8.863335,-0.040317107,0.02565634,-0.02076942
2246.0,-0.36152446,-3.7684734,8.779537,-0.035430185,0.018325957,-0.019547688
2259.0,-0.2801216,-3.7014358,8.7771435,-0.02565634,0.015882496,-0.019547688
2267.0,-0.272939,-3.6248214,8.755595,-0.0036651916,0.008552114,-0.013439035
2276.0,-0.2825158,-3.6008794,8.722076,0.02443461,0.002443461,-0.010995574
2289.0,-0.31603462,-3.620033,8.767567,0.04520403,-0.0012217305,-0.012217305
2299.0,-0.2801216,-3.6535518,8.695741,0.05375614,0.0,-0.014660766
2308.0,-0.22984336,-3.6224272,8.736442,0.057421334,-0.002443461,-0.015882496
2318.0,-0.2681506,-3.6535518,8.726865,0.065973446,-0.010995574,-0.019547688
2327.0,-0.25857377,-3.643975,8.7125,0.065973446,-0.0061086523,-0.019547688
2338.0,-0.2681506,-3.5865142,8.695741,0.058643065,-0.007330383,-0.02076942
2347.0,-0.30166942,-3.5577838,8.65025,0.04642576,-0.0061086523,-0.029321533
2357.0,-0.35194764,-3.6487634,8.62152,0.032986723,-0.0061086523,-0.036651913
2366.0,-0.23223756,-3.7301662,8.76996,0.019547688,0.0012217305,-0.042760566
2377.0,-0.17956513,-4.0342298,8.935161,0.02076942,0.010995574,-0.04642576
2386.0,-0.260968,-4.292804,8.9519205,0.039095376,0.02076942,-0.037873644
2398.0,-0.29209262,-4.2640734,8.9279785,0.089186326,0.028099801,-0.021991149
2406.0,-0.37349546,-4.0414124,8.89446,0.089186326,0.028099801,-0.021991149
2417.0,-0.39983168,-3.9193082,8.827422,0.10873401,0.034208454,-0.02565634
2426.0,-0.4357447,-3.8283286,8.734048,0.103847094,0.034208454,-0.017104227
2439.0,-0.47405192,-3.7852328,8.707711,0.07819075,0.032986723,-0.002443461
2448.0,-0.40940848,-3.7565024,8.6095495,0.013439035,0.030543262,0.004886922
2457.0,-0.36152446,-3.7804444,8.714894,-0.009773844,0.03176499,0.002443461
2468.0,-0.34476504,-3.727772,8.808268,-0.02565634,0.03176499,0.004886922
2477.0,-0.32800564,-3.8187518,8.846576,-0.030543262,0.032986723,0.007330383
2487.0,-0.29448682,-3.8379054,8.832211,-0.02321288,0.039095376,0.0061086523
2500.0,-0.21068975,-3.8953662,8.846576,-0.004886922,0.039095376,0.0036651916
2507.0,-0.25857377,-3.8355112,8.834604,0.02443461,0.036651913,0.002443461
2518.0,-0.29688102,-3.667917,8.880095,0.05131268,0.036651913,-0.0012217305
2527.0,-0.21547815,-3.6990416,8.865729,0.057421334,0.035430185,-0.004886922
2539.0,-0.2633622,-3.7014358,8.820239,0.043982297,0.040317107,-0.008552114
2547.0,-0.2777274,-3.7541082,8.899248,0.02321288,0.04520403,-0.010995574
2558.0,-0.2825158,-3.8187518,8.939949,0.0061086523,0.05375614,-0.010995574
2567.0,-0.24181437,-3.8139634,8.901642,-0.0061086523,0.05497787,-0.010995574
2578.0,-0.30406362,-3.8905778,8.9519205,-0.007330383,0.052534413,-0.013439035
2589.0,-0.2681506,-3.8474822,8.9758625,-0.0036651916,0.05497787,-0.015882496
2599.0,-0.30885202,-3.9719806,9.016563,0.004886922,0.056199603,-0.013439035
2607.0,-0.29209262,-4.0174704,9.0476885,0.02076942,0.05375614,-0.007330383
2620.0,-0.2873042,-4.0414124,9.112331,0.039095376,0.057421334,-0.0036651916
2629.0,-0.32561144,-3.9935284,9.102755,0.062308256,0.058643065,0.002443461
2638.0,-0.30885202,-3.9743748,9.093178,0.087964594,0.059864793,0.007330383
2648.0,-0.37110126,-3.881001,9.078813,0.119729586,0.056199603,0.009773844
2659.0,-0.35673606,-3.7349546,9.028535,0.14905111,0.05131268,0.010995574
2667.0,-0.35673606,-3.5649664,8.973468,0.1563815,0.047647487,0.013439035
2679.0,-0.33279404,-3.560178,8.9998045,0.14049901,0.04886922,0.017104227
2688.0,-0.38067806,-3.5577838,8.971074,0.112399206,0.05009095,0.019547688
2698.0,-0.4237737,-3.5458126,8.89446,0.08307768,0.04886922,0.02443461
2709.0,-0.4165911,-3.5003228,8.920795,0.061086524,0.043982297,0.02687807
2719.0,-0.44532153,-3.4284968,8.884883,0.05009095,0.037873644,0.02321288
2728.0,-0.41180268,-3.4237084,8.868123,0.040317107,0.035430185,0.015882496
2739.0,-0.48123455,-3.4524388,8.9279785,0.021991149,0.035430185,0.014660766
2747.0,-0.4381389,-3.5075054,8.9519205,0.004886922,0.035430185,0.013439035
2757.0,-0.4237737,-3.58412,8.935161,0.0012217305,0.036651913,0.004886922
2767.0,-0.37110126,-3.7014358,8.911219,0.015882496,0.037873644,-0.0036651916
2778.0,-0.45250413,-3.6774938,8.963891,0.030543262,0.043982297,-0.009773844
2787.0,-0.48362875,-3.5793316,8.911219,0.036651913,0.04520403,-0.013439035
2799.0,-0.47405192,-3.6367924,8.884883,0.028099801,0.047647487,-0.017104227
2806.0,-0.47644615,-3.5913026,8.827422,-0.002443461,0.05375614,-0.02076942
2817.0,-0.545878,-3.6032736,8.836999,-0.047647487,0.057421334,-0.02076942
2827.0,-0.49559975,-3.5577838,8.779537,-0.096516706,0.052534413,-0.019547688
2838.0,-0.46208093,-3.679888,8.884883,-0.14905111,0.05497787,-0.017104227
2848.0,-0.39025488,-3.8379054,8.949526,-0.2003638,0.059864793,-0.009773844
2861.0,-0.4381389,-4.003105,8.971074,-0.23945917,0.065973446,-0.0012217305
2869.0,-0.45968673,-4.134786,9.02614,-0.26267207,0.06719518,0.0061086523
2880.0,-0.4141969,-4.1706996,8.956709,-0.2773328,0.07574729,0.014660766
2889.0,-0.4429273,-4.0581717,8.829816,-0.28344148,0.07574729,0.02443461
2901.0,-0.5506664,-4.0294414,8.75799,-0.2846632,0.07696902,0.03176499
2910.0,-0.59376204,-3.9863458,8.734048,-0.28099802,0.073303826,0.032986723
2921.0,-0.59855044,-4.012682,8.7125,-0.27488935,0.07086037,0.032986723
2929.0,-0.62249243,-4.06296,8.662222,-0.25778514,0.07086037,0.034208454
2940.0,-0.557849,-4.201824,8.714894,-0.22113322,0.064751714,0.039095376
2949.0,-0.51475334,-4.2544966,8.779537,-0.1600467,0.06352998,0.039095376
2959.0,-0.44532153,-4.27365,8.726865,-0.080634214,0.059864793,0.034208454
2968.0,-0.50038815,-4.1706996,8.743625,0.002443461,0.056199603,0.02687807
2980.0,-0.47644615,-4.0797195,8.724471,0.0720821,0.05131268,0.018325957
2990.0,-0.4189853,-3.9743748,8.693346,0.111177474,0.052534413,0.009773844
3000.0,-0.46926352,-3.9480386,8.714894,0.13072516,0.056199603,0.0
3010.0,-0.47405192,-3.916914,8.7053175,0.13805555,0.059864793,-0.004886922
3019.0,-0.50278234,-3.8881836,8.688558,0.13072516,0.058643065,-0.0061086523
