51.0,-2.7389667,0.05267244,9.258378,0.16371189,0.12217305,-0.06963864
63.0,-2.7485435,0.15083471,9.239224,-0.021991149,-0.2724459,-0.26267207
63.0,-2.5833437,0.031124622,9.179369,-0.089186326,-0.46181414,-0.26267207
70.0,-2.585738,-0.107739076,9.227253,0.0012217305,0.28099802,0.17104226
81.0,-2.4468741,-0.08140286,9.234436,-0.032986723,0.26511553,0.2406809
99.0,-2.6001031,0.033518825,9.208099,-0.042760566,0.06352998,0.17715092
101.0,-2.6743233,0.0,9.200917,-0.021991149,-0.09773844,0.10629055
110.0,-2.597709,0.007182605,9.208099,-0.014660766,-0.1001819,0.119729586
120.0,-2.147599,-0.2633622,9.275137,-0.014660766,-0.103847094,0.13439035
130.0,-2.2505496,0.021547815,9.153033,-0.02687807,-0.11362094,0.096516706
141.0,-2.4253263,0.10295067,9.232041,-0.034208454,-0.089186326,0.019547688
150.0,-2.456451,0.1412579,9.313444,-0.029321533,-0.07086037,0.02443461
160.0,-2.504335,0.050278235,9.363723,-0.043982297,-0.08307768,0.057421334
170.0,-2.3463178,0.08140286,9.351752,-0.057421334,-0.08307768,0.06719518
181.0,-2.3415294,0.06464344,9.358934,-0.064751714,-0.0842994,0.059864793
192.0,-2.4109612,0.035913024,9.3661175,-0.0720821,-0.087964594,0.05497787
202.0,-2.4779987,0.01436521,9.3733,-0.07819075,-0.08674286,0.061086524
211.0,-2.4851813,-0.06943185,9.308656,-0.07819075,-0.09407325,0.07452556
221.0,-2.4516625,-0.05267244,9.174581,-0.073303826,-0.10873401,0.09040806
230.0,-2.4708161,-0.062249243,9.085996,-0.062308256,-0.12461651,0.09896017
243.0,-2.468422,-0.093373865,9.062054,-0.058643065,-0.13927728,0.10262536
251.0,-2.3894134,-0.24181437,9.078813,-0.06963864,-0.15149458,0.112399206
262.0,-2.3080103,-0.4357447,9.119514,-0.09285152,-0.16126843,0.12583824
270.0,-2.2649148,-0.58657944,9.232041,-0.10751228,-0.16737708,0.13927728
281.0,-2.1906946,-0.830788,9.279925,-0.10629055,-0.18203785,0.15515977
293.0,-2.1332338,-0.91458505,9.258378,-0.09040806,-0.19425514,0.16126843
302.0,-2.2840683,-0.82121116,9.138668,-0.05497787,-0.20280726,0.16615535
311.0,-2.3798366,-0.79008657,9.002198,-0.015882496,-0.22357668,0.18692477
323.0,-2.4851813,-0.6536171,8.913613,0.0,-0.25045475,0.21380283
331.0,-2.267309,-0.50757074,9.002198,-0.0061086523,-0.2724459,0.24312437
341.0,-2.054225,-0.29209262,9.301474,-0.028099801,-0.29077184,0.2724459
351.0,-2.042254,-0.17956513,9.533711,-0.06352998,-0.2883284,0.2919936
362.0,-2.1883004,-0.007182605,9.651027,-0.10873401,-0.27000242,0.3200934
371.0,-2.3535004,0.062249243,9.588778,-0.15271631,-0.25900686,0.36163223
382.0,-2.315193,-0.0023942017,9.67018,-0.18203785,-0.24312437,0.39950588
391.0,-2.243367,0.12928689,9.674969,-0.21013765,-0.23090707,0.40561453
402.0,-2.243367,0.36152446,9.703699,-0.24923302,-0.22235495,0.38362336
411.0,-2.5617957,0.47884035,9.689334,-0.28221974,-0.20769419,0.36041048
421.0,-3.3494883,0.89064306,9.349358,-0.24923302,-0.20525073,0.3371976
431.0,-1.9536686,2.1021092,9.40203,-0.096516706,-0.29077184,0.25411993
443.0,-1.2473791,2.7365725,9.344569,0.06719518,-0.3494149,0.02565634
451.0,-1.328782,2.5067291,9.691729,0.119729586,-0.2443461,-0.12095132
462.0,-1.4867992,2.1212628,10.168175,0.11728613,-0.12583824,-0.12583824
471.0,-1.6280571,1.7860745,10.790668,0.12583824,-0.019547688,-0.12583824
482.0,-1.7046716,1.436521,11.247959,0.17592919,0.07574729,-0.16737708
491.0,-1.7669208,1.0486604,11.628637,0.18936823,0.14294247,-0.20891592
504.0,-2.0326772,0.842759,11.908759,0.1001819,0.22235495,-0.21624629
511.0,-2.303222,0.6967127,12.3277445,-0.058643065,0.32498032,-0.20769419
522.0,-2.5689783,0.50278234,12.469003,-0.22235495,0.43371433,-0.21868975
531.0,-2.7724855,0.1388637,12.433089,-0.35918877,0.52656585,-0.24801129
542.0,-2.6001031,-0.21308395,12.236765,-0.4569272,0.6084218,-0.28710666
551.0,-2.4732103,-0.2873042,11.980585,-0.50946164,0.70005155,-0.32986724
564.0,-2.219425,-0.16280572,11.6669445,-0.48991394,0.77457714,-0.3652974
574.0,-2.0494366,0.21547815,11.348516,-0.41538838,0.81489426,-0.39461896
583.0,-1.9536686,0.15083471,11.087548,-0.31764993,0.88697636,-0.41538838
593.0,-1.8243817,-0.074220255,10.795456,-0.23945917,0.9615019,-0.40561453
603.0,-1.8387469,-0.50996494,10.929531,-0.21868975,1.0323622,-0.37873647
613.0,-1.8171991,-0.92655605,11.147403,-0.27488935,1.0910053,-0.34208453
623.0,-1.9321208,-1.1947067,10.117896,-0.42271876,1.1227703,-0.31398472
633.0,-1.8028339,-1.6424223,10.726024,-0.5888741,1.1484267,-0.31398472
643.0,-2.2457612,-2.3678656,9.94312,-0.689056,1.2730432,-0.35918877
652.0,-2.396596,-2.291251,9.083601,-0.5363397,1.3414601,-0.4202753
662.0,-2.980781,-1.8459295,9.23683,-0.23090707,1.3842206,-0.47158796
674.0,-3.3925838,-1.4413095,9.196129,0.12950343,1.4501941,-0.45081854
685.0,-3.5003228,-1.3096284,9.040505,0.41416663,1.428203,-0.4288274
693.0,-3.7421372,-0.62488663,8.762778,0.4166101,1.4123205,-0.43004912
705.0,-4.175488,0.021547815,8.456321,-0.40317106,1.4929546,-0.33475417
713.0,-4.6519337,0.79248077,9.397242,-0.40317106,1.4929546,-0.33475417
723.0,-5.0278234,0.35673606,7.4244194,-1.3976597,1.5625933,-0.2125811
733.0,-5.7867856,-2.3750482,7.1514807,-2.461787,1.7421877,-0.095294975
744.0,-6.447585,-6.3901243,6.7444663,-2.1111503,1.7629571,0.10262536
753.0,-6.184223,-5.695806,6.4140663,-1.2034045,1.6163495,0.09162979
765.0,-5.7987566,-4.405331,5.6790466,0.002443461,1.4172074,0.16982053
774.0,-5.185841,-2.4947581,5.1571107,1.0360274,1.2425,0.21502456
784.0,-4.733337,-0.79726917,5.130774,1.5515977,1.1618657,0.1563815
795.0,-4.498705,0.11731588,4.76925,1.4624114,1.1716396,0.10140363
807.0,-4.4460325,-0.19153613,4.4939165,1.0103711,1.174083,0.14049901
813.0,-4.501099,-0.9792285,4.156334,0.535118,1.128879,0.20158553
824.0,-4.63278,-1.5777789,3.857059,0.2406809,1.0299188,0.21991149
834.0,-4.6375685,-1.5873557,3.7684734,0.118507855,0.8491027,0.23457226
844.0,-4.3598413,-1.3000516,3.6008794,0.08674286,0.5864306,0.2406809
853.0,-3.6607344,-0.7062895,3.8642416,0.02076942,0.2932153,0.21991149
866.0,-3.0262709,-0.21787235,4.1012673,-0.19792034,-0.014660766,0.21135938
874.0,-2.3870192,-0.016759412,4.173094,-0.5180137,-0.33353242,0.25289822
884.0,-1.982399,-0.32800564,4.010288,-0.77213365,-0.69027776,0.30543262
894.0,-1.7932571,-0.6919243,3.7086184,-0.816116,-1.0800097,0.32253686
905.0,-1.6663644,-0.7613561,3.478775,-0.61086524,-1.5161675,0.30909783
915.0,-1.6304513,-0.22266077,3.4165258,-0.2284636,-1.9743165,0.30176744
926.0,-1.4413095,0.31603462,3.3782187,0.22113322,-2.4165828,0.31642818
935.0,-1.1707647,0.7589619,3.9073372,0.675617,-2.8417451,0.3213151
945.0,-0.8810662,1.2018893,4.3502645,1.1264355,-3.2400293,0.2932153
954.0,-0.7302315,1.5466543,4.9919105,1.5943583,-3.5735617,0.25167647
964.0,-0.8738836,1.7788919,5.9400144,2.0476203,-3.813021,0.2321288
974.0,-1.0630256,1.757344,7.252037,2.3848178,-3.9681807,0.25534168
986.0,-1.1683705,1.4149733,8.573636,2.5509732,-4.0610323,0.29810223
994.0,-1.2761095,0.92416185,10.424355,2.5167649,-4.08791,0.33475417
1006.0,-1.8004397,0.7733272,13.089101,2.2968533,-4.021937,0.37873647
1013.0,-2.6240451,1.6424223,14.386758,1.8716911,-3.938859,0.45204028
1025.0,-2.4779987,3.2968156,11.269507,1.1398746,-3.8142426,0.57543504
1035.0,-3.4380736,5.6790466,17.96609,0.376293,-3.3438764,0.73426
1045.0,-0.2657564,7.062895,19.967642,-0.021991149,-2.6633725,0.4361578
1053.0,-0.5530606,3.1435869,25.309107,-0.22357668,-2.2064452,0.35308012
1086.0,-0.557849,-1.3215994,26.417622,-2.035403,-0.829555,0.39950588
1086.0,-0.009576807,-4.9943047,25.929205,-3.3585372,0.52534413,0.13316862
1086.0,-2.7389667,-4.55856,20.671537,-1.9339994,0.7611381,-0.112399206
1092.0,-4.271256,1.6065093,18.318037,-0.2443461,0.8258898,-0.6927212
1105.0,-3.6535518,4.074931,15.883134,0.13072516,1.1007792,-0.93828905
1114.0,-2.0638018,2.5689783,13.192051,-0.79412484,1.7116444,-0.675617
1124.0,-0.6440403,0.4213795,10.69011,-2.0952678,2.2540927,-0.46303585
1133.0,0.11492168,-0.9840169,9.811439,-2.919936,2.5815165,-0.47891834
1144.0,-0.30645782,-1.9512744,10.788273,-3.281568,2.8759537,-0.5180137
1153.0,-1.541866,-3.1651347,12.363658,-3.3927455,3.2033772,-0.37140608
1165.0,-2.5474305,-4.6950297,13.613431,-3.2131512,3.5246925,-0.09773844
1173.0,-2.7629087,-5.616797,13.43626,-2.493552,3.7018435,0.07696902
1184.0,-2.6120741,-5.1810527,11.990162,-1.1911873,3.662748,0.09040806
1193.0,-2.1164744,-3.1483753,9.861717,0.2687807,3.5234706,0.034208454
1205.0,-1.7501614,-1.0390835,7.7189064,1.314582,3.4110715,-0.052534413
1214.0,-1.6591818,0.49320555,5.7724204,1.6737708,3.3964107,-0.17592919
1227.0,-1.9009962,0.79966336,4.158728,1.4379768,3.4012976,-0.32498032
1234.0,-2.542642,0.02633622,2.4349031,0.8038987,3.3512068,-0.44715336
1244.0,-3.5769374,-1.271321,0.24660277,-0.032986723,3.1948252,-0.4813618
1256.0,-4.55856,-2.861071,-1.6543933,-0.86009824,2.879619,-0.38728857
1267.0,-5.3678,-4.201824,-2.3319526,-1.491733,2.4178047,-0.20525073
1274.0,-5.758055,-4.441244,-1.8028339,-1.8154916,1.8851302,-0.04153884
1288.0,-5.6000376,-3.5170822,-0.59136784,-1.7849482,1.3035865,0.05375614
1294.0,-4.0916905,-1.2761095,0.92416185,-1.5015068,0.6365216,0.10629055
1307.0,-0.5482722,0.9888053,1.9536686,-1.2327261,-0.21013765,0.22602014
1315.0,2.4396915,1.982399,2.552219,-0.99082345,-0.97494096,0.38362336
1326.0,3.122039,1.4101849,2.7940333,-0.59986967,-1.5088371,0.33475417
1335.0,1.6136919,-0.23702596,3.004723,-0.018325957,-1.9242256,0.16737708
1347.0,-0.107739076,-1.7645266,2.6264393,0.8038987,-2.3518312,0.009773844
1355.0,-0.49559975,-2.5809495,2.2050598,1.772731,-2.9089403,-0.040317107
1365.0,0.11971009,-2.8538885,2.3750482,2.552195,-3.4709363,0.05131268
1375.0,0.581791,-2.825158,3.643975,2.9223793,-3.911981,0.14660765
1386.0,0.7493851,-2.6743233,5.2002063,2.9138272,-4.1905355,0.1563815
1394.0,0.62728083,-2.4372973,6.8785415,2.7232373,-4.353026,0.15271631
1407.0,0.20111294,-1.4460979,9.44752,2.4336872,-4.346917,0.17348573
1414.0,-0.088585466,-0.21547815,12.318168,1.9865338,-4.233296,0.20769419
1425.0,-0.545878,0.61530983,15.239094,1.3182472,-4.0695844,0.24678956
1434.0,-1.7836803,1.6950948,16.630125,0.5143485,-3.9022071,0.3042109
1445.0,-3.4045548,2.4995465,12.876017,-0.36774087,-3.8362339,0.36651915
1456.0,-4.0916905,1.7860745,8.640674,-1.2596041,-3.7006216,0.47158796
1466.0,-4.2281604,0.7374141,7.5704656,-1.8668042,-3.2937853,0.5522222
1475.0,-1.103727,-0.8643068,7.855376,-2.243097,-2.8124237,0.4166101
1486.0,-0.30885202,-5.3725886,7.565677,-2.149024,-1.881465,0.21502456
1496.0,0.9624691,-9.536105,16.606182,-1.2425,-1.4697418,0.07941248
1507.0,1.1013328,-8.032547,23.302765,0.8002335,-0.3567453,-0.14905111
1515.0,-3.1747115,-3.8259344,22.991518,0.8002335,-0.3567453,-0.14905111
1527.0,-4.7261543,0.46447513,21.5957,1.5919148,-0.27366763,-0.40439278
1535.0,-4.084508,4.000711,18.368315,2.0769417,-0.3494149,-0.46914452
1545.0,-2.906561,4.841076,15.392323,1.709201,0.007330383,-0.35796702
1554.0,-1.7860745,3.4739866,13.582306,0.5180137,0.50579643,-0.18570304
1565.0,-1.6424223,-0.80684596,12.380417,-1.3158038,1.1398746,-0.17348573
1575.0,-2.3918076,-1.5131354,10.850522,-1.4697418,1.1643091,-0.18203785
1586.0,-1.8986019,-1.5897499,10.328587,-1.3524556,1.0677924,-0.10995574
1595.0,-0.9864111,-1.6041151,9.931149,-1.1582005,0.956615,-0.03176499
1608.0,-0.32800564,-1.7070658,9.7084875,-0.9615019,0.8857546,0.007330383
1615.0,0.031124622,-1.9369092,9.397242,-0.7452556,0.83199847,0.029321533
1627.0,0.17238252,-2.0853498,8.911219,-0.46670106,0.7611381,0.064751714
1635.0,0.15801731,-1.8674773,8.37013,-0.118507855,0.6609562,0.119729586
1647.0,0.076614454,-1.541866,7.8769236,0.2443461,0.5497787,0.16493362
1655.0,-0.08140286,-1.2018893,7.4962454,0.535118,0.44226643,0.18203785
1666.0,-0.1316811,-0.7350199,7.299921,0.6780604,0.3408628,0.17592919
1674.0,-0.36631286,-0.5650316,7.5920134,0.64751714,0.2687807,0.15271631
1685.0,-0.45968673,-0.6943185,8.350976,0.46914452,0.23823744,0.12095132
1696.0,-0.7110779,-0.9888053,9.490616,0.21502456,0.2602286,0.089186326
1709.0,-1.0462662,-1.2808979,10.553641,-0.004886922,0.32498032,0.056199603
1714.0,-1.3359646,-1.4867992,11.841722,-0.12950343,0.40194935,0.015882496
1726.0,-1.5059528,-1.6256629,12.744335,-0.1966986,0.4972443,-0.012217305
1736.0,-1.6711528,-1.5466543,13.338098,-0.25045475,0.6291912,-0.0061086523
1747.0,-1.8579005,-1.6017209,13.611036,-0.28955013,0.784351,0.018325957
1755.0,-2.0398598,-1.8674773,13.139379,-0.32986724,0.95905846,0.04886922
1768.0,-2.1571758,-2.3199813,12.744335,-0.3371976,1.1337659,0.08674286
1776.0,-2.2122424,-2.717419,12.253524,-0.267559,1.2889256,0.10995574
1786.0,-2.0159178,-2.8538885,11.592725,-0.13927728,1.4477507,0.081855945
1795.0,-1.721431,-2.3463178,11.061212,-0.017104227,1.6200147,0.010995574
1808.0,-1.5873557,-1.7501614,10.685322,0.02076942,1.8142698,-0.05009095
1816.0,-1.7286136,-1.1563994,10.2495775,-0.0842994,2.0182989,-0.07574729
1827.0,-2.0350714,-0.47884035,9.890448,-0.33964106,2.204002,-0.10262536
1835.0,-2.4827871,-0.39983168,9.181764,-0.6658431,2.3811526,-0.14294247
1846.0,-2.8323407,-0.878672,8.707711,-0.96883225,2.5375342,-0.18081611
1856.0,-3.1651347,-1.970428,8.226477,-1.1239921,2.652377,-0.19181168
1865.0,-3.442862,-2.80361,7.2951326,-1.0519099,2.6902506,-0.19058995
1875.0,-3.5649664,-2.861071,6.579266,-0.8356637,2.6426032,-0.18692477
1887.0,-3.892972,-3.2106245,5.913678,-0.56199604,2.5729644,-0.17592919
1896.0,-4.3263226,-3.1483753,4.7620673,-0.24923302,2.4324653,-0.15149458
1908.0,-4.5992613,-2.870648,3.7014358,-0.029321533,2.1954496,-0.13194689
1916.0,-5.0493712,-2.6024973,2.3870192,0.04642576,1.9242256,-0.1160644
1926.0,-5.305551,-2.6384103,1.1540052,-0.02076942,1.6310102,-0.062308256
1937.0,-5.427655,-2.920926,0.8475474,-0.2406809,1.3451253,0.05009095
1948.0,-5.4300494,-3.1794999,1.8315643,-0.5497787,1.1215485,0.18448131
1955.0,-5.2289367,-2.7126305,3.3159695,-0.75869465,0.9224065,0.25534168
1966.0,-4.0462008,-1.3455414,4.7046065,-0.75747293,0.6450737,0.20158553
1976.0,-1.1779473,0.08140286,5.511452,-0.7049385,0.1881465,0.13927728
1986.0,2.528277,0.90261406,5.705383,-0.77579886,-0.38973203,0.20891592
1996.0,3.4883518,0.20111294,5.6120086,-0.90041536,-0.8503244,0.27000242
2009.0,1.6831238,-1.6017209,4.903325,-0.8356637,-1.205848,0.15027285
2016.0,-0.58418524,-3.0382419,3.6750996,-0.3921755,-1.6285667,0.02687807
2027.0,-1.1300632,-3.2609026,2.5761611,0.37995818,-2.1697934,0.07941248
2036.0,-0.9816227,-2.5498247,2.5091233,1.1594223,-2.7269025,0.21502456
2046.0,-0.8882488,-1.2593501,2.8443117,1.6432275,-3.1984904,0.267559
2057.0,-0.49081135,-0.7062895,4.2281604,1.8704693,-3.5589008,0.2284636
2088.0,-0.06703765,-0.6488287,6.399701,1.9572122,-3.7861428,0.17470746
2088.0,0.17956513,-0.5602432,8.801085,1.9364429,-3.8741074,0.12583824
2088.0,-0.021547815,-0.6799533,11.5951185,1.8704693,-3.8508945,0.096516706
2095.0,-0.6584055,-0.32800564,14.911088,1.6994271,-3.7678168,0.112399206
2109.0,-2.908955,1.8483237,15.468937,1.2400564,-3.7336085,0.16249016
2117.0,-3.5865142,2.9257145,11.877635,0.344528,-3.8728857,0.27122417
2126.0,-3.3494883,0.9816227,9.765948,-0.6084218,-3.7006216,0.50335294
2136.0,-2.2720973,-1.2042835,8.269572,-1.2571607,-3.2143729,0.643852
2146.0,-0.20111294,-3.7205894,12.413936,-1.6530013,-2.6658158,0.50946164
2155.0,0.28491,-9.380483,16.448166,-1.4672983,-1.6676621,0.267559
2165.0,-0.30166942,-12.624625,29.285875,0.04642576,-1.0946705,0.3408628
2175.0,-3.2872388,-3.8738184,30.281862,0.9297369,-0.44715336,0.45081854
2188.0,-3.8283286,1.292869,25.876532,1.1948525,-0.09040806,0.24678956
2195.0,-3.323152,3.169923,20.683508,1.3451253,0.34208453,0.02687807
2207.0,-2.9281087,3.3327289,16.984467,0.8344419,1.1337659,-0.17104226
2216.0,-3.004723,1.6543933,14.621389,-0.13194689,1.8863518,-0.26511553
2227.0,-2.731784,0.51714754,11.7148285,-0.9663888,2.3066273,-0.29443705
2237.0,-1.8148049,-0.2681506,9.370906,-1.518611,2.4569001,-0.31642818
2248.0,-0.878672,-1.4891934,8.066066,-1.8863518,2.5631905,-0.25167647
2256.0,-0.7398083,-2.8874073,8.298303,-2.1514673,2.7036896,-0.089186326
2267.0,-1.5514427,-4.3358994,9.931149,-2.221106,2.8832839,0.087964594
2275.0,-2.396596,-5.363012,11.360487,-1.8057177,3.0482175,0.2125811
2288.0,-2.9951463,-4.900931,11.192893,-0.8393288,3.0750957,0.2932153
2296.0,-2.695871,-2.777274,10.055647,0.3481932,2.9358184,0.33475417
2309.0,-2.3295584,-0.6584055,8.925584,1.7641789,2.8368583,0.1600467
2316.0,-2.4253263,1.2761095,7.61835,1.7641789,2.8368583,0.1600467
2327.0,-2.2505496,1.934515,7.2209125,1.7690657,2.8576276,-0.017104227
2335.0,-2.2840683,1.42455,7.1490865,1.4086553,2.9431489,-0.1881465
2345.0,-2.5258827,0.45010993,7.007828,0.9211848,3.037222,-0.34330627
2356.0,-2.942474,-0.35434186,6.5505357,0.5717699,3.050661,-0.45937067
2368.0,-3.277662,-0.9528923,5.662287,0.40194935,2.9614747,-0.5045747
2376.0,-3.3063924,-1.3742718,4.0916905,0.2968805,2.7684412,-0.5143485
2387.0,-3.4739866,-1.5251064,3.040636,0.0720821,2.5240953,-0.52778757
2395.0,-3.5458126,-1.3958195,1.7860745,-0.8552113,1.8374827,-0.47769663
2409.0,-2.707842,-1.4748282,1.8483237,-1.2473868,1.3414601,-0.38728857
2416.0,-1.6663644,-1.4077905,2.0254946,-1.4220943,0.79290307,-0.33108896
2428.0,-0.81402856,-1.448492,1.8004397,-1.2974777,0.20525073,-0.32375857
2435.0,-0.51235914,-1.5993267,1.5394717,-0.91507614,-0.3848451,-0.3200934
2446.0,-0.7350199,-1.8770541,1.091756,-0.35796702,-0.95172805,-0.33353242
2456.0,-1.0127473,-2.0949266,0.7302315,0.28955013,-1.505172,-0.33475417
2465.0,-0.8714894,-2.3630772,0.6871359,0.906524,-2.0610592,-0.2968805
2476.0,-0.33758244,-2.5474305,1.4293385,1.3854424,-2.6035078,-0.22968534
2487.0,0.4141969,-2.6479871,2.4037786,1.6578883,-3.1300735,-0.14660765
2497.0,0.9840169,-3.0573955,3.5769374,1.7825048,-3.594331,-0.035430185
2507.0,1.1563994,-3.3638535,5.255273,1.858252,-3.9315288,0.080634214
2516.0,1.1587936,-3.1028855,7.1227503,1.8521434,-4.1441097,0.172264
2527.0,0.878672,-2.6671407,9.306262,1.754405,-4.2076397,0.2773328
2536.0,0.40940848,-1.9967642,11.384429,1.6053538,-4.1685443,0.3640757
2547.0,-0.29927522,-1.3814543,12.756307,1.3671165,-4.1123447,0.42271876
2556.0,-1.1204864,-1.1803415,13.443442,1.1044444,-4.043928,0.5021312
2567.0,-2.4037786,-1.5490485,13.31655,0.89675015,-3.9290853,0.5864306
2578.0,-3.107674,-2.4540567,11.425131,0.689056,-3.8081338,0.6792821
2588.0,-3.7062242,-3.4093432,10.007763,0.5412266,-3.5906658,0.86742866
2596.0,-2.516306,-4.6806645,13.204022,0.5290093,-3.2082644,1.1582005
2609.0,-5.1355624,-2.4516625,-0.22505496,0.47891834,-2.692694,1.3365731
2617.0,3.383007,-0.8379706,10.5440645,1.1191051,-3.545462,1.3096951
2628.0,7.1275387,0.557849,19.594147,1.3622295,-2.978579,0.8051204
2637.0,4.572925,1.7142484,21.74414,0.91751957,-1.858252,0.096516706
2647.0,-1.1228806,3.8187518,22.184673,0.6377433,-1.3109168,-0.15515977
2656.0,-3.3662477,4.6806645,20.039469,1.0005972,-1.0763446,-0.18936823
2670.0,-2.6048915,5.5042696,17.041927,0.9957104,-0.8002335,-0.06963864
2678.0,-0.9600749,5.2648497,15.258247,0.12705997,-0.31398472,-0.06719518
2687.0,-0.51235914,4.0414124,13.730747,-1.1484267,0.16249016,-0.2602286
2696.0,-1.5179238,2.219425,12.710816,-2.302962,0.51068336,-0.4166101
2707.0,-2.4708161,0.05267244,12.083536,-3.0250046,0.784351,-0.41783184
2717.0,-2.930503,-2.1978772,11.654974,-3.1972687,0.9505063,-0.31398472
2729.0,-2.822764,-3.6152446,11.453861,-2.8686233,0.99204516,-0.20891592
2738.0,-2.3582888,-4.0198646,11.281479,-2.1856759,0.93584555,-0.13561209
2748.0,-1.6065093,-3.6966474,10.924743,-1.346347,0.829555,-0.065973446
2757.0,-0.90500826,-2.9975405,10.431537,-0.5314528,0.71593404,0.021991149
2767.0,-0.30885202,-2.1260512,9.969456,0.13561209,0.6365216,0.12095132
2777.0,0.15322891,-1.4748282,9.397242,0.58032197,0.5925393,0.19792034
2787.0,0.581791,-1.1228806,9.069236,0.80756384,0.58276546,0.23945917
2796.0,0.7613561,-0.7517793,8.844181,0.88453287,0.5925393,0.24556783
2809.0,0.7661445,-0.34237084,8.736442,0.8454375,0.5839872,0.22113322
2818.0,0.81163436,-0.25617957,8.78672,0.6817256,0.57910025,0.1685988
2827.0,0.9504981,-0.23463176,8.813056,0.40561453,0.5900958,0.09896017
2836.0,0.9792285,-0.33039984,8.8777,0.07086037,0.6169739,0.035430185
2847.0,0.8810662,-0.7206547,8.918402,-0.2406809,0.6389651,-0.004886922
2856.0,0.80684596,-1.2114661,9.018958,-0.45570546,0.65484756,-0.03176499
2865.0,0.6871359,-1.6519991,9.016563,-0.57543504,0.657291,-0.04886922
2876.0,0.557849,-2.0207062,9.102755,-0.6169739,0.6401868,-0.056199603
2886.0,0.48362875,-2.1188686,9.155427,-0.5876524,0.6291912,-0.059864793
2895.0,0.32561144,-2.0949266,9.270349,-0.4972443,0.6133087,-0.064751714
2908.0,0.21068975,-2.1212628,9.425972,-0.36896262,0.59131753,-0.07086037
2915.0,-0.047884032,-1.99437,9.595961,-0.23945917,0.5888741,-0.07574729
2926.0,-0.24420857,-1.7764976,9.746795,-0.13683382,0.59498274,-0.08552113
2937.0,-0.37828386,-1.484405,10.077195,-0.081855945,0.6059783,-0.10873401
2947.0,-0.5506664,-1.2856863,10.309433,-0.09773844,0.643852,-0.14172074
2958.0,-0.770933,-1.2090719,10.457873,-0.16982053,0.6976081,-0.17837265
2968.0,-1.0965444,-1.3263878,10.539276,-0.2724459,0.7635816,-0.21013765
2977.0,-1.4891934,-1.4556746,10.474632,-0.37873647,0.8332202,-0.22357668
2987.0,-1.9536686,-1.472434,10.31901,-0.46303585,0.87109387,-0.22235495
2998.0,-2.2840683,-1.4628572,10.134656,-0.5143485,0.8881981,-0.21380283
3010.0,-2.4899697,-1.5729905,9.959879,-0.5363397,0.8943067,-0.19303341
3017.0,-2.6240451,-1.7501614,9.847352,-0.52778757,0.8857546,-0.14782938
