30.0,0.85473,-3.074155,9.485827,-0.02321288,0.04520403,-0.087964594
32.0,1.0773908,-2.743755,9.485827,-0.02321288,0.04520403,-0.087964594
38.0,0.8283938,-2.528277,9.454702,0.18325958,0.112399206,-0.089186326
53.0,0.61052144,-2.303222,9.406818,0.056199603,-0.27122417,-0.27366763
67.0,0.5554548,-2.3080103,9.375694,-0.07086037,-0.4202753,-0.32498032
68.0,0.7278373,-2.4109612,9.299079,0.036651913,0.3652974,0.032986723
79.0,0.79726917,-2.3798366,9.31105,0.0061086523,0.37873647,0.064751714
88.0,0.79008657,-2.315193,9.303867,-0.02321288,0.19914207,-0.008552114
98.0,0.7589619,-2.3558946,9.325416,-0.05131268,0.04153884,-0.103847094
108.0,0.81163436,-2.5210943,9.356541,-0.0842994,0.05009095,-0.11362094
119.0,0.7422025,-2.6503813,9.349358,-0.105068825,0.05375614,-0.10262536
128.0,0.78050977,-2.6839,9.425972,-0.096516706,0.05375614,-0.103847094
141.0,0.8283938,-2.6910827,9.32781,-0.073303826,0.047647487,-0.119729586
149.0,0.7661445,-2.504335,9.272743,-0.061086524,0.035430185,-0.13316862
160.0,0.6919243,-2.5139117,9.272743,-0.07941248,0.029321533,-0.13439035
168.0,0.770933,-2.695871,9.248801,-0.10140363,0.02565634,-0.13439035
179.0,0.7422025,-2.6192567,9.234436,-0.1160644,0.019547688,-0.13316862
189.0,0.7086837,-2.7365725,9.277532,-0.118507855,0.012217305,-0.1282817
199.0,0.7350199,-2.743755,9.26556,-0.112399206,0.0,-0.11728613
209.0,0.6823475,-2.80361,9.306262,-0.103847094,-0.015882496,-0.103847094
218.0,0.6991069,-2.825158,9.32781,-0.089186326,-0.03176499,-0.09040806
229.0,0.6991069,-2.791639,9.301474,-0.06719518,-0.04886922,-0.07574729
239.0,0.6464345,-2.825158,9.3421755,-0.05009095,-0.06352998,-0.056199603
249.0,0.7302315,-2.789245,9.270349,-0.042760566,-0.07574729,-0.032986723
261.0,0.7086837,-2.7748797,9.289502,-0.039095376,-0.08552113,-0.012217305
269.0,0.7302315,-2.7246015,9.275137,-0.034208454,-0.095294975,0.008552114
279.0,0.8475474,-2.801216,9.229648,-0.029321533,-0.09896017,0.030543262
289.0,0.7781156,-2.743755,9.198523,-0.021991149,-0.103847094,0.056199603
299.0,0.7086837,-2.7461493,9.119514,-0.018325957,-0.10873401,0.07941248
309.0,0.7062895,-2.707842,9.13388,-0.02076942,-0.11362094,0.1001819
321.0,0.7134721,-2.7246015,9.136273,-0.030543262,-0.11362094,0.119729586
329.0,0.7541735,-2.8107927,9.176975,-0.032986723,-0.12095132,0.13683382
339.0,0.7086837,-2.7964275,9.210494,-0.02321288,-0.12950343,0.15149458
349.0,0.7445967,-2.7940333,9.143456,-0.012217305,-0.13683382,0.16615535
360.0,0.7613561,-2.777274,9.186552,-0.004886922,-0.13927728,0.17959438
368.0,0.770933,-2.801216,9.167398,0.009773844,-0.14660765,0.18570304
380.0,0.866701,-2.8179753,9.193734,0.03176499,-0.15515977,0.19058995
388.0,0.8738836,-2.813187,9.3182335,0.04642576,-0.15882497,0.2003638
399.0,0.92416185,-2.731784,9.287108,0.056199603,-0.1600467,0.20647246
409.0,0.94810385,-2.741361,9.188946,0.06352998,-0.16249016,0.20769419
419.0,0.9816227,-2.8107927,9.215282,0.058643065,-0.1600467,0.20891592
429.0,1.0606314,-2.755726,9.188946,0.037873644,-0.15760323,0.2125811
440.0,1.0582372,-2.645593,9.176975,0.009773844,-0.15393804,0.21502456
449.0,0.9504981,-2.7030537,9.172187,-0.014660766,-0.15027285,0.21013765
461.0,1.0103531,-2.741361,9.100361,-0.034208454,-0.15393804,0.20647246
469.0,0.9696517,-2.6743233,9.14585,-0.05131268,-0.15760323,0.21013765
479.0,1.0295067,-2.7150247,9.169792,-0.064751714,-0.16126843,0.21746802
489.0,1.0630256,-2.89459,9.198523,-0.09285152,-0.16126843,0.23457226
501.0,1.0199299,-3.110068,9.246407,-0.15271631,-0.16249016,0.26267207
509.0,0.92416185,-3.2154129,9.344569,-0.22968534,-0.1563815,0.2883284
519.0,0.8858546,-3.2154129,9.368511,-0.28710666,-0.1600467,0.3042109
529.0,0.8451532,-3.2680852,9.380483,-0.31398472,-0.16737708,0.31520647
539.0,0.8714894,-3.2034419,9.399636,-0.31520647,-0.16982053,0.3323107
549.0,0.8475474,-3.3542767,9.349358,-0.30665436,-0.16737708,0.36285394
561.0,0.7541735,-3.4261026,9.3733,-0.28588495,-0.1685988,0.39706242
569.0,0.7685388,-3.5625722,9.287108,-0.25045475,-0.1685988,0.4251622
580.0,0.6871359,-3.572149,9.277532,-0.19792034,-0.16982053,0.44226643
589.0,0.7374141,-3.4452562,9.246407,-0.12950343,-0.17592919,0.45570546
599.0,0.78769237,-3.5003228,9.356541,-0.058643065,-0.17959438,0.47403142
609.0,0.7398083,-3.4141316,9.289502,-0.007330383,-0.17715092,0.5009095
620.0,0.7182605,-3.3279405,9.351752,0.021991149,-0.17592919,0.52412236
628.0,0.6919243,-3.323152,9.471462,0.042760566,-0.172264,0.535118
639.0,0.6631939,-3.3614593,9.433155,0.040317107,-0.16493362,0.54611355
649.0,0.49799395,-3.4213142,9.581595,-0.0012217305,-0.15393804,0.56321776
660.0,0.40222588,-3.5984852,9.68694,-0.07696902,-0.14172074,0.58276546
669.0,0.2825158,-3.7349546,9.835381,-0.16982053,-0.1282817,0.59986967
680.0,0.14844051,-3.9624038,10.019734,-0.26389378,-0.10629055,0.62796944
689.0,-0.11252748,-4.2521024,10.21127,-0.34697145,-0.07941248,0.675617
699.0,-0.23223756,-4.5561657,10.5919485,-0.408058,-0.04886922,0.7501425
709.0,-0.272939,-4.9200845,11.013328,-0.45204028,-0.009773844,0.85154617
719.0,-0.2681506,-5.140351,11.492168,-0.48380527,0.036651913,0.9663888
729.0,-0.15083471,-5.142745,11.947066,-0.51923543,0.095294975,1.0885619
742.0,-0.18914193,-5.233725,12.196063,-0.5876524,0.17348573,1.2119566
750.0,-0.30406362,-5.2409077,12.409147,-0.7244862,0.2883284,1.3341297
764.0,-0.48602295,-5.3725886,12.591106,-0.9419542,0.4447099,1.4428637
772.0,-0.5554548,-5.9687448,13.120225,-1.1850786,0.63529986,1.5406022
781.0,-0.44771573,-6.727707,13.172897,-1.3903292,0.8405506,1.6517797
792.0,-0.50996494,-7.599196,13.730747,-1.46852,1.0567969,1.7910569
803.0,-0.58657944,-8.010999,13.828909,-1.3292428,1.2730432,1.9230038
811.0,-0.5770026,-7.345411,13.850457,-1.0555751,1.4880677,2.0134118
821.0,-0.6895301,-6.3230867,13.678074,-0.8185594,1.7324139,2.0708332
830.0,-0.6584055,-5.518635,13.405135,-0.7415904,2.0048597,2.140472
842.0,-0.7230489,-5.461174,12.923901,-0.8576548,2.2919664,2.2247713
850.0,-0.79487497,-5.777209,12.521675,-1.0458013,2.5692992,2.298075
863.0,-0.8690952,-6.1650696,12.169727,-1.2009611,2.8087585,2.356718
872.0,-0.8523358,-6.136339,11.892,-1.2596041,3.0115657,2.4361305
883.0,-0.9672575,-6.066907,11.492168,-1.2315043,3.1923819,2.538756
892.0,-1.1444284,-5.793968,10.919954,-1.1887437,3.3377676,2.6181684
901.0,-1.3694834,-5.2648497,10.115502,-1.1960741,3.4697146,2.6413813
911.0,-1.6519991,-4.8745947,9.43076,-1.2327261,3.580892,2.6548204
924.0,-1.946486,-4.3598413,8.652645,-1.282817,3.649309,2.6743681
931.0,-2.1571758,-3.787627,7.759608,-1.3695599,3.6786306,2.6841419
941.0,-2.4037786,-3.0813377,6.969521,-1.5039502,3.6932912,2.7036896
951.0,-2.6288335,-2.8562827,6.126762,-1.6884315,3.689626,2.737898
964.0,-2.932897,-3.1651347,5.647922,-1.9498819,3.694513,2.7855456
971.0,-3.347094,-4.050989,5.2049947,-2.2504275,3.7091737,2.8502972
982.0,-3.727772,-4.6806645,5.1235914,-2.4226916,3.6615262,2.918714
991.0,-4.003105,-4.735731,4.8458643,-2.3310618,3.5430183,2.9614747
1002.0,-3.8714242,-4.3239284,4.2999864,-1.9840903,3.3719761,2.960253
1011.0,-3.4093432,-3.514688,3.70383,-1.5125023,3.1667254,2.90161
1021.0,-3.0597897,-2.6503813,3.277662,-1.0531317,2.9407053,2.7855456
1032.0,-2.7605145,-1.6496049,2.813187,-0.7281514,2.6865854,2.6193902
1043.0,-2.4875755,-1.0223241,2.2481554,-0.5656612,2.403144,2.452013
1062.0,-2.5210943,-0.7062895,-0.21547815,-0.47036624,1.6261233,2.172237
1062.0,-2.906561,-0.6799533,-1.5179238,-0.42394048,1.1459832,2.0134118
1070.0,-3.0693667,-0.533907,-2.5067291,-0.38240165,0.6047566,1.8154916
1080.0,-2.8898015,-1.0295067,-3.2585084,-0.3200934,0.012217305,1.6187929
1092.0,-2.705448,-1.1587936,-3.7181952,-0.18081611,-0.59498274,1.3646729
1101.0,-2.4779987,-0.92655605,-3.8402996,0.042760566,-1.2156218,1.070236
1110.0,-2.2720973,-0.33997664,-3.5649664,0.3213151,-1.8167132,0.8210029
1121.0,-1.9440918,0.18674773,-3.3877954,0.5681047,-2.3909266,0.61941737
1130.0,-1.5610195,0.4261679,-3.1555579,0.75136423,-2.933375,0.4166101
1140.0,-1.2114661,0.5650316,-2.741361,0.8686504,-3.44528,0.16982053
1150.0,-0.89064306,0.521936,-2.3008277,0.9260717,-3.9180896,-0.09773844
1161.0,-0.4309563,0.49559975,-1.5945383,0.9431759,-4.356691,-0.35185838
1169.0,0.12210429,0.45010993,-1.0271125,0.91996306,-4.781853,-0.5705481
1179.0,0.62967503,0.50996494,-0.107739076,0.8943067,-5.1618114,-0.77579886
1188.0,0.9552865,0.48841715,0.8858546,0.8772025,-5.479461,-1.0042624
1198.0,1.2641385,0.5243302,2.2266076,0.86498517,-5.7751203,-1.2425
1209.0,1.4796166,0.45010993,4.134786,0.8222246,-5.9999185,-1.4501941
1221.0,1.7022774,-0.047884032,6.481104,0.7611381,-6.141639,-1.6187929
1229.0,1.8124107,-0.8834604,8.961497,0.70371675,-6.1856213,-1.754405
1240.0,1.6280571,-1.7262194,12.847286,0.57787853,-6.0341268,-1.8277088
1250.0,0.021547815,-2.4133554,15.267824,0.2883284,-5.67616,-1.7947221
1262.0,-1.4269443,-2.8658595,15.421053,-0.10262536,-5.4061575,-1.6884315
1270.0,-1.8507179,-4.6902413,16.79772,-0.41783184,-5.1214943,-1.5467108
1282.0,-2.516306,-7.2304893,19.862297,-0.34330627,-4.478864,-1.3341297
1290.0,-2.2385786,-8.750807,24.174255,-0.032986723,-3.811799,-1.0531317
1300.0,-2.1045034,-11.616667,27.162218,0.23579398,-3.0164526,-0.6621779
1312.0,-2.731784,-13.326127,27.456705,0.47158796,-2.1025982,-0.11728613
1321.0,-3.2010477,-11.791444,28.155811,0.58276546,-1.3219124,0.30787608
1331.0,-3.9217024,-6.2368956,27.090393,0.25900686,-0.5900958,0.32375857
1341.0,-6.3542113,-2.5210943,24.691402,-0.8210029,0.31642818,0.2919936
1351.0,-6.825869,-2.111686,22.17749,-2.0720549,1.2205088,0.44226643
1362.0,-6.7803793,-3.6296098,19.833567,-2.8893926,2.2553146,0.34697145
1371.0,-5.923255,-5.068525,18.492813,-2.833193,3.0494392,0.21868975
1381.0,-5.317522,-6.0501475,17.144878,-2.1697934,3.57234,0.34574974
1391.0,-4.5681367,-5.650316,15.626954,-1.5161675,3.965737,0.6401868
1403.0,-3.4572272,-5.0517654,13.958196,-1.0103711,4.2968264,0.8417723
1412.0,-2.6360161,-4.51307,12.064383,-0.4886922,4.583933,0.8784242
1422.0,-1.9656396,-3.5458126,10.460267,0.036651913,4.7842965,0.8197812
1432.0,-1.8579005,-2.1523874,8.980651,0.46303585,4.9541173,0.75869465
1443.0,-1.8698715,-1.0726024,7.405266,0.675617,5.112942,0.7244862
1451.0,-1.8124107,-0.61291564,5.674258,0.63285637,5.2216763,0.68294734
1465.0,-1.7741034,-0.7254431,4.2999864,0.42760566,5.276654,0.5876524
1472.0,-2.0111294,-1.2665327,2.9376855,0.15760323,5.2705455,0.4373795
1482.0,-2.2864625,-2.0207062,1.3790601,-0.081855945,5.1520376,0.2919936
1492.0,-2.767697,-3.028665,-0.5650316,-0.24190263,4.9480085,0.1966986
1501.0,-3.6583402,-4.292804,-2.4157495,-0.3640757,4.6523495,0.14172074
1511.0,-4.2904096,-5.2002063,-4.268862,-0.535118,4.2100835,0.13927728
1523.0,-4.759673,-5.533,-4.1276035,-0.6536258,3.6297612,0.2125811
1532.0,-5.046977,-5.1116204,-3.904943,-0.5766568,2.978579,0.32620203
1542.0,-4.6279917,-3.7062242,-3.0310593,-0.4166101,2.2504275,0.43493605
1552.0,-1.8411411,-1.0295067,-1.922544,-0.48991394,1.3793337,0.59620446
1563.0,2.042254,0.8331822,-1.316811,-0.77213365,0.2846632,0.87598073
1571.0,3.9624038,1.1875241,-0.7757214,-0.91629785,-0.5876524,0.9407325
1582.0,3.1244333,0.24420857,-0.82121116,-0.7330383,-1.2253957,0.6646214
1592.0,1.1827357,-1.283292,-1.1827357,-0.25045475,-1.9144517,0.36651915
1603.0,-0.2825158,-2.5905263,-1.8842367,0.4886922,-2.6804767,0.20158553
1613.0,-0.49559975,-2.6384103,-2.0709844,1.2864822,-3.5063665,0.0842994
1621.0,-0.5482722,-1.8890251,-1.6639702,1.8203784,-4.252844,0.013439035
1632.0,-0.80924016,-1.1133038,-1.4173675,2.0500638,-4.8673744,-0.062308256
1643.0,-0.9696517,-0.7469909,-0.581791,2.13925,-5.379279,-0.17959438
1650.0,-1.2880806,-0.81163436,0.5434838,2.1135938,-5.8007765,-0.27366763
1662.0,-1.0749966,-1.2378023,1.721431,1.9877555,-6.1843996,-0.3494149
1672.0,-0.8403648,-0.89303726,3.5625722,1.8057177,-6.4934974,-0.453262
1681.0,-1.0223241,0.7158663,5.746084,1.4159856,-6.677979,-0.6243043
1692.0,-1.3096284,2.9233203,6.7564373,0.66339964,-6.8111477,-0.8026769
1702.0,-0.61770403,3.6128504,8.008605,-0.40561453,-6.8294735,-0.84788096
1711.0,0.02873042,1.3958195,9.325416,-1.4306464,-6.5350366,-0.752586
1720.0,0.2801216,-2.4875755,10.788273,-1.8839084,-6.0084705,-0.68294734
1730.0,0.79966336,-6.31351,13.862428,-1.4062119,-5.517335,-0.7623598
1741.0,1.127669,-8.793902,16.970102,-0.27977628,-4.9932127,-0.8258898
1750.0,1.2808979,-9.196129,18.239029,1.0641272,-4.4959683,-0.689056
1763.0,1.283292,-8.099585,19.740192,2.3823745,-4.030489,-0.535118
1771.0,0.92416185,-6.114791,20.12087,3.5821137,-3.4855971,-0.51068336
1780.0,0.641646,-3.715801,19.737799,4.351804,-2.987131,-0.49235737
1789.0,0.6464345,-1.8267759,15.847221,4.517959,-2.510656,-0.40561453
1800.0,1.0319009,-0.9504981,17.410635,4.251622,-2.0182989,-0.2932153
1812.0,0.9983821,2.315193,18.667591,3.0750957,-1.6481144,-0.24190263
1821.0,1.079785,3.7110126,17.456125,1.1215485,-1.2082914,-0.18936823
1830.0,1.5346833,1.7118542,17.336414,-1.0384709,-0.5510005,-0.21380283
1841.0,1.6687586,-1.0941502,15.957355,-2.4581218,-0.07696902,-0.39828414
1851.0,1.2401965,-2.4157495,15.301343,-3.0702088,0.204029,-0.49602258
1862.0,0.9792285,-3.1747115,14.1664915,-2.6181684,0.60231316,-0.44226643
1871.0,1.2090719,-3.6655228,12.9167185,-2.6181684,0.60231316,-0.44226643
1882.0,1.2737153,-3.763685,12.059594,-2.0109684,0.7110472,-0.4202753
1892.0,1.1994951,-3.6296098,11.087548,-1.3231341,0.8026769,-0.37140608
1902.0,1.0055647,-3.406949,9.892841,-0.6536258,0.82711154,-0.30543262
1912.0,0.90740246,-3.122039,8.9279785,-0.14905111,0.7819075,-0.22602014
1922.0,1.0582372,-2.918532,8.228871,0.13561209,0.7171558,-0.12095132
1931.0,1.1875241,-2.6910827,7.8625584,0.24801129,0.6414085,-0.008552114
1945.0,1.2306197,-1.8483237,7.66384,0.1563815,0.43982297,0.09407325
1952.0,1.4413095,-1.8483237,7.726089,-0.007330383,0.3567453,0.10873401
1962.0,1.4437037,-1.910573,7.8170686,-0.18692477,0.28344148,0.13561209
1971.0,1.340753,-2.3343468,7.967903,-0.32375857,0.20647246,0.16982053
1981.0,1.30484,-2.5210943,8.310274,-0.38606682,0.13683382,0.18692477
1991.0,1.2186487,-2.7222073,8.508993,-0.35430184,0.05131268,0.19914207
2002.0,1.1755531,-2.5330653,8.6334915,-0.25900686,-0.037873644,0.20769419
2011.0,1.2449849,-2.1691468,8.805874,-0.14782938,-0.11484267,0.19792034
2023.0,1.283292,-1.9512744,9.038112,-0.06352998,-0.15760323,0.17959438
2033.0,1.3862427,-1.8818425,9.239224,-0.017104227,-0.17592919,0.16982053
2064.0,1.2761095,-1.9177556,9.433155,-0.0061086523,-0.17470746,0.15393804
2064.0,1.1228806,-1.8602947,9.454702,-0.0061086523,-0.172264,0.11728613
2065.0,1.0079589,-1.7836803,9.593566,-0.009773844,-0.17348573,0.07086037
2071.0,0.9792285,-1.7310078,9.722853,-0.02321288,-0.16249016,0.032986723
2084.0,0.89782566,-1.8531121,9.751583,-0.04520403,-0.14538592,0.0061086523
2093.0,0.8379706,-1.9488802,9.837775,-0.06841691,-0.12705997,-0.021991149
2102.0,0.7350199,-2.1140802,9.957485,-0.073303826,-0.10629055,-0.052534413
2111.0,0.7326257,-2.3439236,10.072407,-0.056199603,-0.07941248,-0.07086037
2122.0,0.6943185,-2.5115175,10.019734,-0.019547688,-0.056199603,-0.081855945
2131.0,0.59855044,-2.4732103,9.950302,0.032986723,-0.04153884,-0.09407325
2142.0,0.5626374,-2.3582888,9.919178,0.089186326,-0.019547688,-0.10995574
2153.0,0.4357447,-2.4779987,9.794679,0.12950343,-0.004886922,-0.1160644
2164.0,0.45729253,-2.4492683,9.68694,0.13805555,0.014660766,-0.11484267
2173.0,0.45010993,-2.3582888,9.689334,0.12339478,0.032986723,-0.112399206
2183.0,0.51714754,-2.5258827,9.569624,0.096516706,0.04153884,-0.10873401
2192.0,0.49799395,-2.5809495,9.490616,0.07696902,0.05375614,-0.09896017
2201.0,0.61291564,-2.4995465,9.452309,0.061086524,0.058643065,-0.09896017
2212.0,0.60094464,-2.56419,9.433155,0.04520403,0.06963864,-0.1001819
2223.0,0.5434838,-2.5594015,9.421184,0.04153884,0.07696902,-0.1001819
2233.0,0.51954174,-2.633622,9.330204,0.043982297,0.07086037,-0.10262536
2244.0,0.61052144,-2.6384103,9.26556,0.035430185,0.06841691,-0.1001819
2252.0,0.6847417,-2.6503813,9.220071,0.03176499,0.06719518,-0.1001819
2264.0,0.6727707,-2.6839,9.174581,0.043982297,0.07086037,-0.103847094
2272.0,0.62728083,-2.6767175,9.13388,0.04642576,0.07086037,-0.09773844
2283.0,0.61052144,-2.597709,9.148245,0.03176499,0.073303826,-0.089186326
2293.0,0.58897364,-2.6192567,9.150639,0.009773844,0.06841691,-0.07819075
2304.0,0.6464345,-2.5761611,9.28232,-0.019547688,0.059864793,-0.065973446
2313.0,0.6823475,-2.645593,9.279925,-0.04642576,0.058643065,-0.057421334
2323.0,0.7110779,-2.5330653,9.291897,-0.059864793,0.052534413,-0.04886922
2334.0,0.6440403,-2.4971523,9.301474,-0.058643065,0.04642576,-0.043982297
2343.0,0.6368576,-2.5929205,9.370906,-0.043982297,0.043982297,-0.04520403
2353.0,0.6823475,-2.5210943,9.3661175,-0.029321533,0.036651913,-0.042760566
2365.0,0.7038953,-2.3989902,9.356541,-0.019547688,0.040317107,-0.039095376
2373.0,0.61291564,-2.4851813,9.344569,-0.0061086523,0.04520403,-0.035430185
2381.0,0.4141969,-2.3511062,9.303867,-0.0036651916,0.04153884,-0.03176499
2392.0,0.49320555,-2.291251,9.404425,-0.004886922,0.035430185,-0.03176499
2401.0,0.533907,-2.2960393,9.404425,-0.008552114,0.02443461,-0.02443461
2411.0,0.6536171,-2.2816741,9.43076,-0.019547688,0.021991149,-0.014660766
2424.0,0.59136784,-2.27928,9.469068,-0.030543262,0.017104227,-0.013439035
2435.0,0.62249243,-2.207454,9.5385,-0.04520403,0.02321288,-0.014660766
2444.0,0.6655881,-2.2122424,9.466674,-0.062308256,0.02321288,-0.02076942
2454.0,0.61291564,-2.2218192,9.485827,-0.0720821,0.02687807,-0.030543262
2465.0,0.5243302,-2.3223755,9.488221,-0.065973446,0.035430185,-0.037873644
2472.0,0.51235914,-2.4277205,9.488221,-0.04642576,0.034208454,-0.040317107
2483.0,0.6344634,-2.396596,9.406818,-0.018325957,0.029321533,-0.04153884
2493.0,0.51714754,-2.3463178,9.385271,-0.0012217305,0.018325957,-0.04520403
2504.0,0.581791,-2.3678656,9.296685,-0.004886922,0.017104227,-0.043982297
2514.0,0.59615624,-2.4732103,9.301474,-0.021991149,0.014660766,-0.040317107
2524.0,0.6512229,-2.4612393,9.370906,-0.037873644,0.0061086523,-0.040317107
2534.0,0.6823475,-2.504335,9.380483,-0.04886922,-0.004886922,-0.036651913
2545.0,0.6655881,-2.4851813,9.411607,-0.061086524,-0.0061086523,-0.029321533
2555.0,0.6344634,-2.5570073,9.43076,-0.065973446,-0.004886922,-0.02443461
2564.0,0.6871359,-2.552219,9.414001,-0.052534413,-0.007330383,-0.02321288
2573.0,0.6464345,-2.6551697,9.40203,-0.030543262,-0.002443461,-0.02076942
2583.0,0.59855044,-2.6431987,9.3661175,-0.0061086523,-0.0036651916,-0.017104227
2593.0,0.6464345,-2.633622,9.375694,0.013439035,-0.008552114,-0.012217305
2605.0,0.6488287,-2.681506,9.40203,0.02443461,-0.012217305,-0.0036651916
2612.0,0.6919243,-2.5833437,9.368511,0.029321533,-0.014660766,0.0
2622.0,0.7110779,-2.4420857,9.399636,0.02076942,-0.010995574,-0.0012217305
2633.0,0.6512229,-2.3582888,9.330204,0.0,-0.002443461,-0.0061086523
2644.0,0.641646,-2.3535004,9.346964,-0.02076942,0.010995574,-0.010995574
2653.0,0.6344634,-2.336741,9.3733,-0.032986723,0.02076942,-0.014660766
2664.0,0.6392518,-2.3678656,9.406818,-0.029321533,0.028099801,-0.014660766
2674.0,0.6536171,-2.4420857,9.334992,0.0,0.030543262,-0.019547688
2684.0,0.6440403,-2.4779987,9.334992,0.035430185,0.029321533,-0.02687807
2692.0,0.60333884,-2.2888567,9.356541,0.064751714,0.021991149,-0.032986723
2704.0,0.58418524,-2.2625206,9.303867,0.087964594,0.017104227,-0.039095376
2714.0,0.58897364,-2.2816741,9.325416,0.103847094,0.012217305,-0.05009095
2724.0,0.6464345,-2.2960393,9.330204,0.119729586,0.008552114,-0.05497787
2734.0,0.6895301,-2.2170308,9.354146,0.14049901,0.007330383,-0.057421334
2744.0,0.6679823,-2.3056161,9.469068,0.1685988,0.0061086523,-0.057421334
2752.0,0.7350199,-2.2888567,9.44752,0.20280726,0.0036651916,-0.059864793
2764.0,0.80684596,-2.360683,9.481039,0.26389378,0.002443461,-0.056199603
2774.0,0.7350199,-2.207454,9.440337,0.26389378,0.002443461,-0.056199603
2784.0,0.7398083,-2.2768857,9.363723,0.29810223,-0.004886922,-0.059864793
2794.0,0.6440403,-2.0733786,9.361329,0.30543262,-0.0012217305,-0.065973446
2803.0,0.6751649,-2.078167,9.346964,0.28710666,0.0036651916,-0.06719518
2813.0,0.7302315,-2.3415294,9.440337,0.2406809,0.002443461,-0.05375614
2824.0,0.62967503,-2.4037786,9.397242,0.21502456,0.0012217305,-0.040317107
2832.0,0.6943185,-2.3439236,9.358934,0.18692477,0.0,-0.030543262
2843.0,0.7182605,-2.4109612,9.380483,0.15882497,-0.007330383,-0.02443461
2853.0,0.7541735,-2.372654,9.368511,0.12461651,-0.010995574,-0.015882496
2864.0,0.6799533,-2.3822308,9.306262,0.089186326,-0.012217305,-0.002443461
2873.0,0.62488663,-2.348712,9.301474,0.058643065,-0.007330383,0.010995574
2883.0,0.5602432,-2.3199813,9.323022,0.042760566,-0.010995574,0.02076942
2895.0,0.59615624,-2.2625206,9.3182335,0.037873644,-0.019547688,0.02565634
2904.0,0.62488663,-2.3056161,9.385271,0.035430185,-0.030543262,0.035430185
2914.0,0.6536171,-2.207454,9.52174,0.03176499,-0.036651913,0.04520403
2923.0,0.62249243,-2.3223755,9.593566,0.032986723,-0.037873644,0.04642576
2934.0,0.61052144,-2.1643584,9.648633,0.030543262,-0.035430185,0.036651913
2942.0,0.5602432,-2.0757728,9.631873,0.02321288,-0.029321533,0.02565634
2953.0,0.641646,-2.0733786,9.631873,0.012217305,-0.018325957,0.02076942
2966.0,0.6368576,-2.147599,9.586384,-0.0012217305,-0.002443461,0.017104227
2973.0,0.59615624,-2.0709844,9.574412,-0.012217305,0.012217305,0.012217305
2983.0,0.60333884,-1.9800048,9.555259,-0.018325957,0.02076942,0.0061086523
2995.0,0.6631939,-1.9057846,9.500193,-0.02565634,0.029321533,0.0
3003.0,0.6607997,-1.934515,9.572019,-0.032986723,0.039095376,-0.007330383
3015.0,0.6751649,-2.0374656,9.579201,-0.028099801,0.04520403,-0.007330383
