27.0,1.5562311,-1.910573,9.730036,0.2565634,-0.35185838,-0.059864793
43.0,1.6663644,-1.7860745,9.5385,0.16493362,0.13683382,-0.07452556
43.0,1.6807296,-1.6687586,9.52174,-0.013439035,-0.26267207,-0.27366763
48.0,1.5945383,-1.6879122,9.416395,-0.05375614,-0.4092797,-0.3042109
71.0,1.6208745,-1.6112977,9.409213,0.073303826,0.38240165,0.061086524
71.0,1.6567876,-1.4700398,9.306262,0.05497787,0.40194935,0.06841691
81.0,1.673547,-1.5969325,9.325416,0.02443461,0.2284636,-0.002443461
88.0,1.721431,-1.6136919,9.349358,0.012217305,0.06841691,-0.07696902
99.0,1.8195933,-1.5969325,9.404425,0.02321288,0.065973446,-0.09407325
108.0,1.8746599,-1.6160861,9.406818,0.036651913,0.06963864,-0.10995574
119.0,1.9081788,-1.496376,9.416395,0.03176499,0.0720821,-0.12705997
129.0,1.8339585,-1.4580688,9.330204,0.014660766,0.07086037,-0.14660765
141.0,1.8555063,-1.4269443,9.3421755,0.0012217305,0.073303826,-0.16126843
149.0,1.9273324,-1.5873557,9.3421755,-0.010995574,0.07452556,-0.172264
160.0,1.8483237,-1.6256629,9.26556,-0.017104227,0.065973446,-0.18692477
168.0,1.7860745,-1.5251064,9.296685,-0.028099801,0.061086524,-0.20280726
180.0,1.7980455,-1.5682021,9.255983,-0.04886922,0.05497787,-0.20891592
189.0,1.8124107,-1.5945383,9.308656,-0.065973446,0.05009095,-0.21502456
200.0,1.8267759,-1.7381904,9.210494,-0.04886922,0.043982297,-0.21868975
210.0,1.7190368,-1.8219875,9.222465,-0.014660766,0.014660766,-0.22357668
219.0,1.8674773,-1.6783354,9.380483,-0.002443461,-0.0036651916,-0.2284636
229.0,1.9369092,-1.541866,9.488221,-0.012217305,-0.010995574,-0.23701571
239.0,1.9249382,-1.5801731,9.526528,-0.030543262,-0.009773844,-0.24190263
249.0,1.8674773,-1.6567876,9.540894,-0.034208454,-0.008552114,-0.24801129
260.0,1.9177556,-1.7549498,9.56723,-0.02321288,-0.015882496,-0.25045475
269.0,1.9895816,-1.6160861,9.595961,-0.017104227,-0.02321288,-0.25900686
280.0,2.0015526,-1.5921441,9.583989,-0.02443461,-0.019547688,-0.27000242
289.0,2.0638018,-1.5179238,9.598354,-0.04520403,-0.013439035,-0.27366763
299.0,1.9273324,-1.6065093,9.485827,-0.065973446,-0.008552114,-0.27488935
311.0,1.8028339,-1.5275006,9.435549,-0.080634214,-0.007330383,-0.28221974
320.0,1.7549498,-1.4772224,9.421184,-0.096516706,-0.012217305,-0.28588495
329.0,1.6807296,-1.532289,9.32781,-0.12095132,-0.018325957,-0.28588495
340.0,1.6352397,-1.6567876,9.409213,-0.13683382,-0.02687807,-0.28344148
349.0,1.520318,-1.7070658,9.49301,-0.13805555,-0.043982297,-0.28344148
359.0,1.5035586,-1.7621324,9.485827,-0.11484267,-0.062308256,-0.28221974
369.0,1.5011644,-1.8555063,9.564836,-0.05131268,-0.087964594,-0.27366763
381.0,1.4652514,-1.8028339,9.469068,-0.029321533,-0.09773844,-0.25778514
389.0,1.388637,-1.7884687,9.43076,-0.02321288,-0.10140363,-0.24190263
399.0,1.3599066,-1.8387469,9.382876,-0.035430185,-0.10995574,-0.21991149
409.0,1.328782,-1.9057846,9.255983,-0.06352998,-0.11484267,-0.19547687
420.0,1.2114661,-1.9057846,9.287108,-0.09407325,-0.12461651,-0.17592919
429.0,1.1563994,-1.982399,9.385271,-0.105068825,-0.13561209,-0.1563815
441.0,1.1180922,-2.0733786,9.502586,-0.09040806,-0.14660765,-0.1282817
449.0,1.0342951,-2.1739352,9.516952,-0.05131268,-0.16249016,-0.09896017
460.0,0.9768343,-2.1739352,9.581595,0.0036651916,-0.17348573,-0.07086037
469.0,0.93134445,-2.3104045,9.598354,0.052534413,-0.18448131,-0.037873644
481.0,0.93852705,-2.4468741,9.672575,0.07574729,-0.18936823,0.0036651916
489.0,0.92655605,-2.540248,9.911995,0.06352998,-0.2003638,0.052534413
501.0,0.90740246,-2.693477,10.316615,0.0012217305,-0.1966986,0.118507855
509.0,0.90261406,-2.9903579,10.951078,-0.10995574,-0.1563815,0.2003638
519.0,0.9983821,-3.2632968,11.59033,-0.2602286,-0.081855945,0.29565877
529.0,0.89782566,-3.550601,12.117055,-0.44837508,0.028099801,0.41783184
542.0,0.7110779,-3.8714242,12.354081,-0.6291912,0.15515977,0.55955255
552.0,0.3878607,-4.3119574,12.423512,-0.73914695,0.29077184,0.6927212
563.0,-0.1364695,-4.6136265,12.172121,-0.72692966,0.38728857,0.8002335
571.0,-0.6823475,-4.855441,12.105083,-0.6169739,0.45814893,0.89919364
583.0,-0.9888053,-4.9919105,12.01171,-0.4447099,0.5290093,1.0225884
592.0,-0.89064306,-5.2720323,12.0571995,-0.22968534,0.6206391,1.2034045
602.0,-0.82599956,-5.8107276,12.246342,-0.052534413,0.7257079,1.4379768
611.0,-0.8523358,-6.3326635,12.212823,0.059864793,0.83077675,1.6994271
623.0,-0.94331545,-6.5122285,12.227188,0.1001819,0.9370673,1.9364429
632.0,-0.9983821,-6.517017,12.196063,0.09773844,1.0604621,2.13925
642.0,-0.89064306,-6.349423,12.1840925,0.061086524,1.1972959,2.3273966
650.0,-0.51714754,-5.9639564,12.045229,0.013439035,1.3329079,2.5302038
662.0,-0.34955344,-5.4324436,11.446678,-0.0012217305,1.4245378,2.761111
672.0,-0.11492168,-4.537012,10.824186,0.04886922,1.4416419,2.9907963
685.0,0.4237737,-3.4356794,10.46745,0.11362094,1.459968,3.1716123
692.0,1.1611878,-2.315193,10.192117,0.017104227,1.5259414,3.2754595
703.0,1.6927006,-1.2497733,10.223241,-0.3921755,1.6639969,3.3096678
712.0,1.9752164,-0.4381389,10.42196,-1.0506883,1.9449949,3.296229
721.0,1.4532804,-0.21308395,10.773908,-1.7263051,2.2858577,3.2559118
731.0,0.45489833,-0.8738836,11.712435,-2.211332,2.620612,3.1655037
744.0,-0.7230489,-2.0159178,12.540829,-2.420248,2.8930578,3.015231
751.0,-1.2545617,-3.1675289,13.850457,-2.3188446,3.1080823,2.8686233
762.0,-2.0111294,-4.879383,14.039598,-1.9071213,3.313333,2.7354546
771.0,-2.3343468,-5.5521536,13.891158,-1.2339478,3.435506,2.656042
784.0,-2.3918076,-5.023035,13.754689,-0.40439278,3.545462,2.5961773
793.0,-2.1619642,-3.7804444,13.041217,0.29443705,3.689626,2.4312437
804.0,-1.5969325,-2.15957,12.169727,0.6768387,3.8924334,2.1746802
811.0,-1.2042835,-1.0989386,10.852917,0.7538077,4.10868,1.9205604
823.0,-0.92895025,-0.89064306,9.809045,0.63163465,4.3395867,1.690875
833.0,-0.94092125,-0.6847417,8.432379,0.37751472,4.522846,1.5112807
842.0,-1.0247183,-0.7637503,7.2687964,0.15515977,4.583933,1.396438
851.0,-1.0031705,-1.1611878,6.1746464,0.039095376,4.547281,1.2522738
863.0,-1.0630256,-1.3192052,4.7261543,0.010995574,4.4031167,1.0323622
871.0,-1.2210429,-1.5035586,3.3686419,0.0012217305,4.183205,0.81489426
882.0,-1.4772224,-1.769315,2.1763294,-0.05497787,3.8973203,0.6963864
891.0,-1.5897499,-2.2409728,1.103727,-0.16982053,3.535688,0.6719518
904.0,-1.7932571,-2.89459,-0.016759412,-0.31887165,3.0702088,0.675617
913.0,-1.8842367,-3.6272156,-0.60812724,-0.50823987,2.4874432,0.66950834
924.0,-1.8052281,-3.8546648,-0.5770026,-0.77213365,1.858252,0.71593404
931.0,-1.5682021,-3.1507695,0.021547815,-1.1007792,1.2034045,0.8381071
943.0,-0.90740246,-2.0590134,0.4429273,-1.4049901,0.5045747,0.9309586
951.0,0.19871874,-0.7398083,0.82121116,-1.5870279,-0.20647246,0.90041536
962.0,1.0893618,0.5650316,0.5722142,-1.5222762,-0.9053023,0.73914695
971.0,1.0319009,1.0414777,-0.021547815,-1.1924089,-1.5283848,0.5326745
984.0,-0.1388637,0.581791,-0.7062895,-0.6914995,-2.140472,0.35185838
992.0,-1.2665327,-0.29688102,-1.292869,-0.16371189,-2.783102,0.21135938
1002.0,-1.6783354,-0.7781156,-1.6639702,0.28710666,-3.4526103,0.09285152
1011.0,-1.733402,-0.7182605,-1.8124107,0.6462954,-4.0683627,-0.04153884
1025.0,-1.5705963,-0.46686932,-1.340753,0.88697636,-4.607146,-0.16493362
1032.0,-1.3192052,-0.25378537,-0.7134721,0.9761627,-5.062851,-0.26633725
1065.0,-0.90500826,-0.18914193,0.38307226,0.9089675,-5.4464746,-0.38728857
1065.0,-0.6967127,-0.04309563,1.3575124,0.66950834,-5.7665677,-0.55833083
1065.0,-0.7398083,0.0047884034,2.2385786,0.27855456,-6.052453,-0.75625116
1074.0,-0.60094464,0.050278235,4.012682,-0.27366763,-6.2589254,-0.9370673
1087.0,-0.19632454,0.14604631,7.395689,-0.89552844,-6.315125,-1.070236
1091.0,0.25378537,-0.2705448,11.851298,-1.500285,-6.200282,-1.1239921
1102.0,0.47644615,-1.1204864,15.291766,-2.0781636,-5.778785,-1.065349
1111.0,0.15322891,-2.8203697,18.092981,-2.298075,-5.0982814,-0.97249746
1121.0,-1.4772224,-3.5410242,18.995596,-1.754405,-4.5130725,-0.9663888
1130.0,-1.9847932,-4.7022123,19.251776,-0.31031954,-3.7592647,-0.9431759
1141.0,-2.4420857,-9.100361,19.917364,1.2498302,-3.105639,-0.59742624
1151.0,-1.7286136,-12.445061,24.361002,1.740966,-2.4080307,0.018325957
1162.0,-1.9177556,-12.744335,27.183765,1.5515977,-1.609019,0.57543504
1171.0,-2.348712,-10.783484,27.92118,0.07819075,-0.029321533,0.56077427
1183.0,-3.347094,-6.9719152,27.315447,0.07819075,-0.029321533,0.56077427
1193.0,-4.711789,-3.0214825,25.76161,-0.94806284,0.85154617,0.41172317
1202.0,-5.4204726,-1.2449849,22.036232,-1.8497,1.8411479,0.32986724
1212.0,-5.899313,-0.9600749,19.586964,-2.2870796,2.6853635,0.36774087
1223.0,-5.5042696,-2.2529438,18.392258,-2.3090706,3.3939674,0.46181414
1233.0,-4.8865657,-4.122815,17.144878,-2.1270328,3.9645154,0.548557
1242.0,-3.8905778,-5.403713,15.519216,-1.7116444,4.376239,0.6084218
1252.0,-2.942474,-5.470751,13.381193,-0.97127575,4.6572366,0.6377433
1263.0,-2.3391352,-4.7979803,11.501745,0.6914995,5.0029864,0.5864306
1273.0,-1.6184803,-2.2409728,8.695741,1.1166617,5.163033,0.5045747
1285.0,-1.2497733,-1.0702082,7.2233067,1.2437216,5.2876496,0.3652974
1292.0,-1.0175357,-0.48602295,5.765238,1.1667526,5.3401837,0.17348573
1303.0,-1.0941502,-0.62967503,4.4603977,0.9370673,5.2974234,-0.039095376
1312.0,-1.2449849,-1.151611,3.0023289,0.6084218,5.1569242,-0.19303341
1322.0,-1.3479356,-1.9393034,1.5370775,0.2406809,4.9052477,-0.24923302
1332.0,-1.4317327,-3.2920272,-0.36152446,-0.119729586,4.5301766,-0.23701571
1345.0,-1.6065093,-4.9559975,-1.7238252,-0.46670106,4.021937,-0.15515977
1353.0,-1.8626889,-5.722142,-2.4468741,-0.70005155,3.368311,0.007330383
1363.0,-1.8698715,-5.140351,-1.7501614,-0.7806858,2.6169467,0.17959438
1372.0,-1.5394717,-3.4380736,-0.49799395,-0.9786061,1.8277088,0.34330627
1385.0,-0.4165911,-1.436521,-0.0023942017,-1.3414601,1.0091494,0.62796944
1393.0,1.3335704,0.031124622,0.24660277,-1.4831808,0.20647246,0.77457714
1404.0,2.7940333,0.47644615,0.29209262,-1.2278391,-0.5766568,0.548557
1412.0,2.3989902,0.1364695,0.050278235,-0.7464773,-1.2852604,0.2003638
1423.0,0.47884035,-0.6536171,-0.51235914,-0.08674286,-1.9669861,-0.02687807
1432.0,-1.3215994,-1.4796166,-0.7565677,0.6365216,-2.6658158,-0.1441642
1442.0,-2.1045034,-1.757344,-1.1085154,1.2767084,-3.345098,-0.23823744
1452.0,-2.4851813,-1.2090719,-1.4221559,1.7556267,-3.9449677,-0.34697145
1464.0,-2.846706,-0.6775591,-1.4796166,2.0097466,-4.483751,-0.45204028
1473.0,-2.7365725,-0.39743748,-0.82121116,2.0146337,-4.9626694,-0.5412266
1484.0,-2.4301147,-0.3184288,0.34955344,1.8277088,-5.343849,-0.65240407
1492.0,-1.8890251,-0.47165772,2.2409728,1.486846,-5.6004124,-0.8136725
1503.0,-1.2425907,-0.34476504,4.9919105,1.0140363,-5.7286944,-0.98471475
1512.0,-0.94570965,-0.11252748,7.747637,0.4166101,-5.788559,-1.1044444
1524.0,-1.2737153,0.24660277,10.283096,-0.37140608,-5.799555,-1.1496484
1531.0,-1.5370775,0.5793968,12.63899,-1.4074335,-5.5820866,-1.1166617
1543.0,-0.6536171,-0.45250413,13.594277,-2.293188,-4.935791,-1.0189233
1552.0,-0.50517654,-3.2561142,14.489709,-2.3677137,-4.2051964,-0.9737192
1563.0,-0.89782566,-6.859388,14.338874,-1.5943583,-3.7140608,-1.0164797
1572.0,-0.9672575,-10.3453455,13.536817,-0.32253686,-3.3670893,-0.95417154
1585.0,-0.9840169,-11.884817,14.690822,0.8393288,-3.1019738,-0.6719518
1593.0,-0.3878607,-11.209652,15.897499,1.5589281,-2.846632,-0.3042109
1602.0,-0.045489833,-9.7324295,16.469713,1.8216002,-2.5167649,0.02076942
1612.0,0.10534488,-8.796297,17.45373,1.8044959,-2.1099286,0.16982053
1624.0,-0.4381389,-4.465186,17.647661,1.3414601,-1.781283,0.16126843
1633.0,-1.3790601,-2.6910827,19.25417,0.625526,-1.2889256,0.204029
1644.0,-1.2473791,-0.81642276,17.951725,-0.5815437,-0.6914995,0.017104227
1652.0,-1.1875241,0.33758244,16.2686,-1.3976597,-0.19425514,-0.20158553
1662.0,-1.2330139,-0.1604115,14.858416,-1.6737708,0.19792034,-0.26389378
1672.0,-1.400608,-1.8866309,12.919112,-1.6603317,0.48624873,-0.18325958
1685.0,-1.4915876,-3.7948096,11.480197,-1.4477507,0.6389651,-0.13561209
1694.0,-1.2018893,-4.675876,10.3453455,-0.98349303,0.66950834,-0.18081611
1705.0,-0.91697925,-4.8698063,9.306262,-0.35430184,0.6133087,-0.22113322
1714.0,-0.6727707,-4.7285485,8.607155,0.27000242,0.52290064,-0.20647246
1723.0,-0.521936,-4.2066126,8.008605,0.75502944,0.4288274,-0.19425514
1732.0,-0.35194764,-3.5098996,7.61835,1.0384709,0.36163223,-0.2284636
1744.0,-0.16998832,-2.9352913,7.632715,1.105666,0.31520647,-0.27488935
1753.0,0.016759412,-2.621651,7.615956,1.0005972,0.28099802,-0.28710666
1764.0,0.1388637,-2.5139117,7.66384,0.8136725,0.25167647,-0.26511553
1772.0,0.25857377,-2.6982653,7.9008656,0.6206391,0.22235495,-0.25167647
1785.0,0.31364042,-2.9376855,8.154651,0.42760566,0.18081611,-0.25534168
1792.0,0.5243302,-3.25372,8.327033,0.23823744,0.16493362,-0.23945917
1802.0,0.5482722,-3.5075054,8.573636,0.10140363,0.15149458,-0.19425514
1813.0,0.533907,-3.8786068,8.774749,0.039095376,0.13805555,-0.1441642
1825.0,0.4213795,-4.1826706,8.911219,0.035430185,0.11484267,-0.11362094
1832.0,0.33518824,-4.110844,9.105149,0.056199603,0.095294975,-0.09162979
1843.0,0.2801216,-3.9121256,9.239224,0.0842994,0.07574729,-0.064751714
1851.0,0.18435353,-3.7660792,9.222465,0.09162979,0.06719518,-0.04153884
1862.0,0.019153614,-3.430891,9.100361,0.059864793,0.056199603,-0.03176499
1872.0,-0.04070143,-3.2225955,9.059659,0.007330383,0.05375614,-0.02687807
1884.0,-0.1340753,-3.2393548,9.035717,-0.03176499,0.04153884,-0.019547688
1891.0,-0.20590134,-3.1723173,9.045294,-0.05009095,0.018325957,-0.017104227
1902.0,-0.24420857,-3.095703,9.057265,-0.06352998,0.012217305,-0.02321288
1912.0,-0.31603462,-2.9759927,9.114726,-0.07574729,0.007330383,-0.02443461
1923.0,-0.34237084,-2.918532,9.165004,-0.089186326,0.004886922,-0.015882496
1932.0,-0.20829555,-2.8993783,9.188946,-0.09896017,0.013439035,-0.013439035
1944.0,-0.23702596,-2.8802247,9.279925,-0.095294975,0.03176499,-0.02687807
1954.0,-0.29688102,-3.0430303,9.445126,-0.07819075,0.039095376,-0.040317107
1964.0,-0.29927522,-3.074155,9.284714,-0.058643065,0.043982297,-0.04886922
1973.0,-0.33518824,-2.992752,9.344569,-0.042760566,0.05497787,-0.062308256
1984.0,-0.2873042,-3.0142999,9.267955,-0.037873644,0.07086037,-0.07819075
1993.0,-0.29927522,-3.0813377,9.31105,-0.03176499,0.08552113,-0.0842994
2004.0,-0.24181437,-3.1555579,9.234436,-0.019547688,0.087964594,-0.087964594
2012.0,-0.32800564,-3.0550013,9.210494,-0.0061086523,0.08674286,-0.09162979
2025.0,-0.22026655,-3.122039,9.334992,0.0012217305,0.096516706,-0.09040806
2033.0,-0.15801731,-3.2393548,9.31105,0.0036651916,0.09896017,-0.08307768
2064.0,-0.21068975,-3.2106245,9.272743,0.013439035,0.089186326,-0.0720821
2064.0,-0.21547815,-3.2130187,9.244013,0.028099801,0.081855945,-0.065973446
2064.0,-0.19153613,-3.1411927,9.150639,0.034208454,0.07696902,-0.059864793
2071.0,-0.2801216,-3.1052797,9.085996,0.004886922,0.065973446,-0.040317107
2082.0,-0.30885202,-3.0693667,9.085996,0.004886922,0.065973446,-0.040317107
2094.0,-0.20350714,-3.0909145,9.126697,-0.009773844,0.05375614,-0.035430185
2102.0,-0.260968,-3.064578,9.167398,-0.015882496,0.043982297,-0.036651913
2112.0,-0.22984336,-3.1028855,9.129091,-0.021991149,0.037873644,-0.032986723
2124.0,-0.1388637,-3.1866825,9.160215,-0.013439035,0.03176499,-0.018325957
2132.0,-0.10055647,-3.2465374,9.217676,0.008552114,0.02565634,-0.019547688
2143.0,-0.22026655,-3.2106245,9.186552,0.02443461,0.02321288,-0.017104227
2152.0,-0.1436521,-3.074155,9.251195,0.028099801,0.021991149,-0.013439035
2162.0,-0.14604631,-3.1124623,9.258378,0.018325957,0.02321288,-0.013439035
2173.0,-0.22266077,-3.1124623,9.229648,-0.0036651916,0.021991149,-0.014660766
2183.0,-0.23702596,-3.0621839,9.205706,-0.034208454,0.028099801,-0.018325957
2193.0,-0.2825158,-3.016694,9.205706,-0.07452556,0.030543262,-0.02321288
2201.0,-0.2705448,-2.906561,9.215282,-0.13439035,0.03176499,-0.02687807
2211.0,-0.24420857,-2.9472623,9.263166,-0.22479841,0.036651913,-0.028099801
2221.0,-0.21547815,-3.004723,9.315839,-0.32620203,0.035430185,-0.029321533
2231.0,-0.24420857,-2.9999347,9.289502,-0.43127087,0.05131268,-0.03176499
2243.0,-0.21787235,-3.095703,9.217676,-0.5314528,0.065973446,-0.039095376
2252.0,-0.23942018,-3.2249897,9.126697,-0.6218608,0.087964594,-0.047647487
2262.0,-0.2801216,-3.347094,9.188946,-0.68661255,0.10140363,-0.05131268
2272.0,-0.29448682,-3.3638535,9.107543,-0.7367035,0.112399206,-0.056199603
2284.0,-0.2873042,-3.560178,9.054871,-0.77213365,0.12705997,-0.06352998
2292.0,-0.32561144,-3.6655228,8.973468,-0.79901177,0.14049901,-0.073303826
2304.0,-0.35434186,-3.8115692,8.930372,-0.8210029,0.15027285,-0.08307768
2313.0,-0.37110126,-3.8857894,8.870518,-0.8454375,0.16126843,-0.087964594
2323.0,-0.3878607,-3.9671922,8.760384,-0.87109387,0.16737708,-0.09040806
2334.0,-0.4237737,-4.0462008,8.690952,-0.8723156,0.16737708,-0.09285152
2343.0,-0.49559975,-4.1276035,8.614338,-0.8381071,0.16126843,-0.095294975
2354.0,-0.56982,-4.3861775,8.614338,-0.7611381,0.1441642,-0.08674286
2366.0,-0.5602432,-4.630386,8.645462,-0.6133087,0.12461651,-0.06719518
2374.0,-0.49559975,-5.020641,8.6095495,-0.38728857,0.1160644,-0.04520403
2384.0,-0.4213795,-5.1906295,8.552089,-0.10262536,0.10751228,-0.03176499
2393.0,-0.47165772,-5.171476,8.535329,0.19058995,0.08674286,-0.032986723
2406.0,-0.50038815,-4.819528,8.5473,0.4129449,0.06963864,-0.040317107
2414.0,-0.48123455,-4.4005427,8.47308,0.535118,0.0720821,-0.039095376
2424.0,-0.50996494,-4.1299977,8.497022,0.58032197,0.064751714,-0.042760566
2434.0,-0.545878,-3.8738184,8.528147,0.55833083,0.04886922,-0.05375614
2444.0,-0.48841715,-3.6822822,8.571242,0.46914452,0.05375614,-0.059864793
2454.0,-0.4237737,-3.502717,8.652645,0.3371976,0.04886922,-0.05375614
2465.0,-0.39983168,-3.383007,8.647857,0.17715092,0.05375614,-0.052534413
2473.0,-0.33758244,-3.4356794,8.719683,0.007330383,0.065973446,-0.059864793
2486.0,-0.30406362,-3.6032736,8.829816,-0.14538592,0.08307768,-0.061086524
2495.0,-0.31364042,-3.8618474,8.841787,-0.24190263,0.089186326,-0.052534413
2505.0,-0.31603462,-4.0342298,8.8777,-0.26633725,0.08307768,-0.04886922
2514.0,-0.38067806,-4.0701427,8.880095,-0.23945917,0.073303826,-0.05497787
2524.0,-0.4309563,-4.0342298,8.796297,-0.20280726,0.06963864,-0.05497787
2534.0,-0.37588966,-4.1132383,8.803479,-0.17592919,0.06719518,-0.05009095
2545.0,-0.47644615,-4.024653,8.810662,-0.1563815,0.06841691,-0.05375614
2554.0,-0.5554548,-4.0414124,8.801085,-0.13805555,0.064751714,-0.058643065
2564.0,-0.51954174,-3.98874,8.664616,-0.1282817,0.061086524,-0.062308256
2574.0,-0.5530606,-3.9935284,8.6813755,-0.1282817,0.057421334,-0.065973446
2586.0,-0.50996494,-3.8977604,8.616732,-0.14049901,0.04886922,-0.06963864
2593.0,-0.5530606,-4.0342298,8.645462,-0.16371189,0.052534413,-0.07086037
2606.0,-0.5315128,-4.0892963,8.652645,-0.18936823,0.05375614,-0.06963864
2615.0,-0.5626374,-4.1180267,8.640674,-0.204029,0.052534413,-0.06963864
2623.0,-0.50996494,-4.2066126,8.6813755,-0.204029,0.058643065,-0.07452556
2634.0,-0.5626374,-4.331111,8.722076,-0.19181168,0.057421334,-0.06963864
2645.0,-0.5626374,-4.4005427,8.6574335,-0.18081611,0.05497787,-0.059864793
2655.0,-0.5793968,-4.402937,8.717288,-0.1600467,0.056199603,-0.056199603
2666.0,-0.5506664,-4.453215,8.702923,-0.13072516,0.061086524,-0.05497787
2674.0,-0.5722142,-4.522647,8.655039,-0.1001819,0.056199603,-0.047647487
2685.0,-0.6584055,-4.5322237,8.611943,-0.07452556,0.052534413,-0.042760566
2694.0,-0.59615624,-4.4819455,8.659827,-0.05497787,0.056199603,-0.042760566
2704.0,-0.61291564,-4.381389,8.595184,-0.039095376,0.04642576,-0.040317107
2713.0,-0.5602432,-4.453215,8.607155,-0.034208454,0.05009095,-0.03176499
2725.0,-0.60333884,-4.381389,8.578424,-0.029321533,0.043982297,-0.02565634
2734.0,-0.5410896,-4.4244847,8.614338,-0.02443461,0.042760566,-0.021991149
2745.0,-0.5386954,-4.39336,8.513782,-0.018325957,0.035430185,-0.02076942
2756.0,-0.5530606,-4.3047748,8.492233,-0.014660766,0.029321533,-0.019547688
2765.0,-0.60333884,-4.2880154,8.607155,-0.015882496,0.028099801,-0.015882496
2776.0,-0.48602295,-4.381389,8.549694,-0.019547688,0.029321533,-0.007330383
2787.0,-0.49081135,-4.357447,8.535329,-0.015882496,0.02321288,-0.002443461
2793.0,-0.5410896,-4.2999864,8.480263,-0.0061086523,0.015882496,-0.0036651916
2805.0,-0.5530606,-4.2999864,8.561666,-0.0036651916,0.013439035,-0.002443461
2815.0,-0.5530606,-4.2664676,8.523358,-0.010995574,0.008552114,0.0036651916
2825.0,-0.5434838,-4.3478703,8.578424,-0.018325957,0.0061086523,0.007330383
2836.0,-0.50757074,-4.2904096,8.576031,-0.015882496,0.0036651916,0.004886922
2847.0,-0.5793968,-4.4005427,8.614338,-0.009773844,0.0,0.0061086523
2855.0,-0.5291186,-4.3957543,8.604761,-0.004886922,-0.002443461,0.010995574
2865.0,-0.50996494,-4.4460325,8.698134,0.0036651916,0.0,0.014660766
2875.0,-0.47165772,-4.4125137,8.678981,0.014660766,-0.0012217305,0.017104227
2886.0,-0.47884035,-4.3981485,8.6334915,0.02076942,-0.0012217305,0.018325957
2894.0,-0.48841715,-4.3358994,8.63828,0.02076942,0.0012217305,0.019547688
2905.0,-0.5363012,-4.3263226,8.643068,0.015882496,0.0012217305,0.021991149
2914.0,-0.5722142,-4.309563,8.583213,0.009773844,0.0012217305,0.02076942
2926.0,-0.60812724,-4.2760444,8.564059,0.002443461,0.0012217305,0.018325957
2935.0,-0.49081135,-4.2784386,8.578424,-0.004886922,-0.002443461,0.014660766
2945.0,-0.533907,-4.2544966,8.549694,-0.014660766,0.0,0.009773844
2956.0,-0.5554548,-4.268862,8.535329,-0.017104227,-0.002443461,0.004886922
2967.0,-0.5386954,-4.3526587,8.556877,-0.013439035,-0.002443461,0.0
2975.0,-0.533907,-4.378995,8.564059,-0.004886922,0.0,-0.0036651916
2986.0,-0.46926352,-4.3742065,8.590396,-0.0012217305,-0.0012217305,-0.0061086523
2995.0,-0.5386954,-4.3742065,8.497022,-0.0061086523,0.0036651916,-0.009773844
3004.0,-0.51714754,-4.331111,8.568848,-0.012217305,0.002443461,-0.013439035
