43.0,-3.550601,-0.7589619,8.942344,0.015882496,-0.034208454,-0.0012217305
43.0,-3.4404678,-0.58418524,8.918402,0.17104226,0.1282817,-0.065973446
65.0,-3.3901896,-0.8619126,8.884883,-0.030543262,-0.29443705,-0.30176744
65.0,-3.5529952,-1.2521675,8.892065,-0.14905111,-0.41416663,-0.2773328
71.0,-3.7229836,-1.3982137,8.889671,-0.112399206,0.3811799,0.13927728
80.0,-3.751714,-1.496376,8.834604,-0.112399206,0.3811799,0.13927728
91.0,-3.6942532,-1.3479356,8.868123,-0.08674286,0.17470746,0.052534413
100.0,-3.6008794,-1.2042835,8.822633,-0.043982297,-0.007330383,-0.040317107
110.0,-3.5697548,-1.2545617,8.813056,-0.040317107,0.010995574,0.09040806
120.0,-3.7780502,-1.2976574,8.848969,-0.036651913,0.017104227,0.15393804
130.0,-3.7229836,-1.2090719,8.772355,-0.0012217305,-0.002443461,0.06841691
142.0,-3.6152446,-1.0654198,8.798691,0.02565634,-0.010995574,-0.035430185
151.0,-3.6032736,-1.1300632,8.736442,0.018325957,-0.010995574,-0.028099801
161.0,-3.6128504,-1.2641385,8.865729,-0.010995574,-0.004886922,0.02443461
172.0,-3.6894648,-1.1803415,8.875306,-0.035430185,0.0012217305,0.02321288
181.0,-3.6535518,-1.2162545,8.870518,-0.04153884,0.0012217305,-0.010995574
192.0,-3.667917,-1.2449849,8.829816,-0.039095376,0.004886922,-0.019547688
200.0,-3.6463692,-1.2234371,8.865729,-0.039095376,0.004886922,-0.004886922
212.0,-3.6774938,-1.3024458,8.78672,-0.04642576,0.008552114,0.002443461
221.0,-3.7373488,-1.3000516,8.820239,-0.056199603,0.012217305,0.0
231.0,-3.7349546,-1.3263878,8.825027,-0.062308256,0.014660766,-0.0012217305
242.0,-3.8881836,-1.2761095,8.798691,-0.07086037,0.015882496,0.007330383
251.0,-3.7708676,-1.4820108,8.791509,-0.07696902,0.013439035,0.02443461
261.0,-3.7110126,-1.4341269,8.827422,-0.10140363,0.008552114,0.030543262
274.0,-3.7421372,-1.5011644,8.882488,-0.13805555,0.03176499,0.04153884
281.0,-3.7445314,-1.6519991,8.836999,-0.14049901,0.04153884,0.058643065
292.0,-3.7852328,-1.5586253,8.911219,-0.12950343,0.042760566,0.0720821
301.0,-4.333505,-1.6328455,8.408437,-0.13316862,0.040317107,0.07819075
311.0,-3.6990416,-1.5275006,8.494628,-0.12950343,0.008552114,0.105068825
321.0,-3.5122938,-1.3335704,8.599973,-0.12461651,-0.002443461,0.06963864
332.0,-3.3063924,-1.2330139,8.817844,-0.10995574,0.008552114,0.037873644
341.0,-3.5051112,-1.3862427,8.724471,-0.12339478,0.012217305,0.034208454
351.0,-3.7349546,-1.7741034,8.774749,-0.20158553,0.047647487,0.119729586
361.0,-3.8426938,-2.0853498,8.937555,-0.3042109,0.06719518,0.20280726
372.0,-3.8594532,-2.0566192,9.011775,-0.40317106,0.065973446,0.22357668
381.0,-3.7565024,-1.8914193,8.892065,-0.46303585,0.058643065,0.18570304
392.0,-3.8402996,-1.6711528,8.726865,-0.5009095,0.039095376,0.15760323
400.0,-3.9600096,-1.6950948,8.511387,-0.5571091,0.032986723,0.18081611
411.0,-3.940856,-2.0709844,8.319851,-0.6365216,0.035430185,0.23457226
421.0,-3.9791632,-2.4301147,8.11395,-0.6988298,0.030543262,0.28099802
431.0,-3.9743748,-2.6743233,8.015787,-0.7012733,0.002443461,0.30665436
441.0,-3.9193082,-2.7150247,8.109161,-0.64873886,-0.043982297,0.32742378
452.0,-3.9911342,-2.480393,8.171411,-0.58032197,-0.08552113,0.3567453
461.0,-3.9839516,-2.360683,8.317456,-0.5204572,-0.10629055,0.39828414
473.0,-4.036624,-2.303222,8.511387,-0.4972443,-0.11362094,0.43982297
481.0,-4.050989,-2.2984335,8.585608,-0.5204572,-0.111177474,0.45814893
492.0,-3.8762126,-2.360683,8.504205,-0.5644395,-0.1160644,0.47525316
502.0,-3.787627,-2.3199813,8.312668,-0.5876524,-0.1282817,0.5009095
513.0,-3.809175,-2.3894134,8.058883,-0.57910025,-0.14049901,0.5204572
521.0,-3.7062242,-2.3439236,8.135497,-0.5510005,-0.15149458,0.5143485
532.0,-3.6894648,-1.9776106,7.73806,-0.5155703,-0.17470746,0.48991394
541.0,-3.6224272,-1.9201498,7.845799,-0.5314528,-0.19547687,0.47891834
552.0,-3.6248214,-2.4468741,7.7931266,-0.48258355,-0.21746802,0.5119051
561.0,-3.6631286,-2.0614076,8.348581,-0.48380527,-0.24312437,0.5021312
573.0,-3.6655228,-1.946486,8.441956,-0.44348818,-0.26267207,0.43982297
581.0,-3.8546648,-1.7501614,8.566454,-0.408058,-0.26389378,0.408058
594.0,-3.8283286,-1.9057846,8.798691,-0.408058,-0.2602286,0.41905355
603.0,-3.6727054,-2.2409728,8.784326,-0.43860126,-0.24678956,0.43127087
616.0,-3.5817258,-2.4588451,8.746018,-0.49235737,-0.23335053,0.40317106
625.0,-3.53863,-2.4732103,8.655039,-0.49846604,-0.23457226,0.36896262
635.0,-3.6990416,-2.4588451,8.683769,-0.42760566,-0.24312437,0.3555236
643.0,-3.5984852,-2.2505496,8.801085,-0.30787608,-0.25534168,0.34330627
654.0,-3.5529952,-2.1308396,8.868123,-0.19303341,-0.2687807,0.32742378
665.0,-3.4117374,-2.0638018,9.107543,-0.13194689,-0.27366763,0.31764993
673.0,-3.347094,-2.0973208,9.119514,-0.11362094,-0.2687807,0.31764993
684.0,-3.4045548,-2.1667526,9.054871,-0.112399206,-0.26267207,0.3323107
695.0,-3.3542767,-2.2218192,9.138668,-0.09896017,-0.26389378,0.35918877
704.0,-3.3854012,-2.1739352,9.054871,-0.07086037,-0.267559,0.3811799
714.0,-3.2920272,-2.0207062,8.949526,-0.05497787,-0.27366763,0.38362336
724.0,-3.3973722,-1.7956513,8.916007,-0.059864793,-0.27488935,0.37873647
734.0,-3.3758245,-1.7118542,8.889671,-0.08307768,-0.27000242,0.37751472
745.0,-3.3423057,-1.757344,8.944737,-0.10751228,-0.26633725,0.37140608
755.0,-3.394978,-1.8770541,8.935161,-0.1160644,-0.25778514,0.36163223
763.0,-3.2824504,-1.8507179,8.930372,-0.10262536,-0.25411993,0.35430184
775.0,-3.2585084,-1.8291701,8.980651,-0.07452556,-0.25534168,0.34697145
785.0,-3.3734303,-1.8459295,9.0429,-0.032986723,-0.25289822,0.33475417
794.0,-3.3901896,-1.7884687,9.165004,0.0,-0.24190263,0.31887165
804.0,-3.3901896,-1.6711528,9.085996,0.021991149,-0.23457226,0.30543262
817.0,-3.490746,-1.6328455,9.114726,0.034208454,-0.23090707,0.29565877
824.0,-3.4596214,-1.6807296,9.13388,0.030543262,-0.22357668,0.28344148
833.0,-3.5098996,-1.5227122,9.188946,0.019547688,-0.20891592,0.27366763
844.0,-3.53863,-1.5801731,9.32781,0.019547688,-0.19303341,0.26389378
854.0,-3.6391866,-1.6472107,9.457097,0.036651913,-0.1685988,0.25167647
863.0,-3.6032736,-1.7238252,9.500193,0.06963864,-0.14782938,0.23823744
876.0,-3.526659,-1.5801731,9.457097,0.11728613,-0.13194689,0.22357668
883.0,-3.4859576,-1.6711528,9.385271,0.1685988,-0.11362094,0.20891592
894.0,-3.394978,-1.6950948,9.241618,0.20891592,-0.09407325,0.19058995
904.0,-3.4261026,-1.8387469,9.138668,0.2321288,-0.07574729,0.1685988
914.0,-3.4141316,-1.7812861,9.095572,0.24190263,-0.05131268,0.14782938
924.0,-3.4955344,-1.697489,9.169792,0.23823744,-0.032986723,0.13072516
935.0,-3.5218706,-1.7238252,9.179369,0.23701571,-0.0012217305,0.13072516
944.0,-3.454833,-1.8363527,9.361329,0.22968534,0.021991149,0.14660765
953.0,-3.4883518,-2.0015526,9.555259,0.21380283,0.040317107,0.14660765
963.0,-3.6104562,-1.7741034,9.406818,0.21135938,0.08674286,0.10629055
974.0,-3.6487634,-1.7836803,9.414001,0.20158553,0.10629055,0.12095132
983.0,-3.727772,-1.7860745,9.409213,0.18570304,0.12583824,0.14172074
994.0,-3.7900212,-1.8243817,9.540894,0.16493362,0.15515977,0.14782938
1003.0,-3.833117,-1.7118542,9.7324295,0.1563815,0.18448131,0.15027285
1014.0,-3.8833952,-1.4796166,10.038888,0.16126843,0.20280726,0.1600467
1022.0,-3.8019924,-1.2234371,10.354922,0.12705997,0.22968534,0.17592919
1033.0,-3.7421372,-1.1228806,10.5680065,-0.002443461,0.27855456,0.19181168
1063.0,-3.6487634,-1.1324574,10.603919,-0.23579398,0.35430184,0.22113322
1063.0,-3.727772,-1.5011644,10.522516,-0.5326745,0.44226643,0.25411993
1063.0,-3.7660792,-2.0446482,10.3692875,-0.816116,0.54000485,0.28955013
1074.0,-3.9193082,-2.56419,9.919178,-1.0421361,0.6719518,0.3359759
1082.0,-3.8067808,-3.0382419,9.725247,-1.1801916,0.7672467,0.39950588
1093.0,-3.7110126,-3.8115692,10.172963,-1.2302825,0.88697636,0.4728097
1103.0,-3.6846764,-5.073313,10.6158905,-1.2461652,1.0262536,0.5534439
1115.0,-4.010288,-6.3685765,11.147403,-1.2632693,1.2119566,0.6646214
1123.0,-4.55856,-7.381324,11.7148285,-1.2412782,1.4355333,0.84788096
1134.0,-5.0254292,-7.5321584,11.77229,-1.1459832,1.6029104,1.0616838
1143.0,-5.2983685,-6.921637,11.757924,-0.9468411,1.772731,1.2217305
1153.0,-5.3079453,-5.9902925,11.59033,-0.6389651,1.9608774,1.3072516
1163.0,-5.1906295,-4.9057193,11.046846,-0.30543262,2.1685717,1.378112
1175.0,-5.097255,-3.9312792,9.892841,0.028099801,2.3652701,1.4697418
1183.0,-4.903325,-2.873042,8.791509,0.37873647,2.4911084,1.536937
1194.0,-4.733337,-1.8435353,7.5225816,0.6768387,2.5729644,1.5173893
1204.0,-4.4699745,-1.0989386,6.184223,0.8552113,2.615725,1.4538593
1214.0,-4.3766007,-0.6943185,4.853047,0.9114109,2.5900686,1.4135422
1225.0,-4.4101195,-0.47165772,3.7110126,0.9309586,2.5143213,1.3878858
1235.0,-4.4316673,-0.14604631,2.504335,0.9627236,2.3762658,1.346347
1243.0,-4.4915223,0.36631286,1.6065093,0.98349303,2.179567,1.2938126
1254.0,-4.584896,1.091756,1.0462662,0.95539325,1.9364429,1.2327261
1265.0,-4.745308,1.5873557,0.5267244,0.8723156,1.6554449,1.1398746
1276.0,-4.6471453,1.9057846,0.6631939,0.7110472,1.3414601,1.0262536
1283.0,-4.2784386,2.0470424,0.81642276,0.45081854,0.9993755,0.91751957
1295.0,-3.9480386,2.1428106,0.79966336,0.18081611,0.6035349,0.79412484
1305.0,-3.6056678,2.2601264,0.7517793,0.014660766,0.17592919,0.6206391
1314.0,-3.4141316,2.171541,0.50517654,-0.010995574,-0.27122417,0.42760566
1323.0,-3.265691,2.042254,0.46208093,0.07452556,-0.7244862,0.22357668
1335.0,-3.2800562,1.9177556,0.23942018,0.22357668,-1.1508701,0.034208454
1344.0,-3.4117374,1.7980455,0.09816227,0.39706242,-1.5577064,-0.15515977
1356.0,-3.5122938,1.7956513,0.04309563,0.5656612,-1.9511036,-0.3567453
1363.0,-3.3423057,1.8171991,0.06703765,0.70249504,-2.3457224,-0.56199604
1375.0,-3.1292217,1.5897499,0.7350199,0.78801614,-2.7317894,-0.7476991
1384.0,-2.870648,1.2880806,1.2066777,0.78801614,-3.0983086,-0.90285885
1394.0,-2.3582888,0.79966336,2.0135236,0.766025,-3.4611626,-1.0458013
1404.0,-1.9632454,0.35194764,3.3758245,0.7672467,-3.7433822,-1.2046263
1415.0,-1.7501614,-0.04070143,5.973533,0.7648033,-3.8960986,-1.3634512
1424.0,-1.6448165,-0.50517654,8.937555,0.7281514,-3.9205332,-1.4844025
1436.0,-2.0231004,-0.8283938,12.167333,0.63163465,-3.8570032,-1.5393804
1443.0,-2.753332,-1.4053963,13.409924,0.43127087,-3.7690387,-1.5247196
1456.0,-3.2968156,-2.1787236,15.210363,0.23090707,-3.6395352,-1.4440855
1464.0,-4.2425256,-2.9951463,17.417818,0.04153884,-3.3341024,-1.3048081
1477.0,-5.5856724,-1.7262194,16.005238,-0.26145032,-2.9810224,-1.1252137
1483.0,-4.7500963,-0.6536171,15.777789,-0.66828656,-2.7232373,-0.92485
1494.0,-4.1491513,-1.448492,16.361975,-0.6719518,-2.1429152,-0.6817256
1505.0,-4.0414124,-2.1260512,13.086706,-0.23579398,-1.6175711,-0.4605924
1516.0,-0.93852705,-3.3303347,17.609354,0.15393804,-1.3988814,-0.24923302
1524.0,-1.5275006,-3.5458126,15.45936,0.3213151,-0.7611381,-0.04642576
1536.0,-0.4357447,-5.41329,22.419304,0.12705997,-0.5839872,0.267559
1544.0,-2.645593,-4.7764325,21.878216,-0.7098254,-0.05009095,0.43860126
1555.0,-5.973533,-2.731784,20.597317,-2.3261747,0.689056,0.21746802
1564.0,-7.6494746,-1.6208745,18.511967,-3.2241468,1.2302825,0.03176499
1577.0,-7.6375036,-0.8858546,15.588647,-2.8991663,1.409877,0.029321533
1584.0,-6.5840545,-1.1180922,13.290214,-2.3371704,1.59558,0.062308256
1596.0,-5.1786585,-1.7597382,12.042834,-2.2003367,1.9242256,0.23701571
1604.0,-4.4244847,-2.303222,12.083536,-2.4630086,2.2602015,0.49968776
1615.0,-4.1252093,-4.1012673,11.851298,-2.769663,2.5583036,0.7098254
1624.0,-4.3526587,-6.191406,11.623849,-2.7061331,2.8661797,0.8943067
1635.0,-4.5920787,-7.467515,10.730812,-2.085494,3.010344,1.1093313
1644.0,-4.5657425,-6.871359,9.3182335,-0.98471475,2.960253,1.2779301
1657.0,-4.4436383,-4.903325,7.503428,0.25289822,2.8136454,1.3329079
1664.0,-4.072537,-2.6192567,5.829881,1.1765264,2.6633725,1.3011429
1677.0,-3.8259344,-1.1540052,4.711789,1.568702,2.6120598,1.2705997
1684.0,-3.9145198,-0.4213795,3.7948096,1.4782939,2.6047294,1.2547172
1695.0,-4.0916905,-0.6392518,2.6144683,1.0995574,2.5497515,1.2095132
1704.0,-4.3478703,-1.553837,1.7477672,0.6426302,2.4104743,1.1264355
1716.0,-4.63278,-2.2960393,0.9672575,0.21746802,2.1868975,1.0433578
1723.0,-4.781221,-2.4013844,0.19153613,-0.04886922,1.8643607,1.0054842
1734.0,-4.783615,-2.030283,0.023942016,-0.042760566,1.4844025,0.9944886
1745.0,-4.6591167,-1.0654198,0.06943185,0.14538592,1.1362094,0.95172805
1755.0,-4.3861775,0.20111294,0.3854665,0.31887165,0.82833326,0.8527679
1764.0,-4.0677485,1.6543933,0.6703765,0.35430184,0.5155703,0.70005155
1777.0,-3.2489316,2.5474305,0.878672,0.14782938,-0.28344148,0.31764993
1784.0,-1.8722657,2.4372973,1.1324574,0.14782938,-0.28344148,0.31764993
1794.0,-0.79726917,1.4772224,1.388637,0.07941248,-0.7281514,0.14782938
1804.0,-0.6991069,0.23942018,1.5969325,0.11362094,-1.1618657,-0.042760566
1815.0,-1.376666,-0.7278373,1.4269443,0.2602286,-1.5601498,-0.25900686
1824.0,-1.9895816,-1.1204864,1.5370775,0.5363397,-1.9547688,-0.46792278
1837.0,-2.006341,-1.0869676,2.2744915,0.82344633,-2.3726006,-0.6267477
1844.0,-1.8387469,-0.9744401,3.8953662,1.1630874,-3.150843,-0.81489426
1855.0,-1.7645266,-0.8379706,5.896919,1.2925909,-3.3426547,-0.93828905
1864.0,-2.3582888,-0.5746084,8.145074,1.3402383,-3.3988543,-1.0616838
1875.0,-2.645593,-0.5410896,10.0029745,1.2938126,-3.4220672,-1.1569787
1884.0,-2.906561,-0.9504981,12.413936,1.1398746,-3.3585372,-1.1814134
1897.0,-3.0550013,-1.6160861,15.181633,1.0177015,-3.1251867,-1.078788
1906.0,-4.0294414,-2.2122424,18.442535,0.98471475,-2.7391198,-0.86620694
1916.0,-6.129156,-0.62249243,16.395493,0.9859365,-2.4239132,-0.5705481
1924.0,-6.277597,0.78290397,13.603854,0.8943067,-2.3811526,-0.27366763
1935.0,-5.872977,-0.4165911,11.070788,1.0531317,-2.107485,0.028099801
1944.0,-2.9113493,-0.7206547,11.511322,1.3854424,-1.8521434,0.31520647
1957.0,-0.050278235,-3.9025488,15.002068,1.2681563,-1.428203,0.41416663
1964.0,-0.48602295,-4.3263226,16.108189,1.3255776,-0.6976081,0.6218608
1976.0,-1.9177556,-2.8778305,21.98356,1.0812315,-0.5326745,0.88086766
1984.0,-4.5154643,0.9528923,20.750546,0.35430184,-0.23335053,0.89919364
1996.0,-6.327875,3.3518825,20.324379,-1.102001,0.3042109,0.3567453
2004.0,-6.8091097,2.966416,18.756176,-2.1930063,0.9456194,-0.018325957
2017.0,-6.3302693,1.2354081,17.187975,-2.8026497,1.4905112,0.032986723
2025.0,-5.6551046,-0.7230489,15.500062,-3.1154127,1.9339994,0.2724459
2037.0,-5.535394,-2.2242134,14.013263,-3.2522466,2.3457224,0.4728097
2043.0,-5.3079453,-3.9791632,12.8688345,-3.19116,2.624277,0.5571091
2053.0,-5.1475334,-5.422867,11.951855,-2.8893926,2.8832839,0.61819565
2090.0,-4.8961425,-5.705383,10.778696,-2.2198844,3.0469959,0.73792523
2091.0,-4.4603977,-4.6255975,9.52174,-1.1557571,3.023783,0.8527679
2091.0,-3.9815574,-2.7461493,7.548918,0.037873644,2.896723,0.86376345
2093.0,-3.4572272,-0.770933,5.693412,0.97005403,2.7672195,0.75747293
2103.0,-3.098097,0.4405331,4.098873,1.4391985,2.701246,0.6096435
2113.0,-3.1794999,0.6775591,2.8754363,1.4306464,2.6572638,0.49235737
2125.0,-3.6272156,0.09816227,1.8938135,1.0506883,2.5766296,0.42271876
2135.0,-4.0557775,-0.85473,1.1611878,0.54244834,2.42147,0.37384954
2143.0,-4.259285,-1.6041151,0.8834604,0.12583824,2.149024,0.3213151
2154.0,-4.060566,-2.1068976,0.47405192,-0.119729586,1.8081611,0.2687807
2164.0,-3.857059,-2.066196,0.30885202,-0.20891592,1.4575244,0.20769419
2175.0,-3.7421372,-1.3670892,0.18914193,-0.2284636,1.1203269,0.12339478
2184.0,-3.7205894,-0.47405192,0.22505496,-0.2565634,0.8173377,0.02443461
2195.0,-3.5865142,0.21787235,0.39504328,-0.3371976,0.50701815,-0.09285152
2205.0,-2.9113493,0.44532153,0.6536171,-0.48991394,0.15271631,-0.2003638
2217.0,-1.9440918,0.37110126,0.82599956,-0.6536258,-0.2761111,-0.29077184
2225.0,-1.4101849,0.095768064,1.103727,-0.68294734,-0.70249504,-0.40683624
2235.0,-1.685518,-0.2896984,1.3503298,-0.51923543,-1.0726794,-0.56199604
2244.0,-2.2816741,-0.6368576,1.4532804,-0.21135938,-1.4343116,-0.72692966
2258.0,-2.681506,-1.055843,1.9129672,0.16615535,-1.817935,-0.8686504
2264.0,-2.6431987,-1.2785037,2.7724855,0.53023106,-2.1978931,-0.98471475
2276.0,-2.4756045,-1.496376,3.9839516,0.8381071,-2.5680776,-1.070236
2283.0,-2.4732103,-2.2888567,4.7884035,1.1227703,-2.8918362,-1.102001
2295.0,-2.4660277,-3.2154129,6.4667387,1.4721853,-3.1178563,-1.1093313
2305.0,-2.7509377,-3.6846764,8.880095,1.8203784,-3.154508,-1.1166617
2316.0,-3.4332852,-3.4811692,11.523293,2.0683897,-3.0628784,-1.0995574
2325.0,-4.0797195,-2.4612393,13.136985,2.1099286,-2.9578094,-1.0348058
2336.0,-4.2066126,-2.066196,14.841657,1.8325957,-2.819754,-0.91507614
2345.0,-4.5034933,-2.8083985,16.04594,1.4428637,-2.485,-0.69027776
2357.0,-5.140351,-3.9839516,17.199945,1.3035865,-2.0867157,-0.42149702
2365.0,-6.6271505,-3.5793316,16.749836,1.4269812,-1.7531832,-0.18203785
2378.0,-7.5106106,-1.9416976,14.475344,1.5931365,-1.5992452,0.08674286
2385.0,-7.9511437,-0.8571242,11.456255,1.72264,-1.4501941,0.4654793
2396.0,-6.385336,-0.8738836,8.590396,1.7592919,-1.2388347,0.86254174
2405.0,-7.153875,-0.581791,5.020641,1.5247196,-0.93462384,1.1007792
2415.0,-2.3175871,2.1859062,11.125855,1.1911873,-1.2925909,1.3243558
2425.0,7.97748,2.861071,13.019669,0.6780604,-1.7348573,1.3744467
2438.0,3.9600096,2.396596,14.757859,-0.40561453,-0.73426,0.68294734
2444.0,-1.1707647,1.7525556,14.386758,-1.645671,0.36651915,-0.16737708
2456.0,-6.030994,0.6775591,13.543999,-1.5283848,0.50823987,-0.18203785
2465.0,-7.2065473,0.9792285,13.127408,-0.5815437,0.38362336,0.06841691
2478.0,-5.985504,2.0135236,12.368446,0.0720821,0.27366763,-0.004886922
2485.0,-4.3023806,2.7126305,11.583148,0.23090707,0.2968805,-0.19058995
2497.0,-3.3039982,2.4229321,10.929531,-0.080634214,0.3885103,-0.22724187
2505.0,-3.1052797,1.6184803,10.208876,-0.72082096,0.5204572,-0.17470746
2516.0,-3.3782187,0.641646,9.615114,-1.4013249,0.6768387,-0.1600467
2526.0,-3.406949,-0.7086837,9.009381,-1.8655825,0.78801614,-0.17959438
2536.0,-3.1914709,-2.1068976,8.327033,-2.0182989,0.8210029,-0.18692477
2544.0,-2.80361,-3.1004913,7.680599,-1.8704693,0.7855727,-0.17104226
2556.0,-2.5953147,-3.6272156,7.129933,-1.4758505,0.689056,-0.14294247
2567.0,-2.4253263,-3.7780502,6.64391,-0.91874135,0.56688297,-0.12461651
2577.0,-2.3535004,-3.5889084,6.3446345,-0.3213151,0.43860126,-0.112399206
2584.0,-2.2720973,-3.1794999,6.133945,0.19058995,0.30298916,-0.10262536
2597.0,-2.303222,-2.7485435,6.2105594,0.5571091,0.18081611,-0.095294975
2605.0,-2.2697031,-2.4420857,6.279991,0.75625116,0.07574729,-0.08674286
2618.0,-2.2601264,-2.315193,6.576872,0.81000733,-0.018325957,-0.07696902
2625.0,-2.2984335,-2.1452048,7.1251445,0.78801614,-0.087964594,-0.06841691
2636.0,-2.4468741,-2.0278888,7.589619,0.7452556,-0.14538592,-0.062308256
2645.0,-2.5091233,-1.9057846,8.085219,0.68539083,-0.21135938,-0.058643065
2657.0,-2.621651,-1.5490485,8.573636,0.5900958,-0.25778514,-0.05009095
2666.0,-2.7820623,-1.2521675,8.856153,0.4569272,-0.2773328,-0.02687807
2677.0,-2.846706,-1.0534488,9.138668,0.073303826,-0.27122417,0.019547688
2684.0,-3.0789435,-0.94810385,9.52174,-0.13561209,-0.2443461,0.019547688
2695.0,-3.181894,-1.0342951,9.710882,-0.30543262,-0.21746802,0.014660766
2704.0,-3.3279405,-1.0486604,9.77792,-0.4092797,-0.17348573,0.007330383
2715.0,-3.3542767,-1.1109096,9.844957,-0.43860126,-0.13316862,0.0
2724.0,-3.490746,-1.0007763,9.797073,-0.41783184,-0.105068825,-0.007330383
2736.0,-3.5170822,-0.9696517,9.859323,-0.376293,-0.07452556,-0.02076942
2744.0,-3.466804,-0.8595184,9.900024,-0.33108896,-0.03176499,-0.04153884
2754.0,-3.526659,-0.7757214,9.830592,-0.27366763,0.008552114,-0.064751714
2764.0,-3.5458126,-0.7062895,9.710882,-0.21135938,0.035430185,-0.08307768
2776.0,-3.526659,-0.63206923,9.679757,-0.1563815,0.05375614,-0.09896017
2785.0,-3.5769374,-0.5530606,9.545682,-0.1001819,0.065973446,-0.10629055
2796.0,-3.5075054,-0.49320555,9.385271,-0.05497787,0.073303826,-0.10262536
2805.0,-3.4644098,-0.47644615,9.291897,-0.02076942,0.0720821,-0.09040806
2815.0,-3.3973722,-0.5267244,9.184157,0.002443461,0.06719518,-0.081855945
2825.0,-3.3255463,-0.7086837,9.078813,0.015882496,0.064751714,-0.08307768
2836.0,-3.3758245,-0.9552865,9.033323,0.02321288,0.05497787,-0.0720821
2847.0,-3.2968156,-1.0366893,9.028535,0.030543262,0.037873644,-0.05497787
2858.0,-3.1866825,-1.1923125,9.045294,0.047647487,0.021991149,-0.042760566
2867.0,-3.1483753,-1.4413095,9.155427,0.07452556,0.019547688,-0.032986723
2879.0,-3.064578,-1.4772224,9.126697,0.09896017,0.0061086523,-0.02076942
2887.0,-3.0334535,-1.4580688,9.074024,0.10873401,-0.0036651916,-0.007330383
2897.0,-3.0142999,-1.4077905,8.980651,0.10629055,-0.014660766,-0.0036651916
2907.0,-3.052607,-1.3479356,8.978256,0.09162979,-0.017104227,-0.007330383
2918.0,-2.992752,-1.4867992,8.954314,0.065973446,-0.0061086523,-0.007330383
2927.0,-2.930503,-1.6256629,8.860941,0.04153884,-0.004886922,-0.0061086523
2938.0,-2.9017725,-1.6496049,8.829816,0.019547688,-0.004886922,-0.010995574
2946.0,-2.870648,-1.6232687,8.836999,-0.004886922,0.0012217305,-0.02076942
2956.0,-2.932897,-1.6567876,8.844181,-0.028099801,0.012217305,-0.029321533
2966.0,-2.870648,-1.7477672,8.789114,-0.047647487,0.02565634,-0.032986723
2978.0,-2.815581,-1.7621324,8.798691,-0.06963864,0.03176499,-0.035430185
2987.0,-2.9592333,-1.7310078,8.798691,-0.087964594,0.030543262,-0.04520403
2997.0,-2.956839,-1.6831238,8.772355,-0.09407325,0.034208454,-0.05375614
3007.0,-2.9400797,-1.6352397,8.734048,-0.087964594,0.037873644,-0.057421334
3017.0,-2.9281087,-1.6496049,8.755595,-0.08307768,0.037873644,-0.05497787
