32.0,-2.7389667,1.0031705,9.31105,0.009773844,0.08552113,0.02443461
71.0,-2.7389667,1.0031705,9.31105,0.009773844,0.08552113,0.02443461
71.0,-3.0502129,0.8714894,9.26556,0.17592919,0.12461651,-0.087964594
71.0,-3.1555579,0.62009823,9.31105,0.04642576,-0.3042109,-0.23457226
71.0,-3.1411927,0.30645782,9.289502,-0.035430185,0.36774087,0.1001819
78.0,-3.0095115,0.1412579,9.263166,-0.035430185,0.36774087,0.1001819
91.0,-3.1268275,0.31603462,9.200917,-0.035430185,0.17959438,0.09162979
99.0,-3.1172507,0.33279404,9.205706,0.0,0.004886922,0.02076942
109.0,-3.0933087,0.4237737,9.119514,0.021991149,0.002443461,0.02076942
119.0,-3.0885203,0.45010993,9.033323,0.034208454,0.004886922,0.021991149
129.0,-3.0669725,0.5363012,9.009381,0.043982297,0.008552114,0.017104227
139.0,-3.1507695,0.47165772,8.932767,0.04642576,0.010995574,0.013439035
151.0,-3.1364043,0.47405192,8.971074,0.039095376,0.010995574,0.014660766
159.0,-3.1268275,0.4261679,9.021352,0.02687807,0.010995574,0.015882496
170.0,-3.205836,0.272939,9.045294,0.018325957,0.012217305,0.019547688
179.0,-3.2225955,0.22744916,9.081207,0.018325957,0.014660766,0.029321533
189.0,-3.1531637,0.19871874,9.090784,0.02443461,0.017104227,0.043982297
199.0,-3.1196449,0.16519992,9.088389,0.028099801,0.018325957,0.057421334
210.0,-3.13401,0.16759412,9.076419,0.02565634,0.02076942,0.06963864
221.0,-3.1028855,0.10055647,9.078813,0.014660766,0.030543262,0.081855945
230.0,-3.1364043,0.045489833,9.131485,-0.004886922,0.04153884,0.096516706
240.0,-3.1411927,-0.055066638,9.176975,-0.02321288,0.05497787,0.11362094
250.0,-3.1555579,-0.11731588,9.25359,-0.034208454,0.064751714,0.13194689
259.0,-3.4380736,0.02873042,9.301474,-0.034208454,0.06963864,0.15515977
272.0,-3.0023289,-0.4405331,9.540894,-0.03176499,0.06963864,0.21380283
279.0,-2.44448,-0.5626374,9.952697,-0.14049901,0.040317107,0.22357668
290.0,-2.7581203,-1.0175357,9.569624,-0.2773328,0.11728613,0.2321288
300.0,-3.8067808,-1.316811,10.517728,-0.18936823,0.17837265,0.31642818
310.0,-2.5617957,-1.4293385,10.529699,0.1160644,0.16371189,0.4288274
320.0,-2.8514943,-0.6775591,9.928755,0.24801129,0.112399206,0.38728857
330.0,-3.2704794,-0.019153614,9.610326,0.2284636,0.16126843,0.39095375
339.0,-3.5314474,0.038307227,9.41879,0.19303341,0.19547687,0.42271876
349.0,-3.6894648,-0.11731588,9.533711,0.21624629,0.22968534,0.49235737
359.0,-3.3542767,0.15562311,9.528923,0.29932398,0.23701571,0.5546656
371.0,-3.2704794,0.7062895,9.504981,0.3933972,0.19425514,0.54244834
380.0,-3.1364043,1.4556746,9.404425,0.44226643,0.16737708,0.50335294
391.0,-3.1842883,1.8866309,9.378088,0.3921755,0.16126843,0.4654793
399.0,-3.2513258,1.7310078,9.425972,0.26633725,0.21380283,0.453262
409.0,-3.1531637,1.0582372,9.555259,0.14782938,0.28099802,0.4654793
420.0,-3.1842883,0.60573304,9.674969,0.07452556,0.3200934,0.44104472
430.0,-3.2202013,0.62009823,9.703699,0.06841691,0.3371976,0.3921755
440.0,-3.3542767,0.92416185,9.399636,0.087964594,0.33108896,0.34208453
451.0,-3.2082303,1.2066777,9.176975,0.0842994,0.31764993,0.29077184
460.0,-2.9975405,1.151611,9.229648,0.056199603,0.33353242,0.25411993
471.0,-2.96881,0.93134445,9.332599,0.014660766,0.3726278,0.23457226
480.0,-3.13401,0.79487497,9.323022,-0.02321288,0.41416663,0.23579398
490.0,-2.918532,0.79726917,9.301474,-0.030543262,0.43982297,0.26145032
500.0,-2.8060043,0.9911995,9.3661175,-0.04153884,0.4642576,0.2565634
511.0,-2.9113493,1.0462662,9.488221,-0.118507855,0.5143485,0.21624629
520.0,-3.845088,0.6847417,10.093954,-0.267559,0.6072,0.20647246
530.0,-4.7381253,-0.2705448,9.64145,-0.43493605,0.6939429,0.3213151
540.0,-3.8786068,-0.44771573,10.005369,-0.41050145,0.64751714,0.4569272
550.0,-3.8283286,-0.39264908,9.6845455,-0.20158553,0.657291,0.41172317
560.0,-4.1012673,0.49559975,9.540894,0.064751714,0.64996064,0.35796702
572.0,-4.2161894,1.3383588,8.99741,0.23335053,0.6291912,0.312763
580.0,-3.9935284,1.721431,8.820239,0.28955013,0.63163465,0.29810223
590.0,-3.881001,1.6160861,8.669404,0.27366763,0.6817256,0.28099802
600.0,-3.9432502,1.4053963,8.765172,0.2406809,0.73792523,0.28955013
610.0,-3.916914,1.2665327,8.580819,0.22357668,0.75625116,0.31398472
620.0,-3.9073372,1.3551182,8.350976,0.23090707,0.7538077,0.33108896
631.0,-3.9624038,1.5993267,8.197746,0.20769419,0.73914695,0.32986724
643.0,-3.9959226,1.7980455,8.236053,0.112399206,0.73426,0.3200934
652.0,-4.247314,1.8315643,8.11395,-0.05375614,0.75136423,0.31887165
663.0,-4.5058875,1.7477672,7.860164,-0.2968805,0.75625116,0.33353242
674.0,-4.9105077,1.4221559,7.503428,-0.57543504,0.752586,0.36041048
682.0,-5.0900726,0.93134445,7.1610575,-0.8002335,0.7415904,0.39706242
693.0,-5.035006,1.0654198,6.849811,-0.9016371,0.6817256,0.4007276
702.0,-4.927267,1.8818425,6.43322,-0.9211848,0.57787853,0.34574974
713.0,-4.8985367,2.3535004,6.0740895,-0.9761627,0.47403142,0.29810223
722.0,-5.0134583,1.9512744,5.7269306,-1.1728612,0.39828414,0.33841935
732.0,-5.116409,1.2306197,5.279215,-1.486846,0.3408628,0.44593164
742.0,-5.281609,0.78290397,4.8578353,-1.7788396,0.26389378,0.5448918
753.0,-5.461174,0.30406362,4.2185836,-1.9315559,0.12950343,0.61086524
762.0,-5.45878,-0.033518825,4.024653,-1.9401081,-0.062308256,0.6072
773.0,-5.3342814,-0.1436521,4.232949,-1.8826867,-0.24190263,0.50579643
783.0,-5.1882353,-0.4405331,4.570531,-1.7470746,-0.37995818,0.35918877
793.0,-5.0397944,-0.8882488,5.425261,-1.5234979,-0.51068336,0.2125811
802.0,-4.805163,-1.5514427,6.730101,-1.2534955,-0.6096435,0.10995574
813.0,-4.8937483,-2.3535004,8.23366,-0.91874135,-0.66706485,0.10995574
823.0,-4.88896,-2.731784,9.674969,-0.50335294,-0.6914995,0.18325958
833.0,-4.5561657,-2.2960393,10.184934,-0.021991149,-0.7501425,0.22602014
842.0,-4.213795,-1.4030021,10.019734,0.45937067,-0.77213365,0.20280726
852.0,-3.9432502,-0.17477672,9.490616,0.8417723,-0.77824235,0.16249016
862.0,-3.9839516,0.8475474,9.085996,1.0250319,-0.7696902,0.10995574
875.0,-3.8139634,1.7238252,8.7053175,0.7965683,-0.7110472,-0.065973446
882.0,-3.643975,2.078167,8.504205,0.7965683,-0.7110472,-0.065973446
892.0,-3.5817258,1.9201498,8.710106,0.535118,-0.6414085,-0.10995574
903.0,-3.6128504,1.6496049,9.406818,0.28710666,-0.5693264,-0.08552113
914.0,-3.5745432,1.0534488,10.745177,0.06963864,-0.48624873,-0.05009095
922.0,-3.58412,0.6344634,11.9853735,-0.09162979,-0.38240165,-0.04153884
933.0,-3.7445314,0.533907,13.187263,-0.19181168,-0.27488935,-0.032986723
944.0,-4.1946416,1.0486604,13.802573,-0.2565634,-0.16126843,0.0
951.0,-4.4196963,2.0590134,14.044387,-0.59498274,0.15515977,0.019547688
961.0,-4.501099,2.4301147,14.185645,-0.96883225,0.4605924,-0.013439035
972.0,-4.721366,1.2066777,14.140155,-1.4086553,0.8393288,-0.02443461
985.0,-5.2265425,-0.36870706,14.283808,-1.817935,1.2742649,0.02321288
996.0,-5.899313,-2.0350714,14.441825,-2.0476203,1.7104226,0.12217305
1002.0,-6.5744777,-3.2752678,14.276625,-2.035403,2.1135938,0.22235495
1013.0,-6.9623384,-3.9911342,13.721169,-1.831374,2.4544566,0.29565877
1021.0,-6.933608,-3.9456444,12.8448925,-1.4563028,2.7049112,0.37384954
1035.0,-6.7923503,-3.6152446,11.743559,-0.9370673,2.8918362,0.4642576
1042.0,-6.2368956,-3.016694,10.359711,-0.35308012,3.042109,0.54000485
1055.0,-5.734113,-2.420538,9.155427,0.18325958,3.1813862,0.59986967
1084.0,-5.544971,-1.9440918,7.9367785,0.56199604,3.3243287,0.67073005
1084.0,-5.3462524,-1.6256629,6.564901,0.75991637,3.4061847,0.73792523
1084.0,-5.149928,-1.3192052,5.4659624,0.8698721,3.413515,0.766025
1090.0,-5.0302176,-0.80205756,4.2640734,0.9297369,3.3524284,0.7330383
1103.0,-5.044583,-0.6560113,3.2082303,0.9663888,3.2620203,0.66828656
1113.0,-5.092467,-0.5363012,2.0374656,0.9578367,3.114191,0.6267477
1121.0,-5.1906295,-0.5626374,1.2569559,0.9016371,2.9028316,0.6096435
1132.0,-5.279215,-0.6488287,0.7038953,0.7867944,2.6890287,0.6035349
1141.0,-5.451597,-0.8858546,-0.047884032,0.61941737,2.4410176,0.61819565
1152.0,-5.5617304,-0.9888053,-0.79726917,0.43249258,2.1197023,0.6609562
1162.0,-5.674258,-0.5315128,-1.2785037,0.24801129,1.7482964,0.70005155
1174.0,-5.8203044,0.16280572,-1.4796166,0.06719518,1.359786,0.6914995
1184.0,-5.6120086,0.8643068,-1.2306197,-0.12095132,0.9492846,0.63407815
1193.0,-5.207389,1.3670892,-0.7206547,-0.39828414,0.56321776,0.593761
1202.0,-4.3287168,1.3192052,-0.22505496,-0.7318166,0.16249016,0.5705481
1212.0,-2.9520507,0.82599956,0.007182605,-0.95417154,-0.36285394,0.52656585
1223.0,-2.0015526,0.28491,0.17717093,-1.0128145,-0.92485,0.45570546
1235.0,-1.4532804,-0.11731588,0.22744916,-0.9627236,-1.4807373,0.3567453
1241.0,-1.2761095,-0.5386954,0.22266077,-0.8332202,-2.0659463,0.2321288
1253.0,-1.4101849,-0.6823475,0.24899697,-0.64751714,-2.6658158,0.10262536
1264.0,-1.541866,-0.6967127,0.47884035,-0.39828414,-3.2314773,-0.010995574
1274.0,-1.5179238,-0.24181437,1.2018893,-0.12950343,-3.7604864,-0.112399206
1282.0,-1.4987702,0.15562311,1.5969325,0.12705997,-4.266283,-0.23457226
1293.0,-1.5897499,0.5315128,2.5115175,0.4202753,-4.7073274,-0.36774087
1303.0,-1.6831238,0.9528923,3.550601,0.766025,-5.031086,-0.5021312
1313.0,-1.661576,1.5179238,5.080496,1.1643091,-5.220454,-0.6377433
1322.0,-1.5490485,2.2098482,7.589619,1.518611,-5.263215,-0.7367035
1333.0,-1.5059528,2.4301147,11.6669445,1.7641789,-5.131268,-0.7672467
1343.0,-2.5330653,2.6001031,15.440207,1.9291124,-4.87837,-0.7318166
1355.0,-4.1060557,2.9735985,17.180792,1.9950858,-4.7403145,-0.6010914
1363.0,-5.243302,2.4899697,15.662868,1.7873917,-4.6205845,-0.312763
1373.0,-6.2512608,1.5227122,14.161703,1.269378,-4.2455134,0.09162979
1383.0,-7.201759,2.3702598,13.742718,0.56077427,-3.8093557,0.3481932
1394.0,-5.511452,3.7014358,12.248735,-0.48502702,-3.5735617,0.2919936
1402.0,-2.0350714,2.7605145,14.961367,-1.4905112,-3.0946434,0.12583824
1413.0,-1.2425907,0.61770403,17.381905,-1.9572122,-2.1563544,-0.047647487
1424.0,-0.12689269,-2.9592333,20.298042,-2.0134118,-1.4086553,-0.16493362
1435.0,-2.6264393,-4.6375685,25.610775,-2.0622811,-0.49846604,-0.021991149
1443.0,-5.710171,-4.999093,26.613947,-2.243097,0.2932153,0.24556783
1454.0,-7.642292,-3.6535518,24.231716,-2.3151793,0.7892379,0.2846632
1464.0,-7.347805,-1.0749966,20.049046,-2.2540927,1.2241739,0.035430185
1477.0,-6.0860605,0.4309563,16.304514,-2.043955,1.6249015,-0.19181168
1482.0,-5.1762643,-0.320823,14.276625,-1.8325957,2.1368067,-0.14172074
1492.0,-4.608838,-1.5945383,13.397953,-1.8020525,2.6645942,0.12705997
1503.0,-4.19943,-2.9975405,13.156138,-1.8729129,3.1031954,0.42638394
1514.0,-4.0940847,-4.6016555,12.579136,-1.5613716,3.4526103,0.65484756
1523.0,-3.9695864,-5.104438,11.71004,-0.74281216,3.580892,0.79901177
1534.0,-3.7062242,-3.7110126,10.603919,0.28588495,3.585779,0.84421575
1543.0,-3.2225955,-1.484405,9.155427,1.2339478,3.5601227,0.82833326
1552.0,-2.8419175,0.31603462,7.515399,1.8924606,3.5503488,0.77091193
1564.0,-2.6767175,1.328782,6.1123967,2.1673498,3.585779,0.6621779
1574.0,-2.741361,1.7429788,4.8123455,2.1099286,3.6212091,0.5143485
1583.0,-3.0765493,1.5514427,3.7948096,1.831374,3.6187658,0.36651915
1594.0,-3.526659,0.7086837,2.743755,1.4343116,3.549127,0.23701571
1602.0,-3.9432502,-0.1364695,1.8339585,1.0323622,3.3695326,0.11728613
1612.0,-4.223372,-0.7015011,0.9528923,0.64751714,3.0983086,0.021991149
1624.0,-4.5633483,-0.9864111,0.08140286,0.28955013,2.7782152,0.004886922
1633.0,-4.6591167,-0.9959879,-0.830788,0.012217305,2.3774874,0.07819075
1644.0,-4.807557,-0.51954174,-1.0319009,-0.26267207,1.9449949,0.172264
1654.0,-5.0062757,0.5554548,-0.79726917,-0.6072,1.5161675,0.21135938
1664.0,-4.7405195,1.4772224,-0.58418524,-0.9419542,1.0506883,0.18692477
1674.0,-3.751714,1.6783354,0.0023942017,-1.1838568,0.5546656,0.16615535
1683.0,-2.2720973,1.2282255,0.090979666,-1.2925909,-0.021991149,0.23945917
1693.0,-0.6991069,0.4165911,0.4333505,-1.2168436,-0.675617,0.31398472
1704.0,-0.09816227,-0.045489833,0.80684596,-0.9761627,-1.2925909,0.25411993
1715.0,-0.2705448,-0.37349546,1.079785,-0.5876524,-1.8692477,0.10751228
1726.0,-0.6799533,-0.7637503,1.2545617,-0.06963864,-2.4459045,-0.032986723
1733.0,-1.079785,-0.90740246,1.5849615,0.49602258,-2.9993484,-0.13072516
1742.0,-1.1204864,-0.78769237,2.111686,0.9932669,-3.5295794,-0.19914207
1753.0,-0.878672,-0.7278373,2.657564,1.3610078,-4.0268235,-0.2687807
1762.0,-0.61770403,-0.51714754,3.9719806,1.6261233,-4.416556,-0.3555236
1775.0,-0.39264908,-0.074220255,6.126762,1.8558086,-4.7171016,-0.55955255
1783.0,-0.58897364,0.51235914,8.793902,1.8558086,-4.7171016,-0.55955255
1794.0,-1.2186487,1.4820108,11.422736,1.8142698,-4.7268753,-0.63285637
1802.0,-1.982399,2.4229321,13.939042,1.5723672,-4.7635274,-0.6133087
1813.0,-2.2697031,3.3686419,14.374787,1.0995574,-4.72321,-0.4605924
1824.0,-3.347094,4.654328,14.978126,0.172264,-3.7959166,-0.061086524
1834.0,-3.7708676,4.0222588,13.88637,0.28099802,-3.314555,-0.081855945
1843.0,-2.0685902,1.376666,15.02601,0.5009095,-2.9798007,-0.2565634
1853.0,-0.2896984,-1.5227122,17.98285,0.30787608,-2.3738225,-0.3921755
1864.0,-0.48362875,-2.5450363,19.833567,-0.14172074,-1.4770721,-0.28710666
1875.0,-2.0853498,-4.807557,23.075315,-0.26145032,-0.6963864,-0.0061086523
1882.0,-5.470751,-3.928885,24.418463,-0.2125811,-0.06841691,0.103847094
1894.0,-6.8522053,1.0295067,22.907722,-0.6462954,0.29932398,-0.095294975
1903.0,-7.0221934,3.4955344,19.996372,-1.3658947,0.81000733,-0.43982297
1913.0,-6.081272,2.6647465,18.092981,-1.9608774,1.4966198,-0.5852089
1924.0,-5.3821654,0.16998832,17.551893,-2.3506095,2.1600194,-0.5290093
1933.0,-5.1523223,-1.7741034,17.266983,-2.506991,2.7281241,-0.35430184
1945.0,-5.044583,-2.5570073,16.558298,-2.4104743,3.1300735,-0.16493362
1955.0,-4.5561657,-2.885013,15.14572,-2.0561724,3.4159584,-0.021991149
1963.0,-3.9911342,-2.9855695,13.704411,-1.5577064,3.6419785,0.10140363
1974.0,-3.4213142,-2.705448,12.394782,-1.0836749,3.8398988,0.24556783
1984.0,-2.992752,-2.4013844,10.884041,-0.689056,4.025602,0.4251622
1994.0,-2.7844565,-1.8459295,9.375694,-0.38973203,4.157549,0.6169739
2004.0,-2.717419,-1.0247183,8.169016,-0.21991149,4.2479568,0.75136423
2014.0,-2.870648,-0.20590134,7.038953,-0.20769419,4.329813,0.8014552
2023.0,-2.8658595,0.17956513,5.9807158,-0.35430184,4.376239,0.79412484
2035.0,-2.8299465,0.17956513,4.8817773,-0.6206391,4.3774605,0.784351
2043.0,-2.8443117,-0.19393034,3.8618474,-0.9016371,4.3322563,0.78801614
2052.0,-3.1531637,-0.60573304,2.681506,-1.0482447,4.225966,0.79779
2080.0,-3.5338416,-0.92895025,1.8052281,-0.95294976,4.0329323,0.79290307
2080.0,-4.0581717,-1.0989386,0.80445176,-0.6719518,3.780034,0.7648033
2081.0,-4.4125137,-1.0845734,-0.23463176,-0.30176744,3.4758232,0.72326446
2092.0,-4.795586,-0.9959879,-1.1252748,0.081855945,3.136182,0.6719518
2104.0,-5.221754,-0.93373865,-1.6519991,0.43004912,2.7806585,0.5888741
2112.0,-5.628768,-0.6991069,-2.3343468,0.7098254,2.3945918,0.47403142
2122.0,-5.770026,0.0,-2.1164744,0.86132,1.9755383,0.3640757
2134.0,-5.9878983,0.6799533,-2.111686,0.8014552,1.5858061,0.25778514
2143.0,-5.631162,1.1324574,-1.7022774,0.64996064,1.1472049,0.1282817
2153.0,-4.465186,1.2114661,-1.151611,0.41538838,0.5546656,0.017104227
2164.0,-2.8778305,1.2090719,-0.6488287,0.105068825,-0.12705997,-0.06352998
2174.0,-2.0207062,0.6727707,-0.16519992,-0.12217305,-0.75502944,-0.16737708
2184.0,-1.9033904,-0.10295067,0.062249243,-0.17592919,-1.3060299,-0.30787608
2194.0,-2.4277205,-0.90500826,0.22505496,-0.10751228,-1.8374827,-0.44837508
2204.0,-2.8874073,-1.3694834,0.06943185,0.09162979,-2.3970351,-0.5717699
2212.0,-3.0119057,-1.4772224,0.22026655,0.3933972,-2.9382617,-0.675617
2223.0,-2.873042,-1.1683705,0.6536171,0.66706485,-3.467271,-0.752586
2233.0,-2.6384103,-0.89064306,1.4987702,0.8491027,-3.957185,-0.79534656
2243.0,-2.4301147,-0.7685388,3.0454245,0.94806284,-4.3285913,-0.81489426
2255.0,-2.6024973,-0.7278373,5.1810527,1.0128145,-4.537507,-0.84665924
2265.0,-2.918532,-0.7158663,7.9487495,1.0958922,-4.577824,-0.8943067
2275.0,-3.5625722,-1.0606314,10.8385515,1.2388347,-4.480086,-0.90408057
2284.0,-4.9583917,-0.51235914,13.594277,1.4074335,-4.312709,-0.829555
2292.0,-6.1123967,0.5674258,14.446613,1.391551,-4.1905355,-0.689056
2302.0,-6.4547677,0.47405192,15.413871,1.1533136,-3.9645154,-0.44226643
2314.0,-7.422025,0.46447513,15.478514,0.97127575,-3.4428365,-0.096516706
2322.0,-9.121908,0.5386954,11.908759,1.0421361,-2.983466,0.23579398
2333.0,-9.660604,0.06464344,9.660604,1.4782939,-2.90161,0.44226643
2342.0,-8.209718,-0.9600749,6.7971387,1.9926424,-2.769663,0.5681047
2352.0,-4.6279917,-3.2393548,6.7133417,2.1331415,-2.493552,0.6646214
2363.0,0.37588966,-4.618415,12.083536,1.4990633,-2.107485,0.75869465
2375.0,2.9041667,-3.122039,16.414646,0.6426302,-1.5833627,1.0458013
2384.0,-0.34955344,-2.6264393,20.278889,0.09773844,-1.1826351,1.2840388
2393.0,-6.634333,0.8283938,19.912575,-0.30176744,-0.26633725,0.73426
2403.0,-8.274361,3.2704794,17.954119,-0.43860126,0.0036651916,-0.27366763
2414.0,-7.4124484,5.379771,15.703569,-0.17470746,-0.2443461,-0.52534413
2425.0,-6.0501475,5.9759274,14.147338,-0.27366763,0.019547688,-0.26145032
2435.0,-4.853047,5.3941364,11.760319,-1.0005972,0.3885103,-0.06841691
2445.0,-4.1826706,3.739743,10.9343195,-1.9889772,0.72326446,-0.12461651
2455.0,-4.0438066,1.472434,9.935937,-2.819754,1.0506883,-0.25045475
2465.0,-3.976769,-0.842759,9.315839,-3.2375858,1.2779301,-0.28344148
2476.0,-3.53863,-2.918532,8.9040365,-3.1068606,1.3573426,-0.20769419
2485.0,-3.2944214,-4.644751,8.259995,-2.4691174,1.3035865,-0.08307768
2496.0,-3.1244333,-5.2289367,7.5800424,-1.4953982,1.142318,-0.002443461
2505.0,-2.8538885,-4.5394063,6.9144545,-0.38973203,0.9114109,0.012217305
2515.0,-2.6192567,-3.2585084,6.5218053,0.6230826,0.68661255,0.007330383
2525.0,-2.4133554,-1.9895816,6.2847795,1.3060299,0.50335294,0.007330383
2534.0,-2.2768857,-0.79008657,6.337452,1.5870279,0.37873647,-0.002443461
2543.0,-2.2218192,-0.033518825,6.5026517,1.5552629,0.2883284,-0.013439035
2555.0,-2.1164744,0.39983168,6.7947445,1.3316863,0.21013765,-0.014660766
2564.0,-2.2098482,0.5530606,7.101202,1.0152581,0.14172074,-0.014660766
2575.0,-2.3391352,0.6344634,7.457938,0.6768387,0.081855945,-0.035430185
2585.0,-2.4588451,0.6607997,7.723695,0.344528,0.012217305,-0.080634214
2594.0,-2.552219,0.49799395,7.955932,0.012217305,-0.05375614,-0.13316862
2604.0,-2.7222073,0.1364695,8.212111,-0.3042109,-0.087964594,-0.15271631
2616.0,-2.8921957,-0.47884035,8.429984,-0.54611355,-0.10873401,-0.13561209
2625.0,-3.1842883,-0.91937345,8.655039,-0.65118235,-0.12583824,-0.112399206
2635.0,-3.4572272,-1.2497733,8.846576,-0.6267477,-0.15760323,-0.111177474
2645.0,-3.6224272,-1.3479356,8.980651,-0.5180137,-0.19547687,-0.12950343
2653.0,-3.8163576,-1.2904748,9.054871,-0.37384954,-0.22113322,-0.14660765
2664.0,-4.0054994,-1.2138603,9.172187,-0.2321288,-0.2443461,-0.15515977
2677.0,-4.1683054,-0.9864111,9.320627,-0.034208454,-0.26267207,-0.1600467
2685.0,-4.3047748,-0.6584055,9.351752,0.002443461,-0.25534168,-0.15027285
2695.0,-4.3526587,-0.6895301,9.306262,-0.002443461,-0.2443461,-0.12705997
2705.0,-4.4077253,-0.6584055,9.325416,-0.02687807,-0.22602014,-0.095294975
2714.0,-4.51307,-0.7398083,9.248801,-0.04520403,-0.20647246,-0.06719518
2724.0,-4.4364557,-0.7278373,9.074024,-0.04886922,-0.19425514,-0.04153884
2736.0,-4.4340615,-0.6991069,9.059659,-0.040317107,-0.19058995,-0.02076942
2745.0,-4.4220905,-0.6488287,9.004593,-0.032986723,-0.18081611,-0.002443461
2756.0,-4.331111,-0.770933,8.935161,-0.02443461,-0.16737708,0.017104227
2765.0,-4.3119574,-0.81163436,8.947132,-0.014660766,-0.15393804,0.034208454
2776.0,-4.185065,-0.80205756,8.925584,0.002443461,-0.14172074,0.04886922
2785.0,-4.0078936,-0.90740246,9.038112,0.029321533,-0.12095132,0.059864793
2796.0,-3.9791632,-0.92895025,8.983045,0.05131268,-0.09896017,0.06841691
2805.0,-3.9600096,-0.92176765,8.875306,0.065973446,-0.07819075,0.07819075
2815.0,-3.9312792,-0.78050977,8.7532015,0.07574729,-0.062308256,0.0842994
2824.0,-3.7469256,-0.6871359,8.750807,0.06963864,-0.05497787,0.07452556
2834.0,-3.6894648,-0.6919243,8.597578,0.042760566,-0.043982297,0.057421334
2844.0,-3.727772,-0.80445176,8.511387,-0.0036651916,-0.030543262,0.04642576
2855.0,-3.5889084,-0.8834604,8.643068,-0.042760566,-0.02076942,0.04153884
2865.0,-3.454833,-0.9744401,8.76996,-0.052534413,-0.012217305,0.03176499
2876.0,-3.5625722,-1.2665327,8.971074,-0.028099801,0.0036651916,0.02076942
2886.0,-3.442862,-1.3120226,9.093178,0.034208454,0.02687807,0.02321288
2895.0,-3.335123,-1.1659763,9.126697,0.118507855,0.02443461,0.028099801
2906.0,-3.3734303,-0.9576807,9.126697,0.19058995,0.02565634,0.017104227
2917.0,-3.3686419,-0.8858546,9.090784,0.22602014,0.04520403,0.0012217305
2925.0,-3.2872388,-0.6847417,9.081207,0.21380283,0.059864793,-0.004886922
2936.0,-3.2369606,-0.7541735,9.0237465,0.17715092,0.0720821,-0.010995574
2945.0,-3.3135753,-0.6655881,9.097966,0.13683382,0.09407325,-0.021991149
2954.0,-3.3806129,-0.7182605,9.095572,0.096516706,0.105068825,-0.029321533
2965.0,-3.3973722,-0.7182605,9.148245,0.06352998,0.10751228,-0.032986723
2977.0,-3.3327289,-0.641646,9.136273,0.040317107,0.10995574,-0.034208454
2983.0,-3.4380736,-0.59855044,9.102755,0.021991149,0.10873401,-0.032986723
2993.0,-3.4835634,-0.59615624,9.02614,0.007330383,0.10751228,-0.03176499
3007.0,-3.514688,-0.5746084,8.913613,-0.002443461,0.10629055,-0.03176499
3015.0,-3.5529952,-0.5410896,8.841787,-0.013439035,0.1001819,-0.029321533
3026.0,-3.608062,-0.557849,8.791509,-0.02076942,0.09040806,-0.030543262
