25.0,-1.4987702,-2.7964275,9.660604,0.004886922,-0.015882496,0.0012217305
35.0,-1.6903064,-2.822764,9.531317,0.15882497,0.13439035,-0.080634214
41.0,-1.9800048,-2.4612393,9.646238,0.04642576,-0.27122417,-0.2602286
54.0,-2.1691468,-2.291251,9.749189,-0.062308256,-0.33475417,-0.2883284
67.0,-2.0853498,-2.3511062,9.713276,0.06719518,0.5180137,0.10873401
69.0,-1.9728222,-2.4779987,9.7084875,0.06841691,0.6047566,0.13927728
81.0,-1.946486,-2.480393,9.569624,0.073303826,0.49235737,0.06963864
89.0,-2.0757728,-2.2936451,9.380483,0.065973446,0.36285394,-0.009773844
100.0,-2.111686,-2.1164744,9.32781,0.037873644,0.38362336,-0.010995574
109.0,-2.207454,-2.0518308,9.215282,-0.017104227,0.40194935,0.007330383
121.0,-2.2409728,-2.1092918,9.088389,-0.080634214,0.4202753,0.012217305
129.0,-2.3247697,-2.1332338,9.033323,-0.118507855,0.4251622,-0.004886922
142.0,-2.4468741,-2.1092918,8.875306,-0.13927728,0.41783184,-0.018325957
150.0,-2.5617957,-2.1308396,8.825027,-0.16249016,0.4092797,-0.010995574
160.0,-2.5905263,-2.1428106,8.7053175,-0.18448131,0.39461896,0.0061086523
170.0,-2.6623523,-2.1619642,8.552089,-0.20280726,0.37751472,0.014660766
180.0,-2.7006595,-2.1739352,8.516175,-0.21380283,0.35308012,0.009773844
191.0,-2.7629087,-2.1404164,8.379706,-0.23090707,0.32498032,0.004886922
201.0,-2.8179753,-2.1021092,8.214506,-0.26145032,0.29077184,-0.0012217305
211.0,-2.9376855,-1.9991584,8.154651,-0.29565877,0.25534168,-0.010995574
221.0,-2.8658595,-2.0685902,8.154651,-0.30298916,0.21991149,-0.017104227
230.0,-2.8802247,-2.1906946,8.169016,-0.29077184,0.18081611,-0.0036651916
241.0,-2.8323407,-2.3989902,8.046912,-0.27366763,0.14660765,0.008552114
250.0,-2.825158,-2.4708161,8.197746,-0.23335053,0.112399206,-0.0012217305
261.0,-2.80361,-2.5450363,8.135497,-0.17104226,0.064751714,-0.029321533
270.0,-2.7629087,-2.4061728,8.192958,-0.10262536,0.028099801,-0.04886922
280.0,-2.7700913,-2.4468741,8.238448,-0.04642576,-0.013439035,-0.04642576
291.0,-2.7150247,-2.5570073,8.295909,0.0012217305,-0.036651913,-0.04642576
300.0,-2.633622,-2.5594015,8.487445,0.065973446,-0.062308256,-0.052534413
310.0,-2.5474305,-2.7030537,8.6095495,0.18692477,-0.10873401,-0.065973446
322.0,-2.5929205,-2.6647465,8.78672,0.21624629,-0.13072516,-0.080634214
330.0,-2.4708161,-2.4301147,8.813056,0.1966986,-0.13805555,-0.087964594
341.0,-2.516306,-2.3558946,8.827422,0.13439035,-0.12950343,-0.087964594
351.0,-2.4181437,-2.267309,8.944737,0.04886922,-0.111177474,-0.08552113
360.0,-2.4372973,-2.3104045,9.064447,-0.036651913,-0.08674286,-0.08307768
370.0,-2.480393,-2.4253263,9.143456,-0.10140363,-0.07574729,-0.07941248
382.0,-2.456451,-2.4492683,9.232041,-0.15027285,-0.058643065,-0.07941248
390.0,-2.5617957,-2.2601264,9.267955,-0.21502456,-0.043982297,-0.08552113
400.0,-2.707842,-2.1811178,9.114726,-0.32375857,-0.02443461,-0.095294975
410.0,-2.6910827,-2.099715,9.040505,-0.46792278,0.004886922,-0.09773844
422.0,-2.7102363,-2.1619642,9.193734,-0.6059783,0.039095376,-0.08552113
431.0,-2.705448,-2.4899697,9.323022,-0.6927212,0.07452556,-0.05375614
442.0,-2.72939,-2.918532,9.397242,-0.70371675,0.1001819,-0.015882496
450.0,-2.846706,-3.1603463,9.562442,-0.6365216,0.11728613,-0.0061086523
461.0,-2.9831753,-3.064578,9.696517,-0.535118,0.112399206,-0.019547688
471.0,-3.0909145,-2.8778305,9.543288,-0.48258355,0.11362094,-0.021991149
481.0,-3.0119057,-2.6360161,9.3661175,-0.49968776,0.13439035,-0.0061086523
490.0,-3.0789435,-2.4708161,9.308656,-0.56199604,0.16126843,0.009773844
502.0,-3.110068,-2.4468741,9.32781,-0.64873886,0.1881465,0.021991149
511.0,-3.1866825,-2.4756045,9.294291,-0.7464773,0.2125811,0.04642576
522.0,-3.1842883,-2.6360161,9.457097,-0.8405506,0.2406809,0.08674286
530.0,-3.289633,-2.731784,9.782708,-0.9077458,0.2773328,0.12095132
541.0,-3.5194764,-2.837129,10.307038,-0.9407325,0.32498032,0.13805555
551.0,-3.7948096,-2.6839,10.888829,-0.97494096,0.38973203,0.14660765
562.0,-4.06296,-2.6072857,11.18571,-1.0421361,0.4801401,0.17470746
570.0,-4.453215,-2.669535,11.216835,-1.1545353,0.59986967,0.23090707
583.0,-4.793192,-2.9496565,11.209652,-1.2791518,0.73792523,0.29443705
593.0,-4.996699,-3.3063924,11.437101,-1.3683381,0.86742866,0.35063666
603.0,-5.130774,-3.787627,11.592725,-1.4306464,0.99204516,0.4166101
613.0,-5.2049947,-4.259285,11.69807,-1.4966198,1.128879,0.5155703
625.0,-5.2361193,-4.783615,11.949461,-1.5845845,1.2742649,0.6462954
633.0,-5.1906295,-5.626374,12.01171,-1.7324139,1.4184291,0.7855727
644.0,-5.0613422,-6.3087215,12.047623,-1.9425515,1.582141,0.90285885
652.0,-4.9440265,-6.933608,12.191275,-2.1844542,1.767844,1.0213667
664.0,-4.9416323,-7.735666,12.13142,-2.4788911,1.9401081,1.1887437
674.0,-4.7141833,-8.865729,12.164939,-2.8429668,2.1783454,1.4575244
685.0,-4.5537715,-11.003751,12.181698,-3.2131512,2.4373524,1.8533652
693.0,-4.256891,-13.079524,12.11466,-3.4428365,2.7159069,2.2785273
704.0,-4.1156325,-14.911088,11.951855,-3.3622024,2.982244,2.7000244
713.0,-4.146757,-16.429012,11.544841,-3.1080823,3.1557298,3.1887167
725.0,-4.3047748,-16.426619,10.5440645,-2.8099802,3.2986724,3.7421606
733.0,-4.4436383,-15.365987,9.294291,-2.6035078,3.4220672,4.293161
744.0,-4.6710877,-13.79539,7.687782,-2.6096163,3.4611626,4.8307223
753.0,-4.72376,-11.650186,5.949591,-2.7989845,3.4330628,5.3108625
764.0,-4.6255975,-10.029311,4.5298295,-3.1447344,3.363424,5.7457986
773.0,-4.608838,-8.080431,3.3423057,-3.5735617,3.2265902,6.168517
784.0,-4.4484267,-5.9519854,2.6527755,-3.9547415,3.005457,6.531371
793.0,-4.5034933,-4.4125137,2.1188686,-4.2284093,2.6890287,6.845356
806.0,-4.5202527,-2.9999347,1.8028339,-4.2394047,2.2626448,7.150789
813.0,-4.572925,-2.0685902,1.8171991,-3.9180896,1.8594738,7.4049087
825.0,-4.5537715,-1.2665327,2.147599,-3.25469,1.473407,7.5527377
833.0,-4.3526587,-0.5530606,2.468422,-2.2369885,1.0274754,7.579616
843.0,-4.132392,0.110133275,2.5498247,-0.9016371,0.6230826,7.484321
853.0,-3.608062,1.3311762,2.8419175,0.6719518,0.3408628,7.260744
865.0,-2.918532,3.821146,3.4404678,2.35794,0.15393804,6.850243
874.0,-2.4660277,7.726089,3.7780502,3.9791763,0.13072516,6.177069
883.0,-2.8634653,12.004527,2.3104045,5.1703634,0.25045475,5.2167892
894.0,-3.9193082,18.145655,0.22505496,5.4061575,0.29565877,3.8997638
904.0,-6.066907,25.297134,-3.122039,4.747645,0.46914452,2.4129176
914.0,-8.145074,26.190172,-3.9504328,3.145956,0.6731735,1.8044959
927.0,-8.42759,23.017855,-3.560178,1.4184291,0.5045747,1.4367551
933.0,-7.9990277,19.077,-3.2369606,0.5119051,0.38240165,0.344528
944.0,-8.26239,16.627731,-2.6240451,0.3921755,0.37507126,-1.0030408
954.0,-8.384495,15.849615,-1.661576,0.6389651,0.20891592,-2.0769417
965.0,-7.771579,15.160085,-0.91937345,1.0177015,-0.028099801,-2.8661797
973.0,-6.861782,13.579912,-0.878672,1.4208726,-0.18081611,-3.50881
985.0,-6.0860605,11.484985,-0.9600749,1.8509218,-0.28221974,-4.1184535
994.0,-5.315128,9.325416,-1.1851299,2.244319,-0.43127087,-4.71588
1004.0,-4.9296613,8.066066,-1.0271125,2.5778513,-0.6169739,-5.2619934
1013.0,-4.390966,6.8402343,-1.0031705,2.8417451,-0.81122905,-5.6602774
1025.0,-3.940856,5.5282116,-0.7613561,2.987131,-0.98349303,-5.8679714
1033.0,-3.4380736,4.084508,-0.2705448,3.082426,-1.1349876,-5.933945
1045.0,-2.9376855,2.3678656,0.45250413,3.1813862,-1.3500122,-5.9229493
1067.0,-2.0350714,0.8283938,1.1085154,3.286455,-1.6884315,-5.8985147
1067.0,-0.91458505,-0.04309563,1.6591818,3.3964107,-2.080607,-5.9107323
1075.0,0.2825158,-0.6703765,1.8100165,3.4257324,-2.470339,-5.970597
1083.0,1.3359646,-1.2186487,1.5969325,3.218038,-2.792876,-6.0805526
1095.0,2.3678656,-1.4437037,1.472434,2.7415633,-3.0579915,-6.278473
1104.0,3.7373488,-1.3599066,1.2282255,2.0977113,-3.34632,-6.5533624
1113.0,5.434838,-1.412579,1.2090719,0.50335294,-3.6468656,-6.880786
1124.0,7.3525934,-1.8722657,1.0821792,0.50335294,-3.6468656,-6.880786
1133.0,8.860941,-2.9640217,1.3455414,-0.22357668,-3.585779,-6.845356
1143.0,10.1226845,-5.080496,2.0350714,-0.766025,-3.4465017,-6.7830477
1153.0,11.566388,-8.480263,4.5537715,-0.50701815,-2.9724703,-6.5558057
1164.0,14.791378,-18.054674,13.187263,1.4001031,-2.4055874,-6.3884287
1173.0,13.831304,-20.563799,13.6732855,4.713436,-1.7189748,-6.3175683
1184.0,9.126697,-19.680338,9.385271,7.882605,-1.2253957,-6.1636305
1194.0,3.181894,-15.1696615,3.9695864,9.252165,-0.95172805,-5.7457986
1205.0,-2.1404164,-10.486604,2.765303,8.324872,-0.6462954,-5.0054297
1214.0,-6.7133417,-4.27365,5.9160724,5.1838026,-0.48502702,-3.6798522
1227.0,-7.0461354,-0.7613561,8.516175,1.2779301,-1.0042624,-2.0097466
1234.0,-2.7581203,-3.667917,8.149862,-1.7849482,-1.2412782,-0.57787853
1245.0,0.09816227,-9.765948,8.714894,-3.2986724,-0.52412236,0.4288274
1254.0,-0.088585466,-14.93503,10.601525,-3.2571335,0.19181168,0.79045963
1265.0,-1.9871874,-15.095442,11.650186,-1.9950858,0.27977628,0.5021312
1275.0,-3.5482068,-12.3516865,10.9822035,-0.31642818,-0.058643065,0.2602286
1285.0,-3.9552212,-9.375694,9.509769,0.8417723,-0.37018433,0.46792278
1293.0,-3.2513258,-7.651869,8.492233,1.1960741,-0.5338962,0.7110472
1303.0,-2.2290018,-6.775591,7.872135,0.89552844,-0.56688297,0.6133087
1314.0,-1.8746599,-5.7748146,7.8793178,0.22968534,-0.40683624,0.28099802
1325.0,-2.255338,-5.506664,8.63828,-0.5155703,-0.21502456,-0.06352998
1334.0,-2.942474,-6.399701,9.105149,-1.0458013,-0.10751228,-0.27977628
1346.0,-3.3327289,-7.9511437,9.485827,-1.1203269,-0.064751714,-0.3213151
1355.0,-3.5865142,-9.452309,9.730036,-0.7098254,-0.08307768,-0.24801129
1365.0,-3.6487634,-9.856929,9.92636,-0.040317107,-0.14905111,-0.15515977
1374.0,-3.4476504,-9.255983,9.864111,0.56199604,-0.21135938,-0.05375614
1385.0,-3.040636,-8.276755,9.89763,0.86132,-0.23457226,0.08307768
1394.0,-2.6743233,-7.6494746,9.662998,0.8723156,-0.204029,0.21746802
1405.0,-2.3822308,-7.297527,9.411607,0.73548174,-0.11362094,0.29077184
1414.0,-2.2290018,-7.120356,9.057265,0.54733527,-0.013439035,0.31764993
1425.0,-2.1883004,-6.9360023,8.556877,0.34208453,0.08307768,0.33964106
1434.0,-2.2601264,-6.7109475,7.989451,0.11484267,0.17592919,0.35796702
1444.0,-2.3535004,-6.2967505,7.8912888,-0.12950343,0.27000242,0.36774087
1454.0,-2.4516625,-6.0980315,7.819463,-0.34208453,0.33964106,0.3811799
1465.0,-2.6048915,-6.2967505,7.884106,-0.45570546,0.38606682,0.4007276
1475.0,-2.6719291,-6.5816603,7.8027034,-0.4251622,0.38728857,0.41172317
1485.0,-2.8419175,-6.7085533,7.5968018,-0.27855456,0.35430184,0.41538838
1494.0,-2.7820623,-6.6606693,7.419631,-0.095294975,0.3115413,0.4166101
1505.0,-2.7820623,-6.256049,7.015011,0.03176499,0.2761111,0.41783184
1515.0,-2.6886885,-5.7484784,6.670246,0.05131268,0.25900686,0.4129449
1527.0,-2.6551697,-5.4085016,6.457162,-0.032986723,0.25411993,0.39461896
1533.0,-2.6551697,-5.2744265,6.4188547,-0.15027285,0.28099802,0.35918877
1545.0,-2.861071,-5.4300494,6.519411,-0.204029,0.29077184,0.32375857
1554.0,-2.9400797,-5.544971,6.505046,-0.14172074,0.28710666,0.30787608
1565.0,-3.1986535,-5.657499,6.6846113,0.012217305,0.267559,0.30665436
1573.0,-3.2273839,-5.547365,6.493075,0.1881465,0.23090707,0.29932398
1586.0,-3.2441432,-5.209783,6.361394,0.32375857,0.18692477,0.28221974
1595.0,-3.181894,-4.9057193,6.289568,0.37018433,0.16615535,0.2602286
1604.0,-3.0238767,-4.685453,5.9448028,0.3213151,0.14905111,0.22724187
1613.0,-2.9400797,-4.357447,5.7269306,0.17715092,0.15515977,0.17837265
1625.0,-2.96881,-4.1180267,5.535394,-0.037873644,0.16982053,0.11484267
1634.0,-2.9951463,-3.98874,5.4539914,-0.27855456,0.19181168,0.037873644
1645.0,-3.0933087,-4.1802764,5.5856724,-0.47769663,0.21502456,-0.042760566
1654.0,-3.1627405,-4.7022123,5.719748,-0.5546656,0.21135938,-0.10873401
1665.0,-3.2465374,-5.257667,6.009446,-0.4654793,0.1966986,-0.14660765
1675.0,-3.2872388,-5.659893,6.2584434,-0.23090707,0.15271631,-0.16493362
1685.0,-3.3566709,-5.8083334,6.3063273,0.05131268,0.07941248,-0.16737708
1694.0,-3.2968156,-5.695806,6.191406,0.24801129,0.014660766,-0.1600467
1706.0,-3.1555579,-5.482722,6.0285997,0.28588495,-0.015882496,-0.1441642
1715.0,-2.992752,-5.341464,5.9304376,0.19425514,-0.02443461,-0.14049901
1726.0,-2.9592333,-5.48751,6.0118403,0.056199603,0.015882496,-0.15393804
1734.0,-3.1555579,-5.619191,6.265626,-0.036651913,0.057421334,-0.1685988
1744.0,-3.3423057,-5.8466406,6.5146227,-0.039095376,0.043982297,-0.15882497
1754.0,-3.4715924,-6.0716953,6.64391,0.039095376,0.0061086523,-0.1160644
1767.0,-3.3207579,-6.181829,6.6846113,0.15760323,-0.035430185,-0.06719518
1774.0,-3.1004913,-6.217742,6.622362,0.25534168,-0.06352998,-0.05009095
1785.0,-2.920926,-5.995081,6.4643445,0.29077184,-0.06719518,-0.0720821
1795.0,-2.932897,-5.705383,6.4643445,0.23945917,-0.042760566,-0.103847094
1805.0,-3.0478187,-5.5976434,6.5744777,0.118507855,-0.013439035,-0.12217305
1815.0,-3.229778,-5.6335564,6.799533,-0.02076942,-0.0061086523,-0.119729586
1828.0,-3.3159695,-5.8945246,6.8689647,-0.111177474,-0.007330383,-0.105068825
1835.0,-3.193865,-6.208165,6.9886746,-0.12950343,-0.018325957,-0.09162979
1844.0,-3.028665,-6.4164605,6.9479733,-0.10140363,-0.018325957,-0.08552113
1855.0,-2.9640217,-6.4164605,6.9048777,-0.07086037,-0.002443461,-0.09285152
1864.0,-3.0478187,-6.3925185,6.88333,-0.056199603,0.02687807,-0.105068825
1875.0,-3.1387985,-6.1243677,6.8210807,-0.058643065,0.05131268,-0.105068825
1887.0,-3.3638535,-6.0501475,6.8929067,-0.081855945,0.05131268,-0.08307768
1894.0,-3.3686419,-6.042965,6.9599442,-0.111177474,0.042760566,-0.057421334
1905.0,-3.2944214,-6.179435,7.017405,-0.111177474,0.018325957,-0.04520403
1915.0,-3.1771057,-6.4140663,6.9479733,-0.061086524,0.019547688,-0.05131268
1926.0,-3.2513258,-6.4906807,6.9886746,0.028099801,0.02687807,-0.06352998
1933.0,-3.3207579,-6.4188547,6.9264255,0.12583824,0.03176499,-0.06841691
1946.0,-3.41892,-6.301539,6.8809357,0.19914207,0.02443461,-0.05497787
1955.0,-3.5003228,-6.0764837,6.7923503,0.22113322,0.02321288,-0.034208454
1965.0,-3.5170822,-5.995081,6.83784,0.2003638,0.019547688,-0.015882496
1974.0,-3.4739866,-5.9184666,6.6870055,0.1600467,0.015882496,0.0
1985.0,-3.347094,-5.8442464,6.703765,0.10995574,0.017104227,0.013439035
1995.0,-3.3375173,-5.7508726,6.7684083,0.035430185,0.019547688,0.021991149
2005.0,-3.1842883,-5.825093,6.667852,-0.04642576,0.03176499,0.017104227
2015.0,-3.1435869,-5.899313,6.715736,-0.14538592,0.06352998,-0.02443461
2027.0,-3.0813377,-5.813122,6.615179,-0.172264,0.073303826,-0.040317107
2034.0,-3.0382419,-5.925649,6.591237,-0.20158553,0.07574729,-0.052534413
2045.0,-3.0693667,-5.9543796,6.6175733,-0.22479841,0.08674286,-0.06719518
2068.0,-3.1364043,-6.078878,6.679823,-0.22602014,0.080634214,-0.07696902
2068.0,-3.193865,-6.105214,6.6534867,-0.1966986,0.06352998,-0.065973446
2082.0,-3.1651347,-6.2009826,6.6271505,-0.12583824,0.037873644,-0.04153884
2087.0,-3.0502129,-6.256049,6.6103907,-0.037873644,0.014660766,-0.019547688
2093.0,-2.9400797,-6.1650696,6.4978633,0.029321533,0.0061086523,-0.012217305
2104.0,-2.8874073,-5.9759274,6.447585,0.043982297,0.014660766,-0.02565634
2114.0,-3.0573955,-5.777209,6.397307,-0.002443461,0.02321288,-0.043982297
2126.0,-3.193865,-5.7508726,6.50744,-0.08552113,0.02565634,-0.04886922
2133.0,-3.1555579,-5.884948,6.5696893,-0.15393804,0.028099801,-0.039095376
2144.0,-3.1675289,-6.0716953,6.694188,-0.1600467,0.028099801,-0.035430185
2154.0,-3.1268275,-6.2823853,6.76362,-0.103847094,0.02076942,-0.037873644
2164.0,-3.3063924,-6.26802,6.691794,-0.02687807,0.02076942,-0.04153884
2174.0,-3.323152,-6.1746464,6.7205243,0.040317107,0.015882496,-0.036651913
2187.0,-3.3087866,-6.054936,6.6726403,0.080634214,-0.0036651916,-0.019547688
2193.0,-3.2800562,-6.021417,6.631939,0.07819075,-0.014660766,-0.002443461
2206.0,-3.1411927,-5.935226,6.6606693,0.04520403,-0.008552114,-0.0036651916
2215.0,-3.0358477,-5.8346696,6.622362,0.012217305,-0.0012217305,-0.014660766
2228.0,-3.1196449,-5.815516,6.646304,-0.015882496,0.013439035,-0.02443461
2233.0,-3.1603463,-5.861006,6.5026517,-0.043982297,0.019547688,-0.029321533
2248.0,-3.110068,-5.896919,6.5265937,-0.065973446,0.008552114,-0.030543262
2256.0,-3.095703,-5.8586116,6.6103907,-0.073303826,0.010995574,-0.035430185
2265.0,-3.1268275,-5.920861,6.6774287,-0.062308256,0.009773844,-0.04642576
2275.0,-3.0933087,-6.078878,6.682217,-0.035430185,-0.0012217305,-0.05497787
2286.0,-3.1962593,-6.208165,6.7085533,0.02443461,-0.009773844,-0.056199603
2295.0,-3.1771057,-6.129156,6.6271505,0.10140363,-0.018325957,-0.04642576
2307.0,-3.1531637,-6.1076083,6.5601125,0.14782938,-0.039095376,-0.034208454
2316.0,-3.0190883,-5.961562,6.3781533,0.13316862,-0.040317107,-0.037873644
2326.0,-2.9759927,-5.777209,6.3422403,0.061086524,-0.02443461,-0.05009095
2334.0,-3.052607,-5.81791,6.232107,-0.035430185,-0.0036651916,-0.065973446
2346.0,-3.0550013,-5.899313,6.3111157,-0.10629055,0.0036651916,-0.07696902
2356.0,-3.0382419,-6.1195793,6.2991447,-0.12339478,0.0012217305,-0.08307768
2367.0,-3.064578,-6.2009826,6.2488666,-0.10629055,-0.004886922,-0.09040806
2375.0,-3.0621839,-6.0764837,6.203377,-0.10140363,-0.013439035,-0.10140363
2384.0,-2.9975405,-5.923255,6.215348,-0.13194689,-0.021991149,-0.10995574
2394.0,-3.0071173,-5.9663506,6.1530986,-0.19792034,-0.035430185,-0.119729586
2404.0,-2.9855695,-6.114791,6.2847795,-0.26145032,-0.028099801,-0.13072516
2414.0,-3.052607,-6.301539,6.385336,-0.2724459,-0.030543262,-0.1441642
2429.0,-3.095703,-6.4619503,6.4499793,-0.22113322,-0.05131268,-0.15271631
2434.0,-3.1268275,-6.5625067,6.483498,-0.14294247,-0.06719518,-0.14660765
2443.0,-2.896984,-6.5241995,6.5098343,-0.080634214,-0.08674286,-0.13439035
2455.0,-2.870648,-6.4427967,6.519411,-0.06352998,-0.07452556,-0.13194689
2464.0,-2.9161377,-6.3685765,6.564901,-0.087964594,-0.062308256,-0.14049901
2474.0,-3.0142999,-6.3206925,6.6630635,-0.12339478,-0.064751714,-0.13439035
2487.0,-2.9233203,-6.4619503,6.7492547,-0.1282817,-0.07574729,-0.10629055
2495.0,-2.834735,-6.64391,6.7827735,-0.096516706,-0.09040806,-0.0842994
2503.0,-2.791639,-6.64391,6.8450227,-0.05497787,-0.09040806,-0.08307768
2515.0,-2.72939,-6.6103907,6.8809357,-0.018325957,-0.09162979,-0.09040806
2525.0,-2.755726,-6.5625067,6.847417,0.010995574,-0.1001819,-0.08552113
2534.0,-2.815581,-6.5696893,6.895301,0.030543262,-0.1001819,-0.07086037
2546.0,-2.7485435,-6.619968,6.9407907,0.039095376,-0.096516706,-0.056199603
2553.0,-2.707842,-6.5696893,7.005434,0.047647487,-0.09040806,-0.043982297
2563.0,-2.7820623,-6.4523735,7.065289,0.056199603,-0.10873401,-0.029321533
2573.0,-2.80361,-6.4284315,7.019799,0.030543262,-0.095294975,-0.007330383
2584.0,-2.657564,-6.361394,6.955156,-0.013439035,-0.0842994,0.015882496
2594.0,-2.5881321,-6.3087215,7.0006456,-0.06841691,-0.062308256,0.03176499
2606.0,-2.542642,-6.3542113,7.0844426,-0.12461651,-0.02687807,0.034208454
2615.0,-2.4899697,-6.4427967,6.9743094,-0.16371189,-0.010995574,0.02443461
2626.0,-2.60968,-6.4619503,6.8905125,-0.17592919,0.004886922,0.019547688
2635.0,-2.5833437,-6.483498,6.7444663,-0.17715092,0.02321288,0.02076942
2646.0,-2.6886885,-6.397307,6.727707,-0.1881465,0.028099801,0.02687807
2656.0,-2.789245,-6.385336,6.7803793,-0.20280726,0.030543262,0.032986723
2667.0,-2.9735985,-6.3901243,6.83784,-0.19547687,0.02687807,0.04520403
2676.0,-3.0095115,-6.4260373,6.9048777,-0.14294247,0.010995574,0.06352998
2685.0,-3.028665,-6.50744,6.9527617,-0.040317107,-0.018325957,0.0842994
2695.0,-2.9257145,-6.4787097,6.9240313,0.08307768,-0.030543262,0.09407325
2705.0,-2.8419175,-6.3446345,6.8905125,0.18448131,-0.039095376,0.08307768
2716.0,-2.7940333,-6.0716953,6.787562,0.21502456,-0.035430185,0.061086524
2728.0,-2.7150247,-5.9304376,6.739678,0.16737708,-0.013439035,0.036651913
2732.0,-2.6982653,-5.923255,6.694188,0.08552113,0.0061086523,0.004886922
2746.0,-2.8299465,-5.959168,6.7444663,0.012217305,0.042760566,-0.02687807
2756.0,-2.8921957,-6.169858,6.7684083,-0.015882496,0.05009095,-0.047647487
2766.0,-2.858677,-6.2584434,6.7324953,-0.002443461,0.039095376,-0.05375614
2775.0,-2.72939,-6.3063273,6.7013707,0.032986723,0.035430185,-0.056199603
2786.0,-2.60968,-6.3182983,6.505046,0.05375614,0.037873644,-0.064751714
2795.0,-2.6264393,-6.191406,6.385336,0.042760566,0.043982297,-0.07452556
2806.0,-2.6551697,-6.1626754,6.2752028,0.002443461,0.05009095,-0.080634214
2816.0,-2.6072857,-6.155493,6.26802,-0.1160644,0.04520403,-0.07941248
2828.0,-2.6312277,-6.155493,6.145916,-0.1160644,0.04520403,-0.07941248
2836.0,-2.5139117,-6.2632318,6.126762,-0.15393804,0.035430185,-0.07696902
2847.0,-2.3750482,-6.4020953,6.126762,-0.172264,0.035430185,-0.080634214
2856.0,-2.360683,-6.4140663,6.277597,-0.17104226,0.035430185,-0.09162979
2866.0,-2.348712,-6.6079965,6.3661823,-0.1441642,0.014660766,-0.096516706
2875.0,-2.303222,-6.5864487,6.423643,-0.089186326,0.0036651916,-0.081855945
2886.0,-2.3295584,-6.6750345,6.3302693,-0.012217305,-0.004886922,-0.064751714
2896.0,-2.4420857,-6.6103907,6.4260373,0.043982297,-0.042760566,-0.004886922
2907.0,-2.3463178,-6.409278,6.38773,-0.0036651916,-0.047647487,0.02076942
2915.0,-2.4827871,-6.3925185,6.5098343,-0.073303826,-0.02443461,0.02076942
2928.0,-2.6791117,-6.5026517,6.6295447,-0.10751228,-0.02687807,0.018325957
2936.0,-2.8323407,-6.646304,6.859388,-0.08307768,-0.037873644,0.04153884
2946.0,-2.9712043,-6.670246,6.9719152,-0.0061086523,-0.058643065,0.07696902
2957.0,-2.822764,-6.5864487,7.1107793,0.080634214,-0.080634214,0.10873401
2968.0,-2.7509377,-6.303933,7.019799,0.118507855,-0.081855945,0.1282817
2976.0,-2.822764,-6.167464,6.9144545,0.09162979,-0.052534413,0.1282817
2986.0,-2.906561,-5.9926867,6.9407907,0.03176499,-0.021991149,0.112399206
2996.0,-2.980781,-6.0405707,6.9958572,-0.019547688,-0.015882496,0.096516706
3005.0,-2.96881,-6.1650696,7.0461354,-0.032986723,-0.019547688,0.09896017
