18.0,-4.8817773,-1.5705963,8.293514,0.6035349,0.073303826,0.22968534
32.0,-4.8817773,-1.5705963,8.293514,0.17470746,0.11728613,-0.095294975
32.0,-4.4340615,-2.1523874,8.540117,-0.04642576,-0.2919936,-0.23579398
49.0,-4.5801077,-2.123657,8.585608,-0.11484267,-0.40439278,-0.31764993
53.0,-4.745308,-1.9440918,8.626308,0.02321288,0.3811799,0.06352998
64.0,-4.745308,-1.922544,8.535329,0.065973446,0.39095375,0.09773844
75.0,-4.6255975,-1.958457,8.540117,0.12461651,0.20280726,0.032986723
83.0,-4.5178585,-1.8100165,8.506598,0.15027285,0.036651913,-0.047647487
93.0,-4.5992613,-1.496376,8.4108305,0.1160644,0.05131268,-0.059864793
102.0,-4.618415,-1.2808979,8.396465,0.028099801,0.07696902,-0.065973446
113.0,-4.5872903,-1.2306197,8.343793,-0.081855945,0.10995574,-0.06963864
123.0,-4.618415,-1.4676456,8.35337,-0.16737708,0.14049901,-0.07574729
135.0,-4.656722,-1.7788919,8.389283,-0.19181168,0.1600467,-0.07819075
143.0,-4.829105,-2.0757728,8.449138,-0.15760323,0.16249016,-0.07819075
154.0,-4.867412,-2.147599,8.39886,-0.09040806,0.15515977,-0.07452556
163.0,-4.9176903,-2.078167,8.283937,-0.018325957,0.14782938,-0.06963864
173.0,-4.7907977,-1.9847932,8.276755,0.03176499,0.15271631,-0.061086524
183.0,-4.745308,-2.0494366,8.200141,0.04886922,0.16615535,-0.04520403
194.0,-4.8099513,-1.9440918,8.171411,0.037873644,0.18203785,-0.035430185
203.0,-4.8243165,-1.8100165,8.1881695,0.02443461,0.19425514,-0.034208454
213.0,-4.841076,-1.697489,8.106767,-0.002443461,0.19914207,-0.030543262
223.0,-4.831499,-1.6496049,8.173804,-0.05131268,0.21746802,-0.019547688
232.0,-4.759673,-1.8124107,8.226477,-0.111177474,0.23945917,-0.0061086523
243.0,-4.7620673,-1.9632454,8.214506,-0.15760323,0.25045475,-0.002443461
255.0,-4.7740383,-2.0111294,8.11395,-0.17348573,0.25045475,-0.013439035
263.0,-4.7907977,-1.9416976,7.9870567,-0.17715092,0.24312437,-0.02321288
273.0,-4.7644615,-1.9416976,8.030152,-0.18692477,0.24556783,-0.018325957
282.0,-4.771644,-1.9871874,7.989451,-0.20769419,0.24312437,-0.0036651916
293.0,-4.793192,-2.0254946,7.989451,-0.22724187,0.23579398,0.0061086523
303.0,-4.8243165,-2.0278888,8.010999,-0.2284636,0.23090707,0.010995574
314.0,-4.8722005,-2.0709844,8.11395,-0.22113322,0.22113322,0.02321288
323.0,-5.044583,-2.147599,8.099585,-0.21991149,0.20525073,0.040317107
333.0,-5.159505,-2.0853498,8.046912,-0.22357668,0.18570304,0.05009095
343.0,-5.1475334,-2.0566192,8.013393,-0.22113322,0.16982053,0.05375614
353.0,-5.070919,-2.1284454,8.003817,-0.21502456,0.16249016,0.058643065
363.0,-5.023035,-2.0733786,7.85777,-0.19181168,0.15515977,0.07452556
375.0,-5.109226,-2.0470424,8.010999,-0.19181168,0.15515977,0.07452556
383.0,-5.2026005,-2.1643584,8.056489,-0.16493362,0.15271631,0.08552113
393.0,-5.195418,-2.2481554,8.11395,-0.13316862,0.13927728,0.096516706
403.0,-5.231331,-2.2768857,8.171411,-0.081855945,0.1160644,0.1001819
413.0,-5.140351,-2.1523874,7.9966335,-0.02321288,0.09285152,0.095294975
423.0,-5.1116204,-2.0805612,7.797915,0.010995574,0.057421334,0.081855945
434.0,-4.9895163,-1.721431,7.776367,0.0061086523,0.05009095,0.07696902
443.0,-4.8937483,-1.520318,7.93199,0.0012217305,0.04520403,0.0720821
453.0,-4.7788267,-1.30484,8.173804,-0.0036651916,0.052534413,0.061086524
463.0,-4.735731,-1.0965444,8.377312,-0.021991149,0.07819075,0.04886922
474.0,-4.721366,-1.0726024,8.432379,-0.06841691,0.118507855,0.04153884
483.0,-4.7907977,-1.2449849,8.53054,-0.12583824,0.17592919,0.028099801
494.0,-4.735731,-1.4341269,8.540117,-0.15515977,0.22479841,0.0012217305
503.0,-4.735731,-1.553837,8.588001,-0.15271631,0.27488935,-0.039095376
513.0,-4.711789,-1.5251064,8.640674,-0.12095132,0.32620203,-0.07819075
523.0,-4.757279,-1.5179238,8.815451,-0.07452556,0.3726278,-0.10262536
536.0,-4.7285485,-1.5825673,9.045294,-0.021991149,0.4251622,-0.112399206
545.0,-4.7524905,-1.5705963,9.339781,0.035430185,0.48624873,-0.11728613
557.0,-4.8386817,-1.283292,9.682152,0.073303826,0.54367006,-0.12705997
567.0,-4.855441,-1.0055647,9.785102,0.05131268,0.6230826,-0.13316862
578.0,-4.8722005,-0.8355764,9.947908,-0.035430185,0.7293731,-0.12705997
585.0,-4.7309427,-1.0510546,9.785102,-0.18448131,0.8527679,-0.111177474
597.0,-4.76925,-1.5275006,9.428367,-0.3408628,0.99204516,-0.103847094
607.0,-4.817134,-2.0709844,9.349358,-0.4361578,1.1264355,-0.12095132
618.0,-5.0661306,-2.5187001,9.409213,-0.43371433,1.2412782,-0.13805555
625.0,-5.2600613,-2.6839,9.543288,-0.39828414,1.3060299,-0.12705997
636.0,-5.473145,-2.4899697,9.581595,-0.4373795,1.3573426,-0.09285152
645.0,-5.6431336,-1.9800048,9.653421,-0.6047566,1.4379768,-0.058643065
655.0,-5.889736,-1.4939818,9.82341,-0.9236283,1.5467108,-0.010995574
666.0,-6.129156,-1.271321,9.701305,-1.3903292,1.6835446,0.07696902
677.0,-6.4643445,-1.5011644,9.279925,-1.9376645,1.8423696,0.2125811
686.0,-6.8091097,-2.018312,8.719683,-2.4336872,2.0011945,0.37873647
697.0,-7.0940194,-2.7988217,8.372523,-2.7672195,2.1526892,0.5546656
705.0,-7.410054,-3.6990416,8.281544,-2.9162707,2.2883012,0.7257079
717.0,-7.8146744,-4.51307,7.9607205,-2.9407053,2.4055874,0.90041536
727.0,-8.497022,-5.140351,7.4866686,-2.8991663,2.5130997,1.0824533
738.0,-9.284714,-5.3342814,7.1275387,-2.8099802,2.5986207,1.2608259
745.0,-10.041282,-5.3486466,6.9240313,-2.6487117,2.6548204,1.4428637
756.0,-10.496181,-5.1355624,6.6079965,-2.4092526,2.6939158,1.6737708
767.0,-10.754754,-5.08289,6.1195793,-2.1099286,2.701246,1.9767599
778.0,-10.900801,-4.88896,5.805939,-1.7873917,2.7171285,2.3127358
785.0,-10.979809,-4.7022123,5.506664,-1.4453071,2.7440066,2.6328292
798.0,-11.125855,-4.3478703,4.8338933,-1.0922271,2.7574458,2.9358184
805.0,-11.226412,-3.9863458,3.8833952,-0.75502944,2.765998,3.2339206
816.0,-11.343728,-3.4763808,2.7006595,-0.44593164,2.7855456,3.5161405
826.0,-11.5616,-2.7844565,1.8411411,-0.14538592,2.792876,3.7653735
837.0,-11.683704,-2.1763294,1.0271125,0.17837265,2.765998,3.98895
846.0,-11.801021,-1.6256629,0.1340753,0.5681047,2.7159069,4.188092
858.0,-11.99495,-0.7541735,-1.1923125,1.0629056,2.5998425,4.3408084
866.0,-12.109872,0.89064306,-2.7389667,1.6737708,2.4251351,4.4092255
878.0,-12.538434,3.5913026,-4.1683054,2.2675319,2.2540927,4.3750167
886.0,-13.711593,6.9360023,-5.98311,2.607173,2.1160371,4.2357397
897.0,-15.241488,10.884041,-6.9407907,2.4373524,1.9804251,3.9901717
905.0,-16.287754,13.663709,-7.4004774,1.5552629,1.7983873,3.5564575
916.0,-15.940595,13.634978,-6.7588315,0.2443461,1.7788396,2.8112018
926.0,-15.263036,11.013328,-5.5880666,-0.90408057,1.8912388,1.8863518
937.0,-14.937425,9.112331,-4.19943,-1.2144,1.6737708,0.90285885
946.0,-14.767436,8.468291,-3.3662477,-0.61453044,1.2156218,-0.02443461
957.0,-14.468161,9.102755,-3.478775,0.51923543,0.64996064,-0.6621779
967.0,-13.709199,10.079589,-3.7684734,1.6603317,0.05009095,-0.9468411
979.0,-12.732365,10.960655,-4.2760444,2.389705,-0.49235737,-1.251052
985.0,-11.791444,11.96622,-4.9823337,2.5607471,-1.0262536,-1.9449949
996.0,-10.737994,11.856087,-5.130774,2.1514673,-1.4172074,-2.8356364
1006.0,-9.536105,10.599131,-5.058948,1.459968,-1.7397442,-3.5589008
1016.0,-8.319851,8.9040365,-4.1419687,0.94806284,-2.140472,-4.0329323
1027.0,-6.8043213,7.0006456,-3.098097,0.77457714,-2.6633725,-4.3750167
1040.0,-4.891354,4.8482585,-1.8076223,0.74036866,-3.2045991,-4.6767845
1068.0,-2.8179753,2.291251,-0.81163436,0.59986967,-3.6884043,-4.860044
1068.0,-0.6631939,0.09816227,-0.39743748,0.4373795,-4.043928,-4.968778
1068.0,1.4867992,-2.0111294,-0.557849,0.44226643,-4.246735,-5.137377
1076.0,3.5482068,-3.13401,0.110133275,0.6536258,-4.524068,-5.4318137
1085.0,6.3087215,-3.0190883,0.90261406,1.0824533,-4.982217,-5.880189
1097.0,10.06283,-1.9201498,1.7070658,1.5173893,-5.364619,-6.436076
1107.0,14.561535,-0.7182605,2.1188686,1.6200147,-5.5491,-6.8697906
1115.0,18.82082,-0.6560113,3.4237084,1.2962561,-5.4611354,-6.7806044
1125.0,21.504719,-3.311181,7.73806,0.99204516,-5.010317,-6.214943
1135.0,22.002714,-10.390836,15.468937,1.7470746,-4.4128904,-5.6541686
1145.0,20.673931,-22.6276,21.1001,4.524068,-3.3414328,-5.7201424
1157.0,15.1936035,-24.504654,13.249513,8.357859,-1.8558086,-6.1123176
1166.0,7.5680714,-17.06587,3.335123,10.640051,-0.61086524,-5.805663
1177.0,-0.1436521,-13.192051,2.1404164,9.740857,0.312763,-4.9296827
1186.0,-8.719683,-7.884106,3.799598,6.1172047,1.033584,-3.7299433
1196.0,-15.921441,-0.49559975,5.145139,1.5161675,1.1227703,-2.2748623
1207.0,-14.686033,4.1299977,4.5681367,-2.2699752,0.0061086523,-0.6597345
1218.0,-6.612785,6.093243,6.8929067,-4.0695844,-0.75502944,1.3072516
1226.0,0.076614454,2.5498247,7.189788,-4.4043384,-0.37018433,3.2766812
1236.0,1.6759412,-4.1419687,5.4420204,-4.134336,0.49235737,4.492303
1248.0,-1.0319009,-9.895236,5.145139,-3.5845573,1.1203269,4.161214
1257.0,-5.758055,-11.334151,6.3230867,-2.620612,0.96761054,1.8203784
1266.0,-7.788338,-5.729325,6.603208,-0.008552114,-0.33108896,-1.5662584
1278.0,-8.271967,-1.9129672,6.0046577,0.23090707,-0.68416905,-1.0714576
1287.0,-5.595249,0.6464345,5.777209,0.07941248,-0.82344633,-0.14294247
1297.0,-4.3885717,-1.2449849,6.229713,-0.052534413,-0.8185594,0.28955013
1306.0,-4.1946416,-3.8881836,7.189788,-0.009773844,-0.68661255,-0.05131268
1316.0,-4.3766007,-5.9041014,8.09719,0.21746802,-0.68416905,-0.7806858
1327.0,-4.6926355,-6.423643,8.726865,0.61819565,-0.7367035,-1.251052
1339.0,-4.9320555,-5.509058,8.856153,1.0922271,-0.7415904,-1.0751228
1347.0,-5.073313,-4.369418,8.935161,1.3927728,-0.7696902,-0.5021312
1357.0,-4.3526587,-3.6750996,8.508993,1.314582,-0.8002335,-0.018325957
1365.0,-3.4332852,-3.550601,7.563283,0.86132,-0.70249504,0.15271631
1376.0,-3.2273839,-3.2393548,7.240066,0.18692477,-0.46914452,0.056199603
1387.0,-3.5697548,-3.241749,7.7667904,-0.51923543,-0.22235495,-0.14905111
1398.0,-3.9073372,-3.7493198,8.669404,-1.0238101,-0.080634214,-0.2919936
1407.0,-4.201824,-4.534618,8.9279785,-1.1276573,-0.030543262,-0.26267207
1417.0,-4.5920787,-5.410896,8.99741,-0.8454375,-0.032986723,-0.10262536
1426.0,-4.8602295,-5.9663506,9.188946,-0.3811799,-0.11484267,0.037873644
1437.0,-4.7644615,-5.815516,9.057265,0.04153884,-0.23335053,0.04886922
1447.0,-4.285621,-5.149928,8.6813755,0.29810223,-0.29810223,-0.012217305
1459.0,-3.9432502,-4.4196963,8.506598,0.35308012,-0.2602286,-0.062308256
1466.0,-4.0198646,-4.024653,8.329428,0.2773328,-0.19058995,-0.07941248
1478.0,-4.283227,-3.9600096,8.3150625,0.16982053,-0.12339478,-0.081855945
1487.0,-4.39336,-4.1635165,8.513782,0.12339478,-0.10995574,-0.06352998
1497.0,-4.2904096,-4.331111,8.422802,0.14660765,-0.10995574,-0.030543262
1506.0,-4.223372,-4.3885717,8.236053,0.2125811,-0.09040806,-0.021991149
1517.0,-4.259285,-4.345476,8.1402855,0.25411993,-0.07696902,-0.05009095
1526.0,-4.268862,-4.237737,7.9128366,0.21135938,-0.058643065,-0.08674286
1536.0,-4.1419687,-4.1012673,7.797915,0.103847094,-0.036651913,-0.10751228
1546.0,-4.048595,-3.9935284,7.6710224,-0.02321288,-0.017104227,-0.111177474
1556.0,-4.0414124,-4.012682,7.704541,-0.12461651,0.014660766,-0.112399206
1568.0,-4.2161894,-4.292804,7.917625,-0.18203785,0.040317107,-0.10751228
1580.0,-4.307169,-4.675876,7.991845,-0.17104226,0.019547688,-0.07941248
1587.0,-4.223372,-4.8578353,7.953538,-0.073303826,0.0036651916,-0.040317107
1598.0,-4.1922474,-4.8698063,7.905654,0.065973446,-0.012217305,-0.009773844
1609.0,-4.06296,-4.5322237,7.666234,0.1441642,-0.040317107,-0.002443461
1619.0,-3.7924154,-4.3119574,7.469909,0.105068825,-0.019547688,-0.014660766
1627.0,-3.667917,-4.132392,7.374141,-0.018325957,0.02443461,-0.034208454
1637.0,-3.8714242,-4.213795,7.417237,-0.16982053,0.089186326,-0.06719518
1647.0,-4.096479,-4.333505,7.505822,-0.25167647,0.12339478,-0.10262536
1657.0,-4.259285,-4.5154643,7.524976,-0.22479841,0.119729586,-0.105068825
1666.0,-4.441244,-4.5992613,7.443573,-0.11362094,0.08674286,-0.061086524
1679.0,-4.3526587,-4.453215,7.347805,0.014660766,0.06841691,-0.007330383
1687.0,-4.345476,-4.345476,7.2664022,0.10262536,0.028099801,0.02443461
1698.0,-4.3023806,-4.1683054,6.9743094,0.13072516,0.019547688,0.02076942
1707.0,-4.3406878,-4.0653543,7.019799,0.11728613,0.035430185,-0.018325957
1717.0,-4.4580035,-4.086902,7.2472486,0.08552113,0.012217305,-0.056199603
1728.0,-4.1132383,-4.1036615,7.6734166,0.065973446,-0.02687807,-0.057421334
1738.0,-3.8642416,-4.280833,7.2328835,0.1282817,-0.02443461,-0.04642576
1747.0,-4.1276035,-4.4005427,6.931214,0.20158553,0.018325957,-0.09162979
1758.0,-4.5394063,-4.3119574,7.0700774,0.17959438,0.017104227,-0.15882497
1768.0,-4.606444,-4.1036615,7.4746976,0.08674286,-0.02076942,-0.172264
1779.0,-4.2999864,-3.8977604,7.5800424,0.047647487,-0.05009095,-0.10873401
1786.0,-3.9480386,-3.9695864,7.9511437,0.096516706,-0.04886922,-0.02321288
1797.0,-3.7229836,-4.453215,8.11395,0.20158553,-0.062308256,0.03176499
1806.0,-3.7541082,-4.819528,7.845799,0.31887165,-0.036651913,0.014660766
1818.0,-4.096479,-4.6686935,7.81228,0.42638394,0.0061086523,-0.06963864
1826.0,-4.378995,-4.2904096,7.8912888,0.46670106,-0.007330383,-0.13072516
1837.0,-4.331111,-4.048595,7.6710224,0.408058,-0.013439035,-0.12095132
1847.0,-4.197036,-3.8139634,7.6590514,0.2724459,0.0061086523,-0.06963864
1858.0,-4.1802764,-3.7780502,7.4866686,0.12095132,0.032986723,-0.02565634
1867.0,-4.1180267,-3.9959226,7.350199,0.02321288,0.07574729,-0.015882496
1879.0,-4.268862,-4.237737,7.405266,-0.034208454,0.095294975,-0.018325957
1887.0,-4.4316673,-4.3622355,7.491457,-0.07941248,0.09162979,-0.009773844
1898.0,-4.4101195,-4.426879,7.548918,-0.0842994,0.07819075,-0.0012217305
1907.0,-4.345476,-4.429273,7.548918,-0.04886922,0.06352998,-0.013439035
1917.0,-4.331111,-4.4220905,7.536947,0.004886922,0.05131268,-0.037873644
1927.0,-4.357447,-4.4364557,7.5800424,0.05497787,0.04520403,-0.05497787
1939.0,-4.367024,-4.450821,7.615956,0.087964594,0.037873644,-0.056199603
1946.0,-4.2880154,-4.307169,7.5824366,0.10995574,0.021991149,-0.057421334
1957.0,-4.2425256,-4.1659107,7.615956,0.105068825,0.013439035,-0.06963864
1967.0,-4.173094,-4.0773253,7.5345526,0.05375614,0.018325957,-0.08674286
1978.0,-4.0797195,-4.1132383,7.5465236,-0.02443461,0.043982297,-0.09773844
1987.0,-4.072537,-4.3861775,7.690176,-0.07696902,0.07452556,-0.10629055
1998.0,-4.098873,-4.5657425,7.8050976,-0.062308256,0.09407325,-0.11484267
2007.0,-4.2185836,-4.644751,7.644686,0.013439035,0.087964594,-0.12095132
2018.0,-4.3885717,-4.5537715,7.457938,0.07452556,0.081855945,-0.118507855
2027.0,-4.4556093,-4.3502645,7.4028716,0.06719518,0.06841691,-0.10140363
2038.0,-4.3766007,-4.1371803,7.2831616,0.019547688,0.06352998,-0.07574729
2060.0,-4.175488,-4.158728,7.3669586,-0.02321288,0.061086524,-0.05009095
2060.0,-4.072537,-4.3526587,7.3549876,-0.040317107,0.06841691,-0.040317107
2066.0,-4.3287168,-4.4963107,7.503428,0.039095376,0.05375614,-0.0720821
2076.0,-4.489128,-4.4819455,7.441179,0.039095376,0.05375614,-0.0720821
2086.0,-4.450821,-4.5418005,7.5465236,0.089186326,0.004886922,-0.035430185
2098.0,-4.086902,-4.5657425,7.5704656,0.13194689,-0.0036651916,0.02443461
2105.0,-4.0533834,-4.5322237,7.350199,0.19792034,0.028099801,0.030543262
2118.0,-4.1611223,-4.2999864,7.711724,0.22968534,0.02565634,-0.0012217305
2126.0,-4.024653,-4.213795,7.4986396,0.16982053,0.009773844,0.0061086523
2138.0,-4.072537,-4.189853,7.1754227,0.0,0.09407325,-0.014660766
2146.0,-4.6160207,-4.2425256,7.1634517,-0.09896017,0.0842994,-0.034208454
2156.0,-4.4196963,-4.2904096,7.4004774,-0.1600467,0.061086524,-0.007330383
2167.0,-4.2640734,-4.3406878,7.321469,-0.15393804,0.039095376,0.04886922
2180.0,-4.0773253,-4.378995,7.608773,-0.09040806,0.009773844,0.081855945
2186.0,-3.9264908,-4.6160207,7.469909,-0.002443461,-0.008552114,0.07941248
2196.0,-4.0342298,-4.709395,7.275979,0.062308256,0.021991149,0.03176499
2207.0,-4.2640734,-4.510676,7.249643,0.095294975,0.02565634,-0.015882496
2217.0,-4.3837833,-4.2784386,7.2209125,0.0720821,0.009773844,-0.02076942
2227.0,-4.2305546,-4.201824,7.1514807,-0.0036651916,0.002443461,0.004886922
2238.0,-4.132392,-4.2664676,7.16824,-0.095294975,0.015882496,0.02687807
2248.0,-4.1395745,-4.3287168,7.33344,-0.13316862,0.02321288,0.032986723
2258.0,-4.225766,-4.3646297,7.338228,-0.10140363,0.009773844,0.05375614
2267.0,-4.2521024,-4.4077253,7.587225,-0.061086524,-0.0012217305,0.10262536
2278.0,-4.4005427,-4.3622355,7.809886,-0.037873644,-0.018325957,0.14294247
2288.0,-4.367024,-4.295198,7.843405,-0.0012217305,-0.04642576,0.14782938
2299.0,-4.146757,-4.3287168,7.8649526,0.057421334,-0.056199603,0.13316862
2308.0,-3.9432502,-4.1922474,7.7811556,0.10629055,-0.034208454,0.12583824
2318.0,-4.0581717,-4.098873,7.8529816,0.112399206,-0.010995574,0.11728613
2328.0,-4.132392,-3.8762126,7.716512,0.07696902,0.013439035,0.09162979
2338.0,-4.2760444,-3.809175,7.750031,0.008552114,0.02687807,0.056199603
2348.0,-4.237737,-3.8905778,7.7093296,-0.0720821,0.035430185,0.032986723
2358.0,-4.1635165,-3.9624038,7.7691846,-0.1160644,0.05375614,0.017104227
2368.0,-4.158728,-4.0653543,7.6494746,-0.10629055,0.064751714,0.004886922
2379.0,-4.3119574,-4.098873,7.599196,-0.07696902,0.056199603,-0.002443461
2387.0,-4.3502645,-4.1706996,7.6829934,-0.07941248,0.05009095,0.0061086523
2397.0,-4.2904096,-4.120421,7.7069354,-0.081855945,0.036651913,0.02443461
2408.0,-4.098873,-4.158728,7.6135616,-0.042760566,0.039095376,0.037873644
2420.0,-3.9671922,-4.4125137,7.4507556,0.03176499,0.04153884,0.037873644
2427.0,-4.280833,-4.3287168,7.4842744,0.09896017,0.05009095,0.014660766
2438.0,-4.546589,-4.050989,7.5680714,0.119729586,0.032986723,-0.0061086523
2448.0,-4.4843397,-3.8067808,7.747637,0.10140363,-0.018325957,0.013439035
2459.0,-3.8043866,-3.8187518,7.893683,0.080634214,-0.06352998,0.07941248
2467.0,-3.3973722,-4.1491513,7.204153,0.10751228,-0.010995574,0.10262536
2480.0,-3.8235402,-4.249708,6.7803793,0.118507855,0.09285152,0.007330383
2487.0,-4.673482,-4.0462008,6.919243,0.0061086523,0.11362094,-0.119729586
2498.0,-4.72376,-3.727772,7.4387846,-0.19181168,0.06841691,-0.14049901
2508.0,-4.3239284,-3.763685,7.5321584,-0.30909783,0.018325957,-0.036651913
2518.0,-4.036624,-4.189853,7.6231384,-0.24678956,0.012217305,0.07452556
2528.0,-4.1060557,-4.5657425,7.6494746,-0.02687807,0.010995574,0.10629055
2540.0,-4.1659107,-4.8267107,7.920019,0.21135938,-0.04153884,0.09285152
2548.0,-4.0342298,-4.673482,7.7428484,0.37873647,-0.080634214,0.08552113
2558.0,-3.9480386,-4.1539397,7.2783732,0.453262,-0.06352998,0.059864793
2568.0,-4.0198646,-3.6727054,6.9288197,0.4092797,-0.04520403,0.002443461
2579.0,-4.201824,-3.4213142,6.8282633,0.21013765,-0.012217305,-0.04886922
2588.0,-4.2544966,-3.4213142,7.019799,-0.07086037,0.010995574,-0.061086524
2598.0,-4.1539397,-3.6607344,7.2065473,-0.27122417,0.02565634,-0.036651913
2608.0,-4.1012673,-3.9193082,7.431602,-0.28344148,0.02443461,0.0061086523
2617.0,-4.1706996,-4.3358994,7.642292,-0.1600467,-0.004886922,0.05375614
2627.0,-4.297592,-4.5657425,7.608773,-0.010995574,-0.040317107,0.08552113
2637.0,-4.1683054,-4.4675803,7.5848308,0.09773844,-0.065973446,0.07941248
2648.0,-4.0533834,-4.1635165,7.606379,0.15760323,-0.080634214,0.05009095
2659.0,-4.0078936,-3.7469256,7.603985,0.16737708,-0.07086037,0.02687807
2668.0,-4.1539397,-3.5218706,7.750031,0.12950343,-0.05497787,0.034208454
2678.0,-4.235343,-3.5218706,7.776367,0.06841691,-0.04520403,0.064751714
2687.0,-4.1683054,-3.7708676,7.9463553,0.043982297,-0.052534413,0.08674286
2697.0,-4.0438066,-3.8474822,7.955932,0.089186326,-0.056199603,0.07696902
2708.0,-3.9600096,-3.7684734,7.795521,0.15027285,-0.032986723,0.039095376
2719.0,-4.122815,-3.6415808,7.632715,0.14782938,-0.015882496,-0.0061086523
2727.0,-4.211401,-3.5314474,7.577648,0.047647487,0.009773844,-0.04642576
2737.0,-4.2664676,-3.4093432,7.632715,-0.08552113,0.02565634,-0.073303826
2747.0,-4.19943,-3.667917,7.704541,-0.1441642,0.019547688,-0.07941248
2757.0,-4.0797195,-3.916914,7.7787614,-0.09407325,0.02076942,-0.06352998
2767.0,-4.0916905,-4.1515455,7.7332716,0.02076942,0.013439035,-0.036651913
2780.0,-4.1539397,-4.10845,7.489063,0.12339478,-0.008552114,-0.02076942
2788.0,-4.3047748,-3.8618474,7.33344,0.14172074,-0.010995574,-0.037873644
2797.0,-4.4125137,-3.5745432,7.3549876,0.0720821,-0.014660766,-0.0720821
2807.0,-4.2640734,-3.5051112,7.5561004,-0.02687807,-0.05009095,-0.087964594
2817.0,-3.7565024,-3.8762126,7.6470804,-0.0842994,-0.04886922,-0.06963864
2828.0,-3.6750996,-4.146757,7.417237,-0.03176499,-0.014660766,-0.06352998
2840.0,-4.110844,-4.1706996,7.3430166,0.05131268,0.012217305,-0.10140363
2847.0,-4.429273,-3.9863458,7.491457,0.04642576,-0.02565634,-0.13194689
2858.0,-4.283227,-3.7972038,7.630321,-0.037873644,-0.06719518,-0.10140363
2868.0,-3.9695864,-3.7828386,7.7452426,-0.080634214,-0.06352998,-0.04520403
2880.0,-3.9145198,-3.9863458,7.6973586,-0.019547688,-0.056199603,-0.021991149
2888.0,-3.8594532,-4.2760444,8.015787,0.089186326,-0.09773844,-0.019547688
2899.0,-3.6846764,-4.4077253,7.860164,0.18570304,-0.09285152,-0.014660766
2909.0,-3.8498764,-4.2784386,7.477092,0.25411993,-0.04886922,-0.05375614
2918.0,-4.2401314,-3.8642416,7.551312,0.23090707,-0.040317107,-0.11484267
2929.0,-4.31914,-3.6104562,7.869741,0.103847094,-0.05375614,-0.12583824
2939.0,-4.209007,-3.5697548,8.0684595,-0.0036651916,-0.042760566,-0.073303826
2948.0,-4.1276035,-3.7900212,8.073248,0.013439035,-0.047647487,-0.0012217305
2960.0,-3.952827,-4.0438066,7.9846625,0.11484267,-0.061086524,0.039095376
2969.0,-3.9695864,-4.2760444,7.7572136,0.14905111,-0.010995574,-0.042760566
2979.0,-4.060566,-4.027047,7.5824366,0.14905111,-0.010995574,-0.042760566
2987.0,-4.1276035,-3.6703112,7.7093296,0.02443461,0.0012217305,-0.103847094
2999.0,-4.096479,-3.6176388,7.872135,-0.12095132,0.019547688,-0.1282817
