33.0,-3.751714,-2.2457612,8.595184,-0.037873644,0.012217305,0.015882496
33.0,-3.526659,-2.054225,8.520964,-0.037873644,0.012217305,0.015882496
33.0,-3.6583402,-1.8243817,8.53054,-0.043982297,-0.28955013,-0.2321288
45.0,-3.6583402,-1.8243817,8.53054,-0.13805555,-0.40317106,-0.3042109
62.0,-3.8402996,-2.219425,8.571242,-0.04520403,0.376293,0.057421334
62.0,-3.8259344,-2.3870192,8.616732,-0.058643065,0.38728857,0.05131268
72.0,-3.833117,-2.3870192,8.535329,-0.05497787,0.20891592,-0.035430185
84.0,-3.8833952,-2.3678656,8.51857,-0.029321533,0.04886922,-0.10873401
91.0,-3.928885,-2.3750482,8.552089,0.0061086523,0.042760566,-0.11362094
101.0,-3.964798,-2.3199813,8.449138,0.035430185,0.036651913,-0.12339478
113.0,-3.9336734,-2.336741,8.477868,0.04520403,0.034208454,-0.13316862
121.0,-4.024653,-2.2505496,8.403648,0.037873644,0.035430185,-0.13927728
132.0,-3.9671922,-2.255338,8.468291,0.018325957,0.04520403,-0.14049901
141.0,-3.8905778,-2.2266076,8.468291,-0.002443461,0.05009095,-0.1441642
152.0,-3.8953662,-2.2936451,8.513782,-0.021991149,0.057421334,-0.14782938
162.0,-3.9240966,-2.3870192,8.3868885,-0.037873644,0.065973446,-0.15271631
171.0,-3.9360676,-2.3774424,8.374918,-0.04153884,0.07696902,-0.15760323
181.0,-3.9743748,-2.468422,8.3150625,-0.035430185,0.07941248,-0.15882497
192.0,-3.9264908,-2.4875755,8.358158,-0.02565634,0.081855945,-0.1563815
201.0,-3.976769,-2.5953147,8.319851,-0.010995574,0.081855945,-0.15393804
212.0,-4.06296,-2.4732103,8.329428,-0.002443461,0.073303826,-0.14905111
221.0,-4.027047,-2.5091233,8.271967,-0.017104227,0.073303826,-0.13927728
232.0,-4.074931,-2.480393,8.197746,-0.052534413,0.081855945,-0.12950343
241.0,-4.0916905,-2.4516625,8.204929,-0.080634214,0.089186326,-0.12217305
254.0,-4.220978,-2.5234885,8.23366,-0.08674286,0.09040806,-0.112399206
263.0,-4.24492,-2.6408045,8.259995,-0.07452556,0.089186326,-0.095294975
272.0,-4.1802764,-2.681506,8.327033,-0.052534413,0.08674286,-0.07452556
281.0,-4.1611223,-2.741361,8.451532,-0.029321533,0.087964594,-0.057421334
291.0,-4.187459,-2.8658595,8.3629465,-0.014660766,0.089186326,-0.04642576
301.0,-4.0916905,-2.870648,8.3629465,-0.015882496,0.09162979,-0.037873644
314.0,-4.185065,-2.7724855,8.250419,-0.037873644,0.105068825,-0.028099801
322.0,-4.0701427,-2.6599581,8.183381,-0.06963864,0.119729586,-0.018325957
332.0,-4.1276035,-2.6599581,8.183381,-0.095294975,0.1282817,-0.004886922
341.0,-4.1683054,-2.6312277,8.214506,-0.111177474,0.13561209,0.009773844
353.0,-4.132392,-2.741361,8.224083,-0.12095132,0.13927728,0.02076942
362.0,-4.0462008,-2.719813,8.238448,-0.12705997,0.15393804,0.028099801
373.0,-4.0653543,-2.7509377,8.195353,-0.13805555,0.1600467,0.032986723
381.0,-4.06296,-2.681506,8.173804,-0.16126843,0.16982053,0.034208454
392.0,-4.10845,-2.6862943,8.104373,-0.19303341,0.18203785,0.029321533
402.0,-4.074931,-2.7341783,8.121132,-0.22357668,0.19058995,0.019547688
412.0,-4.060566,-2.779668,8.087613,-0.24678956,0.19303341,0.0061086523
422.0,-4.1371803,-2.7485435,8.042124,-0.2687807,0.1881465,-0.0012217305
433.0,-4.10845,-2.7126305,8.09719,-0.29810223,0.19058995,-0.004886922
442.0,-4.1180267,-2.7150247,8.087613,-0.32742378,0.18325958,-0.010995574
453.0,-4.060566,-2.7150247,8.051701,-0.35063666,0.172264,-0.021991149
462.0,-4.0078936,-2.6144683,8.087613,-0.36041048,0.16249016,-0.029321533
472.0,-4.010288,-2.669535,8.070854,-0.37507126,0.15027285,-0.028099801
482.0,-3.9935284,-2.6719291,8.02297,-0.40683624,0.13683382,-0.02687807
493.0,-4.0318356,-2.7341783,7.97748,-0.44959682,0.12705997,-0.032986723
502.0,-4.0916905,-2.7389667,7.9391727,-0.49235737,0.11728613,-0.04520403
512.0,-4.1371803,-2.6551697,7.9966335,-0.54611355,0.09896017,-0.05131268
522.0,-4.2664676,-2.7126305,7.905654,-0.6133087,0.08674286,-0.047647487
532.0,-4.4364557,-2.7030537,7.9367785,-0.675617,0.07696902,-0.04520403
541.0,-4.522647,-2.707842,7.9583263,-0.72082096,0.052534413,-0.047647487
554.0,-4.687847,-2.7868507,8.075643,-0.7452556,0.014660766,-0.05131268
562.0,-4.6710877,-2.9376855,8.099585,-0.7452556,-0.028099801,-0.058643065
572.0,-4.8722005,-3.0358477,8.070854,-0.7134906,-0.07452556,-0.064751714
582.0,-4.915296,-3.0597897,8.171411,-0.65118235,-0.119729586,-0.062308256
592.0,-4.88896,-3.3207579,8.200141,-0.5656612,-0.16737708,-0.05375614
601.0,-4.831499,-3.3303347,8.121132,-0.4654793,-0.21624629,-0.042760566
613.0,-4.9200845,-3.4739866,8.224083,-0.36163223,-0.26389378,-0.02687807
622.0,-5.00867,-3.4452562,8.267179,-0.26633725,-0.31031954,-0.002443461
632.0,-4.936844,-3.371036,8.394072,-0.18936823,-0.3408628,0.034208454
642.0,-5.0134583,-3.4045548,8.468291,-0.119729586,-0.36163223,0.07941248
653.0,-4.9895163,-3.394978,8.511387,-0.042760566,-0.3726278,0.13561209
662.0,-4.745308,-3.3279405,8.614338,0.037873644,-0.3726278,0.19792034
674.0,-4.7189717,-3.4524388,8.585608,0.112399206,-0.36041048,0.25534168
683.0,-4.6279917,-3.4045548,8.583213,0.17715092,-0.3408628,0.30176744
693.0,-4.6112323,-3.3494883,8.576031,0.23945917,-0.31520647,0.33353242
703.0,-4.6351743,-3.3542767,8.602366,0.312763,-0.27855456,0.3652974
713.0,-4.6040497,-3.3303347,8.925584,0.3921755,-0.25167647,0.39584067
723.0,-4.525041,-3.335123,9.062054,0.47525316,-0.21991149,0.41050145
735.0,-4.3861775,-3.3423057,9.150639,0.548557,-0.17104226,0.3933972
743.0,-4.0581717,-3.1244333,9.114726,0.57787853,-0.1160644,0.35308012
756.0,-3.7780502,-2.861071,8.9998045,0.5290093,-0.04153884,0.3005457
764.0,-3.4763808,-2.6551697,8.750807,0.40561453,0.07574729,0.23090707
774.0,-3.157952,-2.542642,8.595184,0.2565634,0.20280726,0.13805555
783.0,-3.0454245,-2.5474305,8.425196,0.1282817,0.3200934,0.039095376
796.0,-2.8874073,-2.6048915,8.441956,0.042760566,0.43249258,-0.039095376
804.0,-2.7485435,-2.8275523,8.532935,0.018325957,0.5204572,-0.09040806
815.0,-2.7341783,-3.1603463,8.604761,0.043982297,0.5864306,-0.14660765
825.0,-2.7006595,-3.4284968,8.559271,0.10995574,0.6291912,-0.22602014
834.0,-2.566584,-3.7349546,8.542512,0.1685988,0.6365216,-0.41172317
845.0,-2.5115175,-3.7565024,8.252813,0.1685988,0.6365216,-0.41172317
858.0,-2.554613,-3.643975,7.93199,0.103847094,0.61941737,-0.5045747
864.0,-2.6001031,-3.3542767,7.642292,-0.2761111,0.58032197,-0.6243043
875.0,-2.7820623,-2.980781,7.433996,-0.5571091,0.5571091,-0.63041294
885.0,-2.9735985,-2.9137435,7.369353,-0.8491027,0.5363397,-0.6010914
896.0,-3.4165258,-3.1842883,7.445967,-1.0995574,0.5180137,-0.5522222
905.0,-3.5290532,-3.632004,7.541735,-1.2742649,0.5021312,-0.48991394
918.0,-3.7110126,-4.0677485,7.52737,-1.3695599,0.48991394,-0.4202753
925.0,-3.9863458,-4.733337,7.5824366,-1.3817772,0.45570546,-0.35308012
937.0,-4.390966,-5.2361193,7.5082164,-1.3023647,0.40194935,-0.2932153
946.0,-4.534618,-5.6120086,7.469909,-1.1472049,0.3200934,-0.24190263
958.0,-4.6375685,-5.8442464,7.2831616,-0.96883225,0.26145032,-0.20280726
966.0,-4.5418005,-5.7843914,7.1275387,-0.80756384,0.2284636,-0.18692477
978.0,-4.522647,-5.379771,7.0605006,-0.6988298,0.22479841,-0.18936823
985.0,-4.7165775,-4.8626237,7.062895,-0.6536258,0.22479841,-0.1881465
995.0,-5.0038815,-4.268862,7.252037,-0.6609562,0.23579398,-0.15882497
1006.0,-5.3103395,-3.8857894,7.553706,-0.6817256,0.27122417,-0.103847094
1015.0,-5.554548,-3.5362358,7.97748,-0.6805039,0.3213151,-0.036651913
1025.0,-5.9519854,-3.371036,8.552089,-0.6560693,0.37507126,0.034208454
1039.0,-6.5385647,-3.1723173,9.057265,-0.63041294,0.43982297,0.1160644
1045.0,-7.038953,-3.0597897,9.452309,-0.6035349,0.52534413,0.21991149
1068.0,-7.4627266,-3.2585084,9.818622,-0.5155703,0.61208695,0.34330627
1069.0,-7.589619,-3.4476504,10.287885,-0.30787608,0.73548174,0.4642576
1074.0,-7.620744,-3.6966474,10.998962,0.0,0.8552113,0.58032197
1083.0,-7.4746976,-3.7780502,11.662156,0.25900686,0.97005403,0.68661255
1095.0,-7.417237,-3.7732618,11.815386,0.32498032,1.1496484,0.7855727
1104.0,-7.0844426,-3.9312792,12.038046,0.16493362,1.396438,0.86498517
1115.0,-6.8210807,-4.6279917,12.121843,-0.16982053,1.6872098,0.90285885
1124.0,-6.540959,-5.556942,12.579136,-0.5412266,2.021964,0.95417154
1134.0,-6.337452,-6.579266,12.751518,-0.8881981,2.3640485,1.0409144
1144.0,-6.703765,-7.587225,13.046005,-1.1753048,2.6890287,1.1814134
1156.0,-7.2328835,-8.348581,13.110648,-1.4184291,2.951701,1.3939945
1165.0,-7.785944,-8.872911,12.615048,-1.6615535,3.1557298,1.672549
1175.0,-8.11395,-9.186552,11.956643,-1.9474384,3.3512068,1.9926424
1184.0,-8.003817,-9.92636,11.542446,-2.2321017,3.5686748,2.4019222
1195.0,-7.654263,-11.384429,11.135432,-2.3689353,3.7665951,2.941927
1205.0,-7.2783732,-13.160927,10.383653,-2.211332,3.866777,3.5417967
1216.0,-7.089231,-14.113819,9.078813,-1.7971655,3.898542,4.062254
1225.0,-6.9623384,-13.939042,8.001422,-1.3805555,3.8899899,4.5301766
1235.0,-6.6630635,-13.27106,6.600814,-1.1630874,3.8496728,5.0616293
1246.0,-6.2871737,-12.8832,5.068525,-1.2034045,3.7971385,5.644395
1258.0,-5.884948,-11.942278,3.3183637,-1.3866642,3.7384953,6.223495
1264.0,-5.3007627,-10.548853,1.7166426,-1.6676621,3.6151006,6.7573915
1277.0,-4.697424,-9.179369,0.074220255,-2.0182989,3.4550538,7.2375317
1285.0,-3.8019924,-7.240066,-1.7166426,-2.375044,3.28279,7.619933
1296.0,-2.777274,-4.7764325,-2.9975405,-2.6890287,3.0286698,7.880162
1304.0,-1.8219875,-2.44448,-3.8115692,-3.1435125,2.7036896,8.037765
1315.0,-1.0582372,-0.22026655,-4.098873,-3.684739,2.3310618,8.197811
1324.0,-0.20590134,2.3223755,-3.8474822,-4.0292673,1.9046779,8.374963
1336.0,0.40462008,4.831499,-3.2848446,-4.015828,1.4343116,8.317541
1345.0,0.62728083,6.349423,-2.741361,-3.7189476,0.9334021,7.842288
1359.0,0.60094464,7.055712,-1.553837,-3.2155948,0.48258355,6.9931855
1364.0,0.58657944,8.221688,0.34476504,-2.506991,0.1282817,5.8643064
1377.0,0.59376204,11.733982,2.779668,-1.5503759,-0.080634214,4.312709
1385.0,0.91697925,19.907787,3.4955344,-0.9126327,-0.06719518,3.1740558
1397.0,-0.16759412,24.93561,0.81163436,-1.3927728,-0.18081611,3.1764994
1406.0,-1.2617443,21.672314,-2.3439236,-1.9254472,-0.3933972,2.90161
1416.0,-1.4939818,15.26543,-4.7046065,-1.7837266,-0.31398472,1.7214183
1424.0,-1.9009962,10.172963,-5.8705826,-1.1606439,-0.02443461,0.2773328
1436.0,-1.9033904,7.5561004,-4.879383,-0.49968776,0.1685988,-0.8576548
1444.0,-1.8315643,8.221688,-2.908955,-0.17837265,0.21624629,-1.5161675
1458.0,-1.8124107,11.394006,-1.2234371,-0.34330627,0.17104226,-1.9547688
1464.0,-2.1978772,15.028404,-0.6991069,-0.9431759,0.14660765,-2.3151793
1476.0,-2.6024973,16.201563,-0.93373865,-1.7470746,0.21868975,-2.692694
1486.0,-2.4492683,14.652514,-0.7541735,-2.2773056,0.31642818,-3.2583551
1495.0,-1.9201498,12.62702,0.0047884034,-2.2626448,0.4202753,-3.9217548
1506.0,-1.5705963,11.240777,1.0510546,-1.7886134,0.4801401,-4.4629817
1517.0,-1.5801731,10.582372,1.8938135,-1.065349,0.5155703,-4.8441615
1526.0,-1.922544,10.532093,2.8491,-0.20280726,0.5326745,-5.163033
1537.0,-2.7365725,11.073183,3.5673606,0.7770206,0.53023106,-5.466022
1546.0,-3.7062242,11.647791,3.466804,1.6859881,0.3921755,-5.765346
1559.0,-4.4556093,11.204864,2.7509377,2.3102922,0.1160644,-6.1269784
1566.0,-4.220978,9.548077,1.9153614,2.652377,-0.14049901,-6.597345
1578.0,-3.7780502,7.9343843,0.63206923,2.814867,-0.31031954,-7.0970325
1586.0,-3.715801,6.859388,-0.47405192,2.8845057,-0.5204572,-7.4904294
1596.0,-4.2544966,6.0357823,-1.0031705,2.8710666,-0.79412484,-7.750658
1605.0,-4.9176903,5.070919,-1.2665327,2.7867672,-1.1252137,-7.877718
1617.0,-5.4085016,4.2066126,-0.37349546,2.6450465,-1.4929546,-7.8960443
1626.0,-5.2528787,2.6312277,0.7781156,2.5705209,-1.8692477,-7.8752747
1638.0,-4.546589,0.5386954,2.3247697,3.0995302,-2.7733283,-7.960796
1647.0,-3.311181,-1.4030021,3.9121256,3.0995302,-2.7733283,-7.960796
1658.0,-1.5849615,-2.822764,4.673482,2.9651399,-3.182608,-7.887492
1665.0,0.94570965,-3.25372,4.6710877,1.7238617,-3.6774087,-7.6651373
1677.0,3.608062,-3.8642416,3.8402996,-0.16982053,-3.7873645,-7.4684386
1687.0,7.3166804,-2.3535004,2.4396915,-1.8558086,-3.513697,-7.43423
1699.0,10.702082,-0.320823,1.9057846,-3.0079005,-3.6077702,-7.470882
1706.0,13.704411,-4.156334,4.039018,-0.91507614,-2.7440066,-7.1703362
1716.0,17.33402,-15.05474,10.445902,4.1966443,-1.4049901,-7.263188
1725.0,21.464018,-32.065544,18.207905,9.374338,-0.4972443,-7.2473054
1735.0,14.195222,-29.946674,16.879122,12.172101,-0.44959682,-6.8013735
1745.0,6.8522053,-23.204603,10.371682,12.144001,-0.8051204,-6.0255747
1759.0,0.90500826,-17.659632,5.12838,9.94,-0.9370673,-4.718323
1764.0,-4.5298295,-12.337321,5.221754,6.170961,-0.9822713,-2.8820622
1777.0,-8.130709,-3.8786068,8.585608,1.9120082,-1.1997393,-0.95905846
1787.0,-5.671864,-0.023942016,10.240001,-1.6444492,-0.9016371,0.4447099
1797.0,0.10295067,-2.3415294,9.040505,-3.8179078,-0.105068825,1.1081096
1805.0,3.2752678,-6.945579,8.214506,-4.6547933,0.5717699,0.9957104
1817.0,3.7588966,-11.906365,8.695741,-4.4006734,1.0067059,0.5375614
1825.0,2.2864625,-14.2622595,8.858546,-3.4110715,1.174083,0.3200934
1836.0,-0.260968,-13.333309,9.301474,-2.1587977,0.90041536,0.3494149
1846.0,-2.6360161,-11.030087,9.856929,-1.0922271,0.45081854,0.4129449
1858.0,-3.763685,-8.7292595,9.694122,-0.5009095,0.15760323,0.48258355
1865.0,-3.6487634,-7.3549876,9.131485,-0.31887165,0.029321533,0.50579643
1878.0,-2.6408045,-6.751649,8.724471,-0.2003638,0.0036651916,0.37018433
1885.0,-1.8052281,-6.8426285,8.695741,0.06841691,0.02565634,0.08552113
1896.0,-1.5993267,-7.249643,8.631097,0.45081854,0.015882496,-0.18325958
1906.0,-2.0925324,-7.405266,8.465898,0.83199847,-0.02687807,-0.27000242
1920.0,-2.5905263,-7.2424603,8.171411,1.1068878,-0.111177474,-0.19792034
1927.0,-2.621651,-6.789956,7.78355,1.1911873,-0.16615535,-0.10140363
1938.0,-2.2744915,-6.196194,7.2951326,1.073901,-0.14660765,-0.04642576
1946.0,-1.6831238,-5.506664,6.871359,0.80756384,-0.047647487,-0.04642576
1958.0,-1.4053963,-5.1547165,6.6989765,0.4166101,0.0720821,-0.09040806
1966.0,-1.4772224,-4.9799395,6.8210807,-0.036651913,0.17104226,-0.12950343
1978.0,-1.6496049,-5.058948,6.8689647,-0.4605924,0.22724187,-0.12950343
1987.0,-1.6448165,-5.2720323,6.8665705,-0.78801614,0.25289822,-0.10629055
1997.0,-1.6280571,-5.7748146,6.7109475,-0.9896017,0.2687807,-0.09773844
2006.0,-1.6759412,-6.169858,6.4260373,-1.0763446,0.27855456,-0.111177474
2016.0,-1.6903064,-6.3302693,6.265626,-1.0824533,0.27366763,-0.11484267
2026.0,-1.8195933,-6.5026517,6.256049,-1.0323622,0.24556783,-0.089186326
2038.0,-2.0159178,-6.7348895,6.3230867,-0.9272934,0.22235495,-0.04886922
2046.0,-1.9847932,-7.1395097,6.339846,-0.7611381,0.1881465,-0.012217305
2058.0,-1.9512744,-7.1059904,6.2823853,-0.5534439,0.1441642,0.013439035
2088.0,-1.9536686,-7.043741,6.1650696,-0.3652974,0.105068825,0.043982297
2088.0,-1.8626889,-6.9144545,5.9448028,-0.23457226,0.080634214,0.0720821
2088.0,-1.8052281,-6.727707,5.7724204,-0.15515977,0.064751714,0.089186326
2097.0,-1.8411411,-6.517017,5.693412,-0.10262536,0.05375614,0.089186326
2106.0,-1.958457,-6.483498,5.746084,-0.032986723,0.05131268,0.0842994
2116.0,-2.171541,-6.445191,5.9519854,0.089186326,0.002443461,0.09896017
2125.0,-2.1164744,-6.493075,6.0525417,0.23579398,-0.04153884,0.119729586
2136.0,-2.1499932,-6.4667387,6.0357823,0.3494149,-0.073303826,0.12095132
2146.0,-2.0326772,-6.179435,5.746084,0.3652974,-0.09040806,0.1001819
2157.0,-2.0231004,-5.865794,5.494693,0.25778514,-0.07574729,0.062308256
2165.0,-1.9991584,-5.544971,5.4324436,0.06841691,-0.052534413,0.007330383
2177.0,-2.1643584,-5.4899044,5.5856724,-0.10873401,-0.037873644,-0.057421334
2185.0,-2.2098482,-5.758055,5.7508726,-0.17592919,-0.03176499,-0.1160644
2195.0,-2.2409728,-6.066907,5.971139,-0.119729586,-0.042760566,-0.15760323
2205.0,-2.3008277,-6.3566055,6.078878,-0.009773844,-0.07086037,-0.18448131
2217.0,-2.3127987,-6.493075,6.1985884,0.062308256,-0.09407325,-0.21502456
2226.0,-2.2242134,-6.564901,6.0740895,0.05009095,-0.119729586,-0.25411993
2238.0,-2.1428106,-6.495469,6.0381765,-0.037873644,-0.12339478,-0.29443705
2246.0,-2.0901382,-6.3589997,5.985504,-0.15393804,-0.12461651,-0.32253686
2257.0,-2.0374656,-6.5505357,6.0645127,-0.23701571,-0.12217305,-0.34330627
2267.0,-2.0973208,-6.742072,6.289568,-0.24923302,-0.13561209,-0.34330627
2276.0,-2.1547816,-7.0461354,6.4763155,-0.18325958,-0.16126843,-0.30787608
2286.0,-2.0925324,-7.33344,6.6103907,-0.061086524,-0.17470746,-0.25900686
2298.0,-2.0470424,-7.599196,6.694188,0.07574729,-0.19914207,-0.21868975
2307.0,-1.910573,-7.7308774,6.6893997,0.16371189,-0.21380283,-0.19303341
2316.0,-1.9297266,-7.5824366,6.7324953,0.15393804,-0.20280726,-0.172264
2327.0,-1.8507179,-7.2113357,6.646304,0.04642576,-0.19425514,-0.14172074
2334.0,-1.7621324,-6.897695,6.691794,-0.12339478,-0.1600467,-0.105068825
2344.0,-1.769315,-6.825869,6.7133417,-0.2761111,-0.13805555,-0.07574729
2356.0,-1.721431,-6.9360023,6.8929067,-0.35796702,-0.11484267,-0.05497787
2364.0,-1.7166426,-7.2831616,7.0724716,-0.33475417,-0.08674286,-0.043982297
2376.0,-1.6663644,-7.630321,7.1826053,-0.22113322,-0.0842994,-0.03176499
2384.0,-1.769315,-7.7691846,7.2352777,-0.06352998,-0.09040806,-0.014660766
2394.0,-1.7645266,-7.714118,7.091625,0.06719518,-0.09896017,0.002443461
2404.0,-1.7525556,-7.5345526,6.8905125,0.12217305,-0.09896017,0.02076942
2415.0,-1.7262194,-7.252037,6.907272,0.10751228,-0.09773844,0.036651913
2424.0,-1.6280571,-7.017405,6.859388,0.043982297,-0.089186326,0.036651913
2434.0,-1.5825673,-6.895301,6.8545995,-0.029321533,-0.0842994,0.02565634
2444.0,-1.6232687,-6.7564373,6.823475,-0.087964594,-0.06841691,0.021991149
2455.0,-1.6424223,-6.7588315,6.861782,-0.1160644,-0.06352998,0.03176499
2464.0,-1.5251064,-6.945579,6.8545995,-0.10873401,-0.05375614,0.03176499
2475.0,-1.5562311,-7.0844426,6.8402343,-0.058643065,-0.04642576,0.018325957
2484.0,-1.5753847,-7.053318,6.9527617,0.010995574,-0.04153884,0.007330383
2494.0,-1.5370775,-7.1083846,7.005434,0.06963864,-0.04153884,0.009773844
2504.0,-1.5059528,-6.9838862,6.9527617,0.10262536,-0.04153884,0.008552114
2514.0,-1.5514427,-6.8402343,6.943185,0.111177474,-0.04642576,0.002443461
2524.0,-1.6017209,-6.7971387,6.9767036,0.10140363,-0.05009095,0.002443461
2537.0,-1.520318,-6.7708025,6.9623384,0.012217305,-0.039095376,0.012217305
2544.0,-1.4915876,-6.655881,6.8881183,-0.05131268,-0.010995574,0.002443461
2555.0,-1.3215994,-6.6534867,6.6893997,-0.11484267,0.004886922,-0.0061086523
2564.0,-1.412579,-6.600814,6.751649,-0.18325958,0.02443461,0.0
2575.0,-1.412579,-6.555324,6.646304,-0.24312437,0.04520403,0.008552114
2584.0,-1.4293385,-6.6295447,6.6965823,-0.26511553,0.04886922,0.009773844
2595.0,-1.448492,-6.7348895,6.706159,-0.23090707,0.040317107,0.002443461
2604.0,-1.4628572,-6.955156,6.5936313,-0.15515977,0.036651913,-0.009773844
2616.0,-1.472434,-6.933608,6.679823,-0.081855945,0.02565634,-0.017104227
2625.0,-1.4341269,-6.811504,6.50744,-0.061086524,0.013439035,-0.017104227
2636.0,-1.4867992,-6.6893997,6.4667387,-0.103847094,0.013439035,-0.021991149
2646.0,-1.4891934,-6.5601125,6.3302693,-0.19058995,0.02076942,-0.034208454
2658.0,-1.4532804,-6.471527,6.2225304,-0.28588495,0.032986723,-0.04886922
2667.0,-1.388637,-6.4882865,6.349423,-0.35308012,0.034208454,-0.05375614
2677.0,-1.352724,-6.619968,6.203377,-0.37995818,0.034208454,-0.05375614
2686.0,-1.2976574,-6.7803793,6.1770406,-0.36651915,0.032986723,-0.06352998
2696.0,-1.2976574,-6.9958572,5.8945246,-0.34208453,0.02687807,-0.07941248
2707.0,-1.3192052,-6.919243,5.7484784,-0.3286455,0.02687807,-0.09162979
2718.0,-1.2138603,-6.8330517,5.6407394,-0.31398472,0.021991149,-0.10629055
2727.0,-1.3335704,-6.8091097,5.837064,-0.25167647,0.0061086523,-0.119729586
2738.0,-1.5466543,-6.9599442,6.0836663,-0.105068825,-0.032986723,-0.12095132
2748.0,-1.5634137,-7.1490865,6.2105594,0.09407325,-0.087964594,-0.10751228
2759.0,-1.532289,-7.345411,6.2991447,0.26511553,-0.13072516,-0.103847094
2769.0,-1.5059528,-7.144298,6.205771,0.3323107,-0.1563815,-0.112399206
2780.0,-1.4269443,-6.8569937,5.98311,0.27122417,-0.14538592,-0.1282817
2788.0,-1.2856863,-6.655881,5.8203044,0.13072516,-0.09773844,-0.15760323
2798.0,-1.3120226,-6.6079965,5.9064956,-0.0012217305,-0.06719518,-0.18692477
2807.0,-1.4197617,-6.8043213,6.1530986,-0.058643065,-0.062308256,-0.18692477
2815.0,-1.4987702,-7.0605006,6.4906807,-0.021991149,-0.064751714,-0.16615535
2829.0,-1.460463,-7.45315,6.634333,0.073303826,-0.08674286,-0.15271631
2839.0,-1.3814543,-7.529764,6.655881,0.15760323,-0.09407325,-0.1563815
2849.0,-1.283292,-7.4028716,6.5218053,0.17837265,-0.1001819,-0.15515977
2860.0,-1.2545617,-7.2472486,6.2943563,0.1160644,-0.0842994,-0.14172074
2869.0,-1.1468226,-7.1490865,6.241684,0.0012217305,-0.05131268,-0.13439035
2879.0,-1.1851299,-7.0365586,6.375759,-0.09896017,-0.036651913,-0.13439035
2889.0,-1.3718776,-7.086837,6.64391,-0.13439035,-0.042760566,-0.1160644
2900.0,-1.388637,-7.192182,6.7971387,-0.09162979,-0.05131268,-0.07941248
2907.0,-1.3934253,-7.503428,6.7372837,0.002443461,-0.062308256,-0.05009095
2918.0,-1.2210429,-7.5920134,6.682217,0.07941248,-0.057421334,-0.042760566
2928.0,-1.1611878,-7.45315,6.5840545,0.08307768,-0.036651913,-0.04886922
2938.0,-1.1228806,-7.1969705,6.5002575,0.012217305,-0.017104227,-0.052534413
2949.0,-1.1228806,-7.015011,6.5505357,-0.0842994,0.0,-0.04886922
2961.0,-1.1683705,-6.9360023,6.634333,-0.15271631,0.018325957,-0.04153884
2968.0,-1.1971009,-7.089231,6.7947445,-0.1600467,0.02443461,-0.035430185
2979.0,-1.1420342,-7.386112,6.9120603,-0.10262536,0.02565634,-0.03176499
2987.0,-1.1420342,-7.6470804,6.9144545,-0.007330383,0.02443461,-0.035430185
2998.0,-1.1851299,-7.7332716,6.8210807,0.073303826,0.021991149,-0.036651913
3008.0,-1.1587936,-7.6231384,6.703765,0.09040806,0.030543262,-0.018325957
