29.0,-3.6296098,-0.107739076,9.0429,0.004886922,-0.015882496,0.0012217305
29.0,-3.5649664,-0.035913024,9.157822,0.14294247,0.13561209,-0.062308256
47.0,-3.4763808,-0.4285621,9.416395,0.047647487,-0.29443705,-0.2406809
49.0,-3.1028855,-0.46926352,9.435549,-0.019547688,-0.47525316,-0.23457226
59.0,-2.932897,-0.40222588,9.44752,0.16615535,0.25045475,0.1563815
69.0,-2.9855695,-0.20829555,9.387665,0.22113322,0.23823744,0.1881465
81.0,-3.0454245,-0.08619126,9.325416,0.25167647,0.05375614,0.14538592
89.0,-3.1148565,-0.047884032,9.220071,0.2406809,-0.081855945,0.061086524
101.0,-3.052607,-0.016759412,9.050082,0.21502456,-0.06352998,0.02687807
109.0,-3.0238767,0.11252748,9.033323,0.17348573,-0.039095376,-0.0036651916
121.0,-3.0789435,0.045489833,9.081207,0.13194689,-0.002443461,-0.029321533
129.0,-3.2609026,-0.079008654,9.179369,0.09285152,0.02687807,-0.043982297
140.0,-3.2345665,-0.19632454,9.25359,0.06352998,0.04642576,-0.05009095
150.0,-3.2465374,-0.2657564,9.119514,0.057421334,0.05375614,-0.05497787
159.0,-3.1603463,-0.32321724,9.069236,0.0720821,0.057421334,-0.062308256
170.0,-3.2441432,-0.2896984,9.085996,0.096516706,0.06352998,-0.06963864
180.0,-3.4117374,-0.272939,9.035717,0.1160644,0.0720821,-0.07452556
189.0,-3.406949,-0.23223756,8.949526,0.13316862,0.073303826,-0.07452556
202.0,-3.3734303,-0.11252748,8.937555,0.1441642,0.0720821,-0.0720821
209.0,-3.3279405,-0.02633622,8.947132,0.14538592,0.06963864,-0.06719518
220.0,-3.4117374,-0.035913024,8.968679,0.13194689,0.07574729,-0.062308256
229.0,-3.5242648,-0.059855044,9.141062,0.10751228,0.09040806,-0.062308256
240.0,-3.4859576,-0.14844051,9.131485,0.09040806,0.10262536,-0.058643065
250.0,-3.4045548,-0.37110126,9.078813,0.096516706,0.103847094,-0.05375614
261.0,-3.3638535,-0.2657564,9.129091,0.12339478,0.095294975,-0.04886922
270.0,-3.3183637,-0.19393034,9.0429,0.15515977,0.09162979,-0.05009095
281.0,-3.3183637,-0.07182605,8.92319,0.13927728,0.095294975,-0.06352998
289.0,-3.311181,-0.02633622,8.863335,0.080634214,0.10873401,-0.06963864
300.0,-3.4500446,-0.10534488,8.908825,0.017104227,0.13072516,-0.06963864
309.0,-3.5194764,-0.2873042,8.980651,-0.030543262,0.14049901,-0.059864793
321.0,-3.4284968,-0.3878607,8.896853,-0.032986723,0.13072516,-0.042760566
330.0,-3.3207579,-0.37349546,8.899248,-0.008552114,0.10751228,-0.02687807
340.0,-3.277662,-0.18914193,8.678981,0.012217305,0.09162979,-0.02076942
350.0,-3.3662477,-0.1364695,8.623915,0.002443461,0.09162979,-0.028099801
360.0,-3.3542767,-0.1436521,8.628703,-0.04520403,0.10140363,-0.043982297
370.0,-3.41892,-0.24181437,8.537724,-0.09896017,0.1001819,-0.058643065
382.0,-3.5865142,-0.37828386,8.664616,-0.13561209,0.10873401,-0.064751714
390.0,-3.7014358,-0.4429273,8.669404,-0.14660765,0.111177474,-0.056199603
400.0,-3.845088,-0.5434838,8.791509,-0.13072516,0.09896017,-0.032986723
410.0,-3.787627,-0.45968673,8.815451,-0.095294975,0.07941248,-0.0061086523
420.0,-3.7134068,-0.37349546,8.832211,-0.047647487,0.04642576,0.017104227
430.0,-3.655946,-0.29209262,8.860941,-0.010995574,0.029321533,0.034208454
441.0,-3.6104562,-0.21068975,8.784326,-0.0036651916,0.02321288,0.043982297
450.0,-3.7349546,-0.033518825,8.779537,-0.028099801,0.03176499,0.039095376
461.0,-3.8235402,-0.023942016,8.676587,-0.059864793,0.037873644,0.021991149
470.0,-3.8307228,0.055066638,8.683769,-0.096516706,0.04520403,0.008552114
481.0,-3.8594532,0.15562311,8.736442,-0.14172074,0.04642576,0.0012217305
490.0,-3.9073372,0.2657564,8.750807,-0.19058995,0.040317107,-0.0036651916
501.0,-3.9863458,0.4237737,8.767567,-0.2443461,0.030543262,-0.008552114
511.0,-3.928885,0.5410896,8.913613,-0.3115413,0.02076942,-0.009773844
521.0,-3.8666358,0.6847417,9.02614,-0.3811799,0.015882496,-0.012217305
530.0,-3.8881836,0.5793968,9.021352,-0.43249258,0.021991149,-0.021991149
541.0,-3.8163576,0.50038815,9.208099,-0.4642576,0.036651913,-0.04153884
550.0,-3.9480386,0.25857377,9.3421755,-0.4728097,0.06963864,-0.065973446
562.0,-3.9695864,0.11252748,9.332599,-0.44348818,0.103847094,-0.10629055
570.0,-4.0294414,0.023942016,9.361329,-0.3848451,0.12339478,-0.16371189
581.0,-4.209007,0.4309563,9.423578,-0.3286455,0.13805555,-0.22602014
590.0,-4.5154643,1.1228806,9.481039,-0.312763,0.14660765,-0.2968805
600.0,-4.757279,2.1164744,9.229648,-0.3885103,0.1441642,-0.38606682
610.0,-4.7381253,3.0334535,8.920795,-0.59986967,0.14294247,-0.49113566
621.0,-4.6040497,3.3423057,8.355764,-0.9602802,0.17959438,-0.5900958
632.0,-4.462792,3.2273839,8.00621,-1.4355333,0.25411993,-0.6658431
641.0,-4.3622355,2.7988217,8.252813,-1.9633209,0.35796702,-0.7305948
652.0,-4.3646297,2.2361844,8.746018,-2.4556782,0.48747048,-0.81000733
663.0,-4.2185836,1.3215994,9.270349,-2.8124237,0.6169739,-0.906524
673.0,-3.8905778,0.18914193,9.598354,-3.0017917,0.7318166,-0.9822713
684.0,-3.6487634,-1.103727,9.7324295,-3.0702088,0.83199847,-1.0042624
692.0,-3.5673606,-2.1499932,9.849746,-3.040887,0.93584555,-1.0079277
703.0,-3.6822822,-2.7988217,9.730036,-2.9394836,1.0360274,-1.0494665
712.0,-3.9240966,-3.1962593,9.435549,-2.814867,1.1239921,-1.1520919
723.0,-4.2185836,-3.3806129,9.165004,-2.7036896,1.1838568,-1.2840388
733.0,-4.4364557,-3.715801,9.059659,-2.6328292,1.2290609,-1.3744467
744.0,-4.417302,-4.295198,9.085996,-2.6096163,1.2669345,-1.3610078
752.0,-4.333505,-5.1810527,9.334992,-2.6267207,1.2950343,-1.2302825
762.0,-4.27365,-6.2871737,9.828198,-2.6535985,1.3304645,-1.0372492
771.0,-4.369418,-7.204153,10.2495775,-2.64749,1.3878858,-0.88453287
784.0,-4.6710877,-7.967903,10.409989,-2.565634,1.4526376,-0.79412484
792.0,-5.070919,-8.674192,10.465055,-2.4019222,1.518611,-0.7122689
804.0,-5.422867,-9.131485,10.575189,-2.1930063,1.5723672,-0.58032197
814.0,-5.499481,-9.600749,10.589554,-1.9547688,1.627345,-0.37751472
824.0,-5.351041,-10.206482,10.608707,-1.6639969,1.6982054,-0.1160644
832.0,-5.374983,-10.647015,10.359711,-1.3072516,1.7666223,0.15882497
843.0,-5.425261,-10.740389,10.022128,-0.93218035,1.8619173,0.4092797
853.0,-5.746084,-10.426748,9.866506,-0.5888741,1.9975294,0.6047566
864.0,-5.971139,-10.055647,9.423578,-0.3481932,2.1233675,0.7623598
872.0,-6.2512608,-9.720459,8.767567,-0.28588495,2.2272146,0.9272934
884.0,-6.253655,-9.524135,8.236053,-0.3921755,2.3383923,1.1166617
893.0,-6.3542113,-9.727641,7.7093296,-0.61208695,2.4581218,1.3231341
903.0,-6.157887,-10.263943,7.369353,-0.89919364,2.5692992,1.5515977
912.0,-6.145916,-10.788273,6.8282633,-1.1801916,2.6645942,1.8264871
924.0,-6.0285997,-11.295844,6.519411,-1.3390167,2.7586675,2.1331415
932.0,-5.849035,-12.176909,6.26802,-1.3267993,2.8307495,2.4361305
943.0,-5.8634,-12.588713,5.8203044,-1.1826351,2.8845057,2.7623327
952.0,-5.753267,-13.206416,5.391742,-0.90041536,2.9223793,3.073874
964.0,-5.6910176,-13.912706,4.7261543,-0.5204572,2.9700267,3.3585372
974.0,-5.3127337,-13.354857,3.8235402,-0.118507855,2.9883528,3.7226129
985.0,-4.642357,-12.181698,2.9233203,0.3848451,2.9712486,4.025602
992.0,-3.9240966,-11.346122,1.8459295,0.956615,2.9407053,4.159992
1003.0,-3.241749,-10.240001,0.93613285,1.3487904,2.973692,4.3371434
1012.0,-2.566584,-9.562442,0.5243302,1.5027285,3.0677652,4.547281
1024.0,-1.9871874,-9.380483,0.2633622,1.4257594,3.182608,4.745201
1032.0,-1.1300632,-8.949526,-0.15083471,1.1508701,3.313333,5.035973
1067.0,-0.22266077,-8.817844,-0.6799533,0.9419542,3.3658676,5.2705455
1067.0,0.32561144,-8.4826565,-1.3024458,0.8723156,3.4281757,5.500231
1067.0,1.0510546,-7.0605006,-1.5777789,0.8918633,3.5735617,5.776342
1074.0,1.8483237,-5.377377,-1.9871874,1.0372492,3.6688566,5.8728585
1084.0,2.4301147,-3.1866825,-2.7150247,1.0714576,3.7971385,6.1856213
1091.0,3.083732,-0.47644615,-3.4404678,1.0714576,3.7971385,6.1856213
1105.0,3.2824504,2.3630772,-4.268862,0.86009824,3.835012,6.3444467
1113.0,2.9113493,5.317522,-4.721366,0.4654793,3.893655,6.476393
1122.0,1.9752164,8.485051,-4.9200845,-0.14538592,3.9327505,6.6914177
1132.0,0.58897364,11.257536,-5.073313,-0.9407325,3.8508945,7.01762
1142.0,-0.770933,13.278243,-5.2026005,-1.8435913,3.6187658,7.324274
1152.0,-1.9656396,15.028404,-3.9264908,-2.765998,3.2937853,7.6223764
1164.0,-3.1675289,22.079329,-0.39264908,-4.574159,2.5998425,8.045095
1173.0,-4.1012673,26.06328,-0.31124622,-4.8075094,2.0292943,8.006
1183.0,-0.11492168,16.364368,-0.016759412,-3.2901201,1.2986995,7.338935
1193.0,3.9193082,12.155362,-0.0023942017,-0.643852,0.5900958,5.8960714
1204.0,4.582502,27.741615,-5.7604494,2.20278,-0.38606682,2.1270328
1213.0,1.8148049,41.209,-8.23366,5.272989,-1.1899655,-3.3927455
1225.0,-0.4333505,34.715923,-9.871294,6.309016,-1.1459832,-5.5197783
1232.0,-1.7932571,26.563667,-10.158598,3.794695,-1.1618657,-3.7152824
1243.0,-2.7724855,18.739416,-9.033323,0.9578367,-1.3561208,-2.3090706
1253.0,-3.490746,13.429077,-7.7811556,-0.10873401,-1.3170254,-3.0262265
1263.0,-3.2632968,12.595895,-7.381324,-0.14782938,-1.6029104,-4.732984
1272.0,-2.4253263,14.267048,-7.1706343,-0.062308256,-2.316401,-5.8985147
1285.0,-1.2952632,16.170439,-6.289568,0.0,-2.9297097,-6.188065
1294.0,-0.35673606,15.976508,-5.4922986,-0.028099801,-3.3011158,-6.1172047
1304.0,0.18674773,14.293385,-4.63278,-0.3921755,-3.450167,-6.030462
1312.0,-0.045489833,12.653356,-3.8762126,-1.1068878,-3.4623842,-6.081774
1324.0,-0.5602432,11.269507,-2.5450363,-1.7324139,-3.3524284,-6.3664374
1333.0,-0.7278373,10.060435,-1.4820108,-1.9853121,-3.2632422,-6.7928214
1345.0,-0.51714754,8.224083,-0.79248077,-1.8936822,-3.3169982,-7.2008796
1352.0,-0.34955344,6.0764837,0.17238252,-1.6493362,-3.2852333,-7.59672
1363.0,0.14604631,3.406949,0.29688102,-1.3487904,-3.196047,-7.9363613
1372.0,0.6895301,0.40222588,-0.60094464,-1.1569787,-3.1520646,-8.156273
1384.0,1.0079589,-1.3239936,-1.8626889,-1.0140363,-3.145956,-8.290663
1392.0,1.4820108,-2.0350714,-2.2290018,-0.72326446,-3.0750957,-8.425054
1405.0,3.0550013,-2.906561,-1.9991584,-0.073303826,-3.1227431,-8.593653
1412.0,5.8562174,-3.5362358,-1.3670892,0.7330383,-3.2766812,-8.724378
1422.0,9.598354,-4.378995,0.4165911,1.4953982,-3.3927455,-8.757364
1434.0,14.492103,-5.116409,1.9057846,1.8081611,-3.4660494,-8.688948
1443.0,19.833567,-7.8290396,3.6487634,1.5992452,-3.7446039,-8.516684
1452.0,25.019407,-12.761095,7.2687964,1.1728612,-4.034154,-8.360302
1465.0,25.457546,-18.112135,12.615048,1.518611,-3.843564,-8.7072735
1472.0,19.764135,-21.65316,16.369158,3.3121114,-2.846632,-9.254608
1484.0,12.579136,-24.128765,13.584701,6.0976567,-1.6554449,-9.044471
1494.0,4.596867,-31.73275,4.63278,8.449488,-0.9443977,-7.7225585
1504.0,-4.4915223,-28.476635,1.5921441,8.504466,-1.0177015,-5.710368
1513.0,-10.448297,-11.066,5.2720323,5.9913664,-0.14660765,-3.4025195
1525.0,-11.547235,1.7860745,9.9550905,4.4666467,0.7672467,-2.2284365
1534.0,-2.731784,6.8665705,9.275137,2.0977113,-0.7305948,-1.2999213
1544.0,3.9552212,2.1883004,8.511387,-0.9224065,-1.5393804,0.752586
1553.0,4.185065,-7.61835,7.314286,-3.5369098,-0.829555,3.28279
1563.0,0.94570965,-21.461624,7.627927,-5.3890533,-0.20158553,4.690223
1574.0,0.31364042,-16.7235,8.939949,-6.3749895,0.45204028,3.2559118
1586.0,-2.9855695,-11.786655,9.861717,-5.010317,0.8918633,0.2565634
1592.0,-6.399701,-9.306262,9.636662,-2.4593434,0.71837753,-1.2046263
1604.0,-7.1754227,-7.4387846,8.978256,-0.9101892,0.05375614,-1.0360274
1613.0,-5.5856724,-6.7133417,9.346964,-0.40317106,-0.3323107,-0.50823987
1623.0,-3.3375173,-7.297527,9.722853,-0.14782938,-0.50701815,-0.11484267
1632.0,-2.1906946,-8.542512,9.691729,0.26389378,-0.5766568,0.09407325
1644.0,-2.3080103,-8.858546,9.500193,0.79901177,-0.4972443,0.032986723
1654.0,-2.9496565,-7.845799,9.064447,1.2498302,-0.4251622,-0.3042109
1664.0,-3.5529952,-6.495469,8.746018,1.5515977,-0.37140608,-0.63285637
1673.0,-3.9097314,-5.9160724,8.6574335,1.632232,-0.27488935,-0.6560693
1685.0,-3.8546648,-5.841852,8.224083,1.4587462,-0.19058995,-0.43004912
1692.0,-3.5290532,-6.133945,7.920019,1.1093313,-0.119729586,-0.21013765
1706.0,-3.5170822,-6.682217,7.702147,0.6939429,-0.013439035,-0.15149458
1713.0,-3.6296098,-6.9743094,7.371747,0.2932153,0.12217305,-0.24678956
1723.0,-3.8953662,-7.165846,6.993463,-0.037873644,0.2443461,-0.3640757
1733.0,-4.0054994,-7.120356,6.6750345,-0.23701571,0.312763,-0.3726278
1743.0,-4.0773253,-7.055712,6.31351,-0.2932153,0.3323107,-0.26145032
1753.0,-3.8953662,-7.043741,5.7724204,-0.25167647,0.29932398,-0.10140363
1764.0,-3.6966474,-6.993463,5.4683566,-0.21135938,0.2724459,0.032986723
1774.0,-3.6535518,-7.1347213,5.379771,-0.24190263,0.2773328,0.087964594
1786.0,-3.5865142,-7.2544312,5.3366756,-0.3323107,0.28099802,0.061086524
1792.0,-3.5075054,-7.52737,5.470751,-0.40317106,0.26267207,-0.002443461
1805.0,-3.4476504,-7.821857,5.482722,-0.38362336,0.23090707,-0.05131268
1815.0,-3.4811692,-8.051701,5.3462524,-0.27000242,0.18936823,-0.06963864
1826.0,-3.4356794,-8.046912,5.2409077,-0.080634214,0.14660765,-0.06963864
1833.0,-3.4237084,-7.6710224,5.1020436,0.14172074,0.09285152,-0.06841691
1844.0,-3.4284968,-7.335834,4.9919105,0.3286455,0.037873644,-0.057421334
1853.0,-3.3854012,-7.067683,5.070919,0.41783184,0.0012217305,-0.02565634
1864.0,-3.3566709,-6.943185,5.2504845,0.38606682,-0.015882496,0.021991149
1874.0,-3.289633,-6.909666,5.2983685,0.27488935,-0.013439035,0.061086524
1885.0,-3.1723173,-6.993463,5.434838,0.15393804,-0.010995574,0.087964594
1894.0,-3.1794999,-7.101202,5.530606,0.06841691,0.002443461,0.105068825
1904.0,-3.289633,-7.225701,5.509058,0.02687807,0.018325957,0.112399206
1913.0,-3.3638535,-7.141904,5.475539,0.02565634,0.021991149,0.11728613
1923.0,-3.3901896,-7.055712,5.3079453,0.056199603,0.028099801,0.12095132
1934.0,-3.3423057,-6.7923503,5.2983685,0.09285152,0.019547688,0.13194689
1944.0,-3.277662,-6.540959,5.269638,0.095294975,0.0061086523,0.1600467
1952.0,-3.2704794,-6.5146227,5.485116,0.06352998,0.010995574,0.1881465
1963.0,-3.359065,-6.5457473,5.6790466,0.028099801,0.015882496,0.19547687
1973.0,-3.3063924,-6.694188,5.7125654,0.035430185,0.007330383,0.19181168
1985.0,-3.3758245,-6.6367273,5.66947,0.18692477,-0.04886922,0.20525073
1993.0,-3.3255463,-6.447585,5.6215854,0.18692477,-0.04886922,0.20525073
2006.0,-3.265691,-6.169858,5.6239796,0.26389378,-0.07086037,0.21502456
2012.0,-3.323152,-6.009446,5.753267,0.28099802,-0.07941248,0.21991149
2023.0,-3.4380736,-5.9663506,6.0645127,0.23457226,-0.089186326,0.21502456
2034.0,-3.442862,-6.215348,6.3661823,0.07696902,-0.0720821,0.15515977
2058.0,-3.4500446,-6.2823853,6.1746464,0.06841691,-0.095294975,0.12095132
2058.0,-3.3973722,-6.3206925,6.160281,0.09407325,-0.103847094,0.09896017
2063.0,-3.4141316,-6.315904,6.090849,0.10140363,-0.10140363,0.080634214
2072.0,-3.5434184,-6.3829417,6.229713,0.07086037,-0.0842994,0.05375614
2086.0,-3.6296098,-6.38773,6.4140663,0.03176499,-0.04642576,0.018325957
2094.0,-3.6583402,-6.50744,6.6965823,0.035430185,-0.028099801,-0.0036651916
2102.0,-3.5769374,-6.7324953,6.8402343,0.089186326,-0.028099801,0.008552114
2113.0,-3.3997664,-6.775591,6.766014,0.18692477,-0.04642576,0.030543262
2123.0,-3.2992098,-6.5625067,6.519411,0.29443705,-0.065973446,0.028099801
2133.0,-3.193865,-6.279991,6.227319,0.3567453,-0.07696902,0.0012217305
2144.0,-3.1483753,-6.1626754,6.093243,0.3200934,-0.06841691,-0.021991149
2153.0,-3.13401,-6.1530986,6.145916,0.17470746,-0.02443461,-0.030543262
2163.0,-3.1244333,-6.220136,6.399701,-0.012217305,0.013439035,-0.035430185
2173.0,-3.25372,-6.505046,6.742072,-0.1563815,0.04153884,-0.040317107
2186.0,-3.2585084,-6.825869,6.8905125,-0.18936823,0.061086524,-0.034208454
2193.0,-3.3638535,-6.9000893,6.885724,-0.10751228,0.02565634,0.0012217305
2203.0,-3.1890767,-6.847417,6.742072,0.037873644,-0.004886922,0.05009095
2214.0,-3.1172507,-6.576872,6.5241995,0.19425514,-0.037873644,0.080634214
2224.0,-3.0214825,-6.337452,6.4643445,0.2919936,-0.05009095,0.08552113
2233.0,-3.0502129,-6.0860605,6.519411,0.29932398,-0.030543262,0.07941248
2244.0,-3.157952,-5.9567738,6.495469,0.2321288,0.002443461,0.073303826
2255.0,-3.2968156,-6.0166287,6.5984197,0.13316862,0.042760566,0.06841691
2264.0,-3.4093432,-5.9998693,6.71813,0.032986723,0.058643065,0.065973446
2273.0,-3.3997664,-6.1507044,6.7827735,-0.05009095,0.0720821,0.07086037
2285.0,-3.5697548,-6.253655,6.7564373,-0.08307768,0.07941248,0.07574729
2293.0,-3.5290532,-6.327875,6.691794,-0.04886922,0.089186326,0.07574729
2305.0,-3.526659,-6.5002575,6.5457473,0.04153884,0.07086037,0.07819075
2313.0,-3.5170822,-6.3422403,6.4619503,0.14172074,0.062308256,0.080634214
2322.0,-3.4979286,-6.1938,6.409278,0.22235495,0.06352998,0.06352998
2332.0,-3.4500446,-6.0046577,6.3566055,0.26633725,0.052534413,0.03176499
2342.0,-3.3518825,-5.93762,6.4044895,0.25289822,0.06352998,0.002443461
2352.0,-3.3638535,-6.0046577,6.325481,0.2003638,0.07086037,-0.019547688
2364.0,-3.3494883,-6.066907,6.232107,0.12583824,0.07819075,-0.037873644
2372.0,-3.502717,-6.0501475,6.196194,0.05497787,0.09162979,-0.05375614
2385.0,-3.4452562,-6.179435,6.172252,0.002443461,0.10140363,-0.062308256
2393.0,-3.4332852,-6.4044895,6.133945,-0.02076942,0.095294975,-0.05375614
2403.0,-3.5075054,-6.579266,6.26802,-0.010995574,0.09285152,-0.035430185
2414.0,-3.5673606,-6.555324,6.2847795,0.040317107,0.09040806,-0.02687807
2426.0,-3.572149,-6.5026517,6.3087215,0.12705997,0.06841691,-0.02443461
2434.0,-3.6128504,-6.220136,6.2823853,0.20647246,0.039095376,-0.0061086523
2444.0,-3.5314474,-6.0142345,6.2129536,0.23579398,0.034208454,0.02321288
2454.0,-3.4596214,-5.9639564,6.0980315,0.21135938,0.034208454,0.04642576
2463.0,-3.5003228,-5.8681884,6.0477533,0.13927728,0.035430185,0.062308256
2473.0,-3.5362358,-5.9184666,6.033388,0.037873644,0.04520403,0.0720821
2485.0,-3.5769374,-5.9926867,6.0597243,-0.057421334,0.062308256,0.0720821
2494.0,-3.572149,-6.1746464,6.145916,-0.1160644,0.06963864,0.06841691
2504.0,-3.5362358,-6.196194,6.1650696,-0.118507855,0.06352998,0.06841691
2514.0,-3.526659,-6.208165,6.2105594,-0.07941248,0.058643065,0.0720821
2525.0,-3.5314474,-6.1076083,6.1938,-0.02443461,0.034208454,0.073303826
2536.0,-3.4572272,-5.9902925,6.1507044,0.010995574,0.02321288,0.064751714
2547.0,-3.4859576,-5.9759274,6.019023,0.017104227,0.02687807,0.05131268
2556.0,-3.5051112,-5.9926867,6.117185,0.0,0.004886922,0.037873644
2566.0,-3.5242648,-6.0501475,6.167464,-0.039095376,0.017104227,0.02076942
2576.0,-3.514688,-6.0884547,6.3111157,-0.06352998,0.0,0.009773844
2587.0,-3.5051112,-6.169858,6.447585,-0.06841691,0.007330383,0.008552114
2596.0,-3.4691982,-6.217742,6.4404025,-0.04520403,0.0036651916,0.012217305
2607.0,-3.41892,-6.105214,6.3661823,-0.004886922,-0.0036651916,0.015882496
2616.0,-3.3973722,-6.0238113,6.227319,0.032986723,-0.018325957,0.018325957
2625.0,-3.3207579,-5.98311,6.1890116,0.028099801,-0.02076942,0.017104227
2634.0,-3.2202013,-5.959168,6.291962,-0.029321533,-0.009773844,0.009773844
2644.0,-3.25372,-6.0477533,6.409278,-0.1001819,-0.013439035,0.0012217305
2654.0,-3.3255463,-6.279991,6.5864487,-0.1441642,-0.0036651916,-0.007330383
2665.0,-3.442862,-6.3805475,6.703765,-0.13072516,0.002443461,-0.017104227
2675.0,-3.490746,-6.397307,6.658275,-0.062308256,-0.007330383,-0.018325957
2685.0,-3.4691982,-6.2847795,6.5744777,0.030543262,-0.02687807,-0.010995574
2696.0,-3.4261026,-6.184223,6.457162,0.112399206,-0.047647487,-0.002443461
2706.0,-3.4524388,-6.045359,6.5744777,0.14538592,-0.042760566,-0.0012217305
2715.0,-3.4500446,-6.007052,6.6846113,0.13439035,-0.032986723,-0.009773844
2725.0,-3.466804,-6.0357823,6.6870055,0.103847094,-0.013439035,-0.02076942
2734.0,-3.5697548,-6.0836663,6.679823,0.080634214,-0.0036651916,-0.02687807
2746.0,-3.550601,-6.0405707,6.6271505,0.064751714,0.0,-0.028099801
2754.0,-3.5913026,-6.021417,6.5457473,0.04886922,0.008552114,-0.03176499
2766.0,-3.4811692,-6.0740895,6.5385647,0.03176499,0.012217305,-0.035430185
2775.0,-3.5577838,-6.1770406,6.6056023,0.010995574,0.028099801,-0.036651913
2786.0,-3.4213142,-6.363788,6.7923503,0.002443461,0.040317107,-0.04520403
2795.0,-3.5745432,-6.4068837,6.751649,0.02565634,0.040317107,-0.062308256
2804.0,-3.3997664,-6.3063273,6.7708025,0.08307768,0.02687807,-0.073303826
2814.0,-3.2968156,-6.2823853,6.6271505,0.14294247,0.009773844,-0.06841691
2827.0,-3.205836,-6.1123967,6.4978633,0.16371189,0.0012217305,-0.056199603
2835.0,-3.2752678,-6.0716953,6.4523735,0.13561209,0.010995574,-0.05375614
2847.0,-3.4165258,-6.0860605,6.5241995,0.07452556,0.039095376,-0.061086524
2855.0,-3.3638535,-6.256049,6.5122285,0.014660766,0.052534413,-0.05375614
2864.0,-3.4931402,-6.349423,6.5864487,-0.013439035,0.064751714,-0.02565634
2875.0,-3.4404678,-6.4547677,6.4882865,0.065973446,0.05497787,0.007330383
2887.0,-3.4859576,-6.3063273,6.399701,0.12950343,0.043982297,0.007330383
2895.0,-3.4165258,-6.1530986,6.3542113,0.16493362,0.035430185,0.008552114
2905.0,-3.4452562,-6.0645127,6.337452,0.1563815,0.035430185,0.010995574
2915.0,-3.5577838,-5.9807158,6.38773,0.1160644,0.034208454,0.012217305
2924.0,-3.596091,-6.05733,6.3829417,0.06841691,0.037873644,0.013439035
2934.0,-3.5242648,-6.1890116,6.409278,0.037873644,0.037873644,0.017104227
2945.0,-3.560178,-6.2704144,6.327875,0.040317107,0.03176499,0.02321288
2955.0,-3.5362358,-6.3063273,6.361394,0.06963864,0.02687807,0.02443461
2967.0,-3.4500446,-6.2105594,6.4068837,0.105068825,0.02321288,0.014660766
2974.0,-3.4165258,-6.136339,6.339846,0.12339478,0.019547688,-0.0036651916
2988.0,-3.4237084,-6.131551,6.4523735,0.119729586,0.015882496,-0.015882496
2995.0,-3.466804,-6.019023,6.4284315,0.096516706,0.019547688,-0.02076942
3007.0,-3.442862,-5.995081,6.4380083,0.06719518,0.015882496,-0.018325957
