34.0,-3.6008794,-0.9768343,9.184157,0.004886922,-0.015882496,0.0012217305
50.0,-4.0797195,-1.0175357,9.287108,0.15393804,0.13194689,-0.07452556
50.0,-3.881001,-0.94092125,9.19134,-0.036651913,-0.28344148,-0.27000242
57.0,-3.550601,-0.82360536,9.11712,-0.07941248,-0.39095375,-0.31520647
69.0,-3.5673606,-0.7517793,9.01417,0.04642576,0.408058,0.05497787
78.0,-3.6272156,-0.6799533,8.983045,0.015882496,0.4605924,0.080634214
89.0,-3.8019924,-0.7086837,9.040505,-0.1001819,0.18325958,-0.06719518
97.0,-3.833117,-0.8499416,9.176975,-0.13072516,0.19792034,-0.065973446
108.0,-3.7493198,-0.79008657,9.234436,-0.14294247,0.20647246,-0.047647487
118.0,-3.881001,-0.8882488,9.284714,-0.15271631,0.22113322,-0.034208454
128.0,-3.7924154,-0.91937345,9.217676,-0.1685988,0.23823744,-0.032986723
137.0,-3.9264908,-0.92655605,9.088389,-0.19303341,0.25534168,-0.030543262
149.0,-3.9600096,-1.0390835,9.081207,-0.21380283,0.27122417,-0.02443461
157.0,-3.86903,-1.1707647,9.155427,-0.21624629,0.2846632,-0.019547688
168.0,-3.8738184,-1.316811,9.234436,-0.19547687,0.30787608,-0.012217305
178.0,-3.9624038,-1.316811,9.26556,-0.15271631,0.3286455,0.0
189.0,-4.086902,-1.1540052,9.198523,-0.09896017,0.3408628,0.012217305
198.0,-4.144363,-1.1492168,9.062054,-0.05375614,0.33841935,0.028099801
209.0,-3.9097314,-0.92176765,8.973468,-0.05131268,0.33964106,0.04642576
218.0,-3.9312792,-0.94570965,8.89446,-0.09040806,0.3555236,0.052534413
230.0,-4.0342298,-0.92895025,8.860941,-0.13683382,0.3933972,0.04520403
238.0,-4.2281604,-0.92416185,8.916007,-0.17837265,0.4202753,0.036651913
248.0,-4.211401,-1.0031705,8.844181,-0.22357668,0.43127087,0.039095376
257.0,-4.1706996,-1.1061212,8.65025,-0.26267207,0.44104472,0.05131268
269.0,-4.2161894,-1.0749966,8.599973,-0.29565877,0.4447099,0.064751714
280.0,-4.2305546,-1.127669,8.451532,-0.3213151,0.45204028,0.06963864
289.0,-4.3742065,-1.1204864,8.422802,-0.344528,0.44837508,0.06841691
298.0,-4.3837833,-1.127669,8.293514,-0.36651915,0.44593164,0.062308256
308.0,-4.465186,-1.0390835,8.1881695,-0.37995818,0.43493605,0.059864793
318.0,-4.450821,-1.1180922,8.106767,-0.38973203,0.42271876,0.061086524
329.0,-4.5154643,-1.1875241,8.099585,-0.39950588,0.40683624,0.06963864
338.0,-4.534618,-1.1683705,7.97748,-0.4129449,0.39584067,0.07574729
348.0,-4.5992613,-1.1540052,7.908048,-0.42760566,0.37751472,0.07574729
358.0,-4.5394063,-1.0079589,7.8410106,-0.44348818,0.35185838,0.064751714
368.0,-4.582502,-0.9504981,7.61835,-0.46303585,0.32742378,0.04642576
378.0,-4.608838,-0.7637503,7.517793,-0.49846604,0.30176744,0.02687807
390.0,-4.620809,-0.6943185,7.3525934,-0.5644395,0.27977628,0.008552114
398.0,-4.6926355,-0.62488663,7.2209125,-0.65484756,0.2602286,-0.013439035
408.0,-4.7429137,-0.6871359,7.1490865,-0.7440339,0.23823744,-0.042760566
418.0,-4.819528,-0.79726917,7.1347213,-0.8197812,0.20647246,-0.07574729
428.0,-4.8003745,-0.8882488,7.1993647,-0.8735373,0.17104226,-0.10629055
438.0,-4.8099513,-0.89064306,7.4028716,-0.9101892,0.13683382,-0.13072516
449.0,-4.711789,-1.0319009,7.48188,-0.9260717,0.10140363,-0.1563815
459.0,-4.7668557,-1.2737153,7.831434,-0.9272934,0.07574729,-0.18325958
468.0,-4.6830587,-1.508347,8.073248,-0.9089675,0.06841691,-0.2003638
478.0,-4.8003745,-1.7022774,8.477868,-0.8417723,0.06719518,-0.21380283
489.0,-4.8482585,-1.8195933,8.980651,-0.70738196,0.056199603,-0.23090707
498.0,-4.9224787,-1.4077905,9.421184,-0.52412236,0.037873644,-0.2565634
509.0,-4.975151,-0.8690952,9.825804,-0.34208453,0.028099801,-0.2883284
518.0,-4.8865657,-0.5554548,10.192117,-0.2321288,0.039095376,-0.3115413
528.0,-4.8506527,-0.34955344,10.613496,-0.2565634,0.09773844,-0.3213151
538.0,-4.8937483,-0.35913026,10.840945,-0.39706242,0.21135938,-0.32498032
549.0,-5.058948,-0.7422025,10.955867,-0.5839872,0.3481932,-0.344528
558.0,-5.3127337,-1.2425907,11.27669,-0.7892379,0.4972443,-0.36041048
569.0,-5.6120086,-2.0973208,11.851298,-0.9969321,0.675617,-0.34574974
578.0,-5.8203044,-3.157952,12.39957,-1.1643091,0.8686504,-0.29932398
590.0,-6.0142345,-4.1922474,12.962208,-1.2583824,1.0567969,-0.22235495
598.0,-6.1123967,-5.1571107,13.472173,-1.2461652,1.2363913,-0.111177474
609.0,-6.030994,-5.9304376,13.508086,-1.1227703,1.4037683,0.019547688
618.0,-6.114791,-6.4547677,13.268666,-0.9505063,1.5540411,0.14905111
633.0,-6.2704144,-6.3829417,12.840104,-0.8185594,1.7116444,0.2602286
640.0,-6.4164605,-6.007052,12.198458,-0.77457714,1.8802432,0.32986724
652.0,-6.5337763,-5.6551046,11.801021,-0.82833326,2.058616,0.3811799
661.0,-6.579266,-5.8107276,11.374852,-0.9639453,2.2565362,0.49480084
671.0,-6.493075,-6.703765,11.389217,-1.1484267,2.4544566,0.7171558
680.0,-6.2704144,-8.147469,11.171345,-1.3475688,2.6401596,1.0177015
694.0,-6.1100025,-9.801862,11.068395,-1.4941764,2.7904325,1.3426818
702.0,-6.1100025,-11.398794,10.953473,-1.5259414,2.9345965,1.6639969
711.0,-6.2847795,-13.223176,10.455479,-1.3805555,3.0665436,1.9999728
721.0,-6.2105594,-13.781025,9.648633,-1.0458013,3.1239648,2.42147
732.0,-5.884948,-13.347674,8.8777,-0.47036624,3.1264083,2.9150488
742.0,-5.590461,-12.294226,8.070854,0.28710666,3.1093042,3.3829718
753.0,-5.279215,-11.034876,7.2352777,0.93584555,3.1227431,3.8166862
760.0,-5.0637364,-9.485827,6.069301,1.2351695,3.2131512,4.244292
772.0,-4.8123455,-8.192958,4.8865657,1.1899655,3.3169982,4.6535716
782.0,-4.7141833,-6.8761473,3.2489316,0.9053023,3.3744197,5.0286427
792.0,-4.618415,-5.57849,1.532289,0.49235737,3.3964107,5.3805013
801.0,-4.5537715,-4.134786,-0.20111294,0.04153884,3.3560936,5.7238073
813.0,-4.24492,-2.1045034,-1.7429788,-0.43127087,3.2693508,6.101322
822.0,-4.213795,-0.32800564,-3.3159695,-0.8014552,3.0799825,6.476393
831.0,-4.2784386,1.4389153,-4.6591167,-1.0433578,2.8319712,6.8294735
841.0,-4.3885717,3.2800562,-5.0876784,-1.2119566,2.6120598,7.182554
852.0,-4.450821,5.693412,-4.5178585,-1.2302825,2.3542747,7.516086
862.0,-4.2425256,8.037335,-3.2848446,-1.028697,2.0744984,7.72378
872.0,-4.0342298,9.203311,-1.7070658,-0.50823987,1.8704693,7.7482147
880.0,-3.596091,10.070012,-0.7230489,0.23701571,1.6603317,7.593055
894.0,-2.7389667,12.1840925,-0.45010993,1.9682078,1.1264355,6.549697
902.0,-1.3862427,17.362751,-0.9624691,1.9682078,1.1264355,6.549697
911.0,-0.7757214,20.008343,-3.1771057,3.2950072,0.9627236,5.2241197
921.0,-1.127669,21.205444,-6.5984197,4.6975536,1.0519099,3.7446039
933.0,-2.7940333,25.323471,-10.400413,5.07629,0.906524,2.656042
941.0,-5.2145715,29.731197,-11.796232,4.7354274,0.7318166,1.5919148
952.0,-6.691794,30.248344,-11.295844,3.8325686,0.6414085,0.43127087
961.0,-6.007052,25.390509,-10.551247,2.3994787,0.44959682,-0.4288274
972.0,-4.7381253,18.049887,-7.869741,0.28099802,-0.3005457,-1.9547688
982.0,-4.036624,17.781736,-6.6965823,0.1685988,-0.6939429,-3.0274482
995.0,-3.7014358,17.899052,-5.686229,0.1881465,-1.1007792,-3.8166862
1001.0,-2.9999347,16.213533,-5.0134583,0.18325958,-1.4709635,-4.298048
1012.0,-2.3822308,14.037205,-4.441244,0.02443461,-1.772731,-4.615698
1020.0,-1.9129672,11.580753,-3.8379054,-0.25900686,-1.9889772,-4.9516735
1031.0,-1.5298948,9.540894,-3.4859576,-0.5204572,-2.1832323,-5.2974234
1040.0,-1.2210429,7.398083,-2.846706,-0.7806858,-2.398257,-5.5784216
1069.0,-0.8810662,4.685453,-3.0430303,-1.0396926,-2.5363126,-5.742133
1069.0,-0.8403648,2.4301147,-3.1962593,-1.328021,-2.557082,-5.8594193
1073.0,-1.3790601,0.59855044,-3.2824504,-1.5735888,-2.4544566,-6.1001005
1080.0,-1.3024458,-0.78050977,-2.5354595,-1.6151277,-2.4165828,-6.4299674
1091.0,-0.5530606,-1.3862427,-2.0111294,-1.382999,-2.4947736,-6.7073
1101.0,0.85473,-1.2354081,-0.45729253,-0.8344419,-2.6279423,-6.796487
1112.0,2.8060043,-1.0390835,1.2378023,-0.028099801,-2.8099802,-6.649879
1120.0,4.975151,-1.6543933,2.4708161,0.7257079,-3.0042353,-6.3481116
1130.0,6.622362,-2.7581203,3.0502129,1.1203269,-3.1740558,-6.043901
1140.0,7.431602,-4.759673,3.5793316,0.9456194,-3.167947,-5.9143972
1150.0,7.7691846,-5.875371,3.9791632,0.41905355,-3.0677652,-6.1404176
1160.0,8.212111,-5.8226986,4.3861775,-0.014660766,-2.9907963,-6.6511006
1172.0,8.535329,-6.421249,6.0860605,0.018325957,-2.8771753,-6.9711943
1181.0,9.141062,-8.762778,9.631873,0.57910025,-2.734233,-6.8355823
1192.0,9.289502,-13.376405,14.128184,1.6224581,-2.502104,-6.3053513
1200.0,7.845799,-17.161638,15.05474,3.136182,-2.0647244,-5.572313
1211.0,3.7828386,-16.668432,10.972627,5.084842,-1.4330899,-4.946787
1221.0,-1.0079589,-12.588713,5.544971,6.9394293,-1.0030408,-4.6535716
1232.0,-5.3079453,-6.3709707,3.3854012,7.3548174,-0.85154617,-4.393343
1241.0,-8.532935,-0.08140286,4.534618,5.480683,-0.49846604,-3.503923
1252.0,-6.658275,1.316811,6.2823853,1.7373008,-0.31764993,-1.9022343
1262.0,-2.9999347,-1.6927006,8.1163435,-2.1600194,-0.63163465,-0.46914452
1272.0,-1.7022774,-7.3166804,9.698911,-4.5704937,-0.35308012,0.16982053
1281.0,-3.0358477,-13.687651,10.125079,-5.035973,0.15271631,0.20647246
1295.0,-5.341464,-13.520057,10.158598,-4.0646973,0.30787608,0.27366763
1304.0,-6.766014,-9.909601,9.792285,-2.1820107,0.26511553,0.5180137
1310.0,-5.9543796,-6.5840545,7.644686,-0.03176499,-0.23090707,0.64873886
1320.0,-5.0278234,-4.280833,6.4284315,1.1582005,-0.59498274,0.75991637
1332.0,-4.8243165,-3.2752678,5.8681884,1.2339478,-0.5705481,0.88697636
1342.0,-5.2744265,-3.371036,5.920861,0.7538077,-0.44104472,0.829555
1352.0,-5.9759274,-3.9384618,6.4739213,0.20280726,-0.29077184,0.50335294
1360.0,-6.244078,-4.4436383,7.1347213,-0.18936823,-0.2125811,0.061086524
1370.0,-6.399701,-4.8937483,7.7787614,-0.35796702,-0.21624629,-0.18570304
1381.0,-6.5505357,-5.4420204,8.336611,-0.31031954,-0.22724187,-0.17959438
1392.0,-6.38773,-5.7843914,8.566454,-0.06963864,-0.2443461,-0.13072516
1400.0,-6.0860605,-5.7029886,8.525752,0.30787608,-0.25534168,-0.16126843
1413.0,-6.1195793,-5.5042696,8.214506,0.7110472,-0.25534168,-0.19914207
1422.0,-6.1243677,-4.9344497,7.771579,0.9981538,-0.21380283,-0.18570304
1432.0,-6.0860605,-4.4005427,7.419631,1.0848967,-0.16249016,-0.1600467
1441.0,-5.9184666,-3.9360676,7.153875,0.9138544,-0.13439035,-0.14172074
1453.0,-5.6551046,-3.5889084,6.9288197,0.535118,-0.08307768,-0.12705997
1462.0,-5.6215854,-3.8283286,6.7708025,0.09162979,0.008552114,-0.1282817
1473.0,-5.803545,-4.426879,6.6510925,-0.31031954,0.11728613,-0.172264
1480.0,-5.9783216,-5.00867,6.6056023,-0.61575216,0.21991149,-0.25167647
1493.0,-6.1411276,-5.351041,6.543353,-0.75136423,0.2846632,-0.30176744
1500.0,-6.14831,-5.671864,6.409278,-0.68539083,0.29565877,-0.2724459
1511.0,-6.129156,-5.6790466,6.203377,-0.48258355,0.28344148,-0.18692477
1521.0,-5.9902925,-5.595249,5.9926867,-0.24312437,0.23579398,-0.10140363
1534.0,-5.920861,-5.303157,5.8442464,-0.05131268,0.19792034,-0.04642576
1543.0,-5.803545,-4.9943047,5.693412,0.04886922,0.17837265,-0.009773844
1552.0,-5.7963624,-4.865018,5.7125654,0.0720821,0.16371189,0.021991149
1560.0,-5.707777,-4.8865657,5.580884,0.04642576,0.13683382,0.05375614
1573.0,-5.74369,-5.0397944,5.523423,0.0,0.118507855,0.07941248
1582.0,-5.849035,-5.0374002,5.5401826,-0.039095376,0.13072516,0.08307768
1593.0,-5.837064,-5.1116204,5.4659624,-0.034208454,0.119729586,0.07696902
1600.0,-5.829881,-5.0182467,5.5018754,0.010995574,0.12095132,0.080634214
1612.0,-5.887342,-4.9655743,5.4180784,0.089186326,0.111177474,0.09407325
1623.0,-5.9543796,-4.855441,5.4563856,0.17104226,0.112399206,0.10262536
1632.0,-5.961562,-4.8003745,5.475539,0.22357668,0.112399206,0.10995574
1641.0,-5.959168,-4.7668557,5.386954,0.23701571,0.10751228,0.12339478
1654.0,-5.973533,-4.606444,5.377377,0.22602014,0.10995574,0.1441642
1663.0,-6.0022635,-4.6136265,5.341464,0.19792034,0.11728613,0.1563815
1672.0,-6.167464,-4.4699745,5.3486466,0.15515977,0.111177474,0.1600467
1682.0,-6.2009826,-4.369418,5.3342814,0.096516706,0.11484267,0.16126843
1694.0,-6.1507044,-4.355053,5.2959743,0.032986723,0.103847094,0.16615535
1703.0,-6.133945,-4.43885,5.341464,-0.029321533,0.09896017,0.1685988
1713.0,-6.179435,-4.522647,5.3127337,-0.07696902,0.10873401,0.1600467
1721.0,-6.2608376,-4.5154643,5.3965306,-0.09162979,0.10995574,0.13927728
1733.0,-6.2823853,-4.4819455,5.473145,-0.07819075,0.111177474,0.11484267
1743.0,-6.2991447,-4.5394063,5.434838,-0.040317107,0.09773844,0.10140363
1752.0,-6.1985884,-4.525041,5.3247046,0.013439035,0.07941248,0.096516706
1762.0,-6.2392898,-4.510676,5.3079453,0.056199603,0.07086037,0.09162979
1774.0,-6.2368956,-4.3502645,5.243302,0.073303826,0.07086037,0.07941248
1782.0,-6.3302693,-4.4101195,5.3127337,0.062308256,0.0720821,0.065973446
1794.0,-6.3206925,-4.465186,5.398925,-0.010995574,0.06719518,0.04153884
1802.0,-6.2345014,-4.5513773,5.451597,-0.010995574,0.06719518,0.04153884
1813.0,-6.1411276,-4.6519337,5.4803276,-0.014660766,0.05497787,0.039095376
1822.0,-6.167464,-4.5394063,5.398925,0.013439035,0.058643065,0.05375614
1834.0,-6.155493,-4.4125137,5.269638,0.034208454,0.05375614,0.07819075
1841.0,-6.191406,-4.19943,5.171476,-0.0012217305,0.04886922,0.09773844
1853.0,-6.1123967,-4.4101195,5.2385135,-0.2284636,0.056199603,0.09040806
1863.0,-6.1219735,-4.6806645,5.475539,-0.31764993,0.064751714,0.064751714
1872.0,-6.253655,-4.879383,5.5880666,-0.32498032,0.07086037,0.04153884
1882.0,-6.217742,-4.9679685,5.4779334,-0.2443461,0.052534413,0.034208454
1895.0,-6.244078,-4.84347,5.398925,-0.111177474,0.02443461,0.05131268
1902.0,-6.301539,-4.6591167,5.365406,0.010995574,0.009773844,0.0720821
1912.0,-6.2512608,-4.5274353,5.329493,0.07452556,-0.0061086523,0.07452556
1921.0,-6.325481,-4.5154643,5.33907,0.05497787,-0.017104227,0.062308256
1932.0,-6.3063273,-4.5537715,5.4659624,-0.015882496,-0.010995574,0.043982297
1942.0,-6.2728086,-4.6710877,5.559336,-0.07574729,-0.012217305,0.030543262
1954.0,-6.2752028,-4.829105,5.583278,-0.07819075,-0.021991149,0.032986723
1961.0,-6.136339,-4.9176903,5.616797,-0.032986723,-0.02687807,0.04642576
1973.0,-6.208165,-4.8626237,5.595249,0.03176499,-0.030543262,0.059864793
1983.0,-6.229713,-4.7548847,5.57849,0.095294975,-0.03176499,0.06719518
1994.0,-6.3063273,-4.661511,5.616797,0.12950343,-0.029321533,0.064751714
2001.0,-6.385336,-4.5872903,5.5856724,0.1282817,-0.018325957,0.057421334
2014.0,-6.3685765,-4.675876,5.6527104,0.10873401,-0.021991149,0.04886922
2023.0,-6.301539,-4.6112323,5.6215854,0.087964594,-0.018325957,0.047647487
2033.0,-6.2728086,-4.546589,5.6527104,0.07574729,-0.018325957,0.04886922
2044.0,-6.2464724,-4.594473,5.638345,0.05131268,-0.02321288,0.05009095
2073.0,-6.2704144,-4.6375685,5.7748146,0.010995574,-0.018325957,0.047647487
2073.0,-6.325481,-4.6830587,5.8226986,-0.02443461,-0.007330383,0.037873644
2073.0,-6.3709707,-4.7261543,5.861006,-0.034208454,-0.0012217305,0.028099801
2080.0,-6.339846,-4.759673,5.7389016,-0.009773844,0.002443461,0.03176499
2096.0,-6.2392898,-4.733337,5.681441,0.030543262,0.0,0.04886922
2100.0,-6.2129536,-4.620809,5.6120086,0.056199603,0.0,0.06719518
2112.0,-6.131551,-4.453215,5.5497594,0.047647487,0.012217305,0.07819075
2123.0,-6.155493,-4.4580035,5.494693,0.008552114,0.015882496,0.07696902
2132.0,-6.1507044,-4.4364557,5.485116,-0.052534413,0.03176499,0.065973446
2142.0,-6.1866174,-4.5537715,5.5042696,-0.10873401,0.039095376,0.05131268
2152.0,-6.2345014,-4.630386,5.628768,-0.13805555,0.040317107,0.04642576
2161.0,-6.2105594,-4.685453,5.7005944,-0.1282817,0.037873644,0.04520403
2172.0,-6.205771,-4.76925,5.705383,-0.07941248,0.014660766,0.047647487
2181.0,-6.1243677,-4.6806645,5.592855,-0.014660766,0.0,0.056199603
2195.0,-6.2105594,-4.656722,5.6000376,0.04642576,-0.0036651916,0.065973446
2200.0,-6.1938,-4.417302,5.5377884,0.08552113,-0.007330383,0.07086037
2212.0,-6.232107,-4.3622355,5.4420204,0.0842994,-0.013439035,0.073303826
2221.0,-6.2584434,-4.3622355,5.506664,0.037873644,-0.0061086523,0.0720821
2233.0,-6.217742,-4.453215,5.5497594,-0.030543262,0.0,0.065973446
2241.0,-6.1626754,-4.5681367,5.657499,-0.089186326,0.004886922,0.058643065
2254.0,-6.256049,-4.584896,5.57849,-0.10873401,0.008552114,0.05375614
2264.0,-6.205771,-4.5920787,5.5976434,-0.09040806,0.002443461,0.05497787
2273.0,-6.265626,-4.572925,5.6096144,-0.061086524,0.0,0.061086524
2283.0,-6.2991447,-4.453215,5.717354,-0.037873644,-0.0012217305,0.06719518
2295.0,-6.4020953,-4.5537715,5.793968,-0.021991149,0.0061086523,0.062308256
2302.0,-6.3326635,-4.6016555,5.7963624,0.0036651916,-0.0036651916,0.05131268
2314.0,-6.3589997,-4.5920787,5.7125654,0.04153884,-0.018325957,0.043982297
2323.0,-6.38773,-4.453215,5.6910176,0.07574729,-0.02076942,0.04520403
2332.0,-6.3446345,-4.367024,5.580884,0.08307768,-0.02076942,0.05131268
2343.0,-6.277597,-4.249708,5.5258174,0.035430185,-0.013439035,0.05131268
2351.0,-6.2488666,-4.3526587,5.556942,-0.065973446,0.007330383,0.036651913
2362.0,-6.2584434,-4.477157,5.66947,-0.17715092,0.02687807,0.013439035
2372.0,-6.337452,-4.5992613,5.801151,-0.24312437,0.039095376,-0.004886922
2383.0,-6.4308257,-4.783615,5.793968,-0.23457226,0.04520403,-0.004886922
2393.0,-6.421249,-4.8458643,5.791574,-0.15515977,0.028099801,0.012217305
2402.0,-6.3111157,-4.84347,5.6982,-0.043982297,0.014660766,0.040317107
2413.0,-6.244078,-4.6279917,5.449203,0.064751714,-0.0036651916,0.062308256
2423.0,-6.1507044,-4.4220905,5.425261,0.12705997,-0.008552114,0.06841691
2434.0,-6.169858,-4.331111,5.4204726,0.12705997,-0.002443461,0.059864793
2442.0,-6.1985884,-4.2305546,5.4324436,0.08307768,-0.0012217305,0.04886922
2454.0,-6.241684,-4.27365,5.5042696,0.015882496,0.0036651916,0.042760566
2463.0,-6.220136,-4.453215,5.580884,-0.04153884,-0.0036651916,0.04153884
2473.0,-6.253655,-4.606444,5.626374,-0.064751714,-0.0061086523,0.040317107
2482.0,-6.279991,-4.63278,5.6766524,-0.040317107,-0.018325957,0.04153884
2496.0,-6.229713,-4.5082817,5.554548,0.02076942,-0.029321533,0.052534413
2502.0,-6.241684,-4.31914,5.5258174,0.07452556,-0.039095376,0.07086037
2512.0,-6.1770406,-4.1419687,5.425261,0.07086037,-0.040317107,0.08307768
2522.0,-6.1243677,-4.1539397,5.499481,0.007330383,-0.047647487,0.081855945
2532.0,-6.1004257,-4.120421,5.530606,-0.09896017,-0.034208454,0.06963864
2542.0,-6.1866174,-4.3263226,5.681441,-0.19547687,-0.010995574,0.05131268
2553.0,-6.2392898,-4.462792,5.693412,-0.2406809,0.0012217305,0.039095376
2561.0,-6.26802,-4.5681367,5.6359506,-0.23579398,0.0061086523,0.043982297
2573.0,-6.2632318,-4.4580035,5.5880666,-0.19914207,0.0012217305,0.061086524
2582.0,-6.244078,-4.462792,5.506664,-0.15271631,0.002443461,0.07452556
2592.0,-6.3111157,-4.441244,5.604826,-0.10751228,-0.0036651916,0.07941248
2601.0,-6.3302693,-4.4125137,5.638345,-0.07819075,-0.0036651916,0.07941248
2613.0,-6.279991,-4.522647,5.686229,-0.04886922,-0.018325957,0.07574729
2623.0,-6.303933,-4.4244847,5.717354,-0.013439035,-0.030543262,0.06719518
2633.0,-6.375759,-4.453215,5.741296,0.034208454,-0.04153884,0.056199603
2643.0,-6.3685765,-4.357447,5.662287,0.080634214,-0.035430185,0.04642576
2654.0,-6.289568,-4.297592,5.674258,0.11362094,-0.04642576,0.039095376
2663.0,-6.2991447,-4.2401314,5.6239796,0.111177474,-0.04153884,0.029321533
2674.0,-6.241684,-4.3047748,5.571307,0.08552113,-0.040317107,0.017104227
2683.0,-6.265626,-4.3047748,5.659893,0.042760566,-0.030543262,0.002443461
2694.0,-6.2632318,-4.369418,5.683835,-0.05497787,0.0012217305,-0.019547688
2702.0,-6.2991447,-4.402937,5.815516,-0.05497787,0.0012217305,-0.019547688
2713.0,-6.3470287,-4.453215,5.78918,-0.0720821,0.004886922,-0.021991149
2724.0,-6.2752028,-4.51307,5.7269306,-0.02443461,-0.014660766,-0.004886922
2735.0,-6.2249246,-4.4556093,5.707777,-0.004886922,-0.014660766,0.0
2744.0,-6.179435,-4.3502645,5.6527104,-0.014660766,-0.012217305,-0.0012217305
2753.0,-6.2368956,-4.343082,5.695806,-0.057421334,-0.004886922,-0.0061086523
2764.0,-6.2368956,-4.285621,5.7628436,-0.12583824,-0.0061086523,-0.007330383
2774.0,-6.215348,-4.333505,5.7005944,-0.21624629,0.0036651916,-0.004886922
2784.0,-6.2512608,-4.4795513,5.7245364,-0.29443705,0.017104227,-0.0036651916
2795.0,-6.2584434,-4.582502,5.8083334,-0.33108896,0.028099801,-0.0061086523
2803.0,-6.253655,-4.735731,5.74369,-0.3213151,0.03176499,-0.007330383
2813.0,-6.217742,-4.7381253,5.7125654,-0.2724459,0.02443461,0.0036651916
2823.0,-6.1219735,-4.7189717,5.626374,-0.21135938,0.014660766,0.02321288
2834.0,-6.0860605,-4.618415,5.5856724,-0.17104226,0.010995574,0.04153884
2844.0,-6.215348,-4.606444,5.592855,-0.172264,0.03176499,0.047647487
2855.0,-6.167464,-4.5992613,5.5880666,-0.19547687,0.030543262,0.047647487
2864.0,-6.1866174,-4.7261543,5.6335564,-0.21013765,0.032986723,0.04520403
2874.0,-6.1746464,-4.9200845,5.671864,-0.17592919,0.021991149,0.04886922
2884.0,-6.220136,-4.8506527,5.6359506,-0.09285152,0.013439035,0.058643065
2896.0,-6.2632318,-4.7740383,5.719748,0.013439035,0.004886922,0.073303826
2903.0,-6.2632318,-4.522647,5.590461,0.10140363,-0.010995574,0.087964594
2916.0,-6.1770406,-4.3766007,5.425261,0.12705997,-0.02076942,0.105068825
2923.0,-6.1387334,-4.280833,5.386954,0.07819075,-0.017104227,0.112399206
2933.0,-6.136339,-4.2664676,5.4300494,-0.02076942,-0.0012217305,0.103847094
2943.0,-6.169858,-4.381389,5.386954,-0.12217305,0.018325957,0.080634214
2955.0,-6.2991447,-4.4580035,5.497087,-0.19058995,0.035430185,0.058643065
2964.0,-6.3901243,-4.5322237,5.657499,-0.20280726,0.029321533,0.04886922
2976.0,-6.3805475,-4.7788267,5.595249,-0.15760323,0.018325957,0.047647487
2984.0,-6.3542113,-4.685453,5.616797,-0.059864793,-0.0036651916,0.04886922
2995.0,-6.289568,-4.5441947,5.5162406,0.058643065,-0.02443461,0.05497787
3004.0,-6.2943563,-4.3239284,5.449203,0.14538592,-0.037873644,0.064751714
