57.0,-3.3901896,-1.3551182,9.0476885,0.004886922,-0.015882496,0.0012217305
57.0,-3.0454245,-1.3742718,9.064447,0.15515977,0.14782938,-0.05497787
57.0,-3.2154129,-1.1971009,9.210494,-0.02565634,-0.28955013,-0.26145032
94.0,-3.454833,-0.94570965,9.033323,-0.059864793,-0.4202753,-0.28588495
94.0,-3.4979286,-0.8762778,8.961497,0.058643065,0.3494149,0.096516706
94.0,-3.4404678,-0.78769237,9.02614,0.02565634,0.3555236,0.1282817
99.0,-3.4021606,-0.81642276,8.966286,-0.015882496,0.1685988,0.07819075
99.0,-3.3806129,-0.78050977,8.9279785,-0.05131268,0.009773844,0.019547688
99.0,-3.4691982,-0.7685388,8.942344,-0.07574729,0.013439035,0.021991149
99.0,-3.4739866,-0.78529817,8.942344,-0.09040806,0.015882496,0.02321288
109.0,-3.4093432,-0.7661445,8.949526,-0.087964594,0.014660766,0.02443461
134.0,-3.3997664,-0.91697925,8.913613,-0.073303826,0.014660766,0.021991149
134.0,-3.41892,-0.90979666,9.018958,-0.04520403,0.008552114,0.015882496
139.0,-3.3925838,-0.8690952,9.059659,-0.017104227,-0.0036651916,0.010995574
149.0,-3.3063924,-0.81642276,9.052477,-0.0036651916,-0.008552114,0.012217305
159.0,-3.359065,-0.79008657,9.040505,0.0,-0.014660766,0.013439035
170.0,-3.3303347,-0.7134721,9.021352,-0.0036651916,-0.017104227,0.010995574
179.0,-3.25372,-0.7110779,9.033323,-0.021991149,-0.018325957,0.010995574
191.0,-3.277662,-0.6560113,8.99741,-0.05131268,-0.012217305,0.012217305
199.0,-3.1675289,-0.7613561,8.942344,-0.07452556,-0.009773844,0.014660766
209.0,-3.1962593,-0.78529817,9.040505,-0.087964594,-0.002443461,0.018325957
219.0,-3.1747115,-0.81881696,9.074024,-0.09285152,0.004886922,0.02321288
230.0,-3.2154129,-0.89782566,9.129091,-0.087964594,0.0061086523,0.02565634
240.0,-3.2225955,-0.8834604,9.081207,-0.08552113,0.0036651916,0.02443461
251.0,-3.2609026,-0.92416185,9.119514,-0.080634214,0.0036651916,0.015882496
259.0,-3.2202013,-0.7517793,9.208099,-0.095294975,0.007330383,0.007330383
270.0,-3.2225955,-0.545878,9.277532,-0.14782938,0.019547688,0.008552114
280.0,-3.1244333,-0.47884035,9.284714,-0.24312437,0.047647487,0.015882496
292.0,-3.1411927,-0.5650316,9.136273,-0.36896262,0.08552113,0.018325957
300.0,-3.2680852,-0.6440403,9.033323,-0.49602258,0.12217305,0.007330383
311.0,-3.3758245,-0.6967127,8.978256,-0.59742624,0.15027285,-0.007330383
320.0,-3.394978,-0.89543146,9.0476885,-0.6621779,0.16249016,-0.014660766
331.0,-3.5122938,-1.079785,9.112331,-0.6780604,0.17959438,-0.012217305
340.0,-3.550601,-1.3742718,9.3421755,-0.63285637,0.19058995,-0.0012217305
350.0,-3.5242648,-1.5993267,9.591172,-0.5314528,0.19181168,0.012217305
360.0,-3.4644098,-1.6903064,9.67018,-0.39461896,0.19425514,0.02321288
371.0,-3.4284968,-1.6424223,9.737218,-0.25411993,0.19914207,0.02076942
380.0,-3.4476504,-1.3575124,9.91439,-0.09285152,0.267559,0.017104227
391.0,-3.3925838,-1.1085154,9.921572,-0.09285152,0.267559,0.017104227
400.0,-3.2920272,-0.8858546,10.292673,-0.12583824,0.34574974,0.047647487
410.0,-3.1986535,-0.7062895,11.20247,-0.22113322,0.46303585,0.1001819
420.0,-2.9281087,-0.8499416,12.11466,-0.6218608,0.81489426,0.31031954
431.0,-2.7269957,-1.9560628,14.4130945,-0.9639453,1.1044444,0.49968776
440.0,-2.5019407,-3.2154129,15.033193,-1.3756685,1.4184291,0.72204274
451.0,-2.7748797,-4.5178585,15.172056,-1.7837266,1.7373008,0.93462384
460.0,-3.454833,-5.6551046,14.805743,-2.053729,2.0378466,1.1166617
470.0,-4.084508,-6.591237,14.487314,-2.125811,2.2272146,1.2754866
480.0,-4.675876,-7.275979,13.874399,-2.1453588,2.3005185,1.4074335
493.0,-5.0302176,-6.861782,13.120225,-2.20278,2.411696,1.5601498
500.0,-5.1140146,-5.7867856,13.055582,-2.339614,2.5680776,1.7800614
510.0,-5.2480903,-5.2361193,12.976573,-2.5717428,2.7097983,2.0818288
520.0,-5.267244,-5.3821654,12.600683,-2.864958,2.8490756,2.4495697
530.0,-5.3486466,-5.473145,12.002133,-3.0995302,2.9932396,2.801428
540.0,-5.662287,-5.197812,11.453861,-3.2534683,3.0604348,3.0885346
552.0,-5.9280434,-4.7022123,10.613496,-3.4489453,3.0995302,3.35365
560.0,-6.0956373,-4.1683054,9.478644,-3.811799,3.1813862,3.7140608
570.0,-6.385336,-3.8426938,8.334216,-4.3175955,3.2534683,4.2284093
580.0,-6.4787097,-3.8283286,7.606379,-4.7977357,3.2766812,4.8441615
591.0,-6.670246,-4.177882,6.8522053,-5.0933943,3.200934,5.439144
600.0,-6.5218053,-4.259285,6.0764837,-5.145929,3.0298917,5.903402
611.0,-6.351817,-3.1651347,5.3558292,-4.935791,2.7904325,6.194174
622.0,-6.2009826,-0.61291564,5.255273,-4.555833,2.565634,6.34689
633.0,-6.1411276,3.1364043,4.7644615,-4.1050143,2.3310618,6.442185
644.0,-6.3805475,6.603208,3.3973722,-3.5784485,2.0525072,6.505715
653.0,-6.8522053,8.334216,2.3319526,-2.9126055,1.7434094,6.482502
664.0,-7.501034,8.104373,2.384625,-2.0109684,1.4123205,6.2858033
673.0,-7.8410106,7.5680714,3.4356794,-0.73548174,1.1154399,5.84598
683.0,-7.204153,7.917625,4.5633483,1.0543534,0.7696902,5.0933943
695.0,-6.167464,8.432379,3.4380736,3.1300735,0.32986724,3.9095376
704.0,-5.8466406,10.941502,0.92655605,5.108055,0.112399206,2.388483
712.0,-7.261614,16.201563,-1.0319009,6.631553,0.23945917,1.0103711
723.0,-9.229648,23.539791,-1.340753,7.352374,0.38606682,-0.017104227
735.0,-10.170568,27.971458,-1.9297266,6.860017,0.22479841,-0.73792523
742.0,-9.332599,28.052862,-3.2824504,5.1349335,-0.10262536,-1.4379768
752.0,-8.039729,25.52219,-4.675876,3.0665436,-0.3555236,-2.5094345
763.0,-7.1490865,22.510284,-5.0158525,1.5662584,-0.54367006,-3.7116172
774.0,-6.241684,19.218258,-4.4699745,0.9431759,-0.7122689,-4.65968
784.0,-4.9176903,16.316484,-3.1603463,0.89919364,-0.8417723,-5.390275
794.0,-3.9456444,13.934254,-2.111686,1.1264355,-0.9431759,-5.988923
804.0,-2.896984,11.015722,-1.1492168,1.5100589,-1.0348058,-6.3713245
814.0,-2.2744915,7.6255326,-0.45489833,2.0231857,-1.1032226,-6.5533624
823.0,-1.9991584,5.070919,0.19393034,2.638938,-1.1142182,-6.686531
832.0,-2.2649148,4.225766,1.7501614,3.4465017,-1.1129965,-6.8013735
843.0,-2.743755,2.0374656,2.3870192,4.338365,-1.4110987,-7.034724
854.0,-2.920926,-0.45968673,2.6288335,5.0701814,-1.8924606,-7.4085736
862.0,-2.681506,-2.4349031,2.3822308,5.639508,-2.3628268,-7.856949
873.0,-1.8411411,-2.9855695,2.0254946,6.042679,-2.9846876,-8.278446
884.0,0.21068975,-1.9560628,1.8219875,6.062227,-3.7849212,-8.487362
895.0,3.6846764,0.37588966,2.099715,5.376836,-4.565607,-8.349306
904.0,8.870518,3.0142999,1.2665327,3.803247,-5.127603,-7.920479
914.0,15.272613,5.0900726,1.4221559,1.486846,-5.5466566,-7.293731
923.0,23.429657,3.394978,5.614403,-1.2889256,-6.0048056,-6.1318655
935.0,32.005688,-12.322956,14.7411,-3.82646,-5.5967474,-4.9260173
944.0,35.326447,-34.493263,30.13821,-2.5900686,-4.221079,-6.1819563
954.0,26.544514,-38.25216,23.748087,4.043928,-2.2870796,-8.269894
962.0,15.828068,-25.586834,4.0533834,9.630901,0.1600467,-7.643146
975.0,5.341464,-20.448877,-3.4835634,10.763446,1.2974777,-5.6370645
983.0,-5.035006,-18.375498,4.831499,8.031656,1.3854424,-4.3689084
995.0,-14.688427,-3.6942532,9.52174,3.2522466,1.0567969,-3.1496212
1004.0,-14.738706,4.697424,8.805874,-1.7201965,0.19547687,-0.8857546
1018.0,-4.225766,4.402937,10.263943,-5.2155676,-0.5290093,1.9071213
1026.0,3.7732618,-2.2625206,10.915166,-6.508158,-0.32498032,4.379904
1063.0,5.353435,-16.699556,9.406818,-6.370103,0.44959682,5.1557026
1063.0,5.2480903,-21.07137,10.733206,-4.825835,1.0201449,2.951701
1063.0,2.7988217,-12.665327,11.602302,-1.4648548,0.97249746,0.41783184
1063.0,-1.1899183,-7.6829934,10.378864,0.8894198,0.5522222,-0.46303585
1072.0,-4.405331,-4.120421,8.02297,1.1899655,0.408058,-0.16371189
1081.0,-5.731719,-1.5298948,8.231265,0.4886922,0.24678956,0.49113566
1094.0,-4.6926355,-1.4748282,9.038112,-0.062308256,-0.19547687,1.0079277
1101.0,-2.5905263,-3.6727054,9.514558,-0.061086524,-0.41538838,1.0873401
1112.0,-1.4939818,-6.030994,9.660604,0.22602014,-0.3811799,0.70371675
1122.0,-1.4628572,-6.457162,9.531317,0.5644395,-0.2761111,0.11362094
1132.0,-2.1523874,-5.33907,9.270349,0.8918633,-0.17104226,-0.27366763
1142.0,-3.2704794,-4.2161894,8.765172,1.1215485,-0.103847094,-0.30787608
1154.0,-4.0701427,-3.6487634,8.334216,1.2119566,-0.064751714,-0.15149458
1163.0,-4.390966,-3.6056678,8.073248,1.1728612,-0.035430185,0.013439035
1173.0,-4.0892963,-3.7086184,7.8266454,0.9969321,-0.02076942,0.0842994
1183.0,-3.490746,-3.7565024,7.6255326,0.6743952,0.019547688,0.05131268
1194.0,-3.0262709,-3.5362358,7.2568254,0.24801129,0.13072516,-0.037873644
1202.0,-2.8538885,-3.277662,7.091625,-0.20647246,0.26267207,-0.14782938
1214.0,-3.1244333,-3.1531637,6.95755,-0.6377433,0.37507126,-0.25411993
1223.0,-3.3494883,-3.3925838,6.897695,-1.0054842,0.4642576,-0.33475417
1233.0,-3.5793316,-4.086902,6.775591,-1.2461652,0.49846604,-0.376293
1243.0,-3.7229836,-4.8506527,6.655881,-1.3182472,0.4886922,-0.37384954
1254.0,-3.7373488,-5.5401826,6.6606693,-1.2302825,0.4447099,-0.34208453
1263.0,-3.6822822,-5.932832,6.682217,-1.0238101,0.3811799,-0.30543262
1274.0,-3.6056678,-6.0477533,6.6415157,-0.75747293,0.30543262,-0.2724459
1283.0,-3.6535518,-5.923255,6.6271505,-0.27977628,0.18448131,-0.18570304
1296.0,-3.526659,-5.731719,6.6056023,-0.27977628,0.18448131,-0.18570304
1303.0,-3.5434184,-5.499481,6.6247563,-0.07452556,0.15027285,-0.12950343
1313.0,-3.4763808,-5.353435,6.6726403,0.27366763,0.06841691,-0.032986723
1322.0,-3.4835634,-5.602432,6.71813,0.37018433,0.062308256,-0.013439035
1333.0,-3.5553896,-5.7365074,6.739678,0.43371433,0.04520403,-0.018325957
1345.0,-3.608062,-5.717354,6.6870055,0.47769663,0.034208454,-0.032986723
1353.0,-3.58412,-5.518635,6.5864487,0.49113566,0.032986723,-0.039095376
1365.0,-3.5793316,-5.3678,6.6486983,0.4447099,0.036651913,-0.028099801
1374.0,-3.6391866,-5.3486466,6.55293,0.3408628,0.061086524,-0.010995574
1383.0,-3.5913026,-5.3582234,6.591237,0.22968534,0.081855945,0.0
1395.0,-3.4835634,-5.3438582,6.679823,0.13561209,0.10751228,-0.0012217305
1402.0,-3.5314474,-5.3821654,6.742072,0.061086524,0.12461651,-0.015882496
1413.0,-3.6535518,-5.566519,6.8569937,0.0,0.14049901,-0.040317107
1423.0,-3.6774938,-5.6359506,6.921637,-0.03176499,0.14538592,-0.062308256
1434.0,-3.643975,-5.659893,6.8282633,-0.035430185,0.14049901,-0.06841691
1443.0,-3.7086184,-5.604826,6.7731967,-0.034208454,0.12705997,-0.065973446
1455.0,-3.667917,-5.5976434,6.7468605,-0.05131268,0.11484267,-0.065973446
1463.0,-3.5458126,-5.66947,6.6486983,-0.081855945,0.112399206,-0.06963864
1473.0,-3.526659,-5.6766524,6.646304,-0.10262536,0.105068825,-0.06963864
1483.0,-3.3399115,-5.889736,6.5864487,-0.089186326,0.095294975,-0.064751714
1495.0,-3.3446999,-6.0525417,6.6056023,-0.043982297,0.09407325,-0.06963864
1502.0,-3.4500446,-6.184223,6.6175733,0.02443461,0.07696902,-0.08552113
1514.0,-3.4237084,-6.1530986,6.6056023,0.09040806,0.042760566,-0.09407325
1524.0,-3.4524388,-5.920861,6.679823,0.12705997,0.02565634,-0.08552113
1535.0,-3.3638535,-5.781997,6.619968,0.118507855,0.010995574,-0.065973446
1544.0,-3.3399115,-5.7508726,6.7109475,0.07819075,0.007330383,-0.042760566
1553.0,-3.2800562,-5.837064,6.835446,0.04520403,0.017104227,-0.02443461
1564.0,-3.3279405,-5.973533,6.9623384,0.057421334,0.008552114,-0.009773844
1574.0,-3.3087866,-6.10282,6.95755,0.112399206,0.007330383,0.008552114
1583.0,-3.2920272,-6.0118403,6.9383965,0.18692477,-0.0036651916,0.034208454
1595.0,-3.3494883,-5.9304376,6.9048777,0.24190263,-0.012217305,0.057421334
1603.0,-3.3494883,-5.6120086,6.8929067,0.23579398,-0.013439035,0.059864793
1614.0,-3.3327289,-5.351041,6.8569937,0.15393804,-0.010995574,0.052534413
1624.0,-3.3758245,-5.2026005,6.8665705,0.02076942,0.013439035,0.05009095
1634.0,-3.4380736,-5.2600613,7.0006456,-0.10629055,0.034208454,0.061086524
1644.0,-3.4739866,-5.451597,7.192182,-0.17470746,0.05009095,0.07452556
1654.0,-3.4859576,-5.5760956,7.2592196,-0.14782938,0.04642576,0.0842994
1664.0,-3.5075054,-5.753267,7.1131735,-0.059864793,0.028099801,0.09285152
1673.0,-3.4500446,-5.777209,7.117962,0.029321533,0.02321288,0.096516706
1684.0,-3.4213142,-5.7987566,7.043741,0.080634214,0.030543262,0.0842994
1696.0,-3.4691982,-5.568913,7.015011,0.09285152,0.030543262,0.05497787
1704.0,-3.5290532,-5.3342814,7.0820484,0.0720821,0.032986723,0.030543262
1713.0,-3.596091,-5.2959743,7.089231,0.035430185,0.029321533,0.028099801
1723.0,-3.5625722,-5.3103395,7.165846,-0.0012217305,0.02687807,0.04153884
1734.0,-3.502717,-5.374983,7.177817,-0.017104227,0.021991149,0.05131268
1744.0,-3.4356794,-5.45878,7.1155677,-0.0036651916,0.019547688,0.05009095
1754.0,-3.3901896,-5.425261,7.050924,0.02687807,0.017104227,0.04520403
1764.0,-3.3877954,-5.511452,6.9719152,0.05497787,0.02076942,0.037873644
1775.0,-3.4332852,-5.389348,6.9623384,0.07696902,0.02687807,0.02565634
1784.0,-3.4284968,-5.403713,7.053318,0.09773844,0.02565634,0.018325957
1794.0,-3.4332852,-5.2863975,7.065289,0.119729586,0.015882496,0.02076942
1804.0,-3.3566709,-5.3725886,7.043741,0.13194689,0.0012217305,0.03176499
1815.0,-3.3135753,-5.341464,7.1107793,0.1282817,0.0,0.035430185
1822.0,-3.311181,-5.257667,7.0126166,0.1160644,0.004886922,0.02565634
1834.0,-3.311181,-5.245696,6.9623384,0.09773844,0.0012217305,0.010995574
1843.0,-3.359065,-5.2504845,6.95755,0.06841691,0.0036651916,0.0012217305
1855.0,-3.3686419,-5.221754,7.055712,0.035430185,0.008552114,0.004886922
1864.0,-3.3686419,-5.281609,7.117962,0.02443461,0.002443461,0.014660766
1874.0,-3.2872388,-5.41329,7.117962,0.036651913,0.0061086523,0.014660766
1884.0,-3.3638535,-5.4420204,7.101202,0.06841691,-0.0012217305,0.002443461
1896.0,-3.3542767,-5.3725886,7.0581064,0.09407325,-0.0061086523,-0.009773844
1904.0,-3.3375173,-5.3103395,6.993463,0.087964594,-0.0061086523,-0.019547688
1913.0,-3.3542767,-5.2145715,6.931214,0.05131268,-0.0012217305,-0.028099801
1923.0,-3.4165258,-5.2265425,7.0126166,0.0036651916,0.004886922,-0.039095376
1935.0,-3.5458126,-5.2648497,7.0844426,-0.029321533,0.018325957,-0.042760566
1944.0,-3.608062,-5.327099,7.2113357,-0.030543262,0.010995574,-0.036651913
1954.0,-3.5625722,-5.4420204,7.1107793,-0.012217305,0.0012217305,-0.030543262
1964.0,-3.5793316,-5.5377884,7.098808,0.014660766,-0.0036651916,-0.028099801
1975.0,-3.4955344,-5.5018754,7.053318,0.042760566,-0.012217305,-0.030543262
1984.0,-3.3973722,-5.482722,7.005434,0.062308256,-0.008552114,-0.040317107
1996.0,-3.4021606,-5.3701944,6.95755,0.06352998,-0.0036651916,-0.05009095
2003.0,-3.5817258,-5.3247046,7.0245876,0.035430185,0.0036651916,-0.05131268
2013.0,-3.6056678,-5.3318872,7.1371155,-0.0036651916,0.008552114,-0.04153884
2027.0,-3.6607344,-5.353435,7.103596,-0.02321288,-0.0012217305,-0.02443461
2033.0,-3.6128504,-5.482722,7.1610575,-0.008552114,-0.008552114,-0.0061086523
2042.0,-3.4165258,-5.5617304,7.043741,0.021991149,-0.013439035,0.0061086523
2081.0,-3.3399115,-5.592855,7.03177,0.039095376,-0.017104227,0.0012217305
2081.0,-3.3542767,-5.5138464,7.005434,0.034208454,-0.007330383,-0.019547688
2081.0,-3.335123,-5.353435,6.9886746,0.018325957,0.0,-0.037873644
2081.0,-3.430891,-5.341464,7.062895,0.0,0.002443461,-0.037873644
2093.0,-3.5003228,-5.425261,7.0581064,-0.007330383,0.0,-0.02321288
2102.0,-3.4380736,-5.571307,7.132327,0.013439035,-0.004886922,-0.0061086523
2114.0,-3.3686419,-5.595249,7.1610575,0.061086524,-0.018325957,-0.0012217305
2122.0,-3.3327289,-5.6239796,7.0724716,0.12217305,-0.028099801,-0.008552114
2133.0,-3.406949,-5.48751,7.0724716,0.16371189,-0.030543262,-0.02076942
2143.0,-3.4141316,-5.3438582,7.1466923,0.16493362,-0.030543262,-0.02443461
2154.0,-3.5290532,-5.2983685,7.165846,0.14049901,-0.029321533,-0.017104227
2163.0,-3.4691982,-5.245696,7.228095,0.119729586,-0.035430185,-0.002443461
2175.0,-3.4021606,-5.2840033,7.2328835,0.111177474,-0.037873644,0.009773844
2184.0,-3.4284968,-5.2145715,7.1873937,0.059864793,-0.042760566,0.009773844
2195.0,-3.4093432,-5.046977,7.3406224,0.010995574,-0.035430185,0.017104227
2203.0,-3.4404678,-5.1642933,7.321469,-0.019547688,-0.029321533,0.030543262
2213.0,-3.3614593,-5.2768207,7.374141,-0.010995574,-0.028099801,0.040317107
2223.0,-3.289633,-5.377377,7.4004774,0.029321533,-0.02076942,0.039095376
2235.0,-3.25372,-5.3845596,7.445967,0.080634214,-0.02076942,0.029321533
2244.0,-3.2800562,-5.3007627,7.4746976,0.119729586,-0.019547688,0.013439035
2256.0,-3.323152,-5.1259856,7.3525934,0.1282817,-0.02565634,0.007330383
2265.0,-3.265691,-5.023035,7.371747,0.10629055,-0.035430185,0.015882496
2274.0,-3.2513258,-4.9440265,7.4004774,0.06719518,-0.02687807,0.029321533
2283.0,-3.3135753,-5.011064,7.3765354,0.034208454,-0.02076942,0.036651913
2297.0,-3.265691,-5.133168,7.422025,0.021991149,-0.02321288,0.035430185
2303.0,-3.1962593,-5.130774,7.5321584,0.034208454,-0.017104227,0.030543262
2314.0,-3.2632968,-5.149928,7.489063,0.064751714,-0.015882496,0.02565634
2326.0,-3.289633,-5.118803,7.529764,0.09040806,-0.009773844,0.015882496
2333.0,-3.2992098,-5.1020436,7.4723034,0.105068825,-0.004886922,0.002443461
2344.0,-3.25372,-5.058948,7.45315,0.118507855,-0.002443461,-0.004886922
2355.0,-3.2632968,-5.1547165,7.4028716,0.13316862,-0.008552114,-0.008552114
2364.0,-3.311181,-5.121197,7.383718,0.13683382,-0.0036651916,-0.012217305
2375.0,-3.2728736,-5.0014873,7.4028716,0.12705997,0.0,-0.02076942
2384.0,-3.289633,-4.999093,7.5345526,0.09773844,0.0061086523,-0.02565634
2395.0,-3.3782187,-4.915296,7.5704656,0.07086037,0.002443461,-0.019547688
2403.0,-3.2561142,-5.0038815,7.5225816,0.059864793,0.0012217305,-0.004886922
2417.0,-3.301604,-5.183447,7.5465236,0.06963864,0.0,0.0061086523
2426.0,-3.3063924,-5.1547165,7.563283,0.089186326,0.014660766,0.0061086523
2434.0,-3.2824504,-5.1523223,7.479486,0.103847094,0.02443461,0.0
2445.0,-3.2872388,-4.984728,7.405266,0.09773844,0.02565634,-0.008552114
2454.0,-3.3039982,-4.948815,7.398083,0.062308256,0.028099801,-0.018325957
2464.0,-3.2728736,-5.00867,7.386112,0.014660766,0.040317107,-0.03176499
2475.0,-3.3183637,-5.0781016,7.3885064,-0.017104227,0.052534413,-0.043982297
2484.0,-3.3327289,-5.133168,7.491457,-0.019547688,0.052534413,-0.047647487
2494.0,-3.3327289,-5.2049947,7.4363904,-0.002443461,0.05009095,-0.04642576
2503.0,-3.359065,-5.2863975,7.422025,0.02443461,0.037873644,-0.042760566
2514.0,-3.394978,-5.3103395,7.33344,0.04886922,0.035430185,-0.039095376
2524.0,-3.2369606,-5.303157,7.3430166,0.059864793,0.039095376,-0.036651913
2536.0,-3.3686419,-5.2265425,7.2424603,0.057421334,0.04153884,-0.036651913
2545.0,-3.3806129,-5.1571107,7.273585,0.04153884,0.047647487,-0.034208454
2554.0,-3.3758245,-5.1762643,7.2831616,0.02443461,0.042760566,-0.02443461
2566.0,-3.383007,-5.267244,7.338228,0.021991149,0.036651913,-0.013439035
2573.0,-3.3973722,-5.3486466,7.3525934,0.037873644,0.02687807,-0.008552114
2584.0,-3.3423057,-5.3941364,7.3166804,0.06963864,0.028099801,-0.008552114
2596.0,-3.3566709,-5.341464,7.4004774,0.105068825,0.02321288,-0.004886922
2602.0,-3.3279405,-5.305551,7.347805,0.13194689,0.02321288,0.0012217305
2615.0,-3.2585084,-5.2361193,7.302315,0.1441642,0.013439035,0.008552114
2624.0,-3.301604,-5.171476,7.252037,0.13316862,0.017104227,0.013439035
2634.0,-3.2920272,-5.21936,7.290344,0.111177474,0.015882496,0.017104227
2642.0,-3.3638535,-5.130774,7.2448545,0.087964594,0.018325957,0.02076942
2654.0,-3.371036,-5.073313,7.311892,0.064751714,0.013439035,0.02443461
2662.0,-3.3662477,-5.00867,7.3525934,0.04153884,0.0061086523,0.036651913
2673.0,-3.347094,-5.0421886,7.3669586,0.02565634,-0.0012217305,0.05131268
2682.0,-3.2752678,-5.0541596,7.3789296,0.021991149,0.0012217305,0.059864793
2694.0,-3.25372,-5.185841,7.371747,0.030543262,0.014660766,0.056199603
2702.0,-3.2944214,-5.142745,7.3406224,0.042760566,0.007330383,0.04642576
2715.0,-3.3662477,-4.9799395,7.357382,0.039095376,0.009773844,0.042760566
2724.0,-3.311181,-4.9703627,7.36217,0.028099801,0.010995574,0.04520403
2734.0,-3.3279405,-4.912902,7.417237,0.014660766,0.008552114,0.04642576
2744.0,-3.3877954,-4.9679685,7.505822,0.010995574,0.0061086523,0.04153884
2754.0,-3.4332852,-4.96318,7.57286,0.02076942,0.0,0.039095376
2766.0,-3.3638535,-5.0134583,7.560889,0.042760566,-0.0036651916,0.040317107
2777.0,-3.3854012,-4.9057193,7.505822,0.058643065,-0.010995574,0.043982297
2784.0,-3.3375173,-4.9176903,7.4483614,0.047647487,-0.004886922,0.042760566
2798.0,-3.2920272,-4.88896,7.431602,0.010995574,0.02321288,0.034208454
2804.0,-3.371036,-4.831499,7.467515,-0.021991149,0.02443461,0.019547688
2816.0,-3.394978,-4.6950297,7.4244194,-0.057421334,0.030543262,0.010995574
2826.0,-3.4691982,-4.76925,7.4483614,-0.095294975,0.039095376,0.010995574
2837.0,-3.4811692,-4.829105,7.5465236,-0.12339478,0.040317107,0.014660766
2845.0,-3.4811692,-4.891354,7.529764,-0.118507855,0.035430185,0.015882496
2855.0,-3.4141316,-5.020641,7.541735,-0.08307768,0.02687807,0.012217305
2862.0,-3.3686419,-5.056554,7.505822,-0.039095376,0.02687807,-0.0012217305
2874.0,-3.323152,-4.987122,7.524976,-0.009773844,0.02565634,-0.02076942
2884.0,-3.3039982,-4.9176903,7.4627266,-0.0036651916,0.018325957,-0.043982297
2898.0,-3.2848446,-4.9559975,7.4244194,-0.018325957,0.030543262,-0.062308256
2903.0,-3.2632968,-4.9943047,7.417237,-0.036651913,0.032986723,-0.07086037
2915.0,-3.2585084,-4.960786,7.4387846,-0.047647487,0.030543262,-0.07941248
2925.0,-3.3327289,-5.1786585,7.422025,-0.04642576,0.02076942,-0.0842994
2936.0,-3.2920272,-5.121197,7.4483614,-0.034208454,0.015882496,-0.07696902
2945.0,-3.3399115,-5.185841,7.457938,-0.019547688,0.009773844,-0.058643065
2956.0,-3.2130187,-5.130774,7.477092,-0.0036651916,0.0036651916,-0.032986723
2965.0,-3.2130187,-5.2528787,7.347805,0.0061086523,0.0012217305,-0.010995574
2975.0,-3.169923,-5.2361193,7.374141,0.009773844,0.007330383,-0.002443461
2985.0,-3.2225955,-5.1642933,7.33344,0.02565634,0.015882496,0.004886922
2996.0,-3.241749,-5.2648497,7.347805,0.02565634,0.015882496,0.004886922
