17.0,-2.243367,0.9864111,9.461885,0.004886922,-0.015882496,0.0012217305
28.0,-2.1930888,1.2066777,9.387665,0.16126843,0.12950343,-0.07819075
46.0,-1.7501614,2.2361844,8.90643,-0.05497787,-0.2406809,-0.22602014
46.0,-2.6001031,0.7182605,9.126697,-0.20891592,-0.36163223,-0.18448131
54.0,-2.8802247,0.12210429,9.196129,-0.20525073,0.4251622,0.014660766
63.0,-2.597709,0.40462008,9.186552,-0.2724459,0.40683624,-0.19792034
75.0,-2.2984335,0.8451532,9.143456,-0.2724459,0.17592919,-0.18448131
83.0,-2.1284454,0.8810662,9.179369,-0.22235495,0.004886922,-0.014660766
93.0,-2.2768857,0.80684596,9.220071,-0.18936823,0.019547688,0.018325957
104.0,-2.3582888,0.7469909,9.148245,-0.18325958,0.017104227,-0.119729586
114.0,-2.4827871,0.7350199,9.150639,-0.17959438,0.013439035,-0.21502456
124.0,-2.3918076,0.6584055,9.076419,-0.16371189,0.0036651916,-0.1881465
133.0,-2.4779987,0.62249243,8.966286,-0.15027285,-0.008552114,-0.13072516
143.0,-2.5617957,0.770933,8.908825,-0.15760323,-0.02565634,-0.13439035
153.0,-2.5881321,0.80924016,8.947132,-0.19914207,-0.03176499,-0.17104226
163.0,-2.540248,0.7685388,9.100361,-0.26267207,-0.032986723,-0.17592919
177.0,-2.4468741,0.6536171,9.153033,-0.3213151,-0.036651913,-0.13927728
184.0,-2.396596,0.61770403,9.220071,-0.36774087,-0.037873644,-0.10629055
194.0,-2.4516625,0.5291186,9.136273,-0.40561453,-0.042760566,-0.09773844
203.0,-2.4540567,0.51235914,9.057265,-0.4569272,-0.047647487,-0.10140363
214.0,-2.5019407,0.5482722,8.99741,-0.516792,-0.042760566,-0.10140363
224.0,-2.5139117,0.557849,9.112331,-0.55955255,-0.03176499,-0.09407325
235.0,-2.5617957,0.50996494,9.215282,-0.56688297,-0.02687807,-0.08552113
244.0,-2.7605145,0.4165911,9.275137,-0.5290093,-0.035430185,-0.081855945
253.0,-2.8395233,0.36391866,9.306262,-0.45204028,-0.04886922,-0.08307768
264.0,-2.9233203,0.32321724,9.220071,-0.26267207,-0.08307768,-0.089186326
276.0,-2.9735985,0.34715924,9.083601,-0.17837265,-0.10629055,-0.09896017
283.0,-3.0310593,0.37588966,9.018958,-0.13194689,-0.12705997,-0.10140363
295.0,-3.052607,0.4165911,9.100361,-0.13683382,-0.13561209,-0.095294975
303.0,-2.9951463,0.3878607,9.239224,-0.17104226,-0.14538592,-0.07696902
313.0,-2.9759927,0.2777274,9.361329,-0.1966986,-0.1685988,-0.057421334
324.0,-3.0262709,0.39504328,9.485827,-0.18448131,-0.1966986,-0.035430185
334.0,-2.9472623,0.48362875,9.433155,-0.1685988,-0.22968534,-0.002443461
344.0,-2.906561,0.45489833,9.332599,-0.18936823,-0.24678956,0.035430185
355.0,-2.765303,0.3854665,9.227253,-0.22968534,-0.25045475,0.05375614
364.0,-2.777274,0.46447513,9.234436,-0.25411993,-0.25778514,0.04520403
375.0,-2.7150247,0.45250413,9.277532,-0.26389378,-0.27122417,0.036651913
384.0,-2.6791117,0.36870706,9.390059,-0.2761111,-0.28344148,0.042760566
394.0,-2.528277,0.3878607,9.514558,-0.2846632,-0.29565877,0.052534413
404.0,-2.432509,0.25857377,9.591172,-0.27855456,-0.3005457,0.052534413
415.0,-2.243367,0.22505496,9.509769,-0.2565634,-0.30665436,0.040317107
424.0,-2.1428106,0.19871874,9.528923,-0.22968534,-0.30543262,0.02687807
434.0,-2.054225,0.17477672,9.404425,-0.21624629,-0.2919936,0.02321288
444.0,-2.0518308,0.15083471,9.466674,-0.2321288,-0.2773328,0.019547688
454.0,-1.9057846,0.16519992,9.469068,-0.2773328,-0.26511553,0.004886922
464.0,-1.9273324,0.34955344,9.504981,-0.34330627,-0.24678956,-0.02076942
476.0,-1.922544,0.51954174,9.603143,-0.42638394,-0.23335053,-0.047647487
484.0,-1.8555063,0.59615624,9.758766,-0.5363397,-0.21502456,-0.06352998
494.0,-1.9057846,0.7589619,9.967062,-0.6462954,-0.18448131,-0.07696902
504.0,-1.8291701,0.61770403,10.316615,-0.7086037,-0.14660765,-0.10140363
514.0,-1.8555063,0.51235914,10.572795,-0.71959925,-0.103847094,-0.12705997
524.0,-1.958457,0.5363012,10.915166,-0.6963864,-0.05497787,-0.14660765
535.0,-2.0829554,0.7206547,11.463438,-0.657291,-0.004886922,-0.15882497
544.0,-2.1859062,0.9672575,11.975797,-0.6365216,0.042760566,-0.16982053
556.0,-2.3582888,1.532289,12.449849,-0.6462954,0.10751228,-0.19058995
567.0,-2.5019407,2.1571758,12.993333,-0.6817256,0.17348573,-0.22968534
578.0,-2.5737667,3.028665,13.520057,-0.7770206,0.25289822,-0.2919936
585.0,-2.5570073,3.775656,14.0803,-0.9798279,0.36285394,-0.35918877
600.0,-2.3702598,4.2521024,14.480132,-1.2974777,0.5448918,-0.4288274
611.0,-2.3702598,4.086902,14.8033495,-1.6652187,0.81000733,-0.49968776
616.0,-2.492364,3.301604,14.98052,-1.9804251,1.1081096,-0.56688297
625.0,-3.0262709,2.0207062,15.023616,-2.1355848,1.3842206,-0.60231316
637.0,-3.6535518,0.6679823,15.215152,-2.07572,1.6261233,-0.59131753
645.0,-4.144363,-0.7422025,15.662868,-1.817935,1.8252654,-0.5497787
658.0,-4.5920787,-2.0111294,16.160862,-1.4184291,1.9877555,-0.5009095
666.0,-5.044583,-2.7629087,16.77617,-0.9456194,2.1160371,-0.45937067
679.0,-5.231331,-2.8993783,17.30529,-0.5180137,2.2247713,-0.44104472
687.0,-5.195418,-3.1028855,17.566257,-0.26633725,2.3787093,-0.4361578
697.0,-4.6950297,-3.7134068,17.54471,-0.25411993,2.6193902,-0.41172317
708.0,-4.3119574,-4.9320555,17.070658,-0.42760566,2.933375,-0.37995818
720.0,-4.2425256,-6.4763155,16.388311,-0.64873886,3.2669072,-0.33841935
727.0,-4.3885717,-8.1642275,15.246277,-0.79534656,3.545462,-0.24190263
737.0,-4.6351743,-9.586384,13.764266,-0.8564331,3.7360518,0.004886922
747.0,-4.687847,-10.745177,12.557588,-0.9211848,3.8948767,0.4007276
757.0,-4.285621,-11.508927,11.473015,-1.0616838,4.0329323,0.8539896
766.0,-3.7708676,-11.71004,10.371682,-1.314582,4.1734314,1.2950343
778.0,-3.3662477,-11.856087,9.495404,-1.609019,4.365243,1.7263051
788.0,-3.2632968,-13.204022,8.66701,-1.8497,4.5387287,2.234545
798.0,-3.1723173,-15.272613,7.6734166,-1.8729129,4.656015,2.8991663
807.0,-3.0310593,-17.087418,6.8330517,-1.409877,4.6987753,3.6077702
817.0,-2.4301147,-18.171991,6.0166287,-0.43127087,4.62425,4.2100835
828.0,-1.532289,-18.20551,5.073313,0.77213365,4.4629817,4.6987753
840.0,-0.32800564,-16.48408,3.739743,1.858252,4.373795,5.0371947
846.0,0.8571242,-13.543999,2.1619642,2.5986207,4.4128904,5.1666985
856.0,1.8962077,-10.472239,0.60333884,2.814867,4.604702,5.189911
866.0,2.44448,-7.9966335,-0.35434186,2.4397957,4.8820353,5.23145
877.0,2.906561,-5.949591,-1.0414777,1.5870279,5.090951,5.353623
887.0,3.0933087,-4.0677485,-1.6304513,0.5693264,5.150816,5.521
898.0,3.181894,-2.3894134,-2.1739352,-0.35918877,5.0933943,5.7409115
906.0,3.2441432,-0.7733272,-2.2361844,-1.0848967,4.9651127,6.043901
917.0,3.0358477,0.79008657,-2.4396915,-1.5650368,4.7757444,6.425081
927.0,2.6024973,1.9129672,-2.3870192,-1.8350391,4.505742,6.891782
937.0,2.195483,2.4516625,-2.1930888,-1.9743165,4.1636577,7.375587
948.0,2.0494366,2.5929205,-1.946486,-1.9205604,3.748269,7.764097
957.0,2.2050598,2.3511062,-1.8579005,-1.6652187,3.3060026,8.016995
966.0,2.7030537,2.5019407,-1.6950948,-1.2131784,2.90161,8.115955
978.0,3.2225955,2.861071,-1.496376,-0.5888741,2.5717428,8.092743
988.0,3.9025488,3.5362358,-1.400608,0.16249016,2.2174408,7.959574
998.0,4.8506527,4.465186,-1.328782,1.0067059,1.8570304,7.6859064
1006.0,5.6407394,5.865794,-1.6687586,1.921782,1.4856243,7.197214
1018.0,6.3829417,9.416395,-2.6360161,2.8808405,1.1239921,6.4702845
1027.0,5.8634,21.198261,-6.730101,3.8777726,0.95294976,5.3548446
1037.0,3.596091,47.338158,-12.136209,5.222898,1.4049901,4.3982296
1060.0,1.4628572,39.07337,-13.599066,5.634621,1.2901474,5.0701814
1060.0,2.731784,21.102493,-13.644555,4.68778,0.09040806,3.9791763
1065.0,3.7588966,17.712305,-12.686874,4.9968777,-0.57910025,-0.6230826
1078.0,2.822764,26.180595,-10.647015,4.990769,-1.0873401,-4.4580946
1085.0,2.219425,31.584309,-10.503363,3.1838295,-1.5625933,-4.574159
1096.0,2.135628,27.518955,-10.70687,0.6243043,-1.6468927,-3.268129
1107.0,1.1875241,21.212627,-9.92636,-1.2754866,-1.6077974,-3.1398473
1116.0,0.3854665,16.500837,-8.822633,-2.2504275,-1.8057177,-4.1734314
1127.0,0.02873042,14.506468,-8.839393,-2.7574458,-2.1453588,-4.9834385
1137.0,0.038307227,13.836092,-7.967903,-3.0030136,-2.5082128,-5.116607
1146.0,0.016759412,13.393165,-7.3190746,-3.1667254,-2.7171285,-5.059186
1157.0,-0.9600749,13.742718,-7.2424603,-3.2375858,-2.5912905,-5.6712728
1165.0,-1.9919758,13.421895,-6.631939,-2.8527408,-2.5766296,-6.134309
1177.0,-2.60968,11.808203,-4.3837833,-2.2333233,-2.669481,-6.405533
1187.0,-2.4636335,9.605537,-3.5098996,-1.5858061,-2.8576276,-6.504493
1198.0,-2.3439236,7.4483614,-2.9712043,-1.0140363,-3.0641,-6.635218
1206.0,-2.492364,5.839458,-2.908955,-0.6646214,-3.1728342,-6.736622
1218.0,-2.5378537,4.6112323,-3.1028855,-0.5412266,-3.304781,-6.726848
1228.0,-2.267309,3.2752678,-2.9735985,-0.61208695,-3.500258,-6.6743135
1237.0,-1.352724,1.7645266,-2.8898015,-0.79534656,-3.681074,-6.6535444
1247.0,-0.062249243,0.23223756,-2.4851813,-0.9786061,-3.7665951,-6.675535
1258.0,0.89303726,-0.79966336,-1.7190368,-1.0555751,-3.7873645,-6.7488394
1268.0,1.7070658,-1.3311762,-0.770933,-0.90285885,-3.7507126,-6.8966684
1280.0,2.44448,-2.0111294,0.6727707,-0.54733527,-3.7617083,-7.039611
1287.0,3.7588966,-2.8060043,2.2026656,-0.3640757,-3.7910297,-7.0457196
1298.0,6.054936,-3.2800562,3.0502129,-0.44837508,-3.689626,-6.912551
1307.0,8.082825,-4.3885717,3.655946,-0.77213365,-3.5821137,-6.7292914
1317.0,9.442732,-6.244078,4.3239284,-0.9309586,-3.435506,-6.695083
1328.0,10.010158,-8.626308,5.619191,-0.30298916,-3.1740558,-6.9382076
1338.0,10.005369,-11.123461,7.7189064,1.2986995,-2.8515189,-7.239975
1347.0,9.210494,-13.175292,10.754754,3.6151006,-2.4251351,-7.1788883
1358.0,7.656657,-15.08347,14.86081,6.2943554,-1.9120082,-6.505715
1366.0,4.6926355,-16.610971,16.242264,8.840442,-1.5870279,-5.404936
1378.0,1.0510546,-16.666039,13.800179,10.194119,-1.7837266,-4.447099
1385.0,-2.0685902,-12.885593,9.25359,9.338908,-1.953547,-3.8386772
1399.0,-3.9456444,-5.092467,5.391742,6.568023,-1.2608259,-2.9614747
1408.0,-6.0477533,-0.91219085,4.7022123,2.5045476,-0.65484756,-1.6468927
1416.0,-5.3199162,0.5434838,5.961562,-1.8008307,-0.5571091,-0.6096435
1428.0,-3.181894,-1.0989386,8.274361,-5.004208,-0.18570304,-0.0036651916
1438.0,-2.336741,-4.213795,10.817003,-6.5338144,0.3481932,0.2284636
1446.0,-2.554613,-7.2233067,11.75553,-6.2564816,0.7538077,0.2284636
1457.0,-3.9695864,-11.147403,11.451467,-4.482529,0.6267477,0.54367006
1467.0,-5.9543796,-14.101848,10.429143,-2.4165828,0.14782938,1.2070698
1478.0,-6.6367273,-11.71004,9.76116,-0.48502702,-0.2846632,1.2351695
1487.0,-5.9184666,-8.169016,8.911219,0.95172805,-0.6267477,0.8588765
1499.0,-5.1116204,-5.351041,8.154651,1.4831808,-0.75136423,0.70738196
1508.0,-4.9081135,-3.9504328,7.6111674,1.3096951,-0.6462954,0.7318166
1518.0,-5.046977,-3.3638535,7.45315,0.88697636,-0.45204028,0.625526
1528.0,-5.3318872,-3.6583402,7.8050976,0.61819565,-0.29932398,0.267559
1538.0,-5.681441,-4.771644,8.532935,0.58276546,-0.18692477,-0.22235495
1548.0,-5.849035,-5.801151,9.121908,0.7281514,-0.14172074,-0.5864306
1559.0,-5.837064,-5.9759274,9.445126,0.9663888,-0.16982053,-0.6365216
1566.0,-5.781997,-5.535394,9.562442,1.2009611,-0.21013765,-0.44226643
1578.0,-5.626374,-4.656722,9.3661175,1.3219124,-0.24190263,-0.22235495
1586.0,-5.3223104,-3.7493198,9.028535,1.2315043,-0.23335053,-0.096516706
1597.0,-4.948815,-3.169923,8.573636,0.9309586,-0.14905111,-0.06841691
1606.0,-4.805163,-2.8299465,8.130709,0.51068336,0.0012217305,-0.09407325
1618.0,-4.7884035,-2.8993783,7.788338,0.095294975,0.1563815,-0.12339478
1628.0,-4.9703627,-3.3925838,7.5944076,-0.21624629,0.27000242,-0.1282817
1636.0,-5.12838,-3.952827,7.441179,-0.38728857,0.3408628,-0.10629055
1647.0,-5.209783,-4.510676,7.1993647,-0.43493605,0.36285394,-0.07574729
1658.0,-5.121197,-4.675876,7.038953,-0.41172317,0.3481932,-0.05131268
1668.0,-5.149928,-4.6830587,6.7444663,-0.37018433,0.32742378,-0.04520403
1680.0,-5.1762643,-4.3167458,6.495469,-0.3481932,0.30298916,-0.04642576
1686.0,-5.2504845,-4.086902,6.3111157,-0.36041048,0.2846632,-0.040317107
1697.0,-5.2121773,-4.0222588,6.3182983,-0.3921755,0.2724459,-0.02321288
1708.0,-5.317522,-4.4101195,6.3326635,-0.38973203,0.26145032,0.0036651916
1717.0,-5.2983685,-4.7070007,6.4044895,-0.31031954,0.23579398,0.034208454
1727.0,-5.3318872,-4.9536033,6.4906807,-0.15149458,0.1881465,0.06719518
1738.0,-5.315128,-4.771644,6.423643,0.039095376,0.12705997,0.105068825
1746.0,-5.305551,-4.462792,6.351817,0.19181168,0.06963864,0.14049901
1757.0,-5.1930237,-4.0701427,6.14831,0.2321288,0.05497787,0.16249016
1767.0,-5.2169657,-3.8259344,6.021417,0.16737708,0.058643065,0.15271631
1779.0,-5.221754,-3.8187518,5.9878983,0.05131268,0.080634214,0.111177474
1788.0,-5.243302,-3.8881836,5.9783216,-0.05009095,0.119729586,0.05497787
1800.0,-5.3582234,-4.144363,6.081272,-0.095294975,0.15149458,0.0
1806.0,-5.5521536,-4.3382936,6.1866174,-0.07574729,0.14905111,-0.03176499
1817.0,-5.5521536,-4.39336,6.196194,-0.009773844,0.12583824,-0.035430185
1828.0,-5.604826,-4.1946416,6.0645127,0.062308256,0.10995574,-0.019547688
1838.0,-5.638345,-3.86903,6.009446,0.081855945,0.08552113,-0.0036651916
1847.0,-5.645528,-3.7708676,5.8825536,0.014660766,0.07452556,-0.0036651916
1858.0,-5.6239796,-3.799598,5.9304376,-0.105068825,0.096516706,-0.02321288
1868.0,-5.5880666,-4.0222588,6.0118403,-0.18081611,0.112399206,-0.052534413
1878.0,-5.5976434,-4.3742065,6.220136,-0.16249016,0.105068825,-0.06963864
1887.0,-5.674258,-4.663905,6.256049,-0.06352998,0.0842994,-0.059864793
1898.0,-5.6527104,-4.745308,6.2847795,0.064751714,0.061086524,-0.028099801
1908.0,-5.6910176,-4.5034933,6.2368956,0.16371189,0.02443461,0.014660766
1920.0,-5.66947,-4.1419687,6.179435,0.18570304,0.0036651916,0.05131268
1926.0,-5.556942,-3.9480386,6.1770406,0.12705997,0.0,0.065973446
1937.0,-5.5377884,-3.9360676,6.1100025,0.03176499,0.007330383,0.05131268
1948.0,-5.4779334,-4.1491513,6.155493,-0.04886922,0.02687807,0.019547688
1958.0,-5.5617304,-4.3047748,6.2345014,-0.07941248,0.029321533,-0.010995574
1966.0,-5.5880666,-4.414908,6.3901243,-0.037873644,0.021991149,-0.017104227
1980.0,-5.6000376,-4.5537715,6.4763155,-0.037873644,0.021991149,-0.017104227
1987.0,-5.5497594,-4.5298295,6.6247563,-0.010995574,0.018325957,-0.0061086523
1998.0,-5.5018754,-4.367024,6.7109475,-0.008552114,0.013439035,-0.0012217305
2007.0,-5.403713,-4.378995,6.634333,-0.032986723,0.019547688,-0.007330383
2018.0,-5.401319,-4.3718123,6.5936313,-0.06841691,0.029321533,-0.019547688
2028.0,-5.403713,-4.331111,6.588843,-0.09896017,0.03176499,-0.02565634
2040.0,-5.427655,-4.405331,6.64391,-0.10873401,0.035430185,-0.014660766
2069.0,-5.437232,-4.4125137,6.6271505,-0.08674286,0.030543262,0.009773844
2069.0,-5.245696,-4.584896,6.727707,0.04520403,0.017104227,0.043982297
2069.0,-5.231331,-4.687847,6.8402343,0.1441642,0.0012217305,0.04520403
2078.0,-5.2744265,-4.525041,6.730101,0.2284636,-0.019547688,0.04520403
2086.0,-5.329493,-4.1706996,6.706159,0.2565634,-0.029321533,0.056199603
2099.0,-5.1786585,-4.0342298,6.619968,0.20891592,-0.02565634,0.07574729
2106.0,-4.951209,-3.9456444,6.555324,0.119729586,-0.013439035,0.089186326
2117.0,-4.853047,-4.0438066,6.622362,0.04886922,0.017104227,0.087964594
2126.0,-4.9895163,-4.256891,6.7133417,0.032986723,0.036651913,0.073303826
2136.0,-5.21936,-4.2999864,6.7253127,0.061086524,0.02687807,0.065973446
2146.0,-5.183447,-4.1922474,6.667852,0.09285152,0.0061086523,0.08674286
2157.0,-5.0637364,-4.0414124,6.6893997,0.10629055,-0.014660766,0.12583824
2166.0,-4.987122,-3.9959226,6.7013707,0.09162979,-0.012217305,0.14905111
2177.0,-5.0876784,-4.048595,6.6534867,0.07696902,-0.004886922,0.13194689
2187.0,-5.21936,-4.0797195,6.7468605,0.08307768,-0.010995574,0.08674286
2197.0,-5.3318872,-4.074931,6.6486983,0.10873401,-0.008552114,0.047647487
2208.0,-5.4180784,-3.9504328,6.7468605,0.12950343,-0.002443461,0.039095376
2219.0,-5.5521536,-3.8881836,6.849811,0.13927728,-0.0061086523,0.05009095
2227.0,-5.604826,-3.821146,7.007828,0.13927728,-0.009773844,0.062308256
2237.0,-5.5162406,-3.8833952,6.9958572,0.14538592,-0.0036651916,0.062308256
2249.0,-5.631162,-3.9240966,6.921637,0.16982053,0.0036651916,0.056199603
2257.0,-5.626374,-3.8402996,6.754043,0.19425514,0.007330383,0.05131268
2266.0,-5.554548,-3.8977604,6.6415157,0.1966986,0.013439035,0.056199603
2278.0,-5.614403,-3.7972038,6.6415157,0.1685988,0.029321533,0.061086524
2288.0,-5.638345,-3.7134068,6.6726403,0.12705997,0.04642576,0.05497787
2297.0,-5.7125654,-3.739743,6.7947445,0.09407325,0.059864793,0.034208454
2308.0,-5.7484784,-3.7229836,6.897695,0.080634214,0.058643065,0.014660766
2318.0,-5.8083334,-3.7445314,6.9288197,0.09040806,0.047647487,0.008552114
2328.0,-5.662287,-3.8259344,6.8761473,0.119729586,0.040317107,0.015882496
2339.0,-5.6120086,-3.8714242,6.754043,0.1563815,0.035430185,0.02443461
2348.0,-5.6096144,-3.9456444,6.612785,0.17959438,0.028099801,0.02443461
2358.0,-5.5162406,-3.8139634,6.6367273,0.16737708,0.02687807,0.012217305
2369.0,-5.5521536,-3.6631286,6.7612257,0.13072516,0.04520403,-0.004886922
2380.0,-5.5880666,-3.7421372,6.943185,0.09285152,0.05009095,-0.021991149
2388.0,-5.533,-3.833117,7.050924,0.07452556,0.04886922,-0.030543262
2401.0,-5.353435,-3.8355112,6.9647326,0.07574729,0.05131268,-0.028099801
2407.0,-5.3845596,-3.9025488,6.849811,0.081855945,0.061086524,-0.029321533
2418.0,-5.451597,-3.8546648,6.754043,0.06352998,0.073303826,-0.040317107
2429.0,-5.4539914,-3.809175,6.76362,0.017104227,0.07941248,-0.059864793
2440.0,-5.482722,-3.9264908,6.9240313,-0.019547688,0.087964594,-0.07941248
2448.0,-5.41329,-4.1156325,7.007828,-0.004886922,0.089186326,-0.09040806
2460.0,-5.5856724,-4.235343,6.9120603,0.064751714,0.073303826,-0.087964594
2469.0,-5.580884,-4.120421,6.682217,0.13927728,0.04886922,-0.062308256
2479.0,-5.590461,-3.8786068,6.5625067,0.16126843,0.029321533,-0.02321288
2488.0,-5.566519,-3.7086184,6.4619503,0.11484267,0.03176499,0.007330383
2500.0,-5.568913,-3.679888,6.5361705,0.02321288,0.037873644,0.004886922
2509.0,-5.475539,-3.8546648,6.6271505,-0.056199603,0.040317107,-0.02443461
2520.0,-5.521029,-4.0892963,6.682217,-0.065973446,0.04153884,-0.052534413
2529.0,-5.547365,-4.185065,6.5936313,0.0,0.02687807,-0.057421334
2538.0,-5.7029886,-4.0438066,6.423643,0.06963864,0.008552114,-0.03176499
2548.0,-5.7724204,-3.8426938,6.3206925,0.06841691,0.008552114,0.007330383
2559.0,-5.530606,-3.6750996,6.457162,-0.02321288,0.015882496,0.030543262
2568.0,-5.305551,-3.7828386,6.646304,-0.13927728,0.02687807,0.02076942
2580.0,-5.4779334,-3.98874,6.7612257,-0.19303341,0.058643065,-0.018325957
2588.0,-5.853823,-4.1252093,6.7851677,-0.14294247,0.052534413,-0.058643065
2600.0,-5.884948,-4.249708,6.8426285,-0.030543262,0.017104227,-0.056199603
2609.0,-5.791574,-4.1395745,6.6774287,0.06841691,-0.012217305,-0.008552114
2620.0,-5.741296,-4.010288,6.5840545,0.111177474,-0.02687807,0.039095376
2629.0,-5.5617304,-3.845088,6.5337763,0.089186326,-0.019547688,0.047647487
2641.0,-5.4922986,-3.7684734,6.481104,0.021991149,0.008552114,0.012217305
2649.0,-5.6766524,-3.7708676,6.540959,-0.052534413,0.030543262,-0.037873644
2659.0,-5.6096144,-3.9480386,6.540959,-0.1001819,0.036651913,-0.062308256
2666.0,-5.5497594,-3.9552212,6.5984197,-0.112399206,0.029321533,-0.04886922
2680.0,-5.506664,-4.084508,6.459556,-0.111177474,0.02321288,-0.018325957
2688.0,-5.6551046,-3.9695864,6.38773,-0.1282817,0.02687807,-0.004886922
2700.0,-5.6790466,-3.9312792,6.4380083,-0.17104226,0.02443461,-0.019547688
2708.0,-5.566519,-4.086902,6.5457473,-0.20525073,0.017104227,-0.043982297
2717.0,-5.45878,-4.237737,6.6247563,-0.18692477,0.017104227,-0.05497787
2728.0,-5.470751,-4.3526587,6.6391215,-0.10262536,0.0061086523,-0.04642576
2739.0,-5.580884,-4.405331,6.5960255,0.0036651916,-0.018325957,-0.02565634
2749.0,-5.4899044,-4.280833,6.5505357,0.07696902,-0.040317107,-0.0036651916
2759.0,-5.530606,-4.110844,6.5337763,0.087964594,-0.047647487,0.004886922
2769.0,-5.5377884,-3.9217024,6.55293,0.043982297,-0.040317107,0.0
2779.0,-5.482722,-3.9025488,6.6750345,-0.021991149,-0.030543262,-0.009773844
2787.0,-5.5401826,-3.9695864,6.7492547,-0.07819075,-0.017104227,-0.013439035
2799.0,-5.4803276,-4.10845,6.7372837,-0.09040806,-0.02565634,-0.004886922
2809.0,-5.5258174,-4.2640734,6.7612257,-0.056199603,-0.03176499,0.008552114
2823.0,-5.3701944,-4.27365,6.6965823,0.0036651916,-0.043982297,0.021991149
2829.0,-5.3079453,-4.2664676,6.6893997,0.04520403,-0.037873644,0.02687807
2837.0,-5.3199162,-4.1611223,6.7684083,0.05009095,-0.032986723,0.015882496
2850.0,-5.4061074,-4.0557775,6.7731967,0.035430185,-0.03176499,-0.002443461
2858.0,-5.4420204,-4.050989,6.8402343,0.02565634,-0.04153884,-0.010995574
2869.0,-5.437232,-3.9863458,6.885724,0.019547688,-0.04886922,0.043982297
2879.0,-5.427655,-3.9217024,6.8162923,0.019547688,-0.04886922,0.043982297
2887.0,-5.3965306,-3.86903,6.6415157,0.002443461,-0.04153884,0.07574729
2898.0,-5.461174,-3.9791632,6.5625067,-0.030543262,-0.04520403,0.08307768
2907.0,-5.4061074,-3.8738184,6.6391215,-0.07696902,-0.037873644,0.06841691
2918.0,-5.451597,-3.9193082,6.7133417,-0.118507855,-0.021991149,0.042760566
2930.0,-5.439626,-4.0174704,6.9168487,-0.07941248,-0.02687807,0.012217305
2940.0,-5.511452,-4.1539397,6.991069,-0.004886922,-0.039095376,0.019547688
2949.0,-5.451597,-4.1036615,6.9288197,0.065973446,-0.05375614,0.034208454
2959.0,-5.4444146,-3.9911342,6.9120603,0.09773844,-0.057421334,0.04520403
2968.0,-5.4659624,-3.8522706,7.017405,0.089186326,-0.05131268,0.040317107
2980.0,-5.530606,-3.821146,6.8809357,0.064751714,-0.04642576,0.02443461
2987.0,-5.315128,-3.8618474,6.933608,0.047647487,-0.036651913,0.008552114
3000.0,-5.3318872,-3.98874,6.9647326,0.05131268,-0.030543262,0.0036651916
