32.0,-1.769315,-0.20590134,9.3421755,0.095294975,0.013439035,0.12339478
71.0,-1.6065093,-0.12689269,9.339781,0.1563815,0.1160644,-0.081855945
71.0,-1.6280571,-0.4189853,9.351752,-0.029321533,-0.24801129,-0.27000242
71.0,-1.7310078,-0.6607997,9.241618,-0.089186326,-0.39706242,-0.2932153
71.0,-1.8195933,-0.5386954,9.270349,0.03176499,0.3811799,0.087964594
107.0,-1.934515,-0.47644615,9.246407,0.02321288,0.38240165,0.10262536
107.0,-1.7932571,-0.44771573,9.212888,0.002443461,0.17715092,0.037873644
107.0,-1.7429788,-0.5434838,9.308656,-0.02565634,0.002443461,-0.018325957
107.0,-1.6903064,-0.5243302,9.440337,-0.04886922,-0.0012217305,-0.0061086523
127.0,-1.7477672,-0.6727707,9.461885,-0.05375614,0.004886922,0.008552114
127.0,-1.7956513,-0.7374141,9.536105,-0.036651913,0.0036651916,0.021991149
134.0,-1.8124107,-0.79008657,9.516952,-0.002443461,-0.0012217305,0.035430185
146.0,-1.8195933,-0.59855044,9.49301,0.043982297,-0.009773844,0.043982297
154.0,-1.8291701,-0.5410896,9.387665,0.073303826,-0.019547688,0.047647487
165.0,-1.8507179,-0.44771573,9.382876,0.081855945,-0.02321288,0.05131268
174.0,-1.8483237,-0.31603462,9.358934,0.06719518,-0.02076942,0.058643065
184.0,-1.8770541,-0.2801216,9.399636,0.036651913,-0.012217305,0.07086037
196.0,-1.8818425,-0.17717093,9.466674,0.0,-0.013439035,0.07941248
206.0,-1.8315643,-0.19632454,9.457097,-0.040317107,-0.013439035,0.07941248
216.0,-1.8052281,-0.20350714,9.404425,-0.07941248,-0.0061086523,0.07819075
226.0,-1.8650831,-0.22984336,9.385271,-0.11484267,-0.008552114,0.080634214
235.0,-1.8962077,-0.2777274,9.414001,-0.14172074,0.0012217305,0.08307768
245.0,-1.9249382,-0.32800564,9.437943,-0.14660765,-0.0012217305,0.07941248
254.0,-1.9081788,-0.33279404,9.387665,-0.13072516,-0.009773844,0.07452556
267.0,-1.9273324,-0.28491,9.428367,-0.10262536,-0.017104227,0.0720821
275.0,-1.946486,-0.09816227,9.445126,-0.073303826,-0.02687807,0.06963864
285.0,-1.9488802,-0.095768064,9.478644,-0.062308256,-0.03176499,0.064751714
295.0,-1.8914193,-0.1436521,9.490616,-0.07452556,-0.032986723,0.05497787
305.0,-1.7884687,-0.17238252,9.557653,-0.096516706,-0.028099801,0.040317107
316.0,-1.8004397,-0.39983168,9.636662,-0.09773844,-0.010995574,0.021991149
326.0,-1.7549498,-0.48362875,9.646238,-0.06963864,-0.010995574,0.0061086523
335.0,-1.7669208,-0.51235914,9.713276,-0.037873644,-0.0036651916,0.0
345.0,-1.7262194,-0.4165911,9.720459,-0.008552114,-0.004886922,-0.007330383
355.0,-1.7286136,-0.33039984,9.694122,0.009773844,-0.0036651916,-0.021991149
366.0,-1.7549498,-0.17956513,9.674969,0.004886922,-0.002443461,-0.035430185
375.0,-1.7932571,-0.15562311,9.651027,-0.02687807,0.008552114,-0.036651913
386.0,-1.8195933,-0.24420857,9.617508,-0.06719518,0.02076942,-0.03176499
395.0,-1.8267759,-0.31603462,9.643845,-0.10751228,0.028099801,-0.02687807
405.0,-1.8148049,-0.47165772,9.689334,-0.13561209,0.039095376,-0.019547688
415.0,-1.8555063,-0.63206923,9.718064,-0.13805555,0.04642576,-0.012217305
425.0,-1.7884687,-0.7589619,9.742006,-0.10629055,0.040317107,-0.0036651916
435.0,-1.8626889,-0.7158663,9.7084875,-0.05131268,0.02687807,0.0036651916
446.0,-1.8579005,-0.6536171,9.629479,0.0036651916,0.017104227,0.009773844
456.0,-1.910573,-0.37828386,9.533711,0.037873644,0.007330383,0.015882496
467.0,-1.8028339,-0.2873042,9.416395,0.036651913,0.002443461,0.021991149
475.0,-1.7812861,-0.19393034,9.349358,0.0036651916,0.004886922,0.028099801
486.0,-1.8243817,-0.30885202,9.358934,-0.040317107,0.004886922,0.032986723
496.0,-1.7669208,-0.45250413,9.466674,-0.08307768,0.009773844,0.04153884
507.0,-1.7812861,-0.51714754,9.471462,-0.09773844,0.010995574,0.04886922
516.0,-1.8531121,-0.6536171,9.469068,-0.087964594,-0.0012217305,0.05497787
526.0,-1.7860745,-0.5602432,9.414001,-0.062308256,-0.015882496,0.056199603
536.0,-1.8171991,-0.49559975,9.31105,-0.035430185,-0.02321288,0.043982297
546.0,-1.7812861,-0.4165911,9.241618,-0.014660766,-0.03176499,0.02443461
556.0,-1.7357962,-0.39025488,9.332599,-0.008552114,-0.035430185,0.0061086523
567.0,-1.721431,-0.49799395,9.473856,-0.008552114,-0.035430185,0.0012217305
576.0,-1.745373,-0.59615624,9.6845455,-0.004886922,-0.032986723,0.0061086523
590.0,-1.6112977,-0.6392518,9.919178,0.017104227,-0.029321533,0.014660766
599.0,-1.520318,-0.6488287,10.129868,0.05009095,-0.02565634,0.02443461
609.0,-1.5466543,-0.50517654,10.364499,0.08307768,-0.010995574,0.034208454
619.0,-1.6136919,-0.24181437,10.445902,0.09285152,0.009773844,0.042760566
631.0,-1.5825673,0.023942016,10.326192,0.06841691,0.040317107,0.04520403
638.0,-1.6879122,0.11492168,10.13705,-0.0012217305,0.07819075,0.042760566
649.0,-1.7525556,0.11492168,9.940725,-0.09896017,0.12095132,0.032986723
657.0,-1.8315643,0.22984336,9.94312,-0.204029,0.1600467,0.013439035
668.0,-1.8866309,0.09816227,9.876082,-0.29565877,0.2003638,-0.008552114
677.0,-1.9033904,-0.1364695,9.957485,-0.35796702,0.23335053,-0.019547688
690.0,-1.970428,-0.4333505,9.998186,-0.38728857,0.25289822,-0.014660766
699.0,-2.0350714,-0.59615624,10.077195,-0.37751472,0.26633725,-0.0036651916
710.0,-2.0326772,-0.78769237,10.177752,-0.3213151,0.2724459,-0.002443461
719.0,-2.030283,-0.82360536,10.067618,-0.23823744,0.2687807,-0.010995574
729.0,-2.0470424,-0.8475474,9.854534,-0.15027285,0.2602286,-0.02076942
739.0,-2.0398598,-0.6703765,9.878476,-0.06841691,0.25900686,-0.034208454
749.0,-2.0685902,-0.4333505,9.715671,-0.0036651916,0.25289822,-0.05375614
759.0,-1.9752164,-0.3854665,9.576807,0.019547688,0.24923302,-0.0720821
770.0,-1.934515,-0.30166942,9.339781,-0.073303826,0.27122417,-0.07819075
777.0,-1.9871874,-0.2681506,9.100361,-0.073303826,0.27122417,-0.07819075
788.0,-2.111686,-0.30406362,8.9519205,-0.22968534,0.2724459,-0.1001819
799.0,-2.2170308,-0.58418524,8.535329,-0.3005457,0.26633725,-0.1160644
810.0,-2.2361844,-0.81402856,8.408437,-0.3481932,0.24801129,-0.118507855
820.0,-2.3319526,-1.0342951,8.439561,-0.36896262,0.22602014,-0.10629055
830.0,-2.2098482,-1.2785037,8.329428,-0.3555236,0.19303341,-0.09285152
840.0,-2.1763294,-1.412579,8.372523,-0.30298916,0.15515977,-0.0842994
849.0,-2.0853498,-1.5969325,8.494628,-0.21991149,0.10873401,-0.07574729
858.0,-2.1571758,-1.7429788,8.674192,-0.12705997,0.064751714,-0.06352998
872.0,-2.15957,-1.6879122,8.956709,-0.032986723,0.019547688,-0.05009095
878.0,-2.0949266,-1.6112977,9.294291,0.05375614,-0.019547688,-0.04153884
888.0,-1.970428,-1.4700398,9.464279,0.13072516,-0.05009095,-0.034208454
898.0,-1.9680338,-1.2976574,9.64145,0.18692477,-0.07574729,-0.02321288
909.0,-1.9488802,-1.0606314,9.674969,0.20280726,-0.09162979,-0.0061086523
920.0,-1.9632454,-0.89543146,9.80665,0.18325958,-0.09285152,0.012217305
931.0,-1.8914193,-0.61530983,10.024523,0.13805555,-0.09162979,0.02565634
940.0,-1.9033904,-0.4165911,10.508151,0.080634214,-0.07574729,0.037873644
949.0,-1.8411411,-0.17477672,11.075577,0.008552114,-0.042760566,0.05375614
960.0,-1.910573,0.07182605,11.880029,-0.06719518,0.009773844,0.07086037
969.0,-2.0039468,0.2753332,12.684481,-0.118507855,0.09285152,0.081855945
977.0,-2.0973208,0.51235914,13.441049,-0.13072516,0.18325958,0.08307768
988.0,-2.219425,0.90261406,13.951014,-0.10262536,0.28588495,0.0720821
999.0,-2.3558946,1.2378023,14.444219,-0.06963864,0.4129449,0.04886922
1008.0,-2.4396915,1.3694834,14.879964,-0.056199603,0.56077427,0.02321288
1019.0,-2.4061728,1.5370775,15.212758,-0.080634214,0.7147123,0.007330383
1031.0,-2.2840683,1.6065093,15.593435,-0.16126843,0.8881981,0.0
1044.0,-2.2888567,1.3718776,15.866375,-0.32253686,1.1081096,-0.015882496
1049.0,-2.5306711,0.9624691,16.555904,-0.58032197,1.4001031,-0.036651913
1099.0,-2.813187,0.23702596,17.827227,-0.9297369,1.7776178,-0.037873644
1100.0,-3.4739866,-0.33039984,18.935741,-1.346347,2.1917844,-0.002443461
1100.0,-3.9480386,-1.3263878,20.958841,-1.7629571,2.6303856,0.10629055
1100.0,-4.8458643,-3.1794999,22.565351,-2.1282544,3.200934,0.29443705
1100.0,-5.707777,-6.2871737,22.366632,-2.4251351,3.8460076,0.59864795
1108.0,-6.2584434,-10.429143,20.79843,-2.5705209,4.393343,1.0690142
1117.0,-6.5146227,-17.31726,19.038692,-2.4263568,4.754975,1.7458528
1127.0,-5.6431336,-22.622812,17.23107,-2.021964,4.9284606,2.6108382
1137.0,-3.8594532,-21.126436,14.681245,-1.2241739,4.9736648,3.2950072
1147.0,-2.4253263,-18.461689,11.657368,0.45081854,5.053077,3.7384953
1158.0,-1.3215994,-15.638926,8.310274,2.2589796,5.1410418,4.388456
1170.0,-0.44771573,-12.428301,5.415684,3.4012976,5.3206363,5.0982814
1177.0,0.37588966,-8.710106,2.753332,3.8276815,5.5588737,5.390275
1188.0,1.1659763,-5.4085016,0.60812724,3.7519343,5.6834903,5.2363367
1198.0,1.8124107,-2.4588451,-1.3431472,3.2192597,5.765346,5.0176473
1208.0,1.8124107,-0.15322891,-3.1842883,2.284636,5.8215456,5.1642547
1218.0,1.8435353,1.9536686,-4.5777135,0.9053023,5.8264327,5.6969295
1230.0,1.5705963,3.2202013,-4.9895163,-0.73426,5.7030377,6.459289
1238.0,0.6991069,3.9480386,-4.0653543,-2.4801128,5.499009,7.3682566
1250.0,-1.115698,2.6623523,-2.2170308,-3.9926152,5.23145,8.3126545
1260.0,-2.0973208,-0.5770026,-1.1061212,-4.5668287,4.5631633,9.077457
1272.0,-1.2042835,-2.885013,-1.4173675,-3.8789942,3.299894,9.282708
1278.0,1.0941502,-2.9113493,-1.6256629,-2.0280726,2.0402899,8.873428
1291.0,3.6750996,-0.89064306,-2.456451,0.5326745,1.174083,8.2246895
1299.0,5.7843914,2.8682537,-4.261679,3.0812044,0.6450737,7.651698
1311.0,7.050924,8.070854,-6.0860605,5.0799556,0.4007276,7.0921454
1318.0,7.007828,15.696386,-7.249643,6.395759,0.42271876,6.3481116
1329.0,4.6806645,32.312145,-9.296685,6.7915998,0.5290093,5.1532593
1340.0,0.39025488,33.277008,-7.7787614,6.183178,0.8356637,3.499036
1351.0,-1.364695,26.973076,-6.5864487,4.333478,1.0836749,3.128852
1360.0,-0.8882488,23.4943,-6.801927,1.4453071,0.46914452,3.5381315
1370.0,-1.0103531,23.781605,-7.553706,0.13316862,-0.19303341,2.1001546
1380.0,-1.2976574,28.83816,-7.0221934,-0.29565877,-0.5558874,-0.46792278
1388.0,-0.6536171,31.213207,-5.899313,-0.7892379,-0.8222246,-2.506991
1399.0,0.9624691,28.8621,-5.6239796,-1.5259414,-1.1569787,-3.4794884
1410.0,2.4947581,24.715343,-5.4683566,-2.389705,-1.4856243,-3.9694023
1419.0,3.1866825,20.33156,-4.9416323,-2.878397,-1.5381587,-4.753753
1430.0,3.4237084,17.312473,-4.3023806,-2.8515189,-1.4990633,-5.7836723
1439.0,3.3901896,14.884752,-3.7134068,-2.4129176,-1.4782939,-6.658431
1451.0,3.0454245,12.576741,-3.1627405,-1.717753,-1.4391985,-7.1923275
1460.0,2.5713725,11.587936,-2.906561,-0.9786061,-1.4636332,-7.4818773
1472.0,2.0733786,11.259931,-2.3678656,-0.23945917,-1.5430456,-7.8007493
1479.0,1.8339585,10.201694,-1.9081788,0.5448918,-1.6517797,-8.166046
1488.0,1.8243817,8.480263,-1.1300632,1.219287,-1.8362609,-8.315098
1498.0,1.9847932,6.4882865,-0.19871874,1.72264,-2.1038198,-8.291884
1508.0,2.1428106,4.343082,0.48123455,2.1355848,-2.430022,-8.341976
1520.0,2.5139117,2.2625206,0.7637503,2.375044,-2.8026497,-8.370075
1531.0,3.3614593,0.8858546,0.8858546,2.3909266,-3.2449162,-8.311433
1538.0,4.3646297,0.10295067,0.8810662,2.316401,-3.657861,-8.276002
1551.0,5.57849,0.05746084,0.6751649,2.1832323,-3.9694023,-8.301659
1561.0,6.7947445,1.0893618,0.5602432,1.9828686,-4.1905355,-8.388402
1569.0,8.343793,2.695871,1.2354081,2.0683897,-4.3896775,-8.847773
1581.0,10.874464,1.6567876,3.1842883,2.0683897,-4.3896775,-8.847773
1591.0,14.635755,-2.4732103,7.8170686,2.1270328,-4.4984117,-8.819673
1598.0,19.10573,-10.007763,16.146496,2.1343632,-4.6951103,-8.349306
1608.0,22.069752,-21.001938,20.472818,2.9077187,-4.6218066,-7.547851
1619.0,19.756952,-27.186161,18.198328,4.9577823,-3.8924334,-6.5961227
1630.0,11.769896,-17.865534,11.733982,7.4684386,-2.5277603,-6.541145
1641.0,4.582502,-5.6886234,4.534618,7.579616,-0.47403142,-6.365216
1652.0,-13.295002,0.016759412,3.751714,2.8906143,-0.119729586,-5.084842
1659.0,-12.090718,-2.1380222,7.053318,-3.1569517,-0.2565634,-3.3805282
1672.0,-5.707777,-8.192958,13.737929,-7.9754567,-0.21746802,-1.3414601
1680.0,-2.2409728,-16.742653,12.98615,-9.480629,-0.2724459,0.79901177
1689.0,-3.0502129,-23.163902,12.545617,-7.4782124,-0.25534168,2.9028316
1700.0,-3.2034419,-18.217482,11.35091,-3.9009855,-0.3494149,3.1850514
1710.0,-3.0454245,-9.991004,8.875306,-0.29565877,-0.73792523,1.6200147
1722.0,-3.9240966,-4.4843397,7.431602,2.1453588,-0.8258898,0.7244862
1731.0,-5.4444146,-0.9744401,6.4164605,2.8099802,-0.75869465,1.0103711
1741.0,-6.215348,0.6584055,5.911284,2.0525072,-0.8173377,1.6285667
1751.0,-5.9160724,-0.25139117,6.5002575,0.6035349,-0.8038987,1.7275269
1762.0,-5.183447,-2.9472623,8.087613,-0.59986967,-0.6731735,0.9957104
1772.0,-4.7429137,-5.932832,9.579201,-1.1606439,-0.54611355,-0.14538592
1779.0,-4.7907977,-7.8529816,10.783484,-1.0421361,-0.4361578,-0.98715824
1790.0,-5.255273,-8.4108305,11.575965,-0.3005457,-0.38240165,-1.1276573
1800.0,-5.7029886,-7.2687964,11.583148,0.8918633,-0.47891834,-0.56321776
1810.0,-5.473145,-5.171476,11.216835,2.117259,-0.5925393,0.1160644
1819.0,-4.9200845,-2.873042,10.484209,2.8515189,-0.7415904,0.4092797
1832.0,-4.0773253,-0.80205756,9.737218,2.764776,-0.7855727,0.42271876
1840.0,-3.5458126,0.29688102,9.081207,2.01219,-0.6206391,0.3323107
1851.0,-3.490746,0.02873042,8.678981,0.9651671,-0.33108896,0.20891592
1860.0,-3.928885,-1.1587936,8.379706,-0.043982297,-0.02443461,0.065973446
1871.0,-4.5896845,-2.6384103,8.276755,-0.77457714,0.22479841,-0.07574729
1879.0,-5.1642933,-3.6703112,8.192958,-1.1386528,0.37384954,-0.18936823
1891.0,-5.305551,-4.283227,7.9224133,-1.1850786,0.42394048,-0.2406809
1899.0,-5.12838,-4.429273,7.747637,-1.0348058,0.37751472,-0.22724187
1911.0,-4.8386817,-4.3119574,7.5584946,-0.8197812,0.3115413,-0.18203785
1922.0,-4.673482,-4.27365,7.457938,-0.6096435,0.26145032,-0.15393804
1931.0,-4.570531,-4.2784386,7.455544,-0.453262,0.23090707,-0.16982053
1942.0,-4.699818,-4.259285,7.4746976,-0.3371976,0.20647246,-0.2125811
1952.0,-4.699818,-4.268862,7.513005,-0.20158553,0.172264,-0.24312437
1960.0,-4.63278,-4.10845,7.4483614,-0.040317107,0.11728613,-0.22113322
1971.0,-4.582502,-4.0054994,7.3406224,0.10995574,0.06352998,-0.13927728
1982.0,-4.4699745,-3.952827,7.1059904,0.21135938,0.029321533,-0.037873644
1989.0,-4.5058875,-3.904943,7.041347,0.2443461,0.013439035,0.02321288
2000.0,-4.537012,-3.9983168,7.264008,0.2125811,0.028099801,0.021991149
2013.0,-4.522647,-4.213795,7.4627266,0.13927728,0.052534413,-0.017104227
2020.0,-4.6136265,-4.3263226,7.505822,0.07941248,0.07574729,-0.05131268
2032.0,-4.663905,-4.209007,7.321469,0.07086037,0.08674286,-0.04520403
2045.0,-4.663905,-3.9671922,7.132327,0.10262536,0.09773844,-0.0036651916
2052.0,-4.7381253,-3.8019924,6.9527617,0.11484267,0.10995574,0.04153884
2119.0,-4.793192,-3.5913026,6.9264255,0.05009095,0.12950343,0.059864793
2119.0,-4.865018,-3.7972038,7.1131735,-0.087964594,0.15515977,0.05009095
2119.0,-4.9081135,-4.096479,7.3310456,-0.21624629,0.18081611,0.02565634
2119.0,-5.020641,-4.426879,7.3549876,-0.25289822,0.19181168,0.007330383
2119.0,-5.044583,-4.4316673,7.249643,-0.17959438,0.17959438,0.010995574
2119.0,-5.0421886,-4.1946416,7.067683,-0.035430185,0.1441642,0.035430185
2119.0,-5.104438,-4.1491513,7.041347,0.11728613,0.118507855,0.06719518
2129.0,-5.020641,-3.9935284,7.165846,0.18936823,0.112399206,0.09040806
2138.0,-5.1355624,-4.0438066,7.28795,0.1685988,0.112399206,0.080634214
2150.0,-5.21936,-3.9815574,7.2544312,0.12339478,0.12339478,0.04520403
2158.0,-5.2983685,-4.003105,7.216124,0.103847094,0.12461651,0.012217305
2170.0,-5.3127337,-4.098873,7.21373,0.089186326,0.12583824,0.0036651916
2179.0,-5.3678,-4.0797195,7.345411,0.062308256,0.13194689,0.019547688
2190.0,-5.33907,-4.1706996,7.501034,0.039095376,0.14172074,0.043982297
2199.0,-5.233725,-4.2999864,7.654263,0.032986723,0.16126843,0.065973446
2210.0,-5.2863975,-4.357447,7.529764,0.035430185,0.17104226,0.08307768
2221.0,-5.403713,-4.27365,7.445967,0.035430185,0.1881465,0.09407325
2229.0,-5.482722,-4.0533834,7.383718,0.032986723,0.20647246,0.09407325
2243.0,-5.461174,-3.7900212,7.309498,0.018325957,0.20769419,0.089186326
2253.0,-5.3342814,-3.8522706,7.252037,-0.02565634,0.21868975,0.09285152
2259.0,-5.3342814,-3.9121256,7.285556,-0.08552113,0.23090707,0.10262536
2273.0,-5.4085016,-4.0533834,7.381324,-0.11484267,0.23579398,0.10751228
2280.0,-5.542577,-4.074931,7.4507556,-0.103847094,0.24923302,0.103847094
2292.0,-5.5617304,-4.0533834,7.309498,-0.064751714,0.2443461,0.10140363
2301.0,-5.5282116,-3.8881836,7.2951326,-0.02321288,0.24556783,0.111177474
2312.0,-5.4204726,-3.8259344,7.1347213,0.002443461,0.24678956,0.13072516
2319.0,-5.353435,-3.8498764,6.9120603,-0.002443461,0.2602286,0.14905111
2329.0,-5.391742,-3.7732618,6.7708025,-0.034208454,0.27977628,0.14782938
2340.0,-5.497087,-3.6367924,6.8043213,-0.08674286,0.29077184,0.12583824
2351.0,-5.523423,-3.4979286,6.8426285,-0.15515977,0.30543262,0.09896017
2361.0,-5.518635,-3.6535518,6.9527617,-0.20158553,0.31031954,0.08307768
2375.0,-5.614403,-3.9456444,6.9982514,-0.19303341,0.31764993,0.08674286
2379.0,-5.595249,-4.074931,6.897695,-0.13927728,0.31520647,0.10751228
2390.0,-5.530606,-4.050989,6.7348895,-0.062308256,0.3042109,0.12705997
2400.0,-5.48751,-3.8283286,6.6415157,0.0012217305,0.2883284,0.12950343
2412.0,-5.4324436,-3.6822822,6.6367273,0.017104227,0.28710666,0.1160644
2421.0,-5.391742,-3.608062,6.5337763,-0.013439035,0.29810223,0.09162979
2431.0,-5.511452,-3.5984852,6.5864487,-0.061086524,0.30787608,0.06719518
2439.0,-5.695806,-3.8163576,6.64391,-0.105068825,0.33108896,0.05131268
2449.0,-5.7604494,-3.9671922,6.6774287,-0.12583824,0.3408628,0.043982297
2461.0,-5.7389016,-4.010288,6.679823,-0.12095132,0.32375857,0.04520403
2473.0,-5.626374,-3.9983168,6.55293,-0.07941248,0.30665436,0.09162979
2481.0,-5.602432,-3.6703112,6.2105594,-0.062308256,0.3042109,0.11484267
2491.0,-5.7029886,-3.6727054,6.131551,-0.07696902,0.31398472,0.12095132
2500.0,-5.7389016,-3.6822822,6.1219735,-0.12583824,0.3213151,0.105068825
2511.0,-5.7604494,-3.7445314,6.3302693,-0.17959438,0.3200934,0.080634214
2522.0,-5.920861,-3.916914,6.4619503,-0.1966986,0.30787608,0.064751714
2532.0,-5.913678,-3.9552212,6.5241995,-0.1685988,0.3005457,0.06719518
2541.0,-5.8945246,-3.9432502,6.2368956,-0.105068825,0.2773328,0.08674286
2552.0,-5.8226986,-3.9217024,6.0621185,-0.052534413,0.25778514,0.11362094
2562.0,-5.877765,-3.7373488,5.911284,-0.05497787,0.25778514,0.12461651
2573.0,-5.9519854,-3.6367924,5.827487,-0.11484267,0.27488935,0.105068825
2581.0,-5.9543796,-3.70383,5.9041014,-0.20525073,0.28099802,0.06352998
2591.0,-5.961562,-3.9432502,6.0046577,-0.29443705,0.28955013,0.028099801
2600.0,-5.9759274,-4.132392,6.078878,-0.33353242,0.29565877,0.015882496
2612.0,-6.1219735,-4.2904096,6.136339,-0.29932398,0.2932153,0.02076942
2620.0,-6.1938,-4.27365,6.133945,-0.20280726,0.27000242,0.032986723
2631.0,-6.1626754,-4.1659107,6.0740895,-0.09162979,0.23945917,0.042760566
2642.0,-6.0621185,-3.940856,6.021417,-0.010995574,0.2125811,0.056199603
2651.0,-5.9902925,-3.7493198,5.853823,0.021991149,0.19303341,0.06719518
2661.0,-5.959168,-3.7181952,5.7029886,0.0012217305,0.18448131,0.06719518
2674.0,-6.090849,-3.8019924,5.6886234,-0.07086037,0.204029,0.04642576
2681.0,-6.1243677,-4.048595,5.911284,-0.1563815,0.21380283,0.010995574
2690.0,-6.232107,-4.235343,6.1507044,-0.20891592,0.22479841,-0.021991149
2702.0,-6.289568,-4.3622355,6.215348,-0.18448131,0.2284636,-0.040317107
2712.0,-6.289568,-4.321534,6.1195793,-0.07696902,0.2125811,-0.034208454
2721.0,-6.265626,-4.1419687,6.0597243,0.061086524,0.18448131,-0.008552114
2731.0,-6.217742,-3.8594532,5.9064956,0.14905111,0.16737708,0.028099801
2740.0,-6.220136,-3.5936968,5.851429,0.13439035,0.16371189,0.05497787
2751.0,-6.232107,-3.550601,5.8945246,0.02321288,0.18081611,0.05375614
2762.0,-6.1938,-3.8594532,5.961562,-0.12095132,0.1966986,0.028099801
2772.0,-6.2105594,-4.197036,5.995081,-0.22235495,0.21380283,-0.002443461
2781.0,-6.277597,-4.256891,5.920861,-0.23457226,0.22602014,-0.015882496
2793.0,-6.3063273,-4.2521024,5.887342,-0.17348573,0.22724187,-0.0061086523
2801.0,-6.4068837,-4.1299977,5.8562174,-0.08674286,0.2125811,0.017104227
2812.0,-6.3111157,-3.9576154,5.8346696,-0.032986723,0.1966986,0.036651913
2821.0,-6.26802,-3.964798,5.7867856,-0.030543262,0.19547687,0.043982297
2830.0,-6.227319,-3.9432502,5.719748,-0.042760566,0.204029,0.036651913
2840.0,-6.2105594,-4.039018,5.650316,-0.059864793,0.20891592,0.029321533
2852.0,-6.2943563,-3.9983168,5.533,-0.081855945,0.20647246,0.030543262
2861.0,-6.253655,-3.9480386,5.499481,-0.10995574,0.1966986,0.03176499
2874.0,-6.2488666,-3.9504328,5.542577,-0.14782938,0.19303341,0.02565634
2880.0,-6.3230867,-4.0414124,5.5521536,-0.17470746,0.19181168,0.010995574
2891.0,-6.2991447,-4.2664676,5.5282116,-0.16493362,0.18325958,-0.0012217305
2900.0,-6.3925185,-4.3646297,5.533,-0.105068825,0.1600467,-0.002443461
2912.0,-6.3087215,-4.185065,5.4563856,-0.012217305,0.13316862,0.010995574
2921.0,-6.253655,-4.1276035,5.4659624,0.07941248,0.105068825,0.028099801
2930.0,-6.3182983,-3.940856,5.4922986,0.13805555,0.087964594,0.04153884
2941.0,-6.361394,-3.8857894,5.485116,0.15515977,0.080634214,0.04153884
2952.0,-6.4260373,-3.8618474,5.556942,0.14660765,0.0720821,0.028099801
2960.0,-6.385336,-3.9121256,5.592855,0.13439035,0.07086037,0.014660766
2974.0,-6.339846,-4.0462008,5.547365,0.12339478,0.062308256,0.013439035
2980.0,-6.3661823,-3.952827,5.521029,0.10751228,0.064751714,0.019547688
2991.0,-6.2847795,-3.8618474,5.470751,0.08307768,0.06841691,0.028099801
3003.0,-6.3566055,-3.7948096,5.509058,0.04520403,0.06352998,0.029321533
3010.0,-6.445191,-3.8259344,5.5617304,0.002443461,0.06841691,0.02687807
3020.0,-6.4763155,-3.9959226,5.590461,-0.019547688,0.059864793,0.02076942
