30.0,-3.5194764,-1.6328455,8.918402,0.004886922,-0.015882496,0.0012217305
30.0,-3.5122938,-1.8531121,8.896853,0.1563815,0.13439035,-0.06352998
40.0,-3.4261026,-1.8052281,8.932767,0.042760566,-0.28344148,-0.27000242
49.0,-3.5362358,-1.508347,8.875306,-0.04886922,-0.408058,-0.30665436
65.0,-3.4620156,-1.4269443,8.801085,0.111177474,0.36285394,0.05497787
69.0,-3.5553896,-1.2808979,8.743625,0.11728613,0.37140608,0.06719518
79.0,-3.5170822,-1.2282255,8.75799,0.07574729,0.19303341,0.010995574
89.0,-3.5362358,-1.3958195,8.726865,0.015882496,0.039095376,-0.042760566
100.0,-3.5769374,-1.4867992,8.825027,-0.02076942,0.04642576,-0.042760566
111.0,-3.5338416,-1.508347,8.762778,-0.032986723,0.04642576,-0.043982297
121.0,-3.6367924,-1.5466543,8.870518,-0.02443461,0.04520403,-0.04153884
129.0,-3.5936968,-1.5705963,8.796297,-0.0036651916,0.037873644,-0.037873644
140.0,-3.6272156,-1.6112977,8.808268,0.015882496,0.036651913,-0.03176499
150.0,-3.6343982,-1.6831238,8.880095,0.032986723,0.032986723,-0.029321533
162.0,-3.6966474,-1.6256629,8.896853,0.05131268,0.02687807,-0.029321533
170.0,-3.6008794,-1.6041151,8.846576,0.06963864,0.018325957,-0.030543262
182.0,-3.5745432,-1.520318,8.887277,0.07941248,0.015882496,-0.02443461
190.0,-3.53863,-1.5442601,8.899248,0.07574729,0.013439035,-0.017104227
200.0,-3.502717,-1.4867992,8.911219,0.06352998,0.017104227,-0.012217305
212.0,-3.4644098,-1.4939818,8.868123,0.04642576,0.02076942,-0.009773844
220.0,-3.5338416,-1.5059528,8.848969,0.02443461,0.030543262,-0.002443461
230.0,-3.4955344,-1.5490485,8.836999,0.0,0.03176499,0.008552114
242.0,-3.4476504,-1.5682021,8.863335,-0.021991149,0.037873644,0.018325957
250.0,-3.4979286,-1.5275006,8.853758,-0.035430185,0.043982297,0.019547688
262.0,-3.4500446,-1.6017209,8.839393,-0.042760566,0.043982297,0.019547688
269.0,-3.4452562,-1.6136919,8.851364,-0.04520403,0.04886922,0.02321288
280.0,-3.490746,-1.5969325,8.848969,-0.035430185,0.047647487,0.02321288
290.0,-3.478775,-1.5610195,8.90643,-0.018325957,0.047647487,0.017104227
301.0,-3.4500446,-1.5275006,8.932767,0.0036651916,0.04886922,0.014660766
310.0,-3.5338416,-1.3862427,8.832211,0.018325957,0.04520403,0.015882496
321.0,-3.5338416,-1.2401965,8.853758,0.013439035,0.035430185,0.013439035
330.0,-3.3973722,-1.3192052,8.793902,-0.014660766,0.036651913,0.012217305
340.0,-3.5122938,-1.3838485,8.755595,-0.04886922,0.04153884,0.015882496
350.0,-3.490746,-1.4580688,8.822633,-0.073303826,0.052534413,0.019547688
362.0,-3.5314474,-1.4556746,8.863335,-0.07086037,0.05375614,0.015882496
370.0,-3.5051112,-1.5227122,8.825027,-0.04642576,0.04642576,0.008552114
381.0,-3.4811692,-1.3982137,8.858546,-0.014660766,0.035430185,0.007330383
390.0,-3.58412,-1.3551182,8.789114,0.004886922,0.02565634,0.009773844
400.0,-3.4380736,-1.42455,8.76996,0.0061086523,0.02687807,0.010995574
410.0,-3.5194764,-1.4077905,8.832211,0.0,0.028099801,0.008552114
421.0,-3.5170822,-1.376666,8.767567,-0.007330383,0.02443461,0.008552114
430.0,-3.5482068,-1.484405,8.815451,-0.014660766,0.02443461,0.008552114
440.0,-3.5122938,-1.4915876,8.825027,-0.018325957,0.02565634,0.007330383
450.0,-3.5003228,-1.520318,8.851364,-0.02076942,0.02443461,0.0061086523
461.0,-3.5434184,-1.5586253,8.841787,-0.02321288,0.02687807,0.002443461
470.0,-3.5290532,-1.5011644,8.798691,-0.019547688,0.02687807,-0.002443461
481.0,-3.5314474,-1.5251064,8.880095,-0.009773844,0.029321533,-0.004886922
491.0,-3.5122938,-1.4628572,8.829816,-0.0061086523,0.029321533,-0.0036651916
500.0,-3.5769374,-1.5251064,8.793902,-0.0036651916,0.032986723,-0.004886922
510.0,-3.572149,-1.532289,8.918402,-0.007330383,0.04153884,-0.0061086523
520.0,-3.5649664,-1.5394717,8.985439,-0.019547688,0.04886922,-0.004886922
531.0,-3.5529952,-1.5059528,8.968679,-0.028099801,0.05497787,-0.002443461
541.0,-3.5458126,-1.5059528,8.913613,-0.028099801,0.056199603,-0.0012217305
551.0,-3.490746,-1.541866,8.899248,-0.02321288,0.061086524,0.0
562.0,-3.5338416,-1.5035586,8.860941,-0.02443461,0.062308256,0.0
571.0,-3.4883518,-1.553837,8.892065,-0.02565634,0.06719518,-0.0061086523
581.0,-3.5529952,-1.5131354,8.846576,-0.02443461,0.06352998,-0.014660766
594.0,-3.5817258,-1.5705963,8.887277,-0.018325957,0.06719518,-0.018325957
604.0,-3.4644098,-1.5873557,8.868123,-0.012217305,0.064751714,-0.013439035
612.0,-3.596091,-1.5945383,8.836999,-0.002443461,0.057421334,-0.009773844
623.0,-3.5242648,-1.496376,8.820239,0.008552114,0.052534413,-0.008552114
633.0,-3.5984852,-1.5227122,8.875306,0.015882496,0.040317107,-0.0061086523
644.0,-3.5913026,-1.5107412,8.791509,0.012217305,0.032986723,0.0012217305
652.0,-3.4620156,-1.4389153,8.9279785,-0.0012217305,0.03176499,0.009773844
664.0,-3.4955344,-1.5466543,8.896853,-0.008552114,0.030543262,0.014660766
672.0,-3.5434184,-1.5777789,8.868123,-0.0061086523,0.02565634,0.017104227
683.0,-3.5889084,-1.5346833,8.78672,0.002443461,0.018325957,0.018325957
694.0,-3.5625722,-1.3862427,8.803479,0.017104227,0.010995574,0.014660766
703.0,-3.53863,-1.3742718,8.736442,0.02565634,0.008552114,0.010995574
714.0,-3.5122938,-1.352724,8.772355,0.02076942,0.0061086523,0.007330383
724.0,-3.6104562,-1.4915876,8.693346,0.012217305,0.008552114,0.0036651916
732.0,-3.620033,-1.388637,8.7532015,0.004886922,0.007330383,0.0012217305
743.0,-3.6008794,-1.4867992,8.7532015,0.0,0.009773844,0.0
754.0,-3.6056678,-1.553837,8.772355,0.0061086523,0.008552114,0.0012217305
765.0,-3.6463692,-1.553837,8.789114,0.029321533,0.0,0.0012217305
771.0,-3.643975,-1.5011644,8.750807,0.029321533,0.0,0.0012217305
784.0,-3.6870706,-1.4939818,8.856153,0.04520403,-0.007330383,-0.009773844
794.0,-3.7421372,-1.4772224,8.896853,0.05497787,-0.004886922,-0.015882496
804.0,-3.7205894,-1.508347,8.992621,0.058643065,-0.015882496,-0.013439035
812.0,-3.5793316,-1.5705963,9.033323,0.061086524,-0.012217305,-0.008552114
823.0,-3.5673606,-1.5298948,9.097966,0.089186326,-0.0061086523,-0.0012217305
832.0,-3.3854012,-1.4221559,9.188946,0.1001819,0.004886922,0.0012217305
845.0,-3.3303347,-1.4173675,9.076419,0.105068825,0.021991149,0.0
852.0,-3.347094,-1.4077905,8.983045,0.095294975,0.043982297,-0.004886922
864.0,-3.2609026,-1.3623008,8.992621,0.06841691,0.0720821,-0.013439035
873.0,-3.3734303,-1.1899183,8.853758,0.03176499,0.1001819,-0.028099801
883.0,-3.4811692,-1.1755531,8.810662,-0.010995574,0.12217305,-0.043982297
893.0,-3.6296098,-1.1994951,8.710106,-0.05375614,0.14660765,-0.052534413
904.0,-3.655946,-1.2641385,8.686164,-0.0842994,0.1600467,-0.05375614
914.0,-3.7181952,-1.3862427,8.599973,-0.09407325,0.15760323,-0.04520403
924.0,-3.857059,-1.340753,8.549694,-0.08307768,0.1441642,-0.035430185
932.0,-3.8139634,-1.448492,8.542512,-0.05497787,0.111177474,-0.02321288
943.0,-3.7349546,-1.4149733,8.504205,-0.02565634,0.089186326,-0.007330383
954.0,-3.7325604,-1.3311762,8.406042,-0.0012217305,0.06841691,0.007330383
965.0,-3.6894648,-1.3144168,8.336611,0.013439035,0.042760566,0.017104227
972.0,-3.6463692,-1.1947067,8.264784,0.014660766,0.019547688,0.019547688
983.0,-3.6343982,-1.1563994,8.238448,-0.0036651916,-0.0012217305,0.018325957
994.0,-3.5865142,-1.2282255,8.322245,-0.042760566,-0.012217305,0.013439035
1003.0,-3.53863,-1.2018893,8.341399,-0.08307768,-0.02076942,0.007330383
1012.0,-3.478775,-1.4293385,8.47308,-0.11728613,-0.018325957,0.0036651916
1026.0,-3.5553896,-1.6711528,8.599973,-0.14294247,-0.02443461,-0.0012217305
1033.0,-3.643975,-1.7286136,8.683769,-0.14782938,-0.02321288,-0.013439035
1044.0,-3.6272156,-1.7070658,8.801085,-0.12705997,-0.030543262,-0.034208454
1068.0,-3.691859,-1.7190368,8.899248,-0.09162979,-0.04886922,-0.05375614
1068.0,-3.5745432,-1.5179238,8.99741,-0.062308256,-0.057421334,-0.06352998
1074.0,-3.5697548,-1.4987702,9.131485,-0.05009095,-0.061086524,-0.06352998
1083.0,-3.466804,-1.4077905,9.220071,-0.05375614,-0.04153884,-0.06719518
1094.0,-3.4380736,-1.4580688,9.428367,-0.06352998,-0.029321533,-0.07086037
1102.0,-3.4644098,-1.5682021,9.737218,-0.07941248,0.014660766,-0.07086037
1112.0,-3.41892,-1.6711528,10.13705,-0.0720821,0.05131268,-0.065973446
1122.0,-3.4739866,-1.5131354,10.46745,-0.036651913,0.07819075,-0.058643065
1133.0,-3.5338416,-1.0031705,10.749966,0.0061086523,0.096516706,-0.062308256
1143.0,-3.5649664,-0.38067806,10.752359,0.02443461,0.13072516,-0.07452556
1153.0,-3.6032736,0.08379706,10.6637745,-0.061086524,0.17959438,-0.08307768
1165.0,-3.7660792,0.4285621,10.654198,-0.30176744,0.26145032,-0.09162979
1174.0,-3.9312792,0.44532153,10.70687,-0.65118235,0.376293,-0.11728613
1183.0,-4.0414124,0.48123455,10.802638,-1.0213667,0.4886922,-0.16126843
1195.0,-4.1299977,0.25617957,10.972627,-1.3646729,0.59864795,-0.20158553
1206.0,-4.3766007,-0.107739076,11.27669,-1.6468927,0.7147123,-0.21135938
1214.0,-4.6016555,-0.61291564,11.616667,-1.8643607,0.8332202,-0.1881465
1223.0,-4.8722005,-1.0606314,12.224793,-2.0146337,0.95417154,-0.15393804
1233.0,-5.2840033,-1.3503298,12.485762,-2.0952678,1.0812315,-0.12339478
1243.0,-5.865794,-1.6280571,12.945449,-2.125811,1.2082914,-0.103847094
1253.0,-6.3781533,-1.7956513,13.352463,-2.1135938,1.3524556,-0.081855945
1265.0,-6.95755,-2.0470424,13.666103,-2.0476203,1.5149459,-0.040317107
1273.0,-7.314286,-2.3175871,13.745112,-1.926669,1.6493362,0.028099801
1285.0,-7.7069354,-2.791639,13.79539,-1.7629571,1.7837266,0.13683382
1293.0,-7.8912888,-3.4715924,13.704411,-1.5699236,1.9254472,0.28344148
1303.0,-8.109161,-4.2640734,13.405135,-1.3683381,2.0512855,0.4605924
1314.0,-8.408437,-5.12838,12.914324,-1.1826351,2.179567,0.63163465
1326.0,-8.611943,-5.9424086,12.495338,-1.0115929,2.2992969,0.7635816
1333.0,-8.568848,-6.588843,12.243947,-0.8454375,2.39337,0.8576548
1343.0,-8.444349,-6.9527617,11.812991,-0.66828656,2.502104,0.93462384
1353.0,-8.396465,-7.410054,11.039664,-0.47891834,2.5912905,1.0238101
1364.0,-8.039729,-8.099585,10.477027,-0.3042109,2.6548204,1.1667526
1372.0,-8.025364,-9.459491,9.825804,-0.1685988,2.7623327,1.4147639
1385.0,-8.178593,-10.900801,9.26556,-0.08552113,2.8942795,1.7592919
1395.0,-8.135497,-11.870452,8.836999,-0.02076942,2.9907963,2.0561724
1405.0,-7.9726915,-12.567164,8.190564,0.13194689,3.1031954,2.2565362
1412.0,-7.443573,-13.081918,7.4627266,0.37384954,3.1984904,2.506991
1424.0,-6.64391,-13.694834,6.631939,0.63529986,3.264464,2.9077187
1434.0,-5.7484784,-13.965379,5.741296,0.8943067,3.3060026,3.3927455
1445.0,-4.8147397,-13.996503,4.8698063,1.1349876,3.3524284,3.8337903
1453.0,-3.9001546,-13.888764,4.015076,1.3573426,3.418402,4.1954226
1464.0,-2.954445,-13.716381,2.8682537,1.505172,3.4794884,4.564385
1474.0,-1.745373,-13.024457,1.970428,1.568702,3.5747833,5.0066514
1483.0,-0.47165772,-11.686098,0.90740246,1.6187929,3.6994,5.4611354
1492.0,0.7613561,-9.715671,-0.15801731,1.717753,3.8252382,5.814215
1504.0,1.7980455,-7.417237,-1.2593501,1.7751744,3.962072,6.0585613
1513.0,2.504335,-4.642357,-2.3343468,1.6481144,4.130671,6.225939
1524.0,2.8275523,-1.7022774,-3.2920272,1.2144,4.315152,6.342003
1533.0,2.6192567,0.9935937,-4.0342298,0.5009095,4.491081,6.414085
1544.0,1.8938135,3.1842883,-4.3526587,-0.47647488,4.6169195,6.5570273
1554.0,1.0414777,5.1020436,-4.2999864,-1.6346754,4.569272,6.889338
1567.0,0.2705448,6.3350577,-3.6224272,-2.833193,4.3004913,7.442782
1574.0,0.12928689,7.371747,-2.0494366,-4.012163,3.9449677,8.073195
1584.0,0.35434186,8.214506,-0.15801731,-4.9015827,3.4697146,8.596096
1594.0,0.079008654,7.740454,1.8339585,-5.116607,2.987131,8.929628
1604.0,-0.033518825,6.9288197,4.19943,-4.5985937,2.4288,9.144652
1615.0,0.81402856,6.3805475,6.0405707,-3.5503488,1.5381587,9.210627
1623.0,2.966416,7.800309,6.435614,-2.0818288,0.56077427,8.940623
1633.0,6.0740895,12.2224,5.267244,-0.15882497,-0.13561209,8.049982
1644.0,8.051701,20.128054,2.56419,2.2455406,-0.31887165,6.4177504
1654.0,7.1275387,31.153353,-0.80924016,4.084245,-0.061086524,4.2540655
1664.0,5.4061074,34.021606,-3.4763808,1.8216002,0.02076942,1.53205
1675.0,3.3423057,30.93548,-6.2249246,1.8216002,0.02076942,1.53205
1686.0,0.41180268,23.44163,-6.457162,-3.6077702,0.15271631,-0.39828414
1693.0,-0.035913024,22.048203,-4.0892963,-4.8527136,0.4373795,-1.7751744
1704.0,0.93613285,19.919758,-2.3127987,-5.1752505,0.5448918,-2.888171
1712.0,2.8898015,17.626112,-1.5825673,-5.0261993,0.48258355,-3.5442402
1723.0,4.426879,15.284584,-0.8643068,-4.660902,0.46303585,-4.025602
1733.0,4.7740383,13.314156,0.18195933,-4.1270056,0.689056,-4.5668287
1744.0,4.211401,12.01171,2.0135236,-3.450167,1.0067059,-5.117829
1752.0,3.1292217,11.540052,4.0414124,-2.5692992,1.2938126,-5.6712728
1764.0,1.5370775,12.10269,5.7125654,-1.4110987,1.4294246,-6.2650337
1772.0,0.15801731,12.440272,5.9184666,0.039095376,1.3878858,-6.8160343
1783.0,-0.59855044,11.812991,4.915296,1.677436,1.1264355,-7.171558
1794.0,-0.9552865,10.989386,3.0142999,3.2143729,0.7086037,-7.367035
1805.0,-1.4053963,10.635044,1.4772224,4.415334,0.2883284,-7.6455894
1814.0,-2.3918076,10.546458,-0.031124622,5.3878317,-0.14049901,-7.9180355
1825.0,-3.6104562,10.915166,-1.0271125,5.964488,-0.6609562,-7.9998913
1835.0,-4.0677485,9.457097,-1.3431472,6.1587434,-1.2791518,-7.959574
1845.0,-3.241749,6.6870055,-0.9552865,5.93761,-2.0097466,-7.833736
1855.0,-1.1994951,3.4763808,0.31124622,5.208237,-2.7525587,-7.692015
1866.0,0.9864111,0.81163436,1.436521,4.1551056,-3.3194418,-7.6541414
1875.0,1.2856863,-1.4867992,4.19943,3.2375858,-3.7018435,-7.8630576
1885.0,2.054225,-2.9592333,5.851429,2.8686233,-4.085467,-8.106182
1894.0,3.833117,-3.490746,6.423643,2.941927,-4.344474,-8.087856
1904.0,5.7269306,-3.787627,5.604826,3.1655037,-4.478864,-7.8312926
1914.0,7.45315,-4.4843397,5.00867,3.386637,-4.632802,-7.5319686
1926.0,9.244013,-6.066907,6.229713,3.707952,-4.7293186,-7.357261
1935.0,10.357317,-10.948685,9.77792,4.157549,-4.681671,-7.265631
1945.0,11.147403,-17.010803,15.224729,4.71588,-4.5631633,-7.0860367
1952.0,10.754754,-19.637243,20.913351,5.507561,-4.1404448,-6.6840873
1963.0,6.933608,-18.851944,17.60217,7.202101,-3.0921998,-5.848424
1972.0,1.328782,-13.670892,10.675745,9.236282,-2.1038198,-4.9748864
1985.0,-3.5338416,-7.5584946,6.871359,9.672441,-1.505172,-4.3945646
1992.0,-7.0126166,-0.6751649,5.195418,7.7665405,-0.9468411,-3.7507126
2003.0,-7.4986396,3.2106245,5.4300494,3.9632938,-0.54611355,-2.638938
2012.0,-4.4196963,1.7286136,6.588843,-0.75747293,-0.4801401,-1.174083
2023.0,-2.3463178,-2.7365725,8.532935,-4.940678,-0.1966986,-0.1282817
2031.0,-2.4468741,-8.049306,9.560047,-7.3633695,0.64751714,0.21746802
2046.0,-3.916914,-12.981361,9.617508,-7.6370373,1.2009611,0.18570304
2051.0,-5.631162,-12.322956,9.337387,-6.260147,1.0482447,0.38240165
2062.0,-6.4882865,-8.171411,8.585608,-4.161214,0.64873886,0.956615
2071.0,-6.114791,-4.8027687,7.019799,-1.953547,0.18081611,1.2669345
2081.0,-5.825093,-2.3630772,6.1076083,-0.6206391,-0.21380283,1.2644911
2091.0,-5.74369,-0.9720459,5.815516,-0.3555236,-0.26389378,1.2290609
2103.0,-5.7149596,-1.2952632,5.6766524,-0.68294734,-0.14294247,1.033584
2112.0,-5.659893,-3.098097,6.10282,-1.0433578,-0.043982297,0.47647488
2122.0,-5.887342,-5.0493712,7.019799,-1.0836749,0.05375614,-0.3200934
2132.0,-6.26802,-6.3781533,8.080431,-0.6939429,0.089186326,-0.93828905
2143.0,-6.71813,-6.5720835,8.722076,0.062308256,0.010995574,-1.0445796
2153.0,-6.9048777,-5.93762,8.738836,1.033584,-0.17104226,-0.64873886
2165.0,-6.5984197,-4.6279917,8.243237,1.9682078,-0.3933972,-0.1685988
2173.0,-6.126762,-2.9640217,7.965509,2.5534167,-0.5815437,0.06719518
2185.0,-5.7987566,-1.6496049,7.7189064,2.624277,-0.6291912,0.11484267
2194.0,-5.616797,-0.9768343,7.479486,2.2284365,-0.52412236,0.105068825
2205.0,-5.7125654,-1.0247183,7.386112,1.582141,-0.3323107,0.08552113
2215.0,-6.0884547,-1.6950948,7.2233067,0.91629785,-0.12461651,0.04642576
2227.0,-6.3566055,-2.3199813,6.873753,0.3640757,0.047647487,-0.019547688
2236.0,-6.531382,-2.717419,6.564901,-0.04153884,0.15760323,-0.09896017
2245.0,-6.6870055,-2.7509377,6.4499793,-0.32498032,0.22602014,-0.16493362
2255.0,-6.7348895,-3.0334535,6.349423,-0.5290093,0.28710666,-0.20280726
2267.0,-6.715736,-3.4931402,6.543353,-0.68539083,0.32620203,-0.23457226
2276.0,-6.71813,-3.8307228,6.6295447,-0.7892379,0.34697145,-0.2773328
2288.0,-6.703765,-3.952827,6.727707,-0.7733554,0.3567453,-0.31887165
2295.0,-6.691794,-4.158728,6.5744777,-0.6010914,0.31031954,-0.3213151
2304.0,-6.622362,-4.1419687,6.588843,-0.3481932,0.22357668,-0.26511553
2314.0,-6.5146227,-4.050989,6.423643,-0.10751228,0.15027285,-0.17348573
2326.0,-6.471527,-3.9312792,6.4906807,0.09285152,0.10995574,-0.09407325
2336.0,-6.4284315,-3.9217024,6.4020953,0.25534168,0.06963864,-0.061086524
2346.0,-6.2225304,-3.9671922,6.26802,0.3640757,0.032986723,-0.061086524
2354.0,-6.129156,-3.775656,6.1100025,0.40561453,0.013439035,-0.06841691
2367.0,-6.042965,-3.4955344,5.9687448,0.39584067,0.010995574,-0.064751714
2376.0,-6.0285997,-3.1196449,5.8083334,0.35185838,0.010995574,-0.05497787
2386.0,-5.9304376,-3.0382419,5.6886234,0.24923302,0.02076942,-0.05009095
2394.0,-5.9567738,-3.0238767,5.6646814,0.07452556,0.05009095,-0.061086524
2406.0,-6.009446,-3.3662477,5.657499,-0.12950343,0.09896017,-0.09285152
2416.0,-6.1507044,-3.775656,5.734113,-0.2968805,0.15271631,-0.14049901
2426.0,-6.2752028,-3.9983168,5.7963624,-0.3640757,0.17959438,-0.16982053
2436.0,-6.303933,-4.015076,5.8107276,-0.31520647,0.172264,-0.15027285
2446.0,-6.2368956,-3.8738184,5.765238,-0.2125811,0.13683382,-0.081855945
2454.0,-6.1219735,-3.6607344,5.777209,-0.14782938,0.09407325,0.002443461
2467.0,-6.093243,-3.526659,5.781997,-0.21868975,0.062308256,0.07086037
2476.0,-6.090849,-3.478775,5.7867856,-0.21868975,0.062308256,0.07086037
2486.0,-6.229713,-3.6296098,5.8705826,-0.27855456,0.07574729,0.05009095
2494.0,-6.375759,-3.7828386,5.9567738,-0.29932398,0.080634214,0.019547688
2506.0,-6.483498,-3.799598,5.9663506,-0.2565634,0.06719518,0.0036651916
2515.0,-6.4427967,-3.8857894,6.0716953,-0.15271631,0.034208454,0.0036651916
2526.0,-6.3781533,-3.8115692,6.0166287,-0.03176499,-0.004886922,0.008552114
2533.0,-6.2488666,-3.7205894,6.0262055,0.06352998,-0.028099801,0.007330383
2543.0,-6.172252,-3.6152446,6.0142345,0.1441642,-0.017104227,-0.029321533
2555.0,-6.0740895,-3.6032736,5.9663506,0.13927728,0.0036651916,-0.05009095
2565.0,-6.208165,-3.5314474,6.007052,0.10995574,0.021991149,-0.056199603
2574.0,-6.3063273,-3.4763808,6.172252,0.061086524,0.03176499,-0.05009095
2587.0,-6.26802,-3.4715924,6.315904,0.0012217305,0.037873644,-0.047647487
2596.0,-6.2009826,-3.5482068,6.3661823,-0.04520403,0.032986723,-0.05131268
2604.0,-6.181829,-3.7684734,6.3589997,-0.064751714,0.021991149,-0.06352998
2617.0,-6.205771,-3.8857894,6.361394,-0.061086524,0.034208454,-0.07819075
2625.0,-6.205771,-4.015076,6.2943563,-0.02687807,0.039095376,-0.09040806
2638.0,-6.191406,-3.8283286,6.229713,0.028099801,0.030543262,-0.08552113
2646.0,-6.14831,-3.7181952,6.232107,0.06719518,0.02321288,-0.059864793
2654.0,-6.0645127,-3.6822822,6.2392898,0.05497787,0.018325957,-0.032986723
2666.0,-6.0740895,-3.6750996,6.2105594,-0.0061086523,0.02443461,-0.02443461
2675.0,-6.1243677,-3.7732618,6.291962,-0.065973446,0.035430185,-0.039095376
2687.0,-6.126762,-3.8905778,6.471527,-0.09162979,0.05009095,-0.052534413
2697.0,-6.1219735,-4.010288,6.5720835,-0.07819075,0.052534413,-0.047647487
2707.0,-5.971139,-4.2640734,6.706159,-0.014660766,0.04886922,-0.032986723
2717.0,-5.8945246,-4.4819455,6.799533,0.089186326,0.047647487,-0.029321533
2726.0,-5.8634,-4.405331,6.799533,0.22113322,0.03176499,-0.037873644
2735.0,-5.896919,-4.036624,6.6774287,0.3494149,0.021991149,-0.042760566
2744.0,-6.117185,-3.6703112,6.5577183,0.43249258,0.029321533,-0.036651913
2754.0,-6.1507044,-3.3518825,6.555324,0.43004912,0.039095376,-0.028099801
2767.0,-6.129156,-3.2489316,6.727707,0.33841935,0.056199603,-0.02443461
2775.0,-6.007052,-3.3758245,6.9767036,0.21013765,0.07696902,-0.037873644
2785.0,-6.0645127,-3.8043866,7.0341644,0.119729586,0.119729586,-0.06719518
2795.0,-6.217742,-4.0174704,6.969521,0.10995574,0.15882497,-0.09896017
2807.0,-6.3350577,-3.9552212,6.5816603,0.18448131,0.17470746,-0.112399206
2815.0,-6.2704144,-3.5625722,6.1411276,0.28955013,0.16982053,-0.08674286
2826.0,-6.0764837,-3.1411927,5.8346696,0.3359759,0.15149458,-0.029321533
2836.0,-5.9064956,-2.9400797,5.7125654,0.26267207,0.16126843,0.02321288
2846.0,-5.81791,-2.7940333,5.813122,0.08307768,0.18570304,0.032986723
2857.0,-5.911284,-2.8634653,5.6670756,-0.105068825,0.21013765,-0.002443461
2866.0,-6.117185,-3.0382419,5.5760956,-0.22357668,0.23090707,-0.04520403
2876.0,-6.339846,-3.2704794,5.5737014,-0.27977628,0.22479841,-0.058643065
2887.0,-6.337452,-3.5051112,5.7149596,-0.28099802,0.1881465,-0.040317107
2897.0,-6.26802,-3.892972,5.839458,-0.21502456,0.14782938,-0.015882496
2907.0,-6.1507044,-4.0773253,5.7484784,-0.07452556,0.1001819,-0.013439035
2917.0,-6.409278,-3.8618474,5.5258174,0.10873401,0.064751714,-0.03176499
2926.0,-6.5984197,-3.3901896,5.530606,0.27977628,0.052534413,-0.042760566
2936.0,-6.5218053,-3.1962593,5.4683566,0.3494149,0.019547688,-0.02321288
2948.0,-6.3829417,-3.1124623,5.4539914,0.27000242,-0.004886922,0.010995574
2955.0,-6.303933,-3.2130187,5.566519,0.1001819,0.004886922,0.015882496
2967.0,-6.4044895,-3.5098996,5.6551046,-0.064751714,0.02565634,-0.02565634
2976.0,-6.5696893,-3.8139634,5.8466406,-0.16493362,0.05497787,-0.080634214
2987.0,-6.7444663,-4.0557775,5.8801594,-0.1600467,0.061086524,-0.10751228
2996.0,-6.861782,-4.1395745,5.8681884,-0.07086037,0.05131268,-0.09285152
3007.0,-6.8761473,-3.9073372,5.913678,0.047647487,0.018325957,-0.057421334
