18.0,-2.1571758,-1.1803415,9.548077,0.004886922,-0.015882496,0.0012217305
33.0,-2.018312,0.39983168,10.151415,0.15149458,0.15149458,-0.080634214
33.0,-1.7022774,-0.28491,9.428367,-0.05009095,-0.2443461,-0.21135938
51.0,-2.0231004,-1.4269443,9.7563715,-0.14905111,-0.376293,-0.24312437
51.0,-2.2242134,-1.6759412,9.64145,-0.064751714,0.4129449,0.059864793
70.0,-2.3439236,-1.3479356,9.636662,-0.095294975,0.43249258,0.064751714
74.0,-2.2409728,-1.1444284,9.507375,-0.111177474,0.25411993,0.10751228
82.0,-2.0805612,-1.2378023,9.428367,-0.09896017,0.10629055,0.09040806
92.0,-2.0805612,-1.3575124,9.375694,-0.0720821,0.118507855,0.036651913
102.0,-2.123657,-1.472434,9.409213,-0.030543262,0.12217305,-0.009773844
112.0,-2.2242134,-1.4580688,9.368511,0.014660766,0.111177474,0.0012217305
122.0,-2.2385786,-1.271321,9.315839,0.04642576,0.096516706,0.018325957
134.0,-2.0829554,-1.2066777,9.263166,0.05131268,0.09040806,0.014660766
142.0,-2.1188686,-1.1133038,9.19134,0.02076942,0.09407325,0.004886922
152.0,-2.1045034,-1.1061212,9.212888,-0.017104227,0.10140363,0.0061086523
162.0,-2.1978772,-1.1348516,9.11712,-0.04520403,0.096516706,0.015882496
172.0,-2.1667526,-1.2162545,9.217676,-0.06352998,0.09285152,0.02687807
182.0,-2.1140802,-1.3072342,9.251195,-0.065973446,0.08307768,0.032986723
193.0,-2.1140802,-1.4269443,9.289502,-0.047647487,0.06963864,0.034208454
202.0,-2.0638018,-1.4269443,9.244013,-0.017104227,0.061086524,0.039095376
212.0,-2.006341,-1.4317327,9.277532,0.0061086523,0.04886922,0.043982297
222.0,-2.042254,-1.3551182,9.26556,0.018325957,0.039095376,0.047647487
233.0,-2.0111294,-1.2425907,9.306262,0.013439035,0.030543262,0.047647487
242.0,-2.0087352,-1.1659763,9.260772,-0.008552114,0.032986723,0.04886922
253.0,-1.9728222,-1.1755531,9.294291,-0.037873644,0.037873644,0.05131268
262.0,-1.9728222,-1.1013328,9.289502,-0.062308256,0.036651913,0.04886922
273.0,-1.9752164,-1.2090719,9.382876,-0.081855945,0.043982297,0.043982297
282.0,-1.9728222,-1.2234371,9.296685,-0.09040806,0.043982297,0.039095376
292.0,-1.9752164,-1.2306197,9.258378,-0.09040806,0.040317107,0.032986723
302.0,-1.910573,-1.1731589,9.203311,-0.08674286,0.037873644,0.02321288
313.0,-2.0135236,-1.1923125,9.212888,-0.081855945,0.032986723,0.017104227
322.0,-2.0805612,-1.1731589,9.155427,-0.08552113,0.030543262,0.013439035
333.0,-2.0638018,-1.1923125,9.109938,-0.09040806,0.02443461,0.0061086523
342.0,-2.0853498,-1.1587936,9.167398,-0.09162979,0.02321288,-0.0036651916
353.0,-2.0470424,-1.1444284,9.193734,-0.096516706,0.014660766,-0.010995574
362.0,-2.099715,-1.151611,9.196129,-0.105068825,0.013439035,-0.015882496
373.0,-2.0853498,-1.2306197,9.131485,-0.111177474,0.009773844,-0.02443461
382.0,-2.1308396,-1.1875241,9.11712,-0.1160644,0.0036651916,-0.035430185
393.0,-2.1021092,-1.1683705,9.181764,-0.12217305,0.004886922,-0.04642576
402.0,-2.1140802,-1.1420342,9.212888,-0.12705997,0.002443461,-0.05497787
413.0,-2.1284454,-1.1779473,9.344569,-0.1282817,0.004886922,-0.059864793
422.0,-1.9991584,-1.3192052,9.349358,-0.12339478,0.0061086523,-0.065973446
435.0,-2.042254,-1.42455,9.361329,-0.10873401,0.007330383,-0.07574729
443.0,-1.9871874,-1.2689269,9.356541,-0.09040806,0.004886922,-0.089186326
453.0,-2.0350714,-1.3144168,9.358934,-0.07941248,0.0061086523,-0.103847094
463.0,-1.9488802,-1.2856863,9.334992,-0.07574729,0.007330383,-0.11484267
473.0,-1.934515,-1.2737153,9.3661175,-0.07819075,0.017104227,-0.119729586
483.0,-1.9201498,-1.3072342,9.370906,-0.087964594,0.021991149,-0.12461651
494.0,-1.934515,-1.3000516,9.387665,-0.103847094,0.02687807,-0.13439035
503.0,-2.0087352,-1.2018893,9.390059,-0.12217305,0.028099801,-0.15027285
513.0,-2.0015526,-1.2306197,9.469068,-0.14782938,0.030543262,-0.1600467
523.0,-2.0685902,-1.2449849,9.576807,-0.17837265,0.036651913,-0.16737708
534.0,-1.9656396,-1.2234371,9.763555,-0.1881465,0.04642576,-0.17470746
543.0,-1.9440918,-0.9744401,10.2974615,-0.21380283,0.062308256,-0.1881465
554.0,-1.8794483,-0.81402856,10.658986,-0.28099802,0.09285152,-0.19914207
563.0,-1.8100165,-0.51235914,11.168951,-0.4092797,0.13805555,-0.19303341
573.0,-1.6567876,-0.16759412,11.44189,-0.6072,0.22113322,-0.16982053
583.0,-1.6280571,-0.107739076,11.801021,-0.8539896,0.3408628,-0.13927728
593.0,-1.6089035,-0.23702596,12.107478,-1.1337659,0.4886922,-0.11728613
605.0,-1.6543933,-0.22744916,12.53604,-1.455081,0.6450737,-0.11484267
616.0,-1.6400281,-0.22266077,12.70124,-1.8167132,0.8014552,-0.11484267
625.0,-1.8124107,-0.30166942,12.586318,-2.234545,0.97494096,-0.1001819
636.0,-1.9416976,-0.60573304,12.119449,-2.6853635,1.1728612,-0.073303826
644.0,-2.2888567,-1.1109096,11.592725,-3.1007519,1.359786,-0.043982297
655.0,-2.6671407,-1.9656396,11.020511,-3.4049628,1.5222762,-0.014660766
665.0,-2.9999347,-3.028665,10.5680065,-3.5283577,1.6627752,0.040317107
677.0,-3.4356794,-4.0916905,10.146626,-3.4489453,1.7763962,0.13194689
685.0,-3.7612908,-5.121197,10.381259,-3.167947,1.8680259,0.24556783
697.0,-4.211401,-5.949591,10.424355,-2.7183504,1.9120082,0.3811799
706.0,-4.582502,-6.5960255,10.441113,-2.1930063,1.9010127,0.50579643
716.0,-4.805163,-6.9743094,10.443508,-1.6371188,1.8729129,0.57787853
726.0,-4.9919105,-6.993463,10.340557,-1.0922271,1.8167132,0.61453044
738.0,-5.104438,-6.658275,10.067618,-0.625526,1.7641789,0.6731735
744.0,-5.1906295,-6.1938,9.691729,-0.2687807,1.7531832,0.78801614
755.0,-5.161899,-6.0357823,9.586384,-0.061086524,1.7715092,0.9309586
766.0,-5.2289367,-6.054936,9.593566,0.02321288,1.8240436,1.0714576
775.0,-5.391742,-6.291962,9.739613,0.04153884,1.8936822,1.2229522
785.0,-5.5497594,-6.730101,9.77792,0.034208454,1.9498819,1.4037683
796.0,-5.6886234,-7.07726,9.911995,0.037873644,2.01219,1.6187929
804.0,-5.9663506,-7.477092,9.871294,0.035430185,2.080607,1.8570304
813.0,-6.220136,-8.030152,9.928755,-0.010995574,2.1783454,2.122146
824.0,-6.445191,-8.3150625,9.82341,-0.08307768,2.2907448,2.420248
836.0,-6.8282633,-8.590396,9.52174,-0.15149458,2.39337,2.7269025
845.0,-7.015011,-8.870518,9.533711,-0.20769419,2.5118778,3.0360003
855.0,-7.180211,-8.820239,9.088389,-0.2565634,2.6535985,3.378085
864.0,-7.359776,-8.535329,8.497022,-0.30298916,2.7757716,3.7299433
875.0,-7.630321,-8.195353,7.908048,-0.41050145,2.8906143,4.075693
885.0,-7.771579,-7.216124,6.9958572,-0.625526,2.9895744,4.425108
894.0,-7.81228,-5.722142,5.662287,-0.893085,3.0384438,4.7720795
905.0,-7.603985,-4.2784386,4.390966,-1.1972959,3.0213394,5.1239376
917.0,-7.5680714,-3.2202013,3.064578,-1.6224581,2.992018,5.511226
927.0,-7.5201874,-2.0446482,1.9847932,-2.1368067,2.9431489,5.897293
938.0,-7.6375036,-0.79487497,0.8595184,-2.6804767,2.8295279,6.2442646
944.0,-7.9966335,0.5482722,0.12449849,-3.2241468,2.6682594,6.519154
955.0,-8.202535,1.9273324,-0.22505496,-3.7091737,2.4544566,6.7121873
966.0,-8.429984,3.1794999,-0.25857377,-4.0818014,2.1551325,6.8746777
980.0,-8.731653,4.414908,-0.4261679,-4.2650614,1.772731,7.064046
985.0,-8.868123,5.109226,0.019153614,-4.2675047,1.3683381,7.2729616
997.0,-8.803479,5.106832,0.58897364,-4.1318927,0.9810496,7.384139
1005.0,-8.104373,5.17387,2.1452048,-3.903429,0.6585127,7.231423
1016.0,-6.9120603,6.339846,4.0940847,-3.5442402,0.48258355,6.730513
1023.0,-5.949591,9.184157,5.959168,-2.9651399,0.46792278,5.9315014
1036.0,-5.9400144,12.2224,6.955156,-2.2748623,0.51068336,4.999321
1050.0,-6.667852,14.942213,6.5146227,-1.7763962,0.51923543,4.130671
1053.0,-7.2113357,16.610971,5.616797,-1.609019,0.59620446,3.368311
1063.0,-7.101202,16.005238,5.185841,-1.6175711,0.66339964,2.5864034
1073.0,-6.777985,14.805743,4.675876,-1.4489723,0.73914695,1.6517797
1082.0,-6.361394,14.360422,4.2281604,-0.77579886,0.9431759,0.6560693
1094.0,-5.74369,13.65892,3.8618474,0.30298916,1.2632693,-0.19303341
1104.0,-5.351041,12.990938,3.5793316,1.3939945,1.5613716,-0.9114109
1114.0,-5.327099,12.727576,3.0214825,2.2687535,1.7470746,-1.6493362
1124.0,-5.475539,12.76349,2.5809495,2.8722885,1.8325957,-2.4581218
1136.0,-5.9064956,12.926295,2.7102363,3.2131512,1.8093829,-3.3157766
1144.0,-6.05733,12.962208,2.1978772,3.4074063,1.6713274,-4.1966443
1157.0,-5.7029886,12.164939,1.2856863,3.5185838,1.4819591,-4.963891
1165.0,-5.0038815,10.876859,0.8690952,3.5417967,1.2779301,-5.542991
1175.0,-4.2640734,9.6845455,1.0342951,3.5161405,1.0433578,-6.0341268
1186.0,-3.6631286,9.416395,1.1013328,3.5894442,0.829555,-6.5215974
1197.0,-2.9783869,8.6813755,1.2306197,3.7568212,0.58276546,-6.962642
1207.0,-1.7286136,6.979098,1.1923125,3.830125,0.2565634,-7.312057
1218.0,0.25857377,4.2880154,0.93613285,3.8142426,-0.20158553,-7.5759506
1226.0,2.2577322,1.1372458,0.5386954,3.7910297,-0.6927212,-7.733554
1239.0,4.1252093,-1.9656396,0.7374141,3.8313468,-1.1374311,-7.7995276
1246.0,5.650316,-4.661511,1.5346833,4.0097194,-1.5613716,-7.9278092
1257.0,7.393295,-5.626374,2.5115175,4.4532075,-1.9694295,-8.136725
1267.0,9.749189,-4.5418005,3.3518825,5.073847,-2.2919664,-8.23202
1278.0,12.277467,-3.7900212,4.7141833,5.585752,-2.638938,-8.17582
1287.0,14.884752,-5.207389,7.103596,5.699373,-2.905275,-7.845953
1296.0,16.215929,-10.084377,11.547235,5.6541686,-2.869845,-7.2705183
1305.0,15.648502,-18.095377,16.038757,6.306573,-2.403144,-6.7806044
1316.0,12.49055,-23.669079,15.8304615,8.172155,-1.4086553,-6.2845817
1326.0,6.3326635,-23.546974,8.319851,10.563082,0.41905355,-4.410447
1337.0,-0.40940848,-16.687586,1.8267759,10.563082,0.41905355,-4.410447
1346.0,-7.929596,-9.121908,-3.1196449,8.762251,0.9969321,-3.2803464
1357.0,-16.007633,0.545878,-4.9057193,3.7006216,0.8943067,-1.2608259
1368.0,-13.237541,5.4922986,-0.8379706,-2.9993484,-0.34330627,0.766025
1378.0,-3.9695864,2.1547816,3.5817258,-7.8667226,-0.6414085,1.2913691
1388.0,-0.15562311,-4.3406878,7.192182,-9.986425,0.09773844,0.91874135
1398.0,-1.460463,-13.10586,8.980651,-9.671219,0.6585127,0.2443461
1406.0,-5.7365074,-17.664421,9.449914,-3.4196236,0.32375857,0.84665924
1417.0,-9.923966,-9.6845455,7.457938,0.31642818,-0.59986967,1.2730432
1428.0,-8.147469,-6.421249,4.3957543,2.2162192,-0.96883225,1.4355333
1440.0,-7.153875,-3.8283286,3.0765493,2.2540927,-0.98837996,1.4477507
1447.0,-6.787562,-2.1691468,2.3582888,1.346347,-0.89552844,1.1239921
1459.0,-6.9000893,-2.3511062,2.6862943,0.36651915,-0.6658431,0.35185838
1466.0,-6.9479733,-4.3957543,3.7732618,-0.23579398,-0.5021312,-0.63407815
1477.0,-6.9048777,-6.4188547,5.0613422,-0.3408628,-0.4447099,-1.2412782
1488.0,-6.8426285,-7.6351094,6.4380083,0.08307768,-0.43493605,-1.1496484
1498.0,-6.8785415,-8.135497,7.3406224,0.9126327,-0.4886922,-0.6963864
1506.0,-6.517017,-7.9990277,7.642292,1.7873917,-0.5290093,-0.40317106
1519.0,-6.019023,-6.8785415,7.225701,2.2699752,-0.5326745,-0.3359759
1528.0,-5.695806,-5.437232,6.667852,2.1636846,-0.4569272,-0.2846632
1540.0,-5.604826,-4.3981485,6.4380083,1.6114625,-0.33964106,-0.19914207
1548.0,-5.590461,-4.1659107,6.181829,0.86254174,-0.21991149,-0.13683382
1557.0,-5.628768,-4.5657425,6.0621185,0.13561209,-0.1160644,-0.118507855
1567.0,-5.6670756,-5.068525,6.1387334,-0.42638394,-0.008552114,-0.105068825
1578.0,-5.827487,-5.628768,6.042965,-0.75502944,0.07574729,-0.07086037
1586.0,-6.0357823,-5.877765,5.961562,-0.8857546,0.14172074,-0.02321288
1596.0,-6.1219735,-5.8322754,5.7484784,-0.906524,0.18936823,0.014660766
1607.0,-6.196194,-5.791574,5.4085016,-0.906524,0.21135938,0.02687807
1617.0,-6.1411276,-5.8466406,5.2385135,-0.9297369,0.22113322,0.015882496
1628.0,-6.126762,-5.920861,5.207389,-0.9272934,0.21746802,-0.010995574
1640.0,-6.160281,-5.9280434,5.2002063,-0.8503244,0.2003638,-0.034208454
1647.0,-6.14831,-6.2249246,5.161899,-0.7122689,0.15882497,-0.035430185
1658.0,-6.1004257,-6.3111157,5.1571107,-0.54611355,0.119729586,-0.018325957
1667.0,-6.1123967,-6.3566055,5.1882353,-0.35185838,0.073303826,0.009773844
1677.0,-5.911284,-6.337452,5.2385135,-0.14294247,0.04153884,0.04886922
1687.0,-5.872977,-6.0501475,5.255273,0.05131268,0.02321288,0.09285152
1698.0,-5.875371,-5.9280434,5.197812,0.18325958,0.014660766,0.12217305
1707.0,-5.839458,-5.729325,4.9943047,0.22724187,0.0061086523,0.12705997
1717.0,-5.8945246,-5.6359506,4.8841715,0.1966986,0.013439035,0.111177474
1728.0,-5.913678,-5.542577,4.915296,0.12705997,0.028099801,0.08674286
1739.0,-5.861006,-5.544971,4.8722005,0.052534413,0.042760566,0.065973446
1747.0,-5.841852,-5.48751,4.853047,-0.0012217305,0.059864793,0.05375614
1759.0,-5.8921304,-5.4539914,4.8338933,-0.021991149,0.08307768,0.05131268
1767.0,-5.872977,-5.3558292,4.661511,-0.03176499,0.09896017,0.052534413
1776.0,-5.8825536,-5.3007627,4.546589,-0.065973446,0.10751228,0.05009095
1788.0,-5.8921304,-5.2145715,4.4843397,-0.12217305,0.112399206,0.032986723
1797.0,-5.90889,-5.4204726,4.4939165,-0.1600467,0.10995574,0.0012217305
1808.0,-5.9807158,-5.5282116,4.6471453,-0.13805555,0.10751228,-0.03176499
1819.0,-6.117185,-5.755661,4.675876,-0.04153884,0.089186326,-0.043982297
1827.0,-6.0645127,-5.7484784,4.8243165,0.09407325,0.06719518,-0.02565634
1837.0,-6.0645127,-5.614403,4.6950297,0.21868975,0.039095376,0.0061086523
1846.0,-6.0046577,-5.571307,4.642357,0.27977628,0.010995574,0.021991149
1858.0,-5.995081,-5.4922986,4.656722,0.2761111,0.010995574,0.009773844
1866.0,-6.0046577,-5.4061074,4.644751,0.25289822,0.015882496,-0.015882496
1878.0,-6.0477533,-5.422867,4.793192,0.23701571,0.02321288,-0.034208454
1888.0,-6.1770406,-5.511452,4.8147397,0.23579398,0.029321533,-0.039095376
1897.0,-6.2225304,-5.482722,4.8219223,0.24556783,0.02321288,-0.030543262
1909.0,-6.136339,-5.437232,4.7644615,0.25289822,0.018325957,-0.017104227
1918.0,-6.1507044,-5.389348,4.687847,0.24312437,0.02076942,-0.010995574
1926.0,-6.0716953,-5.3007627,4.7141833,0.21380283,0.034208454,-0.019547688
1941.0,-6.131551,-5.401319,4.7907977,0.18692477,0.04642576,-0.035430185
1946.0,-6.215348,-5.523423,4.924873,0.18570304,0.05131268,-0.05375614
1958.0,-6.1650696,-5.5760956,4.9559975,0.22113322,0.04642576,-0.059864793
1967.0,-6.1507044,-5.595249,4.915296,0.26389378,0.04153884,-0.05497787
1977.0,-6.131551,-5.3606176,4.793192,0.27000242,0.042760566,-0.047647487
1986.0,-6.1123967,-5.3342814,4.7524905,0.21013765,0.043982297,-0.04886922
1999.0,-5.9424086,-5.3127337,4.6399627,0.10262536,0.05497787,-0.062308256
2007.0,-5.949591,-5.422867,4.7046065,0.008552114,0.07819075,-0.0842994
2019.0,-6.0142345,-5.686229,4.9081135,-0.028099801,0.095294975,-0.10140363
2027.0,-6.0836663,-5.877765,4.84347,0.0036651916,0.096516706,-0.09773844
2040.0,-6.157887,-5.93762,4.9081135,0.08674286,0.08674286,-0.07452556
2067.0,-6.191406,-6.007052,4.8817773,0.18570304,0.07696902,-0.052534413
2067.0,-6.1938,-5.791574,4.831499,0.2687807,0.058643065,-0.034208454
2067.0,-5.98311,-5.710171,4.6471453,0.29932398,0.047647487,-0.017104227
2076.0,-5.9543796,-5.710171,4.6255975,0.26511553,0.047647487,-0.013439035
2085.0,-5.949591,-5.542577,4.7141833,0.19547687,0.04886922,-0.02321288
2095.0,-5.959168,-5.463568,4.72376,0.13683382,0.056199603,-0.035430185
2107.0,-6.0764837,-5.583278,4.76925,0.11362094,0.057421334,-0.032986723
2116.0,-6.2105594,-5.6646814,4.867412,0.11728613,0.05009095,-0.019547688
2125.0,-6.1626754,-5.722142,4.9081135,0.14538592,0.036651913,0.0
2137.0,-6.0860605,-5.686229,4.9320555,0.1881465,0.03176499,0.017104227
2145.0,-6.0381765,-5.580884,4.9823337,0.23579398,0.02321288,0.034208454
2156.0,-5.98311,-5.482722,4.9823337,0.26389378,0.021991149,0.05375614
2167.0,-5.9543796,-5.568913,4.9823337,0.2602286,0.02321288,0.06352998
2179.0,-5.9902925,-5.4204726,4.891354,0.23701571,0.030543262,0.064751714
2189.0,-6.0645127,-5.3965306,4.891354,0.21868975,0.029321533,0.06963864
2198.0,-6.227319,-5.353435,4.9296613,0.2003638,0.02687807,0.089186326
2208.0,-6.1890116,-5.3438582,4.9679685,0.18692477,0.015882496,0.118507855
2218.0,-6.2632318,-5.2600613,5.109226,0.18325958,0.0036651916,0.14049901
2225.0,-6.229713,-5.451597,5.1020436,0.204029,0.0061086523,0.15760323
2238.0,-6.1530986,-5.4204726,5.023035,0.204029,0.0061086523,0.15760323
2245.0,-6.2991447,-5.2744265,4.960786,0.21746802,0.018325957,0.16982053
2256.0,-6.3182983,-5.116409,4.9536033,0.19425514,0.014660766,0.18570304
2267.0,-6.3470287,-4.9655743,5.032612,0.119729586,0.02076942,0.19547687
2278.0,-6.2704144,-4.876989,4.9775453,-0.04886922,0.042760566,0.16615535
2289.0,-6.397307,-4.807557,4.8961425,-0.08307768,0.059864793,0.13316862
2299.0,-6.50744,-4.795586,4.924873,-0.0720821,0.06352998,0.096516706
2309.0,-6.3925185,-4.7548847,4.8267107,-0.029321533,0.06352998,0.05375614
2318.0,-6.3446345,-4.915296,4.9296613,0.013439035,0.064751714,-0.004886922
2328.0,-6.349423,-5.070919,4.891354,0.056199603,0.0720821,-0.07941248
2340.0,-6.4667387,-5.023035,4.9823337,0.12095132,0.0720821,-0.14660765
2347.0,-6.457162,-5.12838,4.8362875,0.19303341,0.06352998,-0.17592919
2358.0,-6.289568,-5.023035,4.721366,0.22968534,0.05009095,-0.16615535
2367.0,-6.145916,-4.853047,4.642357,0.2003638,0.047647487,-0.14782938
2379.0,-5.9400144,-4.7860093,4.63278,0.095294975,0.056199603,-0.15027285
2389.0,-5.93762,-4.8267107,4.6351743,-0.032986723,0.07574729,-0.17470746
2397.0,-5.9567738,-5.0397944,4.7309427,-0.112399206,0.089186326,-0.20280726
2409.0,-6.0597243,-5.3342814,4.8985367,-0.111177474,0.07819075,-0.21135938
2419.0,-6.129156,-5.5018754,4.9823337,-0.043982297,0.058643065,-0.18936823
2428.0,-6.0764837,-5.485116,4.9464207,0.056199603,0.02321288,-0.14905111
2441.0,-5.973533,-5.353435,4.972757,0.13805555,0.007330383,-0.111177474
2448.0,-5.8945246,-5.133168,4.8937483,0.1600467,0.0012217305,-0.089186326
2459.0,-5.9424086,-5.1259856,4.8817773,0.09285152,0.007330383,-0.080634214
2468.0,-6.0262055,-5.1475334,4.867412,-0.02565634,0.012217305,-0.07819075
2479.0,-6.1100025,-5.3342814,4.9703627,-0.11362094,0.012217305,-0.07086037
2487.0,-6.172252,-5.5641246,5.17387,-0.118507855,0.0036651916,-0.05375614
2497.0,-6.184223,-5.659893,5.2121773,-0.05009095,-0.008552114,-0.02443461
2507.0,-6.2464724,-5.7365074,5.195418,0.04886922,-0.019547688,0.009773844
2520.0,-6.2105594,-5.583278,5.207389,0.13439035,-0.030543262,0.040317107
2528.0,-6.205771,-5.3965306,5.2265425,0.172264,-0.040317107,0.057421334
2538.0,-6.2584434,-5.267244,5.2361193,0.15515977,-0.04642576,0.05375614
2546.0,-6.191406,-5.3007627,5.183447,0.10629055,-0.036651913,0.032986723
2558.0,-6.2345014,-5.374983,5.2528787,0.06352998,-0.021991149,0.013439035
2568.0,-6.2368956,-5.2528787,5.255273,0.061086524,-0.0061086523,0.0061086523
2579.0,-6.315904,-5.434838,5.291186,0.07452556,0.0,0.0061086523
2588.0,-6.3781533,-5.499481,5.374983,0.07941248,0.002443461,0.008552114
2600.0,-6.279991,-5.363012,5.410896,0.09407325,0.007330383,0.012217305
2607.0,-6.303933,-5.1906295,5.401319,0.11484267,0.018325957,0.012217305
2617.0,-6.4188547,-5.109226,5.379771,0.111177474,0.029321533,0.013439035
2628.0,-6.3087215,-5.245696,5.317522,0.06719518,0.039095376,0.009773844
2638.0,-6.2584434,-5.2600613,5.2863975,0.02321288,0.047647487,0.0061086523
2648.0,-6.208165,-5.353435,5.2887917,0.0012217305,0.05497787,0.0061086523
2660.0,-6.2009826,-5.317522,5.317522,-0.0036651916,0.06352998,0.013439035
2669.0,-6.191406,-5.351041,5.3486466,0.004886922,0.062308256,0.032986723
2679.0,-6.2608376,-5.2720323,5.3223104,0.02076942,0.05497787,0.062308256
2688.0,-6.1866174,-5.1690817,5.3223104,0.043982297,0.047647487,0.087964594
2697.0,-6.157887,-5.085284,5.3247046,0.06352998,0.039095376,0.09896017
2708.0,-6.1866174,-5.035006,5.3247046,0.07452556,0.039095376,0.09285152
2718.0,-6.205771,-5.0421886,5.2624555,0.07574729,0.042760566,0.07819075
2727.0,-6.0764837,-5.1259856,5.257667,0.080634214,0.04520403,0.065973446
2739.0,-6.05733,-5.118803,5.255273,0.089186326,0.05375614,0.06352998
2748.0,-6.090849,-5.0134583,5.2744265,0.089186326,0.06963864,0.065973446
2759.0,-6.136339,-4.936844,5.315128,0.06963864,0.08307768,0.06963864
2768.0,-6.181829,-4.8698063,5.2768207,0.03176499,0.0842994,0.07452556
2780.0,-6.160281,-4.8506527,5.279215,-0.004886922,0.095294975,0.073303826
2788.0,-6.232107,-4.8698063,5.2720323,-0.014660766,0.1001819,0.06352998
2797.0,-6.2632318,-4.865018,5.2480903,0.004886922,0.105068825,0.04886922
2808.0,-6.3326635,-4.84347,5.2145715,0.035430185,0.096516706,0.035430185
2817.0,-6.2608376,-4.865018,5.2169657,0.06841691,0.09773844,0.02321288
2827.0,-6.291962,-4.759673,5.1882353,0.09285152,0.10140363,0.0036651916
2842.0,-6.2967505,-4.72376,5.011064,0.09285152,0.10873401,-0.02076942
2847.0,-6.227319,-4.8243165,4.924873,0.06963864,0.10995574,-0.035430185
2858.0,-6.217742,-4.735731,4.9320555,0.029321533,0.11484267,-0.030543262
2869.0,-6.179435,-4.711789,4.829105,-0.03176499,0.12339478,-0.021991149
2880.0,-6.220136,-4.831499,4.865018,-0.11362094,0.12950343,-0.019547688
2889.0,-6.181829,-4.891354,4.915296,-0.18081611,0.13072516,-0.03176499
2900.0,-6.3063273,-5.0421886,4.9655743,-0.204029,0.1282817,-0.04520403
2909.0,-6.244078,-5.17387,4.9775453,-0.16126843,0.12339478,-0.04886922
2920.0,-6.3111157,-5.315128,4.9320555,-0.06963864,0.11484267,-0.043982297
2929.0,-6.325481,-5.3462524,4.903325,0.02565634,0.096516706,-0.030543262
2940.0,-6.3182983,-5.2600613,4.72376,0.08552113,0.07696902,-0.007330383
2949.0,-6.160281,-5.0278234,4.699818,0.08552113,0.06352998,0.018325957
2958.0,-6.1746464,-4.855441,4.5896845,0.015882496,0.058643065,0.036651913
2969.0,-6.256049,-4.879383,4.6040497,-0.095294975,0.059864793,0.040317107
2978.0,-6.256049,-4.9081135,4.673482,-0.18936823,0.06352998,0.036651913
2988.0,-6.2991447,-5.2600613,4.7022123,-0.20525073,0.056199603,0.035430185
2998.0,-6.3326635,-5.3821654,4.8219223,-0.12950343,0.04520403,0.043982297
